2017.06.21 07:00:00.622,1.04615,1.04635,1.50,1.00
2017.06.21 07:00:00.776,1.04615,1.04637,1.50,1.00
2017.06.21 07:00:00.827,1.04615,1.04635,1.50,1.00
2017.06.21 07:00:01.379,1.04614,1.04635,1.00,1.00
2017.06.21 07:00:01.925,1.04614,1.04634,1.00,1.00
2017.06.21 07:00:02.128,1.04612,1.04634,2.25,1.00
2017.06.21 07:00:02.633,1.04613,1.04634,1.50,1.00
2017.06.21 07:00:03.154,1.04613,1.04635,1.50,1.00
2017.06.21 07:00:03.672,1.04612,1.04635,2.25,1.00
2017.06.21 07:00:04.183,1.04613,1.04634,1.50,1.00
2017.06.21 07:00:04.705,1.04612,1.04633,2.25,1.00
2017.06.21 07:00:10.882,1.04611,1.04633,2.25,1.00
2017.06.21 07:00:11.977,1.04611,1.04634,1.00,1.50
2017.06.21 07:00:12.266,1.04611,1.04631,1.00,1.00
2017.06.21 07:00:12.317,1.04609,1.04631,1.00,1.00
2017.06.21 07:00:12.469,1.04607,1.04632,1.50,1.50
2017.06.21 07:00:14.225,1.04605,1.0463,1.12,1.00
2017.06.21 07:00:14.727,1.04609,1.04632,1.00,1.00
2017.06.21 07:00:19.924,1.04609,1.04631,1.00,1.00
2017.06.21 07:00:19.976,1.04607,1.0463,1.00,1.00
2017.06.21 07:00:20.027,1.04605,1.0463,1.00,1.00
2017.06.21 07:00:20.546,1.04605,1.04629,1.00,1.00
2017.06.21 07:00:21.190,1.04605,1.0463,1.00,1.00
2017.06.21 07:00:21.597,1.04607,1.0463,1.00,1.00
2017.06.21 07:00:30.330,1.04609,1.04632,1.00,1.50
2017.06.21 07:00:30.382,1.04607,1.04632,1.50,1.00
2017.06.21 07:00:30.433,1.04608,1.04632,1.37,1.00
2017.06.21 07:00:30.688,1.04605,1.04631,1.00,1.50
2017.06.21 07:00:30.985,1.04604,1.04627,1.50,1.00
2017.06.21 07:00:31.628,1.04606,1.04627,1.00,1.00
2017.06.21 07:00:31.679,1.04604,1.04626,1.50,1.00
2017.06.21 07:00:32.026,1.04604,1.04629,1.00,2.62
2017.06.21 07:00:32.563,1.04604,1.04628,1.00,1.00
2017.06.21 07:00:33.129,1.04604,1.04627,1.12,1.00
2017.06.21 07:00:34.079,1.04604,1.04628,1.12,1.50
2017.06.21 07:00:37.387,1.04603,1.04628,1.00,2.25
2017.06.21 07:00:37.686,1.04606,1.04628,1.00,1.00
2017.06.21 07:00:38.250,1.04606,1.04629,1.00,1.00
2017.06.21 07:00:41.340,1.04606,1.04628,1.00,1.00
2017.06.21 07:00:41.890,1.04605,1.04627,1.00,1.00
2017.06.21 07:00:44.926,1.04605,1.04628,1.00,1.00
2017.06.21 07:00:45.701,1.04605,1.04627,1.00,1.00
2017.06.21 07:00:47.286,1.04605,1.04629,1.00,1.50
2017.06.21 07:00:48.232,1.04604,1.04629,1.12,1.50
2017.06.21 07:00:50.853,1.04604,1.04628,1.12,1.00
2017.06.21 07:00:53.825,1.04603,1.04628,1.87,1.00
2017.06.21 07:00:55.108,1.04603,1.04627,1.87,1.00
2017.06.21 07:00:55.419,1.04605,1.04627,1.00,1.00
2017.06.21 07:00:57.041,1.04605,1.04628,1.00,1.50
2017.06.21 07:00:57.622,1.04604,1.04627,1.00,1.00
2017.06.21 07:00:58.360,1.04604,1.04626,1.00,1.00
2017.06.21 07:01:02.212,1.04604,1.04627,1.00,1.00
2017.06.21 07:01:11.112,1.04603,1.04627,1.12,1.00
2017.06.21 07:01:11.416,1.04602,1.04625,2.25,1.00
2017.06.21 07:01:13.064,1.04602,1.04623,1.00,1.00
2017.06.21 07:01:13.773,1.04601,1.04623,2.25,1.00
2017.06.21 07:01:14.562,1.04602,1.04623,1.00,1.00
2017.06.21 07:01:20.088,1.04601,1.04623,1.50,1.00
2017.06.21 07:01:20.780,1.04602,1.04623,1.00,1.00
2017.06.21 07:01:21.436,1.04603,1.04623,1.00,1.00
2017.06.21 07:01:21.813,1.04603,1.04624,2.25,1.50
2017.06.21 07:01:30.896,1.04602,1.04623,1.75,1.00
2017.06.21 07:01:30.999,1.04601,1.04624,3.00,1.50
2017.06.21 07:01:31.513,1.04601,1.04623,1.75,1.00
2017.06.21 07:01:32.054,1.04601,1.04624,2.25,1.00
2017.06.21 07:01:33.443,1.04601,1.04625,1.75,1.50
2017.06.21 07:01:33.494,1.046,1.04623,2.62,1.00
2017.06.21 07:01:33.826,1.04598,1.04623,2.25,2.25
2017.06.21 07:01:33.877,1.04598,1.04621,2.25,1.00
2017.06.21 07:01:34.394,1.04599,1.04621,1.00,1.00
2017.06.21 07:01:34.923,1.04599,1.04623,1.00,3.00
2017.06.21 07:01:35.113,1.046,1.04621,1.00,1.00
2017.06.21 07:01:35.932,1.04599,1.04621,1.00,1.00
2017.06.21 07:01:36.436,1.04599,1.04622,1.00,1.50
2017.06.21 07:01:38.985,1.046,1.04622,1.00,1.00
2017.06.21 07:01:39.491,1.04599,1.04622,1.00,1.50
2017.06.21 07:01:41.291,1.04598,1.04622,1.00,1.50
2017.06.21 07:01:42.149,1.04601,1.04622,1.00,2.25
2017.06.21 07:01:43.050,1.046,1.04622,1.00,1.00
2017.06.21 07:01:43.847,1.04598,1.04623,2.25,1.50
2017.06.21 07:01:44.885,1.04597,1.04621,1.12,1.00
2017.06.21 07:01:45.253,1.04596,1.04619,1.37,1.00
2017.06.21 07:01:45.768,1.04596,1.0462,1.37,1.00
2017.06.21 07:01:46.684,1.04596,1.04619,1.37,1.00
2017.06.21 07:01:48.737,1.04596,1.0462,1.87,1.00
2017.06.21 07:01:51.997,1.04597,1.04621,1.31,1.50
2017.06.21 07:01:52.746,1.04597,1.0462,1.12,1.00
2017.06.21 07:01:53.052,1.04602,1.04623,1.00,1.00
2017.06.21 07:01:53.326,1.04599,1.04623,2.62,1.00
2017.06.21 07:01:53.834,1.04599,1.04622,4.05,1.00
2017.06.21 07:01:56.310,1.04599,1.04621,3.30,1.00
2017.06.21 07:01:56.412,1.04601,1.04622,1.00,1.00
2017.06.21 07:01:56.980,1.04601,1.04623,1.00,1.50
2017.06.21 07:01:57.496,1.04601,1.04624,1.00,1.00
2017.06.21 07:01:58.132,1.04601,1.04623,1.00,1.00
2017.06.21 07:02:02.116,1.046,1.04623,1.31,1.00
2017.06.21 07:02:02.680,1.04601,1.04623,1.00,1.00
2017.06.21 07:02:03.220,1.04601,1.04624,1.00,1.00
2017.06.21 07:02:04.593,1.04601,1.04623,1.00,1.00
2017.06.21 07:02:07.686,1.046,1.04623,1.87,1.50
2017.06.21 07:02:08.791,1.04601,1.04623,1.00,1.00
2017.06.21 07:02:09.482,1.046,1.04623,1.87,1.00
2017.06.21 07:02:09.994,1.04601,1.04624,2.25,1.00
2017.06.21 07:02:10.299,1.04603,1.04626,1.50,1.50
2017.06.21 07:02:10.806,1.04606,1.04628,1.00,2.25
2017.06.21 07:02:11.315,1.04606,1.04629,1.00,1.50
2017.06.21 07:02:11.662,1.04603,1.04628,4.50,1.50
2017.06.21 07:02:12.197,1.04606,1.04629,1.00,1.50
2017.06.21 07:02:12.540,1.04606,1.0463,2.25,1.50
2017.06.21 07:02:13.049,1.04605,1.04631,3.00,1.50
2017.06.21 07:02:13.816,1.04606,1.0463,1.75,1.00
2017.06.21 07:02:16.199,1.04606,1.04631,1.75,1.50
2017.06.21 07:02:17.449,1.04606,1.0463,1.75,1.00
2017.06.21 07:02:17.996,1.04606,1.04629,1.75,1.00
2017.06.21 07:02:18.769,1.04606,1.04631,1.75,2.25
2017.06.21 07:02:24.146,1.04606,1.0463,2.25,1.00
2017.06.21 07:02:24.672,1.04607,1.04631,1.50,1.50
2017.06.21 07:02:25.316,1.04606,1.0463,1.75,1.00
2017.06.21 07:02:25.995,1.04606,1.04627,1.75,1.00
2017.06.21 07:02:26.302,1.04599,1.04623,3.00,1.00
2017.06.21 07:02:35.238,1.04599,1.04625,3.00,1.00
2017.06.21 07:02:35.784,1.04601,1.04625,1.25,1.50
2017.06.21 07:02:36.386,1.046,1.04625,1.31,1.00
2017.06.21 07:02:37.038,1.04601,1.04625,1.50,1.00
2017.06.21 07:02:37.552,1.046,1.04625,2.06,1.00
2017.06.21 07:02:38.074,1.04601,1.04625,1.25,1.00
2017.06.21 07:02:38.623,1.04601,1.04624,1.00,1.00
2017.06.21 07:02:39.622,1.046,1.04622,1.31,1.00
2017.06.21 07:02:40.465,1.04599,1.04622,3.94,1.00
2017.06.21 07:02:40.975,1.04599,1.04621,3.94,1.00
2017.06.21 07:02:42.394,1.046,1.04621,1.31,1.00
2017.06.21 07:02:42.953,1.04599,1.04621,2.44,1.00
2017.06.21 07:02:44.167,1.046,1.04622,1.12,1.50
2017.06.21 07:02:44.690,1.04597,1.04622,3.94,1.00
2017.06.21 07:02:46.277,1.04597,1.04621,3.94,1.00
2017.06.21 07:02:55.400,1.04597,1.0462,2.44,1.00
2017.06.21 07:02:56.756,1.04597,1.04621,3.94,1.50
2017.06.21 07:02:57.610,1.04598,1.04622,1.37,1.50
2017.06.21 07:02:59.073,1.046,1.04622,1.00,1.50
2017.06.21 07:02:59.752,1.046,1.04621,1.00,1.00
2017.06.21 07:03:00.217,1.04598,1.04621,1.25,1.00
2017.06.21 07:03:00.320,1.04602,1.04624,1.00,2.25
2017.06.21 07:03:00.525,1.04602,1.04627,1.37,1.50
2017.06.21 07:03:01.150,1.04602,1.04626,1.75,1.00
2017.06.21 07:03:01.670,1.04601,1.04627,1.75,2.25
2017.06.21 07:03:01.721,1.04602,1.04625,1.75,1.00
2017.06.21 07:03:02.235,1.04601,1.04626,2.25,1.50
2017.06.21 07:03:03.715,1.04604,1.04627,2.25,1.00
2017.06.21 07:03:04.314,1.04605,1.04628,1.12,1.50
2017.06.21 07:03:04.653,1.04607,1.04629,1.00,1.00
2017.06.21 07:03:04.960,1.04606,1.04627,1.00,1.00
2017.06.21 07:03:05.571,1.04605,1.04627,1.12,1.00
2017.06.21 07:03:07.225,1.04606,1.04627,1.00,1.00
2017.06.21 07:03:07.695,1.04601,1.04625,1.75,1.50
2017.06.21 07:03:07.798,1.04596,1.04621,2.62,1.12
2017.06.21 07:03:07.850,1.04596,1.04619,2.62,1.00
2017.06.21 07:03:08.241,1.04594,1.04617,1.75,1.00
2017.06.21 07:03:08.343,1.04595,1.04619,1.50,1.50
2017.06.21 07:03:08.882,1.04595,1.04618,1.50,1.00
2017.06.21 07:03:09.422,1.04594,1.04619,1.75,1.50
2017.06.21 07:03:13.386,1.04596,1.04618,1.37,1.00
2017.06.21 07:03:13.897,1.04596,1.04619,2.81,1.50
2017.06.21 07:03:14.050,1.04596,1.04621,2.62,2.25
2017.06.21 07:03:14.831,1.04596,1.0462,1.87,1.00
2017.06.21 07:03:15.354,1.04596,1.04619,1.87,1.00
2017.06.21 07:03:15.927,1.04596,1.0462,1.87,2.25
2017.06.21 07:03:16.139,1.04596,1.04618,1.87,1.00
2017.06.21 07:03:17.152,1.04596,1.04619,1.87,1.00
2017.06.21 07:03:18.401,1.04596,1.04618,1.37,1.00
2017.06.21 07:03:18.958,1.04596,1.04619,1.37,1.00
2017.06.21 07:03:19.570,1.04596,1.04618,1.37,1.00
2017.06.21 07:03:20.531,1.04596,1.04619,1.37,1.00
2017.06.21 07:03:23.205,1.04596,1.04618,1.37,1.00
2017.06.21 07:03:23.769,1.04595,1.04617,1.50,1.00
2017.06.21 07:03:25.123,1.04595,1.04618,2.25,1.50
2017.06.21 07:03:26.233,1.04595,1.04618,2.25,1.00
2017.06.21 07:03:27.715,1.04597,1.04618,1.00,1.00
2017.06.21 07:03:28.250,1.04596,1.04618,1.12,1.00
2017.06.21 07:03:28.964,1.04595,1.04619,1.87,1.50
2017.06.21 07:03:29.467,1.04595,1.04618,2.06,1.00
2017.06.21 07:03:31.431,1.04595,1.04619,1.87,1.00
2017.06.21 07:03:32.047,1.04596,1.04618,1.12,1.00
2017.06.21 07:03:32.667,1.04595,1.04619,1.37,1.50
2017.06.21 07:03:33.175,1.04597,1.04618,1.00,1.00
2017.06.21 07:03:33.720,1.04596,1.04618,1.12,1.00
2017.06.21 07:03:34.256,1.04596,1.04619,1.87,1.50
2017.06.21 07:03:34.616,1.04598,1.0462,1.00,1.00
2017.06.21 07:03:34.667,1.04595,1.0462,2.62,1.00
2017.06.21 07:03:34.925,1.04596,1.04618,1.87,1.00
2017.06.21 07:03:35.245,1.04596,1.0462,1.12,1.50
2017.06.21 07:03:35.296,1.04596,1.04618,1.12,1.00
2017.06.21 07:03:35.449,1.04596,1.0462,1.87,2.25
2017.06.21 07:03:35.916,1.04596,1.04618,1.87,1.00
2017.06.21 07:03:36.908,1.04596,1.04619,1.12,1.00
2017.06.21 07:03:37.458,1.04597,1.04619,1.00,1.00
2017.06.21 07:03:37.966,1.04597,1.0462,1.00,1.00
2017.06.21 07:03:38.470,1.04596,1.04619,1.12,1.00
2017.06.21 07:03:39.084,1.04596,1.0462,1.12,1.50
2017.06.21 07:03:39.595,1.04597,1.04621,1.00,1.50
2017.06.21 07:03:40.212,1.04597,1.0462,1.00,1.00
2017.06.21 07:03:40.826,1.04596,1.04619,1.12,1.00
2017.06.21 07:03:41.623,1.04596,1.0462,1.12,1.50
2017.06.21 07:03:42.131,1.04596,1.04619,1.12,1.00
2017.06.21 07:03:42.699,1.04596,1.0462,1.12,1.00
2017.06.21 07:03:43.207,1.04596,1.04619,1.87,1.00
2017.06.21 07:03:43.433,1.04596,1.04621,1.87,1.50
2017.06.21 07:03:43.944,1.04596,1.0462,1.87,1.00
2017.06.21 07:03:44.553,1.04596,1.04619,1.12,1.00
2017.06.21 07:03:45.184,1.04596,1.0462,1.87,1.00
2017.06.21 07:03:45.693,1.04596,1.04619,1.12,1.00
2017.06.21 07:03:46.201,1.04596,1.0462,1.12,1.00
2017.06.21 07:03:47.728,1.04596,1.04621,1.00,1.00
2017.06.21 07:03:48.273,1.04595,1.0462,2.44,1.50
2017.06.21 07:03:49.047,1.04596,1.0462,1.00,1.50
2017.06.21 07:03:49.867,1.04595,1.0462,2.81,1.50
2017.06.21 07:03:50.019,1.04598,1.0462,1.00,1.00
2017.06.21 07:03:50.070,1.04596,1.0462,1.00,1.00
2017.06.21 07:03:50.325,1.04598,1.0462,1.00,1.00
2017.06.21 07:03:50.544,1.04596,1.0462,1.12,1.00
2017.06.21 07:03:51.243,1.04595,1.0462,2.06,1.50
2017.06.21 07:03:51.765,1.04595,1.04619,1.31,1.00
2017.06.21 07:03:52.279,1.04596,1.0462,1.00,1.50
2017.06.21 07:03:52.787,1.04595,1.04619,1.00,1.00
2017.06.21 07:03:53.300,1.04595,1.0462,2.25,1.00
2017.06.21 07:03:53.807,1.04596,1.0462,1.00,1.00
2017.06.21 07:03:54.357,1.04596,1.04619,1.50,1.00
2017.06.21 07:03:54.865,1.04597,1.04619,1.00,1.00
2017.06.21 07:03:55.383,1.04596,1.04619,1.50,1.00
2017.06.21 07:03:55.705,1.04596,1.04621,2.25,1.50
2017.06.21 07:03:56.215,1.04596,1.0462,2.25,1.00
2017.06.21 07:03:56.723,1.04596,1.04621,2.25,1.50
2017.06.21 07:03:56.893,1.04598,1.04621,1.00,1.00
2017.06.21 07:03:57.403,1.04598,1.0462,1.00,1.00
2017.06.21 07:03:58.636,1.04598,1.04622,1.00,1.50
2017.06.21 07:03:58.992,1.04603,1.04624,1.50,1.12
2017.06.21 07:03:59.144,1.04604,1.04627,1.00,1.00
2017.06.21 07:03:59.664,1.04604,1.04626,1.00,1.00
2017.06.21 07:04:00.307,1.04604,1.04625,1.00,1.00
2017.06.21 07:04:01.242,1.04604,1.04626,1.00,1.00
2017.06.21 07:04:03.416,1.04604,1.04625,1.00,1.00
2017.06.21 07:04:04.484,1.04604,1.04627,1.00,1.50
2017.06.21 07:04:04.926,1.04604,1.04625,1.00,1.00
2017.06.21 07:04:05.078,1.04602,1.04625,1.00,1.00
2017.06.21 07:04:05.588,1.04601,1.04624,1.12,1.00
2017.06.21 07:04:06.415,1.04601,1.04623,1.12,1.00
2017.06.21 07:04:07.307,1.04601,1.04624,1.12,1.50
2017.06.21 07:04:10.659,1.04603,1.04626,1.00,1.50
2017.06.21 07:04:10.964,1.04603,1.04626,1.50,1.00
2017.06.21 07:04:15.793,1.04604,1.04627,1.37,1.50
2017.06.21 07:04:16.643,1.04604,1.04628,1.37,1.00
2017.06.21 07:04:17.151,1.04606,1.04628,1.00,1.00
2017.06.21 07:04:17.745,1.04605,1.04628,1.12,1.00
2017.06.21 07:04:18.305,1.04605,1.04629,1.12,1.50
2017.06.21 07:04:18.830,1.04605,1.04628,1.12,1.00
2017.06.21 07:04:20.677,1.04605,1.04629,1.12,1.50
2017.06.21 07:04:21.559,1.04605,1.04628,1.50,1.00
2017.06.21 07:04:21.892,1.04608,1.04628,1.00,1.00
2017.06.21 07:04:28.963,1.04608,1.04629,1.00,2.25
2017.06.21 07:04:29.476,1.04608,1.04628,1.00,1.00
2017.06.21 07:04:31.708,1.04607,1.04628,1.00,2.62
2017.06.21 07:04:31.911,1.04601,1.04623,1.00,1.12
2017.06.21 07:04:32.103,1.046,1.04621,1.00,1.00
2017.06.21 07:04:32.901,1.04599,1.0462,1.00,1.00
2017.06.21 07:04:33.251,1.04603,1.04623,1.00,1.50
2017.06.21 07:04:33.451,1.046,1.04625,2.25,1.50
2017.06.21 07:04:33.502,1.046,1.04621,1.00,1.00
2017.06.21 07:04:34.021,1.04599,1.04621,1.00,2.25
2017.06.21 07:04:34.533,1.046,1.04621,1.00,1.00
2017.06.21 07:04:35.052,1.04601,1.04622,1.00,1.00
2017.06.21 07:04:36.102,1.04601,1.04621,1.00,1.00
2017.06.21 07:04:37.083,1.04601,1.04622,1.00,1.00
2017.06.21 07:04:37.793,1.046,1.04622,1.00,1.00
2017.06.21 07:04:38.379,1.04599,1.04621,1.00,1.50
2017.06.21 07:04:43.259,1.04599,1.04623,1.00,2.25
2017.06.21 07:04:44.441,1.04599,1.04621,1.00,1.00
2017.06.21 07:04:45.433,1.04599,1.04622,1.00,1.87
2017.06.21 07:04:45.846,1.04598,1.04619,1.00,1.00
2017.06.21 07:04:46.602,1.04598,1.0462,1.00,1.00
2017.06.21 07:04:46.704,1.04599,1.04622,1.00,1.50
2017.06.21 07:04:47.239,1.04599,1.04621,1.00,1.00
2017.06.21 07:04:47.897,1.04599,1.04622,1.00,1.50
2017.06.21 07:04:48.357,1.04599,1.04621,1.50,1.00
2017.06.21 07:04:48.868,1.04599,1.04622,1.50,1.00
2017.06.21 07:04:51.634,1.046,1.04623,1.37,1.50
2017.06.21 07:04:52.144,1.046,1.04622,1.37,1.00
2017.06.21 07:04:52.642,1.046,1.04624,1.37,1.50
2017.06.21 07:04:54.012,1.046,1.04622,1.37,1.00
2017.06.21 07:04:55.048,1.046,1.04623,1.37,1.00
2017.06.21 07:04:55.640,1.046,1.04622,1.37,1.00
2017.06.21 07:04:57.730,1.04598,1.04621,3.75,1.00
2017.06.21 07:04:57.832,1.04598,1.04623,1.75,1.50
2017.06.21 07:04:58.417,1.04597,1.04622,3.00,1.50
2017.06.21 07:04:59.259,1.04598,1.04623,1.75,2.25
2017.06.21 07:04:59.765,1.04601,1.04622,1.12,1.00
2017.06.21 07:05:00.220,1.046,1.0462,1.37,1.50
2017.06.21 07:05:00.551,1.04598,1.04618,1.00,1.00
2017.06.21 07:05:00.919,1.04599,1.0462,1.00,1.00
2017.06.21 07:05:00.970,1.04601,1.0462,1.00,1.00
2017.06.21 07:05:01.021,1.04601,1.04622,1.00,1.00
2017.06.21 07:05:01.123,1.04602,1.04624,1.00,1.50
2017.06.21 07:05:01.174,1.04604,1.04624,1.00,1.50
2017.06.21 07:05:01.713,1.04604,1.04623,1.00,1.00
2017.06.21 07:05:02.223,1.04604,1.04624,1.00,1.50
2017.06.21 07:05:03.345,1.04605,1.04625,1.00,1.00
2017.06.21 07:05:04.236,1.04605,1.04626,1.00,1.50
2017.06.21 07:05:04.784,1.04606,1.04625,1.00,1.00
2017.06.21 07:05:05.920,1.04606,1.04624,1.00,1.00
2017.06.21 07:05:06.427,1.04606,1.04625,1.00,1.00
2017.06.21 07:05:08.120,1.04606,1.04624,1.00,1.00
2017.06.21 07:05:08.819,1.04606,1.04626,1.00,1.50
2017.06.21 07:05:09.721,1.04606,1.04625,1.00,1.00
2017.06.21 07:05:10.948,1.04606,1.04626,1.00,1.50
2017.06.21 07:05:11.550,1.04606,1.04625,1.00,1.00
2017.06.21 07:05:12.311,1.04606,1.04627,1.00,1.50
2017.06.21 07:05:12.827,1.04607,1.04626,1.00,1.00
2017.06.21 07:05:13.427,1.04607,1.04625,1.00,1.00
2017.06.21 07:05:16.935,1.04607,1.04626,1.00,1.00
2017.06.21 07:05:17.218,1.04605,1.04623,1.00,1.00
2017.06.21 07:05:17.321,1.04605,1.04625,1.00,1.50
2017.06.21 07:05:17.628,1.04607,1.04626,1.00,1.00
2017.06.21 07:05:18.378,1.04607,1.04625,1.00,1.00
2017.06.21 07:05:19.040,1.04607,1.04626,1.00,1.00
2017.06.21 07:05:20.284,1.04607,1.04625,1.00,1.00
2017.06.21 07:05:20.335,1.04607,1.04627,1.00,1.50
2017.06.21 07:05:20.539,1.04607,1.04625,1.00,1.50
2017.06.21 07:05:22.491,1.04607,1.04626,1.00,1.00
2017.06.21 07:05:23.021,1.04607,1.04627,1.00,1.50
2017.06.21 07:05:23.225,1.04604,1.04627,1.87,1.00
2017.06.21 07:05:23.276,1.04608,1.04627,1.00,1.12
2017.06.21 07:05:23.328,1.04606,1.04627,1.00,1.87
2017.06.21 07:05:23.430,1.04602,1.04623,2.25,1.00
2017.06.21 07:05:23.533,1.04602,1.04621,1.00,1.50
2017.06.21 07:05:23.790,1.046,1.0462,1.50,1.50
2017.06.21 07:05:24.479,1.046,1.04619,1.00,1.00
2017.06.21 07:05:24.987,1.046,1.04618,1.00,1.00
2017.06.21 07:05:25.039,1.046,1.0462,1.00,1.50
2017.06.21 07:05:25.582,1.046,1.04622,1.50,3.37
2017.06.21 07:05:25.787,1.04603,1.04622,1.00,3.00
2017.06.21 07:05:26.318,1.04602,1.04621,1.00,1.50
2017.06.21 07:05:27.063,1.04603,1.04621,1.00,1.50
2017.06.21 07:05:27.875,1.04603,1.04622,1.00,1.00
2017.06.21 07:05:28.211,1.046,1.04622,1.00,1.00
2017.06.21 07:05:28.314,1.046,1.04621,1.12,1.50
2017.06.21 07:05:28.417,1.04598,1.04619,1.00,1.50
2017.06.21 07:05:28.721,1.046,1.04619,1.00,1.00
2017.06.21 07:05:28.925,1.04602,1.04622,1.00,1.50
2017.06.21 07:05:29.232,1.04603,1.0462,1.00,1.00
2017.06.21 07:05:29.768,1.04601,1.0462,1.00,1.00
2017.06.21 07:05:30.301,1.046,1.04621,1.00,1.50
2017.06.21 07:05:30.884,1.046,1.0462,1.00,1.00
2017.06.21 07:05:31.809,1.046,1.04619,1.00,1.00
2017.06.21 07:05:32.931,1.046,1.0462,1.00,1.50
2017.06.21 07:05:33.728,1.046,1.04619,1.00,1.00
2017.06.21 07:05:34.240,1.046,1.04618,1.00,1.00
2017.06.21 07:05:34.875,1.046,1.04619,1.00,1.00
2017.06.21 07:05:35.129,1.046,1.04621,1.00,3.75
2017.06.21 07:05:35.641,1.04603,1.0462,1.00,1.00
2017.06.21 07:05:35.743,1.04604,1.04622,1.00,1.00
2017.06.21 07:05:36.225,1.04602,1.04621,1.00,1.00
2017.06.21 07:05:37.770,1.04602,1.04623,1.12,1.00
2017.06.21 07:05:37.821,1.04604,1.04624,1.00,1.50
2017.06.21 07:05:38.371,1.04605,1.04625,1.00,1.50
2017.06.21 07:05:39.683,1.04606,1.04625,1.00,1.00
2017.06.21 07:05:40.832,1.04606,1.04626,1.00,1.00
2017.06.21 07:05:41.698,1.04606,1.04625,1.00,1.00
2017.06.21 07:05:42.387,1.04606,1.04627,1.00,1.50
2017.06.21 07:05:42.489,1.04608,1.04627,1.00,1.50
2017.06.21 07:05:43.000,1.04609,1.04627,1.00,1.00
2017.06.21 07:05:43.503,1.04609,1.04628,1.00,1.50
2017.06.21 07:05:44.014,1.0461,1.04627,1.00,1.00
2017.06.21 07:05:44.878,1.0461,1.04628,1.00,1.50
2017.06.21 07:05:46.049,1.0461,1.04627,1.00,1.00
2017.06.21 07:05:46.833,1.04609,1.04627,1.00,1.00
2017.06.21 07:05:47.150,1.04609,1.04629,1.00,1.50
2017.06.21 07:05:47.663,1.04609,1.04628,1.00,1.00
2017.06.21 07:05:48.201,1.0461,1.04628,1.00,1.50
2017.06.21 07:05:48.939,1.0461,1.04627,1.00,1.00
2017.06.21 07:05:49.461,1.0461,1.04628,1.00,1.00
2017.06.21 07:05:50.253,1.04609,1.04628,1.00,1.50
2017.06.21 07:05:51.114,1.04609,1.04627,1.00,1.00
2017.06.21 07:05:51.605,1.04609,1.04629,1.00,1.50
2017.06.21 07:05:52.443,1.04611,1.0463,1.00,1.00
2017.06.21 07:05:53.038,1.04611,1.04629,1.00,1.00
2017.06.21 07:05:53.526,1.04611,1.04631,1.00,1.00
2017.06.21 07:05:53.628,1.04613,1.04631,1.00,1.00
2017.06.21 07:05:54.234,1.04612,1.04631,1.00,1.00
2017.06.21 07:05:57.792,1.04611,1.0463,1.00,1.00
2017.06.21 07:05:59.252,1.04612,1.0463,1.00,1.00
2017.06.21 07:05:59.456,1.0461,1.04629,1.00,1.50
2017.06.21 07:06:00.001,1.0461,1.04628,1.00,1.00
2017.06.21 07:06:00.307,1.0461,1.0463,1.00,1.50
2017.06.21 07:06:00.814,1.04611,1.0463,1.00,1.50
2017.06.21 07:06:01.321,1.04611,1.04629,1.00,1.00
2017.06.21 07:06:02.295,1.04609,1.04629,1.00,1.00
2017.06.21 07:06:02.525,1.04611,1.04631,1.00,1.00
2017.06.21 07:06:03.071,1.04611,1.0463,1.00,1.50
2017.06.21 07:06:03.440,1.04608,1.0463,1.12,1.50
2017.06.21 07:06:03.643,1.04608,1.04627,1.00,1.00
2017.06.21 07:06:04.175,1.04608,1.04628,1.00,1.50
2017.06.21 07:06:04.538,1.04607,1.04626,1.00,1.00
2017.06.21 07:06:04.844,1.04608,1.04628,1.00,1.00
2017.06.21 07:06:05.351,1.04607,1.04627,1.00,1.00
2017.06.21 07:06:05.857,1.04608,1.04628,1.00,1.00
2017.06.21 07:06:07.430,1.04608,1.04627,1.00,1.00
2017.06.21 07:06:08.330,1.04608,1.04628,1.00,1.50
2017.06.21 07:06:08.832,1.04608,1.04627,1.00,1.00
2017.06.21 07:06:09.398,1.04608,1.04626,1.00,1.00
2017.06.21 07:06:11.052,1.0461,1.04626,1.00,1.00
2017.06.21 07:06:13.123,1.0461,1.04627,1.00,1.00
2017.06.21 07:06:14.534,1.0461,1.04628,1.00,1.50
2017.06.21 07:06:16.077,1.04606,1.04624,1.00,1.00
2017.06.21 07:06:16.180,1.04604,1.04624,1.00,1.00
2017.06.21 07:06:16.231,1.04606,1.04624,1.00,1.50
2017.06.21 07:06:16.541,1.04607,1.04626,1.00,1.87
2017.06.21 07:06:16.691,1.04609,1.04626,1.00,1.87
2017.06.21 07:06:17.251,1.04608,1.04626,1.00,1.00
2017.06.21 07:06:17.756,1.04608,1.04628,1.00,1.00
2017.06.21 07:06:18.068,1.04608,1.04626,1.00,1.00
2017.06.21 07:06:18.405,1.0461,1.04626,1.00,1.00
2017.06.21 07:06:19.866,1.0461,1.04627,1.00,1.00
2017.06.21 07:06:20.176,1.04608,1.04626,1.00,1.00
2017.06.21 07:06:22.499,1.04609,1.04626,1.00,1.00
2017.06.21 07:06:22.763,1.04609,1.04628,1.00,1.50
2017.06.21 07:06:22.814,1.04611,1.04628,1.00,1.50
2017.06.21 07:06:23.388,1.0461,1.04628,1.00,1.00
2017.06.21 07:06:24.632,1.0461,1.04629,1.00,1.50
2017.06.21 07:06:25.646,1.0461,1.04628,1.00,1.00
2017.06.21 07:06:25.750,1.04611,1.0463,1.00,1.50
2017.06.21 07:06:25.852,1.04613,1.0463,1.00,1.00
2017.06.21 07:06:26.315,1.04614,1.04632,1.00,1.50
2017.06.21 07:06:26.417,1.04619,1.04633,1.00,1.00
2017.06.21 07:06:26.520,1.04622,1.04639,1.00,2.25
2017.06.21 07:06:26.869,1.0462,1.04638,1.00,2.62
2017.06.21 07:06:26.920,1.04618,1.04637,1.00,1.50
2017.06.21 07:06:27.023,1.04616,1.04635,1.00,1.00
2017.06.21 07:06:27.745,1.04617,1.04635,1.00,1.00
2017.06.21 07:06:28.955,1.04617,1.04634,1.00,1.00
2017.06.21 07:06:29.130,1.04618,1.04636,1.00,1.50
2017.06.21 07:06:29.637,1.04619,1.04636,1.00,1.00
2017.06.21 07:06:29.992,1.04619,1.04638,1.00,1.00
2017.06.21 07:06:30.493,1.0462,1.04637,1.00,1.00
2017.06.21 07:06:31.027,1.04622,1.04638,1.00,1.00
2017.06.21 07:06:31.292,1.04622,1.0464,1.00,1.00
2017.06.21 07:06:32.154,1.04622,1.04639,1.00,1.00
2017.06.21 07:06:32.684,1.04622,1.0464,1.00,1.50
2017.06.21 07:06:33.844,1.04624,1.04641,1.00,1.50
2017.06.21 07:06:35.018,1.04624,1.0464,1.00,1.00
2017.06.21 07:06:37.139,1.04623,1.0464,1.00,1.00
2017.06.21 07:06:38.017,1.04624,1.0464,1.00,1.00
2017.06.21 07:06:40.382,1.04623,1.0464,1.00,1.00
2017.06.21 07:06:40.790,1.04623,1.04642,1.00,1.50
2017.06.21 07:06:41.323,1.04623,1.04641,1.00,1.00
2017.06.21 07:06:43.358,1.04623,1.0464,1.00,1.00
2017.06.21 07:06:46.173,1.04623,1.04641,1.00,1.00
2017.06.21 07:06:46.767,1.04621,1.04639,1.00,1.00
2017.06.21 07:06:47.382,1.04623,1.04641,1.00,1.50
2017.06.21 07:06:47.898,1.04623,1.0464,1.00,1.00
2017.06.21 07:06:48.432,1.04623,1.04639,1.00,1.00
2017.06.21 07:06:49.464,1.04621,1.04639,1.00,1.50
2017.06.21 07:06:49.603,1.04623,1.04639,1.00,1.00
2017.06.21 07:06:50.259,1.04623,1.0464,1.00,1.50
2017.06.21 07:06:54.131,1.04623,1.04641,1.00,1.50
2017.06.21 07:06:56.514,1.04623,1.0464,1.00,1.00
2017.06.21 07:06:57.103,1.04622,1.0464,1.00,1.00
2017.06.21 07:06:58.493,1.04622,1.04641,1.00,1.00
2017.06.21 07:06:59.732,1.04622,1.0464,1.00,1.00
2017.06.21 07:07:00.681,1.04622,1.04639,1.00,1.00
2017.06.21 07:07:01.143,1.04619,1.04639,1.00,2.25
2017.06.21 07:07:01.248,1.04615,1.04637,1.75,1.50
2017.06.21 07:07:01.558,1.04611,1.0463,1.50,1.00
2017.06.21 07:07:01.610,1.04611,1.04629,1.00,1.00
2017.06.21 07:07:02.155,1.04611,1.0463,1.00,1.50
2017.06.21 07:07:02.358,1.0461,1.04628,1.00,1.00
2017.06.21 07:07:03.055,1.04609,1.04628,1.00,1.00
2017.06.21 07:07:03.570,1.04609,1.04627,1.00,1.50
2017.06.21 07:07:04.178,1.04609,1.04626,1.00,1.00
2017.06.21 07:07:04.724,1.04608,1.04627,1.00,1.50
2017.06.21 07:07:05.223,1.04608,1.04625,1.00,1.00
2017.06.21 07:07:07.200,1.04608,1.04626,1.00,1.50
2017.06.21 07:07:07.733,1.04608,1.04627,1.00,1.00
2017.06.21 07:07:08.093,1.04608,1.04625,1.00,1.00
2017.06.21 07:07:08.842,1.04608,1.04627,1.00,1.50
2017.06.21 07:07:09.381,1.04609,1.04628,1.00,1.00
2017.06.21 07:07:11.425,1.04609,1.04627,1.00,1.00
2017.06.21 07:07:11.476,1.0461,1.04631,1.00,3.00
2017.06.21 07:07:11.527,1.04614,1.04631,1.00,1.00
2017.06.21 07:07:11.578,1.04615,1.04634,1.00,1.50
2017.06.21 07:07:11.680,1.04618,1.04635,1.00,1.00
2017.06.21 07:07:12.533,1.04618,1.04634,1.00,1.00
2017.06.21 07:07:12.769,1.04614,1.04635,1.37,1.87
2017.06.21 07:07:12.872,1.04614,1.0463,1.00,1.00
2017.06.21 07:07:12.924,1.04612,1.0463,1.00,1.50
2017.06.21 07:07:13.432,1.04612,1.04629,1.00,1.00
2017.06.21 07:07:14.212,1.04611,1.04628,1.00,1.00
2017.06.21 07:07:15.090,1.04611,1.04629,1.00,1.00
2017.06.21 07:07:17.096,1.04611,1.04627,1.00,1.00
2017.06.21 07:07:17.629,1.0461,1.04627,1.00,1.00
2017.06.21 07:07:17.782,1.0461,1.04629,1.00,1.50
2017.06.21 07:07:18.301,1.0461,1.04628,1.00,1.50
2017.06.21 07:07:18.906,1.0461,1.04627,1.00,1.00
2017.06.21 07:07:20.327,1.0461,1.04628,1.00,1.00
2017.06.21 07:07:20.532,1.04609,1.04626,1.00,1.00
2017.06.21 07:07:21.321,1.04609,1.04627,1.00,1.00
2017.06.21 07:07:22.364,1.04609,1.04626,1.00,1.00
2017.06.21 07:07:23.511,1.04609,1.04625,1.00,1.00
2017.06.21 07:07:23.562,1.04607,1.04626,1.00,1.50
2017.06.21 07:07:23.716,1.04607,1.04623,1.00,1.00
2017.06.21 07:07:23.968,1.04606,1.04625,1.00,1.00
2017.06.21 07:07:24.528,1.04606,1.04624,1.00,1.00
2017.06.21 07:07:25.198,1.04606,1.04623,1.00,1.00
2017.06.21 07:07:27.312,1.04606,1.04624,1.00,1.00
2017.06.21 07:07:28.143,1.04605,1.04624,1.00,1.00
2017.06.21 07:07:28.195,1.04605,1.04626,1.00,1.00
2017.06.21 07:07:28.384,1.04603,1.04621,1.00,1.00
2017.06.21 07:07:29.082,1.04601,1.04621,1.00,1.00
2017.06.21 07:07:29.596,1.04602,1.04622,1.00,1.00
2017.06.21 07:07:29.648,1.04605,1.04623,1.00,1.00
2017.06.21 07:07:30.503,1.04605,1.04622,1.00,1.00
2017.06.21 07:07:31.109,1.04604,1.04622,1.00,1.00
2017.06.21 07:07:32.349,1.04604,1.04623,1.00,1.50
2017.06.21 07:07:32.502,1.04602,1.04623,1.00,1.00
2017.06.21 07:07:32.604,1.04602,1.04621,1.00,1.00
2017.06.21 07:07:34.685,1.04602,1.0462,1.00,1.50
2017.06.21 07:07:35.221,1.04601,1.04619,1.00,1.00
2017.06.21 07:07:35.719,1.04599,1.04619,1.00,1.50
2017.06.21 07:07:35.873,1.04599,1.04617,1.00,1.00
2017.06.21 07:07:36.118,1.04599,1.04619,1.00,1.50
2017.06.21 07:07:36.677,1.04599,1.04618,1.00,1.00
2017.06.21 07:07:36.728,1.04601,1.04619,1.00,1.00
2017.06.21 07:07:36.780,1.04601,1.04622,1.00,1.00
2017.06.21 07:07:36.831,1.04605,1.04623,1.00,1.00
2017.06.21 07:07:36.983,1.04606,1.04625,1.00,1.00
2017.06.21 07:07:37.511,1.04606,1.04624,1.00,1.00
2017.06.21 07:07:38.019,1.04606,1.04623,1.00,1.00
2017.06.21 07:07:38.830,1.04606,1.04622,1.00,1.00
2017.06.21 07:07:39.392,1.04606,1.04623,1.00,1.00
2017.06.21 07:07:40.244,1.04606,1.04624,1.00,1.00
2017.06.21 07:07:43.290,1.04603,1.04622,1.00,1.00
2017.06.21 07:07:43.548,1.04601,1.04621,1.00,1.50
2017.06.21 07:07:43.701,1.046,1.04619,1.00,1.00
2017.06.21 07:07:44.514,1.046,1.04618,1.00,1.00
2017.06.21 07:07:45.452,1.04599,1.04618,1.00,1.00
2017.06.21 07:07:47.331,1.04599,1.04619,1.00,1.00
2017.06.21 07:07:48.627,1.04594,1.04616,1.00,1.00
2017.06.21 07:07:48.678,1.04597,1.04614,1.00,1.00
2017.06.21 07:07:49.188,1.04598,1.04615,1.00,1.00
2017.06.21 07:07:49.792,1.04598,1.04616,1.00,1.00
2017.06.21 07:07:51.032,1.04598,1.04618,1.00,1.50
2017.06.21 07:07:52.288,1.04598,1.04616,1.00,1.00
2017.06.21 07:07:54.633,1.04598,1.04617,1.00,1.00
2017.06.21 07:07:55.664,1.04598,1.04616,1.00,1.00
2017.06.21 07:07:58.633,1.04598,1.04615,1.00,1.00
2017.06.21 07:07:59.150,1.04597,1.04615,1.00,1.00
2017.06.21 07:07:59.668,1.04597,1.04614,1.00,1.00
2017.06.21 07:08:01.103,1.04597,1.04615,1.00,1.00
2017.06.21 07:08:04.232,1.04597,1.04616,1.00,1.00
2017.06.21 07:08:04.740,1.04596,1.04615,1.00,1.00
2017.06.21 07:08:05.303,1.04596,1.04613,1.00,1.00
2017.06.21 07:08:07.240,1.04596,1.04615,1.00,1.00
2017.06.21 07:08:07.757,1.04595,1.04614,1.00,1.00
2017.06.21 07:08:09.956,1.04593,1.0461,1.00,1.12
2017.06.21 07:08:10.250,1.0458,1.04601,1.37,2.62
2017.06.21 07:08:10.301,1.04581,1.04601,1.00,3.37
2017.06.21 07:08:10.352,1.04578,1.046,1.00,1.50
2017.06.21 07:08:10.607,1.04579,1.04598,1.00,1.00
2017.06.21 07:08:11.020,1.04578,1.046,1.00,2.25
2017.06.21 07:08:11.071,1.04581,1.046,1.00,1.50
2017.06.21 07:08:11.581,1.0458,1.04599,1.00,1.00
2017.06.21 07:08:12.107,1.04582,1.046,1.00,1.00
2017.06.21 07:08:12.622,1.04582,1.04601,1.00,1.50
2017.06.21 07:08:13.234,1.04582,1.046,1.00,1.00
2017.06.21 07:08:14.741,1.04582,1.04601,1.00,1.00
2017.06.21 07:08:15.286,1.04581,1.046,1.00,1.50
2017.06.21 07:08:15.526,1.04581,1.04602,1.00,1.50
2017.06.21 07:08:16.004,1.04582,1.04599,1.00,1.00
2017.06.21 07:08:16.530,1.04581,1.046,1.00,1.00
2017.06.21 07:08:18.782,1.0458,1.046,1.00,1.50
2017.06.21 07:08:19.329,1.0458,1.04599,1.00,1.00
2017.06.21 07:08:21.225,1.0458,1.04598,1.00,1.00
2017.06.21 07:08:22.681,1.0458,1.04599,1.00,1.00
2017.06.21 07:08:24.557,1.0458,1.04598,1.00,1.00
2017.06.21 07:08:25.431,1.04578,1.04598,1.00,1.00
2017.06.21 07:08:26.259,1.04578,1.046,1.00,2.25
2017.06.21 07:08:26.481,1.04578,1.04598,1.00,1.50
2017.06.21 07:08:27.027,1.04581,1.04599,1.00,1.50
2017.06.21 07:08:27.180,1.04581,1.04601,1.00,1.50
2017.06.21 07:08:27.748,1.0458,1.04601,1.00,1.50
2017.06.21 07:08:28.036,1.0458,1.04599,1.00,1.00
2017.06.21 07:08:28.342,1.04582,1.046,1.00,1.00
2017.06.21 07:08:29.147,1.04582,1.04601,1.00,2.25
2017.06.21 07:08:29.356,1.0458,1.04601,1.00,1.50
2017.06.21 07:08:29.407,1.0458,1.04599,1.00,1.00
2017.06.21 07:08:29.947,1.04579,1.04599,1.00,1.00
2017.06.21 07:08:30.449,1.04579,1.04598,1.00,1.00
2017.06.21 07:08:30.753,1.04581,1.04598,1.00,1.00
2017.06.21 07:08:30.857,1.04582,1.046,1.00,1.00
2017.06.21 07:08:31.359,1.04582,1.04599,1.00,1.00
2017.06.21 07:08:32.228,1.04582,1.046,1.00,1.50
2017.06.21 07:08:32.773,1.04581,1.04599,1.00,1.50
2017.06.21 07:08:32.944,1.04581,1.04597,1.00,1.00
2017.06.21 07:08:33.045,1.04581,1.04599,1.00,1.00
2017.06.21 07:08:34.555,1.04581,1.046,1.00,1.50
2017.06.21 07:08:34.759,1.04581,1.04598,1.00,1.00
2017.06.21 07:08:35.325,1.04581,1.04599,1.00,1.00
2017.06.21 07:08:36.176,1.04583,1.046,1.00,1.00
2017.06.21 07:08:36.661,1.04581,1.046,1.00,1.00
2017.06.21 07:08:37.603,1.04581,1.04599,1.00,1.00
2017.06.21 07:08:38.673,1.04581,1.04598,1.00,1.00
2017.06.21 07:08:39.279,1.04582,1.04599,1.00,1.00
2017.06.21 07:08:41.340,1.0458,1.04599,1.00,1.00
2017.06.21 07:08:41.753,1.04575,1.04595,1.00,1.00
2017.06.21 07:08:41.906,1.04573,1.04595,1.00,1.12
2017.06.21 07:08:42.863,1.04573,1.04592,1.00,1.00
2017.06.21 07:08:43.067,1.04573,1.04594,1.00,1.50
2017.06.21 07:08:43.284,1.04573,1.04592,1.00,1.00
2017.06.21 07:08:43.808,1.04574,1.04593,1.00,1.00
2017.06.21 07:08:44.269,1.04577,1.04594,1.00,1.00
2017.06.21 07:08:44.422,1.04577,1.04596,1.00,1.00
2017.06.21 07:08:44.930,1.04578,1.04597,1.00,1.50
2017.06.21 07:08:45.438,1.04578,1.04596,1.00,1.00
2017.06.21 07:08:45.489,1.04581,1.04598,1.00,1.87
2017.06.21 07:08:45.591,1.04579,1.04599,1.00,4.50
2017.06.21 07:08:46.153,1.04579,1.04598,1.00,1.00
2017.06.21 07:08:47.387,1.0458,1.04599,1.00,1.50
2017.06.21 07:08:47.490,1.04578,1.04595,1.00,1.00
2017.06.21 07:08:47.541,1.04576,1.04597,1.50,1.50
2017.06.21 07:08:47.980,1.04577,1.04595,1.00,1.00
2017.06.21 07:08:48.612,1.04578,1.04596,1.00,1.00
2017.06.21 07:08:49.683,1.04578,1.04597,1.00,1.00
2017.06.21 07:08:50.193,1.04578,1.04598,1.00,1.50
2017.06.21 07:08:51.249,1.0458,1.04597,1.00,1.00
2017.06.21 07:08:51.402,1.04578,1.04599,1.00,1.00
2017.06.21 07:08:51.554,1.04576,1.04594,1.50,1.00
2017.06.21 07:08:51.657,1.04574,1.04595,1.00,1.00
2017.06.21 07:08:51.759,1.04573,1.04593,1.00,1.50
2017.06.21 07:08:52.111,1.04573,1.04591,1.00,1.00
2017.06.21 07:08:57.126,1.04571,1.04591,1.00,1.00
2017.06.21 07:08:57.177,1.04569,1.0459,1.00,1.00
2017.06.21 07:08:57.228,1.04569,1.04588,1.50,1.00
2017.06.21 07:08:57.579,1.04575,1.04595,1.00,1.00
2017.06.21 07:08:58.082,1.04576,1.04595,1.00,1.50
2017.06.21 07:08:58.437,1.04579,1.04597,1.00,1.50
2017.06.21 07:08:58.745,1.04578,1.04595,1.00,1.00
2017.06.21 07:08:58.847,1.04578,1.04597,1.00,1.50
2017.06.21 07:09:01.135,1.04578,1.04598,1.00,1.00
2017.06.21 07:09:01.186,1.04581,1.04598,1.00,1.00
2017.06.21 07:09:01.711,1.0458,1.04599,1.00,1.50
2017.06.21 07:09:02.228,1.04581,1.04599,1.00,1.00
2017.06.21 07:09:02.793,1.0458,1.046,1.00,1.50
2017.06.21 07:09:03.149,1.04583,1.04601,1.00,1.50
2017.06.21 07:09:03.681,1.04584,1.04601,1.00,1.50
2017.06.21 07:09:04.213,1.04583,1.046,1.00,1.00
2017.06.21 07:09:04.807,1.04583,1.04599,1.00,1.00
2017.06.21 07:09:04.944,1.04581,1.04599,1.00,1.00
2017.06.21 07:09:05.461,1.0458,1.04599,1.00,1.00
2017.06.21 07:09:10.182,1.04582,1.04599,1.00,1.50
2017.06.21 07:09:11.285,1.0458,1.04599,1.00,1.50
2017.06.21 07:09:12.101,1.0458,1.04598,1.00,1.00
2017.06.21 07:09:13.194,1.0458,1.04599,1.00,1.00
2017.06.21 07:09:15.033,1.0458,1.04598,1.00,1.00
2017.06.21 07:09:15.134,1.0458,1.046,1.00,1.50
2017.06.21 07:09:15.726,1.04582,1.04601,1.00,1.87
2017.06.21 07:09:16.258,1.04582,1.046,1.00,1.00
2017.06.21 07:09:16.862,1.04583,1.04599,1.00,1.00
2017.06.21 07:09:16.913,1.04583,1.04601,1.00,1.50
2017.06.21 07:09:17.067,1.0458,1.04601,1.00,1.50
2017.06.21 07:09:17.119,1.0458,1.04599,1.00,1.00
2017.06.21 07:09:17.635,1.04579,1.04598,1.00,1.00
2017.06.21 07:09:18.230,1.04577,1.04597,1.12,1.50
2017.06.21 07:09:18.738,1.04577,1.04596,1.00,1.00
2017.06.21 07:09:20.485,1.04577,1.04597,1.00,1.50
2017.06.21 07:09:21.356,1.04578,1.04597,1.00,1.00
2017.06.21 07:09:21.961,1.04579,1.04597,1.00,1.00
2017.06.21 07:09:24.557,1.04578,1.04596,1.00,1.00
2017.06.21 07:09:24.608,1.04576,1.04595,1.00,1.00
2017.06.21 07:09:25.136,1.04576,1.04594,1.00,1.00
2017.06.21 07:09:26.097,1.04576,1.04595,1.00,1.00
2017.06.21 07:09:28.477,1.04576,1.04593,1.00,1.00
2017.06.21 07:09:30.056,1.04576,1.04595,1.00,1.50
2017.06.21 07:09:30.814,1.04576,1.04594,1.00,1.00
2017.06.21 07:09:31.351,1.04576,1.04593,1.00,1.00
2017.06.21 07:09:32.081,1.04575,1.04593,1.00,1.00
2017.06.21 07:09:33.035,1.04573,1.04593,1.00,1.00
2017.06.21 07:09:33.239,1.04573,1.04589,1.00,1.00
2017.06.21 07:09:33.536,1.04573,1.04591,1.00,1.50
2017.06.21 07:09:34.098,1.04573,1.04592,1.00,1.50
2017.06.21 07:09:34.251,1.04573,1.0459,1.00,1.00
2017.06.21 07:09:34.580,1.04571,1.04591,1.00,1.50
2017.06.21 07:09:34.803,1.04571,1.04589,1.00,1.00
2017.06.21 07:09:35.974,1.04571,1.0459,1.00,1.00
2017.06.21 07:09:37.283,1.04571,1.04589,1.00,1.00
2017.06.21 07:09:37.976,1.04573,1.0459,1.00,1.00
2017.06.21 07:09:38.254,1.04573,1.04592,1.00,1.00
2017.06.21 07:09:38.810,1.04573,1.04591,1.00,1.00
2017.06.21 07:09:39.332,1.04573,1.04592,1.00,1.50
2017.06.21 07:09:40.483,1.04573,1.04591,1.00,1.00
2017.06.21 07:09:40.718,1.04575,1.04593,1.00,1.50
2017.06.21 07:09:41.055,1.04579,1.04596,1.00,1.00
2017.06.21 07:09:41.403,1.04579,1.04594,1.00,1.00
2017.06.21 07:09:41.906,1.04579,1.04595,1.00,1.50
2017.06.21 07:09:43.241,1.04579,1.04596,1.00,1.00
2017.06.21 07:09:43.765,1.0458,1.04597,1.00,1.00
2017.06.21 07:09:44.348,1.04579,1.04596,1.00,1.50
2017.06.21 07:09:44.551,1.04576,1.04595,1.00,1.50
2017.06.21 07:09:44.653,1.04574,1.04594,1.00,1.00
2017.06.21 07:09:45.161,1.04575,1.04593,1.00,1.50
2017.06.21 07:09:47.492,1.04575,1.04592,1.00,1.00
2017.06.21 07:09:55.185,1.04575,1.04593,1.00,1.50
2017.06.21 07:09:55.237,1.04575,1.04591,1.00,1.00
2017.06.21 07:09:55.289,1.04575,1.04593,1.00,1.00
2017.06.21 07:09:55.498,1.04579,1.04596,1.00,1.00
2017.06.21 07:09:56.081,1.04579,1.04597,1.00,1.50
2017.06.21 07:09:56.617,1.04579,1.04596,1.00,1.00
2017.06.21 07:09:57.148,1.04579,1.04597,1.00,1.50
2017.06.21 07:09:57.731,1.04579,1.04596,1.00,1.00
2017.06.21 07:09:58.331,1.04579,1.04597,1.00,1.50
2017.06.21 07:09:58.996,1.04579,1.04596,1.00,1.00
2017.06.21 07:10:07.647,1.04576,1.04595,1.00,1.00
2017.06.21 07:10:07.952,1.04574,1.04594,1.00,1.00
2017.06.21 07:10:08.054,1.04573,1.04592,1.00,1.00
2017.06.21 07:10:09.791,1.04573,1.04593,1.00,1.50
2017.06.21 07:10:10.345,1.04573,1.04592,1.00,1.00
2017.06.21 07:10:13.141,1.04574,1.0459,1.00,1.00
2017.06.21 07:10:17.498,1.04574,1.04589,1.00,1.00
2017.06.21 07:10:20.652,1.04573,1.04589,1.00,1.00
2017.06.21 07:10:21.239,1.04573,1.0459,1.00,1.00
2017.06.21 07:10:25.348,1.04572,1.0459,1.00,1.00
2017.06.21 07:10:26.143,1.04572,1.04591,1.00,1.50
2017.06.21 07:10:26.505,1.04574,1.04591,1.00,1.00
2017.06.21 07:10:29.143,1.04575,1.04591,1.00,1.00
2017.06.21 07:10:29.295,1.04575,1.04593,1.00,1.00
2017.06.21 07:10:29.398,1.04573,1.04594,1.00,1.87
2017.06.21 07:10:29.501,1.04573,1.04592,1.00,1.50
2017.06.21 07:10:30.155,1.04573,1.04591,1.00,1.00
2017.06.21 07:10:32.071,1.04573,1.0459,1.00,1.00
2017.06.21 07:10:33.288,1.04573,1.04591,1.00,1.50
2017.06.21 07:10:39.598,1.04572,1.04591,1.00,1.50
2017.06.21 07:10:43.648,1.04571,1.04591,1.00,1.50
2017.06.21 07:10:43.949,1.04571,1.04589,1.50,1.50
2017.06.21 07:10:45.058,1.04571,1.0459,1.50,1.00
2017.06.21 07:10:45.730,1.04571,1.04591,1.00,1.00
2017.06.21 07:10:46.367,1.04571,1.0459,1.00,1.50
2017.06.21 07:10:52.669,1.04571,1.04591,1.00,1.50
2017.06.21 07:10:53.013,1.04574,1.04592,1.00,1.50
2017.06.21 07:10:54.042,1.04574,1.04591,1.00,1.00
2017.06.21 07:10:54.655,1.04571,1.0459,1.50,1.00
2017.06.21 07:10:55.016,1.0457,1.04592,1.75,1.00
2017.06.21 07:10:55.067,1.0457,1.04592,1.00,1.00
2017.06.21 07:10:55.570,1.0457,1.04591,1.00,1.50
2017.06.21 07:10:55.672,1.04569,1.04589,1.00,1.00
2017.06.21 07:10:56.020,1.04571,1.0459,1.00,1.50
2017.06.21 07:10:59.276,1.0457,1.0459,1.00,1.50
2017.06.21 07:11:00.776,1.04571,1.0459,1.00,1.50
2017.06.21 07:11:00.929,1.04569,1.04589,1.00,1.00
2017.06.21 07:11:01.656,1.0457,1.04589,1.00,1.50
2017.06.21 07:11:02.570,1.0457,1.04588,1.00,1.00
2017.06.21 07:11:03.036,1.04567,1.04587,1.00,1.12
2017.06.21 07:11:03.625,1.04567,1.04586,1.50,1.00
2017.06.21 07:11:04.131,1.04567,1.04587,1.50,1.50
2017.06.21 07:11:04.658,1.04567,1.04586,1.00,1.00
2017.06.21 07:11:06.421,1.04567,1.04587,1.00,1.50
2017.06.21 07:11:06.675,1.04569,1.04587,1.00,1.50
2017.06.21 07:11:09.287,1.04569,1.04588,1.00,1.00
2017.06.21 07:11:12.202,1.04569,1.04589,1.00,1.00
2017.06.21 07:11:13.566,1.04572,1.0459,1.00,1.00
2017.06.21 07:11:13.724,1.04574,1.04593,1.00,1.00
2017.06.21 07:11:14.238,1.04574,1.04594,1.00,1.00
2017.06.21 07:11:14.756,1.04574,1.04593,1.00,1.00
2017.06.21 07:11:15.273,1.04575,1.04594,1.00,1.00
2017.06.21 07:11:15.806,1.04575,1.04593,1.00,1.00
2017.06.21 07:11:15.857,1.04571,1.04592,2.25,1.00
2017.06.21 07:11:16.385,1.04572,1.04591,1.00,1.00
2017.06.21 07:11:16.943,1.04572,1.0459,1.00,1.00
2017.06.21 07:11:17.185,1.04567,1.04587,1.00,1.87
2017.06.21 07:11:17.287,1.04565,1.04585,1.00,1.12
2017.06.21 07:11:17.796,1.04564,1.04585,1.00,1.00
2017.06.21 07:11:18.506,1.04566,1.04585,1.00,1.00
2017.06.21 07:11:19.019,1.04566,1.04586,1.00,1.50
2017.06.21 07:11:19.458,1.04565,1.04584,1.00,1.00
2017.06.21 07:11:19.763,1.04568,1.04588,1.00,1.50
2017.06.21 07:11:19.966,1.04567,1.04584,1.00,1.00
2017.06.21 07:11:20.068,1.04567,1.04586,1.00,1.00
2017.06.21 07:11:21.828,1.04567,1.04587,1.00,1.00
2017.06.21 07:11:22.213,1.04567,1.04585,1.00,1.00
2017.06.21 07:11:23.150,1.04567,1.04586,1.00,2.25
2017.06.21 07:11:26.151,1.04568,1.04586,1.00,1.00
2017.06.21 07:11:27.128,1.04567,1.04586,1.00,1.00
2017.06.21 07:11:28.807,1.04567,1.04587,1.00,1.50
2017.06.21 07:11:29.694,1.04567,1.04586,1.00,1.00
2017.06.21 07:11:33.023,1.04567,1.04587,1.00,1.50
2017.06.21 07:11:36.398,1.04564,1.04587,1.00,1.50
2017.06.21 07:11:36.449,1.04564,1.04585,1.00,1.00
2017.06.21 07:11:36.755,1.04561,1.04583,1.00,2.25
2017.06.21 07:11:36.857,1.04562,1.04583,1.00,1.00
2017.06.21 07:11:36.959,1.0456,1.04582,1.50,1.00
2017.06.21 07:11:37.508,1.04561,1.04582,1.50,1.87
2017.06.21 07:11:37.828,1.04561,1.0458,1.50,1.00
2017.06.21 07:11:38.856,1.04561,1.04581,1.50,1.00
2017.06.21 07:11:39.375,1.04562,1.04581,1.00,1.12
2017.06.21 07:11:40.221,1.04562,1.04582,1.00,1.00
2017.06.21 07:11:40.730,1.04563,1.04581,1.00,1.00
2017.06.21 07:11:41.180,1.04563,1.04583,1.00,1.00
2017.06.21 07:11:44.383,1.04564,1.04583,1.00,1.00
2017.06.21 07:11:45.700,1.04564,1.04584,1.00,1.00
2017.06.21 07:11:45.954,1.04566,1.04584,1.00,1.00
2017.06.21 07:11:46.805,1.04566,1.04585,1.00,1.00
2017.06.21 07:11:48.106,1.04566,1.04586,1.00,1.00
2017.06.21 07:11:48.660,1.04564,1.04586,1.00,1.00
2017.06.21 07:11:50.064,1.04564,1.04587,1.00,1.50
2017.06.21 07:11:51.286,1.04565,1.04587,1.00,1.00
2017.06.21 07:11:54.748,1.04566,1.04587,1.00,1.00
2017.06.21 07:11:56.734,1.04566,1.04588,1.00,1.50
2017.06.21 07:11:57.937,1.04565,1.04588,1.00,1.00
2017.06.21 07:11:58.054,1.04565,1.04586,1.00,1.00
2017.06.21 07:11:59.680,1.04564,1.04586,1.50,1.00
2017.06.21 07:12:00.219,1.04564,1.04587,1.00,1.00
2017.06.21 07:12:00.789,1.04564,1.04585,1.50,1.00
2017.06.21 07:12:01.340,1.04563,1.04585,1.50,1.50
2017.06.21 07:12:01.845,1.04563,1.04584,1.00,1.50
2017.06.21 07:12:02.356,1.04563,1.04585,1.50,1.00
2017.06.21 07:12:02.738,1.04566,1.04584,1.00,1.00
2017.06.21 07:12:03.415,1.04566,1.04583,1.00,1.00
2017.06.21 07:12:03.466,1.04563,1.04584,1.00,1.00
2017.06.21 07:12:03.619,1.04564,1.04582,1.00,1.00
2017.06.21 07:12:04.179,1.04563,1.04584,1.00,1.00
2017.06.21 07:12:04.703,1.04564,1.04584,1.00,1.00
2017.06.21 07:12:05.221,1.04563,1.04584,1.87,1.50
2017.06.21 07:12:05.728,1.04563,1.04583,1.12,1.00
2017.06.21 07:12:06.258,1.04563,1.04584,1.12,1.00
2017.06.21 07:12:06.309,1.04563,1.04582,1.12,1.00
2017.06.21 07:12:06.575,1.04559,1.0458,1.00,1.00
2017.06.21 07:12:07.140,1.04558,1.04579,1.00,1.00
2017.06.21 07:12:08.788,1.04558,1.04581,1.00,1.50
2017.06.21 07:12:09.163,1.04558,1.04579,1.00,1.50
2017.06.21 07:12:09.398,1.04554,1.04576,1.00,1.00
2017.06.21 07:12:09.450,1.04553,1.04574,1.00,1.00
2017.06.21 07:12:09.755,1.04551,1.0457,1.00,1.00
2017.06.21 07:12:10.818,1.04551,1.04571,1.00,2.25
2017.06.21 07:12:11.480,1.04551,1.0457,1.00,1.00
2017.06.21 07:12:11.825,1.04548,1.04571,1.50,2.25
2017.06.21 07:12:13.131,1.0455,1.04571,1.00,1.50
2017.06.21 07:12:13.858,1.04548,1.0457,1.00,1.00
2017.06.21 07:12:14.429,1.04548,1.04568,1.00,1.00
2017.06.21 07:12:14.481,1.04546,1.04568,1.12,1.37
2017.06.21 07:12:14.532,1.04544,1.04566,1.87,1.87
2017.06.21 07:12:14.634,1.04544,1.04564,1.00,1.00
2017.06.21 07:12:14.787,1.04542,1.04563,1.00,1.00
2017.06.21 07:12:14.838,1.04542,1.04561,1.00,1.00
2017.06.21 07:12:15.361,1.04541,1.04561,1.00,1.50
2017.06.21 07:12:16.733,1.04542,1.04562,1.50,1.50
2017.06.21 07:12:17.038,1.04544,1.04563,1.50,1.00
2017.06.21 07:12:17.241,1.04544,1.04565,1.00,1.50
2017.06.21 07:12:17.481,1.04544,1.04563,1.50,1.00
2017.06.21 07:12:18.227,1.04545,1.04563,1.00,1.00
2017.06.21 07:12:20.492,1.04543,1.04562,1.87,1.00
2017.06.21 07:12:20.696,1.04541,1.04562,2.25,1.00
2017.06.21 07:12:21.242,1.04542,1.04561,1.50,1.00
2017.06.21 07:12:21.761,1.04541,1.04561,1.50,1.00
2017.06.21 07:12:25.112,1.04542,1.04561,1.00,1.00
2017.06.21 07:12:25.628,1.04542,1.0456,1.00,1.50
2017.06.21 07:12:27.440,1.04542,1.04559,1.00,1.00
2017.06.21 07:12:27.593,1.04543,1.04561,1.00,1.50
2017.06.21 07:12:28.094,1.04544,1.04561,1.00,1.00
2017.06.21 07:12:30.505,1.04543,1.04561,1.00,1.00
2017.06.21 07:12:31.030,1.04544,1.04562,1.00,1.00
2017.06.21 07:12:33.168,1.04544,1.04561,1.00,1.00
2017.06.21 07:12:33.269,1.04542,1.04561,1.00,1.50
2017.06.21 07:12:33.321,1.04544,1.04558,1.00,1.00
2017.06.21 07:12:33.373,1.04544,1.04561,1.00,1.50
2017.06.21 07:12:33.425,1.04542,1.04561,1.50,1.00
2017.06.21 07:12:33.527,1.04545,1.04562,1.00,1.00
2017.06.21 07:12:34.156,1.04546,1.04563,1.00,1.00
2017.06.21 07:12:34.700,1.04545,1.04563,1.00,1.00
2017.06.21 07:12:36.442,1.04547,1.04565,1.00,1.50
2017.06.21 07:12:37.991,1.04546,1.04563,1.00,1.00
2017.06.21 07:12:38.613,1.04546,1.04562,1.00,1.00
2017.06.21 07:12:40.059,1.04543,1.04562,1.00,1.50
2017.06.21 07:12:40.314,1.04543,1.0456,1.00,1.50
2017.06.21 07:12:40.619,1.04545,1.0456,1.00,1.00
2017.06.21 07:12:40.773,1.04543,1.0456,1.00,1.00
2017.06.21 07:12:40.824,1.04545,1.04562,1.00,1.00
2017.06.21 07:12:41.367,1.04546,1.04563,1.00,1.50
2017.06.21 07:12:44.462,1.04546,1.04564,1.00,1.50
2017.06.21 07:12:44.966,1.04547,1.04564,1.00,1.50
2017.06.21 07:12:45.314,1.04546,1.04562,1.00,1.00
2017.06.21 07:12:45.625,1.04547,1.04564,1.00,1.50
2017.06.21 07:12:45.676,1.04543,1.04563,1.00,1.00
2017.06.21 07:12:45.728,1.04545,1.04563,1.00,1.00
2017.06.21 07:12:46.078,1.04547,1.04563,1.00,1.50
2017.06.21 07:12:46.593,1.04547,1.04562,1.00,1.00
2017.06.21 07:12:47.168,1.04545,1.04562,1.00,1.50
2017.06.21 07:12:47.810,1.04542,1.04556,1.00,2.25
2017.06.21 07:12:47.861,1.04543,1.0456,1.00,1.00
2017.06.21 07:12:47.977,1.04544,1.04557,1.00,1.00
2017.06.21 07:12:48.028,1.04543,1.04562,1.00,2.25
2017.06.21 07:12:48.079,1.04543,1.04561,1.00,1.87
2017.06.21 07:12:48.385,1.04542,1.04558,1.00,1.37
2017.06.21 07:12:48.487,1.04541,1.04559,1.50,1.00
2017.06.21 07:12:48.841,1.04542,1.04558,1.00,1.87
2017.06.21 07:12:49.352,1.04541,1.04557,1.00,1.12
2017.06.21 07:12:50.213,1.04542,1.04557,1.00,1.37
2017.06.21 07:12:51.119,1.04542,1.04557,1.00,1.12
2017.06.21 07:12:51.623,1.04542,1.04558,1.00,1.00
2017.06.21 07:12:51.930,1.04541,1.0456,1.50,1.12
2017.06.21 07:12:52.477,1.04542,1.04558,1.00,1.00
2017.06.21 07:12:52.999,1.04542,1.04559,1.00,1.12
2017.06.21 07:12:53.468,1.04542,1.04558,1.50,1.37
2017.06.21 07:12:53.672,1.04542,1.04558,1.50,1.12
2017.06.21 07:12:54.609,1.04542,1.04557,1.00,1.12
2017.06.21 07:12:54.711,1.04542,1.04559,1.00,1.00
2017.06.21 07:12:54.863,1.04544,1.0456,1.00,3.00
2017.06.21 07:12:55.117,1.04542,1.0456,1.50,3.00
2017.06.21 07:12:55.523,1.04542,1.0456,1.00,3.00
2017.06.21 07:12:56.070,1.04543,1.04559,1.00,1.12
2017.06.21 07:12:56.378,1.04543,1.04559,1.00,1.37
2017.06.21 07:12:56.531,1.04543,1.04559,1.00,1.12
2017.06.21 07:12:56.785,1.04541,1.04557,1.50,1.00
2017.06.21 07:12:57.325,1.04542,1.04558,1.50,1.37
2017.06.21 07:12:57.529,1.04542,1.04558,1.00,1.12
2017.06.21 07:12:57.580,1.04544,1.0456,1.00,1.37
2017.06.21 07:12:57.988,1.04542,1.04558,1.00,1.12
2017.06.21 07:12:58.039,1.04544,1.04558,1.00,1.00
2017.06.21 07:12:58.497,1.04542,1.04558,1.00,1.37
2017.06.21 07:12:58.600,1.04544,1.04558,1.00,1.37
2017.06.21 07:12:58.794,1.04542,1.04559,1.50,1.37
2017.06.21 07:12:59.680,1.04542,1.04559,1.00,1.37
2017.06.21 07:12:59.988,1.04544,1.04559,1.00,1.37
2017.06.21 07:13:00.365,1.04544,1.04559,1.00,1.00
2017.06.21 07:13:00.571,1.04543,1.04561,1.00,1.12
2017.06.21 07:13:00.623,1.04542,1.04561,1.00,2.25
2017.06.21 07:13:00.674,1.04542,1.04561,1.00,2.25
2017.06.21 07:13:00.725,1.04537,1.04555,1.50,3.00
2017.06.21 07:13:00.859,1.04535,1.04554,1.00,1.50
2017.06.21 07:13:00.910,1.04533,1.04555,1.00,1.87
2017.06.21 07:13:01.012,1.04533,1.04554,1.00,3.37
2017.06.21 07:13:01.114,1.04533,1.04554,1.00,4.87
2017.06.21 07:13:01.639,1.04532,1.04552,1.00,1.50
2017.06.21 07:13:02.169,1.04532,1.04552,1.00,1.50
2017.06.21 07:13:02.783,1.04532,1.04552,1.00,1.87
2017.06.21 07:13:03.293,1.04531,1.0455,1.00,1.00
2017.06.21 07:13:03.866,1.04531,1.04551,1.00,1.00
2017.06.21 07:13:04.442,1.04531,1.0455,1.00,1.00
2017.06.21 07:13:06.636,1.04531,1.04552,1.00,1.87
2017.06.21 07:13:06.687,1.04533,1.04552,1.00,1.87
2017.06.21 07:13:06.994,1.04536,1.04554,1.00,1.87
2017.06.21 07:13:07.096,1.04533,1.04555,1.00,3.37
2017.06.21 07:13:07.147,1.04531,1.0455,1.12,1.37
2017.06.21 07:13:07.198,1.04531,1.0455,1.00,1.12
2017.06.21 07:13:07.402,1.04531,1.04548,1.00,1.00
2017.06.21 07:13:07.923,1.04531,1.04549,1.00,1.00
2017.06.21 07:13:08.466,1.0453,1.04548,1.00,1.00
2017.06.21 07:13:09.002,1.0453,1.04549,1.00,1.00
2017.06.21 07:13:09.394,1.0453,1.04548,1.00,1.87
2017.06.21 07:13:09.768,1.04526,1.04544,1.50,1.37
2017.06.21 07:13:09.917,1.04523,1.04544,1.00,1.87
2017.06.21 07:13:09.969,1.04527,1.04541,1.00,1.12
2017.06.21 07:13:10.071,1.04528,1.04545,1.00,1.12
2017.06.21 07:13:10.122,1.04528,1.04547,1.00,1.50
2017.06.21 07:13:10.174,1.0453,1.04547,1.00,1.87
2017.06.21 07:13:10.226,1.04528,1.04547,1.50,1.00
2017.06.21 07:13:10.277,1.0453,1.04547,1.00,1.00
2017.06.21 07:13:10.430,1.0453,1.04549,1.00,1.50
2017.06.21 07:13:10.584,1.0453,1.04547,1.00,1.00
2017.06.21 07:13:10.827,1.04528,1.04548,1.00,1.12
2017.06.21 07:13:10.879,1.04528,1.04544,1.00,1.37
2017.06.21 07:13:10.931,1.04527,1.04547,1.00,1.87
2017.06.21 07:13:11.033,1.04525,1.04547,1.00,3.00
2017.06.21 07:13:11.084,1.04525,1.04546,1.00,1.87
2017.06.21 07:13:11.395,1.04524,1.04543,1.00,1.50
2017.06.21 07:13:12.098,1.04523,1.04542,1.00,1.12
2017.06.21 07:13:13.219,1.04521,1.04542,1.00,1.12
2017.06.21 07:13:14.084,1.04523,1.04542,1.00,1.50
2017.06.21 07:13:14.703,1.04522,1.0454,1.00,1.00
2017.06.21 07:13:15.213,1.04522,1.04541,1.00,1.87
2017.06.21 07:13:16.507,1.04522,1.04542,1.00,1.00
2017.06.21 07:13:17.404,1.04522,1.04542,1.00,1.50
2017.06.21 07:13:17.921,1.04522,1.04542,1.00,2.25
2017.06.21 07:13:18.430,1.04522,1.04541,1.00,1.12
2017.06.21 07:13:19.338,1.04527,1.04544,1.00,1.75
2017.06.21 07:13:19.491,1.04532,1.0455,1.00,1.50
2017.06.21 07:13:19.572,1.04536,1.0455,1.00,1.50
2017.06.21 07:13:19.624,1.04541,1.04559,1.00,3.00
2017.06.21 07:13:19.828,1.0454,1.04559,1.00,1.75
2017.06.21 07:13:19.930,1.04541,1.0456,1.00,1.75
2017.06.21 07:13:20.083,1.04541,1.04562,1.00,3.00
2017.06.21 07:13:20.591,1.04541,1.0456,1.00,1.00
2017.06.21 07:13:21.106,1.04542,1.0456,1.00,1.00
2017.06.21 07:13:21.555,1.04543,1.04562,1.00,1.00
2017.06.21 07:13:22.130,1.04543,1.04563,1.00,1.50
2017.06.21 07:13:22.393,1.04546,1.04564,1.00,1.00
2017.06.21 07:13:22.915,1.04545,1.04564,1.00,1.50
2017.06.21 07:13:23.228,1.04543,1.04562,1.00,1.00
2017.06.21 07:13:23.643,1.04546,1.04564,1.00,1.00
2017.06.21 07:13:23.847,1.04548,1.04567,1.00,1.50
2017.06.21 07:13:23.898,1.04551,1.04568,1.00,1.50
2017.06.21 07:13:23.949,1.04553,1.04571,1.00,1.12
2017.06.21 07:13:24.001,1.04555,1.04575,1.00,2.25
2017.06.21 07:13:24.137,1.04556,1.04576,1.00,1.00
2017.06.21 07:13:24.640,1.04556,1.04575,1.50,1.00
2017.06.21 07:13:24.890,1.0456,1.04575,1.00,1.50
2017.06.21 07:13:24.941,1.04558,1.04574,1.00,1.00
2017.06.21 07:13:24.993,1.04555,1.04575,1.00,1.12
2017.06.21 07:13:25.044,1.04551,1.0457,1.50,1.37
2017.06.21 07:13:25.180,1.04551,1.04571,1.37,2.62
2017.06.21 07:13:25.232,1.04555,1.04571,1.00,2.62
2017.06.21 07:13:25.536,1.04553,1.04569,1.00,1.50
2017.06.21 07:13:25.842,1.04552,1.04567,1.00,1.37
2017.06.21 07:13:26.366,1.04551,1.04566,1.00,1.37
2017.06.21 07:13:26.642,1.04543,1.04563,1.00,1.37
2017.06.21 07:13:26.744,1.04541,1.04561,1.00,1.87
2017.06.21 07:13:27.278,1.04543,1.0456,1.00,1.87
2017.06.21 07:13:27.409,1.04541,1.0456,1.00,1.87
2017.06.21 07:13:27.613,1.04545,1.0456,1.00,1.00
2017.06.21 07:13:27.868,1.04547,1.04563,1.00,1.00
2017.06.21 07:13:29.147,1.04548,1.04563,1.00,1.00
2017.06.21 07:13:29.701,1.04548,1.04564,1.00,1.12
2017.06.21 07:13:30.009,1.0455,1.04566,1.00,1.00
2017.06.21 07:13:30.533,1.04551,1.04566,1.00,1.12
2017.06.21 07:13:30.969,1.04551,1.04568,1.00,1.00
2017.06.21 07:13:31.071,1.04551,1.04569,1.00,1.50
2017.06.21 07:13:31.174,1.04559,1.04575,1.00,3.00
2017.06.21 07:13:31.328,1.0456,1.04577,1.00,1.50
2017.06.21 07:13:31.381,1.04562,1.04577,1.00,1.00
2017.06.21 07:13:31.938,1.04562,1.04578,1.00,1.00
2017.06.21 07:13:32.926,1.04562,1.04579,1.00,1.50
2017.06.21 07:13:33.028,1.04557,1.04579,1.00,1.50
2017.06.21 07:13:33.409,1.04558,1.04581,1.50,1.50
2017.06.21 07:13:36.077,1.04556,1.04581,1.50,1.37
2017.06.21 07:13:36.489,1.04556,1.0458,1.00,1.37
2017.06.21 07:13:37.796,1.04556,1.0458,1.00,1.37
2017.06.21 07:13:38.328,1.04556,1.0458,1.00,1.87
2017.06.21 07:13:38.632,1.04557,1.0458,1.00,1.00
2017.06.21 07:13:38.836,1.04558,1.04582,1.00,1.12
2017.06.21 07:13:38.888,1.04557,1.0458,1.00,1.12
2017.06.21 07:13:39.040,1.04553,1.04579,1.00,3.37
2017.06.21 07:13:39.092,1.04553,1.04578,1.00,1.87
2017.06.21 07:13:39.449,1.04552,1.04578,1.00,1.37
2017.06.21 07:13:39.958,1.04552,1.04576,1.00,1.12
2017.06.21 07:13:40.780,1.04555,1.0458,1.00,1.50
2017.06.21 07:13:40.831,1.04554,1.04579,1.00,1.37
2017.06.21 07:13:41.136,1.04556,1.04578,1.50,1.12
2017.06.21 07:13:41.480,1.04554,1.04576,2.25,1.50
2017.06.21 07:13:43.862,1.04553,1.04577,3.75,1.87
2017.06.21 07:13:44.496,1.04554,1.04578,1.75,1.00
2017.06.21 07:13:44.750,1.04556,1.04581,1.50,2.62
2017.06.21 07:13:45.260,1.04556,1.04581,2.25,1.87
2017.06.21 07:13:48.869,1.04556,1.04581,1.50,2.62
2017.06.21 07:13:53.173,1.04556,1.04581,2.25,1.87
2017.06.21 07:14:00.352,1.04557,1.04581,1.12,1.00
2017.06.21 07:14:00.454,1.04557,1.0458,1.75,1.12
2017.06.21 07:14:00.658,1.04556,1.0458,1.00,3.00
2017.06.21 07:14:00.761,1.04556,1.04579,1.75,1.12
2017.06.21 07:14:01.267,1.04555,1.04578,1.75,1.00
2017.06.21 07:14:01.578,1.04556,1.04577,1.75,1.37
2017.06.21 07:14:02.088,1.04556,1.04577,1.75,1.12
2017.06.21 07:14:02.826,1.04557,1.0458,1.75,1.87
2017.06.21 07:14:03.868,1.04559,1.0458,1.12,1.37
2017.06.21 07:14:05.017,1.04559,1.04581,1.12,1.37
2017.06.21 07:14:05.119,1.04559,1.04581,2.62,1.00
2017.06.21 07:14:05.171,1.04562,1.04583,1.12,1.50
2017.06.21 07:14:05.491,1.04564,1.04585,2.25,1.00
2017.06.21 07:14:08.473,1.04566,1.04589,2.25,1.00
2017.06.21 07:14:08.964,1.04566,1.04589,2.25,1.00
2017.06.21 07:14:09.016,1.04569,1.04591,3.00,1.87
2017.06.21 07:14:09.068,1.04569,1.04594,2.17,1.50
2017.06.21 07:14:09.375,1.04569,1.04588,1.75,2.62
2017.06.21 07:14:09.478,1.04564,1.04588,1.00,6.37
2017.06.21 07:14:09.530,1.04565,1.04588,1.00,3.00
2017.06.21 07:14:09.763,1.04565,1.04587,1.50,1.87
2017.06.21 07:14:09.817,1.04566,1.04587,1.37,1.12
2017.06.21 07:14:10.378,1.04566,1.04588,1.37,1.37
2017.06.21 07:14:10.480,1.04566,1.04588,1.37,1.00
2017.06.21 07:14:11.549,1.04565,1.04589,1.50,1.87
2017.06.21 07:14:11.678,1.04565,1.04589,1.50,1.87
2017.06.21 07:14:14.921,1.04564,1.04588,2.25,1.00
2017.06.21 07:14:16.481,1.04564,1.04588,1.50,2.25
2017.06.21 07:14:17.350,1.04564,1.04587,1.00,1.00
2017.06.21 07:14:18.252,1.04564,1.04588,1.50,1.50
2017.06.21 07:14:18.776,1.04564,1.04587,1.00,1.00
2017.06.21 07:14:19.608,1.04564,1.04588,1.00,1.50
2017.06.21 07:14:20.778,1.04564,1.04589,2.25,1.50
2017.06.21 07:14:21.487,1.04565,1.04589,1.00,1.50
2017.06.21 07:14:22.096,1.04564,1.04588,1.50,1.00
2017.06.21 07:14:22.480,1.04565,1.04589,1.75,1.00
2017.06.21 07:14:23.030,1.04567,1.0459,1.12,1.50
2017.06.21 07:14:24.966,1.04568,1.0459,1.00,1.00
2017.06.21 07:14:25.579,1.04567,1.0459,1.12,1.00
2017.06.21 07:14:25.900,1.04569,1.04591,1.00,1.50
2017.06.21 07:14:27.209,1.04569,1.04592,1.00,1.50
2017.06.21 07:14:27.512,1.04569,1.0459,1.00,1.50
2017.06.21 07:14:29.718,1.04569,1.04591,1.00,1.50
2017.06.21 07:14:30.856,1.04569,1.0459,1.00,1.00
2017.06.21 07:14:31.628,1.04569,1.04591,1.50,1.00
2017.06.21 07:14:33.466,1.04569,1.04592,1.50,1.00
2017.06.21 07:14:33.987,1.0457,1.04592,1.00,1.00
2017.06.21 07:14:34.458,1.04572,1.04597,1.00,1.50
2017.06.21 07:14:34.510,1.04576,1.04599,1.00,1.50
2017.06.21 07:14:35.013,1.04577,1.04598,1.00,1.00
2017.06.21 07:14:35.927,1.04579,1.04598,1.00,1.00
2017.06.21 07:14:36.360,1.04578,1.046,1.00,1.50
2017.06.21 07:14:36.411,1.0458,1.04599,1.00,1.00
2017.06.21 07:14:37.047,1.04579,1.04599,1.00,1.00
2017.06.21 07:14:41.199,1.04576,1.04599,2.25,1.00
2017.06.21 07:14:41.827,1.04576,1.046,2.25,1.00
2017.06.21 07:14:42.366,1.04576,1.04599,1.50,2.25
2017.06.21 07:14:42.468,1.04576,1.04598,1.00,3.37
2017.06.21 07:14:42.773,1.04575,1.04595,1.00,1.12
2017.06.21 07:14:43.330,1.04575,1.04595,1.00,1.37
2017.06.21 07:14:44.617,1.04572,1.04592,1.00,1.12
2017.06.21 07:14:44.719,1.04569,1.04591,1.00,1.00
2017.06.21 07:14:45.344,1.04569,1.0459,1.00,1.00
2017.06.21 07:14:45.666,1.04569,1.04592,1.50,1.00
2017.06.21 07:14:48.563,1.04569,1.04591,1.50,1.00
2017.06.21 07:14:49.103,1.04569,1.04592,1.50,1.50
2017.06.21 07:14:49.672,1.04569,1.04591,1.50,1.00
2017.06.21 07:14:50.250,1.04569,1.0459,1.50,1.00
2017.06.21 07:14:50.353,1.04566,1.04587,1.37,1.00
2017.06.21 07:14:50.489,1.04566,1.04587,1.00,1.00
2017.06.21 07:14:50.997,1.04566,1.04586,1.00,1.00
2017.06.21 07:14:51.303,1.04566,1.04588,1.00,2.25
2017.06.21 07:14:51.831,1.04566,1.04588,1.50,1.50
2017.06.21 07:14:52.287,1.04567,1.0459,1.12,1.00
2017.06.21 07:14:52.807,1.04566,1.04591,2.25,1.00
2017.06.21 07:14:53.696,1.04567,1.04592,1.87,2.25
2017.06.21 07:14:53.749,1.04569,1.04595,1.50,1.00
2017.06.21 07:14:53.851,1.04572,1.04595,1.50,1.00
2017.06.21 07:14:54.157,1.04572,1.04596,4.50,1.00
2017.06.21 07:14:54.616,1.04572,1.04595,1.00,1.00
2017.06.21 07:14:56.019,1.04572,1.04596,2.25,1.50
2017.06.21 07:14:56.658,1.04572,1.04596,1.50,1.37
2017.06.21 07:14:56.715,1.04572,1.04597,1.00,1.87
2017.06.21 07:14:56.766,1.04572,1.04597,1.00,3.75
2017.06.21 07:14:59.999,1.04572,1.04593,1.00,1.00
2017.06.21 07:15:00.566,1.04572,1.04592,1.00,1.00
2017.06.21 07:15:01.725,1.04572,1.04591,1.00,1.00
2017.06.21 07:15:02.070,1.04567,1.04587,1.00,1.00
2017.06.21 07:15:02.377,1.04567,1.04585,1.00,1.00
2017.06.21 07:15:02.429,1.04567,1.04587,1.00,1.00
2017.06.21 07:15:02.532,1.04567,1.04589,1.00,2.25
2017.06.21 07:15:03.068,1.04567,1.04588,1.00,1.00
2017.06.21 07:15:06.166,1.04567,1.04588,1.00,1.87
2017.06.21 07:15:06.217,1.04564,1.04588,1.50,1.87
2017.06.21 07:15:06.346,1.04564,1.04588,1.50,1.50
2017.06.21 07:15:06.886,1.04565,1.04588,1.00,1.50
2017.06.21 07:15:07.400,1.04564,1.04588,1.50,1.50
2017.06.21 07:15:08.497,1.04564,1.04587,1.00,1.00
2017.06.21 07:15:09.250,1.04564,1.04588,1.50,1.12
2017.06.21 07:15:09.512,1.04564,1.04587,1.00,1.37
2017.06.21 07:15:09.563,1.04564,1.04588,1.00,2.62
2017.06.21 07:15:10.071,1.04564,1.04588,1.00,1.87
2017.06.21 07:15:10.586,1.04564,1.04588,1.00,1.87
2017.06.21 07:15:11.342,1.04564,1.04588,1.00,1.37
2017.06.21 07:15:11.530,1.04564,1.04588,1.00,1.87
2017.06.21 07:15:13.526,1.04564,1.04588,1.00,1.87
2017.06.21 07:15:14.384,1.04564,1.04587,1.00,1.00
2017.06.21 07:15:14.722,1.04564,1.04588,1.00,2.62
2017.06.21 07:15:14.824,1.04564,1.04588,1.50,1.37
2017.06.21 07:15:14.976,1.04564,1.04589,2.25,1.12
2017.06.21 07:15:15.908,1.04564,1.04589,2.25,1.87
2017.06.21 07:15:17.216,1.04564,1.0459,1.50,1.50
2017.06.21 07:15:17.722,1.04565,1.0459,1.00,2.25
2017.06.21 07:15:18.859,1.04565,1.04589,1.00,1.00
2017.06.21 07:15:20.081,1.04565,1.04588,1.00,1.00
2017.06.21 07:15:20.945,1.04565,1.04588,1.00,1.87
2017.06.21 07:15:21.473,1.04564,1.04586,1.00,1.00
2017.06.21 07:15:21.972,1.04564,1.04584,1.00,1.00
2017.06.21 07:15:22.024,1.04562,1.04585,1.87,1.37
2017.06.21 07:15:22.075,1.04562,1.04585,1.12,1.37
2017.06.21 07:15:22.127,1.0456,1.04583,1.50,1.37
2017.06.21 07:15:22.228,1.0456,1.04583,1.00,1.00
2017.06.21 07:15:23.969,1.04562,1.04583,1.00,1.00
2017.06.21 07:15:25.317,1.04562,1.04584,1.00,1.00
2017.06.21 07:15:26.415,1.04562,1.04583,1.00,1.00
2017.06.21 07:15:27.319,1.0456,1.04583,2.25,1.00
2017.06.21 07:15:28.395,1.0456,1.04586,1.50,1.50
2017.06.21 07:15:28.497,1.04562,1.04585,1.00,1.00
2017.06.21 07:15:29.001,1.04561,1.04585,1.31,1.50
2017.06.21 07:15:29.359,1.04563,1.04585,1.00,1.00
2017.06.21 07:15:29.874,1.04564,1.04585,1.00,1.00
2017.06.21 07:15:30.027,1.04561,1.04585,2.06,1.00
2017.06.21 07:15:30.882,1.04562,1.04585,1.00,1.00
2017.06.21 07:15:31.421,1.04561,1.04585,1.87,1.50
2017.06.21 07:15:31.719,1.04563,1.04585,1.00,1.50
2017.06.21 07:15:31.821,1.04561,1.04585,1.12,1.00
2017.06.21 07:15:31.872,1.04564,1.04585,1.00,1.00
2017.06.21 07:15:32.426,1.04564,1.04586,1.00,1.00
2017.06.21 07:15:32.966,1.04565,1.04586,1.00,1.00
2017.06.21 07:15:33.650,1.04565,1.04587,1.00,1.00
2017.06.21 07:15:34.186,1.04564,1.04587,1.50,1.00
2017.06.21 07:15:34.697,1.04564,1.04586,1.00,1.00
2017.06.21 07:15:35.187,1.04562,1.04585,1.00,1.00
2017.06.21 07:15:37.568,1.04562,1.04584,1.50,1.00
2017.06.21 07:15:37.619,1.04561,1.04582,1.00,1.00
2017.06.21 07:15:37.924,1.04561,1.0458,1.00,1.00
2017.06.21 07:15:38.128,1.04559,1.0458,1.00,1.00
2017.06.21 07:15:40.622,1.04558,1.0458,1.00,1.00
2017.06.21 07:15:40.774,1.04558,1.04582,1.00,2.25
2017.06.21 07:15:41.368,1.04559,1.04582,1.00,1.50
2017.06.21 07:15:41.903,1.0456,1.04581,1.00,1.00
2017.06.21 07:15:42.508,1.04562,1.04582,1.00,1.00
2017.06.21 07:15:43.951,1.04562,1.04584,1.50,1.50
2017.06.21 07:15:44.108,1.0456,1.04584,1.00,1.50
2017.06.21 07:15:44.736,1.0456,1.04583,1.00,1.00
2017.06.21 07:15:45.277,1.04561,1.04583,1.00,1.50
2017.06.21 07:15:46.080,1.0456,1.04583,1.00,1.50
2017.06.21 07:15:46.645,1.0456,1.04582,1.00,1.00
2017.06.21 07:15:47.155,1.04561,1.04582,1.00,1.12
2017.06.21 07:15:47.675,1.0456,1.04583,1.00,1.37
2017.06.21 07:15:48.221,1.04561,1.04582,1.00,1.87
2017.06.21 07:15:48.739,1.0456,1.04582,1.00,1.12
2017.06.21 07:15:48.790,1.04563,1.04582,1.00,1.12
2017.06.21 07:15:52.745,1.04563,1.04584,1.00,1.37
2017.06.21 07:15:53.201,1.04565,1.04585,1.00,2.25
2017.06.21 07:15:53.704,1.04565,1.04585,1.00,1.87
2017.06.21 07:15:54.750,1.04565,1.04585,1.00,1.50
2017.06.21 07:15:55.299,1.04565,1.04585,1.00,1.50
2017.06.21 07:15:55.452,1.04565,1.04585,1.00,1.50
2017.06.21 07:15:57.154,1.04565,1.04586,1.00,2.62
2017.06.21 07:15:57.661,1.04565,1.04586,1.00,2.62
2017.06.21 07:15:59.739,1.04565,1.04585,1.00,1.50
2017.06.21 07:15:59.790,1.04565,1.04585,1.00,1.50
2017.06.21 07:16:00.129,1.04565,1.04585,1.00,1.50
2017.06.21 07:16:00.180,1.04565,1.04586,1.00,2.62
2017.06.21 07:16:00.683,1.04565,1.04585,1.00,1.00
2017.06.21 07:16:00.937,1.04565,1.04586,1.00,1.12
2017.06.21 07:16:01.090,1.04564,1.04587,1.00,2.25
2017.06.21 07:16:02.097,1.04563,1.04587,3.00,2.62
2017.06.21 07:16:02.181,1.04566,1.04587,1.00,2.25
2017.06.21 07:16:02.335,1.04566,1.04591,1.00,2.25
2017.06.21 07:16:02.874,1.04566,1.0459,1.00,1.00
2017.06.21 07:16:04.333,1.04566,1.0459,1.00,1.37
2017.06.21 07:16:04.871,1.04565,1.0459,1.00,3.00
2017.06.21 07:16:05.965,1.04565,1.04589,1.50,2.25
2017.06.21 07:16:06.341,1.04565,1.04589,1.00,1.12
2017.06.21 07:16:07.126,1.04565,1.04591,1.00,1.87
2017.06.21 07:16:07.634,1.04565,1.0459,1.50,1.00
2017.06.21 07:16:08.220,1.04566,1.04591,1.00,1.00
2017.06.21 07:16:08.753,1.04565,1.04591,1.00,1.00
2017.06.21 07:16:09.294,1.04565,1.04591,1.50,4.12
2017.06.21 07:16:09.669,1.04567,1.04591,1.00,3.00
2017.06.21 07:16:10.445,1.04567,1.04591,1.50,1.50
2017.06.21 07:16:10.980,1.04567,1.04592,2.25,2.62
2017.06.21 07:16:11.598,1.04567,1.04591,2.25,1.50
2017.06.21 07:16:12.208,1.04568,1.04592,1.00,1.12
2017.06.21 07:16:13.074,1.04567,1.04592,2.25,1.12
2017.06.21 07:16:13.579,1.04568,1.04593,1.00,2.25
2017.06.21 07:16:13.851,1.04569,1.04594,1.00,5.25
2017.06.21 07:16:16.370,1.04569,1.04593,1.50,1.50
2017.06.21 07:16:17.362,1.04568,1.04594,1.50,3.75
2017.06.21 07:16:17.413,1.04566,1.0459,1.00,1.50
2017.06.21 07:16:18.084,1.04565,1.0459,1.00,1.87
2017.06.21 07:16:18.972,1.04565,1.04588,1.00,1.50
2017.06.21 07:16:19.858,1.04565,1.04589,1.00,1.87
2017.06.21 07:16:20.503,1.04566,1.0459,1.00,4.50
2017.06.21 07:16:21.232,1.04565,1.04589,1.50,1.87
2017.06.21 07:16:22.228,1.04565,1.04588,1.50,1.50
2017.06.21 07:16:23.031,1.04565,1.04589,2.25,1.87
2017.06.21 07:16:23.643,1.04566,1.0459,1.00,4.87
2017.06.21 07:16:24.088,1.04565,1.04587,1.00,1.50
2017.06.21 07:16:24.139,1.04563,1.04588,1.50,3.75
2017.06.21 07:16:24.662,1.04563,1.04587,1.50,1.00
2017.06.21 07:16:25.458,1.04563,1.04588,1.00,3.37
2017.06.21 07:16:27.075,1.04564,1.04588,1.00,5.62
2017.06.21 07:16:27.626,1.04563,1.04588,2.25,2.25
2017.06.21 07:16:28.171,1.04564,1.04588,1.00,3.00
2017.06.21 07:16:30.341,1.04563,1.04587,2.25,1.50
2017.06.21 07:16:31.517,1.04564,1.04587,1.00,1.50
2017.06.21 07:16:32.529,1.04564,1.04588,1.50,1.00
2017.06.21 07:16:33.375,1.04565,1.04588,1.00,1.87
2017.06.21 07:16:33.629,1.04563,1.04588,1.50,1.87
2017.06.21 07:16:34.279,1.04563,1.04588,1.50,1.87
2017.06.21 07:16:35.114,1.04563,1.04586,2.25,1.50
2017.06.21 07:16:37.546,1.04564,1.04588,1.00,1.87
2017.06.21 07:16:38.195,1.04564,1.04586,1.00,1.50
2017.06.21 07:16:39.041,1.04564,1.04587,1.00,1.87
2017.06.21 07:16:39.679,1.04564,1.04586,1.00,1.50
2017.06.21 07:16:40.349,1.04564,1.04587,1.00,1.87
2017.06.21 07:16:41.008,1.04563,1.04587,1.00,1.50
2017.06.21 07:16:41.884,1.04563,1.04588,1.00,3.37
2017.06.21 07:16:42.117,1.04565,1.0459,1.00,1.75
2017.06.21 07:16:42.322,1.04567,1.04591,1.00,2.25
2017.06.21 07:16:42.861,1.04567,1.0459,1.00,1.50
2017.06.21 07:16:43.206,1.04568,1.04592,1.00,1.00
2017.06.21 07:16:44.153,1.04567,1.04592,1.50,1.87
2017.06.21 07:16:44.306,1.04567,1.0459,1.50,1.00
2017.06.21 07:16:44.509,1.04568,1.04592,1.00,2.62
2017.06.21 07:16:45.040,1.04569,1.04593,1.00,1.50
2017.06.21 07:16:45.705,1.04569,1.04594,1.00,4.12
2017.06.21 07:16:48.272,1.0457,1.04594,1.00,1.00
2017.06.21 07:16:55.156,1.04571,1.04594,1.00,1.00
2017.06.21 07:16:55.986,1.04569,1.04594,2.25,1.12
2017.06.21 07:16:56.521,1.04569,1.04594,3.75,1.37
2017.06.21 07:16:58.273,1.04569,1.04594,3.00,2.62
2017.06.21 07:16:58.846,1.0457,1.04595,1.00,1.00
2017.06.21 07:16:59.800,1.0457,1.04596,1.00,1.87
2017.06.21 07:17:00.312,1.04571,1.04596,1.00,1.12
2017.06.21 07:17:00.850,1.04572,1.04596,1.00,1.00
2017.06.21 07:17:07.647,1.04572,1.04595,1.50,1.00
2017.06.21 07:17:08.170,1.04572,1.04597,1.00,4.87
2017.06.21 07:17:08.712,1.04571,1.04596,1.00,3.75
2017.06.21 07:17:09.270,1.04571,1.04595,1.00,1.00
2017.06.21 07:17:09.423,1.04575,1.04596,1.00,3.37
2017.06.21 07:17:09.525,1.04576,1.04598,1.00,2.25
2017.06.21 07:17:09.783,1.04577,1.04601,1.00,1.00
2017.06.21 07:17:09.835,1.04581,1.04602,1.00,1.00
2017.06.21 07:17:10.345,1.0458,1.04602,1.00,1.50
2017.06.21 07:17:10.924,1.04581,1.04602,1.00,1.50
2017.06.21 07:17:11.462,1.04581,1.04601,1.00,1.00
2017.06.21 07:17:11.968,1.04581,1.04602,1.00,3.00
2017.06.21 07:17:12.536,1.04581,1.04601,1.00,1.00
2017.06.21 07:17:13.042,1.0458,1.04601,1.00,1.50
2017.06.21 07:17:14.385,1.0458,1.04599,1.00,1.00
2017.06.21 07:17:14.436,1.04576,1.04599,1.00,2.25
2017.06.21 07:17:14.488,1.04576,1.04597,1.00,1.50
2017.06.21 07:17:14.732,1.04573,1.04596,1.00,3.00
2017.06.21 07:17:14.783,1.04571,1.04596,1.00,3.00
2017.06.21 07:17:15.423,1.04571,1.04594,1.00,1.00
2017.06.21 07:17:16.651,1.04571,1.04593,1.00,1.50
2017.06.21 07:17:18.768,1.04571,1.04594,1.00,1.50
2017.06.21 07:17:20.622,1.0457,1.04593,1.00,1.00
2017.06.21 07:17:21.126,1.04569,1.04593,1.50,1.87
2017.06.21 07:17:21.635,1.0457,1.04592,1.00,1.00
2017.06.21 07:17:22.212,1.0457,1.0459,1.00,1.00
2017.06.21 07:17:23.715,1.04569,1.0459,1.50,1.00
2017.06.21 07:17:24.090,1.04571,1.0459,1.00,1.00
2017.06.21 07:17:24.597,1.0457,1.04591,1.50,1.00
2017.06.21 07:17:25.143,1.04571,1.04591,1.00,1.00
2017.06.21 07:17:27.261,1.0457,1.04591,1.00,1.00
2017.06.21 07:17:27.807,1.04569,1.0459,1.00,1.00
2017.06.21 07:17:28.119,1.04568,1.04588,1.00,1.00
2017.06.21 07:17:28.761,1.04567,1.04588,1.50,1.00
2017.06.21 07:17:29.288,1.04568,1.04588,1.00,1.00
2017.06.21 07:17:29.789,1.04566,1.04588,1.50,1.00
2017.06.21 07:17:30.459,1.04567,1.04588,1.00,1.00
2017.06.21 07:17:31.032,1.04566,1.04588,1.50,1.00
2017.06.21 07:17:33.441,1.04567,1.04588,1.00,1.00
2017.06.21 07:17:33.851,1.04567,1.04586,1.00,1.00
2017.06.21 07:17:34.054,1.04566,1.0459,1.50,2.25
2017.06.21 07:17:34.607,1.04567,1.04591,1.00,4.12
2017.06.21 07:17:35.118,1.04566,1.04591,1.00,1.87
2017.06.21 07:17:36.102,1.04566,1.04589,1.00,1.00
2017.06.21 07:17:36.613,1.04565,1.04589,1.00,1.00
2017.06.21 07:17:36.920,1.04567,1.0459,1.50,1.00
2017.06.21 07:17:37.254,1.04569,1.0459,1.00,1.00
2017.06.21 07:17:39.944,1.04568,1.0459,1.00,1.00
2017.06.21 07:17:40.488,1.04569,1.04591,1.00,1.00
2017.06.21 07:17:42.029,1.0457,1.04591,1.00,1.00
2017.06.21 07:17:42.131,1.04568,1.04591,1.50,1.00
2017.06.21 07:17:42.837,1.04569,1.04591,1.00,1.00
2017.06.21 07:17:45.346,1.04568,1.04591,2.25,1.00
2017.06.21 07:17:45.871,1.04569,1.04591,1.00,1.00
2017.06.21 07:17:46.246,1.04569,1.04593,1.00,3.00
2017.06.21 07:17:46.500,1.04568,1.04591,2.25,1.00
2017.06.21 07:17:47.123,1.04569,1.04592,1.00,1.50
2017.06.21 07:17:47.942,1.04568,1.0459,1.00,1.50
2017.06.21 07:17:48.095,1.04561,1.04584,1.00,1.00
2017.06.21 07:17:48.146,1.04561,1.04582,2.25,1.50
2017.06.21 07:17:48.654,1.04561,1.04584,1.00,2.25
2017.06.21 07:17:54.206,1.04562,1.04586,1.00,4.50
2017.06.21 07:17:54.781,1.04563,1.04585,1.00,2.25
2017.06.21 07:17:55.086,1.04561,1.04578,1.50,1.00
2017.06.21 07:17:55.624,1.0456,1.04578,1.50,1.00
2017.06.21 07:17:55.675,1.04558,1.04578,1.50,1.00
2017.06.21 07:17:55.726,1.04558,1.04575,1.00,1.00
2017.06.21 07:17:56.809,1.04558,1.04574,1.00,1.00
2017.06.21 07:17:56.861,1.04554,1.04574,1.50,1.00
2017.06.21 07:17:57.217,1.04555,1.04577,1.00,1.00
2017.06.21 07:17:57.753,1.04558,1.04577,1.00,1.00
2017.06.21 07:17:58.303,1.04556,1.04577,1.50,1.00
2017.06.21 07:17:58.991,1.04557,1.04577,1.00,1.00
2017.06.21 07:17:59.868,1.04556,1.04577,2.25,1.00
2017.06.21 07:18:00.923,1.04557,1.04577,1.00,1.00
2017.06.21 07:18:02.103,1.04556,1.04577,1.50,1.00
2017.06.21 07:18:03.135,1.04557,1.04577,1.00,1.00
2017.06.21 07:18:06.336,1.04556,1.04577,1.50,1.00
2017.06.21 07:18:07.036,1.04556,1.04578,1.50,1.00
2017.06.21 07:18:07.182,1.04556,1.04575,1.50,1.00
2017.06.21 07:18:07.737,1.04557,1.04575,1.00,1.00
2017.06.21 07:18:08.242,1.04557,1.04576,1.00,1.00
2017.06.21 07:18:08.941,1.04558,1.04576,1.00,1.00
2017.06.21 07:18:10.150,1.04557,1.04576,1.00,1.00
2017.06.21 07:18:10.677,1.04557,1.04578,1.00,1.00
2017.06.21 07:18:10.831,1.0456,1.04581,1.00,1.00
2017.06.21 07:18:11.286,1.04562,1.04582,1.87,1.00
2017.06.21 07:18:11.489,1.0456,1.0458,1.50,1.00
2017.06.21 07:18:11.794,1.04562,1.04579,1.00,1.00
2017.06.21 07:18:12.074,1.04562,1.04581,1.00,1.00
2017.06.21 07:18:12.646,1.04561,1.04581,1.00,1.00
2017.06.21 07:18:12.958,1.04563,1.04582,1.00,1.00
2017.06.21 07:18:13.060,1.04563,1.04584,1.00,1.00
2017.06.21 07:18:13.805,1.04564,1.04584,1.50,1.00
2017.06.21 07:18:14.466,1.04564,1.04583,1.50,1.00
2017.06.21 07:18:15.136,1.04562,1.04584,1.50,1.00
2017.06.21 07:18:15.786,1.04563,1.04584,1.50,1.00
2017.06.21 07:18:16.129,1.04565,1.04584,1.00,1.00
2017.06.21 07:18:17.220,1.04565,1.04585,1.00,1.00
2017.06.21 07:18:17.851,1.04566,1.04585,1.00,1.00
2017.06.21 07:18:18.276,1.04564,1.04585,1.50,1.00
2017.06.21 07:18:19.088,1.04564,1.04584,1.00,1.00
2017.06.21 07:18:21.740,1.04565,1.04584,1.00,1.00
2017.06.21 07:18:22.358,1.04565,1.04585,1.00,1.00
2017.06.21 07:18:22.885,1.04564,1.04585,1.00,1.00
2017.06.21 07:18:24.017,1.04564,1.04584,1.00,1.00
2017.06.21 07:18:24.699,1.04565,1.04585,1.00,1.00
2017.06.21 07:18:25.030,1.04563,1.04585,1.87,1.00
2017.06.21 07:18:25.618,1.04562,1.04583,1.37,1.00
2017.06.21 07:18:26.351,1.04562,1.04582,1.87,1.00
2017.06.21 07:18:30.141,1.04564,1.04582,1.00,1.00
2017.06.21 07:18:33.383,1.04565,1.04582,1.00,1.00
2017.06.21 07:18:33.760,1.04563,1.04582,1.12,1.00
2017.06.21 07:18:33.955,1.04561,1.04581,1.50,1.00
2017.06.21 07:18:34.287,1.04563,1.04581,1.00,1.00
2017.06.21 07:18:34.389,1.04562,1.04583,1.50,1.00
2017.06.21 07:18:34.907,1.04563,1.04583,1.00,1.00
2017.06.21 07:18:35.478,1.04562,1.04583,1.00,1.00
2017.06.21 07:18:36.118,1.04563,1.04583,1.00,1.00
2017.06.21 07:18:36.621,1.04564,1.04583,1.00,1.00
2017.06.21 07:18:37.163,1.04564,1.04584,1.12,1.00
2017.06.21 07:18:37.518,1.04566,1.04585,1.00,1.00
2017.06.21 07:18:37.984,1.04566,1.04588,1.00,1.00
2017.06.21 07:18:38.238,1.04568,1.04588,1.00,1.00
2017.06.21 07:18:38.853,1.04569,1.04589,1.00,1.00
2017.06.21 07:18:39.674,1.04568,1.04589,1.50,1.00
2017.06.21 07:18:40.191,1.04569,1.04589,1.00,1.00
2017.06.21 07:18:45.112,1.04568,1.04589,1.00,1.00
2017.06.21 07:18:45.418,1.0457,1.0459,1.00,1.00
2017.06.21 07:18:45.962,1.04571,1.0459,1.00,1.00
2017.06.21 07:18:46.471,1.0457,1.0459,1.50,1.00
2017.06.21 07:18:47.372,1.04572,1.04593,1.00,1.00
2017.06.21 07:18:47.475,1.04574,1.04593,1.50,1.00
2017.06.21 07:18:47.526,1.04574,1.04595,1.50,1.00
2017.06.21 07:18:47.679,1.04576,1.04594,1.00,1.00
2017.06.21 07:18:48.189,1.04577,1.04595,1.00,1.00
2017.06.21 07:18:49.661,1.04576,1.04595,1.50,1.00
2017.06.21 07:18:50.179,1.04577,1.04595,1.00,1.00
2017.06.21 07:18:50.338,1.04575,1.04595,2.25,1.00
2017.06.21 07:18:50.440,1.04577,1.04598,1.00,1.00
2017.06.21 07:18:50.954,1.04577,1.04597,1.50,1.00
2017.06.21 07:18:51.212,1.04579,1.04597,1.00,1.00
2017.06.21 07:18:51.756,1.04578,1.04597,1.50,1.00
2017.06.21 07:18:52.272,1.04579,1.04597,1.00,1.00
2017.06.21 07:18:52.836,1.04578,1.04597,1.50,1.00
2017.06.21 07:18:53.594,1.04577,1.04597,1.00,1.00
2017.06.21 07:18:54.148,1.04576,1.04597,1.00,1.00
2017.06.21 07:18:54.724,1.04577,1.04598,1.00,1.00
2017.06.21 07:18:56.102,1.04577,1.04597,1.00,1.00
2017.06.21 07:18:56.407,1.04576,1.04595,1.00,1.00
2017.06.21 07:18:56.940,1.04575,1.04594,1.50,1.00
2017.06.21 07:18:57.272,1.04575,1.04592,1.50,1.00
2017.06.21 07:18:58.238,1.04575,1.04591,1.50,1.00
2017.06.21 07:18:58.783,1.04574,1.04591,1.00,1.00
2017.06.21 07:19:01.144,1.04574,1.04594,1.00,1.00
2017.06.21 07:19:06.514,1.04574,1.04595,1.00,1.00
2017.06.21 07:19:06.616,1.04574,1.04597,1.00,1.12
2017.06.21 07:19:08.914,1.04576,1.046,1.00,6.75
2017.06.21 07:19:10.895,1.04577,1.04598,1.00,1.37
2017.06.21 07:19:13.792,1.04577,1.04598,1.00,1.12
2017.06.21 07:19:20.143,1.04577,1.04599,1.00,1.00
2017.06.21 07:19:21.725,1.04577,1.046,1.00,1.12
2017.06.21 07:19:22.088,1.04577,1.04596,1.00,1.00
2017.06.21 07:19:22.190,1.04576,1.04599,1.50,1.00
2017.06.21 07:19:22.292,1.04578,1.046,1.00,1.12
2017.06.21 07:19:22.593,1.0458,1.04602,1.00,1.87
2017.06.21 07:19:23.145,1.04581,1.04602,1.00,1.12
2017.06.21 07:19:25.337,1.04582,1.04603,1.00,1.50
2017.06.21 07:19:29.242,1.04582,1.04605,1.00,1.87
2017.06.21 07:19:42.229,1.04583,1.04605,1.00,2.62
2017.06.21 07:19:52.177,1.04582,1.04606,1.00,3.00
2017.06.21 07:19:53.550,1.04581,1.04605,2.25,2.25
2017.06.21 07:20:01.386,1.04581,1.04601,2.25,1.00
2017.06.21 07:20:04.194,1.04579,1.04596,1.50,1.00
2017.06.21 07:20:04.364,1.04574,1.04594,1.87,1.00
2017.06.21 07:20:04.416,1.04574,1.04592,1.87,1.00
2017.06.21 07:20:04.976,1.04573,1.04592,1.50,1.00
2017.06.21 07:20:05.232,1.04571,1.04593,1.50,1.00
2017.06.21 07:20:05.334,1.04569,1.04593,1.50,1.50
2017.06.21 07:20:05.493,1.04569,1.04591,1.50,1.50
2017.06.21 07:20:06.001,1.04568,1.04592,2.25,1.87
2017.06.21 07:20:06.332,1.04571,1.04594,1.00,1.50
2017.06.21 07:20:06.884,1.04572,1.04595,1.50,1.50
2017.06.21 07:20:07.620,1.04572,1.04594,1.00,1.00
2017.06.21 07:20:08.133,1.04573,1.04594,1.00,1.50
2017.06.21 07:20:08.930,1.04573,1.04595,1.50,1.50
2017.06.21 07:20:10.345,1.04573,1.04596,1.50,2.25
2017.06.21 07:20:10.930,1.04573,1.04597,2.25,1.50
2017.06.21 07:20:11.460,1.04574,1.04596,1.00,1.00
2017.06.21 07:20:14.597,1.04574,1.04596,1.00,2.25
2017.06.21 07:20:16.271,1.04575,1.04595,1.00,1.00
2017.06.21 07:20:18.121,1.04574,1.04595,1.00,1.50
2017.06.21 07:20:18.624,1.04573,1.04595,1.00,1.00
2017.06.21 07:20:20.160,1.04574,1.04595,1.00,1.50
2017.06.21 07:20:20.465,1.04577,1.04595,1.00,1.00
2017.06.21 07:20:20.567,1.04577,1.04602,1.50,2.44
2017.06.21 07:20:20.618,1.04577,1.04599,1.50,1.00
2017.06.21 07:20:20.669,1.04578,1.04601,1.00,1.00
2017.06.21 07:20:21.204,1.04578,1.046,1.00,1.00
2017.06.21 07:20:21.753,1.04579,1.046,1.00,1.25
2017.06.21 07:20:22.377,1.04578,1.046,1.00,1.00
2017.06.21 07:20:22.916,1.04578,1.04599,1.00,1.00
2017.06.21 07:20:23.086,1.04577,1.04597,1.00,1.00
2017.06.21 07:20:23.465,1.04573,1.04597,3.00,1.87
2017.06.21 07:20:24.052,1.04575,1.04598,1.00,3.37
2017.06.21 07:20:24.554,1.04579,1.04603,1.00,3.00
2017.06.21 07:20:24.606,1.0458,1.04602,1.00,1.00
2017.06.21 07:20:24.862,1.04581,1.04605,1.00,2.81
2017.06.21 07:20:25.371,1.04582,1.04605,1.00,2.44
2017.06.21 07:20:25.913,1.04583,1.04606,1.00,2.44
2017.06.21 07:20:26.483,1.04583,1.04606,1.00,1.25
2017.06.21 07:20:27.746,1.04582,1.04603,1.12,1.00
2017.06.21 07:20:34.291,1.04581,1.046,1.50,1.00
2017.06.21 07:20:34.825,1.04579,1.04601,2.25,1.00
2017.06.21 07:20:35.005,1.04581,1.04601,1.00,1.00
2017.06.21 07:20:35.530,1.0458,1.04601,1.50,1.00
2017.06.21 07:20:36.037,1.0458,1.046,1.50,1.00
2017.06.21 07:20:36.544,1.04581,1.04601,1.00,1.00
2017.06.21 07:20:37.050,1.04582,1.04601,1.00,1.00
2017.06.21 07:20:37.773,1.04581,1.04601,1.50,1.00
2017.06.21 07:20:37.825,1.04582,1.04606,1.50,1.00
2017.06.21 07:20:37.876,1.04584,1.04607,1.00,2.62
2017.06.21 07:20:38.408,1.04585,1.04608,1.00,1.87
2017.06.21 07:20:38.753,1.04587,1.04609,1.00,2.25
2017.06.21 07:20:46.996,1.04589,1.04609,1.00,1.75
2017.06.21 07:20:48.568,1.0459,1.04611,1.00,2.62
2017.06.21 07:20:48.670,1.0459,1.04611,1.00,1.50
2017.06.21 07:20:48.866,1.04589,1.04607,1.00,1.00
2017.06.21 07:20:49.171,1.04591,1.04607,1.00,1.00
2017.06.21 07:20:49.814,1.0459,1.04607,1.50,1.00
2017.06.21 07:20:50.836,1.04591,1.04607,1.00,1.00
2017.06.21 07:20:51.449,1.04592,1.04609,1.00,1.00
2017.06.21 07:20:51.829,1.04593,1.04612,1.00,1.12
2017.06.21 07:20:51.982,1.04593,1.04614,1.87,1.00
2017.06.21 07:20:52.033,1.04594,1.04612,1.00,1.00
2017.06.21 07:20:52.339,1.04596,1.04613,1.00,1.00
2017.06.21 07:20:52.680,1.04594,1.0461,1.00,1.00
2017.06.21 07:20:52.731,1.04594,1.04612,1.00,1.00
2017.06.21 07:20:52.935,1.04594,1.04614,1.00,1.00
2017.06.21 07:20:53.485,1.04594,1.04615,1.87,1.00
2017.06.21 07:20:54.004,1.04595,1.04615,1.00,1.00
2017.06.21 07:20:54.532,1.04596,1.04615,1.00,1.00
2017.06.21 07:20:55.039,1.04595,1.04615,1.00,1.00
2017.06.21 07:20:58.120,1.04595,1.04613,1.50,1.00
2017.06.21 07:20:58.320,1.04593,1.04613,1.50,1.00
2017.06.21 07:20:58.744,1.04596,1.04613,1.00,1.00
2017.06.21 07:20:59.264,1.04596,1.04614,1.00,1.12
2017.06.21 07:20:59.612,1.04596,1.04619,3.00,1.00
2017.06.21 07:20:59.921,1.04599,1.0462,1.00,1.00
2017.06.21 07:21:00.319,1.04601,1.0462,1.00,1.00
2017.06.21 07:21:01.335,1.04601,1.04618,1.00,1.00
2017.06.21 07:21:01.438,1.04601,1.0462,1.00,1.00
2017.06.21 07:21:01.541,1.046,1.04618,1.00,1.00
2017.06.21 07:21:02.042,1.046,1.04619,1.50,1.00
2017.06.21 07:21:02.763,1.04601,1.04619,1.00,1.00
2017.06.21 07:21:03.272,1.04602,1.04619,1.00,1.00
2017.06.21 07:21:04.256,1.04601,1.04619,1.50,1.00
2017.06.21 07:21:05.034,1.04602,1.04619,1.00,1.00
2017.06.21 07:21:07.014,1.04601,1.04619,1.50,1.00
2017.06.21 07:21:07.523,1.04602,1.0462,1.00,1.00
2017.06.21 07:21:08.993,1.04603,1.0462,1.00,1.00
2017.06.21 07:21:09.675,1.04604,1.0462,1.00,1.00
2017.06.21 07:21:10.262,1.04603,1.0462,1.50,1.00
2017.06.21 07:21:10.789,1.04604,1.0462,1.00,1.00
2017.06.21 07:21:11.198,1.04603,1.04622,1.00,1.00
2017.06.21 07:21:11.400,1.04603,1.04625,1.00,1.00
2017.06.21 07:21:11.985,1.04604,1.04625,1.50,1.00
2017.06.21 07:21:12.844,1.04605,1.04625,1.00,1.00
2017.06.21 07:21:21.003,1.04606,1.04625,1.00,1.00
2017.06.21 07:21:21.271,1.04605,1.04623,1.00,1.00
2017.06.21 07:21:22.369,1.04605,1.04624,1.00,1.00
2017.06.21 07:21:22.950,1.04604,1.04624,1.00,1.00
2017.06.21 07:21:23.281,1.04606,1.04624,1.00,1.00
2017.06.21 07:21:24.290,1.04605,1.04624,1.50,1.00
2017.06.21 07:21:25.843,1.04605,1.04625,1.50,1.00
2017.06.21 07:21:26.160,1.04606,1.04623,1.00,1.00
2017.06.21 07:21:26.961,1.04605,1.04623,1.50,1.00
2017.06.21 07:21:31.222,1.04606,1.04623,1.00,1.00
2017.06.21 07:21:32.242,1.04605,1.04623,1.50,1.00
2017.06.21 07:21:34.718,1.04606,1.04623,1.00,1.00
2017.06.21 07:21:34.769,1.04606,1.04627,1.00,3.00
2017.06.21 07:21:36.905,1.04605,1.04627,1.50,1.00
2017.06.21 07:21:37.430,1.04604,1.04627,1.00,3.00
2017.06.21 07:21:38.039,1.04606,1.04627,1.00,2.25
2017.06.21 07:21:38.598,1.04607,1.04627,1.00,2.25
2017.06.21 07:21:39.136,1.04606,1.04627,1.50,1.50
2017.06.21 07:21:39.694,1.04605,1.04627,1.50,1.50
2017.06.21 07:21:41.066,1.04604,1.04628,2.25,4.50
2017.06.21 07:21:41.416,1.04606,1.04627,1.00,1.50
2017.06.21 07:21:43.614,1.04605,1.04627,1.50,2.25
2017.06.21 07:21:44.754,1.04607,1.04627,1.00,3.00
2017.06.21 07:21:45.406,1.04607,1.04627,1.00,1.00
2017.06.21 07:21:45.940,1.04606,1.04628,2.25,1.12
2017.06.21 07:21:46.441,1.04607,1.04628,1.00,1.87
2017.06.21 07:21:46.950,1.04607,1.04627,1.00,1.50
2017.06.21 07:21:47.972,1.04607,1.04628,1.00,1.87
2017.06.21 07:21:48.535,1.04606,1.04628,2.25,1.87
2017.06.21 07:21:49.086,1.04606,1.04627,2.25,1.50
2017.06.21 07:21:49.607,1.04607,1.04627,1.00,1.50
2017.06.21 07:21:52.520,1.04606,1.04627,2.25,1.50
2017.06.21 07:21:53.330,1.04606,1.04626,2.25,1.50
2017.06.21 07:21:53.991,1.04606,1.04627,2.25,1.50
2017.06.21 07:21:55.390,1.04606,1.04628,1.50,1.87
2017.06.21 07:21:55.724,1.04608,1.04628,1.00,1.87
2017.06.21 07:21:56.301,1.04608,1.04627,1.00,1.50
2017.06.21 07:21:56.543,1.04609,1.04629,1.00,2.25
2017.06.21 07:21:58.332,1.04608,1.04629,1.00,3.00
2017.06.21 07:22:00.020,1.04609,1.04629,1.00,1.00
2017.06.21 07:22:00.735,1.04608,1.04626,1.00,1.00
2017.06.21 07:22:01.728,1.04607,1.04626,1.00,1.00
2017.06.21 07:22:02.441,1.04608,1.04626,1.00,1.00
2017.06.21 07:22:02.979,1.04607,1.04626,1.00,1.00
2017.06.21 07:22:03.505,1.04607,1.04629,1.00,3.00
2017.06.21 07:22:04.483,1.04607,1.04627,1.50,1.00
2017.06.21 07:22:06.554,1.04608,1.04627,1.00,1.12
2017.06.21 07:22:09.464,1.04607,1.04627,1.50,1.12
2017.06.21 07:22:09.965,1.04608,1.04627,1.00,1.50
2017.06.21 07:22:10.615,1.04607,1.04627,1.50,1.50
2017.06.21 07:22:10.945,1.04606,1.04625,1.00,1.00
2017.06.21 07:22:11.368,1.04606,1.04624,1.00,1.50
2017.06.21 07:22:11.987,1.04605,1.04624,1.00,1.50
2017.06.21 07:22:13.725,1.04606,1.04624,1.00,1.50
2017.06.21 07:22:14.317,1.04606,1.04624,1.00,1.00
2017.06.21 07:22:14.822,1.04605,1.04624,1.00,1.00
2017.06.21 07:22:26.026,1.04606,1.04624,1.00,1.00
2017.06.21 07:22:29.273,1.04605,1.04624,1.00,1.00
2017.06.21 07:22:34.333,1.04606,1.04624,1.00,1.00
2017.06.21 07:22:35.676,1.04607,1.04624,1.00,1.00
2017.06.21 07:22:38.401,1.04605,1.04624,1.00,1.00
2017.06.21 07:22:46.286,1.04605,1.04625,1.50,1.00
2017.06.21 07:22:46.337,1.04604,1.04617,1.00,1.00
2017.06.21 07:22:46.388,1.04602,1.04619,1.00,1.00
2017.06.21 07:22:46.697,1.04599,1.04618,1.00,1.00
2017.06.21 07:22:46.900,1.04601,1.04618,1.00,1.00
2017.06.21 07:22:47.267,1.04599,1.04616,1.00,1.00
2017.06.21 07:22:47.800,1.04599,1.04615,1.00,1.00
2017.06.21 07:22:48.326,1.04598,1.04614,1.00,1.00
2017.06.21 07:22:49.070,1.04598,1.04614,1.00,1.50
2017.06.21 07:22:49.602,1.04597,1.04614,1.00,1.50
2017.06.21 07:22:50.171,1.04598,1.04616,1.00,1.75
2017.06.21 07:22:50.273,1.046,1.04623,1.50,1.75
2017.06.21 07:22:50.374,1.04603,1.04624,1.00,3.75
2017.06.21 07:22:50.476,1.04603,1.04624,1.00,3.00
2017.06.21 07:22:50.783,1.04605,1.04625,1.00,2.62
2017.06.21 07:22:51.956,1.04606,1.04625,1.00,2.62
2017.06.21 07:22:53.124,1.04607,1.04625,1.00,1.12
2017.06.21 07:23:00.704,1.04606,1.04626,1.00,2.25
2017.06.21 07:23:03.281,1.04607,1.04628,1.00,3.37
2017.06.21 07:23:04.445,1.04606,1.04627,1.00,3.00
2017.06.21 07:23:06.181,1.04607,1.04627,1.00,3.75
2017.06.21 07:23:06.289,1.04607,1.04627,1.00,3.00
2017.06.21 07:23:06.981,1.04607,1.04628,1.00,2.25
2017.06.21 07:23:07.689,1.04607,1.04627,1.00,1.00
2017.06.21 07:23:11.412,1.04607,1.04628,1.00,5.25
2017.06.21 07:23:12.123,1.04607,1.04627,1.00,2.25
2017.06.21 07:23:13.259,1.04607,1.04628,1.00,4.50
2017.06.21 07:23:14.075,1.04607,1.04627,1.00,2.25
2017.06.21 07:23:15.282,1.04607,1.04628,1.00,3.00
2017.06.21 07:23:17.151,1.04607,1.04627,1.00,1.00
2017.06.21 07:23:18.428,1.04607,1.04628,1.00,3.00
2017.06.21 07:23:19.056,1.04607,1.04627,1.00,1.00
2017.06.21 07:23:19.679,1.04607,1.04628,1.00,2.25
2017.06.21 07:23:20.739,1.04607,1.04627,1.00,1.00
2017.06.21 07:23:21.254,1.04607,1.04628,1.00,2.25
2017.06.21 07:23:23.051,1.04607,1.04627,1.00,1.00
2017.06.21 07:23:23.576,1.04606,1.04626,1.00,1.50
2017.06.21 07:23:24.093,1.04606,1.04625,1.00,1.50
2017.06.21 07:23:24.651,1.04605,1.04625,1.00,1.50
2017.06.21 07:23:25.529,1.04605,1.04624,1.00,1.50
2017.06.21 07:23:25.720,1.04605,1.04626,1.00,2.25
2017.06.21 07:23:26.463,1.04604,1.04626,1.50,2.25
2017.06.21 07:23:26.974,1.04604,1.04625,1.50,1.50
2017.06.21 07:23:28.321,1.04604,1.04626,1.50,3.00
2017.06.21 07:23:29.654,1.04604,1.04625,1.50,1.50
2017.06.21 07:23:30.555,1.04605,1.04626,1.50,1.00
2017.06.21 07:23:31.120,1.04606,1.04626,1.00,1.50
2017.06.21 07:23:31.913,1.04607,1.04627,1.00,4.12
2017.06.21 07:23:32.434,1.04605,1.04627,1.50,4.87
2017.06.21 07:23:37.149,1.04606,1.04627,1.00,4.05
2017.06.21 07:23:37.998,1.04606,1.04626,1.00,1.50
2017.06.21 07:23:41.726,1.04606,1.04627,1.00,1.87
2017.06.21 07:23:46.217,1.04606,1.04626,1.00,1.50
2017.06.21 07:23:47.771,1.04606,1.04627,1.00,1.87
2017.06.21 07:23:48.324,1.04606,1.04626,1.00,1.50
2017.06.21 07:23:49.614,1.04605,1.04626,1.50,1.50
2017.06.21 07:23:50.118,1.04606,1.04626,1.00,1.50
2017.06.21 07:23:50.561,1.04605,1.04628,1.50,2.62
2017.06.21 07:23:51.298,1.04606,1.04628,1.00,2.62
2017.06.21 07:23:51.819,1.04605,1.04628,1.50,2.62
2017.06.21 07:23:52.620,1.04606,1.04627,1.00,2.25
2017.06.21 07:23:53.210,1.04606,1.04628,1.00,3.37
2017.06.21 07:23:53.660,1.04606,1.04625,1.00,1.00
2017.06.21 07:23:55.310,1.04605,1.04625,1.50,1.00
2017.06.21 07:23:58.068,1.04606,1.04625,1.00,1.00
2017.06.21 07:23:59.679,1.04606,1.04626,1.00,1.00
2017.06.21 07:24:00.193,1.04607,1.04626,1.50,1.00
2017.06.21 07:24:00.895,1.04608,1.04626,1.00,1.00
2017.06.21 07:24:01.713,1.04607,1.04626,1.00,1.00
2017.06.21 07:24:02.283,1.04607,1.04626,1.00,3.00
2017.06.21 07:24:07.323,1.04602,1.04619,1.00,1.00
2017.06.21 07:24:07.374,1.04599,1.04618,1.50,1.87
2017.06.21 07:24:07.425,1.04596,1.04614,2.62,1.00
2017.06.21 07:24:07.476,1.04596,1.04616,2.25,1.12
2017.06.21 07:24:07.812,1.046,1.04619,1.00,1.00
2017.06.21 07:24:08.270,1.046,1.04621,1.50,1.00
2017.06.21 07:24:08.797,1.04601,1.04621,1.50,1.00
2017.06.21 07:24:11.118,1.04601,1.04623,1.00,1.12
2017.06.21 07:24:12.369,1.04602,1.04624,1.00,1.50
2017.06.21 07:24:12.471,1.04604,1.04624,1.00,1.50
2017.06.21 07:24:12.624,1.04602,1.04625,2.25,1.75
2017.06.21 07:24:12.777,1.04604,1.04625,1.00,1.75
2017.06.21 07:24:13.317,1.04605,1.04623,1.00,1.12
2017.06.21 07:24:13.420,1.046,1.0462,1.50,1.00
2017.06.21 07:24:13.472,1.046,1.04617,1.00,1.00
2017.06.21 07:24:13.675,1.04598,1.04618,1.00,1.00
2017.06.21 07:24:13.921,1.046,1.04618,1.00,1.00
2017.06.21 07:24:14.435,1.046,1.0462,1.50,1.87
2017.06.21 07:24:14.742,1.04598,1.04618,1.50,1.00
2017.06.21 07:24:15.287,1.04598,1.04617,1.00,3.00
2017.06.21 07:24:15.926,1.04599,1.04617,1.00,1.50
2017.06.21 07:24:16.160,1.04596,1.04615,1.00,1.00
2017.06.21 07:24:16.263,1.04595,1.04612,1.50,1.00
2017.06.21 07:24:16.417,1.04593,1.04612,1.00,1.50
2017.06.21 07:24:16.571,1.04592,1.0461,1.50,1.00
2017.06.21 07:24:16.865,1.04594,1.04613,1.50,1.00
2017.06.21 07:24:17.019,1.04595,1.04615,1.00,1.12
2017.06.21 07:24:17.642,1.04594,1.04614,1.00,1.50
2017.06.21 07:24:18.181,1.04593,1.04614,1.00,1.50
2017.06.21 07:24:19.129,1.04592,1.04614,1.50,1.00
2017.06.21 07:24:19.334,1.04594,1.04614,1.00,1.50
2017.06.21 07:24:19.539,1.04592,1.04614,1.50,1.12
2017.06.21 07:24:19.590,1.04592,1.04613,1.50,1.50
2017.06.21 07:24:20.098,1.04592,1.04613,1.50,1.00
2017.06.21 07:24:20.444,1.04594,1.04613,1.00,1.00
2017.06.21 07:24:22.249,1.04594,1.04615,1.00,1.00
2017.06.21 07:24:22.787,1.04596,1.04616,1.00,1.87
2017.06.21 07:24:23.292,1.04594,1.04616,1.50,1.12
2017.06.21 07:24:23.673,1.04595,1.04616,1.00,1.75
2017.06.21 07:24:24.313,1.04594,1.04615,1.50,1.50
2017.06.21 07:24:24.823,1.04595,1.04614,1.00,1.12
2017.06.21 07:24:25.645,1.04594,1.04614,1.50,1.12
2017.06.21 07:24:26.917,1.04595,1.04614,1.00,1.12
2017.06.21 07:24:27.922,1.04594,1.04614,1.50,1.12
2017.06.21 07:24:28.444,1.04595,1.04614,1.00,1.87
2017.06.21 07:24:29.093,1.04594,1.04614,1.50,1.12
2017.06.21 07:24:29.802,1.04595,1.04614,1.00,1.12
2017.06.21 07:24:30.325,1.04594,1.04613,1.00,1.50
2017.06.21 07:24:30.978,1.04594,1.04614,1.00,1.12
2017.06.21 07:24:31.588,1.04593,1.04614,1.50,1.12
2017.06.21 07:24:31.901,1.04594,1.04612,1.00,1.00
2017.06.21 07:24:32.207,1.0459,1.04607,1.00,1.00
2017.06.21 07:24:32.545,1.04589,1.04605,1.50,1.00
2017.06.21 07:24:33.083,1.04588,1.04604,1.00,1.00
2017.06.21 07:24:34.393,1.04587,1.04604,1.00,1.50
2017.06.21 07:24:34.444,1.04585,1.04604,1.50,1.50
2017.06.21 07:24:34.662,1.04587,1.04604,1.00,1.50
2017.06.21 07:24:35.386,1.04587,1.04603,1.00,1.00
2017.06.21 07:24:35.717,1.04584,1.04602,1.50,1.00
2017.06.21 07:24:36.072,1.04587,1.04603,1.00,1.00
2017.06.21 07:24:36.316,1.04585,1.04603,1.50,1.00
2017.06.21 07:24:36.825,1.04584,1.04602,1.00,1.00
2017.06.21 07:24:37.182,1.04586,1.04602,1.00,1.00
2017.06.21 07:24:37.604,1.04583,1.046,1.00,1.00
2017.06.21 07:24:37.868,1.04585,1.04601,1.00,1.00
2017.06.21 07:24:38.188,1.04583,1.046,1.50,1.00
2017.06.21 07:24:39.213,1.04584,1.046,1.00,1.00
2017.06.21 07:24:39.265,1.04584,1.04603,1.00,2.25
2017.06.21 07:24:39.367,1.04584,1.04604,1.00,1.00
2017.06.21 07:24:39.419,1.04586,1.04604,1.00,1.00
2017.06.21 07:24:39.572,1.04588,1.04609,1.37,1.00
2017.06.21 07:24:39.624,1.04594,1.04612,1.00,2.25
2017.06.21 07:24:39.726,1.04594,1.04615,1.00,1.00
2017.06.21 07:24:39.880,1.046,1.0462,1.00,1.00
2017.06.21 07:24:40.227,1.04605,1.04623,1.50,1.00
2017.06.21 07:24:40.533,1.04609,1.04624,1.00,1.00
2017.06.21 07:24:40.584,1.04607,1.04624,1.00,1.00
2017.06.21 07:24:41.174,1.04608,1.04625,1.00,1.00
2017.06.21 07:24:41.282,1.04603,1.04617,1.50,1.00
2017.06.21 07:24:41.384,1.04599,1.04616,1.12,1.00
2017.06.21 07:24:41.486,1.04596,1.04615,1.50,1.50
2017.06.21 07:24:42.018,1.04597,1.04615,1.00,1.50
2017.06.21 07:24:42.071,1.04595,1.04613,1.00,1.00
2017.06.21 07:24:42.283,1.04594,1.04611,1.00,1.00
2017.06.21 07:24:43.158,1.04593,1.04609,1.00,1.00
2017.06.21 07:24:43.728,1.04592,1.04609,1.50,1.00
2017.06.21 07:24:43.779,1.04593,1.04611,1.00,1.00
2017.06.21 07:24:43.983,1.04592,1.04609,1.50,1.00
2017.06.21 07:24:44.034,1.04592,1.04611,1.50,1.12
2017.06.21 07:24:44.376,1.04594,1.04611,1.00,1.12
2017.06.21 07:24:45.132,1.04595,1.0461,1.00,1.00
2017.06.21 07:24:45.764,1.04594,1.0461,1.00,1.00
2017.06.21 07:24:46.436,1.04593,1.0461,1.50,1.00
2017.06.21 07:24:46.835,1.04593,1.04608,1.00,1.00
2017.06.21 07:24:47.421,1.04593,1.04607,1.00,1.00
2017.06.21 07:24:47.625,1.04593,1.0461,1.00,1.00
2017.06.21 07:24:48.114,1.04592,1.04608,1.50,1.00
2017.06.21 07:24:49.203,1.04592,1.04609,1.00,1.00
2017.06.21 07:24:50.200,1.04592,1.04608,1.00,1.00
2017.06.21 07:24:50.708,1.04591,1.04608,1.00,1.00
2017.06.21 07:24:51.460,1.04591,1.04601,1.00,1.00
2017.06.21 07:24:51.511,1.04586,1.04602,1.00,1.00
2017.06.21 07:24:51.716,1.04588,1.04603,1.00,1.00
2017.06.21 07:24:51.869,1.04586,1.04605,1.50,1.00
2017.06.21 07:24:52.023,1.04588,1.04605,1.00,1.00
2017.06.21 07:24:52.265,1.04589,1.04607,1.00,1.00
2017.06.21 07:24:52.320,1.04586,1.04606,1.00,1.00
2017.06.21 07:24:52.371,1.04586,1.04601,1.00,1.00
2017.06.21 07:24:52.474,1.04586,1.04603,1.00,1.00
2017.06.21 07:24:52.525,1.04584,1.04601,1.50,1.00
2017.06.21 07:24:53.033,1.04584,1.046,1.00,1.00
2017.06.21 07:24:53.644,1.04583,1.046,1.50,1.00
2017.06.21 07:24:53.976,1.04585,1.04602,1.00,1.00
2017.06.21 07:24:54.523,1.04584,1.04601,1.00,1.00
2017.06.21 07:24:54.791,1.04582,1.04601,1.00,1.37
2017.06.21 07:24:55.525,1.04582,1.04599,1.50,1.00
2017.06.21 07:24:56.043,1.04581,1.046,1.00,1.12
2017.06.21 07:24:56.095,1.04581,1.04598,1.00,1.00
2017.06.21 07:24:56.146,1.04579,1.04598,1.00,1.00
2017.06.21 07:24:56.437,1.04582,1.04598,1.00,1.00
2017.06.21 07:24:57.023,1.04582,1.04599,1.00,1.00
2017.06.21 07:24:58.365,1.0458,1.04598,1.50,1.00
2017.06.21 07:24:58.744,1.0458,1.04596,1.00,1.00
2017.06.21 07:24:58.848,1.0458,1.04599,1.50,1.50
2017.06.21 07:24:58.900,1.0458,1.04601,1.50,1.37
2017.06.21 07:24:59.157,1.04582,1.04601,1.00,1.37
2017.06.21 07:24:59.259,1.0458,1.04599,1.50,1.00
2017.06.21 07:24:59.563,1.0458,1.04597,1.00,1.00
2017.06.21 07:24:59.907,1.0458,1.046,1.00,1.12
2017.06.21 07:25:01.088,1.04581,1.046,1.50,1.00
2017.06.21 07:25:01.791,1.04582,1.046,1.00,1.00
2017.06.21 07:25:01.901,1.04578,1.04599,1.00,1.00
2017.06.21 07:25:01.952,1.04578,1.04597,1.00,1.00
2017.06.21 07:25:02.270,1.04581,1.046,1.00,1.37
2017.06.21 07:25:02.774,1.04582,1.046,1.00,1.00
2017.06.21 07:25:03.702,1.04581,1.046,1.00,1.00
2017.06.21 07:25:03.935,1.04578,1.04598,1.50,1.00
2017.06.21 07:25:04.037,1.04578,1.04596,1.00,1.00
2017.06.21 07:25:04.139,1.04576,1.04595,1.50,1.00
2017.06.21 07:25:04.659,1.04576,1.04594,1.00,1.00
2017.06.21 07:25:05.161,1.04575,1.04594,1.00,1.00
2017.06.21 07:25:06.482,1.04576,1.04594,1.00,1.00
2017.06.21 07:25:08.646,1.04575,1.04593,1.00,1.00
2017.06.21 07:25:08.748,1.04573,1.04592,1.50,1.00
2017.06.21 07:25:09.966,1.04572,1.04592,1.50,1.00
2017.06.21 07:25:10.500,1.04573,1.04592,1.00,1.00
2017.06.21 07:25:11.095,1.04572,1.04592,1.50,1.00
2017.06.21 07:25:11.624,1.04573,1.04592,1.00,1.00
2017.06.21 07:25:12.484,1.04572,1.04592,1.00,1.00
2017.06.21 07:25:12.990,1.04572,1.04591,1.00,1.00
2017.06.21 07:25:15.256,1.04573,1.04591,1.00,1.00
2017.06.21 07:25:16.602,1.04573,1.04593,1.50,1.00
2017.06.21 07:25:17.115,1.04574,1.04593,1.00,1.00
2017.06.21 07:25:18.212,1.04573,1.04593,1.00,1.00
2017.06.21 07:25:19.146,1.04572,1.04593,2.25,1.00
2017.06.21 07:25:19.672,1.04573,1.04593,1.00,1.00
2017.06.21 07:25:20.175,1.04572,1.04591,1.50,1.00
2017.06.21 07:25:20.379,1.04568,1.04588,1.00,1.00
2017.06.21 07:25:20.481,1.04567,1.04586,1.50,1.00
2017.06.21 07:25:20.532,1.04567,1.04588,2.25,1.00
2017.06.21 07:25:20.634,1.0457,1.04589,1.00,1.00
2017.06.21 07:25:20.939,1.04569,1.04587,1.00,1.00
2017.06.21 07:25:21.342,1.04571,1.04588,1.00,1.00
2017.06.21 07:25:21.902,1.0457,1.04587,1.00,1.00
2017.06.21 07:25:22.056,1.04568,1.04587,1.00,1.00
2017.06.21 07:25:22.547,1.04566,1.04586,1.50,1.00
2017.06.21 07:25:22.765,1.04568,1.04586,1.00,1.00
2017.06.21 07:25:22.918,1.04568,1.04588,1.00,1.00
2017.06.21 07:25:23.464,1.04569,1.04588,1.50,1.00
2017.06.21 07:25:24.063,1.0457,1.04588,1.00,1.00
2017.06.21 07:25:24.733,1.04569,1.04588,1.50,1.00
2017.06.21 07:25:25.523,1.04568,1.04588,1.00,1.00
2017.06.21 07:25:26.033,1.04568,1.04587,1.00,1.00
2017.06.21 07:25:26.588,1.04567,1.04587,1.00,1.00
2017.06.21 07:25:27.111,1.04568,1.04587,1.00,1.00
2017.06.21 07:25:28.515,1.04569,1.04587,1.00,1.00
2017.06.21 07:25:29.200,1.04568,1.04587,1.00,1.00
2017.06.21 07:25:30.739,1.04569,1.04587,1.00,1.00
2017.06.21 07:25:31.280,1.04568,1.04587,1.00,1.00
2017.06.21 07:25:31.566,1.04569,1.04589,1.00,1.00
2017.06.21 07:25:32.340,1.04568,1.04589,1.50,1.00
2017.06.21 07:25:32.613,1.0457,1.04587,1.00,1.00
2017.06.21 07:25:32.664,1.04568,1.04587,1.00,1.00
2017.06.21 07:25:32.977,1.04567,1.04585,1.50,1.00
2017.06.21 07:25:33.513,1.04568,1.04585,1.00,1.00
2017.06.21 07:25:34.061,1.04567,1.04585,1.50,1.00
2017.06.21 07:25:34.582,1.04565,1.04584,1.50,1.00
2017.06.21 07:25:35.113,1.04566,1.04584,1.00,1.00
2017.06.21 07:25:35.500,1.04565,1.04582,1.00,1.00
2017.06.21 07:25:38.981,1.04565,1.04583,1.00,1.12
2017.06.21 07:25:40.696,1.04565,1.04582,1.00,1.00
2017.06.21 07:25:42.030,1.04565,1.04584,1.00,1.37
2017.06.21 07:25:42.642,1.04565,1.04582,1.00,1.00
2017.06.21 07:25:43.100,1.04566,1.04585,1.12,1.00
2017.06.21 07:25:43.323,1.04567,1.04586,1.87,1.00
2017.06.21 07:25:43.770,1.04567,1.04588,1.87,1.00
2017.06.21 07:25:44.453,1.04567,1.04586,1.00,1.00
2017.06.21 07:25:45.660,1.04566,1.04586,1.50,1.00
2017.06.21 07:25:46.267,1.04567,1.04586,1.00,1.00
2017.06.21 07:25:47.029,1.04568,1.04587,1.00,1.00
2017.06.21 07:25:47.334,1.0457,1.04587,1.00,1.00
2017.06.21 07:25:47.437,1.04569,1.04589,1.00,1.00
2017.06.21 07:25:48.041,1.0457,1.04589,1.00,1.00
2017.06.21 07:25:48.558,1.04569,1.04589,1.00,1.00
2017.06.21 07:25:49.308,1.0457,1.04589,1.00,1.00
2017.06.21 07:25:49.954,1.04571,1.0459,1.00,1.00
2017.06.21 07:25:50.471,1.0457,1.0459,1.50,1.00
2017.06.21 07:25:50.977,1.04571,1.0459,1.00,1.00
2017.06.21 07:25:51.303,1.04569,1.0459,1.50,1.00
2017.06.21 07:25:51.912,1.0457,1.0459,1.00,1.00
2017.06.21 07:25:52.480,1.04569,1.0459,1.50,1.00
2017.06.21 07:25:54.230,1.0457,1.0459,1.00,1.00
2017.06.21 07:25:54.623,1.04572,1.04592,1.00,1.00
2017.06.21 07:25:55.130,1.04572,1.04591,1.00,1.00
2017.06.21 07:25:55.385,1.04572,1.04595,1.00,1.87
2017.06.21 07:25:55.524,1.04571,1.04595,2.25,1.12
2017.06.21 07:25:55.580,1.04574,1.04595,1.00,1.12
2017.06.21 07:25:56.451,1.04571,1.04591,1.50,1.00
2017.06.21 07:25:56.918,1.04571,1.04589,1.00,1.00
2017.06.21 07:25:57.122,1.04569,1.0459,1.50,1.00
2017.06.21 07:25:57.224,1.04571,1.0459,1.00,1.00
2017.06.21 07:25:57.564,1.0457,1.04588,1.00,1.00
2017.06.21 07:25:57.921,1.04568,1.04588,1.50,1.00
2017.06.21 07:25:58.378,1.0457,1.04588,1.00,1.00
2017.06.21 07:25:58.920,1.04571,1.04588,1.00,1.00
2017.06.21 07:25:59.133,1.04569,1.04588,1.50,1.00
2017.06.21 07:25:59.850,1.04569,1.04589,1.00,1.00
2017.06.21 07:26:00.622,1.04568,1.04589,1.00,1.00
2017.06.21 07:26:00.825,1.0457,1.0459,1.00,1.00
2017.06.21 07:26:01.394,1.04569,1.0459,1.00,1.00
2017.06.21 07:26:01.924,1.0457,1.0459,1.00,1.00
2017.06.21 07:26:04.616,1.04569,1.0459,1.00,1.00
2017.06.21 07:26:04.925,1.0457,1.04588,1.00,1.00
2017.06.21 07:26:05.473,1.04571,1.04588,1.00,1.00
2017.06.21 07:26:05.689,1.0457,1.0459,1.00,1.00
2017.06.21 07:26:06.645,1.04571,1.0459,1.00,1.00
2017.06.21 07:26:07.094,1.0457,1.04588,1.00,1.00
2017.06.21 07:26:07.285,1.04568,1.04587,1.50,1.00
2017.06.21 07:26:08.224,1.04567,1.04587,1.50,1.00
2017.06.21 07:26:08.757,1.04566,1.04585,1.00,1.00
2017.06.21 07:26:09.266,1.04565,1.04584,1.50,1.00
2017.06.21 07:26:09.615,1.04565,1.04586,1.87,1.00
2017.06.21 07:26:10.141,1.04565,1.04585,2.62,1.00
2017.06.21 07:26:10.637,1.04564,1.04581,1.00,1.60
2017.06.21 07:26:10.689,1.04562,1.04579,1.00,1.00
2017.06.21 07:26:10.793,1.04559,1.04579,1.00,1.00
2017.06.21 07:26:11.467,1.0456,1.04579,1.00,1.00
2017.06.21 07:26:12.029,1.04559,1.04579,1.50,1.00
2017.06.21 07:26:12.874,1.04558,1.04578,2.25,1.00
2017.06.21 07:26:13.496,1.04559,1.04578,1.50,1.00
2017.06.21 07:26:15.935,1.0456,1.04578,1.00,1.00
2017.06.21 07:26:17.284,1.04559,1.04578,1.50,1.00
2017.06.21 07:26:17.795,1.04561,1.04578,1.00,1.00
2017.06.21 07:26:18.722,1.0456,1.04578,1.00,1.00
2017.06.21 07:26:19.304,1.04561,1.04578,1.00,1.00
2017.06.21 07:26:21.230,1.04559,1.04578,1.00,1.00
2017.06.21 07:26:22.299,1.0456,1.04578,1.00,1.00
2017.06.21 07:26:23.959,1.04561,1.04578,1.00,1.00
2017.06.21 07:26:24.867,1.0456,1.04578,1.00,1.00
2017.06.21 07:26:25.387,1.04559,1.04578,1.00,1.00
2017.06.21 07:26:26.202,1.0456,1.04578,1.00,1.00
2017.06.21 07:26:27.480,1.04561,1.0458,1.00,1.00
2017.06.21 07:26:28.434,1.04562,1.0458,1.00,1.00
2017.06.21 07:26:28.965,1.0456,1.0458,1.00,1.00
2017.06.21 07:26:30.928,1.04561,1.0458,1.00,1.00
2017.06.21 07:26:31.434,1.0456,1.0458,1.00,1.00
2017.06.21 07:26:32.543,1.04562,1.0458,1.00,1.00
2017.06.21 07:26:32.696,1.0456,1.04581,1.50,1.00
2017.06.21 07:26:32.748,1.04561,1.04583,1.37,1.00
2017.06.21 07:26:33.256,1.04564,1.04585,1.00,1.00
2017.06.21 07:26:34.468,1.04563,1.04585,1.50,1.00
2017.06.21 07:26:34.570,1.04563,1.04583,1.50,1.00
2017.06.21 07:26:34.903,1.04566,1.04586,1.00,1.00
2017.06.21 07:26:35.451,1.04565,1.04585,1.00,1.00
2017.06.21 07:26:36.125,1.04564,1.04585,1.00,1.00
2017.06.21 07:26:36.667,1.04564,1.04584,1.00,1.00
2017.06.21 07:26:37.175,1.04563,1.04583,1.50,1.00
2017.06.21 07:26:37.522,1.04565,1.04585,1.00,1.00
2017.06.21 07:26:37.830,1.04564,1.04583,1.00,1.00
2017.06.21 07:26:38.315,1.04561,1.04583,1.50,1.00
2017.06.21 07:26:38.366,1.04562,1.04581,1.00,1.00
2017.06.21 07:26:39.362,1.04561,1.04581,1.50,1.00
2017.06.21 07:26:39.895,1.04562,1.0458,1.00,1.00
2017.06.21 07:26:40.482,1.04561,1.0458,1.50,1.00
2017.06.21 07:26:40.906,1.04559,1.04579,1.50,1.00
2017.06.21 07:26:41.977,1.0456,1.04579,1.00,1.00
2017.06.21 07:26:42.079,1.04558,1.04579,2.25,1.00
2017.06.21 07:26:43.403,1.04559,1.04579,1.00,1.00
2017.06.21 07:26:44.438,1.04558,1.04579,1.50,1.00
2017.06.21 07:26:45.468,1.0456,1.04579,1.00,1.00
2017.06.21 07:26:46.141,1.04561,1.04579,1.00,1.00
2017.06.21 07:26:46.927,1.04563,1.04579,1.00,1.00
2017.06.21 07:26:47.459,1.04562,1.04579,1.00,1.00
2017.06.21 07:26:49.141,1.04563,1.04579,1.00,1.00
2017.06.21 07:26:54.414,1.04561,1.04579,1.00,1.00
2017.06.21 07:26:55.114,1.04563,1.04579,1.00,1.00
2017.06.21 07:26:55.628,1.0456,1.04579,1.50,1.00
2017.06.21 07:26:56.354,1.0456,1.0458,1.00,1.00
2017.06.21 07:26:56.710,1.04562,1.04581,1.00,1.00
2017.06.21 07:26:57.444,1.04563,1.04581,1.50,1.00
2017.06.21 07:26:58.349,1.04563,1.04582,1.00,1.00
2017.06.21 07:26:58.872,1.04564,1.04583,1.00,1.00
2017.06.21 07:26:59.425,1.04563,1.04583,1.00,1.00
2017.06.21 07:27:00.006,1.04564,1.04583,1.00,1.00
2017.06.21 07:27:00.160,1.04563,1.04585,1.50,1.00
2017.06.21 07:27:00.465,1.04564,1.04583,1.00,1.00
2017.06.21 07:27:00.567,1.04562,1.04583,1.50,1.00
2017.06.21 07:27:00.770,1.04564,1.04582,1.00,1.00
2017.06.21 07:27:01.025,1.04562,1.04583,1.50,1.00
2017.06.21 07:27:01.703,1.04564,1.04583,1.00,1.00
2017.06.21 07:27:03.578,1.04563,1.04583,1.00,1.00
2017.06.21 07:27:03.884,1.04565,1.04582,1.00,1.00
2017.06.21 07:27:04.002,1.04563,1.04582,1.00,1.00
2017.06.21 07:27:04.512,1.04562,1.04581,1.00,1.00
2017.06.21 07:27:05.018,1.04563,1.04581,1.00,1.00
2017.06.21 07:27:05.914,1.04562,1.0458,1.00,1.00
2017.06.21 07:27:06.168,1.0456,1.0458,1.00,1.00
2017.06.21 07:27:06.718,1.04562,1.0458,1.00,1.00
2017.06.21 07:27:18.691,1.04563,1.0458,1.00,1.00
2017.06.21 07:27:18.996,1.04561,1.0458,1.00,1.00
2017.06.21 07:27:19.200,1.04563,1.04581,1.50,1.00
2017.06.21 07:27:19.723,1.04562,1.04581,1.50,1.00
2017.06.21 07:27:20.243,1.04561,1.04581,1.50,1.00
2017.06.21 07:27:20.823,1.04562,1.04581,1.00,1.00
2017.06.21 07:27:21.324,1.04561,1.04581,1.50,1.00
2017.06.21 07:27:22.696,1.04562,1.04581,1.00,1.00
2017.06.21 07:27:23.304,1.04562,1.0458,1.00,1.00
2017.06.21 07:27:25.326,1.04564,1.04582,1.00,1.00
2017.06.21 07:27:25.430,1.04564,1.04585,1.00,1.12
2017.06.21 07:27:25.819,1.04566,1.04586,1.00,1.00
2017.06.21 07:27:27.013,1.04565,1.04586,1.50,1.00
2017.06.21 07:27:27.540,1.04566,1.04586,1.00,1.00
2017.06.21 07:27:28.824,1.04567,1.04586,1.00,1.00
2017.06.21 07:27:30.065,1.04567,1.04582,1.00,1.00
2017.06.21 07:27:30.118,1.04564,1.04581,1.00,1.00
2017.06.21 07:27:30.220,1.04562,1.04581,1.00,1.00
2017.06.21 07:27:30.766,1.04563,1.04581,1.00,1.00
2017.06.21 07:27:30.817,1.04561,1.04581,1.50,1.00
2017.06.21 07:27:31.020,1.04563,1.04582,1.00,1.00
2017.06.21 07:27:31.122,1.04561,1.04582,1.50,1.00
2017.06.21 07:27:31.666,1.04562,1.04582,1.00,1.00
2017.06.21 07:27:32.394,1.0456,1.04582,2.25,1.50
2017.06.21 07:27:32.446,1.04561,1.0458,1.00,1.00
2017.06.21 07:27:34.261,1.04563,1.04581,1.00,1.00
2017.06.21 07:27:34.888,1.04562,1.04581,1.00,1.00
2017.06.21 07:27:36.620,1.04561,1.04581,2.25,1.00
2017.06.21 07:27:37.144,1.0456,1.04579,1.00,1.00
2017.06.21 07:27:37.521,1.0456,1.04577,1.00,1.00
2017.06.21 07:27:38.020,1.04562,1.04577,1.00,1.00
2017.06.21 07:27:38.465,1.0456,1.0458,1.00,1.00
2017.06.21 07:27:38.567,1.0456,1.04582,1.00,1.00
2017.06.21 07:27:38.730,1.04568,1.04583,1.00,1.12
2017.06.21 07:27:39.045,1.04565,1.04583,1.00,1.00
2017.06.21 07:27:39.502,1.04567,1.04584,1.50,1.00
2017.06.21 07:27:39.908,1.04565,1.04584,1.50,1.00
2017.06.21 07:27:40.195,1.04566,1.04586,1.00,1.50
2017.06.21 07:27:40.719,1.04567,1.04586,1.00,1.00
2017.06.21 07:27:41.267,1.04566,1.04586,1.00,1.00
2017.06.21 07:27:41.773,1.04567,1.04586,1.00,1.00
2017.06.21 07:27:42.528,1.04566,1.04586,1.50,1.00
2017.06.21 07:27:43.067,1.04567,1.04586,1.00,1.00
2017.06.21 07:27:43.577,1.04566,1.04586,1.50,1.00
2017.06.21 07:27:43.831,1.04568,1.04586,1.00,1.00
2017.06.21 07:27:44.568,1.04567,1.04586,1.00,1.00
2017.06.21 07:27:45.075,1.04568,1.04586,1.50,1.00
2017.06.21 07:27:45.678,1.04567,1.04584,1.00,1.00
2017.06.21 07:27:45.881,1.04565,1.04584,2.25,1.00
2017.06.21 07:27:46.735,1.04566,1.04584,1.00,1.00
2017.06.21 07:27:49.695,1.04567,1.04584,1.00,1.00
2017.06.21 07:27:51.207,1.04568,1.04584,1.00,1.00
2017.06.21 07:27:51.762,1.04567,1.04583,1.00,1.00
2017.06.21 07:27:52.734,1.04565,1.04582,1.00,1.00
2017.06.21 07:27:53.245,1.04564,1.04582,2.25,1.00
2017.06.21 07:27:53.780,1.04565,1.04582,1.00,1.00
2017.06.21 07:27:53.881,1.04563,1.04582,1.50,1.00
2017.06.21 07:27:53.933,1.04563,1.0458,1.50,1.00
2017.06.21 07:27:54.136,1.04561,1.0458,2.25,1.00
2017.06.21 07:27:54.239,1.04563,1.0458,1.00,1.00
2017.06.21 07:27:54.793,1.04564,1.0458,1.00,1.00
2017.06.21 07:27:56.818,1.04563,1.0458,1.00,1.00
2017.06.21 07:27:57.127,1.04562,1.04578,1.00,1.00
2017.06.21 07:27:58.121,1.04564,1.04578,1.00,1.00
2017.06.21 07:28:03.965,1.04561,1.04577,1.50,1.00
2017.06.21 07:28:11.665,1.04561,1.04576,1.00,1.00
2017.06.21 07:28:11.768,1.0456,1.04578,1.00,1.12
2017.06.21 07:28:11.820,1.04563,1.04578,1.00,1.12
2017.06.21 07:28:12.141,1.04563,1.0458,1.00,1.00
2017.06.21 07:28:12.624,1.04561,1.0458,1.50,1.00
2017.06.21 07:28:12.812,1.04565,1.0458,1.00,1.00
2017.06.21 07:28:12.863,1.04562,1.0458,1.00,1.00
2017.06.21 07:28:13.411,1.04562,1.04579,1.50,1.00
2017.06.21 07:28:15.032,1.04562,1.04578,1.00,1.00
2017.06.21 07:28:22.516,1.04563,1.04578,1.00,1.00
2017.06.21 07:28:23.534,1.04563,1.04579,1.00,1.00
2017.06.21 07:28:24.076,1.04562,1.04578,1.00,1.00
2017.06.21 07:28:25.717,1.04567,1.04582,1.00,1.75
2017.06.21 07:28:25.869,1.04576,1.04593,1.00,1.00
2017.06.21 07:28:25.921,1.04577,1.04595,1.50,1.00
2017.06.21 07:28:26.022,1.04577,1.04599,1.50,1.00
2017.06.21 07:28:26.327,1.0458,1.04599,1.00,1.00
2017.06.21 07:28:27.116,1.04579,1.04599,1.50,1.00
2017.06.21 07:28:27.268,1.04577,1.04598,1.00,1.00
2017.06.21 07:28:28.189,1.04578,1.04598,1.00,1.00
2017.06.21 07:28:32.790,1.04577,1.04598,1.50,1.00
2017.06.21 07:28:32.989,1.04578,1.04596,1.00,1.00
2017.06.21 07:28:33.091,1.04568,1.04587,1.00,1.00
2017.06.21 07:28:33.244,1.0458,1.0459,1.00,1.12
2017.06.21 07:28:33.295,1.04574,1.04592,1.00,1.00
2017.06.21 07:28:33.347,1.04577,1.04592,1.50,1.00
2017.06.21 07:28:33.398,1.04583,1.046,1.00,1.00
2017.06.21 07:28:33.501,1.04579,1.04599,1.00,1.00
2017.06.21 07:28:33.552,1.04579,1.04597,1.00,1.12
2017.06.21 07:28:33.705,1.04577,1.04596,1.00,1.00
2017.06.21 07:28:33.807,1.04577,1.04594,1.00,1.00
2017.06.21 07:28:33.958,1.04574,1.04594,1.00,1.00
2017.06.21 07:28:34.466,1.04574,1.04595,1.50,1.00
2017.06.21 07:28:34.517,1.04577,1.04596,1.00,1.00
2017.06.21 07:28:34.671,1.04573,1.04595,1.50,1.00
2017.06.21 07:28:34.722,1.04574,1.04593,1.00,1.00
2017.06.21 07:28:35.177,1.04569,1.04589,1.00,1.50
2017.06.21 07:28:35.278,1.04568,1.04587,1.00,1.00
2017.06.21 07:28:35.687,1.04566,1.04587,1.50,1.00
2017.06.21 07:28:36.192,1.04567,1.04586,1.00,1.00
2017.06.21 07:28:36.243,1.04566,1.04584,1.00,1.00
2017.06.21 07:28:36.448,1.04564,1.04584,2.25,1.00
2017.06.21 07:28:36.499,1.04561,1.04583,2.25,1.37
2017.06.21 07:28:37.024,1.04562,1.04583,1.00,1.00
2017.06.21 07:28:37.154,1.04562,1.04577,1.00,1.00
2017.06.21 07:28:37.206,1.04555,1.04575,1.00,1.00
2017.06.21 07:28:37.362,1.04557,1.04577,1.00,1.00
2017.06.21 07:28:37.670,1.0456,1.04581,1.00,1.50
2017.06.21 07:28:37.978,1.04569,1.0459,1.00,1.87
2017.06.21 07:28:38.138,1.04571,1.04592,1.00,1.00
2017.06.21 07:28:38.445,1.04573,1.04595,1.00,1.87
2017.06.21 07:28:38.954,1.04572,1.04595,1.50,2.25
2017.06.21 07:28:40.241,1.04571,1.04592,1.00,1.12
2017.06.21 07:28:40.584,1.04564,1.04585,1.00,1.50
2017.06.21 07:28:40.889,1.04562,1.04585,1.00,1.50
2017.06.21 07:28:40.940,1.04564,1.04585,1.00,1.50
2017.06.21 07:28:41.518,1.04563,1.04585,1.00,2.62
2017.06.21 07:28:42.009,1.04561,1.04585,1.50,2.62
2017.06.21 07:28:42.544,1.0456,1.04585,1.50,4.12
2017.06.21 07:28:43.038,1.04563,1.04585,1.00,4.50
2017.06.21 07:28:43.427,1.04561,1.04584,1.00,1.50
2017.06.21 07:28:43.551,1.04558,1.0458,1.00,1.05
2017.06.21 07:28:43.653,1.04557,1.04581,1.00,1.12
2017.06.21 07:28:44.049,1.04558,1.0458,1.00,1.12
2017.06.21 07:28:44.275,1.0456,1.04583,1.00,1.75
2017.06.21 07:28:44.529,1.04563,1.04586,1.00,1.75
2017.06.21 07:28:45.077,1.04563,1.04584,1.00,1.87
2017.06.21 07:28:45.686,1.04562,1.04583,1.00,1.00
2017.06.21 07:28:46.127,1.04561,1.04582,1.00,1.50
2017.06.21 07:28:46.230,1.04559,1.04582,1.00,1.50
2017.06.21 07:28:46.865,1.04556,1.04578,1.00,1.00
2017.06.21 07:28:46.999,1.04554,1.04577,1.50,1.50
2017.06.21 07:28:47.051,1.04553,1.04573,1.00,1.00
2017.06.21 07:28:47.306,1.0455,1.04572,1.00,1.50
2017.06.21 07:28:48.997,1.0455,1.04571,1.00,1.37
2017.06.21 07:28:49.049,1.04548,1.04571,2.25,3.37
2017.06.21 07:28:49.580,1.04548,1.0457,1.00,2.62
2017.06.21 07:28:50.191,1.04547,1.0457,1.00,2.62
2017.06.21 07:28:50.791,1.04546,1.04571,2.25,4.87
2017.06.21 07:28:51.334,1.04546,1.0457,2.25,1.12
2017.06.21 07:28:51.703,1.04547,1.04565,1.00,1.00
2017.06.21 07:28:51.806,1.0454,1.04559,1.00,1.00
2017.06.21 07:28:51.907,1.04539,1.04554,1.00,1.00
2017.06.21 07:28:51.961,1.04535,1.04556,1.50,1.50
2017.06.21 07:28:52.063,1.04533,1.04556,1.00,3.75
2017.06.21 07:28:52.115,1.04532,1.04552,1.50,1.00
2017.06.21 07:28:52.269,1.04529,1.04553,2.62,1.00
2017.06.21 07:28:52.472,1.04527,1.04553,1.50,1.00
2017.06.21 07:28:52.794,1.0453,1.04553,1.00,1.50
2017.06.21 07:28:53.417,1.04529,1.04553,1.50,1.50
2017.06.21 07:28:53.950,1.04529,1.04552,1.00,1.00
2017.06.21 07:28:54.530,1.04529,1.04553,1.00,1.50
2017.06.21 07:28:54.581,1.04526,1.04553,3.00,1.50
2017.06.21 07:28:54.684,1.04526,1.04546,2.25,1.00
2017.06.21 07:28:55.103,1.04526,1.04546,1.50,1.00
2017.06.21 07:28:56.472,1.04526,1.04546,3.00,1.00
2017.06.21 07:28:56.803,1.04525,1.04542,1.37,1.00
2017.06.21 07:28:57.113,1.04525,1.0454,1.37,1.00
2017.06.21 07:28:57.682,1.04525,1.04541,1.12,1.00
2017.06.21 07:28:58.184,1.04521,1.0454,2.25,1.00
2017.06.21 07:28:58.235,1.04521,1.0454,2.62,1.00
2017.06.21 07:28:59.062,1.04521,1.0454,3.00,1.00
2017.06.21 07:28:59.316,1.04521,1.04542,3.37,1.00
2017.06.21 07:28:59.857,1.04521,1.04543,1.50,1.00
2017.06.21 07:28:59.965,1.04522,1.04543,2.62,1.00
2017.06.21 07:29:00.070,1.04522,1.0454,1.00,1.00
2017.06.21 07:29:00.670,1.04521,1.04541,2.25,1.00
2017.06.21 07:29:01.190,1.04521,1.0454,1.50,1.00
2017.06.21 07:29:01.474,1.04521,1.04538,1.87,1.00
2017.06.21 07:29:02.006,1.0452,1.04539,1.50,1.00
2017.06.21 07:29:02.514,1.04518,1.04538,1.50,1.00
2017.06.21 07:29:02.843,1.04514,1.04532,1.38,1.00
2017.06.21 07:29:03.099,1.04513,1.04534,1.00,1.87
2017.06.21 07:29:03.625,1.04513,1.04534,1.00,1.50
2017.06.21 07:29:04.065,1.04508,1.0453,2.25,1.00
2017.06.21 07:29:04.370,1.04507,1.04528,1.00,1.00
2017.06.21 07:29:04.472,1.04505,1.04528,1.00,1.50
2017.06.21 07:29:04.685,1.04507,1.0453,2.25,1.50
2017.06.21 07:29:04.993,1.04504,1.04527,1.50,1.00
2017.06.21 07:29:05.045,1.04505,1.0453,1.50,1.50
2017.06.21 07:29:05.147,1.04513,1.04533,1.00,1.87
2017.06.21 07:29:05.295,1.04513,1.04534,1.00,1.12
2017.06.21 07:29:05.397,1.04512,1.04536,1.00,1.00
2017.06.21 07:29:05.449,1.04514,1.04536,1.00,1.00
2017.06.21 07:29:05.755,1.04513,1.04532,1.00,1.00
2017.06.21 07:29:05.971,1.04513,1.04534,1.00,1.00
2017.06.21 07:29:06.462,1.04517,1.04535,1.00,1.00
2017.06.21 07:29:06.672,1.04514,1.04536,3.75,1.00
2017.06.21 07:29:06.724,1.04516,1.04539,1.12,1.00
2017.06.21 07:29:06.827,1.04516,1.04539,1.12,1.00
2017.06.21 07:29:07.183,1.04519,1.0454,1.87,1.00
2017.06.21 07:29:07.723,1.04519,1.0454,1.00,1.00
2017.06.21 07:29:08.191,1.04517,1.04538,1.00,1.00
2017.06.21 07:29:08.710,1.04515,1.04539,3.37,1.00
2017.06.21 07:29:09.054,1.04515,1.04537,1.87,1.00
2017.06.21 07:29:09.285,1.04514,1.04537,3.75,1.00
2017.06.21 07:29:09.569,1.04514,1.04535,2.25,1.00
2017.06.21 07:29:10.643,1.04513,1.04535,2.62,1.00
2017.06.21 07:29:11.175,1.04514,1.04535,1.00,1.00
2017.06.21 07:29:12.548,1.04513,1.04535,1.00,1.00
2017.06.21 07:29:13.844,1.04514,1.04535,1.00,1.00
2017.06.21 07:29:14.882,1.04513,1.04535,1.50,1.00
2017.06.21 07:29:15.375,1.04515,1.04536,1.00,1.00
2017.06.21 07:29:15.479,1.04516,1.04539,2.25,1.50
2017.06.21 07:29:15.531,1.04518,1.04539,1.50,1.00
2017.06.21 07:29:15.856,1.04521,1.04541,1.50,1.00
2017.06.21 07:29:16.535,1.04521,1.04542,1.50,1.00
2017.06.21 07:29:16.638,1.04521,1.04544,2.25,1.00
2017.06.21 07:29:16.791,1.04523,1.04544,1.00,1.00
2017.06.21 07:29:18.102,1.04523,1.04542,1.50,1.00
2017.06.21 07:29:20.174,1.04524,1.04542,1.00,1.00
2017.06.21 07:29:20.685,1.04523,1.04542,1.00,1.00
2017.06.21 07:29:21.721,1.04524,1.04542,1.00,1.00
2017.06.21 07:29:22.028,1.04526,1.04543,1.00,1.00
2017.06.21 07:29:22.333,1.04523,1.04541,1.00,1.00
2017.06.21 07:29:22.384,1.0452,1.04541,1.00,1.00
2017.06.21 07:29:22.740,1.04518,1.04541,1.50,1.00
2017.06.21 07:29:23.103,1.04518,1.0454,1.00,1.50
2017.06.21 07:29:24.008,1.04515,1.0454,1.50,1.50
2017.06.21 07:29:24.220,1.04517,1.0454,1.00,1.50
2017.06.21 07:29:24.323,1.04515,1.0454,1.50,1.50
2017.06.21 07:29:24.944,1.04514,1.04539,2.25,1.12
2017.06.21 07:29:25.046,1.04514,1.04537,1.50,1.00
2017.06.21 07:29:25.576,1.04515,1.04537,1.00,1.00
2017.06.21 07:29:26.099,1.04514,1.04537,1.00,1.00
2017.06.21 07:29:26.516,1.04514,1.04533,1.00,1.00
2017.06.21 07:29:35.088,1.04514,1.04531,1.00,1.00
2017.06.21 07:29:35.596,1.04513,1.0453,1.00,1.00
2017.06.21 07:29:36.097,1.04512,1.0453,1.50,1.00
2017.06.21 07:29:36.638,1.04513,1.0453,1.00,1.00
2017.06.21 07:29:38.212,1.04513,1.04531,1.00,1.00
2017.06.21 07:29:40.373,1.04511,1.04531,1.50,1.00
2017.06.21 07:29:40.933,1.04512,1.04531,1.50,1.00
2017.06.21 07:29:44.954,1.04513,1.04531,1.00,1.00
2017.06.21 07:29:45.828,1.04514,1.04532,1.00,1.00
2017.06.21 07:29:45.981,1.04517,1.04532,1.00,1.00
2017.06.21 07:29:51.194,1.04514,1.04532,1.00,1.00
2017.06.21 07:29:51.386,1.04517,1.04532,1.00,1.00
2017.06.21 07:29:53.676,1.04517,1.04535,1.00,1.50
2017.06.21 07:29:56.220,1.04514,1.04535,1.00,1.50
2017.06.21 07:29:56.594,1.04512,1.04531,1.50,1.00
2017.06.21 07:29:56.850,1.04511,1.04533,1.00,2.62
2017.06.21 07:29:57.003,1.04514,1.04534,1.50,3.37
2017.06.21 07:29:57.830,1.04513,1.04536,1.00,3.00
2017.06.21 07:29:57.983,1.04515,1.04536,1.00,1.50
2017.06.21 07:29:58.612,1.04514,1.04536,1.00,2.25
2017.06.21 07:30:02.043,1.04514,1.04537,1.50,1.50
2017.06.21 07:30:02.580,1.04515,1.04537,1.00,1.00
2017.06.21 07:30:03.343,1.04514,1.04537,1.50,1.00
2017.06.21 07:30:03.395,1.04517,1.04537,1.00,1.00
2017.06.21 07:30:03.936,1.04517,1.04538,1.00,1.87
2017.06.21 07:30:05.307,1.04516,1.04538,1.00,1.87
2017.06.21 07:30:05.852,1.04517,1.04538,1.00,1.12
2017.06.21 07:30:08.979,1.04518,1.04538,1.00,1.12
2017.06.21 07:30:09.621,1.04519,1.04539,1.00,1.50
2017.06.21 07:30:12.394,1.04519,1.0454,1.00,1.00
2017.06.21 07:30:13.416,1.04519,1.04539,1.00,1.00
2017.06.21 07:30:14.079,1.04519,1.04541,1.00,1.50
2017.06.21 07:30:14.625,1.04519,1.0454,1.00,1.00
2017.06.21 07:30:15.197,1.04519,1.04541,1.00,2.25
2017.06.21 07:30:16.659,1.0452,1.04541,1.00,2.25
2017.06.21 07:30:17.142,1.04522,1.04541,1.00,1.00
2017.06.21 07:30:17.389,1.04519,1.04541,1.00,1.50
2017.06.21 07:30:17.491,1.04517,1.0454,1.00,1.80
2017.06.21 07:30:18.021,1.04518,1.04539,1.00,2.25
2017.06.21 07:30:20.117,1.04518,1.04538,1.00,3.75
2017.06.21 07:30:20.634,1.04518,1.04537,1.00,1.00
2017.06.21 07:30:20.837,1.04516,1.04537,1.00,1.12
2017.06.21 07:30:21.033,1.04518,1.04539,1.00,1.87
2017.06.21 07:30:21.186,1.04519,1.04541,1.00,1.12
2017.06.21 07:30:22.100,1.04519,1.04542,1.00,1.53
2017.06.21 07:30:22.213,1.04522,1.04543,1.00,1.00
2017.06.21 07:30:22.520,1.04521,1.04545,1.00,1.53
2017.06.21 07:30:23.057,1.04521,1.04544,1.00,1.00
2017.06.21 07:30:24.051,1.04521,1.04546,1.00,2.58
2017.06.21 07:30:24.621,1.04522,1.04546,1.00,1.83
2017.06.21 07:30:25.241,1.04522,1.04546,1.00,2.17
2017.06.21 07:30:25.618,1.0452,1.04545,1.00,1.42
2017.06.21 07:30:25.669,1.04519,1.04543,1.50,1.00
2017.06.21 07:30:25.975,1.04522,1.04543,1.00,1.37
2017.06.21 07:30:26.485,1.04523,1.04544,1.00,1.50
2017.06.21 07:30:27.419,1.04522,1.04545,1.00,1.80
2017.06.21 07:30:28.053,1.04524,1.04546,1.00,2.62
2017.06.21 07:30:28.155,1.04525,1.04546,1.00,2.25
2017.06.21 07:30:28.207,1.04525,1.04546,1.00,1.12
2017.06.21 07:30:28.745,1.04524,1.04547,1.00,1.87
2017.06.21 07:30:28.949,1.04526,1.04548,1.00,1.87
2017.06.21 07:30:29.051,1.04526,1.04548,1.00,1.00
2017.06.21 07:30:29.685,1.04526,1.04549,1.00,1.00
2017.06.21 07:30:30.217,1.04526,1.04549,1.00,2.25
2017.06.21 07:30:30.732,1.04525,1.04549,1.00,2.25
2017.06.21 07:30:31.091,1.04525,1.04548,1.00,1.50
2017.06.21 07:30:39.305,1.04525,1.04547,1.00,1.50
2017.06.21 07:30:39.612,1.04523,1.04545,2.25,1.50
2017.06.21 07:30:41.258,1.04522,1.04545,1.50,1.50
2017.06.21 07:30:41.597,1.0452,1.04542,1.50,1.00
2017.06.21 07:30:42.106,1.04519,1.04543,1.50,1.37
2017.06.21 07:30:45.967,1.04519,1.04543,1.50,1.00
2017.06.21 07:30:46.272,1.04521,1.04544,1.00,1.00
2017.06.21 07:30:47.632,1.0452,1.04544,1.00,1.50
2017.06.21 07:30:48.084,1.04523,1.04545,1.00,1.80
2017.06.21 07:30:52.542,1.04524,1.04545,1.00,1.80
2017.06.21 07:30:54.009,1.04526,1.04549,1.00,1.87
2017.06.21 07:30:54.162,1.04527,1.0455,1.00,2.25
2017.06.21 07:30:54.264,1.04529,1.04551,1.50,1.75
2017.06.21 07:30:55.021,1.0453,1.04552,1.00,4.50
2017.06.21 07:30:58.648,1.04529,1.04552,1.00,2.25
2017.06.21 07:30:59.184,1.04528,1.04552,1.00,3.75
2017.06.21 07:31:04.534,1.04529,1.04543,1.00,1.00
2017.06.21 07:31:04.636,1.04525,1.04549,1.00,4.50
2017.06.21 07:31:04.738,1.04524,1.04544,1.50,1.00
2017.06.21 07:31:05.276,1.04523,1.04544,1.50,1.00
2017.06.21 07:31:05.684,1.04521,1.04543,1.50,1.12
2017.06.21 07:31:05.837,1.0452,1.04541,1.50,1.00
2017.06.21 07:31:06.241,1.04519,1.04543,2.25,1.00
2017.06.21 07:31:06.474,1.04521,1.04543,1.00,1.00
2017.06.21 07:31:08.511,1.0452,1.04543,1.00,1.50
2017.06.21 07:31:09.073,1.0452,1.04542,1.00,1.00
2017.06.21 07:31:10.363,1.04519,1.04542,1.50,1.00
2017.06.21 07:31:10.919,1.0452,1.04542,1.00,1.00
2017.06.21 07:31:11.473,1.0452,1.04543,1.00,1.00
2017.06.21 07:31:11.823,1.04518,1.04541,1.00,1.50
2017.06.21 07:31:12.078,1.04522,1.04548,2.25,1.50
2017.06.21 07:31:12.130,1.04524,1.0455,1.00,2.62
2017.06.21 07:31:12.478,1.04527,1.0455,1.00,1.87
2017.06.21 07:31:13.933,1.04528,1.0455,1.00,1.87
2017.06.21 07:31:14.458,1.04527,1.0455,1.50,1.87
2017.06.21 07:31:16.626,1.04528,1.04552,1.00,1.87
2017.06.21 07:31:17.170,1.04529,1.04552,1.00,3.00
2017.06.21 07:31:17.596,1.04527,1.04549,1.00,2.25
2017.06.21 07:31:17.698,1.04526,1.0455,1.00,1.50
2017.06.21 07:31:17.749,1.04526,1.04548,1.00,2.62
2017.06.21 07:31:17.801,1.04524,1.04548,1.50,2.62
2017.06.21 07:31:18.195,1.04523,1.04546,1.50,1.37
2017.06.21 07:31:18.703,1.04523,1.04545,1.00,1.37
2017.06.21 07:31:20.125,1.04525,1.04544,1.50,1.12
2017.06.21 07:31:20.176,1.04526,1.04549,1.00,2.25
2017.06.21 07:31:20.228,1.04538,1.04549,1.00,1.50
2017.06.21 07:31:20.280,1.04538,1.04558,1.00,3.00
2017.06.21 07:31:20.331,1.0454,1.04563,1.00,2.25
2017.06.21 07:31:20.382,1.04539,1.04563,1.00,1.12
2017.06.21 07:31:20.921,1.0454,1.04563,1.50,1.00
2017.06.21 07:31:21.593,1.04541,1.04563,1.00,1.12
2017.06.21 07:31:24.517,1.0454,1.04563,1.00,1.87
2017.06.21 07:31:24.933,1.04538,1.04563,1.50,1.12
2017.06.21 07:31:25.789,1.04538,1.04562,1.50,1.50
2017.06.21 07:31:26.290,1.04539,1.04563,1.00,2.62
2017.06.21 07:31:26.342,1.04539,1.04559,1.00,1.00
2017.06.21 07:31:26.393,1.04534,1.04557,1.00,1.37
2017.06.21 07:31:26.445,1.04531,1.04555,1.87,1.00
2017.06.21 07:31:26.547,1.0453,1.04553,1.50,1.12
2017.06.21 07:31:26.722,1.04528,1.04553,3.00,1.00
2017.06.21 07:31:27.520,1.04528,1.04552,1.50,1.00
2017.06.21 07:31:28.081,1.04529,1.04552,1.00,1.50
2017.06.21 07:31:28.653,1.04528,1.04552,1.50,1.50
2017.06.21 07:31:29.244,1.04529,1.04552,1.00,1.00
2017.06.21 07:31:29.749,1.0453,1.04552,1.00,1.00
2017.06.21 07:31:30.950,1.0453,1.04554,1.00,1.87
2017.06.21 07:31:31.052,1.04531,1.04555,1.50,1.12
2017.06.21 07:31:31.255,1.04533,1.04557,1.00,1.00
2017.06.21 07:31:32.054,1.04532,1.04556,1.50,1.00
2017.06.21 07:31:33.725,1.04533,1.04556,1.00,1.00
2017.06.21 07:31:38.347,1.04532,1.04556,1.50,1.00
2017.06.21 07:31:39.525,1.04533,1.04556,1.00,1.00
2017.06.21 07:31:40.061,1.04532,1.04556,1.50,1.00
2017.06.21 07:31:40.603,1.04531,1.04556,2.25,1.00
2017.06.21 07:31:41.872,1.04532,1.04556,1.00,1.00
2017.06.21 07:31:43.788,1.04533,1.04556,1.00,1.00
2017.06.21 07:31:44.706,1.04532,1.04556,1.00,1.00
2017.06.21 07:31:45.295,1.04533,1.04556,1.00,1.00
2017.06.21 07:31:45.688,1.04531,1.04556,1.50,1.00
2017.06.21 07:31:46.815,1.04533,1.04557,1.00,2.25
2017.06.21 07:31:47.278,1.04534,1.04559,3.75,1.00
2017.06.21 07:31:48.186,1.04534,1.04558,1.50,1.00
2017.06.21 07:31:48.713,1.04534,1.04557,1.00,1.00
2017.06.21 07:31:49.120,1.04534,1.04559,1.87,2.25
2017.06.21 07:31:49.716,1.04534,1.04558,1.87,1.00
2017.06.21 07:31:50.073,1.04534,1.04556,1.50,1.00
2017.06.21 07:31:50.587,1.04534,1.04557,1.00,1.50
2017.06.21 07:31:50.799,1.04532,1.04557,1.50,1.50
2017.06.21 07:31:51.467,1.04532,1.04556,1.00,1.50
2017.06.21 07:31:52.028,1.04532,1.04555,1.00,1.00
2017.06.21 07:31:52.564,1.04532,1.04556,1.00,1.50
2017.06.21 07:31:54.218,1.04532,1.04554,1.00,1.00
2017.06.21 07:31:56.165,1.04532,1.04556,1.00,1.50
2017.06.21 07:31:56.685,1.04532,1.04555,1.00,1.00
2017.06.21 07:31:57.357,1.04532,1.04556,1.00,1.00
2017.06.21 07:31:58.288,1.04532,1.04557,1.00,1.00
2017.06.21 07:31:58.838,1.04533,1.04557,1.00,1.50
2017.06.21 07:31:59.442,1.04532,1.04556,1.50,1.00
2017.06.21 07:31:59.995,1.04532,1.04557,1.00,2.25
2017.06.21 07:32:01.781,1.04533,1.04558,1.00,1.50
2017.06.21 07:32:02.856,1.04533,1.04557,1.00,1.00
2017.06.21 07:32:03.009,1.04531,1.04557,2.62,1.00
2017.06.21 07:32:03.443,1.0453,1.04555,1.50,1.12
2017.06.21 07:32:04.514,1.04532,1.04555,1.00,2.25
2017.06.21 07:32:04.566,1.0453,1.04555,2.62,2.62
2017.06.21 07:32:05.440,1.0453,1.04556,1.12,2.25
2017.06.21 07:32:07.047,1.0453,1.04555,1.87,1.00
2017.06.21 07:32:07.098,1.0453,1.04557,1.12,4.87
2017.06.21 07:32:07.394,1.0453,1.04555,1.87,1.00
2017.06.21 07:32:08.035,1.0453,1.04556,1.87,1.00
2017.06.21 07:32:09.023,1.04531,1.04556,1.00,1.00
2017.06.21 07:32:11.385,1.04531,1.04555,1.00,1.00
2017.06.21 07:32:13.083,1.04532,1.04555,1.00,1.00
2017.06.21 07:32:16.223,1.04531,1.04555,1.50,1.00
2017.06.21 07:32:16.750,1.04532,1.04555,1.00,1.00
2017.06.21 07:32:17.297,1.04531,1.04555,1.50,1.00
2017.06.21 07:32:17.938,1.04532,1.04555,1.00,1.00
2017.06.21 07:32:18.667,1.04531,1.04555,1.00,1.00
2017.06.21 07:32:19.174,1.04531,1.04554,1.00,1.00
2017.06.21 07:32:23.057,1.04531,1.04553,1.00,1.00
2017.06.21 07:32:24.199,1.0453,1.04553,1.12,1.00
2017.06.21 07:32:26.273,1.0453,1.04554,1.00,1.50
2017.06.21 07:32:29.888,1.0453,1.04552,1.00,1.00
2017.06.21 07:32:30.928,1.0453,1.04553,1.00,1.00
2017.06.21 07:32:32.696,1.04528,1.04553,1.50,1.00
2017.06.21 07:32:34.050,1.04528,1.04554,1.50,1.50
2017.06.21 07:32:34.607,1.04528,1.04553,1.50,1.00
2017.06.21 07:32:35.405,1.04528,1.04554,1.50,1.00
2017.06.21 07:32:36.188,1.04528,1.04553,1.50,1.50
2017.06.21 07:32:38.274,1.0453,1.04553,1.00,1.00
2017.06.21 07:32:39.222,1.0453,1.04552,1.00,1.00
2017.06.21 07:32:39.819,1.04529,1.04552,1.00,1.00
2017.06.21 07:32:41.821,1.04528,1.04552,1.50,1.00
2017.06.21 07:32:45.121,1.04527,1.04552,1.00,1.50
2017.06.21 07:32:45.426,1.04525,1.04549,1.50,1.00
2017.06.21 07:32:45.942,1.04525,1.0455,1.50,2.25
2017.06.21 07:32:46.464,1.04527,1.0455,1.00,1.50
2017.06.21 07:32:47.219,1.04526,1.0455,1.12,1.00
2017.06.21 07:32:47.821,1.04525,1.04551,1.50,1.00
2017.06.21 07:32:48.370,1.04525,1.04549,3.00,1.00
2017.06.21 07:32:48.893,1.04525,1.0455,3.00,1.50
2017.06.21 07:32:49.995,1.04525,1.04549,3.00,1.00
2017.06.21 07:32:54.386,1.04525,1.0455,1.50,1.50
2017.06.21 07:32:54.904,1.04525,1.04549,1.50,1.00
2017.06.21 07:32:56.510,1.04525,1.0455,1.50,2.25
2017.06.21 07:32:57.219,1.04525,1.04549,1.00,1.00
2017.06.21 07:32:59.842,1.04524,1.04549,1.00,1.50
2017.06.21 07:33:00.568,1.04524,1.04548,1.00,1.00
2017.06.21 07:33:01.795,1.04523,1.04548,1.00,1.00
2017.06.21 07:33:06.830,1.04524,1.04548,1.00,1.00
2017.06.21 07:33:07.333,1.04525,1.04549,1.00,1.00
2017.06.21 07:33:08.047,1.04523,1.04547,1.00,1.00
2017.06.21 07:33:09.251,1.04525,1.04549,1.00,1.00
2017.06.21 07:33:09.762,1.04524,1.04549,1.00,1.00
2017.06.21 07:33:11.414,1.04523,1.04549,2.25,1.50
2017.06.21 07:33:12.514,1.04523,1.04548,1.50,1.00
2017.06.21 07:33:13.783,1.04523,1.04549,1.12,1.50
2017.06.21 07:33:14.473,1.04523,1.04547,1.12,1.00
2017.06.21 07:33:15.563,1.04524,1.04549,1.00,1.00
2017.06.21 07:33:16.070,1.04525,1.04548,1.00,1.00
2017.06.21 07:33:16.564,1.04523,1.04548,3.37,1.00
2017.06.21 07:33:17.460,1.04523,1.04546,2.62,1.00
2017.06.21 07:33:19.757,1.04523,1.04542,1.12,1.00
2017.06.21 07:33:19.963,1.04515,1.0454,2.25,1.50
2017.06.21 07:33:20.515,1.04515,1.0454,1.50,2.25
2017.06.21 07:33:21.389,1.04515,1.04538,1.00,1.00
2017.06.21 07:33:25.244,1.04516,1.04538,1.00,1.00
2017.06.21 07:33:25.753,1.04515,1.04538,1.50,1.00
2017.06.21 07:33:26.248,1.04518,1.04538,1.00,1.00
2017.06.21 07:33:26.299,1.04515,1.04538,1.50,1.00
2017.06.21 07:33:26.907,1.04513,1.04536,1.50,1.00
2017.06.21 07:33:27.213,1.04512,1.04532,1.50,1.00
2017.06.21 07:33:27.366,1.04512,1.04534,1.50,1.50
2017.06.21 07:33:27.519,1.04511,1.04531,2.25,1.50
2017.06.21 07:33:28.020,1.0451,1.0453,1.50,1.00
2017.06.21 07:33:28.663,1.04509,1.0453,1.50,1.00
2017.06.21 07:33:28.810,1.0451,1.04532,1.50,2.25
2017.06.21 07:33:29.044,1.04508,1.04531,2.25,1.00
2017.06.21 07:33:29.569,1.04508,1.0453,1.50,1.00
2017.06.21 07:33:30.321,1.04507,1.0453,1.00,1.00
2017.06.21 07:33:30.911,1.04508,1.0453,1.00,1.00
2017.06.21 07:33:34.215,1.04508,1.04531,1.00,2.25
2017.06.21 07:33:35.055,1.04508,1.0453,1.00,1.00
2017.06.21 07:33:35.580,1.04508,1.04531,1.00,1.00
2017.06.21 07:33:35.631,1.04506,1.0453,3.75,1.00
2017.06.21 07:33:36.281,1.04507,1.04529,1.50,1.00
2017.06.21 07:33:37.136,1.04506,1.04529,1.50,1.50
2017.06.21 07:33:48.929,1.04507,1.0453,1.00,1.00
2017.06.21 07:33:49.136,1.04508,1.04532,1.00,1.50
2017.06.21 07:33:49.187,1.0451,1.04532,1.00,1.00
2017.06.21 07:33:50.120,1.0451,1.04531,1.00,1.00
2017.06.21 07:33:51.012,1.0451,1.04532,1.00,2.25
2017.06.21 07:33:51.325,1.04514,1.04534,1.00,2.25
2017.06.21 07:33:51.927,1.04514,1.04533,1.00,1.00
2017.06.21 07:33:52.233,1.04521,1.04538,1.00,1.00
2017.06.21 07:33:53.020,1.04522,1.04539,1.00,1.00
2017.06.21 07:33:53.753,1.04522,1.0454,1.00,1.50
2017.06.21 07:33:56.376,1.04523,1.04541,1.00,1.00
2017.06.21 07:33:57.861,1.04523,1.04542,1.00,1.00
2017.06.21 07:33:59.769,1.04523,1.04541,1.00,1.00
2017.06.21 07:33:59.821,1.0452,1.04541,1.00,1.00
2017.06.21 07:34:00.619,1.04519,1.04542,2.25,1.00
2017.06.21 07:34:00.772,1.04519,1.0454,1.00,1.00
2017.06.21 07:34:01.317,1.04518,1.0454,1.12,1.00
2017.06.21 07:34:01.823,1.04518,1.04541,1.12,1.50
2017.06.21 07:34:02.493,1.04518,1.0454,1.12,1.00
2017.06.21 07:34:03.248,1.0452,1.0454,1.00,1.00
2017.06.21 07:34:03.351,1.0452,1.04542,1.00,1.00
2017.06.21 07:34:08.680,1.0452,1.04541,3.00,1.00
2017.06.21 07:34:09.211,1.04519,1.04542,2.25,1.00
2017.06.21 07:34:09.990,1.0452,1.04543,1.50,1.50
2017.06.21 07:34:10.522,1.04519,1.04542,2.25,1.00
2017.06.21 07:34:11.140,1.0452,1.04541,1.00,1.00
2017.06.21 07:34:13.323,1.04517,1.0454,1.12,1.00
2017.06.21 07:34:13.425,1.04516,1.04538,1.50,1.12
2017.06.21 07:34:13.477,1.04515,1.04538,1.00,1.12
2017.06.21 07:34:13.528,1.04515,1.04538,1.87,1.75
2017.06.21 07:34:13.644,1.04515,1.04538,1.87,1.87
2017.06.21 07:34:13.698,1.04512,1.04535,1.00,1.00
2017.06.21 07:34:13.800,1.04509,1.04533,1.00,1.00
2017.06.21 07:34:14.119,1.04508,1.04531,3.00,1.00
2017.06.21 07:34:14.630,1.04508,1.0453,1.00,1.00
2017.06.21 07:34:14.950,1.04506,1.04526,1.00,1.12
2017.06.21 07:34:15.459,1.04505,1.04526,1.00,1.00
2017.06.21 07:34:15.993,1.04506,1.04527,1.00,2.25
2017.06.21 07:34:17.125,1.04506,1.04525,1.00,1.00
2017.06.21 07:34:17.876,1.04506,1.04526,1.00,1.87
2017.06.21 07:34:18.433,1.04505,1.04526,1.00,1.12
2017.06.21 07:34:19.019,1.04504,1.04526,1.00,1.87
2017.06.21 07:34:19.527,1.04503,1.04525,1.00,1.50
2017.06.21 07:34:20.043,1.04504,1.04524,1.00,1.00
2017.06.21 07:34:20.548,1.04503,1.04525,1.00,1.00
2017.06.21 07:34:21.535,1.04505,1.04525,1.00,1.00
2017.06.21 07:34:27.861,1.04505,1.04522,1.00,1.00
2017.06.21 07:34:27.912,1.04506,1.04525,1.00,3.00
2017.06.21 07:34:28.054,1.04504,1.04519,1.00,1.00
2017.06.21 07:34:28.210,1.04502,1.04522,1.50,1.61
2017.06.21 07:34:28.312,1.04505,1.04523,1.00,3.61
2017.06.21 07:34:28.364,1.04502,1.04522,1.50,1.37
2017.06.21 07:34:28.415,1.04505,1.04522,1.00,1.37
2017.06.21 07:34:28.618,1.04502,1.04522,1.50,1.37
2017.06.21 07:34:28.721,1.04505,1.04522,1.00,1.37
2017.06.21 07:34:28.824,1.04505,1.04523,1.00,2.11
2017.06.21 07:34:29.027,1.04503,1.04523,1.50,2.86
2017.06.21 07:34:29.183,1.04501,1.04518,1.00,2.48
2017.06.21 07:34:29.236,1.04499,1.04517,1.00,2.11
2017.06.21 07:34:29.390,1.04498,1.04519,1.00,2.25
2017.06.21 07:34:30.006,1.04499,1.0452,1.00,1.50
2017.06.21 07:34:30.877,1.04499,1.04519,1.00,1.00
2017.06.21 07:34:30.929,1.04501,1.04519,1.00,1.00
2017.06.21 07:34:31.031,1.04499,1.04519,1.00,1.00
2017.06.21 07:34:31.567,1.04499,1.0452,1.00,1.50
2017.06.21 07:34:32.117,1.04498,1.04519,1.50,1.00
2017.06.21 07:34:33.473,1.04498,1.0452,1.00,1.50
2017.06.21 07:34:34.120,1.04497,1.0452,1.00,1.50
2017.06.21 07:34:35.249,1.04497,1.04519,1.00,1.00
2017.06.21 07:34:35.808,1.04497,1.04518,1.00,1.00
2017.06.21 07:34:38.129,1.04496,1.04518,2.25,1.00
2017.06.21 07:34:44.301,1.04497,1.04518,1.00,1.50
2017.06.21 07:34:44.822,1.04496,1.04518,2.25,1.50
2017.06.21 07:34:45.161,1.04495,1.04515,1.12,1.50
2017.06.21 07:34:45.629,1.04496,1.04517,1.50,1.50
2017.06.21 07:34:50.816,1.04495,1.04516,2.25,1.00
2017.06.21 07:34:52.012,1.04497,1.04517,1.00,1.00
2017.06.21 07:34:59.780,1.04497,1.04518,1.00,2.25
2017.06.21 07:35:00.406,1.04495,1.04516,1.00,1.00
2017.06.21 07:35:01.001,1.04496,1.04515,1.00,1.00
2017.06.21 07:35:03.321,1.04495,1.04514,1.00,1.50
2017.06.21 07:35:03.851,1.04496,1.04514,1.00,1.50
2017.06.21 07:35:07.041,1.04496,1.04513,1.00,1.00
2017.06.21 07:35:07.586,1.04495,1.04513,1.00,1.00
2017.06.21 07:35:08.426,1.04495,1.04514,1.00,1.50
2017.06.21 07:35:09.636,1.04496,1.04514,1.00,1.00
2017.06.21 07:35:16.256,1.04496,1.04515,1.00,1.00
2017.06.21 07:35:18.621,1.04496,1.04516,1.00,1.50
2017.06.21 07:35:19.333,1.04496,1.04515,1.00,1.00
2017.06.21 07:35:19.894,1.04496,1.04514,1.00,1.00
2017.06.21 07:35:20.466,1.04495,1.04515,1.00,1.50
2017.06.21 07:35:22.771,1.04496,1.04515,1.00,2.25
2017.06.21 07:35:29.063,1.04495,1.04515,1.00,2.25
2017.06.21 07:35:29.369,1.04492,1.04508,1.00,1.50
2017.06.21 07:35:29.421,1.04492,1.0451,1.50,1.00
2017.06.21 07:35:29.523,1.04496,1.04515,1.00,3.00
2017.06.21 07:35:29.575,1.04496,1.04515,1.00,2.62
2017.06.21 07:35:29.927,1.04496,1.04512,1.00,1.00
2017.06.21 07:35:30.385,1.04498,1.04514,1.00,1.00
2017.06.21 07:35:30.436,1.04495,1.04514,1.50,1.00
2017.06.21 07:35:30.835,1.04496,1.0451,1.00,1.00
2017.06.21 07:35:31.245,1.04494,1.04513,1.00,1.50
2017.06.21 07:35:31.651,1.04493,1.04509,1.00,1.00
2017.06.21 07:35:31.848,1.04493,1.04512,1.00,1.12
2017.06.21 07:35:32.108,1.04492,1.0451,1.50,1.00
2017.06.21 07:35:32.638,1.04491,1.0451,1.50,1.12
2017.06.21 07:35:32.949,1.04493,1.04512,1.00,1.00
2017.06.21 07:35:34.033,1.04494,1.04512,1.00,1.00
2017.06.21 07:35:34.546,1.04493,1.04512,1.00,1.00
2017.06.21 07:35:35.103,1.04493,1.04513,1.00,1.50
2017.06.21 07:35:35.410,1.04496,1.04515,1.00,1.12
2017.06.21 07:35:35.513,1.04496,1.04517,1.00,1.50
2017.06.21 07:35:36.067,1.04496,1.04518,1.00,1.12
2017.06.21 07:35:36.631,1.04497,1.04517,1.00,1.00
2017.06.21 07:35:37.139,1.04496,1.04517,1.00,1.00
2017.06.21 07:35:43.225,1.04491,1.04509,3.00,1.00
2017.06.21 07:35:43.329,1.04491,1.04512,1.50,1.50
2017.06.21 07:35:43.380,1.04491,1.04508,1.37,1.00
2017.06.21 07:35:43.889,1.04491,1.04509,1.00,1.50
2017.06.21 07:35:44.741,1.04489,1.04509,2.63,1.00
2017.06.21 07:35:45.565,1.04491,1.04511,1.00,1.50
2017.06.21 07:35:45.931,1.04491,1.04509,1.00,1.00
2017.06.21 07:35:47.029,1.04491,1.04503,1.00,3.00
2017.06.21 07:35:47.131,1.04478,1.045,1.75,1.50
2017.06.21 07:35:47.233,1.0448,1.045,1.00,1.12
2017.06.21 07:35:47.437,1.04482,1.04498,1.00,1.00
2017.06.21 07:35:47.540,1.04481,1.045,1.75,1.12
2017.06.21 07:35:47.592,1.04481,1.045,1.00,1.12
2017.06.21 07:35:47.643,1.04485,1.04502,1.00,1.00
2017.06.21 07:35:47.957,1.04492,1.04502,1.00,1.00
2017.06.21 07:35:48.009,1.04488,1.04509,1.00,1.00
2017.06.21 07:35:48.060,1.0449,1.04509,1.00,1.00
2017.06.21 07:35:48.409,1.04488,1.04507,1.00,1.00
2017.06.21 07:35:48.931,1.04488,1.04508,1.00,1.50
2017.06.21 07:35:49.463,1.04489,1.04507,1.00,1.00
2017.06.21 07:35:49.514,1.04486,1.04507,1.00,1.00
2017.06.21 07:35:49.960,1.04486,1.04505,1.00,1.00
2017.06.21 07:35:50.872,1.04486,1.04506,1.00,1.50
2017.06.21 07:35:51.400,1.04486,1.04504,1.00,1.00
2017.06.21 07:35:51.933,1.04485,1.04504,1.00,1.00
2017.06.21 07:35:52.240,1.04484,1.04502,1.00,1.00
2017.06.21 07:35:52.768,1.04483,1.04501,1.00,1.00
2017.06.21 07:35:52.869,1.04483,1.04503,1.00,1.00
2017.06.21 07:35:53.383,1.04484,1.04503,1.00,1.00
2017.06.21 07:35:53.958,1.04483,1.04503,1.00,1.50
2017.06.21 07:35:54.060,1.04482,1.04501,1.00,1.00
2017.06.21 07:35:54.365,1.0449,1.04507,1.00,1.00
2017.06.21 07:35:54.466,1.0449,1.04509,1.00,1.12
2017.06.21 07:35:54.636,1.04486,1.04508,1.00,1.50
2017.06.21 07:35:54.840,1.04486,1.04506,1.00,1.00
2017.06.21 07:35:55.553,1.04482,1.04505,1.00,2.25
2017.06.21 07:35:55.655,1.04482,1.04503,1.00,1.50
2017.06.21 07:35:56.003,1.0449,1.04504,1.00,1.50
2017.06.21 07:35:56.055,1.04488,1.04504,1.50,1.00
2017.06.21 07:35:56.107,1.04491,1.04507,1.00,1.37
2017.06.21 07:35:56.159,1.04489,1.04507,1.00,1.37
2017.06.21 07:35:56.312,1.04487,1.04507,1.00,2.25
2017.06.21 07:35:56.824,1.04486,1.04506,1.00,1.00
2017.06.21 07:35:57.517,1.04486,1.04505,1.00,1.00
2017.06.21 07:35:58.297,1.04486,1.04506,1.00,1.00
2017.06.21 07:35:58.616,1.04483,1.04501,1.00,1.37
2017.06.21 07:35:58.718,1.04485,1.04506,1.00,1.50
2017.06.21 07:35:58.820,1.04487,1.04506,1.37,1.00
2017.06.21 07:35:58.973,1.04487,1.04506,1.00,1.87
2017.06.21 07:35:59.197,1.04486,1.04504,1.00,1.00
2017.06.21 07:36:00.180,1.04486,1.04505,1.00,1.00
2017.06.21 07:36:01.146,1.04487,1.04507,1.00,1.50
2017.06.21 07:36:01.299,1.04487,1.04509,1.00,3.00
2017.06.21 07:36:01.350,1.04487,1.04507,1.00,1.00
2017.06.21 07:36:01.656,1.04486,1.04505,1.00,1.00
2017.06.21 07:36:02.279,1.04486,1.04506,1.00,1.50
2017.06.21 07:36:02.796,1.04486,1.04505,1.00,1.00
2017.06.21 07:36:03.381,1.04486,1.04506,1.00,1.50
2017.06.21 07:36:04.097,1.04486,1.04505,1.00,1.00
2017.06.21 07:36:04.685,1.04484,1.04505,1.00,1.50
2017.06.21 07:36:05.442,1.04486,1.04505,1.00,1.50
2017.06.21 07:36:05.967,1.04486,1.04504,1.00,1.00
2017.06.21 07:36:06.930,1.04486,1.04506,1.00,1.50
2017.06.21 07:36:08.929,1.04489,1.04509,1.00,3.37
2017.06.21 07:36:09.234,1.04488,1.04506,1.00,1.00
2017.06.21 07:36:09.285,1.04486,1.04506,1.00,1.00
2017.06.21 07:36:09.817,1.04489,1.04507,1.00,1.00
2017.06.21 07:36:10.122,1.04492,1.04509,1.00,1.50
2017.06.21 07:36:10.721,1.04492,1.0451,1.00,1.50
2017.06.21 07:36:10.875,1.04492,1.04512,1.00,1.50
2017.06.21 07:36:10.927,1.04494,1.04511,1.00,1.00
2017.06.21 07:36:10.978,1.04494,1.04513,1.00,1.50
2017.06.21 07:36:11.889,1.04494,1.04512,1.00,1.00
2017.06.21 07:36:12.905,1.04493,1.04513,1.00,1.50
2017.06.21 07:36:13.335,1.04493,1.04511,1.00,1.00
2017.06.21 07:36:14.388,1.04493,1.04513,1.00,1.00
2017.06.21 07:36:15.003,1.04493,1.04512,1.00,1.00
2017.06.21 07:36:15.526,1.04494,1.04513,1.00,1.00
2017.06.21 07:36:16.117,1.04494,1.04514,1.00,1.00
2017.06.21 07:36:18.412,1.04493,1.04514,1.00,1.00
2017.06.21 07:36:18.939,1.04493,1.04513,1.00,1.00
2017.06.21 07:36:19.469,1.04492,1.04512,1.00,1.00
2017.06.21 07:36:20.049,1.04491,1.04512,1.00,1.00
2017.06.21 07:36:20.933,1.04491,1.04511,1.00,1.00
2017.06.21 07:36:21.420,1.0449,1.04509,1.00,1.00
2017.06.21 07:36:23.354,1.0449,1.0451,1.00,1.50
2017.06.21 07:36:23.831,1.04487,1.0451,2.25,1.00
2017.06.21 07:36:24.193,1.0449,1.04513,1.50,1.00
2017.06.21 07:36:24.550,1.04488,1.04512,1.87,2.25
2017.06.21 07:36:24.868,1.04487,1.0451,1.00,1.00
2017.06.21 07:36:24.920,1.04485,1.04509,3.00,1.00
2017.06.21 07:36:25.439,1.04485,1.0451,3.37,1.50
2017.06.21 07:36:25.951,1.04485,1.04509,1.87,1.00
2017.06.21 07:36:26.513,1.04485,1.04508,2.25,1.00
2017.06.21 07:36:26.616,1.04485,1.0451,2.62,2.25
2017.06.21 07:36:27.133,1.04486,1.0451,1.50,3.00
2017.06.21 07:36:27.669,1.04485,1.04509,4.50,1.00
2017.06.21 07:36:28.185,1.04486,1.04509,1.00,1.00
2017.06.21 07:36:29.864,1.04487,1.04508,1.00,1.00
2017.06.21 07:36:30.484,1.04487,1.04509,1.00,1.50
2017.06.21 07:36:31.398,1.04487,1.04507,1.00,1.50
2017.06.21 07:36:31.501,1.04481,1.04507,1.75,2.25
2017.06.21 07:36:31.553,1.0448,1.04503,1.37,1.00
2017.06.21 07:36:31.604,1.04479,1.04502,1.00,1.00
2017.06.21 07:36:32.071,1.04481,1.04503,1.00,1.50
2017.06.21 07:36:32.275,1.04479,1.04502,1.00,1.00
2017.06.21 07:36:32.377,1.04479,1.04504,1.50,1.00
2017.06.21 07:36:32.631,1.04483,1.04505,1.00,1.00
2017.06.21 07:36:32.783,1.04482,1.04507,1.00,1.50
2017.06.21 07:36:32.885,1.04483,1.04507,1.75,1.00
2017.06.21 07:36:33.390,1.04482,1.04506,1.75,1.50
2017.06.21 07:36:33.696,1.04489,1.04507,1.00,1.00
2017.06.21 07:36:34.269,1.04489,1.04508,1.00,1.00
2017.06.21 07:36:34.771,1.0449,1.04507,1.00,1.00
2017.06.21 07:36:35.214,1.04489,1.04509,1.00,1.50
2017.06.21 07:36:35.772,1.0449,1.04509,1.00,1.00
2017.06.21 07:36:36.348,1.0449,1.0451,1.00,1.50
2017.06.21 07:36:36.815,1.04488,1.0451,1.00,1.50
2017.06.21 07:36:37.425,1.04489,1.04509,1.00,1.00
2017.06.21 07:36:37.716,1.04488,1.04507,1.00,1.00
2017.06.21 07:36:38.229,1.04487,1.04507,1.00,1.00
2017.06.21 07:36:38.745,1.04488,1.04507,1.00,1.00
2017.06.21 07:36:39.403,1.04487,1.04507,1.00,1.00
2017.06.21 07:36:39.708,1.04492,1.0451,1.00,1.00
2017.06.21 07:36:40.183,1.0449,1.0451,1.50,1.00
2017.06.21 07:36:40.387,1.04492,1.04509,1.00,1.00
2017.06.21 07:36:40.438,1.04489,1.0451,1.50,1.00
2017.06.21 07:36:40.490,1.04493,1.0451,1.00,1.00
2017.06.21 07:36:40.542,1.04489,1.0451,1.87,1.00
2017.06.21 07:36:40.593,1.04493,1.0451,1.00,1.00
2017.06.21 07:36:40.644,1.0449,1.0451,1.12,1.00
2017.06.21 07:36:41.448,1.04488,1.04509,1.75,1.00
2017.06.21 07:36:41.602,1.04485,1.04503,1.00,1.00
2017.06.21 07:36:41.887,1.04483,1.04502,1.12,1.00
2017.06.21 07:36:42.294,1.04483,1.045,1.00,1.00
2017.06.21 07:36:42.448,1.0448,1.045,1.50,1.00
2017.06.21 07:36:42.601,1.04479,1.04498,1.00,1.00
2017.06.21 07:36:42.855,1.04479,1.04501,1.50,1.00
2017.06.21 07:36:42.958,1.04479,1.04503,1.12,1.87
2017.06.21 07:36:43.316,1.04481,1.04503,1.00,1.00
2017.06.21 07:36:44.019,1.04483,1.04503,1.00,1.00
2017.06.21 07:36:44.521,1.04484,1.04503,1.00,1.00
2017.06.21 07:36:44.851,1.04484,1.04505,1.00,1.00
2017.06.21 07:36:45.070,1.04482,1.04505,1.00,1.00
2017.06.21 07:36:46.899,1.04482,1.04503,1.50,1.00
2017.06.21 07:36:47.052,1.04482,1.04505,1.00,2.25
2017.06.21 07:36:47.205,1.04482,1.04505,1.50,1.00
2017.06.21 07:36:47.256,1.04483,1.04508,1.37,3.00
2017.06.21 07:36:47.882,1.04484,1.04507,1.87,1.00
2017.06.21 07:36:48.428,1.04484,1.04508,1.87,1.00
2017.06.21 07:36:49.230,1.04486,1.04508,1.00,1.50
2017.06.21 07:36:49.810,1.04485,1.04508,1.12,1.50
2017.06.21 07:36:50.312,1.04486,1.04508,1.00,1.00
2017.06.21 07:36:51.124,1.04485,1.04508,1.12,1.00
2017.06.21 07:36:51.227,1.04488,1.04509,1.00,1.00
2017.06.21 07:36:51.560,1.0449,1.04512,1.87,1.00
2017.06.21 07:36:51.714,1.04486,1.04508,2.25,1.00
2017.06.21 07:36:54.393,1.04484,1.04507,1.50,1.00
2017.06.21 07:36:54.546,1.04486,1.04509,1.00,2.25
2017.06.21 07:36:54.682,1.04488,1.04509,1.00,2.25
2017.06.21 07:36:54.785,1.04486,1.04509,1.00,1.50
2017.06.21 07:36:54.888,1.04486,1.04507,1.00,1.00
2017.06.21 07:36:55.428,1.04485,1.04508,2.62,1.00
2017.06.21 07:36:55.930,1.04485,1.04507,1.12,1.00
2017.06.21 07:36:56.556,1.04487,1.04507,1.00,1.00
2017.06.21 07:36:56.607,1.04485,1.04507,1.50,1.50
2017.06.21 07:36:56.810,1.04487,1.04507,1.00,1.00
2017.06.21 07:36:56.995,1.04485,1.04507,1.00,1.00
2017.06.21 07:36:57.515,1.04484,1.04507,1.50,1.00
2017.06.21 07:36:57.706,1.04486,1.04507,1.00,1.00
2017.06.21 07:36:58.310,1.04485,1.04507,2.25,1.00
2017.06.21 07:36:58.848,1.04485,1.04508,2.25,1.50
2017.06.21 07:37:00.592,1.04486,1.04508,1.00,1.50
2017.06.21 07:37:00.927,1.04484,1.04507,2.25,2.25
2017.06.21 07:37:03.082,1.04484,1.04506,1.50,1.00
2017.06.21 07:37:03.133,1.04485,1.04504,1.00,1.00
2017.06.21 07:37:03.235,1.04483,1.04503,1.00,1.00
2017.06.21 07:37:03.438,1.04479,1.04503,3.00,1.00
2017.06.21 07:37:03.489,1.04479,1.04503,2.62,1.00
2017.06.21 07:37:03.999,1.0448,1.04503,1.00,1.50
2017.06.21 07:37:06.615,1.04479,1.045,1.00,1.00
2017.06.21 07:37:07.175,1.04478,1.045,1.87,1.00
2017.06.21 07:37:08.520,1.04478,1.04501,1.00,1.50
2017.06.21 07:37:09.228,1.04477,1.04501,1.50,2.25
2017.06.21 07:37:09.545,1.04478,1.04499,1.00,1.00
2017.06.21 07:37:11.141,1.04477,1.04499,1.50,1.00
2017.06.21 07:37:11.661,1.04475,1.04497,1.00,1.50
2017.06.21 07:37:12.260,1.04474,1.04497,2.25,1.50
2017.06.21 07:37:13.627,1.04474,1.04492,1.00,1.00
2017.06.21 07:37:13.729,1.04473,1.04495,4.12,1.00
2017.06.21 07:37:14.676,1.04477,1.04497,1.00,1.00
2017.06.21 07:37:14.886,1.04479,1.04501,1.00,1.00
2017.06.21 07:37:14.938,1.04477,1.04499,1.50,1.00
2017.06.21 07:37:15.242,1.04479,1.04499,1.00,1.00
2017.06.21 07:37:15.750,1.0448,1.04499,1.00,1.00
2017.06.21 07:37:16.313,1.0448,1.04498,1.00,1.00
2017.06.21 07:37:17.366,1.04479,1.04498,1.00,1.00
2017.06.21 07:37:21.558,1.04477,1.04498,1.50,1.00
2017.06.21 07:37:22.068,1.04476,1.04499,2.25,1.12
2017.06.21 07:37:22.222,1.04478,1.04499,1.00,1.00
2017.06.21 07:37:24.821,1.04478,1.045,1.00,1.50
2017.06.21 07:37:27.384,1.04478,1.04498,1.00,1.00
2017.06.21 07:37:27.897,1.04479,1.04498,1.00,1.00
2017.06.21 07:37:34.989,1.04477,1.04498,1.00,1.00
2017.06.21 07:37:35.535,1.04476,1.04498,1.00,1.00
2017.06.21 07:37:36.122,1.04477,1.045,1.00,1.50
2017.06.21 07:37:36.275,1.0448,1.04501,1.00,1.00
2017.06.21 07:37:36.742,1.04482,1.04502,1.00,1.00
2017.06.21 07:37:38.265,1.04482,1.04503,1.00,1.00
2017.06.21 07:37:38.780,1.04483,1.04503,1.00,1.00
2017.06.21 07:37:39.391,1.04484,1.04503,1.00,1.00
2017.06.21 07:37:41.241,1.04484,1.04504,1.00,1.00
2017.06.21 07:37:41.851,1.04483,1.04504,1.00,1.00
2017.06.21 07:37:42.683,1.04485,1.04504,1.00,1.00
2017.06.21 07:37:43.947,1.04485,1.04506,1.00,1.00
2017.06.21 07:37:44.506,1.04485,1.04505,1.00,1.00
2017.06.21 07:37:45.688,1.04484,1.04505,1.00,1.00
2017.06.21 07:37:46.996,1.04485,1.04505,1.00,1.00
2017.06.21 07:37:49.507,1.04483,1.04505,1.12,1.00
2017.06.21 07:37:51.729,1.04483,1.04504,1.87,1.00
2017.06.21 07:37:52.282,1.04483,1.04505,1.12,1.00
2017.06.21 07:37:53.646,1.04483,1.04506,1.12,1.50
2017.06.21 07:37:53.798,1.04485,1.04506,1.00,1.50
2017.06.21 07:37:54.480,1.04487,1.04506,1.00,1.00
2017.06.21 07:37:57.331,1.04487,1.04507,1.00,1.00
2017.06.21 07:37:57.787,1.04485,1.04507,2.25,1.00
2017.06.21 07:37:58.143,1.04487,1.04507,1.00,1.00
2017.06.21 07:37:58.662,1.04488,1.04508,1.00,1.00
2017.06.21 07:37:58.982,1.04486,1.04506,1.00,1.00
2017.06.21 07:37:59.289,1.04488,1.04506,1.00,1.00
2017.06.21 07:37:59.811,1.04487,1.04506,1.00,1.00
2017.06.21 07:37:59.863,1.04487,1.04508,1.00,1.50
2017.06.21 07:37:59.914,1.04489,1.04508,1.00,1.50
2017.06.21 07:37:59.965,1.04486,1.04508,1.00,1.12
2017.06.21 07:38:00.372,1.04486,1.04506,1.00,1.00
2017.06.21 07:38:00.423,1.04484,1.04507,1.00,1.00
2017.06.21 07:38:01.029,1.04483,1.04508,1.50,1.87
2017.06.21 07:38:01.594,1.04482,1.04507,3.00,1.50
2017.06.21 07:38:02.111,1.04483,1.04506,1.50,1.00
2017.06.21 07:38:03.223,1.04483,1.04507,1.00,1.50
2017.06.21 07:38:03.533,1.04481,1.04505,3.00,1.00
2017.06.21 07:38:04.045,1.04482,1.04504,1.00,1.00
2017.06.21 07:38:05.598,1.04486,1.04506,1.00,1.00
2017.06.21 07:38:05.904,1.0449,1.04511,1.00,1.00
2017.06.21 07:38:06.230,1.04486,1.04508,1.00,1.00
2017.06.21 07:38:06.333,1.04484,1.04508,1.87,1.00
2017.06.21 07:38:06.690,1.04482,1.04506,1.12,1.00
2017.06.21 07:38:07.700,1.04481,1.04505,1.50,1.50
2017.06.21 07:38:08.221,1.04482,1.04505,1.00,2.25
2017.06.21 07:38:09.183,1.04482,1.04504,1.00,1.00
2017.06.21 07:38:09.426,1.04481,1.04506,1.00,1.00
2017.06.21 07:38:09.478,1.04481,1.04504,1.00,1.00
2017.06.21 07:38:10.006,1.04481,1.04506,1.00,1.50
2017.06.21 07:38:11.203,1.04481,1.04505,1.00,1.00
2017.06.21 07:38:11.803,1.04481,1.04506,1.00,2.25
2017.06.21 07:38:12.438,1.04481,1.04505,1.00,1.00
2017.06.21 07:38:13.639,1.04481,1.04506,1.00,2.25
2017.06.21 07:38:14.223,1.04481,1.04505,1.00,1.00
2017.06.21 07:38:14.841,1.04481,1.04506,1.00,2.25
2017.06.21 07:38:14.893,1.04481,1.04504,1.00,1.00
2017.06.21 07:38:14.995,1.04481,1.04506,2.25,1.50
2017.06.21 07:38:15.098,1.04483,1.04506,1.00,1.00
2017.06.21 07:38:15.657,1.04483,1.04507,1.00,1.50
2017.06.21 07:38:16.321,1.04483,1.04506,1.00,1.00
2017.06.21 07:38:16.969,1.04483,1.04507,1.00,1.50
2017.06.21 07:38:17.822,1.04483,1.04506,1.00,1.00
2017.06.21 07:38:18.362,1.04485,1.04506,1.00,1.00
2017.06.21 07:38:18.565,1.04486,1.04508,1.87,1.50
2017.06.21 07:38:19.154,1.04486,1.04509,1.87,1.50
2017.06.21 07:38:20.135,1.04486,1.0451,1.12,1.00
2017.06.21 07:38:20.321,1.04485,1.04508,1.00,1.00
2017.06.21 07:38:20.842,1.04484,1.04507,1.12,1.00
2017.06.21 07:38:21.547,1.04484,1.04508,1.87,1.00
2017.06.21 07:38:22.095,1.04485,1.04509,2.25,1.00
2017.06.21 07:38:22.618,1.04485,1.04508,1.50,1.00
2017.06.21 07:38:22.771,1.04485,1.0451,1.50,2.25
2017.06.21 07:38:23.329,1.04485,1.04509,1.00,1.00
2017.06.21 07:38:23.603,1.04491,1.04512,1.50,1.00
2017.06.21 07:38:23.705,1.04489,1.04512,1.87,1.50
2017.06.21 07:38:23.756,1.04489,1.0451,1.00,1.12
2017.06.21 07:38:23.808,1.04487,1.04509,1.00,1.00
2017.06.21 07:38:24.166,1.04484,1.04508,1.00,1.00
2017.06.21 07:38:24.270,1.04484,1.04506,1.00,1.00
2017.06.21 07:38:24.836,1.04484,1.04507,1.00,1.00
2017.06.21 07:38:25.040,1.04482,1.04506,1.50,1.00
2017.06.21 07:38:25.841,1.04482,1.04505,1.50,1.00
2017.06.21 07:38:26.300,1.04482,1.04507,1.50,1.50
2017.06.21 07:38:27.123,1.04482,1.04504,1.00,1.00
2017.06.21 07:38:28.204,1.04482,1.04506,1.00,1.50
2017.06.21 07:38:28.874,1.04482,1.04504,1.00,1.00
2017.06.21 07:38:29.547,1.04482,1.04505,1.00,1.50
2017.06.21 07:38:30.054,1.04483,1.04504,1.00,1.00
2017.06.21 07:38:30.568,1.04482,1.04504,1.50,1.50
2017.06.21 07:38:31.358,1.04482,1.04505,1.00,1.50
2017.06.21 07:38:31.663,1.0448,1.04503,2.25,1.00
2017.06.21 07:38:31.915,1.04479,1.04505,3.37,1.00
2017.06.21 07:38:31.966,1.04481,1.04505,1.00,1.00
2017.06.21 07:38:32.521,1.04481,1.04504,1.00,1.00
2017.06.21 07:38:33.584,1.04481,1.04503,1.00,1.00
2017.06.21 07:38:34.091,1.04481,1.04504,1.00,1.00
2017.06.21 07:38:37.955,1.04481,1.04506,1.00,1.00
2017.06.21 07:38:38.471,1.04481,1.04505,1.00,1.00
2017.06.21 07:38:38.972,1.04482,1.04505,1.00,1.00
2017.06.21 07:38:39.882,1.04482,1.04506,1.00,1.00
2017.06.21 07:38:40.658,1.04481,1.04506,1.00,1.00
2017.06.21 07:38:40.862,1.04483,1.04506,1.00,1.00
2017.06.21 07:38:41.391,1.04482,1.04505,1.00,1.00
2017.06.21 07:38:42.630,1.04482,1.04507,1.00,2.25
2017.06.21 07:38:43.330,1.04486,1.04507,1.00,1.00
2017.06.21 07:38:43.732,1.04487,1.04509,1.00,1.12
2017.06.21 07:38:46.406,1.04487,1.04508,1.00,1.00
2017.06.21 07:38:46.892,1.04489,1.04508,1.00,1.00
2017.06.21 07:38:47.400,1.04489,1.04509,1.00,1.87
2017.06.21 07:38:48.121,1.04489,1.04508,1.00,1.00
2017.06.21 07:38:48.632,1.04488,1.04508,1.00,1.00
2017.06.21 07:38:49.702,1.04488,1.04507,1.00,1.00
2017.06.21 07:38:49.958,1.04488,1.0451,1.00,1.50
2017.06.21 07:38:50.274,1.0449,1.0451,1.00,1.37
2017.06.21 07:38:54.576,1.0449,1.04513,2.25,1.00
2017.06.21 07:38:55.086,1.04491,1.04515,1.00,1.75
2017.06.21 07:38:57.192,1.04492,1.04515,1.00,1.12
2017.06.21 07:39:01.255,1.04491,1.04515,1.50,1.12
2017.06.21 07:39:03.435,1.04492,1.04515,1.00,2.25
2017.06.21 07:39:04.420,1.04491,1.04515,2.25,1.87
2017.06.21 07:39:06.222,1.04492,1.04515,1.00,2.25
2017.06.21 07:39:06.700,1.04493,1.04517,1.12,3.75
2017.06.21 07:39:07.206,1.04493,1.04516,1.50,1.37
2017.06.21 07:39:07.753,1.04494,1.04514,1.00,1.00
2017.06.21 07:39:08.286,1.04493,1.04515,1.00,1.00
2017.06.21 07:39:08.825,1.04493,1.04514,1.50,1.00
2017.06.21 07:39:09.570,1.04493,1.04515,1.50,1.00
2017.06.21 07:39:10.565,1.04493,1.04514,1.00,1.00
2017.06.21 07:39:11.228,1.04493,1.04515,1.00,1.00
2017.06.21 07:39:11.979,1.04493,1.04514,1.00,1.00
2017.06.21 07:39:13.582,1.04493,1.04517,1.50,1.00
2017.06.21 07:39:14.287,1.04493,1.04516,2.25,1.50
2017.06.21 07:39:19.220,1.04492,1.04516,1.50,2.25
2017.06.21 07:39:20.281,1.04492,1.04517,1.50,3.00
2017.06.21 07:39:20.637,1.04494,1.04519,1.00,1.00
2017.06.21 07:39:20.944,1.04497,1.0452,1.50,1.00
2017.06.21 07:39:21.495,1.04497,1.04521,1.50,1.00
2017.06.21 07:39:21.945,1.04499,1.04521,1.00,2.25
2017.06.21 07:39:22.296,1.04501,1.04523,1.00,1.87
2017.06.21 07:39:22.347,1.04499,1.04523,1.00,1.37
2017.06.21 07:39:22.887,1.045,1.04522,1.00,1.12
2017.06.21 07:39:23.824,1.04501,1.04523,1.00,1.50
2017.06.21 07:39:23.977,1.04502,1.04524,1.00,1.00
2017.06.21 07:39:24.516,1.04503,1.04524,1.00,1.00
2017.06.21 07:39:24.719,1.04501,1.04523,1.50,1.00
2017.06.21 07:39:25.251,1.045,1.04523,1.50,1.50
2017.06.21 07:39:25.786,1.04501,1.04523,1.00,1.50
2017.06.21 07:39:26.239,1.04499,1.04522,1.50,1.00
2017.06.21 07:39:26.770,1.04498,1.04522,1.50,3.37
2017.06.21 07:39:26.872,1.045,1.04521,1.00,3.00
2017.06.21 07:39:26.924,1.04498,1.04521,1.00,1.12
2017.06.21 07:39:27.555,1.04497,1.04521,1.00,1.50
2017.06.21 07:39:28.217,1.04498,1.04521,1.00,1.87
2017.06.21 07:39:28.886,1.04497,1.0452,1.50,1.00
2017.06.21 07:39:29.420,1.04497,1.04521,1.50,3.75
2017.06.21 07:39:30.024,1.04498,1.04521,1.00,4.12
2017.06.21 07:39:30.306,1.04498,1.04516,1.00,1.00
2017.06.21 07:39:30.357,1.04498,1.04518,1.00,1.00
2017.06.21 07:39:31.318,1.04498,1.04515,1.00,1.00
2017.06.21 07:39:31.604,1.04498,1.04519,1.50,1.00
2017.06.21 07:39:32.111,1.04499,1.04518,1.00,1.00
2017.06.21 07:39:32.537,1.04498,1.04521,1.50,1.50
2017.06.21 07:39:33.193,1.04498,1.0452,1.50,1.00
2017.06.21 07:39:33.640,1.04499,1.04517,1.00,1.00
2017.06.21 07:39:33.742,1.04499,1.04521,1.00,4.12
2017.06.21 07:39:33.844,1.04497,1.04519,1.50,1.00
2017.06.21 07:39:34.375,1.04497,1.04518,1.00,1.00
2017.06.21 07:39:35.281,1.04498,1.04518,1.00,1.50
2017.06.21 07:39:35.884,1.04497,1.04516,1.00,1.00
2017.06.21 07:39:36.036,1.04495,1.04516,1.50,1.00
2017.06.21 07:39:36.670,1.04495,1.04517,1.00,2.25
2017.06.21 07:39:37.239,1.04496,1.04517,1.00,2.25
2017.06.21 07:39:37.544,1.04497,1.04519,1.00,1.00
2017.06.21 07:39:37.850,1.04499,1.04519,1.00,1.00
2017.06.21 07:39:38.526,1.04497,1.04519,1.50,1.00
2017.06.21 07:39:39.484,1.04497,1.04517,1.00,1.00
2017.06.21 07:39:39.992,1.04496,1.04517,1.87,1.00
2017.06.21 07:39:40.319,1.04496,1.04519,1.87,1.50
2017.06.21 07:39:40.370,1.04498,1.04517,1.00,1.00
2017.06.21 07:39:40.564,1.04497,1.04519,1.00,1.00
2017.06.21 07:39:40.667,1.04499,1.04521,1.00,1.12
2017.06.21 07:39:40.972,1.04501,1.04522,1.00,1.00
2017.06.21 07:39:41.521,1.04502,1.04524,1.00,2.06
2017.06.21 07:39:42.114,1.04502,1.04522,1.00,1.00
2017.06.21 07:39:43.721,1.04501,1.04522,1.00,1.00
2017.06.21 07:39:44.280,1.045,1.04522,1.00,1.00
2017.06.21 07:39:45.682,1.045,1.0452,1.00,1.00
2017.06.21 07:39:45.866,1.04494,1.04516,1.50,1.00
2017.06.21 07:39:46.121,1.04496,1.04516,1.00,1.00
2017.06.21 07:39:46.720,1.04497,1.04516,1.00,1.00
2017.06.21 07:39:47.264,1.04497,1.04517,1.00,1.50
2017.06.21 07:39:47.771,1.04496,1.04517,1.00,1.50
2017.06.21 07:39:48.395,1.04497,1.04517,1.00,1.50
2017.06.21 07:39:48.904,1.04498,1.04517,1.00,1.00
2017.06.21 07:39:49.452,1.04497,1.04517,1.50,1.00
2017.06.21 07:39:49.997,1.04498,1.04517,1.00,1.00
2017.06.21 07:39:50.728,1.04499,1.04517,1.00,1.00
2017.06.21 07:39:51.312,1.04498,1.04517,1.00,1.00
2017.06.21 07:39:51.464,1.04499,1.04519,1.00,1.00
2017.06.21 07:39:52.195,1.04498,1.04519,1.00,1.00
2017.06.21 07:39:52.708,1.04499,1.04518,1.00,1.00
2017.06.21 07:39:52.979,1.04498,1.04521,1.50,2.25
2017.06.21 07:39:53.582,1.04499,1.04521,1.00,1.00
2017.06.21 07:39:53.749,1.04499,1.04518,1.00,1.00
2017.06.21 07:39:54.521,1.04498,1.04518,1.00,1.00
2017.06.21 07:39:54.623,1.04498,1.0452,1.00,1.00
2017.06.21 07:39:54.953,1.045,1.0452,1.00,1.00
2017.06.21 07:39:55.620,1.04499,1.0452,1.00,1.00
2017.06.21 07:39:56.443,1.045,1.0452,1.00,1.00
2017.06.21 07:39:58.933,1.04499,1.04521,1.00,1.00
2017.06.21 07:40:00.117,1.04499,1.0452,1.00,1.00
2017.06.21 07:40:00.624,1.045,1.0452,1.00,1.00
2017.06.21 07:40:01.289,1.04499,1.0452,1.00,1.00
2017.06.21 07:40:01.442,1.04499,1.04522,1.00,3.75
2017.06.21 07:40:01.979,1.045,1.04522,1.00,4.50
2017.06.21 07:40:03.763,1.045,1.0452,1.00,1.00
2017.06.21 07:40:03.918,1.04498,1.04521,1.50,1.00
2017.06.21 07:40:03.970,1.04499,1.04524,1.50,2.25
2017.06.21 07:40:04.022,1.04501,1.04524,1.00,1.50
2017.06.21 07:40:04.380,1.04503,1.04523,1.00,1.12
2017.06.21 07:40:04.685,1.04503,1.04521,1.00,1.00
2017.06.21 07:40:04.736,1.04504,1.04523,1.00,1.00
2017.06.21 07:40:04.948,1.04504,1.04526,1.00,3.00
2017.06.21 07:40:05.305,1.04502,1.04526,1.50,2.25
2017.06.21 07:40:05.826,1.04502,1.04525,1.00,1.50
2017.06.21 07:40:06.331,1.04503,1.04526,1.00,2.25
2017.06.21 07:40:06.962,1.04503,1.04525,1.00,1.00
2017.06.21 07:40:07.486,1.04503,1.04524,1.00,1.00
2017.06.21 07:40:07.541,1.04501,1.04524,1.50,1.00
2017.06.21 07:40:08.196,1.04501,1.04523,1.50,1.12
2017.06.21 07:40:08.755,1.04502,1.04524,1.00,1.37
2017.06.21 07:40:09.291,1.04501,1.04524,1.00,1.50
2017.06.21 07:40:09.849,1.04501,1.04523,1.00,1.00
2017.06.21 07:40:11.319,1.04501,1.04522,1.00,1.00
2017.06.21 07:40:11.834,1.045,1.04522,1.00,1.50
2017.06.21 07:40:12.384,1.04499,1.04522,1.00,3.37
2017.06.21 07:40:12.956,1.04499,1.04521,1.00,1.00
2017.06.21 07:40:13.588,1.04499,1.0452,1.00,1.00
2017.06.21 07:40:14.153,1.04499,1.04521,1.00,1.50
2017.06.21 07:40:17.819,1.04499,1.0452,1.00,1.00
2017.06.21 07:40:18.568,1.04499,1.04514,1.00,1.00
2017.06.21 07:40:18.620,1.04493,1.04512,1.50,1.00
2017.06.21 07:40:18.723,1.04491,1.0451,1.00,1.00
2017.06.21 07:40:19.026,1.0449,1.04508,1.00,1.00
2017.06.21 07:40:19.568,1.04488,1.04511,1.50,1.12
2017.06.21 07:40:19.721,1.04491,1.04512,1.00,2.25
2017.06.21 07:40:20.312,1.0449,1.04512,2.25,1.00
2017.06.21 07:40:21.129,1.04492,1.04513,1.00,1.50
2017.06.21 07:40:21.491,1.04491,1.0451,2.25,1.00
2017.06.21 07:40:22.128,1.04492,1.0451,1.00,1.00
2017.06.21 07:40:22.424,1.04492,1.04512,1.00,1.00
2017.06.21 07:40:22.950,1.04493,1.04513,1.00,1.00
2017.06.21 07:40:23.592,1.04492,1.04513,1.00,1.00
2017.06.21 07:40:24.169,1.04493,1.04513,1.00,1.00
2017.06.21 07:40:24.663,1.04491,1.04513,2.25,1.00
2017.06.21 07:40:25.019,1.04491,1.0451,1.50,1.00
2017.06.21 07:40:25.574,1.04491,1.04511,1.00,1.00
2017.06.21 07:40:26.188,1.04492,1.04511,1.00,1.00
2017.06.21 07:40:26.700,1.04491,1.04511,2.25,1.00
2017.06.21 07:40:27.247,1.04492,1.04512,1.00,1.12
2017.06.21 07:40:28.627,1.04492,1.04511,1.00,1.00
2017.06.21 07:40:29.146,1.04491,1.04511,1.50,1.00
2017.06.21 07:40:29.830,1.04491,1.04512,1.50,1.00
2017.06.21 07:40:31.100,1.04492,1.04512,1.00,1.12
2017.06.21 07:40:31.409,1.04487,1.04509,1.00,3.37
2017.06.21 07:40:31.714,1.04483,1.04506,1.00,1.75
2017.06.21 07:40:31.766,1.04481,1.04504,1.00,2.62
2017.06.21 07:40:35.686,1.0448,1.04502,2.25,1.12
2017.06.21 07:40:36.607,1.04481,1.04502,1.00,2.25
2017.06.21 07:40:37.134,1.0448,1.04502,1.50,2.62
2017.06.21 07:40:37.651,1.04478,1.04499,1.00,1.87
2017.06.21 07:40:38.159,1.04478,1.04499,1.00,1.12
2017.06.21 07:40:38.727,1.04479,1.04498,1.50,1.00
2017.06.21 07:40:41.796,1.04479,1.04499,1.50,1.50
2017.06.21 07:40:42.303,1.04479,1.04498,1.00,1.00
2017.06.21 07:40:42.842,1.04479,1.04497,1.00,1.00
2017.06.21 07:40:42.893,1.04479,1.045,1.00,1.87
2017.06.21 07:40:43.366,1.04477,1.045,1.50,2.62
2017.06.21 07:40:43.868,1.04477,1.04497,1.50,1.00
2017.06.21 07:40:44.252,1.04477,1.045,1.50,3.75
2017.06.21 07:40:45.428,1.04477,1.045,1.50,3.75
2017.06.21 07:40:47.265,1.04478,1.045,1.00,1.50
2017.06.21 07:40:48.378,1.04479,1.045,1.00,1.00
2017.06.21 07:40:51.309,1.04477,1.045,1.50,1.00
2017.06.21 07:40:51.840,1.04478,1.045,1.00,2.62
2017.06.21 07:40:52.791,1.04478,1.045,1.00,4.50
2017.06.21 07:40:53.689,1.04477,1.04499,2.25,1.37
2017.06.21 07:40:54.383,1.04478,1.04497,1.00,1.00
2017.06.21 07:40:54.971,1.04477,1.04499,2.25,2.25
2017.06.21 07:40:55.885,1.04478,1.04499,1.00,2.25
2017.06.21 07:40:58.639,1.04477,1.04499,1.50,1.50
2017.06.21 07:40:58.876,1.04477,1.045,1.50,3.37
2017.06.21 07:40:59.079,1.04474,1.04495,1.00,1.00
2017.06.21 07:40:59.130,1.04471,1.04497,1.00,1.50
2017.06.21 07:40:59.181,1.04471,1.04492,1.00,1.00
2017.06.21 07:40:59.232,1.04471,1.04494,1.00,1.00
2017.06.21 07:40:59.754,1.04472,1.04495,1.00,1.50
2017.06.21 07:40:59.805,1.04474,1.04495,1.00,1.00
2017.06.21 07:40:59.908,1.04472,1.04496,1.50,2.25
2017.06.21 07:41:00.354,1.04471,1.04494,2.25,1.50
2017.06.21 07:41:00.689,1.04467,1.04491,1.00,3.37
2017.06.21 07:41:00.996,1.04464,1.04487,2.25,1.37
2017.06.21 07:41:01.148,1.04467,1.0449,1.00,1.87
2017.06.21 07:41:01.251,1.04464,1.04486,1.87,1.00
2017.06.21 07:41:01.353,1.04462,1.04485,1.50,1.50
2017.06.21 07:41:01.780,1.04462,1.04487,1.87,1.00
2017.06.21 07:41:01.831,1.04464,1.04486,1.00,1.00
2017.06.21 07:41:02.386,1.04463,1.04487,1.50,1.00
2017.06.21 07:41:03.033,1.04462,1.04486,1.12,1.00
2017.06.21 07:41:04.507,1.04462,1.04487,1.50,1.00
2017.06.21 07:41:04.857,1.04464,1.04489,1.00,2.25
2017.06.21 07:41:06.586,1.04465,1.04489,1.00,2.25
2017.06.21 07:41:08.077,1.04465,1.0449,1.00,1.12
2017.06.21 07:41:08.383,1.04467,1.04487,1.00,1.00
2017.06.21 07:41:08.587,1.04465,1.04488,1.50,1.00
2017.06.21 07:41:08.639,1.04464,1.04484,1.50,1.00
2017.06.21 07:41:09.215,1.04464,1.04483,1.00,1.00
2017.06.21 07:41:09.526,1.04462,1.0448,1.00,1.00
2017.06.21 07:41:09.680,1.04458,1.04481,1.00,1.00
2017.06.21 07:41:09.731,1.04459,1.04479,1.00,1.00
2017.06.21 07:41:09.884,1.0446,1.04481,1.00,1.00
2017.06.21 07:41:10.073,1.04458,1.04482,3.75,1.00
2017.06.21 07:41:10.226,1.0446,1.04484,1.00,3.00
2017.06.21 07:41:10.931,1.0446,1.04483,1.00,1.50
2017.06.21 07:41:11.437,1.04458,1.04477,1.00,1.00
2017.06.21 07:41:11.590,1.04455,1.04477,1.12,3.00
2017.06.21 07:41:11.641,1.04453,1.04479,1.75,1.00
2017.06.21 07:41:11.794,1.04453,1.04478,2.25,1.12
2017.06.21 07:41:12.172,1.04455,1.04479,1.00,1.50
2017.06.21 07:41:12.812,1.04454,1.04479,2.25,2.25
2017.06.21 07:41:13.843,1.04455,1.04479,1.00,2.25
2017.06.21 07:41:16.168,1.04454,1.04479,2.25,2.25
2017.06.21 07:41:16.717,1.04455,1.04479,1.00,1.50
2017.06.21 07:41:17.066,1.04444,1.04466,1.50,1.50
2017.06.21 07:41:17.371,1.04446,1.04467,1.50,1.00
2017.06.21 07:41:17.957,1.04446,1.04466,1.50,1.00
2017.06.21 07:41:18.303,1.04448,1.04468,1.00,1.00
2017.06.21 07:41:18.932,1.04447,1.04468,1.00,1.00
2017.06.21 07:41:19.524,1.04447,1.04467,1.00,1.00
2017.06.21 07:41:20.063,1.04443,1.04466,1.50,1.50
2017.06.21 07:41:20.114,1.04443,1.04464,1.50,1.00
2017.06.21 07:41:20.446,1.04443,1.04466,1.00,1.50
2017.06.21 07:41:20.953,1.04444,1.04466,1.50,1.00
2017.06.21 07:41:21.506,1.04444,1.04467,1.50,1.50
2017.06.21 07:41:22.235,1.04445,1.04466,1.00,1.00
2017.06.21 07:41:23.120,1.04444,1.04466,1.50,1.50
2017.06.21 07:41:23.258,1.04442,1.04466,1.00,1.00
2017.06.21 07:41:23.614,1.04444,1.04466,1.00,1.00
2017.06.21 07:41:24.191,1.04445,1.04466,1.00,1.00
2017.06.21 07:41:24.778,1.04444,1.04467,1.12,1.00
2017.06.21 07:41:26.492,1.04443,1.04467,1.87,2.25
2017.06.21 07:41:28.908,1.04443,1.04466,1.12,1.00
2017.06.21 07:41:30.154,1.04442,1.04465,1.37,1.00
2017.06.21 07:41:31.185,1.04443,1.04464,1.12,1.00
2017.06.21 07:41:31.721,1.04442,1.04464,1.00,1.00
2017.06.21 07:41:32.266,1.04442,1.04464,1.37,1.00
2017.06.21 07:41:34.188,1.04442,1.04467,1.37,2.25
2017.06.21 07:41:34.721,1.04444,1.04466,1.00,1.50
2017.06.21 07:41:34.772,1.04446,1.04466,1.00,1.50
2017.06.21 07:41:35.458,1.04447,1.04466,1.00,1.00
2017.06.21 07:41:36.030,1.04446,1.04466,1.12,1.00
2017.06.21 07:41:36.532,1.04446,1.04467,1.00,1.50
2017.06.21 07:41:37.082,1.04446,1.04466,1.00,1.00
2017.06.21 07:41:37.963,1.04446,1.04467,1.00,1.00
2017.06.21 07:41:38.490,1.04445,1.04466,1.00,1.00
2017.06.21 07:41:42.039,1.04445,1.04467,1.00,1.00
2017.06.21 07:41:42.838,1.04445,1.04466,1.50,1.00
2017.06.21 07:41:43.557,1.04445,1.04467,1.00,1.00
2017.06.21 07:41:44.077,1.04445,1.04466,1.00,1.00
2017.06.21 07:41:45.322,1.04443,1.04467,1.87,1.00
2017.06.21 07:41:46.137,1.04443,1.04466,1.12,1.00
2017.06.21 07:41:49.976,1.04444,1.04466,1.00,1.00
2017.06.21 07:41:50.512,1.04443,1.04467,1.12,2.25
2017.06.21 07:41:51.138,1.04444,1.04467,1.00,1.50
2017.06.21 07:41:52.175,1.04445,1.04466,1.00,1.00
2017.06.21 07:41:52.883,1.04444,1.04467,1.00,1.50
2017.06.21 07:41:53.423,1.04445,1.04466,1.00,1.00
2017.06.21 07:41:54.034,1.04446,1.04466,1.00,1.00
2017.06.21 07:41:54.764,1.04446,1.04467,1.00,1.00
2017.06.21 07:41:55.793,1.04446,1.04466,1.50,1.00
2017.06.21 07:41:57.180,1.04446,1.04467,1.50,1.00
2017.06.21 07:41:57.928,1.04447,1.04467,1.00,1.00
2017.06.21 07:41:59.953,1.04446,1.04466,2.62,1.00
2017.06.21 07:42:00.572,1.04447,1.04467,1.12,1.50
2017.06.21 07:42:01.102,1.04446,1.04466,1.37,1.00
2017.06.21 07:42:02.346,1.04445,1.04467,2.25,1.00
2017.06.21 07:42:03.275,1.04448,1.04467,1.75,1.00
2017.06.21 07:42:03.327,1.04454,1.04473,1.00,1.00
2017.06.21 07:42:03.482,1.04454,1.04476,1.00,1.31
2017.06.21 07:42:03.999,1.04454,1.04475,1.50,1.00
2017.06.21 07:42:04.465,1.04456,1.04475,1.00,1.00
2017.06.21 07:42:04.573,1.04456,1.04477,1.00,1.00
2017.06.21 07:42:05.110,1.04457,1.04477,1.00,1.00
2017.06.21 07:42:05.878,1.04457,1.04478,1.00,1.00
2017.06.21 07:42:06.980,1.04458,1.04478,1.00,1.00
2017.06.21 07:42:07.946,1.04459,1.04481,1.00,3.37
2017.06.21 07:42:09.154,1.04461,1.04481,1.00,1.00
2017.06.21 07:42:09.205,1.04461,1.04484,1.00,1.00
2017.06.21 07:42:09.755,1.04462,1.04485,1.50,1.87
2017.06.21 07:42:09.958,1.04461,1.04483,1.50,1.50
2017.06.21 07:42:10.264,1.04461,1.04481,1.00,1.00
2017.06.21 07:42:10.777,1.0446,1.0448,1.00,1.00
2017.06.21 07:42:11.323,1.04459,1.04478,1.00,1.00
2017.06.21 07:42:11.595,1.04457,1.04478,1.50,1.00
2017.06.21 07:42:12.233,1.04458,1.04478,1.00,1.00
2017.06.21 07:42:12.778,1.04457,1.04479,1.50,1.00
2017.06.21 07:42:13.306,1.04458,1.04479,1.00,1.00
2017.06.21 07:42:15.153,1.04459,1.04479,1.00,1.00
2017.06.21 07:42:18.563,1.04458,1.04479,1.50,1.00
2017.06.21 07:42:22.486,1.0446,1.04479,1.00,1.00
2017.06.21 07:42:23.005,1.0446,1.04478,1.00,1.00
2017.06.21 07:42:23.307,1.0446,1.04481,1.00,1.00
2017.06.21 07:42:23.819,1.0446,1.0448,1.00,1.50
2017.06.21 07:42:26.068,1.0446,1.04481,1.00,2.25
2017.06.21 07:42:26.170,1.0446,1.04479,1.00,1.00
2017.06.21 07:42:26.923,1.0446,1.0448,1.00,1.50
2017.06.21 07:42:29.423,1.0446,1.04483,1.00,1.50
2017.06.21 07:42:29.842,1.04462,1.04483,1.00,2.25
2017.06.21 07:42:30.250,1.04463,1.04485,1.00,1.00
2017.06.21 07:42:30.403,1.04465,1.04486,1.00,1.00
2017.06.21 07:42:31.045,1.04466,1.04487,1.50,1.50
2017.06.21 07:42:32.723,1.04466,1.04486,1.00,1.00
2017.06.21 07:42:39.944,1.04466,1.04487,1.00,1.00
2017.06.21 07:42:40.492,1.04467,1.04487,1.00,1.00
2017.06.21 07:42:40.899,1.04468,1.04489,1.00,1.50
2017.06.21 07:42:41.754,1.04468,1.04488,1.00,1.00
2017.06.21 07:42:44.078,1.04467,1.04488,1.12,1.00
2017.06.21 07:42:44.771,1.04466,1.04489,3.37,2.25
2017.06.21 07:42:45.394,1.04467,1.04488,1.00,1.00
2017.06.21 07:42:47.287,1.04466,1.04489,3.37,2.25
2017.06.21 07:42:47.972,1.04467,1.04489,1.00,1.00
2017.06.21 07:42:49.113,1.04468,1.04489,1.00,1.00
2017.06.21 07:42:49.702,1.04467,1.04488,2.25,1.00
2017.06.21 07:42:52.346,1.04467,1.04489,1.50,1.00
2017.06.21 07:42:52.725,1.04466,1.04487,1.87,1.00
2017.06.21 07:42:53.946,1.04466,1.04488,1.12,1.00
2017.06.21 07:42:55.213,1.04467,1.04488,1.00,1.50
2017.06.21 07:42:56.877,1.04467,1.04489,1.00,2.25
2017.06.21 07:42:57.416,1.04467,1.04488,1.00,1.50
2017.06.21 07:42:58.374,1.04466,1.04487,3.37,1.00
2017.06.21 07:42:58.476,1.04466,1.04489,1.87,2.25
2017.06.21 07:42:58.788,1.04466,1.04487,2.62,1.00
2017.06.21 07:42:59.139,1.04467,1.04489,1.00,1.50
2017.06.21 07:42:59.491,1.04467,1.04487,1.00,1.00
2017.06.21 07:43:00.570,1.04467,1.04489,1.50,1.00
2017.06.21 07:43:00.775,1.0447,1.04492,1.00,2.25
2017.06.21 07:43:01.082,1.04472,1.04494,1.00,1.50
2017.06.21 07:43:01.598,1.04473,1.04494,1.00,1.00
2017.06.21 07:43:02.227,1.04474,1.04494,1.00,1.00
2017.06.21 07:43:05.027,1.04474,1.04495,1.50,1.00
2017.06.21 07:43:05.632,1.04475,1.04495,1.00,1.00
2017.06.21 07:43:05.987,1.04476,1.04497,1.50,1.00
2017.06.21 07:43:06.039,1.04477,1.045,1.00,2.25
2017.06.21 07:43:06.090,1.04478,1.04498,1.00,1.00
2017.06.21 07:43:06.141,1.04477,1.045,1.50,1.50
2017.06.21 07:43:06.243,1.04478,1.04498,1.00,1.00
2017.06.21 07:43:07.029,1.04478,1.04499,1.00,1.00
2017.06.21 07:43:08.136,1.04477,1.04499,1.00,1.00
2017.06.21 07:43:08.645,1.04477,1.04501,1.50,1.00
2017.06.21 07:43:09.545,1.04478,1.04501,1.00,1.00
2017.06.21 07:43:09.947,1.04477,1.04499,1.50,1.00
2017.06.21 07:43:11.840,1.04478,1.045,1.00,1.00
2017.06.21 07:43:13.175,1.04477,1.045,1.50,1.00
2017.06.21 07:43:13.571,1.04479,1.045,1.00,1.00
2017.06.21 07:43:13.768,1.04482,1.04505,1.00,1.50
2017.06.21 07:43:13.870,1.04481,1.04507,1.50,3.75
2017.06.21 07:43:13.973,1.04481,1.04505,1.50,1.00
2017.06.21 07:43:14.507,1.04482,1.04505,2.25,1.00
2017.06.21 07:43:15.367,1.04482,1.04506,2.25,1.00
2017.06.21 07:43:15.893,1.04483,1.04506,1.00,1.00
2017.06.21 07:43:16.469,1.04484,1.04506,1.00,1.00
2017.06.21 07:43:17.064,1.04484,1.04504,1.00,1.00
2017.06.21 07:43:17.753,1.04483,1.04504,1.50,1.00
2017.06.21 07:43:18.301,1.04483,1.04506,1.50,1.00
2017.06.21 07:43:18.839,1.04483,1.04505,2.25,1.00
2017.06.21 07:43:19.343,1.04485,1.04507,1.00,1.00
2017.06.21 07:43:19.656,1.04488,1.04508,1.00,1.00
2017.06.21 07:43:20.164,1.04489,1.04508,1.00,1.00
2017.06.21 07:43:20.707,1.04488,1.04509,1.00,1.50
2017.06.21 07:43:20.809,1.04486,1.04508,1.00,1.00
2017.06.21 07:43:20.992,1.04486,1.04506,1.00,1.50
2017.06.21 07:43:21.358,1.04487,1.04504,1.00,1.00
2017.06.21 07:43:21.635,1.04486,1.04507,1.50,1.00
2017.06.21 07:43:23.108,1.04487,1.04508,1.00,1.12
2017.06.21 07:43:23.312,1.04489,1.04508,1.00,1.00
2017.06.21 07:43:23.618,1.04491,1.04508,1.00,1.00
2017.06.21 07:43:28.344,1.04491,1.04506,1.00,1.00
2017.06.21 07:43:28.890,1.04491,1.04507,1.00,1.00
2017.06.21 07:43:31.757,1.0449,1.0451,1.50,1.00
2017.06.21 07:43:31.860,1.04493,1.04511,1.00,1.00
2017.06.21 07:43:32.165,1.04495,1.04514,1.00,1.00
2017.06.21 07:43:32.333,1.04494,1.04516,1.50,1.00
2017.06.21 07:43:32.588,1.04493,1.04511,1.00,1.00
2017.06.21 07:43:33.133,1.04492,1.04512,1.50,1.00
2017.06.21 07:43:33.645,1.04494,1.04512,1.00,1.00
2017.06.21 07:43:33.925,1.04494,1.04514,1.00,1.00
2017.06.21 07:43:34.451,1.04493,1.04511,1.00,1.00
2017.06.21 07:43:34.553,1.04493,1.04516,1.00,1.00
2017.06.21 07:43:34.814,1.04492,1.04513,2.25,1.00
2017.06.21 07:43:35.370,1.04493,1.04513,1.00,1.00
2017.06.21 07:43:36.329,1.04496,1.04513,1.00,1.00
2017.06.21 07:43:38.423,1.04496,1.04512,1.00,1.00
2017.06.21 07:43:39.624,1.04496,1.04513,1.00,1.00
2017.06.21 07:43:40.513,1.04495,1.04513,1.00,1.00
2017.06.21 07:43:41.025,1.04495,1.04512,1.00,1.00
2017.06.21 07:43:41.440,1.04495,1.04514,1.00,1.00
2017.06.21 07:43:41.964,1.04496,1.04515,1.00,1.00
2017.06.21 07:43:42.217,1.04496,1.04513,1.00,1.00
2017.06.21 07:43:46.168,1.04496,1.04515,1.00,1.00
2017.06.21 07:43:46.220,1.04494,1.04513,1.00,1.00
2017.06.21 07:43:46.528,1.04493,1.0451,1.00,1.00
2017.06.21 07:43:48.043,1.04493,1.0451,1.00,1.37
2017.06.21 07:43:49.080,1.04493,1.0451,1.00,1.50
2017.06.21 07:43:49.392,1.04493,1.04508,1.00,1.00
2017.06.21 07:43:49.444,1.04493,1.0451,1.00,1.50
2017.06.21 07:43:49.950,1.04494,1.0451,1.00,1.00
2017.06.21 07:43:50.867,1.04494,1.04509,1.00,1.00
2017.06.21 07:43:50.921,1.04494,1.04511,1.00,1.00
2017.06.21 07:43:51.424,1.04494,1.04509,1.00,1.00
2017.06.21 07:43:52.154,1.04495,1.04508,1.00,1.00
2017.06.21 07:43:52.271,1.04495,1.04512,1.00,1.00
2017.06.21 07:43:52.374,1.04497,1.04512,1.00,1.00
2017.06.21 07:43:53.065,1.04497,1.04515,1.00,1.00
2017.06.21 07:43:53.894,1.04498,1.04517,1.00,1.50
2017.06.21 07:43:54.401,1.04498,1.04516,1.50,1.00
2017.06.21 07:43:55.312,1.04498,1.04517,1.00,1.00
2017.06.21 07:43:55.473,1.04498,1.04515,1.00,1.00
2017.06.21 07:43:56.525,1.04498,1.04517,1.00,1.00
2017.06.21 07:43:58.326,1.04497,1.04517,1.00,1.00
2017.06.21 07:43:59.225,1.04497,1.04517,1.00,1.37
2017.06.21 07:44:00.571,1.04497,1.04515,1.00,1.00
2017.06.21 07:44:00.723,1.04496,1.04513,1.00,1.00
2017.06.21 07:44:02.099,1.04496,1.04515,1.00,1.50
2017.06.21 07:44:02.560,1.04496,1.04513,1.00,1.00
2017.06.21 07:44:05.265,1.04496,1.04515,1.00,1.00
2017.06.21 07:44:05.317,1.04496,1.04513,1.00,1.00
2017.06.21 07:44:05.469,1.04496,1.04515,1.00,2.25
2017.06.21 07:44:05.520,1.04494,1.04514,1.50,1.00
2017.06.21 07:44:05.622,1.04494,1.04511,1.00,1.00
2017.06.21 07:44:05.826,1.0449,1.04509,1.00,1.00
2017.06.21 07:44:06.036,1.04492,1.04509,1.00,1.12
2017.06.21 07:44:07.169,1.04495,1.04512,1.00,2.25
2017.06.21 07:44:07.220,1.04493,1.04511,1.00,1.50
2017.06.21 07:44:07.495,1.04493,1.04515,1.00,1.50
2017.06.21 07:44:08.173,1.04495,1.04513,1.00,1.00
2017.06.21 07:44:08.275,1.04495,1.04515,1.00,1.00
2017.06.21 07:44:08.377,1.04495,1.04513,1.00,1.00
2017.06.21 07:44:09.636,1.04493,1.0451,1.50,1.00
2017.06.21 07:44:09.738,1.04491,1.04509,1.00,1.00
2017.06.21 07:44:09.912,1.04494,1.04511,1.00,3.00
2017.06.21 07:44:10.014,1.04492,1.04512,1.00,1.00
2017.06.21 07:44:10.169,1.04494,1.04512,1.00,1.00
2017.06.21 07:44:10.675,1.04494,1.04513,1.00,1.00
2017.06.21 07:44:11.069,1.04495,1.04515,1.00,1.69
2017.06.21 07:44:11.655,1.04505,1.04515,1.00,1.50
2017.06.21 07:44:11.757,1.04503,1.04515,1.00,1.00
2017.06.21 07:44:11.808,1.04503,1.04517,1.00,1.00
2017.06.21 07:44:11.910,1.04503,1.04519,1.00,1.00
2017.06.21 07:44:12.165,1.04501,1.04519,1.00,1.00
2017.06.21 07:44:12.267,1.04504,1.0452,1.00,1.12
2017.06.21 07:44:12.602,1.04506,1.0452,1.00,1.00
2017.06.21 07:44:14.638,1.04506,1.04518,1.00,1.00
2017.06.21 07:44:14.842,1.04506,1.04521,1.00,1.50
2017.06.21 07:44:15.384,1.04507,1.04522,1.00,1.00
2017.06.21 07:44:19.968,1.04507,1.04525,1.00,2.25
2017.06.21 07:44:20.173,1.04507,1.04522,1.00,1.00
2017.06.21 07:44:21.107,1.04507,1.04523,1.00,1.00
2017.06.21 07:44:21.448,1.04507,1.0452,1.00,1.00
2017.06.21 07:44:24.620,1.04506,1.0452,1.00,1.00
2017.06.21 07:44:24.782,1.04504,1.0452,1.00,1.00
2017.06.21 07:44:26.168,1.04504,1.04518,1.00,1.00
2017.06.21 07:44:26.541,1.04504,1.0452,1.00,1.00
2017.06.21 07:44:27.047,1.04503,1.0452,1.00,1.00
2017.06.21 07:44:27.480,1.04505,1.04521,1.00,1.00
2017.06.21 07:44:27.531,1.04506,1.04525,1.50,1.00
2017.06.21 07:44:27.734,1.04508,1.04529,1.00,1.00
2017.06.21 07:44:27.836,1.04508,1.04525,1.00,1.00
2017.06.21 07:44:28.361,1.04509,1.04525,1.00,1.00
2017.06.21 07:44:28.463,1.04509,1.04528,1.00,1.00
2017.06.21 07:44:29.300,1.0451,1.04528,1.00,1.00
2017.06.21 07:44:29.352,1.04508,1.04528,1.00,1.00
2017.06.21 07:44:29.856,1.04508,1.0453,1.00,1.00
2017.06.21 07:44:30.360,1.04508,1.04532,1.00,6.00
2017.06.21 07:44:31.720,1.0451,1.04529,1.00,1.50
2017.06.21 07:44:31.772,1.04507,1.04527,1.50,1.00
2017.06.21 07:44:31.874,1.04508,1.04525,1.00,1.00
2017.06.21 07:44:32.224,1.04507,1.04523,1.00,1.00
2017.06.21 07:44:32.763,1.04507,1.04521,1.00,1.00
2017.06.21 07:44:33.046,1.04507,1.04523,1.00,1.00
2017.06.21 07:44:33.703,1.04506,1.04523,1.00,1.50
2017.06.21 07:44:37.288,1.04507,1.04525,1.00,1.00
2017.06.21 07:44:38.875,1.04507,1.04524,1.00,1.00
2017.06.21 07:44:39.041,1.04506,1.04522,1.00,1.00
2017.06.21 07:44:39.424,1.04506,1.04525,1.00,1.00
2017.06.21 07:44:39.526,1.04508,1.04523,1.00,1.00
2017.06.21 07:44:39.578,1.04506,1.04523,1.00,1.00
2017.06.21 07:44:40.139,1.04506,1.04525,1.00,1.50
2017.06.21 07:44:40.967,1.04507,1.04526,1.00,1.75
2017.06.21 07:44:41.069,1.04507,1.04526,1.00,1.00
2017.06.21 07:44:41.594,1.04508,1.04526,1.00,1.00
2017.06.21 07:44:44.535,1.04508,1.04528,1.00,2.25
2017.06.21 07:44:44.901,1.04508,1.04526,1.00,1.00
2017.06.21 07:44:50.825,1.04508,1.04523,1.00,1.00
2017.06.21 07:44:52.513,1.04508,1.04525,1.00,1.00
2017.06.21 07:44:52.565,1.04508,1.04523,1.00,1.00
2017.06.21 07:44:52.667,1.04508,1.04528,1.00,1.12
2017.06.21 07:44:53.187,1.04508,1.04527,1.00,1.00
2017.06.21 07:44:53.772,1.04509,1.04527,1.00,1.00
2017.06.21 07:44:54.083,1.04509,1.04529,1.00,2.25
2017.06.21 07:44:54.236,1.04511,1.04529,1.00,1.87
2017.06.21 07:44:54.868,1.04509,1.04528,1.00,1.00
2017.06.21 07:44:55.077,1.04506,1.04524,1.50,1.00
2017.06.21 07:44:55.700,1.04506,1.04523,1.00,1.00
2017.06.21 07:44:56.784,1.04507,1.04523,1.00,1.00
2017.06.21 07:44:56.886,1.04507,1.04525,1.00,1.00
2017.06.21 07:44:57.504,1.04508,1.04524,1.00,1.00
2017.06.21 07:44:58.044,1.04508,1.04525,1.00,2.25
2017.06.21 07:44:58.197,1.04505,1.04525,1.00,1.87
2017.06.21 07:44:58.248,1.04505,1.04522,1.50,1.00
2017.06.21 07:44:59.336,1.04505,1.04525,1.00,1.50
2017.06.21 07:44:59.692,1.04507,1.04525,1.00,1.00
2017.06.21 07:44:59.996,1.04507,1.04522,1.00,1.00
2017.06.21 07:45:00.047,1.04509,1.04525,1.00,1.00
2017.06.21 07:45:00.382,1.04509,1.04527,1.00,1.00
2017.06.21 07:45:00.891,1.04508,1.04527,1.00,1.00
2017.06.21 07:45:01.068,1.04508,1.04531,1.00,1.50
2017.06.21 07:45:01.119,1.0451,1.04531,1.00,1.50
2017.06.21 07:45:01.644,1.04511,1.04532,1.00,1.12
2017.06.21 07:45:02.346,1.04513,1.04533,1.00,1.50
2017.06.21 07:45:02.688,1.04511,1.0453,1.00,1.00
2017.06.21 07:45:03.723,1.04509,1.0453,1.00,1.00
2017.06.21 07:45:03.775,1.04507,1.04526,1.00,1.00
2017.06.21 07:45:03.979,1.04504,1.04524,1.50,1.00
2017.06.21 07:45:04.516,1.04504,1.04525,1.50,1.00
2017.06.21 07:45:05.112,1.04504,1.04526,1.00,2.25
2017.06.21 07:45:05.725,1.04509,1.04526,1.00,2.25
2017.06.21 07:45:06.074,1.04514,1.04528,1.00,1.00
2017.06.21 07:45:06.727,1.04514,1.04529,1.00,1.00
2017.06.21 07:45:07.185,1.04511,1.04528,1.00,1.00
2017.06.21 07:45:07.236,1.0451,1.04531,1.00,3.75
2017.06.21 07:45:07.389,1.0451,1.04528,1.00,1.12
2017.06.21 07:45:07.440,1.04508,1.04528,1.50,1.50
2017.06.21 07:45:07.992,1.04508,1.04527,1.50,1.00
2017.06.21 07:45:08.722,1.04508,1.04525,1.50,1.00
2017.06.21 07:45:09.338,1.04508,1.04527,1.00,1.00
2017.06.21 07:45:11.267,1.04508,1.04528,1.00,1.00
2017.06.21 07:45:11.971,1.04508,1.04526,1.00,1.00
2017.06.21 07:45:12.494,1.04507,1.04525,1.50,1.00
2017.06.21 07:45:14.067,1.04513,1.04525,1.00,1.00
2017.06.21 07:45:14.169,1.04511,1.04524,1.50,1.00
2017.06.21 07:45:14.423,1.04508,1.04524,1.50,1.00
2017.06.21 07:45:14.934,1.04509,1.04524,1.00,1.00
2017.06.21 07:45:15.273,1.04509,1.04526,1.00,1.00
2017.06.21 07:45:15.814,1.0451,1.04526,1.00,1.00
2017.06.21 07:45:16.398,1.04509,1.04526,1.00,1.00
2017.06.21 07:45:17.171,1.04508,1.04524,1.00,1.50
2017.06.21 07:45:17.223,1.04503,1.0452,1.50,1.00
2017.06.21 07:45:17.327,1.04502,1.04522,1.00,2.25
2017.06.21 07:45:17.429,1.04501,1.0452,1.00,1.00
2017.06.21 07:45:17.938,1.04502,1.0452,1.00,1.00
2017.06.21 07:45:18.832,1.04502,1.04518,1.00,1.00
2017.06.21 07:45:19.145,1.04502,1.04522,1.00,1.50
2017.06.21 07:45:19.322,1.04502,1.0452,1.50,1.00
2017.06.21 07:45:21.967,1.04504,1.0452,1.50,1.00
2017.06.21 07:45:22.208,1.04504,1.04522,1.50,2.25
2017.06.21 07:45:23.382,1.04506,1.04522,1.00,1.00
2017.06.21 07:45:23.916,1.04506,1.04523,1.50,1.00
2017.06.21 07:45:24.421,1.04507,1.04525,1.00,1.12
2017.06.21 07:45:24.676,1.04508,1.04527,1.00,1.00
2017.06.21 07:45:26.897,1.04508,1.04525,1.00,1.00
2017.06.21 07:45:28.380,1.04507,1.04525,1.50,1.00
2017.06.21 07:45:28.535,1.04508,1.04527,1.00,1.00
2017.06.21 07:45:28.807,1.04507,1.04523,1.00,1.00
2017.06.21 07:45:32.322,1.04507,1.04522,1.00,1.00
2017.06.21 07:45:39.833,1.04506,1.04525,1.50,1.00
2017.06.21 07:45:39.884,1.04505,1.04521,1.50,1.00
2017.06.21 07:45:40.139,1.04506,1.04524,2.25,1.37
2017.06.21 07:45:40.549,1.04507,1.04525,1.00,1.00
2017.06.21 07:45:41.074,1.04507,1.04526,1.50,1.00
2017.06.21 07:45:42.122,1.04508,1.04526,1.00,1.00
2017.06.21 07:45:42.624,1.04508,1.04527,1.00,1.00
2017.06.21 07:45:42.889,1.04508,1.04525,1.00,1.00
2017.06.21 07:45:42.991,1.04507,1.04527,1.00,1.00
2017.06.21 07:45:43.195,1.04507,1.04525,1.00,1.00
2017.06.21 07:45:43.715,1.04507,1.04526,1.00,1.00
2017.06.21 07:45:44.322,1.04507,1.04525,1.50,1.00
2017.06.21 07:45:49.242,1.04507,1.04526,1.50,1.00
2017.06.21 07:45:52.529,1.04508,1.04527,1.00,1.00
2017.06.21 07:45:53.083,1.04508,1.04526,1.00,1.00
2017.06.21 07:45:55.518,1.04507,1.04526,1.50,1.00
2017.06.21 07:45:56.662,1.04508,1.04524,1.00,1.12
2017.06.21 07:45:56.714,1.04506,1.04523,1.50,1.00
2017.06.21 07:45:56.918,1.04506,1.04521,1.50,1.00
2017.06.21 07:45:57.072,1.04506,1.04523,1.50,1.50
2017.06.21 07:45:57.123,1.04506,1.04525,1.50,3.75
2017.06.21 07:45:57.406,1.04508,1.04526,1.00,1.00
2017.06.21 07:45:57.715,1.04508,1.04524,1.00,1.00
2017.06.21 07:45:58.065,1.04508,1.04527,1.00,1.50
2017.06.21 07:45:58.167,1.0451,1.04525,1.00,1.00
2017.06.21 07:45:58.218,1.0451,1.04528,1.00,1.12
2017.06.21 07:45:58.372,1.0451,1.04532,1.50,2.25
2017.06.21 07:45:58.627,1.04511,1.04531,1.00,2.62
2017.06.21 07:45:58.932,1.0451,1.04526,1.00,1.00
2017.06.21 07:45:59.729,1.04509,1.04526,1.00,1.00
2017.06.21 07:46:00.444,1.04508,1.04526,1.50,1.00
2017.06.21 07:46:01.796,1.04507,1.04526,2.25,1.00
2017.06.21 07:46:02.455,1.04507,1.04525,1.50,1.00
2017.06.21 07:46:03.270,1.04507,1.04528,2.25,1.12
2017.06.21 07:46:03.525,1.04509,1.04529,1.00,2.62
2017.06.21 07:46:04.282,1.04508,1.04529,1.00,1.87
2017.06.21 07:46:04.850,1.04508,1.04527,1.00,1.00
2017.06.21 07:46:10.249,1.04507,1.04527,1.50,1.00
2017.06.21 07:46:10.554,1.04507,1.04525,1.50,1.00
2017.06.21 07:46:11.084,1.04508,1.04525,1.00,1.00
2017.06.21 07:46:11.135,1.04508,1.04527,1.00,1.00
2017.06.21 07:46:12.341,1.04507,1.04528,2.25,1.00
2017.06.21 07:46:12.807,1.04509,1.04529,1.00,1.12
2017.06.21 07:46:13.351,1.0451,1.0453,1.00,1.00
2017.06.21 07:46:14.012,1.04509,1.0453,1.50,1.50
2017.06.21 07:46:15.053,1.0451,1.0453,1.00,1.00
2017.06.21 07:46:16.995,1.04509,1.0453,1.50,1.50
2017.06.21 07:46:17.299,1.04512,1.04534,2.25,2.25
2017.06.21 07:46:17.842,1.04513,1.04535,1.50,1.75
2017.06.21 07:46:18.468,1.04514,1.04534,1.00,1.75
2017.06.21 07:46:23.620,1.04514,1.04536,1.00,1.50
2017.06.21 07:46:23.772,1.04512,1.04536,1.50,1.50
2017.06.21 07:46:23.874,1.04511,1.04533,1.00,1.00
2017.06.21 07:46:24.027,1.04511,1.04535,1.00,1.50
2017.06.21 07:46:24.230,1.04511,1.04533,1.00,1.00
2017.06.21 07:46:24.815,1.04514,1.04533,1.00,1.00
2017.06.21 07:46:25.553,1.04513,1.04532,1.00,1.00
2017.06.21 07:46:27.332,1.04514,1.04532,1.00,1.00
2017.06.21 07:46:28.157,1.04513,1.04532,1.00,1.00
2017.06.21 07:46:28.833,1.04512,1.04533,1.50,1.12
2017.06.21 07:46:29.495,1.04513,1.04532,1.00,1.00
2017.06.21 07:46:30.007,1.04513,1.04533,1.00,1.87
2017.06.21 07:46:30.516,1.04513,1.04532,1.00,1.00
2017.06.21 07:46:31.408,1.04513,1.04534,1.00,3.37
2017.06.21 07:46:33.645,1.04512,1.04533,1.50,1.12
2017.06.21 07:46:38.772,1.04512,1.04531,1.00,1.00
2017.06.21 07:46:40.559,1.04512,1.04532,1.50,1.00
2017.06.21 07:46:40.888,1.0451,1.04527,1.50,1.00
2017.06.21 07:46:40.941,1.0451,1.04529,1.50,1.12
2017.06.21 07:46:41.095,1.04513,1.04531,1.00,1.37
2017.06.21 07:46:41.146,1.04513,1.04531,1.00,1.00
2017.06.21 07:46:41.825,1.04513,1.0453,1.00,1.00
2017.06.21 07:46:42.470,1.04512,1.0453,1.00,1.00
2017.06.21 07:46:42.996,1.04513,1.0453,1.00,1.00
2017.06.21 07:46:44.525,1.04511,1.0453,1.50,1.00
2017.06.21 07:46:45.126,1.04511,1.04531,1.50,1.00
2017.06.21 07:46:45.783,1.04512,1.04531,1.00,1.00
2017.06.21 07:46:46.827,1.04511,1.04531,1.00,1.50
2017.06.21 07:46:48.490,1.04512,1.04531,1.00,1.00
2017.06.21 07:46:49.006,1.04511,1.04531,1.00,1.00
2017.06.21 07:46:49.765,1.04512,1.04531,1.00,1.00
2017.06.21 07:46:50.280,1.04512,1.04532,1.00,1.00
2017.06.21 07:46:50.332,1.04514,1.04532,1.00,1.00
2017.06.21 07:46:50.868,1.04514,1.04533,1.00,2.62
2017.06.21 07:46:57.022,1.04513,1.04533,1.50,1.12
2017.06.21 07:46:59.297,1.04511,1.04529,1.00,1.00
2017.06.21 07:46:59.808,1.04512,1.0453,1.00,1.00
2017.06.21 07:47:02.531,1.04513,1.04532,1.00,1.00
2017.06.21 07:47:06.725,1.04514,1.04532,1.00,1.00
2017.06.21 07:47:07.922,1.04514,1.04534,1.00,1.00
2017.06.21 07:47:09.037,1.04513,1.04534,1.00,1.00
2017.06.21 07:47:10.057,1.04516,1.04534,1.00,1.00
2017.06.21 07:47:10.585,1.04516,1.04535,1.00,1.00
2017.06.21 07:47:11.103,1.04515,1.04536,1.50,1.50
2017.06.21 07:47:12.095,1.04516,1.04536,1.00,1.00
2017.06.21 07:47:15.211,1.04516,1.04533,1.50,1.00
2017.06.21 07:47:17.495,1.04516,1.04534,1.50,1.00
2017.06.21 07:47:18.968,1.04517,1.04536,1.00,1.50
2017.06.21 07:47:19.069,1.04515,1.04536,1.00,1.00
2017.06.21 07:47:19.222,1.04515,1.04533,1.00,1.00
2017.06.21 07:47:23.475,1.04516,1.04533,1.00,1.00
2017.06.21 07:47:24.172,1.04516,1.04534,1.00,1.00
2017.06.21 07:47:25.435,1.04514,1.04534,1.50,1.00
2017.06.21 07:47:26.446,1.04516,1.04534,1.00,1.50
2017.06.21 07:47:28.452,1.04516,1.04532,1.00,1.00
2017.06.21 07:47:28.503,1.04514,1.04532,1.50,1.00
2017.06.21 07:47:30.426,1.04514,1.04531,1.00,1.00
2017.06.21 07:47:30.844,1.04514,1.04533,1.00,1.00
2017.06.21 07:47:31.374,1.04515,1.04532,1.00,1.00
2017.06.21 07:47:31.627,1.04513,1.0453,1.00,1.00
2017.06.21 07:47:32.184,1.04512,1.0453,1.50,1.00
2017.06.21 07:47:32.694,1.04512,1.04529,1.00,1.00
2017.06.21 07:47:33.353,1.04511,1.04529,1.50,1.00
2017.06.21 07:47:37.336,1.04511,1.04531,1.00,1.50
2017.06.21 07:47:37.813,1.04513,1.04531,1.00,1.50
2017.06.21 07:47:40.192,1.04512,1.04531,1.00,1.50
2017.06.21 07:47:41.163,1.04512,1.0453,1.00,1.00
2017.06.21 07:47:45.612,1.04511,1.0453,1.00,1.00
2017.06.21 07:47:46.200,1.04512,1.0453,1.00,1.00
2017.06.21 07:47:47.477,1.04511,1.0453,1.00,1.00
2017.06.21 07:47:48.226,1.0451,1.0453,1.00,1.00
2017.06.21 07:47:48.875,1.04511,1.0453,1.00,1.00
2017.06.21 07:47:53.757,1.04509,1.0453,1.00,1.00
2017.06.21 07:47:53.937,1.04511,1.0453,1.00,1.00
2017.06.21 07:47:54.982,1.0451,1.04527,1.00,1.00
2017.06.21 07:47:55.544,1.04511,1.04527,1.00,1.00
2017.06.21 07:47:55.829,1.04509,1.04527,1.00,1.00
2017.06.21 07:47:56.700,1.04508,1.04527,1.50,1.00
2017.06.21 07:47:58.340,1.04509,1.04527,1.00,1.00
2017.06.21 07:48:02.365,1.04509,1.04526,1.00,1.00
2017.06.21 07:48:03.157,1.04509,1.04527,1.00,1.00
2017.06.21 07:48:03.817,1.04509,1.04526,1.00,1.00
2017.06.21 07:48:06.752,1.04509,1.04528,1.00,1.00
2017.06.21 07:48:10.469,1.04509,1.0453,1.00,1.00
2017.06.21 07:48:14.431,1.04509,1.04528,1.00,1.00
2017.06.21 07:48:16.433,1.04509,1.04529,1.50,1.50
2017.06.21 07:48:17.019,1.0451,1.04529,1.00,1.00
2017.06.21 07:48:18.117,1.04511,1.04529,1.00,1.00
2017.06.21 07:48:18.730,1.04509,1.04528,1.00,1.00
2017.06.21 07:48:19.037,1.04507,1.04527,1.00,2.62
2017.06.21 07:48:19.088,1.04507,1.04524,1.00,1.00
2017.06.21 07:48:20.256,1.04508,1.04524,1.00,1.00
2017.06.21 07:48:22.124,1.04506,1.04524,1.50,1.00
2017.06.21 07:48:22.629,1.04506,1.04523,1.50,1.00
2017.06.21 07:48:23.406,1.04507,1.04523,1.00,1.00
2017.06.21 07:48:23.945,1.04506,1.04523,1.50,1.00
2017.06.21 07:48:24.477,1.04507,1.04523,1.00,1.00
2017.06.21 07:48:24.528,1.04505,1.04523,1.50,1.00
2017.06.21 07:48:25.402,1.04506,1.04524,1.00,1.00
2017.06.21 07:48:25.555,1.04506,1.04522,1.00,1.00
2017.06.21 07:48:29.674,1.04506,1.04522,1.50,1.37
2017.06.21 07:48:39.517,1.04505,1.04523,1.00,1.75
2017.06.21 07:48:40.051,1.04506,1.04521,1.00,1.87
2017.06.21 07:48:44.125,1.04506,1.0452,1.00,1.00
2017.06.21 07:48:44.633,1.04505,1.0452,1.00,1.00
2017.06.21 07:48:45.194,1.04505,1.04521,1.00,1.87
2017.06.21 07:48:53.578,1.04506,1.04522,1.00,1.37
2017.06.21 07:48:54.226,1.04505,1.04522,1.00,1.37
2017.06.21 07:48:54.988,1.04506,1.04522,1.00,1.37
2017.06.21 07:48:58.955,1.04505,1.04525,1.50,1.75
2017.06.21 07:48:59.057,1.04506,1.04524,1.00,1.00
2017.06.21 07:48:59.654,1.04506,1.04523,1.00,1.00
2017.06.21 07:48:59.757,1.04506,1.04523,1.00,1.75
2017.06.21 07:49:11.999,1.04505,1.04521,1.00,1.37
2017.06.21 07:49:16.035,1.04505,1.04521,1.00,1.12
2017.06.21 07:49:21.322,1.04505,1.0452,1.00,1.00
2017.06.21 07:49:23.530,1.04505,1.04524,1.50,1.75
2017.06.21 07:49:23.955,1.04505,1.04523,1.50,1.00
2017.06.21 07:49:24.733,1.04505,1.0452,1.00,1.00
2017.06.21 07:49:26.798,1.04506,1.0452,1.00,1.00
2017.06.21 07:49:27.359,1.04506,1.04519,1.00,1.00
2017.06.21 07:49:27.716,1.04505,1.04521,1.50,1.00
2017.06.21 07:49:30.305,1.04505,1.04523,1.50,1.50
2017.06.21 07:49:30.561,1.04507,1.04523,1.00,1.00
2017.06.21 07:49:31.244,1.04506,1.04523,1.50,1.00
2017.06.21 07:49:33.115,1.04507,1.04526,1.00,2.25
2017.06.21 07:49:33.268,1.04508,1.04528,1.00,1.00
2017.06.21 07:49:33.319,1.04511,1.04528,1.00,1.00
2017.06.21 07:49:33.763,1.04511,1.04531,1.00,1.37
2017.06.21 07:49:34.420,1.0451,1.0453,1.00,1.00
2017.06.21 07:49:34.471,1.0451,1.04528,1.00,1.00
2017.06.21 07:49:34.777,1.04508,1.04529,1.00,1.12
2017.06.21 07:49:34.829,1.04507,1.04527,1.50,1.00
2017.06.21 07:49:34.880,1.04508,1.0453,1.00,2.25
2017.06.21 07:49:35.393,1.04507,1.04529,1.50,1.87
2017.06.21 07:49:37.573,1.04508,1.04529,1.00,1.12
2017.06.21 07:49:38.168,1.04507,1.04529,1.00,1.12
2017.06.21 07:49:39.341,1.04508,1.04529,1.00,1.12
2017.06.21 07:49:40.320,1.04509,1.0453,1.00,1.50
2017.06.21 07:49:43.530,1.0451,1.04532,1.00,3.75
2017.06.21 07:49:49.003,1.04508,1.04528,1.50,1.00
2017.06.21 07:49:50.994,1.04509,1.04528,1.00,1.00
2017.06.21 07:49:52.555,1.04508,1.04529,1.00,1.12
2017.06.21 07:49:52.759,1.04508,1.04527,1.50,1.00
2017.06.21 07:49:53.349,1.04509,1.04527,1.00,1.00
2017.06.21 07:49:53.668,1.0451,1.0453,1.00,2.25
2017.06.21 07:49:54.001,1.0451,1.04531,1.00,1.00
2017.06.21 07:49:54.223,1.0451,1.04528,1.00,1.00
2017.06.21 07:49:54.747,1.04509,1.04528,1.50,1.00
2017.06.21 07:49:55.563,1.0451,1.04528,1.00,1.00
2017.06.21 07:49:55.868,1.04505,1.04525,1.50,2.62
2017.06.21 07:49:56.413,1.04505,1.04522,1.00,1.00
2017.06.21 07:49:56.949,1.04505,1.04523,1.00,1.12
2017.06.21 07:49:57.523,1.04505,1.04521,1.00,1.00
2017.06.21 07:49:57.778,1.04505,1.04523,1.00,1.12
2017.06.21 07:49:57.829,1.04505,1.04521,1.00,1.00
2017.06.21 07:49:58.659,1.04505,1.04522,1.00,1.00
2017.06.21 07:49:59.161,1.04505,1.04521,1.00,1.00
2017.06.21 07:50:02.210,1.04505,1.0452,1.00,1.00
2017.06.21 07:50:04.677,1.04505,1.04522,1.00,1.00
2017.06.21 07:50:06.327,1.04504,1.04518,1.00,1.00
2017.06.21 07:50:06.866,1.04506,1.04519,1.00,1.00
2017.06.21 07:50:07.527,1.04506,1.0452,1.00,1.00
2017.06.21 07:50:08.061,1.04505,1.04522,1.00,1.00
2017.06.21 07:50:08.224,1.04505,1.04519,1.00,1.00
2017.06.21 07:50:11.067,1.04504,1.04519,1.50,1.00
2017.06.21 07:50:11.583,1.04504,1.04518,1.50,1.00
2017.06.21 07:50:12.105,1.04506,1.04522,1.00,2.25
2017.06.21 07:50:15.025,1.04506,1.04518,1.00,1.00
2017.06.21 07:50:16.889,1.04506,1.04521,1.00,1.75
2017.06.21 07:50:18.523,1.04504,1.04521,1.00,1.75
2017.06.21 07:50:18.778,1.04503,1.04517,1.50,1.00
2017.06.21 07:50:19.125,1.04503,1.04519,1.50,1.12
2017.06.21 07:50:19.785,1.04505,1.04519,1.00,1.12
2017.06.21 07:50:21.357,1.04506,1.04522,1.00,2.25
2017.06.21 07:50:26.299,1.04506,1.04521,1.00,1.00
2017.06.21 07:50:26.858,1.04506,1.0452,1.00,1.00
2017.06.21 07:50:26.910,1.04506,1.04522,1.00,1.12
2017.06.21 07:50:26.962,1.04506,1.04519,1.00,1.00
2017.06.21 07:50:27.624,1.04506,1.04518,1.00,1.00
2017.06.21 07:50:31.993,1.04505,1.04518,1.00,1.00
2017.06.21 07:50:34.261,1.04505,1.04519,1.00,1.00
2017.06.21 07:50:39.326,1.04506,1.04519,1.00,1.00
2017.06.21 07:50:41.517,1.04505,1.04519,1.00,1.00
2017.06.21 07:50:42.070,1.04506,1.04519,1.00,1.00
2017.06.21 07:50:42.962,1.04505,1.04519,1.00,1.00
2017.06.21 07:50:46.968,1.04505,1.04522,1.50,1.50
2017.06.21 07:50:48.465,1.04505,1.04519,1.50,1.00
2017.06.21 07:50:51.542,1.04506,1.04519,1.00,1.00
2017.06.21 07:50:51.867,1.04504,1.04519,1.50,1.00
2017.06.21 07:50:54.458,1.04506,1.04521,1.00,1.12
2017.06.21 07:50:55.047,1.04505,1.04521,1.00,1.12
2017.06.21 07:51:04.925,1.04505,1.0452,1.00,1.00
2017.06.21 07:51:05.686,1.04505,1.04521,1.00,1.12
2017.06.21 07:51:06.301,1.04506,1.04521,1.00,1.12
2017.06.21 07:51:08.964,1.04506,1.0452,1.00,1.00
2017.06.21 07:51:09.645,1.04506,1.04521,1.00,1.12
2017.06.21 07:51:14.280,1.04506,1.04522,1.00,1.12
2017.06.21 07:51:16.643,1.04506,1.04521,1.00,1.00
2017.06.21 07:51:16.948,1.04506,1.04518,1.00,1.00
2017.06.21 07:51:18.717,1.04506,1.04521,1.00,1.00
2017.06.21 07:51:20.887,1.04506,1.04521,1.00,2.62
2017.06.21 07:51:21.609,1.04504,1.04521,1.00,3.00
2017.06.21 07:51:28.682,1.04505,1.0452,1.00,1.75
2017.06.21 07:51:32.727,1.04504,1.04521,1.00,2.25
2017.06.21 07:51:35.552,1.04506,1.0452,1.00,1.75
2017.06.21 07:51:35.748,1.04504,1.0452,1.00,1.75
2017.06.21 07:51:36.297,1.04503,1.04519,1.50,1.75
2017.06.21 07:51:39.208,1.04505,1.04519,1.00,1.75
2017.06.21 07:51:42.311,1.04506,1.04519,1.00,1.75
2017.06.21 07:51:42.583,1.04504,1.04519,1.50,1.75
2017.06.21 07:51:44.538,1.04505,1.04519,1.00,1.75
2017.06.21 07:51:45.042,1.04506,1.0452,1.00,1.75
2017.06.21 07:51:45.184,1.04504,1.0452,1.00,1.75
2017.06.21 07:51:45.327,1.04501,1.04518,1.00,1.50
2017.06.21 07:51:45.429,1.04499,1.04518,1.00,1.50
2017.06.21 07:51:45.894,1.04497,1.04516,1.00,1.00
2017.06.21 07:51:46.442,1.04495,1.04516,1.00,1.00
2017.06.21 07:51:46.493,1.04496,1.04514,1.00,1.00
2017.06.21 07:51:46.685,1.04487,1.04507,2.25,1.12
2017.06.21 07:51:46.737,1.04487,1.04505,1.00,1.00
2017.06.21 07:51:46.840,1.04485,1.04505,1.50,1.00
2017.06.21 07:51:47.353,1.04486,1.04504,1.00,1.00
2017.06.21 07:51:47.825,1.04486,1.04506,1.00,1.00
2017.06.21 07:51:47.994,1.04484,1.04504,1.00,1.00
2017.06.21 07:51:48.306,1.04482,1.04502,1.00,1.12
2017.06.21 07:51:53.364,1.04483,1.04502,1.00,1.12
2017.06.21 07:51:53.618,1.04477,1.04498,1.50,1.50
2017.06.21 07:51:53.670,1.04477,1.04495,1.00,1.00
2017.06.21 07:51:53.721,1.04475,1.04494,1.00,1.00
2017.06.21 07:51:53.925,1.04473,1.04494,1.50,1.50
2017.06.21 07:51:54.432,1.04473,1.04492,1.50,1.00
2017.06.21 07:51:54.586,1.04475,1.04494,1.00,2.25
2017.06.21 07:51:55.094,1.04474,1.04494,1.50,1.50
2017.06.21 07:51:55.647,1.04474,1.04493,1.50,1.00
2017.06.21 07:51:57.051,1.04475,1.04493,1.00,1.00
2017.06.21 07:51:58.162,1.04474,1.04493,1.00,1.00
2017.06.21 07:51:58.949,1.04473,1.04493,1.00,1.00
2017.06.21 07:51:59.653,1.04472,1.04493,1.50,1.00
2017.06.21 07:52:00.462,1.04473,1.04493,1.00,1.00
2017.06.21 07:52:01.935,1.04472,1.04491,1.50,1.00
2017.06.21 07:52:02.645,1.04471,1.04491,1.00,1.00
2017.06.21 07:52:04.089,1.04472,1.04491,1.00,1.00
2017.06.21 07:52:07.920,1.04472,1.04492,1.00,2.25
2017.06.21 07:52:08.225,1.04471,1.0449,1.00,1.00
2017.06.21 07:52:09.019,1.0447,1.0449,1.00,1.00
2017.06.21 07:52:09.438,1.04472,1.0449,1.00,1.00
2017.06.21 07:52:11.289,1.04471,1.0449,1.50,1.00
2017.06.21 07:52:11.819,1.04472,1.0449,1.00,1.00
2017.06.21 07:52:13.096,1.04471,1.0449,1.50,1.00
2017.06.21 07:52:13.300,1.04473,1.04494,1.50,1.12
2017.06.21 07:52:13.352,1.04476,1.04497,1.00,1.75
2017.06.21 07:52:13.537,1.04477,1.04497,1.00,1.00
2017.06.21 07:52:14.122,1.04479,1.04497,1.00,1.00
2017.06.21 07:52:14.652,1.04479,1.045,1.00,1.75
2017.06.21 07:52:14.858,1.04481,1.04502,1.50,1.50
2017.06.21 07:52:14.910,1.0448,1.045,1.00,1.37
2017.06.21 07:52:15.318,1.04479,1.04497,1.00,1.00
2017.06.21 07:52:15.420,1.04475,1.04496,1.50,1.00
2017.06.21 07:52:15.522,1.04475,1.04495,1.00,1.37
2017.06.21 07:52:16.126,1.04476,1.04494,1.50,1.00
2017.06.21 07:52:16.802,1.04475,1.04494,1.50,1.50
2017.06.21 07:52:17.341,1.04474,1.04494,1.00,1.50
2017.06.21 07:52:17.867,1.04473,1.04493,1.00,1.00
2017.06.21 07:52:18.527,1.04474,1.04493,1.00,1.00
2017.06.21 07:52:19.060,1.04473,1.04494,1.00,1.50
2017.06.21 07:52:22.690,1.04472,1.04494,1.50,1.50
2017.06.21 07:52:23.232,1.04472,1.04493,1.50,1.00
2017.06.21 07:52:23.763,1.04474,1.04497,1.50,2.25
2017.06.21 07:52:23.815,1.04475,1.04499,1.00,2.25
2017.06.21 07:52:24.221,1.04477,1.04499,1.00,1.50
2017.06.21 07:52:24.475,1.04477,1.04499,2.25,1.12
2017.06.21 07:52:25.596,1.04479,1.04499,1.00,1.00
2017.06.21 07:52:27.476,1.0448,1.04499,1.00,1.00
2017.06.21 07:52:28.927,1.04479,1.04499,1.00,1.00
2017.06.21 07:52:29.365,1.04481,1.04503,1.50,1.50
2017.06.21 07:52:29.518,1.0448,1.04501,1.50,1.00
2017.06.21 07:52:30.093,1.04481,1.04501,1.00,1.00
2017.06.21 07:52:30.597,1.0448,1.04501,2.25,1.00
2017.06.21 07:52:31.110,1.04481,1.04503,1.00,1.50
2017.06.21 07:52:31.486,1.0448,1.045,1.00,1.00
2017.06.21 07:52:32.504,1.04481,1.045,1.00,1.00
2017.06.21 07:52:32.556,1.04482,1.04503,1.00,1.50
2017.06.21 07:52:33.609,1.04481,1.04505,1.50,1.75
2017.06.21 07:52:36.344,1.04482,1.04505,1.00,3.37
2017.06.21 07:52:37.792,1.04481,1.04503,1.00,1.50
2017.06.21 07:52:38.307,1.0448,1.04504,1.50,2.25
2017.06.21 07:52:38.873,1.04481,1.04503,1.50,1.00
2017.06.21 07:52:39.370,1.04481,1.04501,1.00,1.37
2017.06.21 07:52:39.421,1.04479,1.04498,1.00,1.00
2017.06.21 07:52:39.472,1.04477,1.04498,1.00,1.50
2017.06.21 07:52:39.574,1.04475,1.04497,2.25,2.62
2017.06.21 07:52:40.108,1.04472,1.04493,1.50,1.87
2017.06.21 07:52:40.616,1.04473,1.04495,1.50,1.37
2017.06.21 07:52:40.668,1.04473,1.04495,1.50,1.00
2017.06.21 07:52:41.473,1.04471,1.04495,1.50,1.00
2017.06.21 07:52:42.073,1.04472,1.04495,1.50,1.00
2017.06.21 07:52:43.193,1.04473,1.04495,1.00,1.00
2017.06.21 07:52:43.835,1.04472,1.04495,2.25,1.00
2017.06.21 07:52:47.136,1.04473,1.04495,1.00,1.00
2017.06.21 07:52:47.660,1.04474,1.04496,1.00,2.25
2017.06.21 07:52:48.209,1.04473,1.04496,1.00,2.25
2017.06.21 07:52:49.695,1.04473,1.04494,1.00,1.00
2017.06.21 07:52:50.091,1.04473,1.04494,1.00,1.75
2017.06.21 07:52:50.401,1.04473,1.04494,1.00,1.00
2017.06.21 07:52:51.625,1.04473,1.04495,1.50,1.00
2017.06.21 07:52:52.194,1.04474,1.04495,1.00,1.00
2017.06.21 07:52:53.731,1.04473,1.04495,1.50,1.00
2017.06.21 07:52:54.905,1.04472,1.04495,1.00,1.00
2017.06.21 07:53:02.037,1.04474,1.04495,1.00,1.00
2017.06.21 07:53:03.558,1.04473,1.04495,1.50,1.00
2017.06.21 07:53:04.448,1.04474,1.04495,1.00,1.00
2017.06.21 07:53:05.137,1.04474,1.04496,1.50,1.00
2017.06.21 07:53:06.289,1.04474,1.04496,1.00,1.50
2017.06.21 07:53:07.508,1.04476,1.04495,1.00,1.00
2017.06.21 07:53:07.764,1.04476,1.04498,1.00,1.00
2017.06.21 07:53:08.353,1.04476,1.04499,1.00,1.00
2017.06.21 07:53:10.336,1.04477,1.04499,1.00,1.00
2017.06.21 07:53:10.438,1.04479,1.045,1.00,1.12
2017.06.21 07:53:11.077,1.04479,1.04499,1.00,1.00
2017.06.21 07:53:11.622,1.04479,1.045,1.00,1.12
2017.06.21 07:53:11.987,1.04481,1.04501,1.00,1.00
2017.06.21 07:53:12.089,1.04481,1.04503,1.00,1.50
2017.06.21 07:53:12.616,1.04482,1.04503,1.00,1.00
2017.06.21 07:53:13.228,1.04481,1.04503,1.00,1.50
2017.06.21 07:53:13.846,1.04481,1.04502,1.00,1.00
2017.06.21 07:53:14.141,1.04479,1.04501,1.00,1.50
2017.06.21 07:53:14.192,1.04478,1.04498,1.00,1.00
2017.06.21 07:53:14.243,1.04472,1.04498,1.75,1.50
2017.06.21 07:53:14.294,1.04473,1.04495,1.87,1.00
2017.06.21 07:53:14.615,1.04482,1.04502,1.00,1.37
2017.06.21 07:53:14.666,1.04482,1.04502,1.00,1.00
2017.06.21 07:53:14.870,1.04478,1.04499,1.12,1.00
2017.06.21 07:53:14.921,1.04476,1.04499,1.00,1.00
2017.06.21 07:53:15.023,1.04474,1.04498,1.00,1.00
2017.06.21 07:53:15.075,1.04472,1.04497,1.00,1.12
2017.06.21 07:53:15.177,1.04474,1.04496,1.00,1.50
2017.06.21 07:53:15.481,1.04473,1.04495,1.12,2.25
2017.06.21 07:53:16.038,1.04472,1.04495,1.00,1.75
2017.06.21 07:53:16.865,1.04473,1.04495,1.00,1.75
2017.06.21 07:53:17.370,1.04472,1.04495,1.00,1.75
2017.06.21 07:53:20.526,1.04471,1.04495,1.12,1.75
2017.06.21 07:53:20.713,1.04471,1.04495,1.12,1.00
2017.06.21 07:53:21.393,1.04472,1.04495,1.00,1.00
2017.06.21 07:53:22.103,1.04471,1.04495,1.12,1.00
2017.06.21 07:53:22.837,1.04471,1.04495,1.37,1.00
2017.06.21 07:53:25.228,1.04471,1.04495,1.50,1.00
2017.06.21 07:53:25.785,1.04472,1.04495,1.00,1.00
2017.06.21 07:53:26.504,1.04473,1.04495,1.00,1.00
2017.06.21 07:53:27.336,1.04472,1.04495,1.50,1.50
2017.06.21 07:53:27.980,1.04474,1.04495,1.00,1.00
2017.06.21 07:53:28.477,1.04475,1.04497,1.00,1.12
2017.06.21 07:53:28.914,1.04477,1.04497,1.00,1.12
2017.06.21 07:53:29.829,1.04476,1.04497,1.50,1.12
2017.06.21 07:53:30.340,1.04477,1.04497,1.00,1.12
2017.06.21 07:53:31.583,1.04476,1.04497,1.50,1.00
2017.06.21 07:53:34.993,1.04477,1.04497,1.00,1.00
2017.06.21 07:53:35.537,1.04478,1.04498,1.00,1.50
2017.06.21 07:53:36.095,1.04477,1.04498,1.50,1.50
2017.06.21 07:53:36.596,1.04478,1.04498,1.00,1.50
2017.06.21 07:53:37.956,1.04477,1.04498,1.00,1.50
2017.06.21 07:53:38.736,1.04478,1.04498,1.00,1.50
2017.06.21 07:53:44.230,1.04477,1.04498,1.50,1.50
2017.06.21 07:53:46.375,1.04477,1.045,1.50,1.50
2017.06.21 07:53:47.134,1.04479,1.04501,1.00,6.37
2017.06.21 07:53:48.245,1.0448,1.04501,1.00,6.37
2017.06.21 07:53:53.092,1.0448,1.04501,1.00,3.75
2017.06.21 07:53:55.014,1.04479,1.04501,1.00,4.12
2017.06.21 07:53:55.777,1.0448,1.04501,1.00,1.37
2017.06.21 07:54:03.341,1.0448,1.04498,1.00,1.00
2017.06.21 07:54:03.494,1.04478,1.04498,1.00,1.00
2017.06.21 07:54:03.699,1.04482,1.04502,1.00,2.25
2017.06.21 07:54:03.801,1.04482,1.04503,1.00,1.00
2017.06.21 07:54:03.852,1.04484,1.04502,1.00,1.00
2017.06.21 07:54:04.448,1.04484,1.04503,1.50,1.00
2017.06.21 07:54:04.754,1.04487,1.04508,1.00,2.25
2017.06.21 07:54:05.272,1.04488,1.0451,1.00,2.25
2017.06.21 07:54:05.819,1.04487,1.0451,1.00,2.25
2017.06.21 07:54:16.473,1.04488,1.04506,1.00,1.12
2017.06.21 07:54:17.049,1.04487,1.04506,1.00,1.12
2017.06.21 07:54:17.593,1.04488,1.04506,1.00,1.12
2017.06.21 07:54:18.318,1.04489,1.04507,1.00,1.50
2017.06.21 07:54:18.522,1.04486,1.04506,1.50,1.12
2017.06.21 07:54:19.068,1.04487,1.04506,1.00,1.12
2017.06.21 07:54:21.192,1.04486,1.04508,1.50,1.75
2017.06.21 07:54:21.710,1.04487,1.04508,1.00,1.75
2017.06.21 07:54:26.901,1.04488,1.04506,1.00,1.12
2017.06.21 07:54:28.549,1.04489,1.04508,1.00,1.75
2017.06.21 07:54:32.884,1.04488,1.04506,1.00,1.12
2017.06.21 07:54:33.617,1.04487,1.04506,1.00,1.12
2017.06.21 07:54:36.031,1.04486,1.04506,1.50,1.12
2017.06.21 07:54:37.397,1.04488,1.04506,1.00,1.12
2017.06.21 07:54:39.322,1.04489,1.04506,1.00,1.12
2017.06.21 07:54:39.817,1.04487,1.04508,1.50,1.75
2017.06.21 07:54:41.707,1.04488,1.04506,1.00,1.12
2017.06.21 07:54:42.220,1.04489,1.04506,1.00,1.12
2017.06.21 07:54:46.168,1.04488,1.04506,1.50,1.12
2017.06.21 07:54:46.935,1.04489,1.04506,1.00,1.00
2017.06.21 07:54:50.766,1.04488,1.04506,1.50,1.00
2017.06.21 07:54:51.057,1.04483,1.04505,2.25,3.00
2017.06.21 07:54:51.165,1.04483,1.045,1.87,1.12
2017.06.21 07:54:51.216,1.04482,1.04499,1.00,1.00
2017.06.21 07:54:51.268,1.0448,1.04498,1.00,1.00
2017.06.21 07:54:51.370,1.04477,1.04497,1.50,1.00
2017.06.21 07:54:51.523,1.04477,1.04495,1.00,1.00
2017.06.21 07:54:51.779,1.04475,1.04495,2.25,1.00
2017.06.21 07:54:52.292,1.04476,1.04495,1.00,1.00
2017.06.21 07:54:53.173,1.04475,1.04495,1.50,1.12
2017.06.21 07:54:53.555,1.04477,1.04495,1.00,1.12
2017.06.21 07:54:54.075,1.04477,1.04494,1.00,1.00
2017.06.21 07:55:01.543,1.04477,1.04497,1.00,1.87
2017.06.21 07:55:03.228,1.04476,1.04497,1.00,1.87
2017.06.21 07:55:03.741,1.04475,1.04497,1.00,1.75
2017.06.21 07:55:12.932,1.04476,1.04498,1.00,1.75
2017.06.21 07:55:13.085,1.04476,1.04498,1.00,1.12
2017.06.21 07:55:13.413,1.04475,1.04496,1.00,1.00
2017.06.21 07:55:13.918,1.04474,1.04496,1.00,1.00
2017.06.21 07:55:14.273,1.04476,1.04496,1.00,1.00
2017.06.21 07:55:14.912,1.04475,1.04496,1.50,1.00
2017.06.21 07:55:15.461,1.04474,1.04496,1.50,1.00
2017.06.21 07:55:15.963,1.04475,1.04496,1.00,1.00
2017.06.21 07:55:20.171,1.04474,1.04496,1.50,1.00
2017.06.21 07:55:23.917,1.04475,1.04496,1.00,1.00
2017.06.21 07:55:24.508,1.04475,1.04495,1.00,1.00
2017.06.21 07:55:28.666,1.04474,1.04495,1.50,1.12
2017.06.21 07:55:29.238,1.04475,1.04495,1.00,1.12
2017.06.21 07:55:31.637,1.04474,1.04495,1.50,1.12
2017.06.21 07:55:32.156,1.04475,1.04495,1.00,1.12
2017.06.21 07:55:36.055,1.04474,1.04495,1.00,1.87
2017.06.21 07:55:36.638,1.04473,1.04494,1.00,1.00
2017.06.21 07:55:38.240,1.04472,1.04494,1.50,1.00
2017.06.21 07:55:43.234,1.04473,1.04494,1.00,1.00
2017.06.21 07:55:43.975,1.04472,1.04494,1.50,1.00
2017.06.21 07:55:44.360,1.04475,1.04494,1.00,1.12
2017.06.21 07:55:45.769,1.04474,1.04494,1.00,1.12
2017.06.21 07:55:46.311,1.04475,1.04494,1.00,1.12
2017.06.21 07:55:48.224,1.04474,1.04494,1.00,1.12
2017.06.21 07:55:48.931,1.04475,1.04494,1.00,1.87
2017.06.21 07:55:49.463,1.04474,1.04494,1.00,1.87
2017.06.21 07:55:50.007,1.04475,1.04494,1.00,1.87
2017.06.21 07:55:51.663,1.04474,1.04494,1.00,1.87
2017.06.21 07:55:54.923,1.04474,1.04491,1.00,1.00
2017.06.21 07:56:02.268,1.04472,1.04491,1.50,1.00
2017.06.21 07:56:02.998,1.04472,1.04489,1.00,1.00
2017.06.21 07:56:06.987,1.04472,1.0449,1.00,1.00
2017.06.21 07:56:07.192,1.04471,1.04492,1.00,1.12
2017.06.21 07:56:07.395,1.04473,1.04492,1.00,1.12
2017.06.21 07:56:08.162,1.04474,1.04493,1.00,1.50
2017.06.21 07:56:09.053,1.04475,1.04493,1.00,1.50
2017.06.21 07:56:09.105,1.04473,1.04493,1.00,1.00
2017.06.21 07:56:09.156,1.04473,1.04496,1.12,1.00
2017.06.21 07:56:09.309,1.04476,1.04496,1.00,1.00
2017.06.21 07:56:09.818,1.04477,1.04497,1.00,1.00
2017.06.21 07:56:11.495,1.04476,1.04497,1.00,1.00
2017.06.21 07:56:11.801,1.04473,1.04492,1.00,1.00
2017.06.21 07:56:12.397,1.04473,1.04491,1.00,1.00
2017.06.21 07:56:13.336,1.04472,1.04491,1.50,1.00
2017.06.21 07:56:13.853,1.04473,1.04491,1.00,1.00
2017.06.21 07:56:14.005,1.04471,1.0449,1.00,1.00
2017.06.21 07:56:14.679,1.0447,1.0449,1.50,1.00
2017.06.21 07:56:16.880,1.04468,1.0449,2.25,1.00
2017.06.21 07:56:16.931,1.04468,1.04488,2.25,1.00
2017.06.21 07:56:17.084,1.04471,1.04492,1.50,1.00
2017.06.21 07:56:17.236,1.04471,1.04489,1.00,1.00
2017.06.21 07:56:17.747,1.0447,1.04488,1.00,1.00
2017.06.21 07:56:20.474,1.04469,1.04488,1.50,1.00
2017.06.21 07:56:20.779,1.04468,1.04486,1.50,1.00
2017.06.21 07:56:21.411,1.04469,1.04486,1.00,1.00
2017.06.21 07:56:22.397,1.04469,1.04488,1.00,1.00
2017.06.21 07:56:22.606,1.04471,1.04488,1.00,1.00
2017.06.21 07:56:23.145,1.0447,1.04489,1.50,1.00
2017.06.21 07:56:25.564,1.04471,1.04489,1.00,1.00
2017.06.21 07:56:28.975,1.04471,1.04488,1.00,1.00
2017.06.21 07:56:29.129,1.04469,1.04488,1.00,1.00
2017.06.21 07:56:29.434,1.04466,1.04485,1.00,1.00
2017.06.21 07:56:29.741,1.04464,1.04482,1.00,1.00
2017.06.21 07:56:30.274,1.04465,1.04482,1.00,1.00
2017.06.21 07:56:30.563,1.04463,1.04482,1.50,1.00
2017.06.21 07:56:31.096,1.04464,1.04482,1.00,1.00
2017.06.21 07:56:32.539,1.04463,1.04482,1.50,1.00
2017.06.21 07:56:33.909,1.04462,1.04482,1.50,1.00
2017.06.21 07:56:34.469,1.04463,1.04482,1.00,1.00
2017.06.21 07:56:34.679,1.04461,1.04481,1.50,1.00
2017.06.21 07:56:34.730,1.04461,1.04479,2.25,1.00
2017.06.21 07:56:37.626,1.04461,1.04478,1.00,1.00
2017.06.21 07:56:40.601,1.04461,1.04481,1.00,1.00
2017.06.21 07:56:41.174,1.04461,1.04482,1.00,1.00
2017.06.21 07:56:41.535,1.04463,1.04482,1.00,1.00
2017.06.21 07:56:42.042,1.04464,1.04483,1.00,1.00
2017.06.21 07:56:43.406,1.04464,1.04482,1.00,1.00
2017.06.21 07:56:47.991,1.04465,1.04482,1.00,1.00
2017.06.21 07:56:49.093,1.04464,1.04482,1.50,1.00
2017.06.21 07:56:49.398,1.04466,1.04484,1.00,1.50
2017.06.21 07:56:49.945,1.04465,1.04484,1.00,1.50
2017.06.21 07:56:50.997,1.04465,1.04482,1.50,1.00
2017.06.21 07:56:57.331,1.04464,1.04482,1.00,1.00
2017.06.21 07:56:57.621,1.04464,1.04484,1.00,1.00
2017.06.21 07:56:58.290,1.04465,1.04484,1.00,1.00
2017.06.21 07:57:02.857,1.04464,1.04484,1.50,1.00
2017.06.21 07:57:03.441,1.04465,1.04484,1.00,1.00
2017.06.21 07:57:04.256,1.04464,1.04484,1.50,1.00
2017.06.21 07:57:04.843,1.04465,1.04486,1.00,2.25
2017.06.21 07:57:06.005,1.04464,1.04485,1.50,1.12
2017.06.21 07:57:07.910,1.04465,1.04485,1.00,1.12
2017.06.21 07:57:09.184,1.04464,1.04485,1.50,1.12
2017.06.21 07:57:10.503,1.04465,1.04487,1.00,3.37
2017.06.21 07:57:11.107,1.04465,1.04487,1.00,3.00
2017.06.21 07:57:15.233,1.04464,1.04487,1.00,4.12
2017.06.21 07:57:15.335,1.04463,1.04487,1.50,1.87
2017.06.21 07:57:15.481,1.04463,1.04485,1.50,1.00
2017.06.21 07:57:15.685,1.04464,1.04488,1.00,6.00
2017.06.21 07:57:16.203,1.04465,1.04488,1.00,2.62
2017.06.21 07:57:17.965,1.04464,1.04487,1.00,1.12
2017.06.21 07:57:18.468,1.04464,1.04485,1.00,1.50
2017.06.21 07:57:18.824,1.04462,1.04485,3.00,1.00
2017.06.21 07:57:19.467,1.04462,1.04484,2.25,1.00
2017.06.21 07:57:20.089,1.04463,1.04484,1.00,1.50
2017.06.21 07:57:21.049,1.04462,1.04484,2.25,1.50
2017.06.21 07:57:24.174,1.04463,1.04484,1.00,2.25
2017.06.21 07:57:30.381,1.04463,1.04482,1.00,1.00
2017.06.21 07:57:32.310,1.04463,1.04484,1.00,4.87
2017.06.21 07:57:32.832,1.04463,1.04483,1.00,1.87
2017.06.21 07:57:33.402,1.04462,1.04484,1.00,1.87
2017.06.21 07:57:43.683,1.04464,1.04484,1.00,2.62
2017.06.21 07:57:52.433,1.04463,1.04482,1.00,1.12
2017.06.21 07:57:53.892,1.04463,1.04483,1.00,1.00
2017.06.21 07:58:00.626,1.04464,1.04484,1.00,2.62
2017.06.21 07:58:01.287,1.04465,1.04485,1.00,2.25
2017.06.21 07:58:01.338,1.04465,1.04485,1.00,1.50
2017.06.21 07:58:01.852,1.04465,1.04484,1.50,1.00
2017.06.21 07:58:01.976,1.04466,1.04488,1.50,1.87
2017.06.21 07:58:02.129,1.0447,1.04493,1.00,4.12
2017.06.21 07:58:02.651,1.0447,1.04492,1.00,1.50
2017.06.21 07:58:03.261,1.0447,1.04493,1.00,1.50
2017.06.21 07:58:03.491,1.04473,1.04495,1.00,4.12
2017.06.21 07:58:03.998,1.04473,1.04494,1.50,2.25
2017.06.21 07:58:04.540,1.04473,1.04495,2.25,1.50
2017.06.21 07:58:05.412,1.04475,1.04494,1.50,1.00
2017.06.21 07:58:07.097,1.04474,1.04497,1.50,4.50
2017.06.21 07:58:07.771,1.04475,1.04498,1.50,1.69
2017.06.21 07:58:08.335,1.04475,1.04496,1.50,1.00
2017.06.21 07:58:10.486,1.04475,1.04497,1.00,1.50
2017.06.21 07:58:15.037,1.04475,1.04496,1.00,1.00
2017.06.21 07:58:15.676,1.04475,1.04497,1.00,1.50
2017.06.21 07:58:18.392,1.04476,1.04495,1.00,1.00
2017.06.21 07:58:18.921,1.04476,1.04494,1.00,1.00
2017.06.21 07:58:19.181,1.04476,1.04496,1.00,1.50
2017.06.21 07:58:23.694,1.04475,1.04496,1.00,1.50
2017.06.21 07:58:23.745,1.04475,1.04494,1.00,1.00
2017.06.21 07:58:24.491,1.04475,1.04495,1.00,1.00
2017.06.21 07:58:26.052,1.04475,1.04496,1.00,2.25
2017.06.21 07:58:28.652,1.04474,1.04496,1.00,2.25
2017.06.21 07:58:29.353,1.04474,1.04495,1.00,1.00
2017.06.21 07:58:37.635,1.04474,1.04496,1.00,1.00
2017.06.21 07:58:38.144,1.04474,1.04495,1.00,1.00
2017.06.21 07:58:38.974,1.04476,1.04494,1.00,1.00
2017.06.21 07:58:39.076,1.04476,1.04496,1.00,1.50
2017.06.21 07:58:39.354,1.04473,1.04494,1.00,1.50
2017.06.21 07:58:39.405,1.04474,1.04492,1.00,1.00
2017.06.21 07:58:39.558,1.04467,1.04491,1.37,1.50
2017.06.21 07:58:39.763,1.04468,1.04489,1.00,1.00
2017.06.21 07:58:40.557,1.04468,1.0449,1.00,2.25
2017.06.21 07:58:41.094,1.04468,1.04489,1.00,1.00
2017.06.21 07:58:42.983,1.0447,1.04489,1.00,1.00
2017.06.21 07:58:43.528,1.04469,1.0449,1.00,1.50
2017.06.21 07:58:46.725,1.04468,1.0449,1.00,2.25
2017.06.21 07:58:50.833,1.0447,1.0449,1.00,1.00
2017.06.21 07:59:02.561,1.04469,1.0449,1.00,1.00
2017.06.21 07:59:02.866,1.04475,1.04496,1.00,1.00
2017.06.21 07:59:03.212,1.04473,1.04492,1.00,1.00
2017.06.21 07:59:03.759,1.04473,1.04493,1.00,1.50
2017.06.21 07:59:04.419,1.04473,1.04492,1.00,1.00
2017.06.21 07:59:04.723,1.04471,1.04491,1.00,1.00
2017.06.21 07:59:05.133,1.04469,1.04491,1.00,1.00
2017.06.21 07:59:05.338,1.04469,1.04489,1.00,1.00
2017.06.21 07:59:05.690,1.04471,1.04492,1.00,1.50
2017.06.21 07:59:05.741,1.04474,1.04492,1.00,1.00
2017.06.21 07:59:06.313,1.04474,1.04494,1.00,1.50
2017.06.21 07:59:06.581,1.04476,1.04495,1.00,1.50
2017.06.21 07:59:07.109,1.04478,1.04496,1.00,1.00
2017.06.21 07:59:07.687,1.04478,1.04497,1.00,1.50
2017.06.21 07:59:08.212,1.04479,1.04498,1.00,1.00
2017.06.21 07:59:08.817,1.04478,1.04498,1.00,1.00
2017.06.21 07:59:09.372,1.04477,1.04499,1.00,1.50
2017.06.21 07:59:11.076,1.04478,1.04498,1.00,1.00
2017.06.21 07:59:11.585,1.04479,1.04499,1.00,1.00
2017.06.21 07:59:12.304,1.04479,1.04498,1.00,1.00
2017.06.21 07:59:13.009,1.04479,1.04499,1.00,1.50
2017.06.21 07:59:13.432,1.04479,1.04497,1.00,1.00
2017.06.21 07:59:14.321,1.04479,1.04498,1.00,1.00
2017.06.21 07:59:14.831,1.0448,1.04498,1.00,1.50
2017.06.21 07:59:15.700,1.0448,1.04497,1.00,1.00
2017.06.21 07:59:16.201,1.04479,1.04498,1.00,1.50
2017.06.21 07:59:17.038,1.04478,1.04499,1.00,1.50
2017.06.21 07:59:17.629,1.04479,1.04499,1.00,1.50
2017.06.21 07:59:18.213,1.04479,1.04498,1.00,1.00
2017.06.21 07:59:18.518,1.04482,1.04501,1.00,2.25
2017.06.21 07:59:26.049,1.04479,1.045,1.00,1.12
2017.06.21 07:59:29.122,1.04481,1.04501,1.00,1.50
2017.06.21 07:59:29.478,1.0448,1.04501,1.00,2.25
2017.06.21 07:59:29.986,1.04478,1.045,1.00,1.87
2017.06.21 07:59:30.212,1.0448,1.045,1.00,1.50
2017.06.21 07:59:30.415,1.04482,1.04502,1.00,2.25
2017.06.21 07:59:30.932,1.04481,1.04501,1.00,1.50
2017.06.21 07:59:31.617,1.04481,1.04502,1.00,1.87
2017.06.21 07:59:31.668,1.0448,1.04501,1.00,3.00
2017.06.21 07:59:31.720,1.04481,1.04502,1.00,1.50
2017.06.21 07:59:32.265,1.04482,1.04504,1.00,4.50
2017.06.21 07:59:32.835,1.04481,1.04503,1.00,1.12
2017.06.21 07:59:33.499,1.04481,1.04503,1.00,2.25
2017.06.21 07:59:34.058,1.0448,1.04502,1.50,1.00
2017.06.21 07:59:34.645,1.0448,1.04503,1.00,2.25
2017.06.21 07:59:34.797,1.04481,1.04502,1.00,1.37
2017.06.21 07:59:34.934,1.0448,1.04503,1.00,2.25
2017.06.21 07:59:35.189,1.04479,1.04501,1.50,1.00
2017.06.21 07:59:35.575,1.04479,1.04503,1.00,1.87
2017.06.21 07:59:35.728,1.04481,1.04503,1.00,2.62
2017.06.21 07:59:36.256,1.04482,1.04503,1.00,1.87
2017.06.21 07:59:36.843,1.04481,1.04504,1.00,3.37
2017.06.21 07:59:37.950,1.04481,1.04502,1.00,1.00
2017.06.21 07:59:38.549,1.04481,1.04504,1.00,2.62
2017.06.21 07:59:39.150,1.04482,1.04503,1.00,1.12
2017.06.21 07:59:43.942,1.04483,1.04505,1.00,2.62
2017.06.21 07:59:46.227,1.04482,1.04505,1.50,1.12
2017.06.21 07:59:46.777,1.04483,1.04505,1.00,1.50
2017.06.21 07:59:47.288,1.04484,1.04506,1.00,1.37
2017.06.21 07:59:47.805,1.04483,1.04507,1.00,1.87
2017.06.21 07:59:48.184,1.04482,1.04505,1.50,1.00
2017.06.21 07:59:48.743,1.04483,1.04506,1.00,1.50
2017.06.21 07:59:49.480,1.04482,1.04507,1.50,2.25
2017.06.21 07:59:50.761,1.04483,1.04507,1.00,1.00
2017.06.21 07:59:51.402,1.04484,1.04506,1.00,1.00
2017.06.21 07:59:51.657,1.04482,1.04505,2.25,1.00
2017.06.21 07:59:52.315,1.04482,1.04506,1.50,1.50
2017.06.21 07:59:52.867,1.04483,1.04506,1.00,1.50
2017.06.21 07:59:53.946,1.04482,1.04506,1.00,1.00
2017.06.21 07:59:53.997,1.04482,1.04504,1.00,1.00
2017.06.21 07:59:54.634,1.04482,1.04505,1.00,1.00
2017.06.21 07:59:56.751,1.04482,1.04504,1.00,1.00
2017.06.21 07:59:57.325,1.04482,1.04505,1.00,1.00
2017.06.21 07:59:57.625,1.0448,1.04504,3.00,1.50
2017.06.21 07:59:58.856,1.0448,1.04502,1.00,1.00
2017.06.21 07:59:59.483,1.04481,1.04503,1.00,1.00
