2017.10.08 21:01:03.638,1.09967,1.10044,0.75,0.75
2017.10.08 21:01:04.711,1.09966,1.10043,0.75,0.75
2017.10.08 21:01:08.107,1.09967,1.10044,0.75,0.75
2017.10.08 21:01:26.273,1.09968,1.10047,0.75,0.75
2017.10.08 21:02:21.075,1.09954,1.10053,0.75,0.75
2017.10.08 21:02:21.176,1.0997,1.10047,0.75,0.75
2017.10.08 21:02:30.619,1.09972,1.10051,0.75,0.75
2017.10.08 21:02:36.829,1.09972,1.10051,0.75,0.75
2017.10.08 21:02:43.430,1.09972,1.10051,0.75,0.75
2017.10.08 21:02:54.308,1.09971,1.1005,0.75,0.75
2017.10.08 21:03:22.285,1.09972,1.10051,0.75,0.75
2017.10.08 21:04:01.157,1.09971,1.1005,0.75,0.75
2017.10.08 21:05:01.498,1.09973,1.1005,1.00,0.75
2017.10.08 21:05:12.586,1.09974,1.10053,1.00,0.75
2017.10.08 21:05:13.121,1.09976,1.10053,1.00,0.75
2017.10.08 21:05:14.169,1.09979,1.10056,1.00,1.00
2017.10.08 21:05:16.206,1.0998,1.10059,1.00,0.75
2017.10.08 21:05:20.745,1.09979,1.10056,1.00,0.75
2017.10.08 21:05:25.372,1.09981,1.10058,1.00,0.75
2017.10.08 21:05:35.900,1.09988,1.10065,1.00,1.00
2017.10.08 21:05:36.001,1.09988,1.10067,1.00,1.00
2017.10.08 21:05:51.445,1.0999,1.10069,1.00,1.00
2017.10.08 21:06:03.465,1.09997,1.10075,1.19,1.00
2017.10.08 21:06:03.684,1.09997,1.10076,1.00,1.00
2017.10.08 21:06:43.664,1.09998,1.10075,1.00,1.00
2017.10.08 21:07:02.020,1.09997,1.1008,1.00,1.00
2017.10.08 21:07:02.070,1.10008,1.1008,1.00,1.00
2017.10.08 21:07:02.535,1.10008,1.10082,1.00,1.00
2017.10.08 21:07:31.701,1.10007,1.10081,1.00,1.00
2017.10.08 21:07:55.825,1.10015,1.10102,1.00,1.00
2017.10.08 21:08:19.175,1.10063,1.10102,1.00,1.00
2017.10.08 21:08:20.074,1.10062,1.10102,1.00,1.00
2017.10.08 21:08:21.148,1.10063,1.10102,1.00,1.00
2017.10.08 21:08:25.474,1.10062,1.10102,1.00,1.00
2017.10.08 21:08:25.575,1.10015,1.10102,1.00,1.00
2017.10.08 21:08:32.224,1.10014,1.10103,1.00,1.00
2017.10.08 21:09:03.948,1.10016,1.10103,1.00,1.00
2017.10.08 21:09:21.752,1.10009,1.10107,1.00,1.00
2017.10.08 21:09:21.803,1.10008,1.10082,1.00,0.75
2017.10.08 21:09:46.560,1.10008,1.1008,1.00,1.00
2017.10.08 21:09:47.105,1.10006,1.10078,1.00,1.00
2017.10.08 21:09:58.977,1.10003,1.10077,1.00,1.00
2017.10.08 21:10:04.403,1.10006,1.10078,1.00,1.00
2017.10.08 21:10:11.778,1.10003,1.10077,1.00,1.00
2017.10.08 21:10:17.922,1.09993,1.10073,1.00,1.00
2017.10.08 21:10:17.972,1.09994,1.1007,1.00,1.00
2017.10.08 21:10:18.480,1.09993,1.1007,1.00,1.00
2017.10.08 21:10:20.111,1.09994,1.1007,1.00,1.00
2017.10.08 21:10:26.123,1.09993,1.1007,1.00,1.00
2017.10.08 21:10:27.170,1.09994,1.1007,1.00,1.00
2017.10.08 21:10:28.111,1.09993,1.1007,1.00,1.00
2017.10.08 21:10:30.260,1.09994,1.1007,1.00,1.00
2017.10.08 21:10:32.340,1.09993,1.1007,1.00,1.00
2017.10.08 21:10:34.121,1.09994,1.1007,1.00,1.00
2017.10.08 21:10:38.110,1.09993,1.1007,1.00,1.00
2017.10.08 21:10:40.078,1.09993,1.10071,1.00,1.00
2017.10.08 21:10:40.381,1.09992,1.10057,1.00,1.00
2017.10.08 21:10:40.928,1.09993,1.10057,1.00,1.00
2017.10.08 21:10:41.520,1.09992,1.10057,1.00,1.00
2017.10.08 21:10:42.439,1.09993,1.10057,1.00,1.00
2017.10.08 21:10:43.211,1.09992,1.10057,1.00,1.00
2017.10.08 21:10:43.899,1.09993,1.10057,1.00,1.00
2017.10.08 21:10:44.582,1.09992,1.10057,1.00,1.00
2017.10.08 21:10:45.218,1.09993,1.10058,1.00,1.00
2017.10.08 21:10:47.040,1.09992,1.10058,1.00,1.00
2017.10.08 21:10:47.858,1.09993,1.10058,1.00,1.00
2017.10.08 21:10:49.040,1.09992,1.10058,1.00,1.00
2017.10.08 21:10:50.101,1.09993,1.10058,1.00,1.00
2017.10.08 21:10:50.719,1.09992,1.10058,1.00,1.00
2017.10.08 21:10:51.031,1.09993,1.10041,1.00,1.00
2017.10.08 21:10:51.277,1.09992,1.10054,1.00,1.00
2017.10.08 21:10:51.381,1.09993,1.10042,1.00,1.00
2017.10.08 21:10:51.432,1.09993,1.10056,1.00,1.00
2017.10.08 21:10:52.631,1.09992,1.10056,1.00,1.00
2017.10.08 21:10:53.286,1.09993,1.10056,1.00,1.00
2017.10.08 21:10:54.099,1.09992,1.10056,1.00,1.00
2017.10.08 21:10:54.619,1.09993,1.10056,1.00,1.00
2017.10.08 21:10:55.651,1.09992,1.10056,1.00,1.00
2017.10.08 21:10:56.356,1.09993,1.10056,1.00,1.00
2017.10.08 21:10:56.961,1.09992,1.10056,1.00,1.00
2017.10.08 21:10:57.976,1.09993,1.10056,1.00,1.00
2017.10.08 21:10:58.600,1.09992,1.10056,1.00,1.00
2017.10.08 21:10:59.130,1.09993,1.10056,1.00,1.00
2017.10.08 21:10:59.633,1.09992,1.10056,1.00,1.00
2017.10.08 21:11:00.153,1.09993,1.10056,1.00,1.00
2017.10.08 21:11:00.681,1.09992,1.10056,1.00,1.00
2017.10.08 21:11:01.211,1.09993,1.10056,1.00,1.00
2017.10.08 21:11:01.793,1.09993,1.10064,1.25,1.00
2017.10.08 21:11:02.347,1.09992,1.10064,1.00,1.25
2017.10.08 21:11:02.852,1.09993,1.10064,1.00,1.25
2017.10.08 21:11:03.356,1.09992,1.10064,1.00,1.00
2017.10.08 21:11:03.859,1.09993,1.10064,1.00,1.00
2017.10.08 21:11:04.212,1.09993,1.10064,1.19,1.00
2017.10.08 21:11:04.717,1.09993,1.10064,1.18,1.00
2017.10.08 21:11:05.019,1.09992,1.10064,1.15,1.22
2017.10.08 21:11:05.410,1.09992,1.10064,1.03,1.00
2017.10.08 21:11:05.461,1.09993,1.10064,1.03,1.14
2017.10.08 21:11:05.512,1.09992,1.10064,1.03,1.00
2017.10.08 21:11:05.562,1.09993,1.10064,1.03,1.14
2017.10.08 21:11:05.814,1.09992,1.10064,1.03,1.00
2017.10.08 21:11:06.217,1.09992,1.10064,1.03,1.00
2017.10.08 21:11:06.520,1.10005,1.10087,1.00,1.11
2017.10.08 21:11:06.571,1.10005,1.10088,1.00,1.00
2017.10.08 21:11:06.672,1.10005,1.10092,1.00,1.00
2017.10.08 21:11:09.481,1.10043,1.10092,1.00,1.00
2017.10.08 21:11:11.042,1.10042,1.10092,1.00,1.00
2017.10.08 21:11:11.707,1.10043,1.10092,1.00,1.00
2017.10.08 21:11:12.367,1.10042,1.10092,1.00,1.00
2017.10.08 21:11:13.110,1.10043,1.10092,1.00,1.00
2017.10.08 21:11:13.640,1.10042,1.10092,1.00,1.00
2017.10.08 21:11:14.347,1.10043,1.10092,1.00,1.00
2017.10.08 21:11:15.007,1.10042,1.10092,1.00,1.00
2017.10.08 21:11:17.110,1.10043,1.10092,1.00,1.00
2017.10.08 21:11:19.110,1.10042,1.10092,1.00,1.00
2017.10.08 21:11:21.040,1.10043,1.10092,1.00,1.00
2017.10.08 21:11:23.051,1.10042,1.10092,1.00,1.00
2017.10.08 21:11:23.588,1.10043,1.10092,1.00,1.00
2017.10.08 21:11:26.050,1.10042,1.10092,1.00,1.00
2017.10.08 21:11:27.041,1.10043,1.10092,1.00,1.00
2017.10.08 21:11:27.660,1.10042,1.10092,1.00,1.00
2017.10.08 21:11:29.110,1.10043,1.10092,1.00,1.00
2017.10.08 21:11:31.111,1.10042,1.10092,1.00,1.00
2017.10.08 21:11:33.051,1.10043,1.10092,1.00,1.00
2017.10.08 21:11:33.980,1.10042,1.10092,1.00,1.00
2017.10.08 21:11:34.482,1.10043,1.10092,1.00,1.00
2017.10.08 21:11:36.041,1.10042,1.10092,1.00,1.00
2017.10.08 21:11:36.931,1.10043,1.10092,1.00,1.00
2017.10.08 21:11:39.100,1.10042,1.10092,1.00,1.00
2017.10.08 21:11:40.040,1.10043,1.10092,1.00,1.00
2017.10.08 21:11:43.113,1.10042,1.10092,1.00,1.00
2017.10.08 21:11:45.111,1.10043,1.10092,1.00,1.00
2017.10.08 21:11:49.055,1.10042,1.10092,1.00,1.00
2017.10.08 21:11:49.665,1.10043,1.10092,1.00,1.00
2017.10.08 21:11:50.171,1.10042,1.10092,1.00,1.00
2017.10.08 21:11:50.986,1.10043,1.10092,1.00,1.00
2017.10.08 21:11:54.051,1.10042,1.10092,1.00,1.00
2017.10.08 21:11:55.111,1.10043,1.10092,1.00,1.00
2017.10.08 21:11:55.640,1.10043,1.10093,1.00,1.00
2017.10.08 21:11:59.111,1.10042,1.10093,1.00,1.00
2017.10.08 21:11:59.897,1.10043,1.10093,1.00,1.00
2017.10.08 21:12:03.110,1.10042,1.10093,1.00,1.00
2017.10.08 21:12:04.081,1.10043,1.10093,1.00,1.00
2017.10.08 21:12:04.517,1.10043,1.10084,1.00,1.00
2017.10.08 21:12:06.112,1.10042,1.10084,1.00,1.00
2017.10.08 21:12:07.208,1.10043,1.10084,1.00,1.00
2017.10.08 21:12:10.112,1.10042,1.10084,1.00,1.00
2017.10.08 21:12:12.157,1.10043,1.10084,1.00,1.00
2017.10.08 21:12:14.188,1.10043,1.10085,1.00,1.00
2017.10.08 21:12:14.798,1.10042,1.10085,1.00,1.00
2017.10.08 21:12:16.140,1.10043,1.10085,1.00,1.00
2017.10.08 21:12:17.523,1.10043,1.10087,1.00,1.00
2017.10.08 21:12:17.574,1.10042,1.10085,1.00,1.00
2017.10.08 21:12:19.111,1.10043,1.10085,1.00,1.00
2017.10.08 21:12:20.251,1.10042,1.10085,1.00,1.00
2017.10.08 21:12:21.069,1.10042,1.10087,1.00,1.00
2017.10.08 21:12:21.119,1.10043,1.10085,1.00,1.00
2017.10.08 21:12:23.111,1.10042,1.10085,1.00,1.00
2017.10.08 21:12:25.111,1.10043,1.10085,1.00,1.00
2017.10.08 21:12:27.210,1.10042,1.10086,1.00,1.00
2017.10.08 21:12:27.261,1.10042,1.10098,1.00,1.00
2017.10.08 21:12:27.312,1.10042,1.10092,1.00,1.00
2017.10.08 21:12:27.362,1.10043,1.10112,1.00,1.00
2017.10.08 21:12:27.513,1.10042,1.10115,1.00,1.00
2017.10.08 21:12:28.041,1.10043,1.10114,1.00,1.00
2017.10.08 21:12:28.614,1.10042,1.10114,1.00,1.00
2017.10.08 21:12:29.273,1.10043,1.10113,1.00,1.00
2017.10.08 21:12:32.295,1.10042,1.10113,1.00,1.00
2017.10.08 21:12:32.904,1.10043,1.10113,1.00,1.00
2017.10.08 21:12:34.100,1.10042,1.10113,1.00,1.00
2017.10.08 21:12:34.741,1.10043,1.10113,1.00,1.00
2017.10.08 21:12:36.926,1.10043,1.10116,1.00,1.00
2017.10.08 21:12:36.977,1.10043,1.10113,1.00,1.00
2017.10.08 21:12:37.986,1.10043,1.10115,1.00,1.00
2017.10.08 21:12:38.087,1.10043,1.10113,1.00,1.00
2017.10.08 21:12:40.652,1.10043,1.10111,1.00,1.00
2017.10.08 21:12:40.805,1.10042,1.10114,1.00,1.00
2017.10.08 21:12:41.489,1.10043,1.10113,1.00,1.00
2017.10.08 21:12:42.460,1.10042,1.10113,1.00,1.00
2017.10.08 21:12:45.111,1.10043,1.10113,1.00,1.00
2017.10.08 21:12:45.781,1.10042,1.10113,1.00,1.00
2017.10.08 21:12:47.149,1.10043,1.10113,1.00,1.00
2017.10.08 21:12:47.453,1.10042,1.10097,1.00,1.00
2017.10.08 21:12:47.504,1.10042,1.10114,1.00,1.00
2017.10.08 21:12:48.090,1.10043,1.10114,1.00,1.00
2017.10.08 21:12:50.533,1.10042,1.10114,1.00,1.00
2017.10.08 21:12:51.113,1.10043,1.10114,1.00,1.00
2017.10.08 21:12:52.264,1.10043,1.10115,1.00,1.00
2017.10.08 21:12:53.041,1.10042,1.10115,1.00,1.00
2017.10.08 21:12:53.352,1.10042,1.10111,1.00,1.00
2017.10.08 21:12:53.701,1.10043,1.10097,1.00,1.00
2017.10.08 21:12:54.385,1.10042,1.10097,1.00,1.00
2017.10.08 21:12:54.911,1.10043,1.10097,1.00,1.00
2017.10.08 21:12:58.927,1.10043,1.10098,1.00,1.00
2017.10.08 21:12:59.643,1.10042,1.10097,1.00,1.00
2017.10.08 21:12:59.724,1.10042,1.10099,1.00,1.00
2017.10.08 21:13:00.303,1.10043,1.10099,1.00,1.00
2017.10.08 21:13:00.962,1.10042,1.10099,1.00,1.00
2017.10.08 21:13:01.470,1.10043,1.10101,1.00,1.00
2017.10.08 21:13:01.574,1.10043,1.10099,1.00,1.00
2017.10.08 21:13:03.111,1.10042,1.10099,1.00,1.00
2017.10.08 21:13:09.112,1.10043,1.10099,1.00,1.00
2017.10.08 21:13:11.112,1.10042,1.10099,1.00,1.00
2017.10.08 21:13:13.111,1.10043,1.10099,1.00,1.00
2017.10.08 21:13:14.731,1.10042,1.10099,1.00,1.00
2017.10.08 21:13:15.487,1.10043,1.10099,1.00,1.00
2017.10.08 21:13:17.111,1.10042,1.10099,1.00,1.00
2017.10.08 21:13:19.050,1.10043,1.10099,1.00,1.00
2017.10.08 21:13:19.779,1.10042,1.10099,1.00,1.00
2017.10.08 21:13:21.489,1.10042,1.10098,1.00,1.00
2017.10.08 21:13:22.180,1.10043,1.10098,1.00,1.00
2017.10.08 21:13:23.141,1.10042,1.10098,1.00,1.00
2017.10.08 21:13:25.112,1.10043,1.10098,1.00,1.00
2017.10.08 21:13:25.722,1.10042,1.10098,1.00,1.00
2017.10.08 21:13:25.985,1.10042,1.101,1.00,1.00
2017.10.08 21:13:26.036,1.10042,1.10098,1.00,1.00
2017.10.08 21:13:27.111,1.10043,1.10098,1.00,1.00
2017.10.08 21:13:28.083,1.10042,1.10098,1.00,1.00
2017.10.08 21:13:29.110,1.10043,1.10098,1.00,1.00
2017.10.08 21:13:30.926,1.10043,1.101,1.00,1.00
2017.10.08 21:13:31.665,1.10042,1.101,1.00,1.00
2017.10.08 21:13:33.040,1.10043,1.101,1.00,1.00
2017.10.08 21:13:35.110,1.10042,1.101,1.00,1.00
2017.10.08 21:13:37.111,1.10043,1.101,1.00,1.00
2017.10.08 21:13:38.351,1.10042,1.101,1.00,1.00
2017.10.08 21:13:39.111,1.10043,1.101,1.00,1.00
2017.10.08 21:13:45.110,1.10042,1.101,1.00,1.00
2017.10.08 21:13:46.134,1.10042,1.10099,1.00,1.00
2017.10.08 21:13:47.170,1.10043,1.10099,1.00,1.00
2017.10.08 21:13:51.986,1.10043,1.10101,1.00,1.00
2017.10.08 21:13:52.037,1.10043,1.10099,1.00,1.00
2017.10.08 21:13:54.311,1.10042,1.10099,1.00,1.00
2017.10.08 21:13:55.111,1.10043,1.10099,1.00,1.00
2017.10.08 21:13:57.111,1.10042,1.10099,1.00,1.00
2017.10.08 21:13:57.814,1.10043,1.10099,1.00,1.00
2017.10.08 21:13:59.111,1.10042,1.10099,1.00,1.00
2017.10.08 21:14:01.112,1.10043,1.10099,1.00,1.00
2017.10.08 21:14:03.145,1.10042,1.10099,1.00,1.00
2017.10.08 21:14:04.019,1.10042,1.101,1.00,1.00
2017.10.08 21:14:04.746,1.10042,1.10101,1.00,1.00
2017.10.08 21:14:05.406,1.10043,1.10101,1.00,1.00
2017.10.08 21:14:10.311,1.10042,1.10101,1.00,1.00
2017.10.08 21:14:11.111,1.10043,1.10101,1.00,1.00
2017.10.08 21:14:25.112,1.10042,1.10101,1.00,1.00
2017.10.08 21:14:26.312,1.10043,1.10101,1.00,1.00
2017.10.08 21:14:27.111,1.10042,1.10101,1.00,1.00
2017.10.08 21:14:28.730,1.10042,1.10098,1.00,1.00
2017.10.08 21:14:28.781,1.10042,1.10101,1.00,1.00
2017.10.08 21:14:29.522,1.10043,1.10101,1.00,1.00
2017.10.08 21:14:31.113,1.10042,1.10101,1.00,1.00
2017.10.08 21:14:33.112,1.10043,1.10101,1.00,1.00
2017.10.08 21:14:38.311,1.10042,1.10101,1.00,1.00
2017.10.08 21:14:39.311,1.10043,1.10101,1.00,1.00
2017.10.08 21:14:45.960,1.10042,1.10101,1.00,1.00
2017.10.08 21:14:47.110,1.10043,1.10101,1.00,1.00
2017.10.08 21:14:49.111,1.10042,1.10101,1.00,1.00
2017.10.08 21:14:51.110,1.10043,1.10101,1.00,1.00
2017.10.08 21:14:51.642,1.10042,1.10101,1.00,1.00
2017.10.08 21:14:54.311,1.10043,1.10101,1.00,1.00
2017.10.08 21:14:55.111,1.10042,1.10101,1.00,1.00
2017.10.08 21:14:56.360,1.10043,1.10101,1.00,1.00
2017.10.08 21:14:57.111,1.10042,1.10101,1.00,1.00
2017.10.08 21:14:59.100,1.10043,1.10101,1.00,1.00
2017.10.08 21:15:00.441,1.10043,1.10102,1.00,1.00
2017.10.08 21:15:01.259,1.10043,1.10101,1.00,1.00
2017.10.08 21:15:01.920,1.10043,1.10096,1.00,1.00
2017.10.08 21:15:02.173,1.10007,1.10073,1.50,1.00
2017.10.08 21:15:02.224,1.10007,1.10089,1.00,1.00
2017.10.08 21:15:02.274,1.10003,1.1008,1.00,1.00
2017.10.08 21:15:02.426,1.10003,1.10101,1.00,1.00
2017.10.08 21:15:02.477,1.10003,1.10062,1.00,1.00
2017.10.08 21:15:02.538,1.10003,1.10067,1.00,1.00
2017.10.08 21:15:02.589,1.10035,1.1007,1.00,1.00
2017.10.08 21:15:02.640,1.10003,1.10075,1.00,1.00
2017.10.08 21:15:02.691,1.10034,1.10075,1.00,1.00
2017.10.08 21:15:02.741,1.10003,1.10075,1.00,1.00
2017.10.08 21:15:03.022,1.10003,1.1008,1.00,1.00
2017.10.08 21:15:03.173,1.10003,1.10082,1.00,1.00
2017.10.08 21:15:03.908,1.10003,1.10081,1.00,1.00
2017.10.08 21:15:04.542,1.10007,1.10081,1.00,1.00
2017.10.08 21:15:04.643,1.10009,1.10092,1.00,1.00
2017.10.08 21:15:04.693,1.10025,1.10098,1.00,1.00
2017.10.08 21:15:04.845,1.10013,1.10098,1.00,1.00
2017.10.08 21:15:04.895,1.10024,1.10095,1.00,1.00
2017.10.08 21:15:04.996,1.10009,1.10095,1.75,1.00
2017.10.08 21:15:05.098,1.10009,1.10095,1.00,1.00
2017.10.08 21:15:05.148,1.10023,1.10104,1.00,1.00
2017.10.08 21:15:05.466,1.10009,1.10088,1.00,1.00
2017.10.08 21:15:05.517,1.10009,1.10097,1.00,1.00
2017.10.08 21:15:05.567,1.10042,1.10088,1.00,1.00
2017.10.08 21:15:05.618,1.10043,1.10093,1.00,1.00
2017.10.08 21:15:05.669,1.10042,1.10091,1.00,1.00
2017.10.08 21:15:06.216,1.10043,1.10087,1.00,1.00
2017.10.08 21:15:10.085,1.10042,1.10087,1.00,1.00
2017.10.08 21:15:10.854,1.10043,1.10087,1.00,1.00
2017.10.08 21:15:11.514,1.10042,1.10087,1.00,1.00
2017.10.08 21:15:14.773,1.10043,1.10087,1.00,1.00
2017.10.08 21:15:15.479,1.10042,1.10088,1.00,1.00
2017.10.08 21:15:16.112,1.10043,1.10088,1.00,1.00
2017.10.08 21:15:17.890,1.10042,1.10088,1.00,1.00
2017.10.08 21:15:20.093,1.10043,1.10088,1.00,1.00
2017.10.08 21:15:21.923,1.10042,1.10088,1.00,1.00
2017.10.08 21:15:26.103,1.10043,1.10088,1.00,1.00
2017.10.08 21:15:26.526,1.10003,1.10088,1.00,1.00
2017.10.08 21:15:26.627,1.10042,1.10088,1.00,1.00
2017.10.08 21:15:27.163,1.10043,1.10088,1.00,1.00
2017.10.08 21:15:28.103,1.10042,1.10088,1.00,1.00
2017.10.08 21:15:28.683,1.10043,1.10088,1.00,1.00
2017.10.08 21:15:31.112,1.10042,1.10088,1.00,1.00
2017.10.08 21:15:34.092,1.10043,1.10088,1.00,1.00
2017.10.08 21:15:35.019,1.10043,1.10089,1.00,1.00
2017.10.08 21:15:35.586,1.10043,1.10088,1.00,1.00
2017.10.08 21:15:36.095,1.10043,1.10089,1.00,1.00
2017.10.08 21:15:36.650,1.10042,1.10089,1.00,1.00
2017.10.08 21:15:36.983,1.10043,1.10087,1.00,1.00
2017.10.08 21:15:37.514,1.10042,1.10088,1.00,1.00
2017.10.08 21:15:38.036,1.10043,1.10089,1.00,1.00
2017.10.08 21:15:38.563,1.10042,1.10089,1.00,1.00
2017.10.08 21:15:40.290,1.10043,1.10089,1.00,1.00
2017.10.08 21:15:40.858,1.10042,1.10089,1.00,1.00
2017.10.08 21:15:41.444,1.10043,1.10089,1.00,1.00
2017.10.08 21:15:42.103,1.10043,1.10088,1.00,1.00
2017.10.08 21:15:42.661,1.10043,1.10089,1.00,1.00
2017.10.08 21:15:43.304,1.10042,1.10089,1.00,1.00
2017.10.08 21:15:43.868,1.10043,1.10089,1.00,1.00
2017.10.08 21:15:45.545,1.10043,1.10088,1.00,1.00
2017.10.08 21:15:46.112,1.10042,1.10088,1.00,1.00
2017.10.08 21:15:47.124,1.10043,1.10088,1.00,1.00
2017.10.08 21:15:49.103,1.10042,1.10088,1.00,1.00
2017.10.08 21:15:51.104,1.10043,1.10088,1.00,1.00
2017.10.08 21:15:58.944,1.10043,1.1009,1.00,1.00
2017.10.08 21:15:59.713,1.10043,1.10089,1.00,1.00
2017.10.08 21:16:00.755,1.10042,1.10089,1.00,1.00
2017.10.08 21:16:01.363,1.10042,1.1009,1.00,1.00
2017.10.08 21:16:01.593,1.10043,1.10088,1.00,1.00
2017.10.08 21:16:02.652,1.10042,1.10088,1.00,1.00
2017.10.08 21:16:03.345,1.10043,1.10089,1.00,1.00
2017.10.08 21:16:05.103,1.10042,1.10089,1.00,1.00
2017.10.08 21:16:05.474,1.10042,1.10092,1.00,1.00
2017.10.08 21:16:07.104,1.10043,1.10092,1.00,1.00
2017.10.08 21:16:15.153,1.10042,1.10092,1.00,1.00
2017.10.08 21:16:16.794,1.10043,1.10092,1.00,1.00
2017.10.08 21:16:16.845,1.10042,1.10098,1.00,1.00
2017.10.08 21:16:16.951,1.10042,1.10101,1.00,1.00
2017.10.08 21:16:17.512,1.10043,1.101,1.00,1.00
2017.10.08 21:16:18.013,1.10043,1.10101,1.00,1.00
2017.10.08 21:16:18.525,1.10042,1.10101,1.00,1.00
2017.10.08 21:16:19.104,1.10043,1.10101,1.00,1.00
2017.10.08 21:16:20.387,1.10043,1.10103,1.00,1.00
2017.10.08 21:16:20.437,1.10043,1.10101,1.00,1.00
2017.10.08 21:16:21.103,1.10042,1.10101,1.00,1.00
2017.10.08 21:16:21.412,1.10042,1.10104,1.00,1.00
2017.10.08 21:16:21.464,1.10043,1.10101,1.00,1.00
2017.10.08 21:16:21.719,1.10043,1.10104,1.00,1.00
2017.10.08 21:16:21.771,1.10043,1.10102,1.00,1.00
2017.10.08 21:16:23.105,1.10042,1.10102,1.00,1.00
2017.10.08 21:16:28.147,1.10043,1.10102,1.00,1.00
2017.10.08 21:16:28.758,1.10043,1.10101,1.00,1.00
2017.10.08 21:16:29.481,1.10042,1.10101,1.00,1.00
2017.10.08 21:16:30.382,1.10043,1.10101,1.00,1.00
2017.10.08 21:16:30.696,1.10043,1.10099,1.00,1.00
2017.10.08 21:16:31.396,1.10042,1.10099,1.00,1.00
2017.10.08 21:16:31.902,1.10042,1.101,1.00,1.00
2017.10.08 21:16:32.719,1.10043,1.101,1.00,1.00
2017.10.08 21:16:33.603,1.10043,1.10101,1.00,1.00
2017.10.08 21:16:35.117,1.10042,1.10101,1.00,1.00
2017.10.08 21:16:35.690,1.10042,1.101,1.00,1.00
2017.10.08 21:16:37.103,1.10043,1.101,1.00,1.00
2017.10.08 21:16:39.112,1.10042,1.101,1.00,1.00
2017.10.08 21:16:39.649,1.10042,1.10101,1.00,1.00
2017.10.08 21:16:40.691,1.10043,1.10101,1.00,1.00
2017.10.08 21:16:41.411,1.10043,1.10103,1.00,1.00
2017.10.08 21:16:41.783,1.10043,1.101,1.00,1.00
2017.10.08 21:16:42.194,1.10043,1.10092,1.00,1.00
2017.10.08 21:16:42.245,1.10042,1.10101,1.00,1.00
2017.10.08 21:16:42.822,1.10043,1.101,1.00,1.00
2017.10.08 21:16:45.527,1.10043,1.10102,1.00,1.00
2017.10.08 21:16:46.242,1.10042,1.10102,1.00,1.00
2017.10.08 21:16:47.428,1.10042,1.10103,1.00,1.00
2017.10.08 21:16:48.103,1.10043,1.10103,1.00,1.00
2017.10.08 21:16:54.103,1.10042,1.10103,1.00,1.00
2017.10.08 21:16:54.160,1.10042,1.10098,1.00,1.00
2017.10.08 21:16:54.211,1.10043,1.10103,1.00,1.00
2017.10.08 21:16:54.831,1.10042,1.10103,1.00,1.00
2017.10.08 21:16:58.103,1.10043,1.10103,1.00,1.00
2017.10.08 21:16:59.332,1.10042,1.10103,1.00,1.00
2017.10.08 21:17:00.102,1.10043,1.10103,1.00,1.00
2017.10.08 21:17:00.783,1.10042,1.10103,1.00,1.00
2017.10.08 21:17:01.424,1.10043,1.10103,1.00,1.00
2017.10.08 21:17:02.109,1.10042,1.10103,1.00,1.00
2017.10.08 21:17:02.714,1.10043,1.10103,1.00,1.00
2017.10.08 21:17:04.103,1.10042,1.10103,1.00,1.00
2017.10.08 21:17:06.148,1.10043,1.10103,1.00,1.00
2017.10.08 21:17:08.130,1.10042,1.10103,1.00,1.00
2017.10.08 21:17:10.044,1.10043,1.10103,1.00,1.00
2017.10.08 21:17:14.103,1.10042,1.10103,1.00,1.00
2017.10.08 21:17:14.683,1.10043,1.10103,1.00,1.00
2017.10.08 21:17:16.103,1.10042,1.10103,1.00,1.00
2017.10.08 21:17:17.113,1.10043,1.10103,1.00,1.00
2017.10.08 21:17:20.103,1.10042,1.10103,1.00,1.00
2017.10.08 21:17:21.335,1.10043,1.10103,1.00,1.00
2017.10.08 21:17:22.104,1.10042,1.10103,1.00,1.00
2017.10.08 21:17:26.103,1.10043,1.10103,1.00,1.00
2017.10.08 21:17:28.103,1.10042,1.10103,1.00,1.00
2017.10.08 21:17:31.727,1.10042,1.10104,1.00,1.00
2017.10.08 21:17:32.509,1.10043,1.10104,1.00,1.00
2017.10.08 21:17:35.303,1.10042,1.10104,1.00,1.00
2017.10.08 21:17:35.878,1.10043,1.10104,1.00,1.00
2017.10.08 21:17:44.103,1.10042,1.10104,1.00,1.00
2017.10.08 21:17:45.526,1.10042,1.10105,1.00,1.00
2017.10.08 21:17:47.594,1.10043,1.10105,1.00,1.00
2017.10.08 21:17:47.696,1.10043,1.10092,1.00,1.00
2017.10.08 21:17:47.746,1.10042,1.10103,1.00,1.00
2017.10.08 21:17:47.797,1.10043,1.101,1.00,1.00
2017.10.08 21:17:47.848,1.10043,1.10104,1.00,1.00
2017.10.08 21:17:47.899,1.10043,1.10099,1.00,1.00
2017.10.08 21:17:47.950,1.10043,1.10106,1.00,1.00
2017.10.08 21:17:48.000,1.10043,1.10101,1.00,1.00
2017.10.08 21:17:48.051,1.10043,1.10108,1.00,1.00
2017.10.08 21:17:48.733,1.10042,1.10108,1.00,1.00
2017.10.08 21:17:49.413,1.10043,1.10108,1.00,1.00
2017.10.08 21:17:50.168,1.10042,1.10108,1.00,1.00
2017.10.08 21:17:54.084,1.10042,1.10109,1.00,1.00
2017.10.08 21:17:54.744,1.10043,1.10109,1.00,1.00
2017.10.08 21:17:55.354,1.10042,1.10109,1.00,1.00
2017.10.08 21:17:56.518,1.10042,1.1011,1.00,1.00
2017.10.08 21:17:59.103,1.10043,1.1011,1.00,1.00
2017.10.08 21:18:02.104,1.10042,1.1011,1.00,1.00
2017.10.08 21:18:02.432,1.10037,1.1011,1.00,1.00
2017.10.08 21:18:02.533,1.10021,1.10109,1.00,1.00
2017.10.08 21:18:02.584,1.1002,1.10102,1.00,1.00
2017.10.08 21:18:02.635,1.1001,1.10099,1.00,1.00
2017.10.08 21:18:02.685,1.10009,1.10093,1.00,1.00
2017.10.08 21:18:03.657,1.10009,1.10092,1.00,1.00
2017.10.08 21:18:04.976,1.10009,1.10093,1.00,1.00
2017.10.08 21:18:05.480,1.10009,1.10092,1.00,1.00
2017.10.08 21:18:07.171,1.10009,1.10093,1.00,1.00
2017.10.08 21:18:07.898,1.10009,1.10092,1.00,1.00
2017.10.08 21:18:09.058,1.10009,1.10094,1.00,1.00
2017.10.08 21:18:09.110,1.10009,1.10092,1.00,1.00
2017.10.08 21:18:09.244,1.09999,1.10092,1.00,1.00
2017.10.08 21:18:09.295,1.1001,1.10085,1.00,1.00
2017.10.08 21:18:09.347,1.1001,1.10089,1.00,1.00
2017.10.08 21:18:09.877,1.1001,1.1009,1.00,1.00
2017.10.08 21:18:15.045,1.1001,1.10091,1.00,1.00
2017.10.08 21:18:16.145,1.10007,1.10086,1.00,1.00
2017.10.08 21:18:16.487,1.10007,1.10084,1.00,1.00
2017.10.08 21:18:19.178,1.10007,1.10083,1.00,1.00
2017.10.08 21:18:29.153,1.10007,1.10082,1.00,1.00
2017.10.08 21:18:30.896,1.10007,1.10084,1.00,1.00
2017.10.08 21:18:30.946,1.10007,1.10082,1.00,1.00
2017.10.08 21:18:44.214,1.10007,1.10084,1.00,1.00
2017.10.08 21:18:44.945,1.10007,1.10086,1.00,1.00
2017.10.08 21:18:44.995,1.10007,1.10083,1.00,1.00
2017.10.08 21:18:56.154,1.10008,1.10083,1.00,1.00
2017.10.08 21:19:04.946,1.10008,1.10086,1.00,1.00
2017.10.08 21:19:04.997,1.10008,1.10083,1.00,1.00
2017.10.08 21:19:08.479,1.10008,1.10085,1.00,1.00
2017.10.08 21:19:08.529,1.10008,1.10083,1.00,1.00
2017.10.08 21:19:11.995,1.10008,1.10084,1.00,1.00
2017.10.08 21:19:19.825,1.10008,1.10085,1.00,1.00
2017.10.08 21:19:21.250,1.10008,1.10087,1.00,1.00
2017.10.08 21:19:21.301,1.10008,1.10085,1.00,1.00
2017.10.08 21:19:31.973,1.10008,1.10087,1.00,1.00
2017.10.08 21:19:32.024,1.10008,1.10084,1.00,1.00
2017.10.08 21:19:38.975,1.10008,1.10087,1.00,1.00
2017.10.08 21:19:39.026,1.10008,1.10083,1.00,1.00
2017.10.08 21:19:58.975,1.10008,1.10087,1.00,1.00
2017.10.08 21:19:59.025,1.10008,1.10083,1.00,1.00
2017.10.08 21:20:05.852,1.10008,1.10087,1.00,1.00
2017.10.08 21:20:05.902,1.10008,1.10083,1.00,1.00
2017.10.08 21:20:06.804,1.10008,1.10084,1.00,1.00
2017.10.08 21:20:09.330,1.10008,1.10098,1.00,1.00
2017.10.08 21:20:09.432,1.10034,1.101,1.00,1.00
2017.10.08 21:20:09.482,1.1003,1.101,1.00,1.00
2017.10.08 21:20:09.533,1.10013,1.10098,1.00,1.00
2017.10.08 21:20:09.584,1.10004,1.1009,1.37,1.00
2017.10.08 21:20:09.837,1.10015,1.10104,1.00,1.00
2017.10.08 21:20:09.888,1.10023,1.10097,1.00,1.00
2017.10.08 21:20:09.939,1.10014,1.1009,1.00,1.00
2017.10.08 21:20:09.990,1.10003,1.10091,1.50,1.00
2017.10.08 21:20:10.040,1.1003,1.10102,1.00,1.00
2017.10.08 21:20:10.141,1.10016,1.101,1.00,1.00
2017.10.08 21:20:10.242,1.10007,1.101,1.00,1.00
2017.10.08 21:20:10.293,1.10032,1.10101,1.00,1.00
2017.10.08 21:20:10.445,1.10032,1.10103,1.00,1.00
2017.10.08 21:20:10.647,1.10023,1.10103,1.00,1.00
2017.10.08 21:20:10.697,1.10023,1.10097,1.00,1.00
2017.10.08 21:20:10.748,1.10011,1.10089,1.00,1.00
2017.10.08 21:20:10.824,1.10011,1.10092,1.00,1.00
2017.10.08 21:20:10.875,1.10007,1.10092,1.00,1.00
2017.10.08 21:20:12.746,1.10007,1.10091,1.00,1.00
2017.10.08 21:20:13.180,1.10007,1.10097,1.00,1.00
2017.10.08 21:20:13.231,1.10007,1.10092,1.00,1.00
2017.10.08 21:20:16.117,1.10006,1.10092,1.50,1.00
2017.10.08 21:20:18.117,1.10007,1.10092,1.00,1.00
2017.10.08 21:20:20.117,1.10006,1.10092,1.50,1.00
2017.10.08 21:20:24.117,1.10007,1.10092,1.00,1.00
2017.10.08 21:20:26.117,1.10006,1.10092,1.50,1.00
2017.10.08 21:20:26.773,1.10006,1.10096,1.50,1.00
2017.10.08 21:20:26.823,1.10006,1.10092,1.50,1.00
2017.10.08 21:20:30.126,1.10007,1.10092,1.00,1.00
2017.10.08 21:20:30.586,1.10007,1.10084,1.00,1.00
2017.10.08 21:20:31.107,1.10006,1.10084,1.50,1.00
2017.10.08 21:20:33.117,1.10007,1.10084,1.00,1.00
2017.10.08 21:20:35.118,1.10006,1.10084,1.50,1.00
2017.10.08 21:20:37.006,1.10027,1.10084,1.00,1.00
2017.10.08 21:20:37.057,1.1003,1.101,1.00,1.00
2017.10.08 21:20:37.107,1.10068,1.10101,1.00,1.00
2017.10.08 21:20:37.846,1.10066,1.10102,1.00,1.50
2017.10.08 21:20:38.507,1.10066,1.10102,1.00,1.50
2017.10.08 21:20:40.128,1.10066,1.10102,1.00,1.50
2017.10.08 21:20:41.257,1.10066,1.10102,1.00,1.00
2017.10.08 21:20:42.117,1.10066,1.10102,1.00,1.00
2017.10.08 21:20:42.431,1.10061,1.10086,1.00,1.00
2017.10.08 21:20:42.518,1.09998,1.10072,1.00,1.00
2017.10.08 21:20:42.569,1.10002,1.10074,1.00,1.00
2017.10.08 21:20:42.634,1.10002,1.10077,1.00,1.00
2017.10.08 21:20:42.685,1.10002,1.10074,1.00,1.00
2017.10.08 21:20:42.849,1.10002,1.10077,1.00,1.00
2017.10.08 21:20:43.758,1.10002,1.10079,1.00,1.00
2017.10.08 21:20:43.809,1.10009,1.10086,1.00,1.00
2017.10.08 21:20:44.450,1.10009,1.10087,1.00,1.00
2017.10.08 21:20:45.346,1.10009,1.1009,1.00,1.00
2017.10.08 21:20:45.397,1.10009,1.10087,1.00,1.00
2017.10.08 21:20:46.577,1.10009,1.1009,1.00,1.50
2017.10.08 21:20:46.628,1.10009,1.1008,1.00,1.00
2017.10.08 21:20:47.802,1.10009,1.10081,1.00,1.00
2017.10.08 21:20:49.184,1.10009,1.10083,1.00,1.00
2017.10.08 21:20:49.235,1.10009,1.1008,1.00,1.00
2017.10.08 21:20:49.336,1.10006,1.10082,1.00,1.00
2017.10.08 21:20:49.387,1.10063,1.10099,1.00,1.00
2017.10.08 21:20:50.062,1.10062,1.10099,1.00,1.00
2017.10.08 21:20:50.997,1.10063,1.10099,1.00,1.00
2017.10.08 21:20:51.713,1.10062,1.10099,1.00,1.00
2017.10.08 21:20:52.372,1.10063,1.10099,1.00,1.00
2017.10.08 21:20:53.167,1.10062,1.10099,1.00,1.00
2017.10.08 21:20:57.215,1.10063,1.10099,1.00,1.00
2017.10.08 21:21:01.529,1.10062,1.10099,1.00,1.00
2017.10.08 21:21:03.129,1.10063,1.10099,1.00,1.00
2017.10.08 21:21:05.117,1.10062,1.10099,1.00,1.00
2017.10.08 21:21:06.126,1.10063,1.10099,1.00,1.00
2017.10.08 21:21:07.118,1.10062,1.10099,1.00,1.00
2017.10.08 21:21:07.891,1.10063,1.10099,1.00,1.00
2017.10.08 21:21:09.117,1.10062,1.10099,1.00,1.00
2017.10.08 21:21:10.891,1.10063,1.10099,1.00,1.00
2017.10.08 21:21:13.119,1.10062,1.10099,1.00,1.00
2017.10.08 21:21:13.831,1.10063,1.10099,1.00,1.00
2017.10.08 21:21:16.290,1.10062,1.10099,1.00,1.00
2017.10.08 21:21:16.797,1.10063,1.10099,1.00,1.00
2017.10.08 21:21:17.629,1.10063,1.10096,1.00,1.00
2017.10.08 21:21:19.903,1.10063,1.10098,1.00,1.00
2017.10.08 21:21:20.432,1.10062,1.10098,1.00,1.00
2017.10.08 21:21:21.204,1.10063,1.10098,1.00,1.00
2017.10.08 21:21:22.133,1.10062,1.10098,1.00,1.00
2017.10.08 21:21:24.114,1.10063,1.10098,1.00,1.00
2017.10.08 21:21:26.116,1.10062,1.10098,1.00,1.00
2017.10.08 21:21:28.118,1.10063,1.10098,1.00,1.00
2017.10.08 21:21:30.838,1.10062,1.10098,1.00,1.00
2017.10.08 21:21:32.117,1.10063,1.10098,1.00,1.00
2017.10.08 21:21:40.117,1.10062,1.10098,1.00,1.00
2017.10.08 21:21:40.986,1.10063,1.10098,1.00,1.00
2017.10.08 21:21:42.107,1.10062,1.10098,1.00,1.00
2017.10.08 21:21:42.899,1.10063,1.10098,1.00,1.00
2017.10.08 21:21:46.118,1.10062,1.10098,1.00,1.00
2017.10.08 21:21:47.177,1.10063,1.10098,1.00,1.00
2017.10.08 21:21:48.106,1.10062,1.10098,1.00,1.00
2017.10.08 21:21:49.126,1.10063,1.10098,1.00,1.00
2017.10.08 21:21:50.117,1.10062,1.10098,1.00,1.00
2017.10.08 21:21:52.118,1.10063,1.10098,1.00,1.00
2017.10.08 21:21:54.117,1.10062,1.10098,1.00,1.00
2017.10.08 21:21:56.155,1.10063,1.10098,1.00,1.00
2017.10.08 21:22:00.118,1.10062,1.10098,1.00,1.00
2017.10.08 21:22:00.808,1.10063,1.10098,1.00,1.00
2017.10.08 21:22:02.118,1.10062,1.10098,1.00,1.00
2017.10.08 21:22:06.118,1.10063,1.10098,1.00,1.00
2017.10.08 21:22:07.159,1.10063,1.101,1.00,1.00
2017.10.08 21:22:07.210,1.10063,1.10102,1.00,1.00
2017.10.08 21:22:07.311,1.10063,1.10104,1.00,1.00
2017.10.08 21:22:07.597,1.10062,1.10099,1.00,1.00
2017.10.08 21:22:07.648,1.10062,1.10105,1.00,1.00
2017.10.08 21:22:10.118,1.10063,1.10105,1.00,1.00
2017.10.08 21:22:11.257,1.10062,1.10105,1.00,1.00
2017.10.08 21:22:12.098,1.10063,1.10105,1.00,1.00
2017.10.08 21:22:12.611,1.10062,1.10105,1.00,1.00
2017.10.08 21:22:13.187,1.10063,1.10105,1.00,1.00
2017.10.08 21:22:16.107,1.10062,1.10105,1.00,1.00
2017.10.08 21:22:18.116,1.10063,1.10105,1.00,1.00
2017.10.08 21:22:20.117,1.10062,1.10105,1.00,1.00
2017.10.08 21:22:21.351,1.10063,1.10105,1.00,1.00
2017.10.08 21:22:22.117,1.10062,1.10105,1.00,1.00
2017.10.08 21:22:24.117,1.10063,1.10105,1.00,1.00
2017.10.08 21:22:25.996,1.10062,1.10105,1.00,1.00
2017.10.08 21:22:28.106,1.10063,1.10105,1.00,1.00
2017.10.08 21:22:33.186,1.10062,1.10105,1.00,1.00
2017.10.08 21:22:34.114,1.10063,1.10105,1.00,1.00
2017.10.08 21:22:36.117,1.10062,1.10105,1.00,1.00
2017.10.08 21:22:40.117,1.10063,1.10105,1.00,1.00
2017.10.08 21:22:43.484,1.10063,1.10103,1.00,1.00
2017.10.08 21:22:44.117,1.10062,1.10103,1.00,1.00
2017.10.08 21:22:46.107,1.10063,1.10103,1.00,1.00
2017.10.08 21:22:54.107,1.10062,1.10103,1.00,1.00
2017.10.08 21:22:56.117,1.10063,1.10103,1.00,1.00
2017.10.08 21:23:02.703,1.10063,1.10097,1.00,1.00
2017.10.08 21:23:02.754,1.10063,1.10104,1.00,1.00
2017.10.08 21:23:08.122,1.10062,1.10104,1.00,1.00
2017.10.08 21:23:10.117,1.10063,1.10104,1.00,1.00
2017.10.08 21:23:26.034,1.10062,1.10102,1.00,1.00
2017.10.08 21:23:26.085,1.10062,1.10105,1.00,1.00
2017.10.08 21:23:26.136,1.10063,1.10119,1.00,1.00
2017.10.08 21:23:26.187,1.10062,1.10123,1.00,1.00
2017.10.08 21:23:26.422,1.10062,1.10113,1.00,1.00
2017.10.08 21:23:26.473,1.10062,1.1012,1.00,1.00
2017.10.08 21:23:27.217,1.10062,1.10119,1.00,1.00
2017.10.08 21:23:27.396,1.10062,1.1011,1.00,1.00
2017.10.08 21:23:27.446,1.10062,1.10118,1.00,1.00
2017.10.08 21:23:28.336,1.10063,1.10118,1.00,1.00
2017.10.08 21:23:30.118,1.10062,1.10118,1.00,1.00
2017.10.08 21:23:30.807,1.10062,1.10119,1.00,1.00
2017.10.08 21:23:30.909,1.10062,1.10112,1.00,1.00
2017.10.08 21:23:30.960,1.10063,1.10118,1.00,1.31
2017.10.08 21:23:31.061,1.10063,1.10119,1.00,1.00
2017.10.08 21:23:31.111,1.10062,1.10117,1.00,1.00
2017.10.08 21:23:31.162,1.10063,1.10119,1.00,1.00
2017.10.08 21:23:33.219,1.10063,1.10117,1.00,1.00
2017.10.08 21:23:33.269,1.10063,1.10119,1.00,1.00
2017.10.08 21:23:33.897,1.10062,1.10119,1.00,1.00
2017.10.08 21:23:35.219,1.10062,1.10118,1.00,1.00
2017.10.08 21:23:36.181,1.10062,1.10111,1.00,1.00
2017.10.08 21:23:36.232,1.10062,1.10119,1.00,1.00
2017.10.08 21:23:37.174,1.10063,1.10119,1.00,1.00
2017.10.08 21:23:37.781,1.10063,1.10118,1.00,1.00
2017.10.08 21:23:38.161,1.10063,1.1012,1.00,1.00
2017.10.08 21:23:41.227,1.10063,1.10119,1.00,1.00
2017.10.08 21:23:42.896,1.10062,1.10119,1.00,1.00
2017.10.08 21:23:43.726,1.10063,1.10119,1.00,1.00
2017.10.08 21:23:45.497,1.10062,1.10119,1.00,1.00
2017.10.08 21:23:47.120,1.10063,1.10119,1.00,1.00
2017.10.08 21:23:47.730,1.10062,1.10119,1.00,1.00
2017.10.08 21:23:48.797,1.10062,1.10111,1.00,1.00
2017.10.08 21:23:48.848,1.10062,1.10119,1.00,1.00
2017.10.08 21:23:51.107,1.10063,1.10119,1.00,1.00
2017.10.08 21:23:53.257,1.10062,1.10119,1.00,1.50
2017.10.08 21:23:53.308,1.10063,1.10103,1.00,1.00
2017.10.08 21:23:53.359,1.10062,1.10118,1.00,1.25
2017.10.08 21:23:53.561,1.10062,1.10116,1.00,1.00
2017.10.08 21:23:54.946,1.10063,1.10116,1.00,1.00
2017.10.08 21:23:56.117,1.10063,1.10117,1.00,1.00
2017.10.08 21:23:59.066,1.10063,1.1011,1.00,1.00
2017.10.08 21:23:59.116,1.10063,1.10116,1.00,1.00
2017.10.08 21:23:59.940,1.10062,1.10117,1.00,1.00
2017.10.08 21:24:01.047,1.10063,1.10117,1.00,1.00
2017.10.08 21:24:01.592,1.10062,1.10118,1.00,1.00
2017.10.08 21:24:04.118,1.10063,1.10118,1.00,1.00
2017.10.08 21:24:05.987,1.10062,1.10118,1.00,1.00
2017.10.08 21:24:08.117,1.10063,1.10118,1.00,1.00
2017.10.08 21:24:10.272,1.10062,1.10118,1.00,1.00
2017.10.08 21:24:10.790,1.10063,1.10118,1.00,1.00
2017.10.08 21:24:12.720,1.10063,1.10117,1.00,1.00
2017.10.08 21:24:14.116,1.10062,1.10117,1.00,1.00
2017.10.08 21:24:16.165,1.10063,1.10117,1.00,1.00
2017.10.08 21:24:18.144,1.10062,1.10117,1.00,1.00
2017.10.08 21:24:20.126,1.10063,1.10117,1.00,1.00
2017.10.08 21:24:21.113,1.10062,1.10117,1.00,1.00
2017.10.08 21:24:24.117,1.10063,1.10117,1.00,1.00
2017.10.08 21:24:26.118,1.10062,1.10117,1.00,1.00
2017.10.08 21:24:26.674,1.10063,1.10117,1.00,1.00
2017.10.08 21:24:28.117,1.10062,1.10117,1.00,1.00
2017.10.08 21:24:30.118,1.10063,1.10117,1.00,1.00
2017.10.08 21:24:31.636,1.10062,1.10117,1.00,1.00
2017.10.08 21:24:32.140,1.10063,1.10117,1.00,1.00
2017.10.08 21:24:33.850,1.10062,1.10117,1.00,1.00
2017.10.08 21:24:34.614,1.10063,1.10117,1.00,1.00
2017.10.08 21:24:36.975,1.10062,1.10117,1.00,1.00
2017.10.08 21:24:40.088,1.10063,1.10117,1.00,1.00
2017.10.08 21:24:42.117,1.10062,1.10117,1.00,1.00
2017.10.08 21:24:42.876,1.10063,1.10117,1.00,1.00
2017.10.08 21:24:49.666,1.10062,1.10117,1.00,1.00
2017.10.08 21:24:50.168,1.10063,1.10117,1.00,1.00
2017.10.08 21:24:52.166,1.10062,1.10117,1.00,1.00
2017.10.08 21:24:53.641,1.10062,1.10119,1.00,1.00
2017.10.08 21:24:54.146,1.10063,1.10119,1.00,1.00
2017.10.08 21:24:56.838,1.10062,1.10119,1.00,1.00
2017.10.08 21:24:57.229,1.10062,1.10117,1.00,1.00
2017.10.08 21:24:57.381,1.10063,1.10125,1.00,1.00
2017.10.08 21:24:57.432,1.10064,1.10129,1.00,1.00
2017.10.08 21:24:57.667,1.10064,1.10131,1.00,1.00
2017.10.08 21:24:58.377,1.10063,1.10131,1.00,1.00
2017.10.08 21:24:59.864,1.10063,1.1013,1.00,1.00
2017.10.08 21:25:01.358,1.10062,1.1013,1.00,1.00
2017.10.08 21:25:02.018,1.10062,1.10131,1.00,1.00
2017.10.08 21:25:02.679,1.10063,1.10131,1.00,1.00
2017.10.08 21:25:03.228,1.10062,1.10124,1.00,1.00
2017.10.08 21:25:03.278,1.10062,1.10132,1.00,1.00
2017.10.08 21:25:04.115,1.10063,1.10132,1.00,1.00
2017.10.08 21:25:05.964,1.10063,1.10133,1.00,1.00
2017.10.08 21:25:10.833,1.10097,1.10131,1.00,1.00
2017.10.08 21:25:10.883,1.10098,1.10139,1.00,1.00
2017.10.08 21:25:10.934,1.10104,1.10147,1.00,1.50
2017.10.08 21:25:10.985,1.10101,1.10147,1.00,1.00
2017.10.08 21:25:11.036,1.10096,1.10147,1.00,1.00
2017.10.08 21:25:11.137,1.10096,1.10141,1.00,1.00
2017.10.08 21:25:11.238,1.10096,1.10143,1.00,1.00
2017.10.08 21:25:11.573,1.10096,1.10133,1.00,1.00
2017.10.08 21:25:11.675,1.10096,1.10142,1.00,1.00
2017.10.08 21:25:11.725,1.10096,1.1014,1.00,1.00
2017.10.08 21:25:12.101,1.10075,1.1014,1.00,1.00
2017.10.08 21:25:12.152,1.10075,1.10127,1.00,1.00
2017.10.08 21:25:12.494,1.10074,1.10122,1.00,1.00
2017.10.08 21:25:13.208,1.10074,1.10119,1.00,1.00
2017.10.08 21:25:13.292,1.10074,1.10122,1.00,1.00
2017.10.08 21:25:20.638,1.10074,1.10124,1.00,1.00
2017.10.08 21:25:22.428,1.10074,1.10118,1.00,1.00
2017.10.08 21:25:22.479,1.10074,1.10122,1.00,1.00
2017.10.08 21:25:24.217,1.10074,1.10123,1.00,1.00
2017.10.08 21:25:25.966,1.10074,1.1012,1.00,1.00
2017.10.08 21:25:26.016,1.10074,1.10123,1.00,1.00
2017.10.08 21:25:35.928,1.10074,1.10127,1.00,1.00
2017.10.08 21:25:36.408,1.10074,1.10129,1.00,1.00
2017.10.08 21:25:38.847,1.10067,1.10129,1.00,1.00
2017.10.08 21:25:39.649,1.10066,1.10129,1.00,1.00
2017.10.08 21:25:44.927,1.10066,1.10128,1.00,1.00
2017.10.08 21:25:45.594,1.10066,1.10129,1.00,1.00
2017.10.08 21:25:47.217,1.10066,1.10127,1.00,1.00
2017.10.08 21:25:47.268,1.10066,1.10129,1.00,1.00
2017.10.08 21:26:04.928,1.10066,1.10127,1.00,1.00
2017.10.08 21:26:04.979,1.10066,1.1013,1.00,1.00
2017.10.08 21:26:06.884,1.10066,1.10131,1.00,1.00
2017.10.08 21:26:13.530,1.10066,1.10125,1.00,1.00
2017.10.08 21:26:13.580,1.10066,1.10131,1.00,1.00
2017.10.08 21:26:15.943,1.10067,1.10131,1.00,1.00
2017.10.08 21:26:16.605,1.10068,1.10131,1.00,1.00
2017.10.08 21:26:21.600,1.10068,1.10132,1.00,1.00
2017.10.08 21:26:23.955,1.10068,1.1013,1.00,1.00
2017.10.08 21:26:24.007,1.10068,1.10132,1.00,1.00
2017.10.08 21:26:43.956,1.10068,1.10131,1.00,1.00
2017.10.08 21:26:44.007,1.10068,1.10133,1.00,1.00
2017.10.08 21:27:02.708,1.10068,1.10132,1.00,1.00
2017.10.08 21:27:04.087,1.10068,1.1013,1.00,1.00
2017.10.08 21:27:04.138,1.10068,1.10133,1.00,1.00
2017.10.08 21:27:05.498,1.10068,1.10131,1.00,1.00
2017.10.08 21:27:05.548,1.10068,1.10133,1.00,1.00
2017.10.08 21:27:11.672,1.10068,1.10132,1.00,1.00
2017.10.08 21:27:13.733,1.10068,1.10127,1.00,1.00
2017.10.08 21:27:13.784,1.10068,1.10132,1.00,1.00
2017.10.08 21:27:22.717,1.10068,1.10133,1.00,1.00
2017.10.08 21:27:38.018,1.10066,1.10133,1.00,1.00
2017.10.08 21:27:42.052,1.10066,1.10131,1.00,1.00
2017.10.08 21:27:42.102,1.10066,1.10134,1.00,1.00
2017.10.08 21:27:59.543,1.10066,1.10126,1.00,1.00
2017.10.08 21:27:59.594,1.10066,1.10134,1.00,1.00
2017.10.08 21:28:14.573,1.10066,1.10128,1.00,1.00
2017.10.08 21:28:14.624,1.10066,1.10133,1.00,1.00
2017.10.08 21:28:19.334,1.10066,1.10127,1.00,1.00
2017.10.08 21:28:19.384,1.10066,1.10133,1.00,1.00
2017.10.08 21:28:24.882,1.10058,1.10133,1.00,1.00
2017.10.08 21:28:24.983,1.10055,1.10123,1.00,1.00
2017.10.08 21:28:25.084,1.10073,1.10143,1.00,1.00
2017.10.08 21:28:25.135,1.10066,1.10127,1.00,1.00
2017.10.08 21:28:25.482,1.10086,1.10144,1.00,1.00
2017.10.08 21:28:25.986,1.10087,1.10144,1.00,1.00
2017.10.08 21:28:26.807,1.10086,1.10144,1.00,1.00
2017.10.08 21:28:30.189,1.10086,1.10145,1.00,1.00
2017.10.08 21:28:30.661,1.10067,1.10146,1.00,1.00
2017.10.08 21:28:30.712,1.10069,1.10135,1.00,1.00
2017.10.08 21:28:30.763,1.10069,1.1014,1.00,1.00
2017.10.08 21:28:30.864,1.10073,1.10145,1.00,1.00
2017.10.08 21:28:30.965,1.10073,1.10147,1.00,1.50
2017.10.08 21:28:31.598,1.10073,1.10146,1.00,1.00
2017.10.08 21:28:32.169,1.10072,1.10146,1.00,1.00
2017.10.08 21:28:32.315,1.10072,1.10137,1.00,1.00
2017.10.08 21:28:32.638,1.10069,1.10133,1.00,1.00
2017.10.08 21:28:36.179,1.10069,1.10132,1.00,1.00
2017.10.08 21:28:36.881,1.10069,1.10133,1.00,1.00
2017.10.08 21:28:40.177,1.10069,1.10125,1.00,1.00
2017.10.08 21:28:40.228,1.10069,1.10133,1.00,1.00
2017.10.08 21:29:00.171,1.10069,1.10126,1.00,1.00
2017.10.08 21:29:00.222,1.10069,1.10132,1.00,1.00
2017.10.08 21:29:04.176,1.10069,1.10125,1.00,1.00
2017.10.08 21:29:04.226,1.10069,1.10131,1.00,1.00
2017.10.08 21:29:12.251,1.1007,1.10131,1.00,1.00
2017.10.08 21:29:20.428,1.1007,1.10133,1.00,1.00
2017.10.08 21:29:20.479,1.10057,1.10133,1.00,1.00
2017.10.08 21:29:20.530,1.10057,1.1013,1.00,1.00
2017.10.08 21:29:24.186,1.10057,1.10129,1.00,1.00
2017.10.08 21:29:26.927,1.10057,1.10123,1.00,1.00
2017.10.08 21:29:26.978,1.10057,1.10129,1.00,1.00
2017.10.08 21:29:33.049,1.10059,1.10129,1.00,1.00
2017.10.08 21:29:40.896,1.10059,1.10128,1.00,1.00
2017.10.08 21:29:44.925,1.10044,1.10128,1.00,1.00
2017.10.08 21:29:44.976,1.10043,1.10109,1.00,1.00
2017.10.08 21:29:45.026,1.10033,1.10101,1.00,1.00
2017.10.08 21:29:45.127,1.1003,1.10101,1.00,1.00
2017.10.08 21:29:48.091,1.1003,1.10102,1.00,1.00
2017.10.08 21:29:53.315,1.1003,1.10101,1.00,1.00
2017.10.08 21:30:00.090,1.1003,1.10112,1.00,1.00
2017.10.08 21:30:00.141,1.1003,1.10114,1.00,1.00
2017.10.08 21:30:00.192,1.10037,1.10119,1.00,1.00
2017.10.08 21:30:00.243,1.1004,1.10123,1.00,1.00
2017.10.08 21:30:00.517,1.10043,1.10123,1.00,1.00
2017.10.08 21:30:00.875,1.10046,1.10123,1.00,1.00
2017.10.08 21:30:01.211,1.10034,1.10103,1.00,1.00
2017.10.08 21:30:01.345,1.1003,1.10104,1.00,1.00
2017.10.08 21:30:01.498,1.1003,1.1013,1.00,1.00
2017.10.08 21:30:02.140,1.1003,1.10131,1.00,1.00
2017.10.08 21:30:02.799,1.10032,1.10131,1.00,1.00
2017.10.08 21:30:04.120,1.10033,1.1013,1.00,1.00
2017.10.08 21:30:04.663,1.10032,1.10131,1.00,1.00
2017.10.08 21:30:05.243,1.10033,1.1013,1.00,1.00
2017.10.08 21:30:08.104,1.10032,1.10131,1.00,1.00
2017.10.08 21:30:08.690,1.10033,1.1013,1.00,1.00
2017.10.08 21:30:10.104,1.10032,1.10131,1.00,1.00
2017.10.08 21:30:10.416,1.10032,1.10104,1.00,1.00
2017.10.08 21:30:12.043,1.10032,1.10106,1.00,1.00
2017.10.08 21:30:12.280,1.1003,1.10106,1.00,1.00
2017.10.08 21:30:12.331,1.1003,1.10104,1.00,1.00
2017.10.08 21:30:16.071,1.10029,1.10104,1.50,1.00
2017.10.08 21:30:16.612,1.10029,1.10105,1.50,1.00
2017.10.08 21:30:22.155,1.10029,1.10106,1.00,1.00
2017.10.08 21:30:36.155,1.10029,1.10107,1.00,1.00
2017.10.08 21:30:43.069,1.10031,1.10107,1.00,1.00
2017.10.08 21:30:47.031,1.10031,1.10108,1.00,1.00
2017.10.08 21:30:47.493,1.10039,1.10108,1.00,1.00
2017.10.08 21:30:47.543,1.10039,1.10117,1.00,1.00
2017.10.08 21:30:49.752,1.10038,1.10117,1.00,1.00
2017.10.08 21:30:51.184,1.10039,1.10117,1.00,1.00
2017.10.08 21:30:52.813,1.10039,1.10116,1.00,1.00
2017.10.08 21:30:53.581,1.10038,1.10116,1.00,1.00
2017.10.08 21:30:55.104,1.10039,1.10116,1.00,1.00
2017.10.08 21:30:55.891,1.10039,1.10115,1.00,1.00
2017.10.08 21:30:57.103,1.10038,1.10115,1.00,1.00
2017.10.08 21:30:57.925,1.10038,1.10114,1.00,1.00
2017.10.08 21:30:58.469,1.10039,1.10114,1.00,1.00
2017.10.08 21:30:59.013,1.10039,1.10113,1.00,1.00
2017.10.08 21:31:07.074,1.10038,1.10113,1.00,1.00
2017.10.08 21:31:11.103,1.10039,1.10113,1.00,1.00
2017.10.08 21:31:13.904,1.10038,1.10113,1.00,1.00
2017.10.08 21:31:14.433,1.10039,1.10114,1.00,1.00
2017.10.08 21:31:16.243,1.10038,1.10114,1.00,1.00
2017.10.08 21:31:18.128,1.10039,1.10114,1.00,1.00
2017.10.08 21:31:18.855,1.10038,1.10106,1.00,1.00
2017.10.08 21:31:19.413,1.10038,1.10104,1.00,1.00
2017.10.08 21:31:20.076,1.10039,1.10105,1.00,1.00
2017.10.08 21:31:20.963,1.10038,1.10105,1.00,1.00
2017.10.08 21:31:25.493,1.10039,1.10105,1.00,1.00
2017.10.08 21:31:25.596,1.1003,1.10125,1.00,1.50
2017.10.08 21:31:25.697,1.10038,1.10129,1.00,1.75
2017.10.08 21:31:25.863,1.10038,1.10129,1.00,1.00
2017.10.08 21:31:26.677,1.10039,1.1013,1.00,1.00
2017.10.08 21:31:28.073,1.10038,1.1013,1.00,1.00
2017.10.08 21:31:29.039,1.10039,1.1013,1.00,1.00
2017.10.08 21:31:33.863,1.10038,1.1013,1.00,1.00
2017.10.08 21:31:34.600,1.10039,1.1013,1.00,1.00
2017.10.08 21:31:35.260,1.10038,1.1013,1.00,1.00
2017.10.08 21:31:38.943,1.10038,1.10132,1.00,1.00
2017.10.08 21:31:39.552,1.10039,1.10132,1.00,1.00
2017.10.08 21:31:41.286,1.10038,1.10132,1.00,1.00
2017.10.08 21:31:41.713,1.1004,1.10132,1.00,1.00
2017.10.08 21:31:42.525,1.10039,1.10132,1.00,1.00
2017.10.08 21:31:43.104,1.1004,1.10132,1.00,1.00
2017.10.08 21:31:46.132,1.10039,1.10132,1.00,1.00
2017.10.08 21:31:51.104,1.1004,1.10132,1.00,1.00
2017.10.08 21:31:53.139,1.10039,1.10132,1.00,1.00
2017.10.08 21:31:54.089,1.1004,1.10132,1.00,1.00
2017.10.08 21:31:54.723,1.10039,1.10132,1.00,1.00
2017.10.08 21:31:57.103,1.1004,1.10132,1.00,1.00
2017.10.08 21:31:57.432,1.1004,1.10135,1.00,1.00
2017.10.08 21:32:01.133,1.10039,1.10135,1.00,1.00
2017.10.08 21:32:01.673,1.10038,1.10134,1.00,1.00
2017.10.08 21:32:02.332,1.10039,1.10134,1.00,1.00
2017.10.08 21:32:09.093,1.10038,1.10134,1.00,1.00
2017.10.08 21:32:11.070,1.10039,1.10134,1.00,1.00
2017.10.08 21:32:11.574,1.10038,1.10134,1.00,1.00
2017.10.08 21:32:13.137,1.10039,1.10134,1.00,1.00
2017.10.08 21:32:15.138,1.10038,1.10134,1.00,1.00
2017.10.08 21:32:16.033,1.10039,1.10134,1.00,1.00
2017.10.08 21:32:19.106,1.10038,1.10134,1.00,1.00
2017.10.08 21:32:21.107,1.10039,1.10134,1.00,1.00
2017.10.08 21:32:29.367,1.10039,1.10137,1.00,1.00
2017.10.08 21:32:29.418,1.10038,1.10122,1.00,1.00
2017.10.08 21:32:31.101,1.10039,1.10122,1.00,1.00
2017.10.08 21:32:34.732,1.10038,1.10122,1.00,1.00
2017.10.08 21:32:36.467,1.10038,1.10125,1.00,1.00
2017.10.08 21:32:36.517,1.10039,1.10113,1.00,1.00
2017.10.08 21:32:37.204,1.10038,1.10113,1.00,1.00
2017.10.08 21:32:37.983,1.10039,1.10113,1.00,1.25
2017.10.08 21:32:41.106,1.10038,1.10113,1.00,1.25
2017.10.08 21:32:43.104,1.10039,1.10113,1.00,1.25
2017.10.08 21:32:43.867,1.10031,1.10114,1.00,1.19
2017.10.08 21:32:43.918,1.10025,1.10102,1.00,1.00
2017.10.08 21:32:44.587,1.10026,1.10102,1.00,1.00
2017.10.08 21:32:50.298,1.10026,1.10097,1.00,1.25
2017.10.08 21:32:50.349,1.1002,1.10097,1.00,1.19
2017.10.08 21:32:50.399,1.10023,1.10096,1.00,1.19
2017.10.08 21:32:50.501,1.10015,1.10088,1.50,1.00
2017.10.08 21:32:50.552,1.1002,1.10081,1.00,1.00
2017.10.08 21:32:50.603,1.10012,1.10084,1.00,1.00
2017.10.08 21:32:50.805,1.10016,1.10097,1.00,1.00
2017.10.08 21:32:50.857,1.10021,1.10096,1.00,1.19
2017.10.08 21:32:50.907,1.10019,1.10096,1.25,1.19
2017.10.08 21:32:50.958,1.1002,1.10097,1.00,1.00
2017.10.08 21:32:51.009,1.1002,1.10097,1.00,1.19
2017.10.08 21:32:51.211,1.10017,1.10097,1.00,1.00
2017.10.08 21:32:51.262,1.10021,1.10097,1.00,1.19
2017.10.08 21:32:51.833,1.10022,1.10097,1.00,1.19
2017.10.08 21:32:52.558,1.10021,1.10097,1.50,1.19
2017.10.08 21:32:53.064,1.10021,1.10097,1.25,1.19
2017.10.08 21:32:53.115,1.10017,1.10086,1.19,1.00
2017.10.08 21:32:53.417,1.10015,1.10077,1.00,1.00
2017.10.08 21:32:53.766,1.10024,1.1009,1.00,1.00
2017.10.08 21:32:53.817,1.10019,1.10092,1.00,1.19
2017.10.08 21:32:54.488,1.10019,1.10092,1.00,1.19
2017.10.08 21:32:55.024,1.10019,1.10092,1.00,1.19
2017.10.08 21:32:55.739,1.10019,1.10092,1.00,1.19
2017.10.08 21:32:55.988,1.10019,1.10092,1.00,1.19
2017.10.08 21:32:59.435,1.10021,1.10092,1.00,1.19
2017.10.08 21:33:00.099,1.10021,1.10092,1.00,1.19
2017.10.08 21:33:00.472,1.10021,1.10092,1.00,1.19
2017.10.08 21:33:01.070,1.10022,1.10092,1.00,1.19
2017.10.08 21:33:01.749,1.10022,1.10092,1.00,1.19
2017.10.08 21:33:03.294,1.10021,1.10092,1.00,1.19
2017.10.08 21:33:04.314,1.10021,1.10092,1.00,1.19
2017.10.08 21:33:04.442,1.10019,1.10092,1.00,1.19
2017.10.08 21:33:05.274,1.10019,1.10092,1.00,1.19
2017.10.08 21:33:06.042,1.10019,1.10092,1.00,1.19
2017.10.08 21:33:06.751,1.10022,1.10092,1.00,1.19
2017.10.08 21:33:07.362,1.10022,1.10092,1.00,1.19
2017.10.08 21:33:07.418,1.1002,1.10092,1.00,1.19
2017.10.08 21:33:08.023,1.10019,1.10092,1.00,1.19
2017.10.08 21:33:08.468,1.10021,1.10092,1.00,1.19
2017.10.08 21:33:09.468,1.1002,1.10092,1.00,1.19
2017.10.08 21:33:11.333,1.1002,1.10092,1.00,1.19
2017.10.08 21:33:14.774,1.1002,1.10092,1.00,1.19
2017.10.08 21:33:16.224,1.1002,1.10092,1.00,1.19
2017.10.08 21:33:16.568,1.10017,1.10092,1.00,1.00
2017.10.08 21:33:16.619,1.10019,1.10092,1.00,1.19
2017.10.08 21:33:16.720,1.10021,1.10093,1.00,1.00
2017.10.08 21:33:16.770,1.1002,1.10085,1.00,1.00
2017.10.08 21:33:17.093,1.10019,1.10082,1.00,1.00
2017.10.08 21:33:17.144,1.10027,1.10093,1.00,1.00
2017.10.08 21:33:17.195,1.10023,1.10095,1.00,1.00
2017.10.08 21:33:17.543,1.10023,1.10095,1.00,1.19
2017.10.08 21:33:17.695,1.10023,1.10095,1.00,1.19
2017.10.08 21:33:18.669,1.10023,1.10095,1.00,1.19
2017.10.08 21:33:22.983,1.10023,1.10095,1.00,1.19
2017.10.08 21:33:24.033,1.10023,1.10095,1.00,1.19
2017.10.08 21:33:24.911,1.10022,1.10095,1.00,1.19
2017.10.08 21:33:24.962,1.10022,1.10095,1.00,1.19
2017.10.08 21:33:25.519,1.10022,1.10095,1.00,1.19
2017.10.08 21:33:31.344,1.10022,1.10095,1.00,1.19
2017.10.08 21:33:32.834,1.10022,1.10095,1.00,1.19
2017.10.08 21:33:33.468,1.10021,1.10095,1.00,1.19
2017.10.08 21:33:33.784,1.10021,1.10095,1.00,1.19
2017.10.08 21:33:34.773,1.10021,1.10095,1.00,1.19
2017.10.08 21:33:35.080,1.10021,1.10095,1.00,1.19
2017.10.08 21:33:35.881,1.10023,1.10095,1.00,1.19
2017.10.08 21:33:35.932,1.10021,1.10095,1.00,1.19
2017.10.08 21:33:36.909,1.10021,1.10087,1.00,1.25
2017.10.08 21:33:37.011,1.10021,1.10095,1.00,1.19
2017.10.08 21:33:37.062,1.10021,1.10095,1.00,1.19
2017.10.08 21:33:37.112,1.1002,1.10095,1.00,1.69
2017.10.08 21:33:37.300,1.10023,1.10097,1.00,1.19
2017.10.08 21:33:37.351,1.10021,1.10097,1.00,1.69
2017.10.08 21:33:37.919,1.10021,1.10097,1.00,1.69
2017.10.08 21:33:37.970,1.10018,1.10097,1.00,1.69
2017.10.08 21:33:38.746,1.10018,1.10097,1.00,1.69
2017.10.08 21:33:38.913,1.10018,1.10088,1.00,1.19
2017.10.08 21:33:38.964,1.10023,1.10084,1.00,1.00
2017.10.08 21:33:39.244,1.10024,1.10098,1.00,1.00
2017.10.08 21:33:39.295,1.10027,1.10098,1.00,1.19
2017.10.08 21:33:39.838,1.10021,1.10098,1.00,1.19
2017.10.08 21:33:39.888,1.10021,1.10098,1.25,1.19
2017.10.08 21:33:41.438,1.10022,1.10098,1.25,1.19
2017.10.08 21:33:41.488,1.10022,1.10098,1.19,1.19
2017.10.08 21:33:46.389,1.10021,1.10098,1.50,1.25
2017.10.08 21:33:46.490,1.10023,1.10098,1.00,1.00
2017.10.08 21:33:47.102,1.10022,1.10098,1.00,1.00
2017.10.08 21:33:50.771,1.10023,1.10098,1.00,1.00
2017.10.08 21:33:51.316,1.10022,1.10098,1.50,1.00
2017.10.08 21:33:51.865,1.10023,1.10098,1.00,1.00
2017.10.08 21:33:52.611,1.10022,1.10098,1.00,1.00
2017.10.08 21:33:54.073,1.10023,1.10098,1.00,1.00
2017.10.08 21:33:54.723,1.10022,1.10098,1.00,1.00
2017.10.08 21:33:55.252,1.10024,1.10098,1.00,1.00
2017.10.08 21:33:55.911,1.10023,1.10098,1.00,1.00
2017.10.08 21:33:56.571,1.10024,1.10098,1.00,1.00
2017.10.08 21:33:59.268,1.10024,1.10095,1.00,1.00
2017.10.08 21:34:01.132,1.10023,1.10095,1.00,1.00
2017.10.08 21:34:01.438,1.10021,1.10095,1.50,1.00
2017.10.08 21:34:01.713,1.10039,1.10095,1.00,1.00
2017.10.08 21:34:03.731,1.1004,1.10092,1.00,1.00
2017.10.08 21:34:04.419,1.10039,1.10092,1.00,1.00
2017.10.08 21:34:04.795,1.10026,1.10092,1.00,1.00
2017.10.08 21:34:05.865,1.10024,1.10092,1.00,1.00
2017.10.08 21:34:06.859,1.10025,1.10092,1.00,1.00
2017.10.08 21:34:07.848,1.10024,1.10092,1.00,1.00
2017.10.08 21:34:09.831,1.10026,1.10092,1.00,1.00
2017.10.08 21:34:25.427,1.10027,1.10092,1.00,1.00
2017.10.08 21:34:31.712,1.10039,1.10092,1.00,1.00
2017.10.08 21:34:32.223,1.1004,1.10092,1.00,1.00
2017.10.08 21:34:33.104,1.10039,1.10092,1.00,1.00
2017.10.08 21:34:33.263,1.10027,1.10092,1.00,1.00
2017.10.08 21:34:33.928,1.10024,1.10092,1.00,1.00
2017.10.08 21:34:35.253,1.10025,1.10092,1.00,1.00
2017.10.08 21:34:39.235,1.10025,1.10088,1.87,1.31
2017.10.08 21:34:39.287,1.10021,1.1008,1.75,1.12
2017.10.08 21:34:42.155,1.1002,1.1008,1.75,1.31
2017.10.08 21:34:45.962,1.1002,1.1008,1.75,1.31
2017.10.08 21:34:46.476,1.10021,1.10075,1.50,1.12
2017.10.08 21:34:50.622,1.10021,1.10075,1.75,1.12
2017.10.08 21:34:51.372,1.10021,1.10075,1.50,1.12
2017.10.08 21:34:57.418,1.10021,1.10075,1.12,1.12
2017.10.08 21:34:59.482,1.10021,1.10075,1.00,1.12
2017.10.08 21:35:00.114,1.10018,1.1007,2.25,1.12
2017.10.08 21:35:09.436,1.10018,1.1007,2.25,1.12
2017.10.08 21:35:10.103,1.10019,1.1007,1.00,1.12
2017.10.08 21:35:10.844,1.10019,1.1007,1.12,1.12
2017.10.08 21:35:11.952,1.10024,1.1007,1.00,1.12
2017.10.08 21:35:12.991,1.10023,1.1007,1.00,1.12
2017.10.08 21:35:13.368,1.10023,1.10066,1.00,1.12
2017.10.08 21:35:14.104,1.10022,1.10066,1.00,1.12
2017.10.08 21:35:14.722,1.10023,1.10066,1.00,1.12
2017.10.08 21:35:16.102,1.10022,1.10066,1.00,1.12
2017.10.08 21:35:16.839,1.10023,1.10066,1.00,1.12
2017.10.08 21:35:18.412,1.10022,1.10066,1.00,1.12
2017.10.08 21:35:19.151,1.10023,1.10066,1.00,1.12
2017.10.08 21:35:20.743,1.10022,1.10066,1.00,1.12
2017.10.08 21:35:20.844,1.10011,1.10066,2.00,1.12
2017.10.08 21:35:20.945,1.10019,1.10066,1.00,1.12
2017.10.08 21:35:21.148,1.10021,1.10066,1.00,1.12
2017.10.08 21:35:23.113,1.1002,1.10066,1.00,1.12
2017.10.08 21:35:24.492,1.10021,1.10066,1.00,1.12
2017.10.08 21:35:24.593,1.10008,1.10066,1.31,1.12
2017.10.08 21:35:34.337,1.10008,1.10066,1.31,1.87
2017.10.08 21:35:34.388,1.10003,1.10063,1.31,1.12
2017.10.08 21:35:34.948,1.10003,1.10063,1.31,1.12
2017.10.08 21:35:41.459,1.10003,1.10063,1.31,1.12
2017.10.08 21:35:41.509,1.10001,1.10059,1.31,1.12
2017.10.08 21:35:41.880,1.10001,1.10059,1.31,1.12
2017.10.08 21:35:45.162,1.10001,1.10059,1.31,1.12
2017.10.08 21:35:46.230,1.10001,1.10048,1.12,1.00
2017.10.08 21:35:46.281,1.09999,1.10052,1.94,1.12
2017.10.08 21:35:46.383,1.09999,1.10054,1.94,1.00
2017.10.08 21:35:46.433,1.1,1.10054,1.94,1.37
2017.10.08 21:35:46.733,1.1,1.10054,1.94,1.00
2017.10.08 21:35:46.784,1.1,1.10054,1.94,1.37
2017.10.08 21:35:47.160,1.1,1.10054,1.94,1.12
2017.10.08 21:35:47.242,1.1,1.10054,1.94,1.12
2017.10.08 21:35:49.204,1.09999,1.10054,1.94,1.37
2017.10.08 21:35:51.067,1.1,1.10054,1.94,1.37
2017.10.08 21:35:52.205,1.1,1.10058,1.31,1.12
2017.10.08 21:35:55.017,1.1,1.10058,1.31,1.12
2017.10.08 21:35:55.413,1.1,1.10058,1.31,1.12
2017.10.08 21:35:55.744,1.1,1.10058,1.31,1.12
2017.10.08 21:35:55.907,1.1,1.10058,1.31,1.12
2017.10.08 21:35:57.647,1.1,1.10058,2.06,1.12
2017.10.08 21:35:58.547,1.1,1.10058,2.06,1.12
2017.10.08 21:35:59.204,1.1,1.10058,1.31,1.12
2017.10.08 21:36:00.416,1.1,1.10058,1.12,1.12
2017.10.08 21:36:00.466,1.1,1.10058,1.87,1.12
2017.10.08 21:36:00.518,1.1,1.10054,1.75,1.31
2017.10.08 21:36:00.720,1.1,1.10053,1.75,1.94
2017.10.08 21:36:00.823,1.1,1.1005,1.50,1.37
2017.10.08 21:36:00.874,1.1,1.10051,1.12,1.75
2017.10.08 21:36:01.178,1.1,1.10047,1.00,1.31
2017.10.08 21:36:01.482,1.09996,1.10039,1.00,1.12
2017.10.08 21:36:01.532,1.09994,1.10039,1.00,1.12
2017.10.08 21:36:01.583,1.09993,1.10039,1.00,1.12
2017.10.08 21:36:02.373,1.09993,1.10039,1.00,1.12
2017.10.08 21:36:02.483,1.0999,1.10039,1.50,1.12
2017.10.08 21:36:04.341,1.0999,1.10039,1.00,1.12
2017.10.08 21:36:04.392,1.0999,1.10039,1.12,1.12
2017.10.08 21:36:04.815,1.09989,1.1004,1.50,1.12
2017.10.08 21:36:04.867,1.0999,1.1004,1.00,1.31
2017.10.08 21:36:05.204,1.09991,1.10043,1.75,1.12
2017.10.08 21:36:05.787,1.09991,1.10043,1.50,1.12
2017.10.08 21:36:07.213,1.09992,1.10043,1.00,1.12
2017.10.08 21:36:07.960,1.09991,1.1004,1.00,1.12
2017.10.08 21:36:08.993,1.09992,1.10035,1.00,1.12
2017.10.08 21:36:09.095,1.09989,1.10035,1.00,1.12
2017.10.08 21:36:10.032,1.09989,1.10035,1.00,1.31
2017.10.08 21:36:11.091,1.0999,1.10035,1.00,1.31
2017.10.08 21:36:11.592,1.09989,1.10035,1.00,1.31
2017.10.08 21:36:13.103,1.0999,1.10035,1.00,1.31
2017.10.08 21:36:16.372,1.0999,1.10035,1.00,1.31
2017.10.08 21:36:20.372,1.09989,1.10035,1.00,1.31
2017.10.08 21:36:21.154,1.09989,1.10035,1.00,1.12
2017.10.08 21:36:21.205,1.09989,1.10035,1.00,1.12
2017.10.08 21:36:21.873,1.0999,1.10035,1.00,1.31
2017.10.08 21:36:22.486,1.09989,1.10035,1.00,1.12
2017.10.08 21:36:23.102,1.09989,1.10035,1.00,1.31
2017.10.08 21:36:23.792,1.0999,1.10035,1.00,1.31
2017.10.08 21:36:25.114,1.09989,1.10035,1.00,1.31
2017.10.08 21:36:25.789,1.0999,1.10035,1.00,1.31
2017.10.08 21:36:27.102,1.09989,1.10035,1.00,1.31
2017.10.08 21:36:27.771,1.0999,1.10035,1.00,1.31
2017.10.08 21:36:28.431,1.0999,1.10035,1.00,1.31
2017.10.08 21:36:29.090,1.09989,1.10035,1.19,1.31
2017.10.08 21:36:31.142,1.09989,1.10035,1.19,1.31
2017.10.08 21:36:31.732,1.09991,1.10035,1.00,1.31
2017.10.08 21:36:33.106,1.0999,1.10035,1.00,1.31
2017.10.08 21:36:33.715,1.09991,1.10035,1.00,1.31
2017.10.08 21:36:34.570,1.09991,1.10035,1.00,1.12
2017.10.08 21:36:35.053,1.0999,1.10035,1.00,1.37
2017.10.08 21:36:35.694,1.09991,1.10035,1.00,1.37
2017.10.08 21:36:36.952,1.09994,1.10035,1.00,1.37
2017.10.08 21:36:37.680,1.09995,1.10035,1.00,1.37
2017.10.08 21:36:38.340,1.09995,1.10035,1.00,1.12
2017.10.08 21:36:39.218,1.09994,1.10035,1.00,1.12
2017.10.08 21:36:40.102,1.09995,1.10035,1.00,1.12
2017.10.08 21:36:40.649,1.09996,1.1004,1.00,1.12
2017.10.08 21:36:41.461,1.09997,1.1004,1.00,1.12
2017.10.08 21:36:41.512,1.09997,1.1004,1.00,1.12
2017.10.08 21:36:42.093,1.09996,1.1004,1.00,1.12
2017.10.08 21:36:43.242,1.09997,1.1004,1.00,1.12
2017.10.08 21:36:44.115,1.09996,1.1004,1.00,1.12
2017.10.08 21:36:45.214,1.09996,1.10044,1.00,1.31
2017.10.08 21:36:45.928,1.09997,1.10044,1.00,1.31
2017.10.08 21:36:49.103,1.09996,1.10044,1.00,1.31
2017.10.08 21:36:49.939,1.09997,1.10044,1.00,2.06
2017.10.08 21:36:50.393,1.09997,1.10038,1.00,1.37
2017.10.08 21:36:51.169,1.09997,1.10038,1.00,1.12
2017.10.08 21:36:52.304,1.09997,1.10038,1.00,1.12
2017.10.08 21:36:55.142,1.09996,1.10038,1.00,1.12
2017.10.08 21:36:55.663,1.09997,1.10038,1.00,1.12
2017.10.08 21:36:56.203,1.09997,1.10038,1.00,1.37
2017.10.08 21:36:58.092,1.09998,1.10038,1.00,1.37
2017.10.08 21:37:00.106,1.09997,1.10038,1.00,1.37
2017.10.08 21:37:00.874,1.09998,1.10038,1.00,1.37
2017.10.08 21:37:04.131,1.09997,1.10043,1.00,1.31
2017.10.08 21:37:06.112,1.09998,1.10043,1.00,1.31
2017.10.08 21:37:08.101,1.09997,1.10043,1.00,1.31
2017.10.08 21:37:08.702,1.09997,1.10043,1.00,1.31
2017.10.08 21:37:09.223,1.09996,1.10043,1.00,1.31
2017.10.08 21:37:09.946,1.09996,1.10043,1.00,1.31
2017.10.08 21:37:14.104,1.09997,1.10043,1.00,1.31
2017.10.08 21:37:16.026,1.09997,1.10043,1.00,1.31
2017.10.08 21:37:16.626,1.09997,1.10043,1.00,1.31
2017.10.08 21:37:19.101,1.09997,1.10043,1.00,1.31
2017.10.08 21:37:19.926,1.09997,1.10043,1.00,1.31
2017.10.08 21:37:20.456,1.09997,1.10043,1.00,1.31
2017.10.08 21:37:20.507,1.09996,1.10043,1.00,1.31
2017.10.08 21:37:21.103,1.09997,1.10043,1.00,1.31
2017.10.08 21:37:21.205,1.09997,1.10043,1.00,1.31
2017.10.08 21:37:21.256,1.09997,1.10043,1.00,1.31
2017.10.08 21:37:22.948,1.09997,1.10043,1.00,1.31
2017.10.08 21:37:23.177,1.09996,1.10043,1.00,1.12
2017.10.08 21:37:23.991,1.09996,1.10043,1.00,1.12
2017.10.08 21:37:24.548,1.09999,1.10043,1.00,1.12
2017.10.08 21:37:25.103,1.09998,1.10043,1.00,1.12
2017.10.08 21:37:25.821,1.09998,1.10043,1.00,1.12
2017.10.08 21:37:25.973,1.09996,1.10038,1.00,1.12
2017.10.08 21:37:26.530,1.09997,1.10038,1.00,1.12
2017.10.08 21:37:27.103,1.09996,1.10038,1.00,1.87
2017.10.08 21:37:29.103,1.09997,1.10038,1.00,1.87
2017.10.08 21:37:29.706,1.09997,1.10038,1.00,1.87
2017.10.08 21:37:31.103,1.09996,1.10038,1.00,1.87
2017.10.08 21:37:31.790,1.09996,1.10038,1.00,1.87
2017.10.08 21:37:33.104,1.09997,1.10038,1.00,1.87
2017.10.08 21:37:33.613,1.09996,1.10035,1.00,1.75
2017.10.08 21:37:33.866,1.09995,1.10038,1.00,1.87
2017.10.08 21:37:33.916,1.09997,1.10038,1.00,1.87
2017.10.08 21:37:33.967,1.09991,1.10038,1.25,1.87
2017.10.08 21:37:37.196,1.09993,1.10038,1.00,1.87
2017.10.08 21:37:38.466,1.09994,1.10038,1.00,1.87
2017.10.08 21:37:40.556,1.09993,1.10038,1.00,1.12
2017.10.08 21:37:40.814,1.09991,1.10038,1.00,1.12
2017.10.08 21:37:41.760,1.09999,1.10038,1.00,1.87
2017.10.08 21:37:42.755,1.0999,1.10038,1.00,1.87
2017.10.08 21:37:43.103,1.1,1.10038,1.00,1.87
2017.10.08 21:37:43.204,1.10001,1.10038,1.00,1.00
2017.10.08 21:37:43.558,1.1,1.1004,1.00,1.00
2017.10.08 21:37:43.660,1.10001,1.10042,1.00,1.00
2017.10.08 21:37:44.265,1.10001,1.10043,1.00,1.00
2017.10.08 21:37:45.614,1.10001,1.10043,1.19,1.00
2017.10.08 21:37:51.764,1.10001,1.10031,1.00,1.37
2017.10.08 21:37:51.865,1.0999,1.10024,1.00,1.12
2017.10.08 21:37:51.916,1.0999,1.10009,1.00,1.12
2017.10.08 21:37:51.967,1.0999,1.10024,1.00,1.75
2017.10.08 21:37:52.019,1.09971,1.09995,1.00,1.00
2017.10.08 21:37:52.070,1.09991,1.10026,1.00,1.00
2017.10.08 21:37:52.120,1.0999,1.10002,1.00,1.00
2017.10.08 21:37:52.171,1.09991,1.10033,1.00,1.00
2017.10.08 21:37:52.222,1.09991,1.10026,1.00,1.12
2017.10.08 21:37:52.421,1.09968,1.1,1.50,1.12
2017.10.08 21:37:52.472,1.09963,1.09994,1.00,1.00
2017.10.08 21:37:52.523,1.09963,1.09993,1.00,1.12
2017.10.08 21:37:52.827,1.09963,1.09987,1.00,1.37
2017.10.08 21:37:52.879,1.09962,1.09988,1.50,1.00
2017.10.08 21:37:52.930,1.09963,1.10011,1.00,1.00
2017.10.08 21:37:52.981,1.09963,1.10008,1.75,1.00
2017.10.08 21:37:53.235,1.09991,1.10044,1.37,1.00
2017.10.08 21:37:53.336,1.10005,1.10064,1.75,1.00
2017.10.08 21:37:53.387,1.10022,1.10073,1.37,1.00
2017.10.08 21:37:53.488,1.10019,1.10076,1.56,1.00
2017.10.08 21:37:53.903,1.10031,1.10077,1.00,1.00
2017.10.08 21:37:54.106,1.10031,1.1008,1.00,1.00
2017.10.08 21:37:54.157,1.1003,1.10077,1.00,1.00
2017.10.08 21:37:54.359,1.10031,1.1008,1.00,1.00
2017.10.08 21:37:55.113,1.1003,1.1008,1.00,1.00
2017.10.08 21:37:55.630,1.10031,1.1008,1.00,1.00
2017.10.08 21:37:56.182,1.10031,1.1008,1.75,1.00
2017.10.08 21:37:56.374,1.10026,1.10081,1.75,1.00
2017.10.08 21:37:56.426,1.10008,1.10071,1.75,1.00
2017.10.08 21:37:56.476,1.10008,1.10064,1.00,1.00
2017.10.08 21:37:56.527,1.09993,1.1006,1.19,1.00
2017.10.08 21:37:56.732,1.09991,1.10055,1.00,1.00
2017.10.08 21:37:56.783,1.0999,1.1005,1.00,1.00
2017.10.08 21:37:57.087,1.09991,1.10042,1.19,1.37
2017.10.08 21:37:57.138,1.0999,1.1005,1.00,1.37
2017.10.08 21:37:57.240,1.09991,1.10042,1.00,1.00
2017.10.08 21:37:57.890,1.09991,1.10043,1.00,1.00
2017.10.08 21:37:58.508,1.09987,1.10043,1.00,1.00
2017.10.08 21:37:59.507,1.09988,1.10039,1.00,1.00
2017.10.08 21:38:00.192,1.09987,1.10039,1.00,1.00
2017.10.08 21:38:00.531,1.0999,1.10039,1.00,1.00
2017.10.08 21:38:01.091,1.09989,1.10039,1.00,1.00
2017.10.08 21:38:01.294,1.0998,1.10032,1.50,1.37
2017.10.08 21:38:01.446,1.0998,1.10032,1.00,1.12
2017.10.08 21:38:01.971,1.0998,1.10032,1.00,1.12
2017.10.08 21:38:02.275,1.09979,1.10026,1.50,1.12
2017.10.08 21:38:03.091,1.09979,1.10019,1.00,1.12
2017.10.08 21:38:03.243,1.09976,1.10019,1.00,1.12
2017.10.08 21:38:03.395,1.09976,1.10019,1.00,1.12
2017.10.08 21:38:04.163,1.09976,1.10015,1.00,1.12
2017.10.08 21:38:04.874,1.09978,1.10015,1.00,1.12
2017.10.08 21:38:07.192,1.09978,1.10012,1.00,1.37
2017.10.08 21:38:07.767,1.09978,1.10014,1.00,1.12
2017.10.08 21:38:07.818,1.09979,1.10018,1.00,1.00
2017.10.08 21:38:07.971,1.09982,1.10022,1.00,1.12
2017.10.08 21:38:08.782,1.09981,1.10022,1.00,1.12
2017.10.08 21:38:09.863,1.09982,1.10022,1.00,1.12
2017.10.08 21:38:10.832,1.0998,1.10022,1.00,1.12
2017.10.08 21:38:11.034,1.09986,1.10024,1.00,1.12
2017.10.08 21:38:11.135,1.09981,1.10027,1.00,1.12
2017.10.08 21:38:11.237,1.09987,1.10027,1.00,1.12
2017.10.08 21:38:11.664,1.09987,1.10022,1.00,1.75
2017.10.08 21:38:11.715,1.09987,1.10023,1.00,1.12
2017.10.08 21:38:11.766,1.09985,1.10023,1.00,1.00
2017.10.08 21:38:11.893,1.0998,1.10027,1.00,1.12
2017.10.08 21:38:12.612,1.09986,1.10027,1.00,1.12
2017.10.08 21:38:14.114,1.09985,1.10026,1.00,1.12
2017.10.08 21:38:15.004,1.09986,1.10023,1.00,1.00
2017.10.08 21:38:16.219,1.09986,1.1003,1.00,1.12
2017.10.08 21:38:16.270,1.09981,1.10032,1.00,1.50
2017.10.08 21:38:19.644,1.09976,1.10032,1.00,1.37
2017.10.08 21:38:20.153,1.09975,1.10032,1.00,1.37
2017.10.08 21:38:20.204,1.09979,1.10032,1.00,1.37
2017.10.08 21:38:20.902,1.0998,1.10032,1.00,1.37
2017.10.08 21:38:21.656,1.09979,1.10032,1.00,1.50
2017.10.08 21:38:21.962,1.09981,1.10032,1.00,1.50
2017.10.08 21:38:24.338,1.09979,1.10032,1.50,1.50
2017.10.08 21:38:24.872,1.0998,1.10032,1.50,1.87
2017.10.08 21:38:25.617,1.09979,1.10032,1.50,1.87
2017.10.08 21:38:27.214,1.0998,1.10032,1.50,1.87
2017.10.08 21:38:28.113,1.09981,1.10032,1.00,1.87
2017.10.08 21:38:29.102,1.09982,1.10032,1.00,1.87
2017.10.08 21:38:30.775,1.09982,1.1003,1.00,1.12
2017.10.08 21:38:31.563,1.09981,1.1003,1.00,1.12
2017.10.08 21:38:33.103,1.09982,1.1003,1.00,1.12
2017.10.08 21:38:35.663,1.09981,1.1003,1.00,1.12
2017.10.08 21:38:35.713,1.09974,1.1003,1.50,1.12
2017.10.08 21:38:38.133,1.09976,1.1003,1.00,1.12
2017.10.08 21:38:40.675,1.09976,1.1003,1.00,1.00
2017.10.08 21:38:41.142,1.09975,1.10015,1.50,1.12
2017.10.08 21:38:42.365,1.09974,1.10015,1.50,1.00
2017.10.08 21:38:45.242,1.09979,1.10017,1.00,1.12
2017.10.08 21:38:45.833,1.09981,1.10017,1.00,1.12
2017.10.08 21:38:46.296,1.09983,1.10015,1.00,1.00
2017.10.08 21:38:47.077,1.09984,1.10015,1.00,1.00
2017.10.08 21:38:49.110,1.09983,1.10015,1.00,1.00
2017.10.08 21:38:50.596,1.09983,1.10022,1.00,1.12
2017.10.08 21:38:50.647,1.09983,1.10022,1.00,1.12
2017.10.08 21:38:51.368,1.09984,1.10022,1.00,1.12
2017.10.08 21:38:53.571,1.09984,1.10022,1.00,1.00
2017.10.08 21:38:55.105,1.09985,1.10022,1.00,1.00
2017.10.08 21:38:58.471,1.09985,1.10022,1.00,1.37
2017.10.08 21:39:00.334,1.09986,1.10027,1.00,1.12
2017.10.08 21:39:00.943,1.09986,1.10027,1.00,1.12
2017.10.08 21:39:01.596,1.09987,1.10027,1.00,1.12
2017.10.08 21:39:01.647,1.09986,1.10039,1.00,1.00
2017.10.08 21:39:01.699,1.09994,1.10042,1.12,1.00
2017.10.08 21:39:01.750,1.1,1.1005,1.00,1.00
2017.10.08 21:39:01.802,1.1,1.10046,1.12,1.00
2017.10.08 21:39:02.004,1.10003,1.10061,2.00,1.00
2017.10.08 21:39:02.595,1.10003,1.10061,1.94,1.00
2017.10.08 21:39:03.253,1.10003,1.10061,2.00,1.00
2017.10.08 21:39:03.786,1.10003,1.10061,1.94,1.00
2017.10.08 21:39:04.893,1.10003,1.10061,2.00,1.00
2017.10.08 21:39:06.017,1.10002,1.10061,1.94,1.00
2017.10.08 21:39:07.027,1.10002,1.10061,1.94,1.00
2017.10.08 21:39:07.426,1.10001,1.10063,3.19,1.00
2017.10.08 21:39:08.919,1.10001,1.10063,3.19,1.00
2017.10.08 21:39:12.773,1.10001,1.1006,1.50,1.00
2017.10.08 21:39:12.824,1.1,1.10062,1.50,1.00
2017.10.08 21:39:13.388,1.1,1.10061,1.19,1.75
2017.10.08 21:39:14.882,1.1,1.10061,1.00,1.75
2017.10.08 21:39:15.194,1.10001,1.10059,1.25,1.75
2017.10.08 21:39:16.999,1.1,1.10059,1.25,1.75
2017.10.08 21:39:17.797,1.10001,1.10059,1.00,1.75
2017.10.08 21:39:18.284,1.10001,1.10059,1.00,1.75
2017.10.08 21:39:21.147,1.1,1.10059,1.25,1.75
2017.10.08 21:39:22.503,1.10001,1.10059,1.00,1.75
2017.10.08 21:39:23.509,1.1,1.10059,1.25,1.75
2017.10.08 21:39:24.068,1.1,1.10059,1.00,1.75
2017.10.08 21:39:25.159,1.10001,1.10059,1.00,1.50
2017.10.08 21:39:27.103,1.10001,1.10057,1.00,1.00
2017.10.08 21:39:27.697,1.1,1.10057,1.00,1.00
2017.10.08 21:39:28.738,1.1,1.10054,1.00,1.00
2017.10.08 21:39:29.730,1.10001,1.10054,1.00,1.00
2017.10.08 21:39:32.255,1.10001,1.10053,1.00,1.00
2017.10.08 21:39:34.102,1.1,1.10053,1.00,1.00
2017.10.08 21:39:35.087,1.10001,1.10053,1.00,1.00
2017.10.08 21:39:38.103,1.1,1.10053,1.00,1.00
2017.10.08 21:39:40.066,1.10001,1.10053,1.00,1.00
2017.10.08 21:39:40.592,1.1,1.10053,1.00,1.00
2017.10.08 21:39:40.954,1.1,1.10051,1.00,1.00
2017.10.08 21:39:42.103,1.10001,1.10051,1.00,1.00
2017.10.08 21:39:42.821,1.1,1.10051,1.00,1.00
2017.10.08 21:39:46.103,1.10001,1.10051,1.00,1.00
2017.10.08 21:39:47.112,1.1,1.10051,1.00,1.00
2017.10.08 21:39:48.115,1.10001,1.10051,1.00,1.00
2017.10.08 21:39:48.652,1.1,1.1005,1.00,1.00
2017.10.08 21:39:50.114,1.10001,1.1005,1.00,1.00
2017.10.08 21:39:51.666,1.10001,1.10048,1.00,1.00
2017.10.08 21:39:52.092,1.1,1.10044,1.00,1.00
2017.10.08 21:39:52.143,1.1,1.1005,1.00,1.00
2017.10.08 21:39:52.843,1.10001,1.10051,1.00,1.00
2017.10.08 21:39:56.104,1.1,1.10051,1.00,1.00
2017.10.08 21:39:57.958,1.10001,1.10051,1.00,1.00
2017.10.08 21:39:58.518,1.1,1.10052,1.00,1.00
2017.10.08 21:40:07.603,1.10001,1.10052,1.00,1.00
2017.10.08 21:40:08.403,1.1,1.10052,1.00,1.00
2017.10.08 21:40:10.131,1.10001,1.10052,1.00,1.00
2017.10.08 21:40:11.650,1.1,1.10052,1.25,1.00
2017.10.08 21:40:11.751,1.1,1.10054,1.25,1.00
2017.10.08 21:40:12.185,1.1,1.10046,1.00,1.00
2017.10.08 21:40:12.235,1.1,1.10053,1.25,1.00
2017.10.08 21:40:12.763,1.10001,1.10053,1.00,1.00
2017.10.08 21:40:13.313,1.10001,1.10047,1.00,1.00
2017.10.08 21:40:13.365,1.10001,1.10054,1.00,1.00
2017.10.08 21:40:13.886,1.1,1.10053,1.00,1.00
2017.10.08 21:40:14.425,1.10001,1.10053,1.00,1.00
2017.10.08 21:40:15.033,1.10001,1.10054,1.00,1.00
2017.10.08 21:40:16.314,1.1,1.10054,1.00,1.00
2017.10.08 21:40:18.114,1.10001,1.10054,1.00,1.00
2017.10.08 21:40:21.295,1.1,1.10054,1.00,1.00
2017.10.08 21:40:21.803,1.10001,1.10054,1.00,1.00
2017.10.08 21:40:34.443,1.10001,1.1005,1.00,1.12
2017.10.08 21:40:34.617,1.09992,1.1005,1.00,1.12
2017.10.08 21:40:35.534,1.09992,1.10049,1.00,1.12
2017.10.08 21:40:44.098,1.09992,1.1005,1.00,1.50
2017.10.08 21:40:45.762,1.09992,1.1005,1.00,1.75
2017.10.08 21:40:47.003,1.09992,1.1005,1.00,1.50
2017.10.08 21:40:53.443,1.09992,1.10052,1.00,1.87
2017.10.08 21:40:54.052,1.09992,1.10052,1.00,1.87
2017.10.08 21:40:56.152,1.09992,1.10052,1.00,1.87
2017.10.08 21:40:56.203,1.09999,1.10052,1.00,1.87
2017.10.08 21:40:56.883,1.1,1.10052,1.00,1.12
2017.10.08 21:40:57.683,1.09999,1.10052,1.00,1.12
2017.10.08 21:40:58.203,1.1,1.10052,1.00,1.37
2017.10.08 21:40:59.114,1.09999,1.10052,1.00,1.37
2017.10.08 21:40:59.714,1.09999,1.10052,1.00,1.12
2017.10.08 21:40:59.765,1.09992,1.10052,1.00,1.87
2017.10.08 21:41:01.573,1.09992,1.10052,1.00,1.12
2017.10.08 21:41:10.609,1.09992,1.1005,1.00,1.00
2017.10.08 21:41:23.937,1.09992,1.10051,1.00,1.00
2017.10.08 21:41:28.653,1.09992,1.10048,1.00,1.00
2017.10.08 21:41:29.902,1.09992,1.10047,1.00,1.00
2017.10.08 21:41:30.253,1.09992,1.10038,1.00,1.00
2017.10.08 21:41:32.088,1.09992,1.10047,1.00,1.00
2017.10.08 21:41:32.139,1.09992,1.10038,1.00,1.00
2017.10.08 21:41:33.186,1.09992,1.10038,1.50,1.00
2017.10.08 21:41:35.791,1.09992,1.10038,1.00,1.00
2017.10.08 21:41:36.304,1.09991,1.10038,1.00,1.00
2017.10.08 21:41:48.568,1.09991,1.10039,1.00,1.00
2017.10.08 21:42:00.185,1.09989,1.10039,1.69,1.00
2017.10.08 21:42:00.732,1.09985,1.10038,1.12,1.00
2017.10.08 21:42:01.231,1.09985,1.10044,1.12,1.00
2017.10.08 21:42:01.282,1.09983,1.10041,1.94,1.00
2017.10.08 21:42:01.333,1.09983,1.10044,2.19,1.00
2017.10.08 21:42:01.485,1.09983,1.10042,2.00,1.00
2017.10.08 21:42:01.675,1.09983,1.10044,2.19,1.00
2017.10.08 21:42:01.726,1.09983,1.10037,1.94,1.00
2017.10.08 21:42:02.193,1.09983,1.10045,1.94,1.00
2017.10.08 21:42:02.244,1.09983,1.10043,1.75,1.00
2017.10.08 21:42:02.764,1.09983,1.10037,1.75,1.00
2017.10.08 21:42:03.374,1.09983,1.10038,2.19,1.00
2017.10.08 21:42:03.810,1.09983,1.10044,2.19,1.00
2017.10.08 21:42:03.861,1.09985,1.10038,1.12,1.00
2017.10.08 21:42:06.957,1.09985,1.10043,1.12,1.00
2017.10.08 21:42:07.263,1.09985,1.10043,1.12,1.00
2017.10.08 21:42:15.324,1.09986,1.10044,1.12,1.00
2017.10.08 21:42:15.752,1.09986,1.10043,1.12,1.00
2017.10.08 21:42:16.008,1.09986,1.10043,1.12,1.00
2017.10.08 21:42:18.755,1.09986,1.10045,1.12,1.00
2017.10.08 21:42:18.805,1.09987,1.10042,1.12,1.00
2017.10.08 21:42:24.784,1.09987,1.10044,1.12,1.00
2017.10.08 21:42:28.228,1.09986,1.10044,1.12,1.00
2017.10.08 21:42:28.945,1.09986,1.10046,1.12,1.00
2017.10.08 21:42:28.996,1.09986,1.10044,1.12,1.00
2017.10.08 21:42:29.198,1.09987,1.10044,1.12,1.00
2017.10.08 21:42:29.501,1.09987,1.1004,1.12,1.00
2017.10.08 21:42:30.159,1.09987,1.1004,1.12,1.00
2017.10.08 21:42:30.819,1.09987,1.1004,1.12,1.00
2017.10.08 21:42:31.216,1.09987,1.1004,1.12,1.00
2017.10.08 21:42:31.377,1.09983,1.10039,2.25,1.00
2017.10.08 21:42:31.911,1.09983,1.10039,2.25,1.00
2017.10.08 21:42:32.470,1.09983,1.10039,2.25,1.00
2017.10.08 21:42:33.164,1.09983,1.10039,2.25,1.00
2017.10.08 21:42:33.383,1.09983,1.10038,2.25,1.00
2017.10.08 21:42:33.434,1.09983,1.10038,2.25,1.00
2017.10.08 21:42:34.121,1.09983,1.10039,2.25,1.00
2017.10.08 21:42:35.098,1.09983,1.10039,2.25,1.00
2017.10.08 21:42:35.149,1.09983,1.10042,2.00,1.00
2017.10.08 21:42:35.507,1.09983,1.10038,1.94,1.00
2017.10.08 21:42:39.836,1.09982,1.10039,1.94,1.00
2017.10.08 21:42:41.434,1.09982,1.10042,2.19,1.00
2017.10.08 21:42:41.653,1.09981,1.1004,1.94,1.00
2017.10.08 21:42:41.842,1.09981,1.10043,1.94,1.00
2017.10.08 21:42:41.893,1.09981,1.1004,2.25,1.00
2017.10.08 21:42:42.197,1.09982,1.1004,1.12,1.00
2017.10.08 21:42:42.429,1.09982,1.10043,1.12,1.00
2017.10.08 21:42:42.481,1.09982,1.10039,1.12,1.00
2017.10.08 21:42:42.806,1.09982,1.10041,1.12,1.00
2017.10.08 21:42:43.441,1.09984,1.10041,1.12,1.00
2017.10.08 21:42:43.678,1.09984,1.10044,1.12,1.00
2017.10.08 21:42:43.729,1.09981,1.10041,2.06,1.00
2017.10.08 21:42:44.064,1.09981,1.10039,1.94,1.00
2017.10.08 21:42:44.473,1.09981,1.10039,2.19,1.00
2017.10.08 21:42:44.524,1.09981,1.10039,2.19,1.00
2017.10.08 21:42:44.575,1.09981,1.10039,1.94,1.00
2017.10.08 21:42:44.676,1.09981,1.10038,2.19,1.00
2017.10.08 21:42:44.777,1.09981,1.10039,1.94,1.00
2017.10.08 21:42:44.882,1.09981,1.10039,1.94,1.00
2017.10.08 21:42:45.673,1.09981,1.1004,1.94,1.00
2017.10.08 21:42:45.775,1.09981,1.10039,2.00,1.00
2017.10.08 21:42:45.884,1.09981,1.10039,2.00,1.00
2017.10.08 21:42:45.994,1.09981,1.10039,2.00,1.00
2017.10.08 21:42:46.045,1.09981,1.10039,2.00,1.00
2017.10.08 21:42:46.097,1.09981,1.10039,2.19,1.00
2017.10.08 21:42:46.198,1.09981,1.10039,2.19,1.00
2017.10.08 21:42:46.350,1.09981,1.10039,2.19,1.00
2017.10.08 21:42:46.400,1.09981,1.10039,2.19,1.00
2017.10.08 21:42:46.501,1.09981,1.10039,1.31,1.00
2017.10.08 21:42:46.886,1.09981,1.10039,2.00,1.00
2017.10.08 21:42:47.658,1.09981,1.10039,2.19,1.00
2017.10.08 21:42:48.943,1.09981,1.10041,2.19,1.00
2017.10.08 21:42:48.994,1.09981,1.10042,2.19,1.00
2017.10.08 21:42:49.833,1.09981,1.10044,2.19,1.00
2017.10.08 21:42:49.884,1.09981,1.10041,2.19,1.00
2017.10.08 21:42:51.714,1.09981,1.10041,2.19,1.00
2017.10.08 21:42:52.984,1.09984,1.10041,1.12,1.00
2017.10.08 21:42:53.136,1.09984,1.10041,1.12,1.00
2017.10.08 21:42:53.930,1.09981,1.1004,1.94,1.00
2017.10.08 21:42:54.588,1.09981,1.1004,1.94,1.00
2017.10.08 21:42:55.973,1.09981,1.10041,1.94,1.00
2017.10.08 21:42:56.024,1.09982,1.10043,1.12,1.00
2017.10.08 21:42:56.570,1.09982,1.10042,1.12,1.00
2017.10.08 21:42:57.280,1.09982,1.10043,1.12,1.00
2017.10.08 21:43:01.287,1.09982,1.10043,1.12,1.00
2017.10.08 21:43:01.388,1.09982,1.10043,1.12,1.00
2017.10.08 21:43:01.491,1.09982,1.10043,1.12,1.00
2017.10.08 21:43:01.744,1.09982,1.10041,1.12,1.00
2017.10.08 21:43:02.280,1.09982,1.10041,1.12,1.00
2017.10.08 21:43:02.604,1.09982,1.10041,1.12,1.00
2017.10.08 21:43:02.908,1.09982,1.10043,1.12,1.00
2017.10.08 21:43:02.958,1.09982,1.10041,1.12,1.00
2017.10.08 21:43:03.009,1.09982,1.10041,1.12,1.00
2017.10.08 21:43:03.813,1.09981,1.10041,1.94,1.00
2017.10.08 21:43:03.914,1.09981,1.10043,1.94,1.00
2017.10.08 21:43:03.965,1.09981,1.10043,1.94,1.00
2017.10.08 21:43:04.492,1.09981,1.10042,1.94,1.00
2017.10.08 21:43:05.864,1.09981,1.10042,1.94,1.00
2017.10.08 21:43:05.915,1.09981,1.10042,1.94,1.00
2017.10.08 21:43:10.175,1.0998,1.10042,1.94,1.00
2017.10.08 21:43:10.226,1.0997,1.10035,1.94,1.00
2017.10.08 21:43:10.277,1.0997,1.10035,1.94,1.00
2017.10.08 21:43:10.429,1.0997,1.10033,1.94,1.00
2017.10.08 21:43:10.531,1.0997,1.10033,1.94,1.00
2017.10.08 21:43:11.108,1.09969,1.10033,1.94,1.00
2017.10.08 21:43:11.775,1.0997,1.10032,1.94,1.00
2017.10.08 21:43:12.120,1.09969,1.10031,1.94,1.00
2017.10.08 21:43:12.171,1.0997,1.10032,1.19,1.75
2017.10.08 21:43:12.323,1.09959,1.1002,1.00,1.75
2017.10.08 21:43:12.375,1.09967,1.10019,1.00,1.75
2017.10.08 21:43:12.678,1.09966,1.10017,1.00,1.94
2017.10.08 21:43:13.475,1.09967,1.10016,1.00,1.94
2017.10.08 21:43:13.827,1.0997,1.10014,1.00,1.75
2017.10.08 21:43:14.130,1.0997,1.10013,1.00,2.00
2017.10.08 21:43:14.332,1.09969,1.10014,1.00,1.94
2017.10.08 21:43:14.434,1.09969,1.10015,1.00,1.12
2017.10.08 21:43:14.535,1.0997,1.10015,1.00,1.31
2017.10.08 21:43:14.586,1.0997,1.10015,1.00,1.31
2017.10.08 21:43:14.637,1.0997,1.10015,1.00,2.06
2017.10.08 21:43:16.603,1.09969,1.10015,1.00,2.06
2017.10.08 21:43:16.953,1.09969,1.10011,1.00,1.75
2017.10.08 21:43:17.488,1.0997,1.10011,1.00,1.75
2017.10.08 21:43:18.045,1.09969,1.10011,1.00,1.75
2017.10.08 21:43:18.705,1.09969,1.10011,1.00,1.75
2017.10.08 21:43:19.253,1.09967,1.10011,1.50,1.75
2017.10.08 21:43:19.304,1.09965,1.10011,1.00,1.75
2017.10.08 21:43:20.026,1.09966,1.10011,1.00,1.75
2017.10.08 21:43:21.293,1.09966,1.10011,1.00,1.50
2017.10.08 21:43:21.344,1.09966,1.10011,1.00,1.00
2017.10.08 21:43:22.158,1.09965,1.10011,1.00,1.00
2017.10.08 21:43:22.209,1.09965,1.10009,1.00,1.00
2017.10.08 21:43:22.360,1.09956,1.10008,1.00,1.00
2017.10.08 21:43:22.411,1.09965,1.10008,1.00,1.00
2017.10.08 21:43:22.918,1.09965,1.10009,1.00,1.00
2017.10.08 21:43:23.424,1.09965,1.10007,1.00,1.00
2017.10.08 21:43:23.677,1.09958,1.10009,1.50,1.00
2017.10.08 21:43:23.728,1.09956,1.10009,1.00,1.00
2017.10.08 21:43:23.779,1.09963,1.10009,1.00,1.00
2017.10.08 21:43:24.204,1.09965,1.10009,1.00,1.00
2017.10.08 21:43:24.609,1.09965,1.10007,1.00,1.00
2017.10.08 21:43:25.066,1.09966,1.10009,1.00,1.00
2017.10.08 21:43:25.680,1.09965,1.10009,1.00,1.00
2017.10.08 21:43:25.731,1.09965,1.10007,1.00,1.00
2017.10.08 21:43:25.882,1.09965,1.10009,1.00,1.00
2017.10.08 21:43:26.204,1.09965,1.10006,1.00,1.00
2017.10.08 21:43:26.457,1.09965,1.10009,1.00,1.12
2017.10.08 21:43:26.609,1.09965,1.10007,1.00,1.00
2017.10.08 21:43:26.711,1.09964,1.10009,1.00,1.00
2017.10.08 21:43:26.762,1.0997,1.10008,1.00,1.00
2017.10.08 21:43:27.160,1.09964,1.10007,1.00,1.00
2017.10.08 21:43:27.950,1.09965,1.10007,1.00,1.00
2017.10.08 21:43:29.114,1.09964,1.10007,1.00,1.00
2017.10.08 21:43:29.284,1.0997,1.10007,1.00,1.00
2017.10.08 21:43:32.043,1.09964,1.10007,1.00,1.00
2017.10.08 21:43:33.862,1.09963,1.10007,1.00,1.00
2017.10.08 21:43:34.562,1.09964,1.10007,1.00,1.00
2017.10.08 21:43:35.641,1.09963,1.10008,1.00,1.50
2017.10.08 21:43:36.214,1.09964,1.10008,1.00,1.00
2017.10.08 21:43:36.340,1.0997,1.10008,1.00,1.00
2017.10.08 21:43:37.056,1.09969,1.10008,1.00,1.00
2017.10.08 21:43:37.865,1.0997,1.10008,1.00,1.00
2017.10.08 21:43:38.406,1.0997,1.10009,1.00,1.00
2017.10.08 21:43:38.659,1.09963,1.10005,1.00,1.00
2017.10.08 21:43:38.760,1.09969,1.10005,1.00,1.00
2017.10.08 21:43:38.824,1.09969,1.10007,1.00,1.00
2017.10.08 21:43:38.978,1.09969,1.10009,1.00,1.00
2017.10.08 21:43:39.400,1.09964,1.10008,1.00,1.00
2017.10.08 21:43:39.502,1.0997,1.10008,1.00,1.00
2017.10.08 21:43:40.007,1.09969,1.10007,1.00,1.00
2017.10.08 21:43:40.382,1.09965,1.10007,1.00,1.00
2017.10.08 21:43:40.483,1.0997,1.10007,1.00,1.00
2017.10.08 21:43:40.954,1.0997,1.10009,1.00,1.00
2017.10.08 21:43:41.257,1.0997,1.10007,1.00,1.00
2017.10.08 21:43:41.864,1.09969,1.10006,1.00,1.00
2017.10.08 21:43:41.965,1.09965,1.10006,1.00,1.00
2017.10.08 21:43:42.127,1.0997,1.10007,1.00,1.00
2017.10.08 21:43:42.815,1.09969,1.10008,1.00,1.00
2017.10.08 21:43:43.856,1.0997,1.10008,1.00,1.00
2017.10.08 21:43:44.464,1.0997,1.10005,1.00,1.00
2017.10.08 21:43:44.726,1.09948,1.09995,1.00,1.00
2017.10.08 21:43:45.457,1.09948,1.09994,1.00,1.00
2017.10.08 21:43:49.713,1.09948,1.09996,1.00,1.00
2017.10.08 21:43:52.679,1.09948,1.09995,1.00,1.00
2017.10.08 21:43:52.780,1.0994,1.09996,1.94,1.00
2017.10.08 21:43:52.931,1.09941,1.09994,1.69,1.00
2017.10.08 21:43:53.234,1.09963,1.09995,1.00,1.00
2017.10.08 21:43:53.285,1.09942,1.09995,1.12,1.00
2017.10.08 21:43:53.437,1.09948,1.09998,1.75,1.00
2017.10.08 21:43:53.488,1.09948,1.09996,1.00,1.00
2017.10.08 21:43:54.036,1.09948,1.09997,1.00,1.00
2017.10.08 21:43:54.183,1.09948,1.09995,1.00,1.00
2017.10.08 21:43:54.343,1.09941,1.09995,1.00,1.00
2017.10.08 21:43:54.394,1.09941,1.09993,1.50,1.00
2017.10.08 21:43:54.496,1.09941,1.09993,1.00,1.00
2017.10.08 21:43:54.547,1.09941,1.09995,1.19,1.00
2017.10.08 21:43:54.850,1.09941,1.09993,1.19,1.00
2017.10.08 21:43:54.952,1.09941,1.09996,1.19,1.00
2017.10.08 21:43:57.653,1.09941,1.09996,1.19,1.00
2017.10.08 21:43:58.175,1.09941,1.09997,2.62,1.00
2017.10.08 21:43:58.226,1.09941,1.09999,2.62,1.00
2017.10.08 21:44:01.693,1.09942,1.09999,1.44,1.00
2017.10.08 21:44:01.744,1.09942,1.09999,1.19,1.00
2017.10.08 21:44:02.291,1.09942,1.09999,1.44,1.00
2017.10.08 21:44:02.950,1.09942,1.09999,1.44,1.00
2017.10.08 21:44:04.164,1.09945,1.09999,2.44,1.00
2017.10.08 21:44:04.494,1.09949,1.10001,2.25,1.00
2017.10.08 21:44:06.302,1.09949,1.10001,1.87,1.00
2017.10.08 21:44:06.787,1.09949,1.10001,2.00,1.00
2017.10.08 21:44:07.975,1.0995,1.09998,1.50,1.00
2017.10.08 21:44:08.077,1.0995,1.10001,1.25,1.00
2017.10.08 21:44:08.178,1.09943,1.10001,1.12,1.00
2017.10.08 21:44:08.229,1.0994,1.09995,1.75,1.00
2017.10.08 21:44:08.891,1.09939,1.09994,1.75,1.00
2017.10.08 21:44:09.324,1.09939,1.09994,1.12,1.00
2017.10.08 21:44:09.375,1.09939,1.0999,1.12,1.00
2017.10.08 21:44:09.527,1.0994,1.09992,1.00,1.00
2017.10.08 21:44:09.578,1.09963,1.09989,1.00,1.00
2017.10.08 21:44:09.628,1.0995,1.09992,1.00,1.00
2017.10.08 21:44:09.679,1.09958,1.09992,1.00,1.00
2017.10.08 21:44:10.212,1.09957,1.09992,1.00,1.00
2017.10.08 21:44:10.374,1.09944,1.09992,1.00,1.00
2017.10.08 21:44:10.424,1.09951,1.09991,1.00,1.00
2017.10.08 21:44:10.576,1.0994,1.09991,1.00,1.00
2017.10.08 21:44:11.207,1.09939,1.09991,1.00,1.00
2017.10.08 21:44:12.267,1.09939,1.0999,1.00,1.00
2017.10.08 21:44:13.102,1.0994,1.0999,1.00,1.00
2017.10.08 21:44:14.114,1.09939,1.0999,1.00,1.00
2017.10.08 21:44:16.438,1.0994,1.0999,1.00,1.00
2017.10.08 21:44:17.997,1.09939,1.0999,1.00,1.00
2017.10.08 21:44:18.796,1.0994,1.0999,1.00,1.00
2017.10.08 21:44:20.117,1.09939,1.0999,1.00,1.00
2017.10.08 21:44:22.713,1.0994,1.0999,1.00,1.00
2017.10.08 21:44:27.173,1.09939,1.0999,1.00,1.00
2017.10.08 21:44:29.114,1.0994,1.0999,1.00,1.00
2017.10.08 21:44:30.292,1.09939,1.0999,1.00,1.00
2017.10.08 21:44:30.343,1.0994,1.09993,1.00,1.00
2017.10.08 21:44:30.394,1.09943,1.09994,1.19,1.00
2017.10.08 21:44:30.647,1.09943,1.09993,1.00,1.00
2017.10.08 21:44:30.699,1.0994,1.09989,1.00,1.00
2017.10.08 21:44:30.952,1.09942,1.09996,1.00,1.00
2017.10.08 21:44:31.054,1.09942,1.09993,1.94,1.00
2017.10.08 21:44:31.403,1.09942,1.09991,1.75,1.00
2017.10.08 21:44:31.454,1.09942,1.09991,1.75,1.00
2017.10.08 21:44:31.506,1.09942,1.09986,1.75,1.00
2017.10.08 21:44:31.995,1.09942,1.0999,1.75,1.00
2017.10.08 21:44:32.046,1.09942,1.0999,1.75,1.00
2017.10.08 21:44:32.643,1.09942,1.09989,1.75,1.00
2017.10.08 21:44:33.332,1.09942,1.09989,1.75,1.00
2017.10.08 21:44:36.336,1.09942,1.09988,1.75,1.00
2017.10.08 21:44:38.277,1.09942,1.09987,1.50,1.00
2017.10.08 21:44:38.328,1.09942,1.09989,1.75,1.00
2017.10.08 21:44:38.482,1.09945,1.09991,1.00,1.00
2017.10.08 21:44:38.685,1.09945,1.09988,1.12,1.00
2017.10.08 21:44:39.275,1.09945,1.09989,1.75,1.00
2017.10.08 21:44:39.935,1.09945,1.09989,1.50,1.00
2017.10.08 21:44:40.266,1.09945,1.09987,1.50,1.00
2017.10.08 21:44:40.755,1.09943,1.09987,1.00,1.00
2017.10.08 21:44:40.857,1.09943,1.09983,1.00,1.00
2017.10.08 21:44:40.908,1.09943,1.09987,1.00,1.00
2017.10.08 21:44:41.161,1.09943,1.09985,1.00,1.00
2017.10.08 21:44:41.263,1.09943,1.09987,1.00,1.00
2017.10.08 21:44:42.605,1.09951,1.09987,1.00,1.00
2017.10.08 21:44:42.656,1.09951,1.09992,1.00,1.00
2017.10.08 21:44:43.996,1.09951,1.09991,1.00,1.00
2017.10.08 21:44:44.505,1.09951,1.09992,1.00,1.00
2017.10.08 21:44:45.043,1.09951,1.09991,1.00,1.00
2017.10.08 21:44:45.926,1.09951,1.0999,1.00,1.00
2017.10.08 21:44:46.638,1.09951,1.09989,1.00,1.00
2017.10.08 21:44:46.689,1.09951,1.09992,1.00,1.00
2017.10.08 21:44:47.146,1.09951,1.0999,1.00,1.00
2017.10.08 21:44:47.857,1.09951,1.09989,1.00,1.00
2017.10.08 21:44:49.316,1.09951,1.09991,1.00,1.00
2017.10.08 21:44:49.367,1.09951,1.09994,1.00,1.00
2017.10.08 21:44:55.455,1.09951,1.09989,1.00,1.00
2017.10.08 21:45:01.145,1.09954,1.09991,1.00,1.00
2017.10.08 21:45:01.247,1.09954,1.09995,1.00,1.00
2017.10.08 21:45:07.940,1.09954,1.09996,1.00,1.00
2017.10.08 21:45:17.627,1.09954,1.09997,1.00,1.00
2017.10.08 21:45:21.255,1.09954,1.09999,1.00,1.00
2017.10.08 21:45:30.082,1.09954,1.09998,1.00,1.00
2017.10.08 21:45:33.045,1.09939,1.09995,2.25,1.00
2017.10.08 21:45:33.096,1.0994,1.09992,1.75,1.00
2017.10.08 21:45:33.147,1.0994,1.09991,1.50,1.00
2017.10.08 21:45:33.199,1.09939,1.09992,1.00,1.00
2017.10.08 21:45:33.250,1.0994,1.0999,1.00,1.00
2017.10.08 21:45:33.866,1.0994,1.09989,1.00,1.00
2017.10.08 21:45:34.182,1.09938,1.09989,1.00,1.75
2017.10.08 21:45:34.488,1.0993,1.09975,1.00,1.87
2017.10.08 21:45:34.793,1.0992,1.09969,1.00,1.12
2017.10.08 21:45:34.844,1.09922,1.09969,1.00,1.75
2017.10.08 21:45:34.896,1.09919,1.09967,1.50,1.00
2017.10.08 21:45:34.947,1.09929,1.09969,1.00,1.00
2017.10.08 21:45:34.998,1.0993,1.0998,1.00,1.00
2017.10.08 21:45:35.100,1.0993,1.09969,1.00,1.00
2017.10.08 21:45:35.151,1.0993,1.09971,1.00,1.00
2017.10.08 21:45:35.252,1.09923,1.09969,1.12,1.00
2017.10.08 21:45:35.303,1.09925,1.09969,1.00,1.00
2017.10.08 21:45:35.354,1.09926,1.09972,1.00,1.00
2017.10.08 21:45:35.852,1.09924,1.09971,1.00,1.00
2017.10.08 21:45:36.225,1.09928,1.09972,1.00,1.00
2017.10.08 21:45:36.555,1.09932,1.09973,1.00,1.00
2017.10.08 21:45:37.471,1.09931,1.09973,1.00,1.00
2017.10.08 21:45:37.825,1.09933,1.09973,1.00,1.00
2017.10.08 21:45:38.161,1.09931,1.0997,1.00,1.00
2017.10.08 21:45:38.466,1.09931,1.09968,1.00,1.00
2017.10.08 21:45:39.244,1.09932,1.09968,1.00,1.00
2017.10.08 21:45:40.694,1.09931,1.09968,1.00,1.00
2017.10.08 21:45:40.997,1.09895,1.09939,1.12,1.00
2017.10.08 21:45:41.048,1.09902,1.09953,1.12,1.00
2017.10.08 21:45:41.504,1.09902,1.09956,1.12,1.00
2017.10.08 21:45:41.555,1.09902,1.0995,1.12,1.00
2017.10.08 21:45:42.037,1.09902,1.09938,1.12,1.00
2017.10.08 21:45:42.736,1.09902,1.09938,1.12,1.00
2017.10.08 21:45:43.849,1.09902,1.09937,1.12,1.00
2017.10.08 21:45:44.984,1.09902,1.09937,1.12,1.00
2017.10.08 21:45:46.605,1.09902,1.09937,1.12,1.00
2017.10.08 21:45:46.656,1.09902,1.09942,1.12,1.00
2017.10.08 21:45:47.397,1.09902,1.09942,1.12,1.00
2017.10.08 21:45:52.399,1.09902,1.09942,1.12,1.00
2017.10.08 21:45:56.122,1.09902,1.09942,1.12,1.00
2017.10.08 21:45:56.181,1.09902,1.09944,1.12,1.00
2017.10.08 21:45:57.444,1.09902,1.09968,1.12,1.00
2017.10.08 21:45:57.495,1.09916,1.09968,1.00,1.00
2017.10.08 21:45:57.547,1.09916,1.09983,1.00,1.94
2017.10.08 21:45:57.648,1.0992,1.09987,1.00,2.44
2017.10.08 21:45:58.286,1.09921,1.09987,1.00,1.94
2017.10.08 21:45:58.562,1.09919,1.09987,1.00,1.94
2017.10.08 21:45:59.105,1.0992,1.09987,1.00,1.94
2017.10.08 21:46:01.094,1.09921,1.09987,1.00,1.94
2017.10.08 21:46:01.982,1.09921,1.09987,1.00,1.94
2017.10.08 21:46:03.103,1.0992,1.09987,1.00,1.94
2017.10.08 21:46:06.272,1.0992,1.09987,1.00,1.94
2017.10.08 21:46:07.068,1.09921,1.09987,1.00,1.94
2017.10.08 21:46:08.967,1.09922,1.0997,1.00,1.50
2017.10.08 21:46:09.018,1.09906,1.09965,1.50,1.00
2017.10.08 21:46:09.069,1.09906,1.09962,1.50,1.00
2017.10.08 21:46:09.120,1.09895,1.09962,2.62,1.00
2017.10.08 21:46:15.134,1.09895,1.09962,1.87,1.00
2017.10.08 21:46:16.613,1.09894,1.09954,1.00,1.12
2017.10.08 21:46:16.826,1.09894,1.09961,1.00,1.75
2017.10.08 21:46:20.233,1.09894,1.09961,1.00,1.75
2017.10.08 21:46:25.979,1.09894,1.09962,1.12,1.75
2017.10.08 21:46:26.666,1.09899,1.09968,1.00,1.75
2017.10.08 21:46:27.207,1.099,1.09969,1.00,1.75
2017.10.08 21:46:30.779,1.099,1.09969,1.00,1.75
2017.10.08 21:46:31.329,1.09899,1.09969,1.00,1.75
2017.10.08 21:46:33.147,1.099,1.09969,1.00,1.75
2017.10.08 21:46:34.270,1.09921,1.09975,1.00,1.12
2017.10.08 21:46:34.321,1.09922,1.09975,1.00,1.12
2017.10.08 21:46:34.869,1.09923,1.09975,1.00,1.12
2017.10.08 21:46:35.603,1.09924,1.09975,1.00,1.12
2017.10.08 21:46:36.031,1.09924,1.09975,1.00,1.12
2017.10.08 21:46:36.611,1.09924,1.09975,1.00,1.12
2017.10.08 21:46:37.155,1.09923,1.09975,1.00,1.12
2017.10.08 21:46:37.730,1.09924,1.09975,1.00,1.12
2017.10.08 21:46:39.105,1.09923,1.09975,1.00,1.12
2017.10.08 21:46:41.104,1.09924,1.09975,1.00,1.12
2017.10.08 21:46:41.892,1.09924,1.09975,1.00,1.12
2017.10.08 21:46:43.105,1.09923,1.09975,1.00,1.12
2017.10.08 21:46:45.104,1.09924,1.09975,1.00,1.12
2017.10.08 21:46:47.094,1.09923,1.09975,1.00,1.12
2017.10.08 21:46:47.834,1.09923,1.09975,1.00,1.12
2017.10.08 21:46:48.495,1.09924,1.09975,1.00,1.12
2017.10.08 21:46:49.305,1.09923,1.09975,1.00,1.12
2017.10.08 21:46:49.410,1.09923,1.09975,1.00,1.12
2017.10.08 21:46:49.460,1.09924,1.09975,1.00,1.12
2017.10.08 21:46:52.155,1.09925,1.09975,1.00,1.12
2017.10.08 21:46:52.813,1.09925,1.09975,1.00,1.12
2017.10.08 21:46:54.078,1.09926,1.09975,1.00,1.12
2017.10.08 21:46:55.854,1.0992,1.09975,1.00,1.12
2017.10.08 21:46:56.104,1.09918,1.09975,1.00,1.12
2017.10.08 21:46:58.148,1.09919,1.09975,1.00,1.12
2017.10.08 21:46:59.962,1.09921,1.09975,1.00,1.12
2017.10.08 21:47:01.450,1.09921,1.09975,1.00,1.12
2017.10.08 21:47:02.059,1.09922,1.09975,1.00,1.12
2017.10.08 21:47:02.719,1.09921,1.09975,1.00,1.12
2017.10.08 21:47:04.013,1.09928,1.09975,1.00,1.12
2017.10.08 21:47:04.702,1.09929,1.09975,1.00,1.12
2017.10.08 21:47:07.164,1.09928,1.09975,1.00,1.12
2017.10.08 21:47:10.303,1.09929,1.09975,1.00,1.12
2017.10.08 21:47:11.286,1.09928,1.09975,1.00,1.12
2017.10.08 21:47:11.794,1.09929,1.09975,1.00,1.12
2017.10.08 21:47:14.063,1.09924,1.09975,1.00,1.12
2017.10.08 21:47:14.704,1.09923,1.09975,1.00,1.12
2017.10.08 21:47:16.143,1.09924,1.09975,1.00,1.12
2017.10.08 21:47:18.086,1.09923,1.09975,1.00,1.12
2017.10.08 21:47:21.105,1.09924,1.09975,1.00,1.12
2017.10.08 21:47:21.483,1.09922,1.09975,1.00,1.12
2017.10.08 21:47:23.116,1.09921,1.09975,1.00,1.12
2017.10.08 21:47:24.044,1.09922,1.09975,1.00,1.12
2017.10.08 21:47:29.250,1.09922,1.09975,1.00,1.12
2017.10.08 21:47:29.793,1.09922,1.09978,1.00,1.12
2017.10.08 21:47:31.286,1.09921,1.09978,1.00,1.12
2017.10.08 21:47:31.815,1.09922,1.09978,1.00,1.12
2017.10.08 21:47:32.356,1.09921,1.09978,1.00,1.12
2017.10.08 21:47:34.704,1.09922,1.09978,1.00,1.12
2017.10.08 21:47:35.065,1.09922,1.09978,1.00,1.12
2017.10.08 21:47:35.775,1.09921,1.09978,1.00,1.12
2017.10.08 21:47:35.826,1.09923,1.09978,1.00,1.12
2017.10.08 21:47:36.436,1.09922,1.09978,1.00,1.12
2017.10.08 21:47:39.181,1.09923,1.09978,1.00,1.12
2017.10.08 21:47:41.106,1.09922,1.09978,1.00,1.12
2017.10.08 21:47:43.139,1.09923,1.09978,1.00,1.12
2017.10.08 21:47:44.416,1.09922,1.09978,1.00,1.12
2017.10.08 21:47:46.104,1.09923,1.09978,1.00,1.12
2017.10.08 21:47:47.161,1.09923,1.09978,1.00,1.12
2017.10.08 21:47:47.662,1.09924,1.09978,1.00,1.12
2017.10.08 21:47:48.322,1.09923,1.09978,1.00,1.12
2017.10.08 21:47:49.305,1.09924,1.09978,1.00,1.12
2017.10.08 21:47:49.973,1.09924,1.09978,1.00,1.12
2017.10.08 21:47:50.854,1.09925,1.09978,1.00,1.12
2017.10.08 21:47:54.104,1.09924,1.09978,1.00,1.12
2017.10.08 21:47:56.104,1.09925,1.09978,1.00,1.12
2017.10.08 21:47:57.094,1.09924,1.09978,1.00,1.12
2017.10.08 21:47:58.044,1.09925,1.09978,1.00,1.12
2017.10.08 21:47:59.014,1.09928,1.09978,1.00,1.12
2017.10.08 21:47:59.544,1.09928,1.09978,1.00,1.12
2017.10.08 21:48:00.105,1.09927,1.09978,1.00,1.12
2017.10.08 21:48:01.906,1.09928,1.09978,1.00,1.12
2017.10.08 21:48:02.514,1.09927,1.09978,1.00,1.12
2017.10.08 21:48:04.548,1.09928,1.09978,1.00,1.12
2017.10.08 21:48:05.974,1.09929,1.09978,1.00,1.12
2017.10.08 21:48:06.478,1.09928,1.09978,1.00,1.12
2017.10.08 21:48:08.105,1.09929,1.09978,1.00,1.12
2017.10.08 21:48:08.974,1.09928,1.09978,1.00,1.12
2017.10.08 21:48:10.093,1.09933,1.09978,1.00,1.12
2017.10.08 21:48:10.766,1.09932,1.09978,1.00,1.12
2017.10.08 21:48:11.936,1.09933,1.09978,1.00,1.12
2017.10.08 21:48:12.704,1.09932,1.09978,1.00,1.12
2017.10.08 21:48:13.408,1.09933,1.09978,1.00,1.12
2017.10.08 21:48:16.102,1.09934,1.09978,1.00,1.12
2017.10.08 21:48:16.711,1.09933,1.09978,1.00,1.12
2017.10.08 21:48:18.104,1.09932,1.09978,1.00,1.12
2017.10.08 21:48:20.105,1.09933,1.09978,1.00,1.12
2017.10.08 21:48:22.044,1.09932,1.09978,1.00,1.12
2017.10.08 21:48:24.253,1.09932,1.09978,1.00,1.12
2017.10.08 21:48:24.965,1.09932,1.09979,1.00,1.12
2017.10.08 21:48:25.614,1.09932,1.09979,1.00,1.12
2017.10.08 21:48:26.285,1.09933,1.09979,1.00,1.12
2017.10.08 21:48:26.945,1.09932,1.09979,1.00,1.12
2017.10.08 21:48:28.104,1.09933,1.09979,1.00,1.12
2017.10.08 21:48:29.749,1.09933,1.09979,1.00,1.12
2017.10.08 21:48:30.576,1.09933,1.09979,1.00,1.12
2017.10.08 21:48:31.783,1.09934,1.09979,1.00,1.12
2017.10.08 21:48:31.834,1.09936,1.09979,1.00,1.12
2017.10.08 21:48:31.885,1.09933,1.09979,1.00,1.12
2017.10.08 21:48:34.105,1.09934,1.09979,1.00,1.12
2017.10.08 21:48:36.104,1.09933,1.09979,1.00,1.12
2017.10.08 21:48:38.105,1.09934,1.09979,1.00,1.12
2017.10.08 21:48:38.784,1.09935,1.09979,1.00,1.12
2017.10.08 21:48:38.835,1.09933,1.09979,1.00,1.12
2017.10.08 21:48:39.537,1.09934,1.09979,1.00,1.12
2017.10.08 21:48:41.105,1.09933,1.09979,1.00,1.12
2017.10.08 21:48:42.918,1.09933,1.09979,1.00,1.12
2017.10.08 21:48:43.447,1.09934,1.09979,1.00,1.12
2017.10.08 21:48:46.534,1.09936,1.09979,1.00,1.12
2017.10.08 21:48:47.079,1.09935,1.09979,1.00,1.12
2017.10.08 21:48:47.790,1.09935,1.09979,1.00,1.12
2017.10.08 21:48:51.687,1.09935,1.09979,1.00,1.12
2017.10.08 21:48:52.447,1.09935,1.09979,1.00,1.31
2017.10.08 21:48:53.006,1.09934,1.09979,1.00,1.31
2017.10.08 21:48:53.677,1.09933,1.09979,1.00,1.31
2017.10.08 21:48:55.115,1.09934,1.09979,1.00,1.31
2017.10.08 21:48:57.104,1.09933,1.09979,1.00,1.31
2017.10.08 21:48:59.105,1.09934,1.09979,1.00,1.31
2017.10.08 21:49:00.375,1.09933,1.09979,1.00,1.31
2017.10.08 21:49:00.426,1.09929,1.09979,1.00,1.31
2017.10.08 21:49:00.942,1.09929,1.09979,1.00,1.31
2017.10.08 21:49:01.413,1.09941,1.09979,1.00,1.31
2017.10.08 21:49:01.918,1.0994,1.09979,1.00,1.31
2017.10.08 21:49:03.105,1.09941,1.09979,1.00,1.31
2017.10.08 21:49:03.913,1.0994,1.09979,1.00,1.31
2017.10.08 21:49:05.104,1.09941,1.09979,1.00,1.31
2017.10.08 21:49:06.276,1.09933,1.09979,1.00,1.31
2017.10.08 21:49:06.327,1.0994,1.09979,1.00,1.31
2017.10.08 21:49:07.106,1.09939,1.09979,1.00,1.31
2017.10.08 21:49:09.105,1.0994,1.09979,1.00,1.31
2017.10.08 21:49:12.913,1.09933,1.09979,1.50,1.31
2017.10.08 21:49:12.964,1.0994,1.09979,1.00,1.31
2017.10.08 21:49:13.496,1.09939,1.09979,1.00,1.31
2017.10.08 21:49:13.844,1.0994,1.09979,1.00,1.31
2017.10.08 21:49:13.895,1.0994,1.09985,1.00,1.31
2017.10.08 21:49:13.946,1.09938,1.09985,1.00,1.31
2017.10.08 21:49:14.515,1.09938,1.09985,1.00,1.31
2017.10.08 21:49:16.105,1.09937,1.09985,1.00,1.31
2017.10.08 21:49:18.105,1.09938,1.09985,1.00,1.31
2017.10.08 21:49:18.806,1.09937,1.09985,1.00,1.31
2017.10.08 21:49:20.144,1.0993,1.09985,1.00,1.31
2017.10.08 21:49:24.141,1.09931,1.09985,1.00,1.31
2017.10.08 21:49:26.122,1.0993,1.09985,1.00,1.31
2017.10.08 21:49:30.094,1.09931,1.09985,1.00,1.31
2017.10.08 21:49:30.694,1.0993,1.09985,1.00,1.31
2017.10.08 21:49:31.286,1.09931,1.09985,1.00,1.31
2017.10.08 21:49:31.723,1.09929,1.09984,1.50,1.94
2017.10.08 21:49:31.774,1.09937,1.09984,1.00,1.94
2017.10.08 21:49:31.824,1.09935,1.09984,1.00,1.94
2017.10.08 21:49:32.344,1.09934,1.09982,1.00,1.94
2017.10.08 21:49:32.969,1.09934,1.09982,1.00,1.94
2017.10.08 21:49:33.665,1.09935,1.09981,1.00,1.94
2017.10.08 21:49:33.989,1.0994,1.09979,1.00,1.31
2017.10.08 21:49:34.534,1.0994,1.09979,1.00,1.31
2017.10.08 21:49:36.024,1.09935,1.09979,1.00,1.31
2017.10.08 21:49:36.075,1.09939,1.09979,1.00,1.31
2017.10.08 21:49:37.016,1.0994,1.09979,1.00,1.31
2017.10.08 21:49:37.626,1.09939,1.09979,1.00,1.31
2017.10.08 21:49:42.105,1.0994,1.09979,1.00,1.31
2017.10.08 21:49:43.543,1.09935,1.09979,1.00,1.31
2017.10.08 21:49:43.594,1.0994,1.09979,1.00,1.31
2017.10.08 21:49:47.164,1.09939,1.09979,1.00,1.31
2017.10.08 21:49:48.106,1.0994,1.09979,1.00,1.31
2017.10.08 21:49:49.133,1.09939,1.09979,1.00,1.31
2017.10.08 21:49:49.185,1.09932,1.09977,1.50,1.94
2017.10.08 21:49:49.236,1.09931,1.09961,1.00,1.00
2017.10.08 21:49:49.489,1.09923,1.09961,1.00,1.75
2017.10.08 21:49:49.540,1.0992,1.09958,1.00,1.12
2017.10.08 21:49:49.592,1.09918,1.09958,1.00,1.12
2017.10.08 21:49:52.876,1.09918,1.09958,1.00,1.75
2017.10.08 21:49:53.473,1.09919,1.09958,1.00,1.50
2017.10.08 21:49:54.513,1.09919,1.09958,1.00,1.12
2017.10.08 21:49:55.122,1.09918,1.09958,1.00,1.12
2017.10.08 21:49:56.104,1.09919,1.09958,1.00,1.12
2017.10.08 21:49:58.143,1.09918,1.09958,1.00,1.12
2017.10.08 21:50:00.125,1.09919,1.09958,1.00,1.50
2017.10.08 21:50:04.549,1.09932,1.09958,1.00,1.50
2017.10.08 21:50:05.358,1.09931,1.09961,1.00,1.75
2017.10.08 21:50:06.109,1.09932,1.09961,1.00,1.75
2017.10.08 21:50:06.829,1.09932,1.09961,1.00,1.75
2017.10.08 21:50:08.110,1.09931,1.09961,1.00,1.75
2017.10.08 21:50:10.120,1.09932,1.09961,1.00,1.75
2017.10.08 21:50:10.639,1.09931,1.09961,1.00,1.75
2017.10.08 21:50:12.408,1.09932,1.09961,1.00,1.75
2017.10.08 21:50:12.949,1.09932,1.09961,1.00,1.50
2017.10.08 21:50:18.990,1.09931,1.09961,1.00,1.50
2017.10.08 21:50:19.042,1.09936,1.09961,1.00,1.50
2017.10.08 21:50:19.649,1.09937,1.09961,1.00,1.50
2017.10.08 21:50:20.160,1.09936,1.0996,1.00,1.12
2017.10.08 21:50:22.110,1.09937,1.0996,1.00,1.12
2017.10.08 21:50:28.787,1.09937,1.0996,1.00,1.50
2017.10.08 21:50:28.838,1.09928,1.0996,1.00,1.12
2017.10.08 21:50:29.027,1.0993,1.09963,1.00,1.75
2017.10.08 21:50:29.792,1.0993,1.09963,1.00,1.75
2017.10.08 21:50:32.859,1.09931,1.09963,1.00,1.75
2017.10.08 21:50:34.738,1.0993,1.09963,1.00,1.75
2017.10.08 21:50:37.030,1.09931,1.09963,1.00,1.75
2017.10.08 21:50:37.081,1.09931,1.09963,1.00,1.12
2017.10.08 21:50:37.132,1.09932,1.09962,1.00,1.75
2017.10.08 21:50:37.758,1.0994,1.09964,1.00,1.75
2017.10.08 21:50:38.420,1.09939,1.09964,1.00,1.75
2017.10.08 21:50:39.629,1.0994,1.09964,1.00,1.75
2017.10.08 21:50:44.110,1.09939,1.09964,1.00,1.75
2017.10.08 21:50:45.309,1.0994,1.09964,1.00,1.75
2017.10.08 21:50:45.957,1.0994,1.09964,1.00,1.75
2017.10.08 21:50:46.675,1.0994,1.09964,1.00,1.75
2017.10.08 21:50:47.219,1.09939,1.09964,1.00,1.75
2017.10.08 21:50:48.109,1.0994,1.09964,1.00,1.75
2017.10.08 21:50:49.508,1.09938,1.09964,1.50,1.75
2017.10.08 21:50:50.109,1.09939,1.09964,1.00,1.75
2017.10.08 21:50:51.291,1.0994,1.09964,1.00,1.75
2017.10.08 21:50:52.098,1.09939,1.09964,1.00,1.75
2017.10.08 21:50:54.110,1.0994,1.09964,1.00,1.75
2017.10.08 21:50:56.110,1.09939,1.09964,1.00,1.75
2017.10.08 21:50:57.675,1.0994,1.09964,1.00,1.75
2017.10.08 21:51:01.428,1.09939,1.09964,1.00,1.75
2017.10.08 21:51:02.110,1.0994,1.09964,1.00,1.75
2017.10.08 21:51:04.110,1.09939,1.09964,1.00,1.75
2017.10.08 21:51:05.309,1.0994,1.09964,1.00,1.75
2017.10.08 21:51:10.821,1.09938,1.09964,1.00,1.75
2017.10.08 21:51:14.121,1.09939,1.09964,1.00,1.75
2017.10.08 21:51:14.349,1.09938,1.09954,1.00,1.00
2017.10.08 21:51:14.401,1.09926,1.09952,1.00,1.00
2017.10.08 21:51:14.595,1.09919,1.09951,1.00,1.00
2017.10.08 21:51:14.647,1.09917,1.09949,1.00,1.00
2017.10.08 21:51:14.979,1.09911,1.09949,1.12,1.00
2017.10.08 21:51:15.723,1.09911,1.09949,1.12,1.00
2017.10.08 21:51:18.085,1.09911,1.09948,1.37,1.00
2017.10.08 21:51:18.137,1.09905,1.09947,1.75,1.00
2017.10.08 21:51:18.188,1.09903,1.09961,1.12,1.12
2017.10.08 21:51:19.165,1.09903,1.09961,1.12,1.87
2017.10.08 21:51:19.403,1.09902,1.09957,1.75,1.12
2017.10.08 21:51:20.393,1.09902,1.09957,1.50,1.12
2017.10.08 21:51:24.025,1.09899,1.09949,1.12,1.75
2017.10.08 21:51:24.635,1.09899,1.09946,1.12,1.00
2017.10.08 21:51:27.200,1.09899,1.09946,1.12,1.00
2017.10.08 21:51:27.934,1.09899,1.09947,1.12,1.00
2017.10.08 21:51:32.785,1.09899,1.09947,1.12,1.00
2017.10.08 21:51:34.779,1.09899,1.09947,1.12,1.12
2017.10.08 21:51:34.931,1.09894,1.09949,1.12,1.75
2017.10.08 21:51:35.588,1.09891,1.09947,1.12,1.75
2017.10.08 21:51:35.965,1.09891,1.09947,1.12,1.75
2017.10.08 21:51:36.411,1.09902,1.09954,1.94,1.12
2017.10.08 21:51:36.463,1.09911,1.09958,1.19,1.75
2017.10.08 21:51:36.615,1.0991,1.09961,1.94,1.75
2017.10.08 21:51:37.369,1.09914,1.09961,1.00,1.75
2017.10.08 21:51:37.786,1.09914,1.0996,1.19,1.75
2017.10.08 21:51:39.010,1.09915,1.0996,1.31,1.50
2017.10.08 21:51:39.677,1.09916,1.09962,1.19,2.00
2017.10.08 21:51:42.300,1.09918,1.09946,1.19,1.12
2017.10.08 21:51:42.351,1.09902,1.09942,1.12,1.00
2017.10.08 21:51:42.402,1.09895,1.09944,1.94,1.00
2017.10.08 21:51:42.453,1.09917,1.09953,1.75,1.00
2017.10.08 21:51:42.764,1.09935,1.09963,1.37,1.00
2017.10.08 21:51:42.916,1.09931,1.09963,1.00,1.00
2017.10.08 21:51:43.017,1.09931,1.09965,1.00,1.00
2017.10.08 21:51:43.118,1.09926,1.09961,1.94,1.00
2017.10.08 21:51:43.423,1.09931,1.09961,1.19,1.00
2017.10.08 21:51:43.474,1.09928,1.0996,1.19,1.00
2017.10.08 21:51:43.971,1.09925,1.0996,1.00,1.50
2017.10.08 21:51:44.770,1.09922,1.0996,1.94,1.00
2017.10.08 21:51:45.277,1.09923,1.0996,1.31,1.00
2017.10.08 21:51:46.069,1.09922,1.09959,1.19,1.00
2017.10.08 21:51:48.506,1.09923,1.09959,1.19,1.00
2017.10.08 21:51:49.442,1.09923,1.0996,1.94,1.00
2017.10.08 21:51:49.944,1.09923,1.0996,1.75,1.00
2017.10.08 21:51:53.634,1.09926,1.0996,1.00,1.00
2017.10.08 21:51:56.828,1.0992,1.09968,1.00,2.06
2017.10.08 21:51:56.929,1.09923,1.09967,1.00,1.75
2017.10.08 21:51:56.981,1.09922,1.09969,1.00,2.25
2017.10.08 21:51:57.183,1.09923,1.09969,1.00,1.75
2017.10.08 21:51:57.974,1.09923,1.09969,1.00,1.75
2017.10.08 21:51:59.910,1.09924,1.09969,1.00,1.75
2017.10.08 21:52:00.422,1.09923,1.09969,1.00,1.75
2017.10.08 21:52:02.235,1.09923,1.09969,1.00,1.75
2017.10.08 21:52:02.285,1.09923,1.09966,1.00,1.12
2017.10.08 21:52:02.336,1.09923,1.09966,1.00,1.12
2017.10.08 21:52:02.387,1.09924,1.09966,1.00,1.12
2017.10.08 21:52:05.318,1.09923,1.09966,1.00,1.12
2017.10.08 21:52:06.403,1.09922,1.09966,1.00,1.12
2017.10.08 21:52:06.454,1.09924,1.09966,1.00,1.12
2017.10.08 21:52:07.182,1.09924,1.09966,1.00,1.12
2017.10.08 21:52:08.914,1.09924,1.0997,1.00,1.12
2017.10.08 21:52:08.966,1.09947,1.09976,1.00,1.75
2017.10.08 21:52:09.017,1.09947,1.09976,1.00,1.37
2017.10.08 21:52:09.120,1.09947,1.09984,1.00,1.37
2017.10.08 21:52:09.171,1.09948,1.09984,1.00,1.12
2017.10.08 21:52:09.272,1.09948,1.09984,1.00,1.12
2017.10.08 21:52:09.424,1.0994,1.09984,1.00,1.12
2017.10.08 21:52:10.029,1.0994,1.09984,1.00,1.12
2017.10.08 21:52:10.516,1.09944,1.09984,1.00,1.12
2017.10.08 21:52:11.869,1.09944,1.09984,1.00,1.12
2017.10.08 21:52:12.497,1.09944,1.09984,1.00,1.12
2017.10.08 21:52:13.025,1.09944,1.09973,1.00,1.87
2017.10.08 21:52:13.076,1.09936,1.09973,1.00,1.75
2017.10.08 21:52:13.127,1.09932,1.09973,1.00,1.75
2017.10.08 21:52:13.178,1.09932,1.09973,1.00,1.75
2017.10.08 21:52:13.229,1.09932,1.09973,1.00,1.50
2017.10.08 21:52:13.384,1.09932,1.09973,1.00,1.75
2017.10.08 21:52:14.010,1.09932,1.09973,1.00,1.75
2017.10.08 21:52:14.115,1.09931,1.09973,1.00,2.00
2017.10.08 21:52:14.166,1.09933,1.09973,1.00,2.00
2017.10.08 21:52:16.177,1.09934,1.09972,1.00,1.12
2017.10.08 21:52:16.279,1.09935,1.09973,1.00,1.75
2017.10.08 21:52:16.330,1.09937,1.09973,1.00,1.50
2017.10.08 21:52:16.790,1.09938,1.09972,1.00,1.12
2017.10.08 21:52:17.313,1.0994,1.09973,1.00,1.00
2017.10.08 21:52:17.817,1.09941,1.09973,1.00,1.00
2017.10.08 21:52:18.171,1.09939,1.09973,1.00,1.00
2017.10.08 21:52:18.272,1.09934,1.09973,1.00,1.00
2017.10.08 21:52:18.323,1.09936,1.09973,1.00,1.00
2017.10.08 21:52:18.538,1.09935,1.09978,1.50,1.00
2017.10.08 21:52:18.589,1.0995,1.09979,1.00,1.00
2017.10.08 21:52:18.968,1.09948,1.09979,1.50,1.00
2017.10.08 21:52:19.019,1.09941,1.09979,1.75,1.00
2017.10.08 21:52:19.480,1.0994,1.09976,1.00,1.00
2017.10.08 21:52:20.510,1.09939,1.09976,1.00,1.00
2017.10.08 21:52:21.068,1.09937,1.09976,1.37,1.00
2017.10.08 21:52:23.161,1.09938,1.0999,1.75,1.94
2017.10.08 21:52:23.212,1.09938,1.09989,1.75,2.00
2017.10.08 21:52:23.263,1.09948,1.09989,1.00,1.75
2017.10.08 21:52:23.313,1.09946,1.09989,1.00,1.75
2017.10.08 21:52:23.364,1.09947,1.09989,1.00,1.75
2017.10.08 21:52:24.521,1.0997,1.09989,1.00,1.75
2017.10.08 21:52:24.572,1.09975,1.0999,1.00,1.00
2017.10.08 21:52:24.624,1.09965,1.1,1.00,1.12
2017.10.08 21:52:24.675,1.09968,1.10002,1.00,1.75
2017.10.08 21:52:24.725,1.09966,1.10002,1.00,1.75
2017.10.08 21:52:29.559,1.09964,1.10002,1.00,1.75
2017.10.08 21:52:29.829,1.09951,1.09999,1.00,1.12
2017.10.08 21:52:29.880,1.0995,1.09994,1.00,1.12
2017.10.08 21:52:30.322,1.0995,1.09994,1.00,1.12
2017.10.08 21:52:30.535,1.0995,1.09994,1.00,1.12
2017.10.08 21:52:32.076,1.0995,1.09994,1.00,1.12
2017.10.08 21:52:32.179,1.09938,1.09979,1.00,1.00
2017.10.08 21:52:32.231,1.09936,1.09979,2.25,1.00
2017.10.08 21:52:32.332,1.0994,1.09979,1.00,1.50
2017.10.08 21:52:32.433,1.09935,1.09979,1.50,1.12
2017.10.08 21:52:33.125,1.09935,1.09979,1.50,1.37
2017.10.08 21:52:33.276,1.09936,1.09979,1.12,1.00
2017.10.08 21:52:33.378,1.09936,1.09985,1.00,2.00
2017.10.08 21:52:33.480,1.09945,1.09986,1.00,1.75
2017.10.08 21:52:33.531,1.09946,1.09986,1.00,1.00
2017.10.08 21:52:33.582,1.09946,1.09986,1.00,1.75
2017.10.08 21:52:33.633,1.09946,1.09986,1.00,1.00
2017.10.08 21:52:33.684,1.09946,1.09986,1.00,1.75
2017.10.08 21:52:33.735,1.09951,1.09986,1.00,1.00
2017.10.08 21:52:34.260,1.0995,1.09986,1.00,1.00
2017.10.08 21:52:34.942,1.09951,1.09986,1.00,1.00
2017.10.08 21:52:36.364,1.0995,1.09986,1.00,1.00
2017.10.08 21:52:36.516,1.09944,1.09986,3.00,1.00
2017.10.08 21:52:36.618,1.09947,1.09986,1.00,1.00
2017.10.08 21:52:37.254,1.09946,1.09986,1.50,1.00
2017.10.08 21:52:38.096,1.09947,1.09986,1.00,1.00
2017.10.08 21:52:38.956,1.09947,1.09994,1.00,1.75
2017.10.08 21:52:39.007,1.09952,1.09993,1.00,1.75
2017.10.08 21:52:39.059,1.09954,1.1,1.00,1.00
2017.10.08 21:52:39.110,1.09957,1.10003,1.00,1.00
2017.10.08 21:52:39.414,1.09959,1.10003,1.00,1.87
2017.10.08 21:52:39.919,1.09959,1.10003,1.00,1.87
2017.10.08 21:52:40.020,1.09961,1.10008,1.00,1.29
2017.10.08 21:52:40.071,1.09963,1.10008,1.00,1.12
2017.10.08 21:52:40.122,1.09964,1.10008,1.00,1.12
2017.10.08 21:52:40.173,1.0997,1.10014,1.00,1.12
2017.10.08 21:52:40.325,1.09971,1.10014,1.00,1.12
2017.10.08 21:52:40.884,1.09972,1.10014,1.00,1.12
2017.10.08 21:52:41.486,1.09972,1.10014,1.00,1.12
2017.10.08 21:52:41.598,1.09973,1.10014,1.00,1.12
2017.10.08 21:52:41.649,1.09973,1.10014,1.00,1.12
2017.10.08 21:52:41.801,1.09973,1.10014,1.00,1.12
2017.10.08 21:52:41.902,1.09973,1.10014,1.00,1.12
2017.10.08 21:52:42.054,1.09972,1.10014,1.00,1.12
2017.10.08 21:52:42.155,1.09972,1.10014,1.00,1.12
2017.10.08 21:52:42.866,1.09973,1.10014,1.00,1.12
2017.10.08 21:52:44.597,1.09971,1.10014,1.00,1.12
2017.10.08 21:52:44.897,1.09969,1.10014,1.00,1.12
2017.10.08 21:52:44.948,1.09969,1.10014,1.00,1.87
2017.10.08 21:52:45.152,1.09964,1.1001,1.00,1.12
2017.10.08 21:52:45.202,1.09964,1.1001,1.00,1.12
2017.10.08 21:52:46.201,1.09963,1.1001,1.00,1.12
2017.10.08 21:52:46.826,1.09962,1.1001,1.00,1.12
2017.10.08 21:52:47.049,1.09962,1.1001,1.00,1.12
2017.10.08 21:52:47.485,1.09962,1.10002,1.00,1.12
2017.10.08 21:52:47.815,1.09962,1.10002,1.00,1.12
2017.10.08 21:52:49.399,1.09962,1.10007,1.00,1.12
2017.10.08 21:52:49.500,1.09961,1.10011,1.00,1.75
2017.10.08 21:52:49.602,1.09962,1.10007,1.00,1.12
2017.10.08 21:52:49.753,1.09961,1.10006,1.00,1.12
2017.10.08 21:52:49.804,1.09961,1.10006,1.00,1.12
2017.10.08 21:52:49.905,1.09961,1.10006,1.00,1.12
2017.10.08 21:52:49.956,1.0996,1.10006,1.00,1.12
2017.10.08 21:52:50.349,1.0996,1.10003,1.00,1.12
2017.10.08 21:52:50.400,1.0996,1.10006,1.00,1.12
2017.10.08 21:52:50.451,1.09961,1.10004,1.00,1.12
2017.10.08 21:52:50.502,1.09961,1.10003,1.00,1.12
2017.10.08 21:52:50.604,1.09961,1.10009,1.00,1.12
2017.10.08 21:52:50.705,1.09961,1.10001,1.00,1.12
2017.10.08 21:52:50.960,1.0996,1.10008,1.00,1.12
2017.10.08 21:52:51.011,1.0996,1.10007,1.00,1.12
2017.10.08 21:52:51.163,1.0996,1.10013,1.00,1.87
2017.10.08 21:52:51.496,1.0996,1.10005,1.00,1.12
2017.10.08 21:52:51.597,1.09961,1.10001,1.00,1.00
2017.10.08 21:52:51.698,1.0996,1.10006,1.00,1.12
2017.10.08 21:52:51.749,1.09961,1.10006,1.00,1.12
2017.10.08 21:52:51.800,1.09959,1.10008,1.00,1.12
2017.10.08 21:52:51.901,1.0996,1.10007,1.00,1.12
2017.10.08 21:52:51.964,1.0996,1.10007,1.00,1.12
2017.10.08 21:52:52.274,1.0997,1.1001,1.00,1.12
2017.10.08 21:52:52.325,1.09972,1.10014,1.00,1.12
2017.10.08 21:52:52.376,1.09975,1.10014,1.00,1.12
2017.10.08 21:52:52.477,1.09977,1.10014,1.00,1.12
2017.10.08 21:52:52.639,1.09977,1.10019,1.00,1.75
2017.10.08 21:52:52.690,1.09978,1.10016,1.00,1.12
2017.10.08 21:53:07.050,1.09978,1.10016,1.00,1.12
2017.10.08 21:53:07.101,1.09978,1.10019,1.00,1.50
2017.10.08 21:53:07.151,1.09978,1.10018,1.00,1.12
2017.10.08 21:53:07.253,1.09978,1.10019,1.00,1.87
2017.10.08 21:53:13.374,1.09979,1.10019,1.00,1.87
2017.10.08 21:53:13.475,1.09978,1.10019,1.00,1.87
2017.10.08 21:53:13.526,1.0998,1.10019,1.00,1.87
2017.10.08 21:53:18.111,1.0998,1.10023,1.00,1.12
2017.10.08 21:53:18.163,1.09983,1.10023,1.00,1.12
2017.10.08 21:53:18.520,1.09985,1.10023,1.00,1.12
2017.10.08 21:53:18.921,1.09985,1.10024,1.00,1.75
2017.10.08 21:53:19.592,1.09984,1.10024,1.00,1.75
2017.10.08 21:53:19.643,1.09985,1.10024,1.00,1.75
2017.10.08 21:53:20.149,1.0999,1.10024,1.00,1.75
2017.10.08 21:53:20.200,1.0999,1.10024,1.50,1.75
2017.10.08 21:53:20.349,1.09991,1.10024,1.00,1.75
2017.10.08 21:53:21.954,1.09991,1.10024,1.00,1.75
2017.10.08 21:53:22.505,1.0999,1.10023,1.50,1.12
2017.10.08 21:53:24.109,1.09991,1.10023,1.00,1.12
2017.10.08 21:53:24.160,1.09991,1.10024,1.00,1.75
2017.10.08 21:53:24.844,1.09991,1.10024,1.00,1.75
2017.10.08 21:53:26.109,1.0999,1.10024,1.00,1.75
2017.10.08 21:53:26.495,1.09991,1.10024,1.00,1.00
2017.10.08 21:53:26.648,1.0999,1.10024,1.50,1.75
2017.10.08 21:53:27.435,1.09991,1.10024,1.00,1.50
2017.10.08 21:53:28.806,1.09991,1.10024,1.00,1.00
2017.10.08 21:53:29.110,1.09991,1.10024,1.00,2.00
2017.10.08 21:53:32.134,1.09992,1.10024,1.00,2.00
2017.10.08 21:53:32.719,1.09994,1.10024,1.00,2.00
2017.10.08 21:53:33.909,1.09994,1.10021,1.00,1.12
2017.10.08 21:53:34.417,1.09994,1.10024,1.00,2.00
2017.10.08 21:53:34.949,1.09994,1.10024,1.00,1.75
2017.10.08 21:53:37.014,1.09994,1.10024,1.00,2.00
2017.10.08 21:53:40.962,1.09993,1.10024,1.00,2.00
2017.10.08 21:53:41.160,1.09993,1.10024,1.00,2.00
2017.10.08 21:53:45.159,1.09993,1.10024,1.00,1.75
2017.10.08 21:53:50.474,1.09993,1.10024,1.00,2.00
2017.10.08 21:53:50.912,1.09999,1.10024,1.00,2.00
2017.10.08 21:53:57.003,1.09999,1.10024,1.00,1.75
2017.10.08 21:54:00.962,1.10001,1.10024,1.00,2.00
2017.10.08 21:54:08.840,1.10001,1.10024,1.00,1.75
2017.10.08 21:54:11.131,1.10001,1.10024,1.00,1.25
2017.10.08 21:54:18.533,1.10002,1.10024,1.00,1.25
2017.10.08 21:54:31.390,1.10003,1.10024,1.00,1.31
2017.10.08 21:54:35.572,1.10003,1.10024,1.00,1.19
2017.10.08 21:54:51.539,1.10003,1.10025,1.00,1.19
2017.10.08 21:54:55.160,1.10003,1.10025,1.00,1.19
2017.10.08 21:54:59.056,1.10004,1.10025,1.00,1.19
2017.10.08 21:55:02.522,1.10004,1.10025,1.00,1.19
2017.10.08 21:55:04.690,1.10004,1.10025,1.00,1.94
2017.10.08 21:55:05.352,1.10004,1.10025,1.00,1.94
2017.10.08 21:55:11.030,1.10005,1.10025,1.00,1.94
2017.10.08 21:55:13.423,1.10005,1.10025,1.00,1.19
2017.10.08 21:55:13.524,1.10012,1.10045,1.00,1.19
2017.10.08 21:55:13.575,1.10017,1.10046,1.00,1.31
2017.10.08 21:55:13.626,1.10024,1.10055,1.00,1.31
2017.10.08 21:55:13.730,1.10023,1.10055,1.00,1.31
2017.10.08 21:55:13.842,1.10026,1.10055,1.00,1.31
2017.10.08 21:55:13.943,1.1003,1.10064,1.00,1.31
2017.10.08 21:55:13.994,1.10036,1.10064,1.00,1.31
2017.10.08 21:55:14.502,1.10033,1.10051,1.00,1.37
2017.10.08 21:55:14.603,1.10032,1.10051,1.00,1.00
2017.10.08 21:55:14.654,1.10036,1.1006,1.00,1.00
2017.10.08 21:55:14.858,1.10038,1.1006,1.00,1.00
2017.10.08 21:55:15.069,1.10039,1.10066,1.00,1.00
2017.10.08 21:55:15.120,1.10034,1.10056,1.00,1.12
2017.10.08 21:55:15.322,1.10034,1.10056,1.00,1.12
2017.10.08 21:55:15.373,1.10022,1.10064,1.00,1.87
2017.10.08 21:55:15.424,1.10048,1.10068,1.00,1.75
2017.10.08 21:55:15.475,1.10051,1.10069,1.00,1.12
2017.10.08 21:55:16.019,1.10054,1.10069,1.00,1.12
2017.10.08 21:55:16.887,1.10053,1.10069,1.00,1.12
2017.10.08 21:55:19.237,1.10053,1.10069,1.00,1.12
2017.10.08 21:55:20.347,1.10054,1.10069,1.00,1.12
2017.10.08 21:55:21.092,1.10054,1.10069,1.00,1.12
2017.10.08 21:55:27.531,1.10054,1.10069,1.00,1.12
2017.10.08 21:55:29.518,1.10054,1.10069,1.00,1.12
2017.10.08 21:55:29.903,1.10051,1.10069,1.00,1.12
2017.10.08 21:55:29.954,1.10054,1.10069,1.00,1.12
2017.10.08 21:55:33.347,1.10047,1.10069,1.00,1.12
2017.10.08 21:55:37.626,1.10035,1.10069,1.50,1.12
2017.10.08 21:55:37.727,1.10018,1.10069,2.25,1.12
2017.10.08 21:55:37.778,1.10014,1.10069,1.12,1.12
2017.10.08 21:55:37.829,1.10014,1.10063,1.00,1.12
2017.10.08 21:55:37.880,1.10012,1.10063,1.00,1.12
2017.10.08 21:55:37.987,1.10012,1.1006,1.00,1.12
2017.10.08 21:55:38.389,1.10013,1.1006,1.00,1.12
2017.10.08 21:55:39.688,1.10013,1.1006,1.00,1.12
2017.10.08 21:55:40.147,1.1001,1.1006,1.00,1.12
2017.10.08 21:55:44.030,1.10009,1.1006,1.00,1.12
2017.10.08 21:55:47.083,1.10007,1.1006,1.00,1.12
2017.10.08 21:55:47.184,1.10005,1.1006,1.00,1.12
2017.10.08 21:55:47.809,1.10003,1.10056,1.50,1.12
2017.10.08 21:55:47.859,1.10003,1.10056,1.50,1.12
2017.10.08 21:55:50.057,1.10003,1.10056,1.50,1.12
2017.10.08 21:55:50.159,1.10003,1.10056,1.50,1.12
2017.10.08 21:55:50.311,1.10002,1.10056,1.50,1.12
2017.10.08 21:55:50.362,1.10005,1.10056,1.50,1.12
2017.10.08 21:55:50.795,1.1002,1.10056,1.00,1.12
2017.10.08 21:55:50.897,1.1003,1.10069,1.00,1.12
2017.10.08 21:55:50.948,1.10038,1.10078,1.00,1.37
2017.10.08 21:55:50.999,1.10045,1.10084,1.00,1.12
2017.10.08 21:55:51.302,1.10067,1.1008,1.00,1.75
2017.10.08 21:55:51.857,1.10066,1.1008,1.00,1.12
2017.10.08 21:55:53.272,1.10066,1.1008,1.00,1.75
2017.10.08 21:55:53.323,1.10065,1.10078,1.00,1.00
2017.10.08 21:55:53.880,1.10065,1.10078,1.00,1.00
2017.10.08 21:55:56.127,1.10065,1.1008,1.00,1.75
2017.10.08 21:56:06.342,1.10052,1.1008,1.00,1.75
2017.10.08 21:56:06.494,1.10049,1.10078,1.00,1.00
2017.10.08 21:56:06.545,1.10044,1.1008,1.00,1.75
2017.10.08 21:56:06.697,1.10042,1.10079,1.00,1.37
2017.10.08 21:56:07.895,1.10043,1.10079,1.00,1.37
2017.10.08 21:56:07.996,1.10047,1.10079,1.00,1.75
2017.10.08 21:56:08.048,1.10039,1.10079,1.00,1.75
2017.10.08 21:56:08.149,1.10037,1.10079,1.50,1.75
2017.10.08 21:56:08.373,1.10046,1.10079,1.00,1.75
2017.10.08 21:56:08.626,1.10035,1.10076,1.00,1.37
2017.10.08 21:56:08.777,1.10047,1.10075,1.00,1.00
2017.10.08 21:56:09.018,1.10041,1.10075,1.00,1.00
2017.10.08 21:56:09.069,1.10044,1.10075,2.25,1.00
2017.10.08 21:56:09.426,1.10041,1.10075,1.00,1.00
2017.10.08 21:56:10.698,1.10041,1.10076,1.00,1.37
2017.10.08 21:56:10.748,1.1005,1.10077,1.00,1.75
2017.10.08 21:56:10.800,1.10045,1.10075,1.00,1.00
2017.10.08 21:56:10.902,1.10043,1.10077,1.00,1.75
2017.10.08 21:56:10.953,1.10045,1.10077,1.00,1.75
2017.10.08 21:56:17.319,1.10034,1.10077,1.00,1.75
2017.10.08 21:56:17.420,1.10024,1.10068,1.00,1.75
2017.10.08 21:56:17.471,1.10043,1.10067,1.00,1.37
2017.10.08 21:56:17.522,1.10041,1.10073,1.00,1.75
2017.10.08 21:56:17.573,1.10032,1.10076,1.00,1.37
2017.10.08 21:56:17.624,1.10042,1.10074,1.00,1.12
2017.10.08 21:56:17.674,1.10036,1.10068,1.00,1.12
2017.10.08 21:56:17.725,1.10042,1.10061,1.00,1.12
2017.10.08 21:56:17.776,1.10035,1.10061,1.00,1.37
2017.10.08 21:56:17.827,1.10035,1.1006,1.00,1.75
2017.10.08 21:56:17.878,1.1003,1.1006,1.00,1.75
2017.10.08 21:56:17.929,1.10031,1.10054,1.00,1.75
2017.10.08 21:56:18.342,1.10033,1.10054,1.00,1.75
2017.10.08 21:56:18.960,1.10032,1.10053,1.00,1.37
2017.10.08 21:56:19.213,1.10021,1.10046,1.00,1.75
2017.10.08 21:56:20.268,1.10021,1.10045,1.00,1.75
2017.10.08 21:56:20.982,1.1002,1.10045,1.00,1.75
2017.10.08 21:56:21.693,1.10015,1.10031,1.00,1.37
2017.10.08 21:56:21.997,1.10007,1.10024,1.00,1.12
2017.10.08 21:56:25.322,1.10006,1.10024,1.00,1.12
2017.10.08 21:56:25.374,1.10007,1.10024,1.00,1.12
2017.10.08 21:56:25.936,1.10007,1.10024,1.00,1.12
2017.10.08 21:56:26.597,1.1001,1.10029,1.00,1.12
2017.10.08 21:56:28.047,1.10004,1.10029,1.00,1.12
2017.10.08 21:56:28.098,1.09999,1.10029,1.00,1.12
2017.10.08 21:56:28.149,1.10001,1.10029,1.00,1.12
2017.10.08 21:56:28.910,1.10002,1.10029,1.00,1.12
2017.10.08 21:56:29.598,1.10002,1.10029,1.00,1.12
2017.10.08 21:56:32.921,1.10008,1.10029,1.00,1.12
2017.10.08 21:56:33.531,1.1001,1.10029,1.00,1.12
2017.10.08 21:56:34.904,1.10011,1.10024,1.00,1.12
2017.10.08 21:56:37.272,1.10011,1.10024,1.00,1.12
2017.10.08 21:56:49.975,1.10011,1.10024,1.00,1.12
2017.10.08 21:56:50.278,1.10012,1.10029,1.00,1.12
2017.10.08 21:57:08.280,1.10015,1.10035,1.00,1.12
2017.10.08 21:57:10.261,1.10015,1.10035,1.00,1.12
2017.10.08 21:57:10.870,1.10015,1.10035,1.00,1.12
2017.10.08 21:57:12.024,1.10015,1.10035,1.00,1.12
2017.10.08 21:57:16.760,1.10015,1.10035,1.00,1.12
2017.10.08 21:57:17.425,1.10015,1.10035,1.00,1.12
2017.10.08 21:57:18.513,1.1002,1.10039,1.00,1.12
2017.10.08 21:57:18.665,1.10021,1.10039,1.00,1.12
2017.10.08 21:57:18.919,1.10021,1.10043,1.00,1.12
2017.10.08 21:57:19.071,1.10019,1.10043,1.00,1.12
2017.10.08 21:57:19.308,1.10019,1.10043,1.00,1.12
2017.10.08 21:57:19.511,1.10017,1.10045,1.00,1.75
2017.10.08 21:57:19.641,1.10017,1.10045,1.00,1.75
2017.10.08 21:57:23.275,1.10017,1.10043,1.00,1.12
2017.10.08 21:57:23.326,1.10014,1.10043,1.00,1.87
2017.10.08 21:57:23.725,1.10014,1.10043,1.00,1.12
2017.10.08 21:57:24.665,1.10014,1.10043,1.00,1.12
2017.10.08 21:57:32.617,1.10014,1.10043,1.00,1.87
2017.10.08 21:57:37.047,1.10019,1.10043,1.00,1.87
2017.10.08 21:57:41.623,1.10019,1.10043,1.00,2.06
2017.10.08 21:57:51.138,1.10019,1.10042,1.00,1.75
2017.10.08 21:57:52.060,1.10019,1.10042,1.00,1.75
2017.10.08 21:57:52.269,1.10018,1.10042,1.00,1.75
2017.10.08 21:57:52.320,1.10022,1.10046,1.00,2.06
2017.10.08 21:57:52.371,1.10022,1.10046,1.00,1.12
2017.10.08 21:57:52.422,1.10022,1.10049,1.00,2.25
2017.10.08 21:57:52.783,1.1002,1.10049,1.00,1.75
2017.10.08 21:57:52.834,1.1002,1.10052,1.00,1.94
2017.10.08 21:57:52.886,1.10026,1.10054,1.00,1.31
2017.10.08 21:57:53.787,1.10032,1.10058,1.00,1.12
2017.10.08 21:57:53.839,1.10034,1.1006,1.00,1.75
2017.10.08 21:57:53.941,1.10037,1.10062,1.00,1.87
2017.10.08 21:57:55.566,1.10038,1.10062,1.00,1.87
2017.10.08 21:57:56.092,1.10037,1.10062,1.00,1.87
2017.10.08 21:58:06.148,1.10031,1.10066,1.00,2.62
2017.10.08 21:58:06.199,1.10029,1.10069,1.00,1.12
2017.10.08 21:58:06.351,1.10033,1.10073,1.00,2.06
2017.10.08 21:58:06.504,1.1003,1.10073,1.00,1.12
2017.10.08 21:58:07.036,1.1003,1.10073,1.00,1.31
2017.10.08 21:58:07.518,1.10032,1.10073,1.00,1.31
2017.10.08 21:58:07.667,1.10032,1.10073,1.00,1.12
2017.10.08 21:58:08.408,1.10032,1.10073,1.00,1.87
2017.10.08 21:58:08.510,1.10031,1.10073,1.00,1.87
2017.10.08 21:58:08.689,1.10029,1.10073,1.00,1.31
2017.10.08 21:58:08.864,1.10031,1.10073,1.00,2.06
2017.10.08 21:58:08.915,1.10028,1.10073,1.00,2.06
2017.10.08 21:58:10.255,1.10029,1.10073,1.00,1.31
2017.10.08 21:58:18.217,1.10028,1.10073,1.00,2.06
2017.10.08 21:58:18.918,1.10028,1.10073,1.00,2.06
2017.10.08 21:58:21.425,1.10028,1.10073,1.00,2.06
2017.10.08 21:58:24.780,1.10028,1.10073,1.00,1.87
2017.10.08 21:58:28.792,1.10028,1.10073,1.00,1.12
2017.10.08 21:58:29.247,1.10031,1.10073,1.00,1.31
2017.10.08 21:58:30.350,1.10031,1.10073,1.00,1.87
2017.10.08 21:58:30.802,1.10031,1.10073,1.00,2.06
2017.10.08 21:58:31.348,1.10031,1.10074,1.00,2.00
2017.10.08 21:58:31.399,1.10033,1.10074,1.00,1.94
2017.10.08 21:58:32.122,1.10032,1.10074,1.00,1.94
2017.10.08 21:58:32.657,1.10032,1.10074,1.00,1.94
2017.10.08 21:58:33.207,1.10032,1.10074,1.00,1.94
2017.10.08 21:58:33.910,1.10032,1.10074,1.00,2.19
2017.10.08 21:58:35.052,1.10032,1.10074,1.00,1.94
2017.10.08 21:58:39.642,1.10031,1.10074,1.00,2.19
2017.10.08 21:58:40.373,1.1003,1.10074,1.00,2.19
2017.10.08 21:58:41.017,1.1003,1.10074,1.00,2.19
2017.10.08 21:58:44.646,1.10034,1.10074,1.00,1.75
2017.10.08 21:58:44.848,1.10037,1.10074,1.00,1.12
2017.10.08 21:58:44.899,1.10037,1.10074,1.00,1.75
2017.10.08 21:58:45.001,1.10037,1.10074,1.00,1.75
2017.10.08 21:58:45.102,1.10035,1.10074,1.00,1.75
2017.10.08 21:58:45.652,1.10036,1.10074,1.00,1.75
2017.10.08 21:58:46.235,1.10036,1.10074,1.00,1.75
2017.10.08 21:58:47.087,1.10036,1.10074,1.00,1.75
2017.10.08 21:58:47.660,1.10037,1.10074,1.00,1.00
2017.10.08 21:58:48.297,1.10038,1.10074,1.00,1.00
2017.10.08 21:59:00.139,1.1004,1.10074,1.00,1.00
2017.10.08 21:59:06.158,1.1004,1.10075,0.75,0.37
2017.10.08 21:59:11.304,1.1004,1.10074,0.75,0.75
2017.10.08 21:59:15.830,1.10039,1.10074,0.75,0.75
2017.10.08 21:59:28.797,1.10037,1.10074,0.75,1.12
2017.10.08 21:59:34.431,1.10037,1.10073,0.75,0.37
2017.10.08 21:59:56.234,1.10035,1.10073,0.75,1.12
