2014.05.13 19:00:00.241,1.08346,1.08368,1.00,1.00
2014.05.13 19:00:00.343,1.08341,1.08367,1.50,1.50
2014.05.13 19:00:00.393,1.08344,1.08367,1.00,1.00
2014.05.13 19:00:00.697,1.08345,1.0837,1.19,1.08
2014.05.13 19:00:01.042,1.08351,1.08372,1.00,1.65
2014.05.13 19:00:01.551,1.08347,1.08372,1.19,1.65
2014.05.13 19:00:02.095,1.08347,1.0837,1.19,1.50
2014.05.13 19:00:02.508,1.08346,1.0837,1.00,1.50
2014.05.13 19:00:05.304,1.08346,1.08366,1.00,1.00
2014.05.13 19:00:05.884,1.08351,1.08366,1.00,1.00
2014.05.13 19:00:05.935,1.08351,1.08369,1.00,1.00
2014.05.13 19:00:07.290,1.08351,1.08369,1.00,1.19
2014.05.13 19:00:07.341,1.08347,1.08369,1.00,1.19
2014.05.13 19:00:10.102,1.08347,1.08369,1.00,1.25
2014.05.13 19:00:21.048,1.08349,1.08369,1.00,1.00
2014.05.13 19:00:21.149,1.08347,1.08369,1.00,1.00
2014.05.13 19:00:48.932,1.08347,1.08369,1.19,1.00
2014.05.13 19:00:54.090,1.08347,1.08369,1.25,1.00
2014.05.13 19:00:58.763,1.08347,1.08369,1.19,1.00
2014.05.13 19:01:00.169,1.08347,1.08369,1.00,1.00
2014.05.13 19:01:00.744,1.08347,1.08369,1.00,1.08
2014.05.13 19:01:00.846,1.08347,1.08366,1.00,1.00
2014.05.13 19:01:07.516,1.08344,1.08366,1.00,1.00
2014.05.13 19:01:07.769,1.08344,1.08368,1.69,1.00
2014.05.13 19:01:10.045,1.08344,1.08368,1.19,1.00
2014.05.13 19:01:20.100,1.08344,1.08368,1.32,1.00
2014.05.13 19:01:23.903,1.08344,1.08368,1.32,1.00
2014.05.13 19:01:26.743,1.08344,1.08368,1.32,1.50
2014.05.13 19:01:27.075,1.08342,1.08366,1.39,1.00
2014.05.13 19:01:28.005,1.08342,1.08366,1.39,1.00
2014.05.13 19:01:29.804,1.08342,1.08366,1.19,1.00
2014.05.13 19:01:36.121,1.08342,1.08366,1.19,1.00
2014.05.13 19:01:36.224,1.0834,1.08364,1.74,1.25
2014.05.13 19:01:36.478,1.08341,1.08362,1.02,1.00
2014.05.13 19:01:37.485,1.08341,1.08359,1.00,1.00
2014.05.13 19:01:37.637,1.08336,1.08359,2.07,1.00
2014.05.13 19:01:37.739,1.08338,1.08362,1.13,1.00
2014.05.13 19:01:38.277,1.08338,1.08362,1.57,1.00
2014.05.13 19:01:38.822,1.08337,1.0836,2.07,1.00
2014.05.13 19:01:38.924,1.08337,1.08363,2.82,1.50
2014.05.13 19:01:42.029,1.08337,1.08362,2.07,1.00
2014.05.13 19:01:42.080,1.08337,1.08362,1.57,1.00
2014.05.13 19:01:42.589,1.08336,1.08361,2.07,1.00
2014.05.13 19:01:43.095,1.08336,1.08361,2.07,1.00
2014.05.13 19:02:00.514,1.08336,1.08361,1.57,1.00
2014.05.13 19:02:01.043,1.08336,1.08361,1.57,1.00
2014.05.13 19:02:01.953,1.08336,1.08361,1.57,1.00
2014.05.13 19:02:03.386,1.08336,1.08361,1.57,1.00
2014.05.13 19:02:03.931,1.08336,1.08361,1.57,1.00
2014.05.13 19:02:04.197,1.08339,1.08363,1.00,1.00
2014.05.13 19:02:05.130,1.08339,1.08363,1.69,1.00
2014.05.13 19:02:08.871,1.08339,1.08363,1.19,1.00
2014.05.13 19:02:09.863,1.08339,1.08363,2.07,1.00
2014.05.13 19:02:12.152,1.08341,1.08363,1.19,1.00
2014.05.13 19:02:13.279,1.08339,1.08363,2.07,1.00
2014.05.13 19:02:13.619,1.08339,1.08361,1.32,1.00
2014.05.13 19:02:14.761,1.08339,1.08361,1.32,1.00
2014.05.13 19:02:16.366,1.08339,1.08361,1.69,1.00
2014.05.13 19:02:18.888,1.08339,1.08361,1.32,1.00
2014.05.13 19:02:19.906,1.08339,1.08361,1.69,1.00
2014.05.13 19:02:23.022,1.08339,1.08362,1.32,1.20
2014.05.13 19:02:23.124,1.08337,1.0836,1.57,1.00
2014.05.13 19:02:23.227,1.08337,1.0836,1.19,1.00
2014.05.13 19:02:23.530,1.08337,1.08362,1.19,1.20
2014.05.13 19:02:23.787,1.08337,1.08362,1.19,1.20
2014.05.13 19:02:29.144,1.08337,1.0836,1.19,1.00
2014.05.13 19:02:29.397,1.08337,1.08355,1.00,1.00
2014.05.13 19:02:29.549,1.08332,1.08355,2.07,1.00
2014.05.13 19:02:29.651,1.08336,1.08355,1.00,1.00
2014.05.13 19:02:29.752,1.08336,1.08359,1.00,1.00
2014.05.13 19:02:29.954,1.08337,1.08361,1.25,1.58
2014.05.13 19:02:31.157,1.08337,1.08361,1.19,1.58
2014.05.13 19:02:32.476,1.08337,1.0836,1.19,1.00
2014.05.13 19:02:32.628,1.08337,1.08358,1.25,1.00
2014.05.13 19:02:33.146,1.08337,1.0836,1.19,1.00
2014.05.13 19:02:33.649,1.08336,1.08358,1.19,1.00
2014.05.13 19:02:33.851,1.08335,1.08358,1.00,1.00
2014.05.13 19:02:33.953,1.08332,1.08356,3.34,1.00
2014.05.13 19:02:34.461,1.08334,1.08356,1.88,1.00
2014.05.13 19:02:34.766,1.08336,1.08359,1.19,1.00
2014.05.13 19:02:35.069,1.08336,1.0836,2.44,1.00
2014.05.13 19:02:36.058,1.08337,1.0836,1.00,1.00
2014.05.13 19:02:36.564,1.08336,1.0836,1.69,1.00
2014.05.13 19:02:38.352,1.08336,1.0836,1.69,1.19
2014.05.13 19:02:38.859,1.08336,1.08358,1.19,1.00
2014.05.13 19:02:39.855,1.08336,1.08358,1.00,1.19
2014.05.13 19:02:41.070,1.08336,1.08358,1.00,1.19
2014.05.13 19:02:43.069,1.08336,1.08358,1.00,1.25
2014.05.13 19:02:45.399,1.08334,1.08358,1.19,1.33
2014.05.13 19:02:45.451,1.08332,1.08354,1.57,1.00
2014.05.13 19:02:45.959,1.08332,1.08355,1.57,1.50
2014.05.13 19:02:46.485,1.08333,1.08356,2.07,1.00
2014.05.13 19:02:47.693,1.08333,1.08356,2.07,1.00
2014.05.13 19:02:51.635,1.08333,1.08356,2.07,1.00
2014.05.13 19:02:52.901,1.08333,1.08356,2.07,1.00
2014.05.13 19:02:56.511,1.08334,1.08356,2.07,1.00
2014.05.13 19:02:59.854,1.08334,1.08356,2.07,1.00
2014.05.13 19:03:01.729,1.08333,1.08356,2.07,1.00
2014.05.13 19:03:02.237,1.08334,1.08356,1.88,1.00
2014.05.13 19:03:04.262,1.08333,1.08356,2.07,1.00
2014.05.13 19:03:04.770,1.08334,1.08356,1.88,1.00
2014.05.13 19:03:05.827,1.08333,1.08356,2.07,1.00
2014.05.13 19:03:06.336,1.08334,1.08356,1.88,1.00
2014.05.13 19:03:06.867,1.08334,1.08356,2.07,1.00
2014.05.13 19:03:09.575,1.08334,1.08356,2.07,1.00
2014.05.13 19:03:10.783,1.08333,1.08356,2.82,1.00
2014.05.13 19:03:12.708,1.08334,1.08356,2.07,1.00
2014.05.13 19:03:14.683,1.08334,1.08357,2.07,1.00
2014.05.13 19:03:15.783,1.08334,1.08357,2.07,1.00
2014.05.13 19:03:18.091,1.08334,1.08357,2.07,1.00
2014.05.13 19:03:26.660,1.08334,1.08357,2.07,1.00
2014.05.13 19:03:27.830,1.08333,1.08357,2.82,1.00
2014.05.13 19:03:29.500,1.08333,1.08356,2.82,1.00
2014.05.13 19:03:34.399,1.08333,1.08356,2.82,1.50
2014.05.13 19:03:35.237,1.08334,1.08356,1.88,1.50
2014.05.13 19:03:36.199,1.08333,1.08356,2.82,1.50
2014.05.13 19:03:40.666,1.08332,1.08356,1.57,1.50
2014.05.13 19:03:41.772,1.08332,1.08356,1.57,1.50
2014.05.13 19:03:46.490,1.08332,1.08356,2.07,1.50
2014.05.13 19:03:46.945,1.08333,1.08354,1.88,1.00
2014.05.13 19:03:47.522,1.08332,1.08354,2.07,1.00
2014.05.13 19:03:48.046,1.08332,1.08354,1.88,1.25
2014.05.13 19:03:48.906,1.08332,1.08354,1.88,1.25
2014.05.13 19:03:50.923,1.08332,1.08354,2.07,1.00
2014.05.13 19:03:51.547,1.08332,1.08354,1.88,1.00
2014.05.13 19:03:51.700,1.08333,1.08359,1.88,1.58
2014.05.13 19:03:52.562,1.08333,1.08359,1.88,1.58
2014.05.13 19:03:53.084,1.08333,1.08359,1.88,1.58
2014.05.13 19:03:53.643,1.08333,1.08359,2.07,1.77
2014.05.13 19:03:55.666,1.08333,1.08357,1.57,1.00
2014.05.13 19:03:56.585,1.08332,1.08357,1.57,1.50
2014.05.13 19:03:57.090,1.08332,1.08357,1.57,1.50
2014.05.13 19:03:58.825,1.08332,1.08357,1.57,1.50
2014.05.13 19:04:00.676,1.08332,1.08355,1.57,1.00
2014.05.13 19:04:01.232,1.08332,1.08355,1.38,1.50
2014.05.13 19:04:01.817,1.08332,1.08355,1.38,1.50
2014.05.13 19:04:02.325,1.08332,1.08355,1.63,1.50
2014.05.13 19:04:02.831,1.08332,1.08355,1.63,1.50
2014.05.13 19:04:03.539,1.08332,1.08355,1.63,1.50
2014.05.13 19:04:04.169,1.08332,1.08355,1.57,1.50
2014.05.13 19:04:05.563,1.08332,1.08355,1.57,1.50
2014.05.13 19:04:06.068,1.08332,1.08355,1.57,1.50
2014.05.13 19:04:06.744,1.08332,1.08355,1.57,1.50
2014.05.13 19:04:07.749,1.08332,1.08355,1.57,1.50
2014.05.13 19:04:08.668,1.08331,1.08355,1.57,1.50
2014.05.13 19:04:09.209,1.08331,1.08355,2.07,1.50
2014.05.13 19:04:09.919,1.08331,1.08355,2.07,1.50
2014.05.13 19:04:11.842,1.08331,1.08355,2.07,1.50
2014.05.13 19:04:12.360,1.08331,1.08355,2.07,1.50
2014.05.13 19:04:13.169,1.08331,1.08355,2.07,1.50
2014.05.13 19:04:13.804,1.08331,1.08355,2.07,1.50
2014.05.13 19:04:14.490,1.08332,1.08355,1.63,1.00
2014.05.13 19:04:15.030,1.08332,1.08356,1.63,1.00
2014.05.13 19:04:15.546,1.08332,1.08356,1.67,1.00
2014.05.13 19:04:16.090,1.08334,1.08356,1.88,1.00
2014.05.13 19:04:16.622,1.08333,1.08356,2.07,1.00
2014.05.13 19:04:18.452,1.08334,1.08356,2.07,1.00
2014.05.13 19:04:21.220,1.08332,1.08356,1.29,1.00
2014.05.13 19:04:23.832,1.08332,1.08356,1.29,1.00
2014.05.13 19:04:25.137,1.08334,1.08356,2.07,1.00
2014.05.13 19:04:26.244,1.08333,1.08356,2.07,1.00
2014.05.13 19:04:29.520,1.08335,1.08359,1.19,1.00
2014.05.13 19:04:30.789,1.08335,1.08359,1.19,1.00
2014.05.13 19:04:34.754,1.08335,1.08359,1.19,1.00
2014.05.13 19:04:36.860,1.08335,1.08359,1.19,1.00
2014.05.13 19:04:37.863,1.08335,1.08359,1.25,1.00
2014.05.13 19:04:39.268,1.08335,1.08359,1.19,1.00
2014.05.13 19:04:45.085,1.08335,1.08359,1.19,1.00
2014.05.13 19:04:46.710,1.08335,1.08359,1.19,1.00
2014.05.13 19:04:49.815,1.08335,1.08359,1.19,1.00
2014.05.13 19:04:56.109,1.08335,1.08359,1.19,1.00
2014.05.13 19:05:03.746,1.08333,1.08359,3.57,1.00
2014.05.13 19:05:06.187,1.08333,1.08359,3.57,1.00
2014.05.13 19:05:08.250,1.08334,1.08359,2.07,1.00
2014.05.13 19:05:15.069,1.08334,1.08359,2.07,1.00
2014.05.13 19:05:17.777,1.08334,1.08359,2.07,1.00
2014.05.13 19:05:19.784,1.08333,1.08359,3.57,1.00
2014.05.13 19:05:24.430,1.08334,1.08359,2.07,1.00
2014.05.13 19:05:29.328,1.08334,1.08359,2.07,1.00
2014.05.13 19:05:34.168,1.08333,1.08359,2.82,1.00
2014.05.13 19:05:35.335,1.08334,1.08359,2.07,1.00
2014.05.13 19:05:36.562,1.08333,1.08359,1.57,1.00
2014.05.13 19:05:40.864,1.08333,1.08359,2.82,1.00
2014.05.13 19:05:44.895,1.08334,1.08359,2.07,1.00
2014.05.13 19:05:45.608,1.08333,1.08357,1.63,1.00
2014.05.13 19:05:46.123,1.08331,1.08356,2.07,1.50
2014.05.13 19:05:46.666,1.08331,1.08356,2.07,1.50
2014.05.13 19:05:47.276,1.08331,1.08356,2.07,1.50
2014.05.13 19:05:47.785,1.08331,1.08356,2.07,1.50
2014.05.13 19:05:49.615,1.08331,1.08356,2.07,1.69
2014.05.13 19:05:51.166,1.08331,1.08356,2.07,1.69
2014.05.13 19:05:51.875,1.08331,1.08356,2.07,1.69
2014.05.13 19:05:52.207,1.08331,1.08356,2.07,1.69
2014.05.13 19:05:52.917,1.08331,1.08356,2.07,1.69
2014.05.13 19:05:53.526,1.08331,1.08356,2.07,1.69
2014.05.13 19:05:54.158,1.08331,1.08356,2.07,1.69
2014.05.13 19:05:54.947,1.08331,1.08356,2.07,1.69
2014.05.13 19:05:55.277,1.08331,1.08356,2.07,1.69
2014.05.13 19:05:55.837,1.08331,1.08356,2.07,1.69
2014.05.13 19:05:56.421,1.08331,1.08356,2.07,1.69
2014.05.13 19:05:58.859,1.08331,1.08356,2.07,1.69
2014.05.13 19:06:00.854,1.08331,1.08356,2.07,1.69
2014.05.13 19:06:01.452,1.08331,1.08356,1.63,1.69
2014.05.13 19:06:01.978,1.08333,1.08359,1.38,1.37
2014.05.13 19:06:02.486,1.08333,1.08359,1.13,1.37
2014.05.13 19:06:03.100,1.08333,1.08359,1.38,1.34
2014.05.13 19:06:03.612,1.08333,1.08359,1.13,1.34
2014.05.13 19:06:04.557,1.08333,1.08359,1.38,1.34
2014.05.13 19:06:05.081,1.08333,1.08359,1.13,1.34
2014.05.13 19:06:05.741,1.08333,1.08359,1.38,1.34
2014.05.13 19:06:06.327,1.08333,1.08359,1.13,1.34
2014.05.13 19:06:06.854,1.08333,1.08359,1.38,1.34
2014.05.13 19:06:07.392,1.08333,1.08359,1.13,1.34
2014.05.13 19:06:08.051,1.08333,1.08359,1.38,1.34
2014.05.13 19:06:08.711,1.08333,1.08359,1.13,1.34
2014.05.13 19:06:09.371,1.08333,1.08359,1.38,1.34
2014.05.13 19:06:12.114,1.08331,1.08356,1.38,1.15
2014.05.13 19:06:12.673,1.08331,1.08356,1.38,1.15
2014.05.13 19:06:13.245,1.08331,1.08356,1.38,1.15
2014.05.13 19:06:13.968,1.08331,1.08356,1.38,1.15
2014.05.13 19:06:14.529,1.08331,1.08356,1.38,1.15
2014.05.13 19:06:15.112,1.08331,1.08356,1.38,1.40
2014.05.13 19:06:15.645,1.08331,1.08356,1.38,1.40
2014.05.13 19:06:16.349,1.08331,1.08356,1.38,1.18
2014.05.13 19:06:17.461,1.08331,1.08356,1.38,1.18
2014.05.13 19:06:18.392,1.08331,1.08356,1.38,1.09
2014.05.13 19:06:18.904,1.08331,1.08356,1.63,1.37
2014.05.13 19:06:19.437,1.08331,1.08356,1.63,1.37
2014.05.13 19:06:20.265,1.08331,1.08356,1.63,1.37
2014.05.13 19:06:20.925,1.08331,1.08356,1.63,1.37
2014.05.13 19:06:21.454,1.08331,1.08356,1.63,1.37
2014.05.13 19:06:22.010,1.08331,1.08356,1.63,1.37
2014.05.13 19:06:22.516,1.08331,1.08356,1.38,1.37
2014.05.13 19:06:25.104,1.08331,1.08356,1.38,1.19
2014.05.13 19:06:26.059,1.08331,1.08356,1.38,1.19
2014.05.13 19:06:26.764,1.08331,1.08356,1.38,1.19
2014.05.13 19:06:27.527,1.08331,1.08356,1.57,1.19
2014.05.13 19:06:28.179,1.08331,1.08356,1.63,1.25
2014.05.13 19:06:29.016,1.08331,1.08356,1.63,1.25
2014.05.13 19:06:29.572,1.08331,1.08356,1.63,1.25
2014.05.13 19:06:30.812,1.08331,1.08356,1.57,1.00
2014.05.13 19:06:31.537,1.08331,1.08356,1.57,1.00
2014.05.13 19:06:33.893,1.08333,1.08359,1.32,1.19
2014.05.13 19:06:35.169,1.08333,1.08359,1.63,1.19
2014.05.13 19:06:35.779,1.08333,1.08359,1.32,1.19
2014.05.13 19:06:36.848,1.08333,1.08359,1.63,1.19
2014.05.13 19:06:37.556,1.08333,1.08359,1.32,1.19
2014.05.13 19:06:38.060,1.08333,1.08359,1.63,1.19
2014.05.13 19:06:38.672,1.08333,1.08359,1.32,1.19
2014.05.13 19:06:39.082,1.08333,1.08359,1.57,1.25
2014.05.13 19:06:40.056,1.08333,1.08359,1.32,1.00
2014.05.13 19:06:42.100,1.08341,1.08359,1.00,1.00
2014.05.13 19:06:42.253,1.08341,1.08362,1.00,1.00
2014.05.13 19:06:42.935,1.08341,1.08363,1.00,1.10
2014.05.13 19:06:43.088,1.08347,1.08363,1.00,1.00
2014.05.13 19:06:43.225,1.08347,1.08369,1.00,2.40
2014.05.13 19:06:43.844,1.08343,1.08369,1.50,1.50
2014.05.13 19:06:43.945,1.08342,1.08365,1.10,1.00
2014.05.13 19:06:47.805,1.08351,1.08365,1.00,1.00
2014.05.13 19:06:47.958,1.08351,1.08368,1.00,1.00
2014.05.13 19:06:50.459,1.08351,1.0837,1.00,1.00
2014.05.13 19:06:55.319,1.08347,1.0837,1.32,1.00
2014.05.13 19:06:57.946,1.08346,1.0837,2.07,1.00
2014.05.13 19:06:58.856,1.08346,1.0837,1.38,1.00
2014.05.13 19:06:59.433,1.08347,1.0837,1.32,1.00
2014.05.13 19:07:00.936,1.08347,1.0837,1.32,1.00
2014.05.13 19:07:03.178,1.08347,1.0837,1.32,1.18
2014.05.13 19:07:03.496,1.08337,1.08361,1.84,1.00
2014.05.13 19:07:03.598,1.08337,1.08359,1.00,1.00
2014.05.13 19:07:03.699,1.08336,1.08359,1.00,1.08
2014.05.13 19:07:04.205,1.08334,1.08357,1.19,1.58
2014.05.13 19:07:05.181,1.08332,1.08357,1.19,1.65
2014.05.13 19:07:06.261,1.08332,1.08357,1.19,1.65
2014.05.13 19:07:10.821,1.08332,1.08357,1.19,1.65
2014.05.13 19:07:12.081,1.08332,1.08357,1.19,1.65
2014.05.13 19:07:13.876,1.08332,1.08354,1.19,1.00
2014.05.13 19:07:14.789,1.08332,1.08354,1.19,1.00
2014.05.13 19:07:16.106,1.08332,1.08354,1.19,1.00
2014.05.13 19:07:23.614,1.08332,1.08354,1.19,1.00
2014.05.13 19:07:23.716,1.08335,1.08363,1.00,1.15
2014.05.13 19:07:23.768,1.08339,1.08363,1.94,1.15
2014.05.13 19:07:23.971,1.08347,1.08367,1.00,1.40
2014.05.13 19:07:24.119,1.08342,1.08364,1.25,1.00
2014.05.13 19:07:24.636,1.08342,1.08366,1.25,1.65
2014.05.13 19:07:25.672,1.08344,1.08366,1.88,1.18
2014.05.13 19:07:26.261,1.08342,1.08365,1.00,1.10
2014.05.13 19:07:27.188,1.08343,1.08369,1.88,1.15
2014.05.13 19:07:27.370,1.0835,1.08369,1.30,1.15
2014.05.13 19:07:27.472,1.08356,1.08377,1.00,1.15
2014.05.13 19:07:27.574,1.08356,1.08377,1.19,1.10
2014.05.13 19:07:27.675,1.08363,1.08376,1.00,1.50
2014.05.13 19:07:27.982,1.08355,1.08371,1.88,1.10
2014.05.13 19:07:28.084,1.08347,1.0837,1.00,1.00
2014.05.13 19:07:28.615,1.08347,1.08373,1.50,1.65
2014.05.13 19:07:28.766,1.08347,1.08373,1.50,2.25
2014.05.13 19:07:32.609,1.08347,1.0837,1.00,1.00
2014.05.13 19:07:32.930,1.08347,1.0837,1.38,1.00
2014.05.13 19:07:32.981,1.08347,1.08374,1.88,1.10
2014.05.13 19:07:33.133,1.08361,1.08374,1.00,1.10
2014.05.13 19:07:33.285,1.08363,1.08388,1.00,1.34
2014.05.13 19:07:33.639,1.08363,1.08389,1.00,1.84
2014.05.13 19:07:34.045,1.08363,1.08384,1.00,1.08
2014.05.13 19:07:34.198,1.08356,1.08376,1.00,1.50
2014.05.13 19:07:34.300,1.08352,1.08376,1.19,1.50
2014.05.13 19:07:34.351,1.08352,1.08372,1.00,1.00
2014.05.13 19:07:34.655,1.08352,1.08368,1.00,1.00
2014.05.13 19:07:35.239,1.08347,1.08368,1.00,1.00
2014.05.13 19:07:35.442,1.08349,1.08368,1.88,1.00
2014.05.13 19:07:35.493,1.08349,1.08373,1.88,1.00
2014.05.13 19:07:35.544,1.08349,1.08373,2.48,1.00
2014.05.13 19:07:35.848,1.08364,1.08388,1.00,1.34
2014.05.13 19:07:36.196,1.08364,1.08388,1.00,1.34
2014.05.13 19:07:36.499,1.08357,1.08376,1.00,1.00
2014.05.13 19:07:36.759,1.08349,1.08371,1.08,1.00
2014.05.13 19:07:36.861,1.08356,1.08372,1.00,1.00
2014.05.13 19:07:36.962,1.08356,1.08376,1.00,1.08
2014.05.13 19:07:37.013,1.08356,1.08376,1.00,1.00
2014.05.13 19:07:37.864,1.08352,1.08376,1.10,1.00
2014.05.13 19:07:38.016,1.08351,1.08373,1.00,1.00
2014.05.13 19:07:38.067,1.08349,1.08373,1.00,1.00
2014.05.13 19:07:40.182,1.08347,1.08371,1.15,1.00
2014.05.13 19:07:40.833,1.08347,1.08371,1.00,1.00
2014.05.13 19:07:44.863,1.08345,1.08367,1.00,1.00
2014.05.13 19:07:44.965,1.08343,1.08367,1.00,1.00
2014.05.13 19:07:47.713,1.08341,1.08367,1.00,1.00
2014.05.13 19:07:47.815,1.08341,1.08365,1.00,1.00
2014.05.13 19:08:00.394,1.08339,1.08365,1.10,1.00
2014.05.13 19:08:00.446,1.08342,1.08368,1.00,1.00
2014.05.13 19:08:11.743,1.08342,1.08368,1.65,1.00
2014.05.13 19:08:28.866,1.08343,1.08367,1.10,1.00
2014.05.13 19:08:30.130,1.08344,1.08367,1.00,1.00
2014.05.13 19:08:30.181,1.08344,1.0837,1.50,2.25
2014.05.13 19:08:34.195,1.08346,1.0837,1.00,1.50
2014.05.13 19:08:34.499,1.08355,1.08379,1.65,1.50
2014.05.13 19:08:34.805,1.08357,1.08381,1.00,1.00
2014.05.13 19:08:36.370,1.08359,1.08383,1.00,1.00
2014.05.13 19:08:48.644,1.08359,1.08376,1.00,1.00
2014.05.13 19:08:48.695,1.08351,1.08374,1.37,1.00
2014.05.13 19:08:48.897,1.08359,1.08374,1.00,1.00
2014.05.13 19:08:48.948,1.08359,1.08381,1.00,1.20
2014.05.13 19:08:48.999,1.08359,1.08381,1.25,1.20
2014.05.13 19:08:50.085,1.08359,1.08383,1.19,1.18
2014.05.13 19:08:51.885,1.08359,1.08383,1.25,1.55
2014.05.13 19:08:54.196,1.08359,1.08383,1.25,1.38
2014.05.13 19:08:54.297,1.08359,1.08383,1.19,1.38
2014.05.13 19:08:54.499,1.08359,1.08383,1.19,1.00
2014.05.13 19:08:55.685,1.08359,1.08383,1.19,1.00
2014.05.13 19:08:56.624,1.08367,1.08383,1.00,1.00
2014.05.13 19:08:56.776,1.08367,1.08386,1.00,2.63
2014.05.13 19:08:57.703,1.08362,1.08386,1.25,1.00
2014.05.13 19:08:58.793,1.08362,1.08386,1.19,1.00
2014.05.13 19:09:00.300,1.08362,1.08386,1.00,1.13
2014.05.13 19:09:00.963,1.08362,1.0838,1.00,1.18
2014.05.13 19:09:01.117,1.08354,1.0838,1.69,1.65
2014.05.13 19:09:04.815,1.08354,1.0838,1.50,1.65
2014.05.13 19:09:04.867,1.08356,1.0838,1.00,1.65
2014.05.13 19:09:05.019,1.08357,1.08383,1.50,1.95
2014.05.13 19:09:05.888,1.08357,1.08383,1.50,1.88
2014.05.13 19:09:06.162,1.08357,1.08383,1.69,1.88
2014.05.13 19:09:07.223,1.08357,1.08383,1.69,1.88
2014.05.13 19:09:09.684,1.08357,1.08383,1.69,1.88
2014.05.13 19:09:10.702,1.08357,1.08383,1.69,1.88
2014.05.13 19:09:11.251,1.08357,1.08383,1.69,2.03
2014.05.13 19:09:12.837,1.08357,1.08383,1.69,2.03
2014.05.13 19:09:13.614,1.08357,1.08383,1.69,2.03
2014.05.13 19:09:14.121,1.08357,1.08383,1.69,2.03
2014.05.13 19:09:15.647,1.08357,1.08383,1.69,2.03
2014.05.13 19:09:16.445,1.08357,1.08383,1.69,2.03
2014.05.13 19:09:16.860,1.08361,1.08383,1.00,2.03
2014.05.13 19:09:17.522,1.08361,1.08383,1.00,2.03
2014.05.13 19:09:18.230,1.08361,1.08383,1.00,2.03
2014.05.13 19:09:19.844,1.08361,1.08383,1.25,2.03
2014.05.13 19:09:20.450,1.08361,1.08383,1.25,2.03
2014.05.13 19:09:23.148,1.08361,1.08383,1.25,2.03
2014.05.13 19:09:23.753,1.08361,1.08383,1.19,2.03
2014.05.13 19:09:24.458,1.08361,1.08383,1.19,2.03
2014.05.13 19:09:26.212,1.08361,1.08383,1.00,2.03
2014.05.13 19:09:26.818,1.08361,1.08383,1.00,2.03
2014.05.13 19:09:27.411,1.08361,1.08383,1.00,2.03
2014.05.13 19:09:27.972,1.08361,1.08383,1.00,2.03
2014.05.13 19:09:28.342,1.08361,1.08381,1.00,3.45
2014.05.13 19:09:28.646,1.08361,1.08377,1.00,1.00
2014.05.13 19:09:29.975,1.08361,1.08379,1.00,1.00
2014.05.13 19:09:31.821,1.08357,1.08379,1.13,1.00
2014.05.13 19:09:32.328,1.08357,1.08379,1.13,1.08
2014.05.13 19:09:33.033,1.08357,1.08379,1.38,1.00
2014.05.13 19:09:33.135,1.08357,1.08379,1.57,1.00
2014.05.13 19:09:34.124,1.08357,1.08379,1.57,1.00
2014.05.13 19:09:34.377,1.08355,1.08379,1.00,1.08
2014.05.13 19:09:38.169,1.08351,1.08377,1.69,1.00
2014.05.13 19:09:39.531,1.08351,1.08377,1.69,1.00
2014.05.13 19:09:42.652,1.08351,1.08377,1.69,1.00
2014.05.13 19:09:43.507,1.08352,1.0838,1.02,1.10
2014.05.13 19:09:43.608,1.08354,1.0838,1.50,1.50
2014.05.13 19:09:44.143,1.08354,1.0838,1.69,1.50
2014.05.13 19:09:44.650,1.08354,1.0838,1.69,1.58
2014.05.13 19:09:45.430,1.08354,1.0838,1.69,1.58
2014.05.13 19:09:46.561,1.08354,1.0838,1.69,1.58
2014.05.13 19:09:50.376,1.08356,1.0838,1.00,1.08
2014.05.13 19:09:54.913,1.08359,1.08383,1.00,2.03
2014.05.13 19:09:55.240,1.08357,1.08383,1.00,2.03
2014.05.13 19:09:57.740,1.08359,1.08383,1.00,2.03
2014.05.13 19:10:04.432,1.08359,1.08383,1.00,2.22
2014.05.13 19:10:04.811,1.08357,1.08381,1.00,1.20
2014.05.13 19:10:05.013,1.08356,1.08379,1.25,1.50
2014.05.13 19:10:09.572,1.08353,1.08379,1.69,1.50
2014.05.13 19:10:09.783,1.08353,1.08379,1.69,1.65
2014.05.13 19:10:13.138,1.08356,1.08379,1.00,1.65
2014.05.13 19:10:17.257,1.08356,1.08379,1.00,2.03
2014.05.13 19:10:17.827,1.08356,1.08379,1.00,2.03
2014.05.13 19:10:18.369,1.08356,1.08379,1.00,2.03
2014.05.13 19:10:18.860,1.08353,1.08379,1.50,1.65
2014.05.13 19:10:28.907,1.08353,1.08379,1.50,1.84
2014.05.13 19:10:29.008,1.08353,1.08379,1.50,1.84
2014.05.13 19:10:30.096,1.08353,1.08379,1.50,1.65
2014.05.13 19:10:31.675,1.08357,1.08379,1.00,1.65
2014.05.13 19:10:47.630,1.08353,1.08379,1.69,1.84
2014.05.13 19:10:47.866,1.08353,1.08379,1.69,1.65
2014.05.13 19:10:49.139,1.08353,1.08379,1.69,1.84
2014.05.13 19:10:59.635,1.08353,1.08378,1.69,1.15
2014.05.13 19:11:01.154,1.08353,1.08377,1.19,1.15
2014.05.13 19:11:04.324,1.08353,1.08377,1.19,1.15
2014.05.13 19:11:05.527,1.08353,1.08377,1.19,1.15
2014.05.13 19:11:09.226,1.08353,1.08377,1.19,1.00
2014.05.13 19:11:10.180,1.08353,1.08377,1.19,1.00
2014.05.13 19:11:11.147,1.08353,1.08377,1.19,1.00
2014.05.13 19:11:12.451,1.08353,1.08377,1.25,1.25
2014.05.13 19:11:14.880,1.08353,1.08377,1.25,1.19
2014.05.13 19:11:20.085,1.08353,1.08377,1.19,1.25
2014.05.13 19:11:24.841,1.08353,1.08377,1.25,1.19
2014.05.13 19:11:34.116,1.08352,1.08378,1.19,1.34
2014.05.13 19:11:37.123,1.08352,1.08378,1.25,1.40
2014.05.13 19:11:39.829,1.08352,1.08378,1.19,1.34
2014.05.13 19:11:41.142,1.08352,1.08378,1.19,1.34
2014.05.13 19:11:42.838,1.08352,1.08378,1.19,1.34
2014.05.13 19:11:49.192,1.08352,1.08378,1.19,1.34
2014.05.13 19:11:50.654,1.08352,1.08378,1.25,1.34
2014.05.13 19:11:52.056,1.08352,1.08378,1.19,1.34
2014.05.13 19:11:57.875,1.08352,1.08378,1.69,1.84
2014.05.13 19:11:59.683,1.08352,1.08378,1.69,1.84
2014.05.13 19:12:00.086,1.08352,1.08378,1.69,1.65
2014.05.13 19:12:00.490,1.08356,1.0838,1.50,1.20
2014.05.13 19:12:00.642,1.08358,1.08382,1.00,3.57
2014.05.13 19:12:01.102,1.08353,1.08379,1.19,1.53
2014.05.13 19:12:01.647,1.08353,1.08379,1.19,1.72
2014.05.13 19:12:04.123,1.08353,1.08379,1.25,1.78
2014.05.13 19:12:13.241,1.08353,1.08379,1.19,1.72
2014.05.13 19:12:20.193,1.08353,1.08379,1.00,1.72
2014.05.13 19:12:22.663,1.08353,1.08379,1.00,1.72
2014.05.13 19:12:23.218,1.08353,1.08379,1.00,1.72
2014.05.13 19:12:23.874,1.08353,1.08379,1.00,1.72
2014.05.13 19:12:24.890,1.08353,1.08379,1.00,1.72
2014.05.13 19:12:25.998,1.08353,1.08379,1.00,1.72
2014.05.13 19:12:26.698,1.08353,1.08379,1.00,1.72
2014.05.13 19:12:27.423,1.08353,1.08379,1.00,1.72
2014.05.13 19:12:28.425,1.08353,1.08378,1.00,1.47
2014.05.13 19:12:28.950,1.08353,1.08378,1.00,1.78
2014.05.13 19:12:29.254,1.08353,1.08378,1.00,1.78
2014.05.13 19:12:37.812,1.08353,1.08377,1.00,3.72
2014.05.13 19:12:39.218,1.08353,1.08376,1.00,1.34
2014.05.13 19:12:40.326,1.08353,1.08377,1.00,2.97
2014.05.13 19:12:48.140,1.08353,1.08376,1.00,2.22
2014.05.13 19:12:52.555,1.08353,1.08376,1.00,2.22
2014.05.13 19:12:53.094,1.08353,1.08377,1.00,2.14
2014.05.13 19:12:53.145,1.08353,1.08377,1.00,2.14
2014.05.13 19:12:54.188,1.08353,1.08379,1.00,2.22
2014.05.13 19:12:55.765,1.08353,1.08379,1.00,2.22
2014.05.13 19:12:57.726,1.08354,1.08378,1.00,1.64
2014.05.13 19:12:59.526,1.08353,1.08377,1.00,1.67
2014.05.13 19:13:00.539,1.08353,1.08377,1.00,1.20
2014.05.13 19:13:00.691,1.08353,1.08377,1.00,1.47
2014.05.13 19:13:02.289,1.08353,1.08377,1.00,1.47
2014.05.13 19:13:05.922,1.08353,1.08377,1.00,1.74
2014.05.13 19:13:09.154,1.08353,1.08377,1.00,1.74
2014.05.13 19:13:09.414,1.08353,1.08377,1.00,1.72
2014.05.13 19:13:09.516,1.08349,1.08375,1.50,1.84
2014.05.13 19:13:10.095,1.08348,1.08374,1.00,1.37
2014.05.13 19:13:11.021,1.08348,1.08374,1.00,1.37
2014.05.13 19:13:13.324,1.08348,1.08374,1.00,1.37
2014.05.13 19:13:14.658,1.08347,1.08368,1.00,1.00
2014.05.13 19:13:14.962,1.08348,1.08371,1.19,1.00
2014.05.13 19:13:15.063,1.08348,1.08372,1.00,1.00
2014.05.13 19:13:15.215,1.08348,1.08372,1.00,1.18
2014.05.13 19:13:15.716,1.08348,1.08372,1.00,1.15
2014.05.13 19:13:24.417,1.08351,1.08372,1.00,1.15
2014.05.13 19:13:24.570,1.08351,1.08375,1.50,1.34
2014.05.13 19:13:24.924,1.08351,1.08375,1.69,1.18
2014.05.13 19:13:25.465,1.08351,1.08375,1.69,1.10
2014.05.13 19:13:25.668,1.08351,1.08375,1.69,1.10
2014.05.13 19:13:27.366,1.08351,1.08375,1.69,1.02
2014.05.13 19:13:33.105,1.08351,1.08375,1.50,1.29
2014.05.13 19:13:40.857,1.08351,1.08375,1.50,1.10
2014.05.13 19:13:44.857,1.08351,1.08375,1.50,1.29
2014.05.13 19:13:48.108,1.08351,1.08375,1.50,1.02
2014.05.13 19:13:50.876,1.08351,1.08375,1.50,1.29
2014.05.13 19:13:51.906,1.08351,1.08375,1.50,1.02
2014.05.13 19:13:52.008,1.08351,1.08375,1.50,1.33
2014.05.13 19:13:57.904,1.08351,1.08376,1.00,1.47
2014.05.13 19:13:59.402,1.08351,1.08376,1.25,1.47
2014.05.13 19:13:59.467,1.08353,1.08377,1.00,2.22
2014.05.13 19:14:02.234,1.08353,1.08377,1.00,1.47
2014.05.13 19:14:05.868,1.08353,1.08377,1.00,1.47
2014.05.13 19:14:11.047,1.08353,1.08377,1.00,1.47
2014.05.13 19:14:12.635,1.08353,1.08377,1.00,1.47
2014.05.13 19:14:14.864,1.08353,1.08377,1.00,1.72
2014.05.13 19:14:18.453,1.08353,1.08377,1.00,1.72
2014.05.13 19:14:19.504,1.08353,1.08377,1.00,1.47
2014.05.13 19:14:23.277,1.08353,1.08377,1.25,2.78
2014.05.13 19:14:23.604,1.08353,1.08377,1.00,2.97
2014.05.13 19:14:28.014,1.08352,1.08376,1.00,2.22
2014.05.13 19:14:30.650,1.08352,1.08377,1.00,2.22
2014.05.13 19:14:30.913,1.08352,1.08376,1.00,2.14
2014.05.13 19:14:32.187,1.08352,1.08376,1.50,2.14
2014.05.13 19:14:32.687,1.08352,1.08376,1.50,2.22
2014.05.13 19:14:33.582,1.08352,1.08377,1.00,2.97
2014.05.13 19:14:34.307,1.08352,1.08376,1.00,2.97
2014.05.13 19:14:36.149,1.08352,1.08377,1.00,2.97
2014.05.13 19:14:36.236,1.0835,1.08376,1.00,1.72
2014.05.13 19:14:36.287,1.0835,1.08376,1.00,3.72
2014.05.13 19:14:36.439,1.08348,1.08372,1.00,1.53
2014.05.13 19:15:00.494,1.08351,1.08373,1.00,1.72
2014.05.13 19:15:00.812,1.08353,1.08375,1.00,1.72
2014.05.13 19:15:03.489,1.08347,1.08373,1.50,2.22
2014.05.13 19:15:04.196,1.08344,1.0837,1.25,1.08
2014.05.13 19:15:05.714,1.08343,1.08369,1.25,1.10
2014.05.13 19:15:08.555,1.08344,1.08369,1.00,1.10
2014.05.13 19:15:11.919,1.08346,1.0837,1.00,1.08
2014.05.13 19:15:12.828,1.08347,1.08372,1.00,1.53
2014.05.13 19:15:17.365,1.08347,1.08373,1.00,1.53
2014.05.13 19:15:35.127,1.08351,1.08372,1.00,2.22
2014.05.13 19:15:35.637,1.08351,1.08374,1.00,1.72
2014.05.13 19:15:36.872,1.08351,1.08374,1.19,1.53
2014.05.13 19:15:37.227,1.08352,1.08376,1.19,2.63
2014.05.13 19:15:37.776,1.08352,1.08376,1.19,2.63
2014.05.13 19:15:38.282,1.08352,1.08376,1.19,2.78
2014.05.13 19:15:39.284,1.08352,1.08376,1.25,2.78
2014.05.13 19:15:42.791,1.08352,1.08376,1.19,1.18
2014.05.13 19:15:44.146,1.08356,1.08376,1.00,2.78
2014.05.13 19:15:44.451,1.08356,1.08376,1.57,2.63
2014.05.13 19:15:45.041,1.08356,1.08377,1.57,1.88
2014.05.13 19:15:46.555,1.08355,1.08376,1.57,1.88
2014.05.13 19:15:47.564,1.08355,1.08377,1.57,1.88
2014.05.13 19:15:51.484,1.08355,1.08376,1.57,1.88
2014.05.13 19:15:51.991,1.08357,1.08377,2.07,1.88
2014.05.13 19:15:52.497,1.08357,1.08376,1.69,1.88
2014.05.13 19:15:52.815,1.08354,1.08377,2.07,1.88
2014.05.13 19:15:53.320,1.08354,1.08376,2.44,1.88
2014.05.13 19:15:53.826,1.08354,1.08377,1.32,1.88
2014.05.13 19:15:54.130,1.08354,1.08376,1.25,1.88
2014.05.13 19:15:54.644,1.08352,1.08377,2.44,1.88
2014.05.13 19:15:55.229,1.08354,1.08376,1.25,1.88
2014.05.13 19:15:56.037,1.08352,1.08377,2.44,1.88
2014.05.13 19:15:56.944,1.08354,1.08376,1.25,1.88
2014.05.13 19:15:58.399,1.08352,1.08377,2.44,2.07
2014.05.13 19:15:58.939,1.08353,1.08377,1.69,2.07
2014.05.13 19:15:59.517,1.08353,1.08377,1.50,2.07
2014.05.13 19:16:00.135,1.08354,1.08376,1.00,1.88
2014.05.13 19:16:00.658,1.08352,1.08377,2.25,1.88
2014.05.13 19:16:01.168,1.08354,1.08376,1.00,1.88
2014.05.13 19:16:02.053,1.08352,1.08377,2.25,1.88
2014.05.13 19:16:02.660,1.08352,1.08377,2.44,2.07
2014.05.13 19:16:03.355,1.08352,1.08377,2.44,2.07
2014.05.13 19:16:04.688,1.08352,1.08377,3.19,2.07
2014.05.13 19:16:05.205,1.08355,1.08376,1.25,2.07
2014.05.13 19:16:06.162,1.08355,1.08376,1.19,1.88
2014.05.13 19:16:06.392,1.08355,1.08377,1.25,1.88
2014.05.13 19:16:07.404,1.08352,1.08374,1.19,1.38
2014.05.13 19:16:07.909,1.08352,1.08374,1.19,1.38
2014.05.13 19:16:08.460,1.08352,1.08374,1.19,1.38
2014.05.13 19:16:09.118,1.08352,1.08374,1.19,1.38
2014.05.13 19:16:09.971,1.08352,1.08374,1.25,1.38
2014.05.13 19:16:10.481,1.08352,1.08374,1.25,1.38
2014.05.13 19:16:11.089,1.08352,1.08374,1.25,1.38
2014.05.13 19:16:11.602,1.08352,1.08374,1.25,1.38
2014.05.13 19:16:12.128,1.08352,1.08374,1.25,1.38
2014.05.13 19:16:12.636,1.08352,1.08374,1.25,1.38
2014.05.13 19:16:13.171,1.08352,1.08374,1.25,1.38
2014.05.13 19:16:13.947,1.08352,1.08374,1.00,1.38
2014.05.13 19:16:15.061,1.08352,1.08374,1.00,1.38
2014.05.13 19:16:16.093,1.08352,1.08374,1.19,1.38
2014.05.13 19:16:16.684,1.08352,1.08374,1.19,1.38
2014.05.13 19:16:17.603,1.08352,1.08374,1.19,1.38
2014.05.13 19:16:18.738,1.08352,1.08374,1.19,1.38
2014.05.13 19:16:19.152,1.08352,1.08374,1.00,1.38
2014.05.13 19:16:19.827,1.08352,1.08374,1.00,1.38
2014.05.13 19:16:21.346,1.08352,1.08374,1.00,1.63
2014.05.13 19:16:21.448,1.08351,1.08374,1.00,1.57
2014.05.13 19:16:21.549,1.08351,1.08377,2.25,3.53
2014.05.13 19:16:23.129,1.08349,1.08373,1.00,1.38
2014.05.13 19:16:23.331,1.08349,1.08373,1.19,1.38
2014.05.13 19:16:23.889,1.08349,1.08373,1.19,1.38
2014.05.13 19:16:24.428,1.08349,1.08373,1.19,1.38
2014.05.13 19:16:25.771,1.08349,1.08371,1.19,1.88
2014.05.13 19:16:26.709,1.08351,1.08372,1.19,1.88
2014.05.13 19:16:27.218,1.08351,1.08371,1.19,1.88
2014.05.13 19:16:29.107,1.08351,1.08372,1.19,1.88
2014.05.13 19:16:31.092,1.08351,1.08371,1.19,1.88
2014.05.13 19:16:31.600,1.08351,1.08372,1.00,1.88
2014.05.13 19:16:33.215,1.08351,1.08371,1.00,1.88
2014.05.13 19:16:34.390,1.08351,1.08371,1.19,1.88
2014.05.13 19:16:35.041,1.08351,1.08372,1.19,1.88
2014.05.13 19:16:35.608,1.08351,1.08371,1.19,1.88
2014.05.13 19:16:36.759,1.08351,1.08372,1.19,1.88
2014.05.13 19:16:37.690,1.08351,1.08371,1.19,1.88
2014.05.13 19:16:38.248,1.08351,1.08372,1.19,1.88
2014.05.13 19:16:38.921,1.08351,1.08371,1.19,1.88
2014.05.13 19:16:40.312,1.08351,1.08372,1.19,1.88
2014.05.13 19:16:41.159,1.08348,1.08371,1.69,1.88
2014.05.13 19:16:41.210,1.08348,1.08371,1.50,1.88
2014.05.13 19:16:41.959,1.08348,1.08372,1.50,1.88
2014.05.13 19:16:42.572,1.08348,1.08371,1.50,1.88
2014.05.13 19:16:43.231,1.08348,1.08372,1.50,2.07
2014.05.13 19:16:44.084,1.08348,1.08372,1.50,2.07
2014.05.13 19:16:45.595,1.08348,1.08372,1.69,1.88
2014.05.13 19:16:46.202,1.08348,1.08371,1.69,1.88
2014.05.13 19:16:46.822,1.08348,1.08371,1.69,1.88
2014.05.13 19:16:49.664,1.08348,1.08372,1.69,1.88
2014.05.13 19:16:50.174,1.08348,1.08371,1.69,1.88
2014.05.13 19:16:51.284,1.08348,1.08372,1.69,1.88
2014.05.13 19:16:51.818,1.08348,1.08371,1.69,1.88
2014.05.13 19:16:52.550,1.08348,1.08372,1.69,1.88
2014.05.13 19:16:53.453,1.08348,1.08371,1.69,1.88
2014.05.13 19:16:54.428,1.08348,1.08372,1.69,1.88
2014.05.13 19:16:55.118,1.08348,1.08372,1.69,1.88
2014.05.13 19:16:56.824,1.08348,1.08372,1.50,2.07
2014.05.13 19:16:57.179,1.08347,1.0837,1.25,1.39
2014.05.13 19:16:57.331,1.08344,1.08367,1.25,1.63
2014.05.13 19:16:57.879,1.08344,1.08367,1.25,1.32
2014.05.13 19:16:59.335,1.08344,1.08367,1.19,1.32
2014.05.13 19:17:00.510,1.08344,1.08367,1.19,1.63
2014.05.13 19:17:01.840,1.08344,1.08367,1.19,1.57
2014.05.13 19:17:02.844,1.08344,1.08367,1.19,1.32
2014.05.13 19:17:04.847,1.08344,1.08367,1.19,1.32
2014.05.13 19:17:06.892,1.08344,1.08367,1.19,1.57
2014.05.13 19:17:08.459,1.08344,1.08367,1.25,1.57
2014.05.13 19:17:09.080,1.08344,1.08367,1.19,1.13
2014.05.13 19:17:10.164,1.08344,1.08367,1.19,1.13
2014.05.13 19:17:10.877,1.08344,1.08367,1.19,1.38
2014.05.13 19:17:11.769,1.08344,1.08367,1.19,1.38
2014.05.13 19:17:15.786,1.08346,1.08367,1.19,1.63
2014.05.13 19:17:16.781,1.08346,1.08367,1.19,1.38
2014.05.13 19:17:16.984,1.08348,1.0837,1.19,1.10
2014.05.13 19:17:17.136,1.08348,1.08371,2.44,1.88
2014.05.13 19:17:18.539,1.08351,1.08371,1.19,1.88
2014.05.13 19:17:19.131,1.08351,1.08372,1.19,1.88
2014.05.13 19:17:19.950,1.08351,1.08371,1.19,1.88
2014.05.13 19:17:21.613,1.08351,1.08372,1.19,1.88
2014.05.13 19:17:22.174,1.08351,1.08371,1.19,1.88
2014.05.13 19:17:22.926,1.08351,1.08372,1.19,1.88
2014.05.13 19:17:23.513,1.08351,1.08372,1.25,1.88
2014.05.13 19:17:24.034,1.08351,1.08371,1.25,1.88
2014.05.13 19:17:26.070,1.08351,1.08372,1.25,1.88
2014.05.13 19:17:27.370,1.08351,1.08371,1.25,1.88
2014.05.13 19:17:28.135,1.08351,1.08372,1.25,1.88
2014.05.13 19:17:28.525,1.08351,1.08372,1.19,1.88
2014.05.13 19:17:29.938,1.08351,1.08371,1.19,1.88
2014.05.13 19:17:30.629,1.08351,1.08372,1.19,1.88
2014.05.13 19:17:31.548,1.08351,1.08371,1.19,1.88
2014.05.13 19:17:31.855,1.08351,1.08372,1.19,1.95
2014.05.13 19:17:33.468,1.08351,1.08372,1.25,2.14
2014.05.13 19:17:34.077,1.08351,1.08371,1.25,1.95
2014.05.13 19:17:35.855,1.08351,1.08372,1.00,1.95
2014.05.13 19:17:36.967,1.08351,1.08371,1.00,1.95
2014.05.13 19:17:37.478,1.08351,1.08372,1.00,1.95
2014.05.13 19:17:38.026,1.08351,1.08371,1.00,1.95
2014.05.13 19:17:41.101,1.08351,1.08372,1.00,1.95
2014.05.13 19:17:43.552,1.08351,1.08371,1.00,1.95
2014.05.13 19:17:44.139,1.08351,1.08372,1.00,2.14
2014.05.13 19:17:45.682,1.08351,1.08371,1.00,2.14
2014.05.13 19:17:46.344,1.08351,1.08372,1.00,2.14
2014.05.13 19:17:47.245,1.08351,1.08371,1.00,1.95
2014.05.13 19:17:47.944,1.08351,1.08372,1.00,2.14
2014.05.13 19:17:48.487,1.08351,1.08371,1.00,1.95
2014.05.13 19:17:49.882,1.08351,1.08372,1.00,2.14
2014.05.13 19:17:50.490,1.08351,1.08371,1.00,1.95
2014.05.13 19:17:50.999,1.08351,1.08372,1.00,2.14
2014.05.13 19:17:51.576,1.08351,1.08371,1.00,2.14
2014.05.13 19:17:52.620,1.08351,1.08372,1.00,2.07
2014.05.13 19:17:54.163,1.08351,1.08371,1.00,2.07
2014.05.13 19:17:55.210,1.08351,1.08372,1.00,2.07
2014.05.13 19:17:56.539,1.08351,1.08371,1.00,2.07
2014.05.13 19:17:57.078,1.08351,1.08372,1.00,2.07
2014.05.13 19:17:57.447,1.08351,1.08371,1.00,1.88
2014.05.13 19:17:58.648,1.08351,1.08372,1.00,1.88
2014.05.13 19:17:59.166,1.08351,1.08372,1.19,1.88
2014.05.13 19:17:59.787,1.08351,1.08371,1.19,1.88
2014.05.13 19:18:00.293,1.08351,1.08375,1.19,1.53
2014.05.13 19:18:00.445,1.08347,1.0837,1.19,1.18
2014.05.13 19:18:00.950,1.0835,1.08374,1.19,1.78
2014.05.13 19:18:01.798,1.0835,1.08374,1.00,1.72
2014.05.13 19:18:01.972,1.0835,1.08374,1.00,1.64
2014.05.13 19:18:02.275,1.08352,1.08375,1.00,1.74
2014.05.13 19:18:02.827,1.08352,1.08376,1.25,2.97
2014.05.13 19:18:04.893,1.08352,1.08376,1.25,1.72
2014.05.13 19:18:05.502,1.08352,1.08376,1.19,1.53
2014.05.13 19:18:06.704,1.08352,1.08376,1.19,2.78
2014.05.13 19:18:08.014,1.08352,1.08376,1.19,1.53
2014.05.13 19:18:08.802,1.08352,1.08376,1.25,1.78
2014.05.13 19:18:11.050,1.08352,1.08376,1.25,2.97
2014.05.13 19:18:11.593,1.08352,1.08376,1.00,1.72
2014.05.13 19:18:12.862,1.08352,1.08376,1.00,2.97
2014.05.13 19:18:14.285,1.08352,1.08376,1.00,1.72
2014.05.13 19:18:15.076,1.08352,1.08376,1.00,1.72
2014.05.13 19:18:19.886,1.08352,1.08376,1.00,1.53
2014.05.13 19:18:21.014,1.08352,1.08371,1.00,1.88
2014.05.13 19:18:21.754,1.08352,1.08372,1.00,1.88
2014.05.13 19:18:22.274,1.08352,1.08371,1.00,1.88
2014.05.13 19:18:23.242,1.08352,1.08372,1.00,1.88
2014.05.13 19:18:24.857,1.08352,1.08371,1.00,1.88
2014.05.13 19:18:25.362,1.08352,1.08372,1.00,1.88
2014.05.13 19:18:26.477,1.08352,1.08371,1.00,1.88
2014.05.13 19:18:27.738,1.08352,1.08372,1.00,1.88
2014.05.13 19:18:28.281,1.08352,1.08371,1.19,1.88
2014.05.13 19:18:28.797,1.08352,1.08371,1.25,1.88
2014.05.13 19:18:31.978,1.08352,1.08372,1.00,1.88
2014.05.13 19:18:32.481,1.08352,1.08371,1.00,1.88
2014.05.13 19:18:33.613,1.08352,1.08372,1.00,1.88
2014.05.13 19:18:34.219,1.08352,1.08371,1.00,1.88
2014.05.13 19:18:34.883,1.08352,1.08372,1.00,1.88
2014.05.13 19:18:36.043,1.08352,1.08371,1.00,1.88
2014.05.13 19:18:36.552,1.08352,1.08371,1.19,1.88
2014.05.13 19:18:37.256,1.08352,1.08372,1.19,1.88
2014.05.13 19:18:37.761,1.08352,1.08371,1.69,1.88
2014.05.13 19:18:38.517,1.08352,1.08372,1.19,1.88
2014.05.13 19:18:39.012,1.08352,1.08372,1.19,1.88
2014.05.13 19:18:39.712,1.08352,1.08371,1.19,1.88
2014.05.13 19:18:40.225,1.08352,1.08372,1.19,1.88
2014.05.13 19:18:41.932,1.08352,1.08371,1.19,1.88
2014.05.13 19:18:42.475,1.08352,1.08372,1.19,1.88
2014.05.13 19:18:43.749,1.08352,1.08371,1.19,1.88
2014.05.13 19:18:44.439,1.08352,1.08372,1.19,1.88
2014.05.13 19:18:46.211,1.08352,1.08371,1.19,1.88
2014.05.13 19:18:46.764,1.08352,1.08372,1.19,1.88
2014.05.13 19:18:47.425,1.08352,1.08372,1.19,1.88
2014.05.13 19:18:49.142,1.08352,1.08371,1.19,1.88
2014.05.13 19:18:50.777,1.08352,1.08371,1.00,1.88
2014.05.13 19:18:51.429,1.08352,1.08372,1.00,1.88
2014.05.13 19:18:52.642,1.08352,1.08371,1.00,1.88
2014.05.13 19:18:53.470,1.08352,1.08371,1.19,1.88
2014.05.13 19:18:54.028,1.08352,1.08372,1.19,1.88
2014.05.13 19:18:54.558,1.08352,1.08371,1.19,1.88
2014.05.13 19:18:55.624,1.08352,1.08372,1.19,1.88
2014.05.13 19:18:56.938,1.08352,1.08371,1.19,1.88
2014.05.13 19:18:57.657,1.08352,1.08372,1.19,1.88
2014.05.13 19:18:58.244,1.08352,1.08371,1.19,1.88
2014.05.13 19:18:58.850,1.08352,1.08372,1.19,1.88
2014.05.13 19:19:00.084,1.08352,1.08372,1.19,1.88
2014.05.13 19:19:01.721,1.08352,1.08371,1.19,1.88
2014.05.13 19:19:02.609,1.08352,1.08372,1.19,1.88
2014.05.13 19:19:03.396,1.08352,1.08372,1.00,1.88
2014.05.13 19:19:03.929,1.08352,1.08371,1.00,1.88
2014.05.13 19:19:05.392,1.08352,1.08372,1.00,1.88
2014.05.13 19:19:05.912,1.08352,1.08371,1.00,1.88
2014.05.13 19:19:06.442,1.08352,1.08372,1.00,1.88
2014.05.13 19:19:07.765,1.08352,1.08371,1.00,1.88
2014.05.13 19:19:08.268,1.08352,1.08372,1.00,1.88
2014.05.13 19:19:12.276,1.08352,1.08371,1.00,1.88
2014.05.13 19:19:13.570,1.08352,1.08372,1.00,1.88
2014.05.13 19:19:13.976,1.08348,1.08371,1.27,1.88
2014.05.13 19:19:14.495,1.08348,1.08372,1.27,1.88
2014.05.13 19:19:14.996,1.08348,1.08371,1.27,1.88
2014.05.13 19:19:15.148,1.08348,1.08372,1.19,1.88
2014.05.13 19:19:15.300,1.08348,1.08371,1.25,1.88
2014.05.13 19:19:15.806,1.08346,1.08368,1.19,1.38
2014.05.13 19:19:17.046,1.08346,1.08368,1.19,1.38
2014.05.13 19:19:17.953,1.08346,1.08368,1.19,1.38
2014.05.13 19:19:18.506,1.08346,1.08368,1.19,1.38
2014.05.13 19:19:22.321,1.08346,1.08368,1.00,1.38
2014.05.13 19:19:25.013,1.08346,1.08368,1.00,1.38
2014.05.13 19:19:26.925,1.08346,1.08368,1.00,1.38
2014.05.13 19:19:27.781,1.08346,1.08368,1.00,1.38
2014.05.13 19:19:28.639,1.08346,1.08368,1.00,1.38
2014.05.13 19:19:29.349,1.08346,1.08368,1.00,1.38
2014.05.13 19:19:30.012,1.08346,1.08368,1.00,1.38
2014.05.13 19:19:33.166,1.08346,1.08368,1.00,1.38
2014.05.13 19:19:33.882,1.08346,1.08368,1.00,1.38
2014.05.13 19:19:34.503,1.08346,1.08368,1.00,1.38
2014.05.13 19:19:34.605,1.08347,1.08371,1.00,1.88
2014.05.13 19:19:35.113,1.08348,1.08372,1.00,2.82
2014.05.13 19:19:35.646,1.08348,1.08372,1.25,2.82
2014.05.13 19:19:41.351,1.08348,1.08372,1.02,2.63
2014.05.13 19:19:42.274,1.08348,1.08371,1.02,1.88
2014.05.13 19:19:43.185,1.08348,1.08372,1.02,2.63
2014.05.13 19:19:43.708,1.08348,1.08371,1.29,1.88
2014.05.13 19:19:45.872,1.08348,1.08372,1.29,2.63
2014.05.13 19:19:48.146,1.08348,1.08371,1.29,1.88
2014.05.13 19:19:51.942,1.08348,1.08372,1.29,2.63
2014.05.13 19:19:52.443,1.08348,1.08371,1.29,1.88
2014.05.13 19:19:52.949,1.08348,1.08372,1.29,2.63
2014.05.13 19:19:53.698,1.08346,1.0837,2.44,1.19
2014.05.13 19:19:54.007,1.08347,1.0837,1.00,1.57
2014.05.13 19:19:54.209,1.08347,1.08368,1.00,1.25
2014.05.13 19:19:54.722,1.08344,1.08368,1.34,1.25
2014.05.13 19:19:54.836,1.08344,1.08368,1.34,1.00
2014.05.13 19:19:55.107,1.08344,1.08368,1.00,1.38
2014.05.13 19:19:55.159,1.08342,1.08363,1.29,1.00
2014.05.13 19:19:55.825,1.08341,1.08363,1.25,1.00
2014.05.13 19:19:57.108,1.08342,1.08363,1.00,1.00
2014.05.13 19:19:57.324,1.08347,1.08363,1.00,1.00
2014.05.13 19:19:57.527,1.08347,1.08366,1.19,1.00
2014.05.13 19:19:58.406,1.08347,1.08366,1.19,1.13
2014.05.13 19:20:00.118,1.08342,1.08366,2.59,1.00
2014.05.13 19:20:02.319,1.08343,1.08366,1.29,1.13
2014.05.13 19:20:03.471,1.08345,1.08369,1.19,1.57
2014.05.13 19:20:05.130,1.08345,1.08369,1.19,1.57
2014.05.13 19:20:06.209,1.08345,1.08369,1.19,1.57
2014.05.13 19:20:06.964,1.08345,1.08369,1.19,1.57
2014.05.13 19:20:07.568,1.08345,1.08369,1.19,1.57
2014.05.13 19:20:08.475,1.08345,1.08369,1.19,1.57
2014.05.13 19:20:09.032,1.08346,1.08369,1.19,1.57
2014.05.13 19:20:09.892,1.08346,1.08369,1.19,1.57
2014.05.13 19:20:10.399,1.08346,1.08369,1.19,1.57
2014.05.13 19:20:11.007,1.08346,1.08369,1.19,1.57
2014.05.13 19:20:11.723,1.08346,1.08369,1.19,1.57
2014.05.13 19:20:11.853,1.08346,1.08369,1.19,1.57
2014.05.13 19:20:12.664,1.08346,1.08369,1.19,1.57
2014.05.13 19:20:16.866,1.08346,1.08369,1.19,1.57
2014.05.13 19:20:17.421,1.08346,1.08369,1.19,1.57
2014.05.13 19:20:17.939,1.08346,1.08369,1.19,1.57
2014.05.13 19:20:18.444,1.08346,1.08369,1.19,1.19
2014.05.13 19:20:24.790,1.08346,1.08369,1.19,1.19
2014.05.13 19:20:25.921,1.08346,1.08369,1.19,1.19
2014.05.13 19:20:28.232,1.08346,1.08369,1.19,1.19
2014.05.13 19:20:29.804,1.08346,1.08369,1.19,1.19
2014.05.13 19:20:32.854,1.08346,1.0837,1.19,1.69
2014.05.13 19:20:34.156,1.08346,1.0837,1.19,1.69
2014.05.13 19:20:36.821,1.08346,1.0837,1.19,1.69
2014.05.13 19:20:38.059,1.08346,1.0837,1.19,1.69
2014.05.13 19:20:39.731,1.08346,1.0837,1.25,1.69
2014.05.13 19:20:42.178,1.08344,1.0837,1.84,2.07
2014.05.13 19:20:42.282,1.08344,1.0837,2.59,2.07
2014.05.13 19:20:42.837,1.08344,1.0837,2.59,2.07
2014.05.13 19:20:43.369,1.08344,1.0837,2.59,2.07
2014.05.13 19:20:44.740,1.08344,1.0837,2.59,2.07
2014.05.13 19:20:45.280,1.08344,1.0837,1.84,2.07
2014.05.13 19:20:45.943,1.08344,1.0837,1.84,2.07
2014.05.13 19:20:46.866,1.08344,1.0837,1.84,2.07
2014.05.13 19:20:47.473,1.08344,1.0837,1.84,2.07
2014.05.13 19:20:48.486,1.08344,1.0837,1.84,2.07
2014.05.13 19:20:49.487,1.08344,1.0837,1.84,2.07
2014.05.13 19:20:50.020,1.08344,1.0837,1.84,2.07
2014.05.13 19:20:50.871,1.08344,1.0837,1.84,2.07
2014.05.13 19:20:51.552,1.08344,1.0837,1.84,2.07
2014.05.13 19:20:52.127,1.08344,1.0837,1.84,2.07
2014.05.13 19:20:52.770,1.08344,1.0837,1.84,2.07
2014.05.13 19:20:53.271,1.08344,1.0837,1.84,2.07
2014.05.13 19:20:53.389,1.08344,1.0837,1.84,2.07
2014.05.13 19:20:53.931,1.08344,1.0837,1.84,2.07
2014.05.13 19:20:54.488,1.08344,1.0837,1.84,2.07
2014.05.13 19:20:57.397,1.08344,1.0837,1.84,2.07
2014.05.13 19:20:59.392,1.08344,1.0837,1.77,2.07
2014.05.13 19:21:00.305,1.08343,1.08369,2.59,2.07
2014.05.13 19:21:01.110,1.08344,1.08369,1.29,2.07
2014.05.13 19:21:02.115,1.08343,1.08369,3.34,2.07
2014.05.13 19:21:05.027,1.08343,1.08369,1.84,2.07
2014.05.13 19:21:05.795,1.08343,1.08369,1.84,2.07
2014.05.13 19:21:06.950,1.08343,1.08369,1.84,2.07
2014.05.13 19:21:07.464,1.08343,1.08369,1.84,2.07
2014.05.13 19:21:08.176,1.08343,1.08369,1.84,2.07
2014.05.13 19:21:08.944,1.08343,1.08369,1.84,2.07
2014.05.13 19:21:13.458,1.08343,1.08369,1.84,2.07
2014.05.13 19:21:13.982,1.08343,1.08369,1.84,2.07
2014.05.13 19:21:16.010,1.08343,1.08369,1.84,2.07
2014.05.13 19:21:16.210,1.08343,1.08369,1.84,2.07
2014.05.13 19:21:17.465,1.08343,1.08369,1.84,2.07
2014.05.13 19:21:18.768,1.08343,1.08369,1.77,2.07
2014.05.13 19:21:19.886,1.08343,1.08369,1.77,2.07
2014.05.13 19:21:20.281,1.08347,1.08369,1.00,2.07
2014.05.13 19:21:20.884,1.08347,1.08369,1.00,2.07
2014.05.13 19:21:21.454,1.08347,1.08369,1.19,2.07
2014.05.13 19:21:21.594,1.08343,1.08369,1.77,1.69
2014.05.13 19:21:22.396,1.08342,1.08364,1.00,1.19
2014.05.13 19:21:22.902,1.08339,1.08364,2.97,1.69
2014.05.13 19:21:23.487,1.08339,1.08364,1.37,1.69
2014.05.13 19:21:24.621,1.08338,1.08364,2.82,1.69
2014.05.13 19:21:30.214,1.0834,1.08364,1.19,1.69
2014.05.13 19:21:30.625,1.0834,1.08364,1.00,1.69
2014.05.13 19:21:30.726,1.08338,1.08361,1.88,1.00
2014.05.13 19:21:31.030,1.0834,1.08363,1.25,1.00
2014.05.13 19:21:33.315,1.08342,1.08366,1.00,2.82
2014.05.13 19:21:33.825,1.08343,1.08366,1.10,1.19
2014.05.13 19:21:35.677,1.08343,1.08366,1.10,1.32
2014.05.13 19:21:42.058,1.08343,1.08366,1.29,1.00
2014.05.13 19:21:43.167,1.08343,1.08366,1.10,1.13
2014.05.13 19:21:44.157,1.08343,1.08366,1.29,1.13
2014.05.13 19:21:46.875,1.08343,1.08366,1.02,1.32
2014.05.13 19:21:53.496,1.08343,1.08366,1.08,1.25
2014.05.13 19:21:57.190,1.08343,1.08366,1.18,1.19
2014.05.13 19:22:01.803,1.08343,1.08367,1.18,1.57
2014.05.13 19:22:02.131,1.08341,1.08367,2.59,1.13
2014.05.13 19:22:04.374,1.08344,1.08367,1.00,1.00
2014.05.13 19:22:04.476,1.08342,1.08362,1.00,1.00
2014.05.13 19:22:04.933,1.0834,1.08362,1.00,1.00
2014.05.13 19:22:05.444,1.08341,1.08362,1.00,1.00
2014.05.13 19:22:06.603,1.0834,1.08362,1.10,1.00
2014.05.13 19:22:07.137,1.08341,1.08362,1.00,1.00
2014.05.13 19:22:08.331,1.0834,1.08362,1.02,1.00
2014.05.13 19:22:08.383,1.0834,1.08364,1.77,1.50
2014.05.13 19:22:08.535,1.0834,1.08364,1.65,1.00
2014.05.13 19:22:10.874,1.0834,1.08364,1.65,1.00
2014.05.13 19:22:15.408,1.08341,1.08366,1.84,1.19
2014.05.13 19:22:15.459,1.08344,1.08367,1.15,1.00
2014.05.13 19:22:15.510,1.08344,1.0837,1.65,1.50
2014.05.13 19:22:15.561,1.08346,1.0837,1.34,1.00
2014.05.13 19:22:15.848,1.08347,1.08373,1.84,1.63
2014.05.13 19:22:15.899,1.08347,1.08373,1.69,1.63
2014.05.13 19:22:16.438,1.08347,1.08371,1.25,1.50
2014.05.13 19:22:16.947,1.08345,1.08371,1.58,1.69
2014.05.13 19:22:17.105,1.08345,1.08369,1.00,1.00
2014.05.13 19:22:17.623,1.08345,1.08371,1.50,2.07
2014.05.13 19:22:17.877,1.08346,1.08371,1.19,1.50
2014.05.13 19:22:18.438,1.08349,1.08375,1.50,1.48
2014.05.13 19:22:19.013,1.08349,1.08375,1.19,1.39
2014.05.13 19:22:19.550,1.08349,1.08375,1.00,1.67
2014.05.13 19:22:21.141,1.08348,1.08373,1.00,1.38
2014.05.13 19:22:21.701,1.08347,1.08371,1.50,1.88
2014.05.13 19:22:22.238,1.08347,1.08372,1.50,1.88
2014.05.13 19:22:22.743,1.08347,1.08371,1.50,1.88
2014.05.13 19:22:23.261,1.08347,1.08372,1.50,1.88
2014.05.13 19:22:23.867,1.08347,1.08371,1.50,1.88
2014.05.13 19:22:24.378,1.08347,1.08372,1.50,1.88
2014.05.13 19:22:24.886,1.08347,1.08371,1.58,1.88
2014.05.13 19:22:26.510,1.08347,1.08372,1.58,1.88
2014.05.13 19:22:27.620,1.08347,1.08371,1.50,1.88
2014.05.13 19:22:28.174,1.08347,1.08372,1.50,1.88
2014.05.13 19:22:28.689,1.08347,1.08372,1.50,2.07
2014.05.13 19:22:31.123,1.08347,1.08372,1.50,1.88
2014.05.13 19:22:31.640,1.08347,1.08371,1.50,1.88
2014.05.13 19:22:32.394,1.08347,1.08372,1.50,1.88
2014.05.13 19:22:32.959,1.08347,1.08371,1.50,1.88
2014.05.13 19:22:33.620,1.08347,1.08372,1.50,1.88
2014.05.13 19:22:34.266,1.08347,1.08371,1.50,1.88
2014.05.13 19:22:34.778,1.08347,1.08372,1.50,1.88
2014.05.13 19:22:35.476,1.08347,1.08373,1.50,2.14
2014.05.13 19:22:36.137,1.08347,1.08373,1.50,2.14
2014.05.13 19:22:37.099,1.08347,1.08373,1.50,2.14
2014.05.13 19:22:37.914,1.08347,1.08373,1.50,2.14
2014.05.13 19:22:38.779,1.08347,1.08373,1.50,2.14
2014.05.13 19:22:39.990,1.08347,1.08373,1.50,2.07
2014.05.13 19:22:40.556,1.08347,1.08373,1.50,2.07
2014.05.13 19:22:41.214,1.08347,1.08373,1.50,2.07
2014.05.13 19:22:42.052,1.08347,1.08373,1.50,2.07
2014.05.13 19:22:43.956,1.08347,1.08373,1.69,2.22
2014.05.13 19:22:45.380,1.08347,1.08373,1.50,2.22
2014.05.13 19:22:46.289,1.08347,1.08373,1.50,2.07
2014.05.13 19:22:46.824,1.08347,1.08373,1.50,2.07
2014.05.13 19:22:47.198,1.08347,1.08373,1.58,2.07
2014.05.13 19:22:47.553,1.0835,1.08374,1.10,1.00
2014.05.13 19:22:47.604,1.08352,1.08376,1.00,1.25
2014.05.13 19:22:47.951,1.0835,1.08374,1.10,1.00
2014.05.13 19:22:48.606,1.08352,1.08376,1.00,1.00
2014.05.13 19:22:48.867,1.0835,1.08376,1.77,1.00
2014.05.13 19:22:48.968,1.0835,1.08374,1.10,1.38
2014.05.13 19:22:49.479,1.08349,1.08372,1.18,1.13
2014.05.13 19:22:50.194,1.08349,1.08372,1.18,1.38
2014.05.13 19:22:50.786,1.08349,1.08372,1.18,1.13
2014.05.13 19:22:51.511,1.08349,1.08372,1.00,1.38
2014.05.13 19:22:52.106,1.08348,1.08372,1.58,1.38
2014.05.13 19:22:53.357,1.08348,1.08372,1.58,1.13
2014.05.13 19:22:54.971,1.08348,1.08372,1.58,1.38
2014.05.13 19:22:55.984,1.08348,1.08372,1.58,1.13
2014.05.13 19:22:57.208,1.08348,1.08372,1.58,1.38
2014.05.13 19:22:57.901,1.08348,1.08372,1.58,1.13
2014.05.13 19:22:58.427,1.08348,1.08372,1.58,1.38
2014.05.13 19:22:58.962,1.08348,1.08372,1.58,1.13
2014.05.13 19:22:59.478,1.08348,1.08372,1.58,1.63
2014.05.13 19:23:00.138,1.08348,1.08372,1.10,1.32
2014.05.13 19:23:00.690,1.08348,1.08372,1.10,1.38
2014.05.13 19:23:01.202,1.08348,1.08372,1.10,1.13
2014.05.13 19:23:01.868,1.08348,1.08372,1.10,1.38
2014.05.13 19:23:02.397,1.08348,1.08372,1.10,1.13
2014.05.13 19:23:02.938,1.08348,1.08372,1.10,1.38
2014.05.13 19:23:03.450,1.08348,1.08372,1.10,1.32
2014.05.13 19:23:04.813,1.08348,1.08372,1.10,1.63
2014.05.13 19:23:05.362,1.08348,1.08372,1.10,1.32
2014.05.13 19:23:05.972,1.08348,1.08372,1.10,1.63
2014.05.13 19:23:07.484,1.08348,1.08372,1.10,1.13
2014.05.13 19:23:08.508,1.08348,1.08372,1.10,1.38
2014.05.13 19:23:09.882,1.08348,1.08372,1.10,1.13
2014.05.13 19:23:10.900,1.08348,1.08372,1.10,1.38
2014.05.13 19:23:11.382,1.08348,1.08372,1.29,1.38
2014.05.13 19:23:11.737,1.08352,1.08376,1.00,2.82
2014.05.13 19:23:12.347,1.08352,1.08376,1.00,1.63
2014.05.13 19:23:13.055,1.08352,1.08376,1.00,2.63
2014.05.13 19:23:13.157,1.0835,1.08375,1.20,1.38
2014.05.13 19:23:13.258,1.0835,1.08375,1.20,1.00
2014.05.13 19:23:13.361,1.08349,1.08375,1.65,1.88
2014.05.13 19:23:13.892,1.08349,1.08375,1.65,1.88
2014.05.13 19:23:14.424,1.08354,1.08377,1.00,2.82
2014.05.13 19:23:14.728,1.08352,1.08376,1.00,1.57
2014.05.13 19:23:14.779,1.08349,1.08376,1.15,1.57
2014.05.13 19:23:15.288,1.08348,1.08374,1.65,1.63
2014.05.13 19:23:15.815,1.08351,1.08377,1.50,3.57
2014.05.13 19:23:16.427,1.08351,1.08376,1.50,2.07
2014.05.13 19:23:17.307,1.08349,1.08373,1.15,1.38
2014.05.13 19:23:17.926,1.08349,1.08373,1.15,1.38
2014.05.13 19:23:18.447,1.08349,1.08373,1.15,1.38
2014.05.13 19:23:19.112,1.08349,1.08373,1.15,1.38
2014.05.13 19:23:20.526,1.08349,1.08373,1.15,1.38
2014.05.13 19:23:21.532,1.08349,1.08373,1.15,1.38
2014.05.13 19:23:22.142,1.08349,1.08373,1.15,1.38
2014.05.13 19:23:22.918,1.08349,1.08373,1.15,1.38
2014.05.13 19:23:23.473,1.08349,1.08373,1.15,1.38
2014.05.13 19:23:23.997,1.08349,1.08373,1.65,1.38
2014.05.13 19:23:24.539,1.08349,1.08373,1.15,1.38
2014.05.13 19:23:25.164,1.08349,1.08373,1.15,1.38
2014.05.13 19:23:26.202,1.08349,1.08373,1.15,1.38
2014.05.13 19:23:27.005,1.08349,1.08373,1.15,1.38
2014.05.13 19:23:27.752,1.08349,1.08373,1.15,1.38
2014.05.13 19:23:28.412,1.08349,1.08373,1.15,1.38
2014.05.13 19:23:29.071,1.08349,1.08373,1.15,1.38
2014.05.13 19:23:29.732,1.08349,1.08373,1.15,1.38
2014.05.13 19:23:30.319,1.08349,1.08373,1.15,1.38
2014.05.13 19:23:31.153,1.08349,1.08373,1.15,1.38
2014.05.13 19:23:31.712,1.08349,1.08373,1.20,1.38
2014.05.13 19:23:32.346,1.08349,1.08373,1.20,1.38
2014.05.13 19:23:32.943,1.08349,1.08373,1.20,1.38
2014.05.13 19:23:33.538,1.08349,1.08373,1.39,1.38
2014.05.13 19:23:34.132,1.08349,1.08373,1.20,1.38
2014.05.13 19:23:34.906,1.08349,1.08373,1.20,1.38
2014.05.13 19:23:35.712,1.08349,1.08373,1.20,1.38
2014.05.13 19:23:36.420,1.08349,1.08373,1.20,1.38
2014.05.13 19:23:37.023,1.08349,1.08373,1.20,1.38
2014.05.13 19:23:37.925,1.08349,1.08373,1.20,1.38
2014.05.13 19:23:39.057,1.08349,1.08373,1.20,1.38
2014.05.13 19:23:39.637,1.08349,1.08373,1.20,1.38
2014.05.13 19:23:40.170,1.08349,1.08373,1.20,1.38
2014.05.13 19:23:41.101,1.08349,1.08373,1.20,1.38
2014.05.13 19:23:41.456,1.0835,1.08375,1.00,1.00
2014.05.13 19:23:41.962,1.0835,1.08376,1.50,1.50
2014.05.13 19:23:44.173,1.0835,1.08376,1.77,1.50
2014.05.13 19:23:44.726,1.0835,1.08376,1.84,3.38
2014.05.13 19:23:46.097,1.0835,1.08376,1.84,3.38
2014.05.13 19:23:48.832,1.0835,1.08376,1.84,3.38
2014.05.13 19:23:50.912,1.0835,1.08376,1.84,3.38
2014.05.13 19:23:54.154,1.0835,1.08376,1.65,1.69
2014.05.13 19:23:54.253,1.0835,1.08376,1.58,2.07
2014.05.13 19:23:54.768,1.08349,1.08373,1.08,1.38
2014.05.13 19:23:55.482,1.08349,1.08373,1.08,1.38
2014.05.13 19:23:55.778,1.0835,1.08376,1.10,2.82
2014.05.13 19:23:55.930,1.0835,1.08376,1.18,1.00
2014.05.13 19:23:56.460,1.0835,1.08376,1.15,2.63
2014.05.13 19:23:57.292,1.08349,1.08373,1.08,1.38
2014.05.13 19:23:57.696,1.08346,1.08372,2.40,1.88
2014.05.13 19:23:58.288,1.08346,1.08372,2.40,1.88
2014.05.13 19:23:58.833,1.08346,1.08372,2.40,1.88
2014.05.13 19:24:00.190,1.08346,1.08372,2.40,1.88
2014.05.13 19:24:01.221,1.08346,1.08372,2.40,1.88
2014.05.13 19:24:02.184,1.08346,1.08372,2.40,1.88
2014.05.13 19:24:03.503,1.08346,1.08372,2.40,1.88
2014.05.13 19:24:04.062,1.08346,1.08372,2.40,1.88
2014.05.13 19:24:05.683,1.08346,1.08372,2.40,1.88
2014.05.13 19:24:06.352,1.08346,1.08372,2.40,1.88
2014.05.13 19:24:06.907,1.08346,1.08372,2.40,1.88
2014.05.13 19:24:07.462,1.08346,1.08372,2.40,1.88
2014.05.13 19:24:07.968,1.08346,1.08372,2.40,1.88
2014.05.13 19:24:08.573,1.08346,1.08372,2.40,1.88
2014.05.13 19:24:09.345,1.08346,1.08372,2.40,1.88
2014.05.13 19:24:09.867,1.08346,1.08372,2.40,1.88
2014.05.13 19:24:13.659,1.08346,1.08372,2.40,1.88
2014.05.13 19:24:15.036,1.08346,1.08372,2.40,1.88
2014.05.13 19:24:17.151,1.08346,1.08372,2.40,1.88
2014.05.13 19:24:18.564,1.08346,1.08372,2.40,1.88
2014.05.13 19:24:19.107,1.08346,1.08372,2.40,1.88
2014.05.13 19:24:19.906,1.08346,1.08372,2.40,1.88
2014.05.13 19:24:20.856,1.08346,1.08372,2.40,1.88
2014.05.13 19:24:21.772,1.08346,1.08372,2.40,1.88
2014.05.13 19:24:22.278,1.08346,1.08372,2.40,1.88
2014.05.13 19:24:22.877,1.08346,1.08372,2.40,1.88
2014.05.13 19:24:23.536,1.08346,1.08372,2.40,1.88
2014.05.13 19:24:24.599,1.08346,1.08372,2.40,1.88
2014.05.13 19:24:25.237,1.08346,1.08372,2.40,2.07
2014.05.13 19:24:25.847,1.08346,1.08372,2.40,2.07
2014.05.13 19:24:26.413,1.08346,1.08372,2.40,2.07
2014.05.13 19:24:27.168,1.08346,1.08372,2.40,2.07
2014.05.13 19:24:28.579,1.08346,1.08372,2.40,1.88
2014.05.13 19:24:29.149,1.08346,1.08372,2.40,1.88
2014.05.13 19:24:32.171,1.08346,1.08372,2.40,1.88
2014.05.13 19:24:32.696,1.08346,1.08372,2.40,1.88
2014.05.13 19:24:33.250,1.08346,1.08372,2.40,1.88
2014.05.13 19:24:33.770,1.08346,1.08372,2.40,1.88
2014.05.13 19:24:34.429,1.08346,1.08372,2.40,1.88
2014.05.13 19:24:36.113,1.08346,1.08372,2.40,1.88
2014.05.13 19:24:37.227,1.08346,1.08372,2.40,2.07
2014.05.13 19:24:40.830,1.08346,1.08372,2.40,1.88
2014.05.13 19:24:41.385,1.08346,1.08372,2.40,1.88
2014.05.13 19:24:42.045,1.08346,1.08372,2.40,1.88
2014.05.13 19:24:42.549,1.08346,1.08372,2.59,2.07
2014.05.13 19:24:43.065,1.08346,1.08372,2.59,2.07
2014.05.13 19:24:45.944,1.08346,1.08372,2.59,1.88
2014.05.13 19:24:46.455,1.08346,1.08372,2.59,1.88
2014.05.13 19:24:47.334,1.08348,1.08372,1.15,1.88
2014.05.13 19:24:47.486,1.08348,1.08374,2.40,1.50
2014.05.13 19:24:48.009,1.08348,1.08374,2.40,1.69
2014.05.13 19:24:49.424,1.0835,1.08374,1.15,1.69
2014.05.13 19:24:49.970,1.08349,1.08374,1.15,1.69
2014.05.13 19:24:50.485,1.08349,1.08374,1.15,1.50
2014.05.13 19:24:52.018,1.08351,1.08375,1.09,1.00
2014.05.13 19:24:53.452,1.08351,1.08375,1.00,1.00
2014.05.13 19:25:01.162,1.08351,1.08375,1.19,1.19
2014.05.13 19:25:02.159,1.08351,1.08374,1.00,1.25
2014.05.13 19:25:02.211,1.0835,1.08372,1.10,1.00
2014.05.13 19:25:02.719,1.08349,1.08373,1.15,1.00
2014.05.13 19:25:03.077,1.08349,1.08373,1.15,1.00
2014.05.13 19:25:03.179,1.08352,1.08377,1.65,1.25
2014.05.13 19:25:03.369,1.08352,1.08377,1.50,1.25
2014.05.13 19:25:04.279,1.08352,1.08378,1.50,1.50
2014.05.13 19:25:04.381,1.08355,1.08379,1.00,1.00
2014.05.13 19:25:04.685,1.08357,1.08381,1.00,1.50
2014.05.13 19:25:16.310,1.08357,1.08381,1.19,1.50
2014.05.13 19:25:17.538,1.08359,1.08381,1.00,1.00
2014.05.13 19:25:31.625,1.08359,1.08383,1.18,1.00
2014.05.13 19:25:33.565,1.08359,1.08383,1.00,1.25
2014.05.13 19:25:36.183,1.08359,1.08383,1.00,1.19
2014.05.13 19:25:38.503,1.08359,1.08383,1.00,1.25
2014.05.13 19:25:54.084,1.08359,1.08383,1.65,1.00
2014.05.13 19:25:55.110,1.08359,1.08383,1.65,1.19
2014.05.13 19:25:56.198,1.08359,1.08383,1.65,1.19
2014.05.13 19:25:56.502,1.08365,1.08384,1.00,1.00
2014.05.13 19:25:56.781,1.08363,1.08384,1.00,1.00
2014.05.13 19:25:57.456,1.08364,1.08384,1.00,1.00
2014.05.13 19:25:57.710,1.08362,1.08384,1.65,1.00
2014.05.13 19:25:58.931,1.08362,1.08384,1.50,1.19
2014.05.13 19:26:00.353,1.08362,1.08384,1.50,1.25
2014.05.13 19:26:02.847,1.08362,1.08384,1.50,1.19
2014.05.13 19:26:06.209,1.08362,1.08384,1.50,1.00
2014.05.13 19:26:24.053,1.0836,1.08384,1.10,1.00
2014.05.13 19:26:26.065,1.0836,1.0838,1.00,1.00
2014.05.13 19:26:31.318,1.08359,1.0838,1.00,1.00
2014.05.13 19:26:31.420,1.08357,1.0838,1.65,1.00
2014.05.13 19:26:44.239,1.08357,1.0838,1.65,1.00
2014.05.13 19:26:44.743,1.08357,1.0838,1.65,1.00
2014.05.13 19:26:54.225,1.08357,1.08383,1.65,2.44
2014.05.13 19:27:04.406,1.08357,1.08383,1.84,2.44
2014.05.13 19:27:04.588,1.08357,1.08383,1.84,2.44
2014.05.13 19:27:04.896,1.08363,1.08385,1.00,1.00
2014.05.13 19:27:06.471,1.0836,1.08385,1.58,1.00
2014.05.13 19:27:10.749,1.0836,1.08385,1.58,1.19
2014.05.13 19:27:22.285,1.08358,1.08384,1.15,1.50
2014.05.13 19:27:25.995,1.0836,1.08384,1.00,1.25
2014.05.13 19:27:26.198,1.08362,1.08385,1.00,1.19
2014.05.13 19:27:26.832,1.08362,1.08385,1.50,1.00
2014.05.13 19:27:27.505,1.08361,1.08385,1.00,1.50
2014.05.13 19:27:29.210,1.08361,1.08385,1.00,1.69
2014.05.13 19:27:33.624,1.08361,1.08385,1.00,1.69
2014.05.13 19:27:35.530,1.08361,1.08385,1.00,1.50
2014.05.13 19:27:35.920,1.08363,1.08385,1.00,1.00
2014.05.13 19:27:37.136,1.08362,1.08385,1.00,1.00
2014.05.13 19:27:37.696,1.0836,1.08385,1.18,1.00
2014.05.13 19:27:39.844,1.0836,1.08385,1.18,1.19
2014.05.13 19:27:40.364,1.0836,1.08385,1.00,1.19
2014.05.13 19:27:42.107,1.0836,1.08385,1.00,1.25
2014.05.13 19:27:44.994,1.0836,1.08383,1.00,1.00
2014.05.13 19:27:59.371,1.0836,1.08383,1.00,1.19
2014.05.13 19:28:05.123,1.0836,1.08383,1.10,1.25
2014.05.13 19:28:05.673,1.08361,1.08383,1.00,1.25
2014.05.13 19:28:09.840,1.08361,1.08383,1.00,1.19
2014.05.13 19:28:20.832,1.08361,1.08383,1.00,1.00
2014.05.13 19:28:25.813,1.08361,1.08383,1.00,1.19
2014.05.13 19:28:29.538,1.0836,1.08383,1.00,1.19
2014.05.13 19:28:30.256,1.08358,1.08383,1.58,1.19
2014.05.13 19:28:35.841,1.08358,1.08383,1.58,1.50
2014.05.13 19:28:40.506,1.08358,1.08383,1.58,1.69
2014.05.13 19:28:43.671,1.08358,1.08383,1.58,1.69
2014.05.13 19:28:46.931,1.08358,1.08384,1.58,1.69
2014.05.13 19:28:48.081,1.08358,1.08384,1.58,1.69
2014.05.13 19:28:58.084,1.08359,1.08383,1.00,1.00
2014.05.13 19:29:00.814,1.08359,1.08383,1.00,1.19
2014.05.13 19:29:01.817,1.08359,1.08383,1.00,1.25
2014.05.13 19:29:08.270,1.08359,1.08383,1.00,1.19
2014.05.13 19:29:13.562,1.08359,1.08383,1.00,1.25
2014.05.13 19:29:18.614,1.08359,1.08383,1.00,1.19
2014.05.13 19:29:20.132,1.08359,1.08383,1.00,1.25
2014.05.13 19:29:26.510,1.08358,1.08384,1.00,1.10
2014.05.13 19:29:28.136,1.08358,1.08384,1.50,1.77
2014.05.13 19:29:28.838,1.08356,1.08384,1.77,1.77
2014.05.13 19:29:29.178,1.08357,1.08381,1.00,1.00
2014.05.13 19:29:59.574,1.08358,1.08381,1.00,1.00
2014.05.13 19:30:34.106,1.08358,1.08382,1.10,1.25
2014.05.13 19:30:42.755,1.08358,1.08382,1.00,1.19
2014.05.13 19:30:43.349,1.08355,1.08381,1.65,1.69
2014.05.13 19:30:49.457,1.08358,1.08382,1.00,1.25
2014.05.13 19:30:49.983,1.08355,1.08381,1.84,1.50
2014.05.13 19:31:00.774,1.08355,1.08381,1.84,1.50
2014.05.13 19:31:20.818,1.08355,1.08381,1.40,1.25
2014.05.13 19:31:29.847,1.08355,1.08381,1.34,1.00
2014.05.13 19:31:31.115,1.08355,1.08381,1.34,1.00
2014.05.13 19:31:34.144,1.08355,1.08381,1.34,1.00
2014.05.13 19:31:34.246,1.0836,1.08384,1.10,1.00
2014.05.13 19:31:34.504,1.08357,1.08381,1.15,1.00
2014.05.13 19:31:43.884,1.08355,1.08381,1.34,1.00
2014.05.13 19:31:45.276,1.08355,1.08381,1.34,1.00
2014.05.13 19:31:48.643,1.08355,1.08381,1.34,1.00
2014.05.13 19:31:49.795,1.08357,1.08381,1.34,1.00
2014.05.13 19:31:50.048,1.08359,1.08385,1.37,1.00
2014.05.13 19:31:50.994,1.08359,1.08385,1.84,1.00
2014.05.13 19:31:55.833,1.08359,1.08385,1.84,1.00
2014.05.13 19:31:56.757,1.08358,1.08382,3.34,1.00
2014.05.13 19:31:58.897,1.08358,1.08382,1.84,1.00
2014.05.13 19:32:03.134,1.08358,1.08382,1.34,1.00
2014.05.13 19:32:04.337,1.08358,1.08382,1.34,1.00
2014.05.13 19:32:04.849,1.08357,1.08383,1.84,1.50
2014.05.13 19:32:06.833,1.08357,1.08383,2.59,1.50
2014.05.13 19:32:08.290,1.08359,1.08383,1.37,1.50
2014.05.13 19:32:12.132,1.08359,1.08383,1.37,1.50
2014.05.13 19:32:13.182,1.08359,1.08383,1.37,1.50
2014.05.13 19:32:14.664,1.08359,1.08383,1.37,1.50
2014.05.13 19:32:18.189,1.08359,1.08386,1.37,1.50
2014.05.13 19:32:18.828,1.0836,1.08386,1.77,4.13
2014.05.13 19:32:21.789,1.0836,1.08386,2.52,4.13
2014.05.13 19:32:22.526,1.0836,1.08382,1.77,1.00
2014.05.13 19:32:26.815,1.0836,1.08383,1.77,1.00
2014.05.13 19:32:26.866,1.0836,1.08386,1.77,1.50
2014.05.13 19:32:31.935,1.0836,1.08386,1.77,1.50
2014.05.13 19:32:34.969,1.0836,1.08384,1.27,1.00
2014.05.13 19:32:38.172,1.08361,1.08384,1.29,1.38
2014.05.13 19:32:38.375,1.08361,1.08385,1.10,1.38
2014.05.13 19:32:38.680,1.08361,1.08385,1.10,1.00
2014.05.13 19:32:38.840,1.08361,1.08385,1.29,1.00
2014.05.13 19:32:44.914,1.08361,1.08385,1.29,1.00
2014.05.13 19:32:46.168,1.08361,1.08385,1.29,1.00
2014.05.13 19:32:48.076,1.08361,1.08385,1.29,1.00
2014.05.13 19:32:49.779,1.08361,1.08385,1.27,1.00
2014.05.13 19:32:51.812,1.08361,1.08385,1.27,1.00
2014.05.13 19:32:59.106,1.08361,1.08385,1.27,1.00
2014.05.13 19:33:00.216,1.08361,1.08385,1.27,1.00
2014.05.13 19:33:01.312,1.08361,1.08385,1.77,1.00
2014.05.13 19:33:03.720,1.08361,1.08385,1.19,1.00
2014.05.13 19:33:04.945,1.08361,1.08385,1.77,1.00
2014.05.13 19:33:06.646,1.08361,1.08386,1.27,1.50
2014.05.13 19:33:07.876,1.0836,1.08386,1.37,2.63
2014.05.13 19:33:09.186,1.0836,1.08386,1.84,1.00
2014.05.13 19:33:11.695,1.08363,1.08386,1.37,2.63
2014.05.13 19:33:14.056,1.0836,1.08386,1.34,2.63
2014.05.13 19:33:20.872,1.0836,1.08386,1.34,2.63
2014.05.13 19:33:23.678,1.08361,1.08386,1.34,2.82
2014.05.13 19:33:25.224,1.08362,1.08386,1.34,1.25
2014.05.13 19:33:34.106,1.0836,1.08386,1.84,1.00
2014.05.13 19:33:35.203,1.08361,1.08385,1.34,1.00
2014.05.13 19:33:37.134,1.08361,1.08385,1.84,1.00
2014.05.13 19:33:38.618,1.08361,1.08385,1.34,1.00
2014.05.13 19:33:41.488,1.08361,1.08385,1.84,1.63
2014.05.13 19:33:41.990,1.08361,1.08385,1.84,1.63
2014.05.13 19:33:42.498,1.08361,1.08385,1.84,1.63
2014.05.13 19:33:43.704,1.08361,1.08385,1.84,1.63
2014.05.13 19:33:43.755,1.08361,1.08385,1.34,1.38
2014.05.13 19:33:44.396,1.08361,1.08385,1.34,1.38
2014.05.13 19:33:45.218,1.08361,1.08385,1.34,1.00
2014.05.13 19:33:53.760,1.08361,1.08385,1.34,1.25
2014.05.13 19:33:54.862,1.08361,1.08385,1.34,1.00
2014.05.13 19:33:56.474,1.08361,1.08385,1.34,1.00
2014.05.13 19:33:58.922,1.08361,1.08385,1.34,1.00
2014.05.13 19:34:02.790,1.08361,1.08385,1.84,1.00
2014.05.13 19:34:03.748,1.08361,1.08386,1.34,3.57
2014.05.13 19:34:04.695,1.0836,1.08386,1.84,3.57
2014.05.13 19:34:06.602,1.0836,1.08386,1.84,3.38
2014.05.13 19:34:09.151,1.08361,1.08386,1.29,3.38
2014.05.13 19:34:10.822,1.0836,1.08386,2.59,1.50
2014.05.13 19:34:13.746,1.0836,1.08386,1.84,1.69
2014.05.13 19:34:15.269,1.0836,1.08386,1.84,1.69
2014.05.13 19:34:19.178,1.0836,1.08386,2.59,1.69
2014.05.13 19:34:20.198,1.0836,1.08386,1.84,1.69
2014.05.13 19:34:21.300,1.0836,1.08386,1.84,3.57
2014.05.13 19:34:21.977,1.0836,1.08386,1.84,2.07
2014.05.13 19:34:22.260,1.0836,1.08386,1.84,1.69
2014.05.13 19:34:23.062,1.0836,1.08386,2.59,3.38
2014.05.13 19:34:26.869,1.0836,1.08386,1.84,3.57
2014.05.13 19:34:29.776,1.0836,1.08386,1.84,1.69
2014.05.13 19:34:30.792,1.0836,1.08386,1.84,3.57
2014.05.13 19:34:32.325,1.08361,1.08385,1.19,1.00
2014.05.13 19:34:34.795,1.08361,1.08385,1.19,1.19
2014.05.13 19:34:36.301,1.08361,1.08385,1.19,1.00
2014.05.13 19:34:38.107,1.08361,1.08385,1.19,1.00
2014.05.13 19:34:39.320,1.08361,1.08385,1.00,1.38
2014.05.13 19:34:39.422,1.08358,1.08384,1.15,1.00
2014.05.13 19:34:39.523,1.0836,1.08386,1.58,1.50
2014.05.13 19:34:39.725,1.08359,1.08382,1.18,1.00
2014.05.13 19:34:39.827,1.08359,1.08385,1.65,1.50
2014.05.13 19:34:39.928,1.08357,1.0838,1.40,1.00
2014.05.13 19:34:39.979,1.08357,1.08383,1.84,1.50
2014.05.13 19:34:40.485,1.08361,1.08384,1.00,1.00
2014.05.13 19:34:40.535,1.08361,1.08384,1.00,1.38
2014.05.13 19:34:41.450,1.08361,1.08384,1.00,1.38
2014.05.13 19:34:42.126,1.08361,1.08382,1.00,1.38
2014.05.13 19:34:43.272,1.08361,1.08385,1.00,1.63
2014.05.13 19:34:43.804,1.08361,1.08385,1.00,1.38
2014.05.13 19:34:44.360,1.08361,1.08385,1.00,1.38
2014.05.13 19:34:44.966,1.08361,1.08385,1.00,1.38
2014.05.13 19:34:46.353,1.08361,1.08385,1.19,1.38
2014.05.13 19:34:47.092,1.08361,1.08385,1.19,1.38
2014.05.13 19:34:47.691,1.08361,1.08385,1.19,1.38
2014.05.13 19:34:48.297,1.08361,1.08385,1.19,1.38
2014.05.13 19:34:49.270,1.08361,1.08385,1.19,1.38
2014.05.13 19:34:49.850,1.08361,1.08385,1.19,1.38
2014.05.13 19:34:50.104,1.08361,1.08385,1.25,1.38
2014.05.13 19:34:50.155,1.08361,1.08384,1.19,1.38
2014.05.13 19:34:50.583,1.08361,1.08381,1.50,1.88
2014.05.13 19:34:53.926,1.08361,1.08382,1.00,1.88
2014.05.13 19:34:54.934,1.08361,1.08381,1.00,1.88
2014.05.13 19:34:55.439,1.08361,1.08382,1.00,1.88
2014.05.13 19:34:57.766,1.08361,1.08381,1.00,1.88
2014.05.13 19:34:58.313,1.08361,1.08382,1.00,2.07
2014.05.13 19:34:59.225,1.08361,1.08381,1.00,1.88
2014.05.13 19:34:59.735,1.08361,1.0838,1.00,1.00
2014.05.13 19:34:59.837,1.08357,1.0838,1.00,1.00
2014.05.13 19:35:27.080,1.08357,1.0838,1.19,1.00
2014.05.13 19:35:28.289,1.08357,1.0838,1.19,1.00
2014.05.13 19:35:29.392,1.08357,1.0838,1.00,1.00
2014.05.13 19:35:45.825,1.08357,1.0838,1.19,1.00
2014.05.13 19:35:47.931,1.08357,1.0838,1.00,1.00
2014.05.13 19:35:53.595,1.08357,1.0838,1.19,1.00
2014.05.13 19:35:56.702,1.08357,1.08381,1.19,1.13
2014.05.13 19:35:58.806,1.08357,1.08381,1.00,1.88
2014.05.13 19:36:00.043,1.08355,1.08381,1.77,1.88
2014.05.13 19:36:00.666,1.08355,1.08381,1.58,1.50
2014.05.13 19:36:01.217,1.08355,1.08381,1.77,1.50
2014.05.13 19:36:02.423,1.08355,1.08381,1.69,1.88
2014.05.13 19:36:10.749,1.08355,1.08381,1.69,1.88
2014.05.13 19:36:14.375,1.08355,1.08381,1.77,1.50
2014.05.13 19:36:27.431,1.08355,1.08381,2.59,1.50
2014.05.13 19:36:27.735,1.08361,1.08386,1.00,3.45
2014.05.13 19:36:28.499,1.08361,1.08386,1.00,1.88
2014.05.13 19:36:29.618,1.08361,1.08381,1.00,1.88
2014.05.13 19:36:30.153,1.08361,1.08382,1.00,2.07
2014.05.13 19:36:30.790,1.08361,1.08381,1.00,1.88
2014.05.13 19:36:31.450,1.08361,1.08382,1.00,1.88
2014.05.13 19:36:32.487,1.08361,1.08381,1.00,1.88
2014.05.13 19:36:32.997,1.08361,1.08382,1.00,1.88
2014.05.13 19:36:33.532,1.08361,1.08381,1.00,1.88
2014.05.13 19:36:34.091,1.08361,1.08382,1.00,1.88
2014.05.13 19:36:35.670,1.08361,1.08381,1.00,1.88
2014.05.13 19:36:36.375,1.08361,1.08382,1.00,1.88
2014.05.13 19:36:36.988,1.08361,1.08381,1.00,1.88
2014.05.13 19:36:37.584,1.08361,1.08382,1.00,1.88
2014.05.13 19:36:38.092,1.08361,1.08381,1.00,1.88
2014.05.13 19:36:38.770,1.08361,1.08382,1.00,1.88
2014.05.13 19:36:40.909,1.08361,1.08381,1.00,1.88
2014.05.13 19:36:41.614,1.08361,1.08382,1.00,1.88
2014.05.13 19:36:42.926,1.08361,1.08381,1.00,1.88
2014.05.13 19:36:43.768,1.08361,1.08381,1.19,1.88
2014.05.13 19:36:44.297,1.08361,1.08382,1.19,1.88
2014.05.13 19:36:44.953,1.08361,1.08381,1.19,1.88
2014.05.13 19:36:45.316,1.08364,1.08381,1.00,1.88
2014.05.13 19:36:45.943,1.08363,1.08382,1.00,1.88
2014.05.13 19:36:46.498,1.08364,1.08381,1.00,1.88
2014.05.13 19:36:47.054,1.08363,1.08382,1.00,1.88
2014.05.13 19:36:48.447,1.08364,1.08381,1.00,1.88
2014.05.13 19:36:48.953,1.08363,1.08382,1.00,1.88
2014.05.13 19:36:49.510,1.08364,1.08381,1.00,1.88
2014.05.13 19:36:50.114,1.08363,1.08382,1.00,1.88
2014.05.13 19:36:50.719,1.08364,1.08381,1.00,1.88
2014.05.13 19:36:52.799,1.08363,1.08382,1.00,1.88
2014.05.13 19:36:53.438,1.08361,1.08382,1.19,1.88
2014.05.13 19:36:53.891,1.08364,1.08381,1.00,1.88
2014.05.13 19:36:56.375,1.08363,1.08382,1.00,1.88
2014.05.13 19:36:57.055,1.08364,1.08381,1.00,1.88
2014.05.13 19:36:57.578,1.08363,1.08382,1.00,1.88
2014.05.13 19:36:58.097,1.08364,1.08381,1.00,1.88
2014.05.13 19:36:58.849,1.08363,1.08382,1.00,1.88
2014.05.13 19:37:00.018,1.08361,1.08382,1.69,1.88
2014.05.13 19:37:00.485,1.08364,1.08381,1.00,1.88
2014.05.13 19:37:01.394,1.08363,1.08382,1.00,1.88
2014.05.13 19:37:02.101,1.08364,1.08381,1.00,1.88
2014.05.13 19:37:02.807,1.08361,1.08382,1.69,1.88
2014.05.13 19:37:03.141,1.08363,1.08382,1.19,1.88
2014.05.13 19:37:03.670,1.08364,1.08381,1.19,1.88
2014.05.13 19:37:04.459,1.08363,1.08382,1.19,1.88
2014.05.13 19:37:05.169,1.08361,1.08381,1.69,1.88
2014.05.13 19:37:06.160,1.08363,1.08382,1.19,1.88
2014.05.13 19:37:06.673,1.08364,1.08381,1.25,1.88
2014.05.13 19:37:07.564,1.08363,1.08382,1.00,1.88
2014.05.13 19:37:08.192,1.08364,1.08381,1.00,1.88
2014.05.13 19:37:09.382,1.08363,1.08382,1.00,1.88
2014.05.13 19:37:10.035,1.08364,1.08381,1.00,1.88
2014.05.13 19:37:10.733,1.08363,1.08386,1.25,1.63
2014.05.13 19:37:11.506,1.08364,1.08386,1.00,2.63
2014.05.13 19:37:12.053,1.08363,1.08386,1.00,1.88
2014.05.13 19:37:13.272,1.08364,1.08386,1.00,2.63
2014.05.13 19:37:15.174,1.08361,1.08386,1.69,1.88
2014.05.13 19:37:15.276,1.08364,1.08386,1.00,2.63
2014.05.13 19:37:15.919,1.08363,1.08386,1.00,1.88
2014.05.13 19:37:18.171,1.08361,1.08386,1.69,3.38
2014.05.13 19:37:18.507,1.08364,1.08386,1.00,2.63
2014.05.13 19:37:20.596,1.08361,1.08386,1.69,1.88
2014.05.13 19:37:21.173,1.08363,1.08386,1.00,1.38
2014.05.13 19:37:21.725,1.08364,1.08386,1.00,2.63
2014.05.13 19:37:22.685,1.08363,1.08386,1.00,1.88
2014.05.13 19:37:23.725,1.08364,1.08386,1.00,3.38
2014.05.13 19:37:24.235,1.08363,1.08386,1.25,1.88
2014.05.13 19:37:24.808,1.08364,1.08386,1.00,2.63
2014.05.13 19:37:25.586,1.08363,1.08387,1.25,4.47
2014.05.13 19:37:26.245,1.08364,1.08386,1.00,2.63
2014.05.13 19:37:26.906,1.08363,1.08387,1.25,4.47
2014.05.13 19:37:27.436,1.08364,1.08386,1.00,1.88
2014.05.13 19:37:28.127,1.08363,1.08386,1.25,1.88
2014.05.13 19:37:28.885,1.08364,1.08386,1.00,2.63
2014.05.13 19:37:31.866,1.08363,1.08386,1.25,1.38
2014.05.13 19:37:32.374,1.08364,1.08386,1.00,3.57
2014.05.13 19:37:32.878,1.08363,1.08386,1.25,2.07
2014.05.13 19:37:33.507,1.08364,1.08386,1.00,2.82
2014.05.13 19:37:34.193,1.08363,1.08386,1.00,1.63
2014.05.13 19:37:34.296,1.08361,1.08386,1.25,1.63
2014.05.13 19:37:34.398,1.08364,1.08386,1.00,2.82
2014.05.13 19:37:34.965,1.08363,1.08386,1.00,1.63
2014.05.13 19:37:36.281,1.08364,1.08386,1.00,2.82
2014.05.13 19:37:36.785,1.08363,1.08386,1.25,1.63
2014.05.13 19:37:38.907,1.08364,1.08386,1.00,2.82
2014.05.13 19:37:39.686,1.08363,1.08386,1.19,1.38
2014.05.13 19:37:40.295,1.08364,1.08386,1.25,2.63
2014.05.13 19:37:41.342,1.08363,1.08386,1.19,1.38
2014.05.13 19:37:41.913,1.08364,1.08386,1.25,2.63
2014.05.13 19:37:43.022,1.08363,1.08386,1.19,1.38
2014.05.13 19:37:43.605,1.08363,1.08386,1.25,1.38
2014.05.13 19:37:44.132,1.08361,1.08386,1.19,2.63
2014.05.13 19:37:44.729,1.08363,1.08386,1.25,1.38
2014.05.13 19:37:45.389,1.08364,1.08386,1.00,2.63
2014.05.13 19:37:46.050,1.08363,1.08386,1.25,1.38
2014.05.13 19:37:46.687,1.08364,1.08386,1.00,2.82
2014.05.13 19:37:47.472,1.08361,1.08386,1.19,2.82
2014.05.13 19:37:47.980,1.08364,1.08386,1.00,2.82
2014.05.13 19:37:48.596,1.08363,1.08386,1.00,1.57
2014.05.13 19:37:49.654,1.08364,1.08386,1.00,2.63
2014.05.13 19:37:50.914,1.08363,1.08386,1.19,1.38
2014.05.13 19:37:51.532,1.08364,1.08386,1.25,2.63
2014.05.13 19:37:52.896,1.08361,1.08386,1.19,2.63
2014.05.13 19:37:53.482,1.08363,1.08387,1.25,2.89
2014.05.13 19:37:55.114,1.08364,1.08386,1.00,1.88
2014.05.13 19:37:56.131,1.0836,1.08386,1.19,1.88
2014.05.13 19:37:56.936,1.08363,1.08387,1.25,2.89
2014.05.13 19:37:59.207,1.08364,1.08386,1.00,2.07
2014.05.13 19:38:01.079,1.08363,1.08387,1.25,2.89
2014.05.13 19:38:01.859,1.08364,1.08386,1.00,2.07
2014.05.13 19:38:03.928,1.08363,1.08387,1.25,2.70
2014.05.13 19:38:04.485,1.08364,1.08386,1.00,1.88
2014.05.13 19:38:05.908,1.08364,1.08386,1.19,1.88
2014.05.13 19:38:07.913,1.08363,1.08387,1.00,2.70
2014.05.13 19:38:09.134,1.08364,1.08386,1.00,2.07
2014.05.13 19:38:09.818,1.08363,1.08387,1.25,2.97
2014.05.13 19:38:10.480,1.08364,1.08386,1.00,1.95
2014.05.13 19:38:12.118,1.08363,1.08387,1.19,2.97
2014.05.13 19:38:12.791,1.08364,1.08386,1.25,1.95
2014.05.13 19:38:14.346,1.08363,1.08387,1.19,2.97
2014.05.13 19:38:15.154,1.08364,1.08386,1.25,1.95
2014.05.13 19:38:17.787,1.08363,1.08387,1.00,2.97
2014.05.13 19:38:19.216,1.0836,1.08387,1.19,2.97
2014.05.13 19:38:19.318,1.08364,1.08386,1.00,1.95
2014.05.13 19:38:20.015,1.08363,1.08387,1.00,2.97
2014.05.13 19:38:22.324,1.08364,1.08386,1.00,1.95
2014.05.13 19:38:22.741,1.0836,1.08387,1.69,3.72
2014.05.13 19:38:22.842,1.08364,1.08386,1.00,1.95
2014.05.13 19:38:25.561,1.08363,1.08386,1.25,1.39
2014.05.13 19:38:26.834,1.08363,1.08386,1.19,1.48
2014.05.13 19:38:28.685,1.08363,1.08386,1.00,1.48
2014.05.13 19:38:29.193,1.08364,1.08386,1.00,2.70
2014.05.13 19:38:29.897,1.08363,1.08386,1.00,1.48
2014.05.13 19:38:30.501,1.08364,1.08386,1.00,2.70
2014.05.13 19:38:32.118,1.08363,1.08386,1.00,1.48
2014.05.13 19:38:33.131,1.08364,1.08386,1.00,2.70
2014.05.13 19:38:34.369,1.08363,1.08386,1.19,1.48
2014.05.13 19:38:34.958,1.08364,1.08386,1.25,2.70
2014.05.13 19:38:35.492,1.08363,1.08386,1.25,1.67
2014.05.13 19:38:37.471,1.08364,1.08386,1.00,2.89
2014.05.13 19:38:37.980,1.08363,1.08382,1.00,1.88
2014.05.13 19:38:38.486,1.08364,1.08381,1.00,1.88
2014.05.13 19:38:39.226,1.08363,1.08386,1.00,1.57
2014.05.13 19:38:40.301,1.08361,1.08381,1.50,1.88
2014.05.13 19:38:40.846,1.08361,1.08382,1.00,2.07
2014.05.13 19:38:42.108,1.08361,1.08381,1.00,1.88
2014.05.13 19:38:42.716,1.08361,1.08381,1.00,2.07
2014.05.13 19:38:43.787,1.08361,1.08381,1.00,2.07
2014.05.13 19:38:46.903,1.08361,1.08381,1.00,2.07
2014.05.13 19:38:49.997,1.0836,1.08381,1.50,2.07
2014.05.13 19:38:51.809,1.0836,1.08382,1.50,2.07
2014.05.13 19:38:57.253,1.0836,1.08381,1.00,2.07
2014.05.13 19:38:58.523,1.0836,1.08381,1.25,2.07
2014.05.13 19:39:00.072,1.0836,1.08381,1.50,2.07
2014.05.13 19:39:01.489,1.0836,1.08382,1.50,1.88
2014.05.13 19:39:01.828,1.08362,1.08382,1.00,1.88
2014.05.13 19:39:02.142,1.0836,1.08382,1.50,1.88
2014.05.13 19:39:02.700,1.0836,1.08381,1.50,1.88
2014.05.13 19:39:02.801,1.0836,1.08381,1.58,1.88
2014.05.13 19:39:03.466,1.0836,1.08386,1.69,2.07
2014.05.13 19:39:04.276,1.0836,1.08381,1.50,1.88
2014.05.13 19:39:04.780,1.0836,1.08382,1.50,1.88
2014.05.13 19:39:05.334,1.0836,1.08381,1.50,1.88
2014.05.13 19:39:05.844,1.0836,1.08382,1.50,1.88
2014.05.13 19:39:06.595,1.0836,1.08381,1.50,1.88
2014.05.13 19:39:08.855,1.0836,1.08382,1.69,1.88
2014.05.13 19:39:09.222,1.0836,1.08381,1.69,1.88
2014.05.13 19:39:09.898,1.0836,1.08382,1.69,1.88
2014.05.13 19:39:10.536,1.0836,1.08381,1.69,1.88
2014.05.13 19:39:11.176,1.0836,1.08382,1.69,1.88
2014.05.13 19:39:12.124,1.0836,1.08381,1.69,1.88
2014.05.13 19:39:12.641,1.0836,1.08382,1.50,2.07
2014.05.13 19:39:12.937,1.0836,1.08381,1.50,1.88
2014.05.13 19:39:13.565,1.0836,1.08382,1.50,2.07
2014.05.13 19:39:14.073,1.0836,1.08381,1.50,2.07
2014.05.13 19:39:14.988,1.0836,1.08382,1.50,2.07
2014.05.13 19:39:15.510,1.0836,1.08381,1.50,2.07
2014.05.13 19:39:16.013,1.0836,1.08382,1.50,2.07
2014.05.13 19:39:16.711,1.0836,1.08381,1.50,2.14
2014.05.13 19:39:17.491,1.0836,1.08382,1.50,2.07
2014.05.13 19:39:18.058,1.0836,1.08381,1.50,2.14
2014.05.13 19:39:18.606,1.0836,1.08382,1.00,2.22
2014.05.13 19:39:19.121,1.0836,1.08381,1.00,2.14
2014.05.13 19:39:19.724,1.0836,1.08382,1.00,2.07
2014.05.13 19:39:20.247,1.0836,1.08381,1.00,2.07
2014.05.13 19:39:20.412,1.0836,1.08382,1.00,2.07
2014.05.13 19:39:20.921,1.0836,1.08382,1.00,2.07
2014.05.13 19:39:21.426,1.0836,1.08381,1.00,2.07
2014.05.13 19:39:21.939,1.0836,1.08382,1.00,2.07
2014.05.13 19:39:22.560,1.0836,1.08381,1.00,2.07
2014.05.13 19:39:23.147,1.0836,1.08382,1.00,2.07
2014.05.13 19:39:24.308,1.0836,1.08381,1.00,2.07
2014.05.13 19:39:24.915,1.0836,1.08382,1.00,2.07
2014.05.13 19:39:25.421,1.0836,1.08381,1.00,2.07
2014.05.13 19:39:27.203,1.0836,1.08382,1.00,2.07
2014.05.13 19:39:27.722,1.0836,1.08381,1.00,2.07
2014.05.13 19:39:28.270,1.08361,1.08382,1.00,2.07
2014.05.13 19:39:29.094,1.08361,1.08381,1.00,2.07
2014.05.13 19:39:30.028,1.08361,1.08382,1.00,2.07
2014.05.13 19:39:31.209,1.08361,1.08381,1.00,2.07
2014.05.13 19:39:33.133,1.08361,1.08382,1.00,2.07
2014.05.13 19:39:35.267,1.08361,1.08381,1.00,2.07
2014.05.13 19:39:35.959,1.08361,1.08382,1.00,2.07
2014.05.13 19:39:37.981,1.08361,1.08381,1.00,2.07
2014.05.13 19:39:38.996,1.08361,1.08382,1.00,2.07
2014.05.13 19:39:39.901,1.08361,1.08381,1.00,2.07
2014.05.13 19:39:40.469,1.08359,1.08381,1.50,2.07
2014.05.13 19:39:40.621,1.08359,1.08382,1.50,2.07
2014.05.13 19:39:40.938,1.08359,1.08382,1.50,2.07
2014.05.13 19:39:45.104,1.08359,1.08381,2.44,2.07
2014.05.13 19:39:47.252,1.08361,1.08381,1.00,2.07
2014.05.13 19:39:47.455,1.08361,1.08385,1.39,1.88
2014.05.13 19:39:47.607,1.08361,1.08385,1.34,1.88
2014.05.13 19:39:48.354,1.08361,1.08385,1.34,1.50
2014.05.13 19:39:48.463,1.08361,1.08385,1.34,1.88
2014.05.13 19:39:49.071,1.08364,1.08385,1.20,1.88
2014.05.13 19:39:49.841,1.08363,1.08385,1.15,2.07
2014.05.13 19:39:50.490,1.08364,1.08385,1.20,2.07
2014.05.13 19:39:51.403,1.08363,1.08385,1.15,2.07
2014.05.13 19:39:51.923,1.08364,1.08385,1.20,2.07
2014.05.13 19:39:53.243,1.08363,1.08385,1.15,2.07
2014.05.13 19:39:55.542,1.08361,1.08385,1.40,2.07
2014.05.13 19:39:56.111,1.08361,1.08385,1.40,2.07
2014.05.13 19:39:56.682,1.08359,1.08385,1.84,2.07
2014.05.13 19:39:57.275,1.08359,1.08385,2.59,2.07
2014.05.13 19:39:57.851,1.08359,1.08385,2.59,2.07
2014.05.13 19:39:58.397,1.08359,1.08385,1.84,2.07
2014.05.13 19:39:59.220,1.08359,1.08385,2.59,2.07
2014.05.13 19:40:00.197,1.08359,1.08385,1.84,2.07
2014.05.13 19:40:00.715,1.08359,1.08385,2.59,2.07
2014.05.13 19:40:01.914,1.08359,1.08385,1.84,2.07
2014.05.13 19:40:02.923,1.08359,1.08385,2.59,2.07
2014.05.13 19:40:03.433,1.08359,1.08382,1.65,1.88
2014.05.13 19:40:03.534,1.08359,1.08382,1.58,1.88
2014.05.13 19:40:04.124,1.08359,1.08382,1.77,2.07
2014.05.13 19:40:07.926,1.08359,1.08382,1.58,2.07
2014.05.13 19:40:08.027,1.08359,1.08385,1.77,2.07
2014.05.13 19:40:09.002,1.0836,1.08384,1.25,1.57
2014.05.13 19:40:10.102,1.0836,1.08384,1.25,1.57
2014.05.13 19:40:10.807,1.0836,1.08384,1.25,1.57
2014.05.13 19:40:10.858,1.0836,1.08384,1.19,1.57
2014.05.13 19:40:12.042,1.0836,1.08384,1.19,1.57
2014.05.13 19:40:13.168,1.0836,1.08384,1.19,1.63
2014.05.13 19:40:14.470,1.0836,1.08384,1.19,1.57
2014.05.13 19:40:15.175,1.0836,1.08384,1.19,1.38
2014.05.13 19:40:15.330,1.0836,1.08384,1.19,1.57
2014.05.13 19:40:15.483,1.0836,1.08384,1.34,1.57
2014.05.13 19:40:16.143,1.0836,1.08384,1.34,1.57
2014.05.13 19:40:16.870,1.0836,1.08384,1.34,1.57
2014.05.13 19:40:17.864,1.0836,1.08384,1.34,1.57
2014.05.13 19:40:18.471,1.0836,1.08384,1.34,1.57
2014.05.13 19:40:22.230,1.0836,1.08384,1.34,1.57
2014.05.13 19:40:23.850,1.0836,1.08384,1.34,1.57
2014.05.13 19:40:24.499,1.0836,1.08384,1.34,1.57
2014.05.13 19:40:25.260,1.0836,1.08384,1.34,1.57
2014.05.13 19:40:25.767,1.0836,1.08384,1.34,1.38
2014.05.13 19:40:26.327,1.0836,1.08384,1.34,1.38
2014.05.13 19:40:27.016,1.0836,1.08384,1.34,1.38
2014.05.13 19:40:27.521,1.0836,1.08384,1.19,1.38
2014.05.13 19:40:27.971,1.0836,1.08384,1.25,1.57
2014.05.13 19:40:29.114,1.0836,1.08384,1.00,1.57
2014.05.13 19:40:30.910,1.0836,1.08386,1.19,3.57
2014.05.13 19:40:33.535,1.0836,1.08386,1.19,1.57
2014.05.13 19:40:34.073,1.0836,1.08386,1.19,2.82
2014.05.13 19:40:35.481,1.0836,1.08386,1.19,1.57
2014.05.13 19:40:35.987,1.0836,1.08386,1.19,3.57
2014.05.13 19:40:37.099,1.0836,1.08386,1.25,2.82
2014.05.13 19:40:37.704,1.0836,1.08386,1.25,1.57
2014.05.13 19:40:39.421,1.0836,1.08386,1.25,2.82
2014.05.13 19:40:39.522,1.0836,1.08386,1.19,2.82
2014.05.13 19:40:42.242,1.0836,1.08386,1.34,2.82
2014.05.13 19:40:42.344,1.0836,1.08386,1.34,1.19
2014.05.13 19:40:42.496,1.0836,1.08384,1.19,1.38
2014.05.13 19:40:43.007,1.08362,1.08386,1.00,2.07
2014.05.13 19:40:48.338,1.08362,1.08386,1.00,1.38
2014.05.13 19:40:49.188,1.08362,1.08386,1.00,2.63
2014.05.13 19:40:49.791,1.08362,1.08386,1.00,1.38
2014.05.13 19:40:50.297,1.08362,1.08386,1.19,1.57
2014.05.13 19:40:51.205,1.08362,1.08386,1.19,2.82
2014.05.13 19:40:51.566,1.08362,1.08386,1.19,1.57
2014.05.13 19:40:53.752,1.08362,1.08386,1.19,1.57
2014.05.13 19:40:53.906,1.0836,1.08386,1.10,1.38
2014.05.13 19:40:54.860,1.0836,1.08386,1.10,2.63
2014.05.13 19:40:55.413,1.0836,1.08386,1.10,1.38
2014.05.13 19:40:57.713,1.0836,1.08386,1.25,3.64
2014.05.13 19:40:58.498,1.0836,1.08386,1.25,1.67
2014.05.13 19:40:58.796,1.0836,1.08385,1.25,1.57
2014.05.13 19:41:00.878,1.0836,1.08384,1.00,1.57
2014.05.13 19:41:01.405,1.08358,1.08382,1.10,1.38
2014.05.13 19:41:01.915,1.0836,1.08383,1.00,1.63
2014.05.13 19:41:01.966,1.0836,1.08384,1.00,1.19
2014.05.13 19:41:02.017,1.0836,1.08384,1.15,1.19
2014.05.13 19:41:03.126,1.0836,1.08384,1.15,1.00
2014.05.13 19:41:08.116,1.08362,1.08384,1.39,1.00
2014.05.13 19:41:08.559,1.08362,1.08384,1.37,1.00
2014.05.13 19:41:10.472,1.08362,1.08384,1.37,1.00
2014.05.13 19:41:12.798,1.08362,1.08384,1.37,1.00
2014.05.13 19:41:15.610,1.0836,1.08384,1.34,1.00
2014.05.13 19:41:16.771,1.08362,1.08384,1.37,1.00
2014.05.13 19:41:18.850,1.08362,1.08384,1.37,1.00
2014.05.13 19:41:19.473,1.08365,1.08392,1.18,2.07
2014.05.13 19:41:20.699,1.08367,1.08391,1.10,1.19
2014.05.13 19:41:21.788,1.08367,1.08391,1.10,1.19
2014.05.13 19:41:23.928,1.08367,1.08391,1.10,1.19
2014.05.13 19:41:27.112,1.08367,1.08391,1.10,1.32
2014.05.13 19:41:28.362,1.08367,1.08391,1.00,1.19
2014.05.13 19:41:30.116,1.08366,1.08388,1.00,1.00
2014.05.13 19:41:30.617,1.08366,1.0839,1.00,1.19
2014.05.13 19:41:33.018,1.08366,1.0839,1.00,1.25
2014.05.13 19:41:35.123,1.08366,1.0839,1.00,1.19
2014.05.13 19:41:37.788,1.08365,1.08388,1.00,1.00
2014.05.13 19:41:37.941,1.08366,1.08389,1.00,1.63
2014.05.13 19:41:38.452,1.08365,1.08388,1.00,2.07
2014.05.13 19:41:39.254,1.08365,1.08388,1.00,2.07
2014.05.13 19:41:41.554,1.08365,1.08388,1.00,2.07
2014.05.13 19:41:44.030,1.08365,1.08388,1.00,2.07
2014.05.13 19:41:45.036,1.08365,1.08389,1.00,1.57
2014.05.13 19:41:46.112,1.08365,1.08389,1.00,1.57
2014.05.13 19:41:46.790,1.08365,1.08389,1.00,1.57
2014.05.13 19:41:48.489,1.08365,1.08389,1.00,1.57
2014.05.13 19:41:49.032,1.08365,1.08389,1.00,1.57
2014.05.13 19:41:49.693,1.08365,1.08389,1.00,1.57
2014.05.13 19:41:50.155,1.08365,1.08384,1.00,1.00
2014.05.13 19:41:52.659,1.08365,1.08384,1.00,1.19
2014.05.13 19:41:59.911,1.08365,1.08388,1.00,2.07
2014.05.13 19:42:00.620,1.08365,1.08387,1.00,1.32
2014.05.13 19:42:01.779,1.08365,1.08386,1.00,1.32
2014.05.13 19:42:05.605,1.08365,1.08384,1.00,1.19
2014.05.13 19:42:06.702,1.08365,1.08384,1.00,1.19
2014.05.13 19:42:08.158,1.08365,1.08384,1.00,1.57
2014.05.13 19:42:08.616,1.08365,1.08384,1.00,1.57
2014.05.13 19:42:09.612,1.08365,1.08384,1.00,1.57
2014.05.13 19:42:13.860,1.08365,1.08384,1.00,1.57
2014.05.13 19:42:16.996,1.08365,1.08384,1.00,1.57
2014.05.13 19:42:17.708,1.08365,1.08384,1.00,1.57
2014.05.13 19:42:18.765,1.08365,1.08384,1.00,1.38
2014.05.13 19:42:19.441,1.08363,1.08384,1.00,1.38
2014.05.13 19:42:20.049,1.08363,1.08384,1.00,1.57
2014.05.13 19:42:21.660,1.08363,1.08384,1.00,1.57
2014.05.13 19:42:22.666,1.08363,1.08384,1.00,1.63
2014.05.13 19:42:22.990,1.08363,1.08384,1.25,1.00
2014.05.13 19:42:23.677,1.08363,1.08384,1.00,1.19
2014.05.13 19:42:24.558,1.08363,1.08384,1.00,1.19
2014.05.13 19:42:26.313,1.08363,1.08384,1.00,1.00
2014.05.13 19:42:27.377,1.08363,1.08384,1.00,1.19
2014.05.13 19:42:29.176,1.08363,1.08384,1.00,1.00
2014.05.13 19:42:33.191,1.08363,1.08384,1.19,1.25
2014.05.13 19:42:35.323,1.08363,1.08384,1.00,1.25
2014.05.13 19:42:36.501,1.08363,1.08384,1.00,1.19
2014.05.13 19:42:39.712,1.08363,1.08384,1.25,1.19
2014.05.13 19:42:41.419,1.08363,1.08384,1.00,1.25
2014.05.13 19:42:45.432,1.08363,1.08384,1.00,1.19
2014.05.13 19:42:49.626,1.08359,1.08384,1.69,1.19
2014.05.13 19:42:53.257,1.08359,1.08384,1.69,1.00
2014.05.13 19:42:57.368,1.08359,1.08384,1.19,1.25
2014.05.13 19:42:58.370,1.08359,1.08384,1.19,1.25
2014.05.13 19:43:02.112,1.08362,1.08384,1.25,1.00
2014.05.13 19:43:03.086,1.08362,1.08384,1.19,1.25
2014.05.13 19:43:05.033,1.08362,1.08384,1.00,1.25
2014.05.13 19:43:06.194,1.08362,1.08385,1.19,1.19
2014.05.13 19:43:08.899,1.08362,1.08385,1.25,1.19
2014.05.13 19:43:15.813,1.08362,1.08385,1.00,1.19
2014.05.13 19:43:23.785,1.08362,1.08384,1.00,1.19
2014.05.13 19:43:25.145,1.08362,1.08384,1.00,1.19
2014.05.13 19:43:26.491,1.08362,1.08384,1.00,1.19
2014.05.13 19:43:26.825,1.08364,1.08387,1.50,1.32
2014.05.13 19:43:26.876,1.08364,1.0839,1.00,2.82
2014.05.13 19:43:27.475,1.08366,1.08388,1.00,1.19
2014.05.13 19:43:31.257,1.08366,1.08391,1.00,1.69
2014.05.13 19:43:32.965,1.08366,1.08391,1.00,1.69
2014.05.13 19:43:34.067,1.08366,1.08391,1.00,1.69
2014.05.13 19:43:37.103,1.08366,1.08391,1.00,1.69
2014.05.13 19:43:38.481,1.08366,1.08391,1.00,1.69
2014.05.13 19:43:43.103,1.08365,1.08391,1.50,1.69
2014.05.13 19:43:44.197,1.08365,1.08391,1.50,1.69
2014.05.13 19:43:48.107,1.08365,1.08391,1.50,1.69
2014.05.13 19:43:50.712,1.08363,1.08389,1.10,1.25
2014.05.13 19:43:50.813,1.08363,1.08387,1.10,1.00
2014.05.13 19:44:14.308,1.08364,1.08389,1.00,1.25
2014.05.13 19:44:15.332,1.08362,1.08388,1.65,1.00
2014.05.13 19:44:15.484,1.08362,1.08388,1.50,1.10
2014.05.13 19:44:15.586,1.08362,1.08383,1.50,1.00
2014.05.13 19:44:15.781,1.08362,1.08388,1.50,1.77
2014.05.13 19:44:16.340,1.08362,1.08388,1.50,2.52
2014.05.13 19:44:17.396,1.08362,1.08386,1.50,1.19
2014.05.13 19:44:18.426,1.08362,1.08385,1.00,1.19
2014.05.13 19:44:21.010,1.08362,1.08385,1.19,1.19
2014.05.13 19:44:22.324,1.08362,1.08386,1.69,1.19
2014.05.13 19:44:25.118,1.08362,1.08388,1.69,1.77
2014.05.13 19:44:27.025,1.08362,1.08388,1.69,1.77
2014.05.13 19:44:27.538,1.08364,1.08387,1.00,1.19
2014.05.13 19:44:28.221,1.08364,1.08387,1.50,1.19
2014.05.13 19:44:28.734,1.08365,1.0839,1.50,1.19
2014.05.13 19:44:29.136,1.08365,1.08391,1.50,1.69
2014.05.13 19:44:29.339,1.08367,1.08391,1.50,1.19
2014.05.13 19:44:30.757,1.08367,1.08391,1.50,2.07
2014.05.13 19:44:32.275,1.08365,1.08391,1.00,2.82
2014.05.13 19:44:32.377,1.08363,1.08387,2.52,1.19
2014.05.13 19:44:32.693,1.08364,1.08387,1.15,1.19
2014.05.13 19:44:33.204,1.08363,1.08387,1.84,1.00
2014.05.13 19:44:37.514,1.08363,1.08387,1.84,1.00
2014.05.13 19:44:37.792,1.08363,1.08387,1.10,1.00
2014.05.13 19:44:37.996,1.08363,1.08389,1.58,1.19
2014.05.13 19:44:38.532,1.08367,1.08391,1.00,1.19
2014.05.13 19:44:39.395,1.08367,1.08391,1.00,1.19
2014.05.13 19:44:41.132,1.08367,1.08391,1.00,1.19
2014.05.13 19:44:47.520,1.08367,1.08391,1.00,1.19
2014.05.13 19:44:49.166,1.08367,1.08391,1.00,1.00
2014.05.13 19:45:00.308,1.08366,1.08386,1.10,1.00
2014.05.13 19:45:00.561,1.08363,1.08386,1.15,1.00
2014.05.13 19:45:00.978,1.08366,1.08386,1.00,1.00
2014.05.13 19:45:22.669,1.08362,1.08386,1.65,1.00
2014.05.13 19:45:25.479,1.08362,1.08386,1.65,1.00
2014.05.13 19:45:28.831,1.08362,1.08387,1.18,1.50
2014.05.13 19:45:47.111,1.08362,1.08387,1.65,1.50
2014.05.13 19:45:47.654,1.08362,1.08387,1.65,1.50
2014.05.13 19:45:52.142,1.08364,1.08388,1.15,1.00
2014.05.13 19:46:00.703,1.08367,1.08388,1.00,1.00
2014.05.13 19:46:05.281,1.08367,1.08387,1.00,1.00
2014.05.13 19:46:05.588,1.08365,1.08383,1.00,1.00
2014.05.13 19:46:05.892,1.08365,1.08385,1.00,1.00
2014.05.13 19:46:12.712,1.08361,1.08385,1.65,1.00
2014.05.13 19:46:12.864,1.08363,1.08387,1.58,1.13
2014.05.13 19:46:13.171,1.08367,1.08387,1.00,1.38
2014.05.13 19:46:13.677,1.08367,1.08387,1.00,1.00
2014.05.13 19:46:16.864,1.08367,1.08389,1.00,1.00
2014.05.13 19:46:17.380,1.08367,1.0839,1.00,1.00
2014.05.13 19:46:19.504,1.08369,1.0839,1.00,1.00
2014.05.13 19:46:20.192,1.08368,1.0839,1.00,1.00
2014.05.13 19:46:20.702,1.08367,1.0839,1.00,1.00
2014.05.13 19:46:21.511,1.08368,1.0839,1.00,1.00
2014.05.13 19:46:22.167,1.08369,1.0839,1.00,1.00
2014.05.13 19:46:22.552,1.08367,1.0839,1.00,1.00
2014.05.13 19:46:23.162,1.08368,1.0839,1.00,1.00
2014.05.13 19:46:23.823,1.08369,1.0839,1.00,1.00
2014.05.13 19:46:24.457,1.08367,1.0839,1.00,1.00
2014.05.13 19:46:24.559,1.08369,1.0839,1.00,1.00
2014.05.13 19:46:25.145,1.08368,1.0839,1.00,1.00
2014.05.13 19:46:25.710,1.08368,1.08392,1.65,1.88
2014.05.13 19:46:26.176,1.08367,1.08387,1.15,1.00
2014.05.13 19:46:26.277,1.08364,1.08387,1.18,1.00
2014.05.13 19:46:26.888,1.08366,1.08389,1.10,1.00
2014.05.13 19:46:27.405,1.08367,1.0839,1.00,1.00
2014.05.13 19:46:37.137,1.08367,1.08391,1.00,2.63
2014.05.13 19:46:37.238,1.08364,1.08387,1.00,1.50
2014.05.13 19:46:37.744,1.08365,1.08387,1.00,1.88
2014.05.13 19:46:38.401,1.08365,1.08387,1.00,1.88
2014.05.13 19:46:39.009,1.08365,1.08387,1.00,1.88
2014.05.13 19:46:39.864,1.08365,1.08387,1.00,1.88
2014.05.13 19:46:40.370,1.08365,1.08387,1.00,1.88
2014.05.13 19:46:40.886,1.08365,1.08387,1.00,1.88
2014.05.13 19:46:41.390,1.08365,1.08387,1.00,1.88
2014.05.13 19:46:42.750,1.08365,1.08387,1.00,1.88
2014.05.13 19:46:43.263,1.08365,1.08388,1.00,1.38
2014.05.13 19:46:44.066,1.08365,1.08388,1.00,1.38
2014.05.13 19:46:46.182,1.08365,1.08388,1.00,1.38
2014.05.13 19:46:48.008,1.08365,1.08388,1.00,1.38
2014.05.13 19:46:49.301,1.08365,1.08388,1.00,1.38
2014.05.13 19:46:51.206,1.08365,1.08388,1.00,1.38
2014.05.13 19:46:51.810,1.08365,1.08388,1.00,1.38
2014.05.13 19:46:54.236,1.08365,1.08388,1.00,1.38
2014.05.13 19:46:55.290,1.08365,1.08388,1.00,1.38
2014.05.13 19:46:56.463,1.08365,1.08391,1.50,2.70
2014.05.13 19:46:57.141,1.08365,1.08391,1.50,2.70
2014.05.13 19:46:58.235,1.08368,1.08392,1.00,3.38
2014.05.13 19:46:58.641,1.08371,1.08392,1.00,1.00
2014.05.13 19:46:59.147,1.08372,1.08392,1.00,1.00
2014.05.13 19:46:59.654,1.08371,1.08392,1.00,1.00
2014.05.13 19:47:01.472,1.08371,1.08395,1.50,1.00
2014.05.13 19:47:09.298,1.08371,1.08394,1.50,1.00
2014.05.13 19:47:09.401,1.08371,1.08392,1.00,1.00
2014.05.13 19:47:31.497,1.08371,1.08394,1.50,1.00
2014.05.13 19:47:32.039,1.08372,1.08395,1.10,1.00
2014.05.13 19:47:37.602,1.08375,1.08397,1.00,1.00
2014.05.13 19:47:38.037,1.08375,1.08399,1.00,1.00
2014.05.13 19:47:38.409,1.08374,1.08394,1.50,1.00
2014.05.13 19:47:38.510,1.08371,1.08392,1.00,1.50
2014.05.13 19:47:38.940,1.08369,1.08392,1.00,1.50
2014.05.13 19:47:39.500,1.08369,1.08393,1.50,1.00
2014.05.13 19:47:39.753,1.08368,1.08391,1.65,1.00
2014.05.13 19:47:39.905,1.08369,1.08395,1.50,1.50
2014.05.13 19:47:50.147,1.08369,1.08392,1.00,1.00
2014.05.13 19:47:50.758,1.08368,1.08392,2.40,1.00
2014.05.13 19:47:51.259,1.0837,1.08394,1.00,1.00
2014.05.13 19:47:51.789,1.08371,1.08394,1.00,1.00
2014.05.13 19:47:53.387,1.08374,1.08394,1.00,1.00
2014.05.13 19:47:53.438,1.08374,1.084,1.50,1.15
2014.05.13 19:47:59.152,1.08374,1.08397,2.25,1.00
2014.05.13 19:47:59.253,1.08375,1.08399,1.00,1.20
2014.05.13 19:48:06.778,1.08373,1.08399,1.50,1.50
2014.05.13 19:48:07.312,1.08372,1.08398,1.10,1.00
2014.05.13 19:48:08.182,1.0837,1.08394,1.10,1.00
2014.05.13 19:48:08.529,1.08367,1.08391,1.50,1.00
2014.05.13 19:48:09.688,1.08369,1.08395,1.10,1.00
2014.05.13 19:48:10.213,1.0837,1.08395,1.00,1.00
2014.05.13 19:48:11.939,1.08374,1.08395,1.00,1.00
2014.05.13 19:48:12.942,1.08373,1.08395,1.00,1.00
2014.05.13 19:48:13.538,1.08374,1.08395,1.00,1.00
2014.05.13 19:48:13.711,1.0837,1.08395,1.00,1.00
2014.05.13 19:48:13.812,1.08373,1.08395,1.00,1.00
2014.05.13 19:48:15.628,1.0837,1.08395,1.00,1.00
2014.05.13 19:48:15.759,1.08374,1.08395,1.00,1.00
2014.05.13 19:48:16.508,1.08373,1.08395,1.00,1.00
2014.05.13 19:48:17.456,1.0837,1.08395,1.00,1.00
2014.05.13 19:48:17.557,1.08374,1.08395,1.00,1.00
2014.05.13 19:48:18.060,1.08373,1.08395,1.00,1.00
2014.05.13 19:48:18.666,1.08374,1.08395,1.00,1.00
2014.05.13 19:48:19.176,1.08373,1.08395,1.00,1.00
2014.05.13 19:48:19.227,1.0837,1.08395,1.00,1.00
2014.05.13 19:48:19.383,1.08374,1.08395,1.00,1.00
2014.05.13 19:48:20.798,1.08373,1.08395,1.00,1.00
2014.05.13 19:48:21.102,1.0837,1.08395,1.00,1.00
2014.05.13 19:48:21.254,1.08374,1.08395,1.00,1.00
2014.05.13 19:48:21.915,1.08373,1.08395,1.00,1.00
2014.05.13 19:48:22.995,1.0837,1.08395,1.00,1.00
2014.05.13 19:48:23.117,1.08373,1.08395,1.00,1.00
2014.05.13 19:48:23.820,1.08374,1.08395,1.00,1.00
2014.05.13 19:48:24.915,1.0837,1.08395,1.18,1.00
2014.05.13 19:48:25.043,1.08374,1.08395,1.00,1.00
2014.05.13 19:48:26.167,1.08373,1.08395,1.00,1.00
2014.05.13 19:48:26.869,1.0837,1.08395,1.18,1.00
2014.05.13 19:48:26.942,1.08373,1.08395,1.00,1.00
2014.05.13 19:48:27.545,1.08374,1.08395,1.00,1.00
2014.05.13 19:48:28.061,1.08373,1.08395,1.00,1.00
2014.05.13 19:48:28.717,1.08374,1.08395,1.00,1.00
2014.05.13 19:48:28.768,1.0837,1.08395,1.18,1.00
2014.05.13 19:48:28.869,1.08374,1.08395,1.00,1.00
2014.05.13 19:48:30.083,1.08373,1.08395,1.00,1.00
2014.05.13 19:48:30.622,1.08374,1.08395,1.00,1.00
2014.05.13 19:48:30.724,1.0837,1.08395,1.18,1.00
2014.05.13 19:48:30.825,1.08374,1.08395,1.00,1.00
2014.05.13 19:48:31.361,1.08373,1.08395,1.00,1.00
2014.05.13 19:48:32.021,1.08374,1.08395,1.00,1.00
2014.05.13 19:48:32.563,1.0837,1.08395,1.18,1.00
2014.05.13 19:48:32.664,1.08374,1.08395,1.00,1.00
2014.05.13 19:48:33.473,1.08373,1.08395,1.00,1.00
2014.05.13 19:48:34.029,1.0837,1.08393,1.00,1.50
2014.05.13 19:48:34.080,1.08368,1.08393,1.00,1.50
2014.05.13 19:48:34.941,1.08369,1.08395,1.08,1.00
2014.05.13 19:48:35.244,1.08375,1.08399,1.00,1.50
2014.05.13 19:48:37.174,1.08373,1.08396,1.50,1.00
2014.05.13 19:48:37.684,1.08372,1.08396,1.50,1.00
2014.05.13 19:48:47.465,1.08372,1.08396,1.65,1.00
2014.05.13 19:48:49.445,1.08376,1.084,1.00,1.00
2014.05.13 19:48:57.195,1.08374,1.08398,1.10,1.00
2014.05.13 19:48:57.673,1.08375,1.08401,1.00,1.00
2014.05.13 19:49:02.681,1.08373,1.08394,1.18,1.00
2014.05.13 19:49:02.732,1.08371,1.08394,1.00,1.00
2014.05.13 19:49:05.020,1.08374,1.08394,1.00,1.00
2014.05.13 19:49:05.698,1.08373,1.08394,1.00,1.00
2014.05.13 19:49:06.291,1.08374,1.08394,1.00,1.00
2014.05.13 19:49:06.839,1.0837,1.08394,1.15,1.00
2014.05.13 19:49:06.941,1.08374,1.08394,1.00,1.00
2014.05.13 19:49:07.244,1.0837,1.08394,1.65,1.00
2014.05.13 19:49:07.295,1.08371,1.08397,1.20,1.00
2014.05.13 19:49:18.703,1.08371,1.08395,1.20,1.00
2014.05.13 19:49:26.132,1.08371,1.08396,1.00,1.00
2014.05.13 19:49:27.138,1.08371,1.08395,1.00,1.00
2014.05.13 19:49:35.962,1.08371,1.08396,1.50,1.13
2014.05.13 19:49:39.540,1.08369,1.08393,1.10,1.00
2014.05.13 19:49:40.068,1.08369,1.08392,1.00,1.00
2014.05.13 19:49:46.456,1.0837,1.08394,1.00,1.50
2014.05.13 19:50:01.056,1.08373,1.08394,1.00,1.00
2014.05.13 19:50:01.364,1.08373,1.08396,1.00,1.50
2014.05.13 19:50:01.810,1.08373,1.08393,1.00,1.00
2014.05.13 19:50:01.861,1.08369,1.08391,1.00,1.00
2014.05.13 19:50:01.962,1.08373,1.0839,1.00,1.00
2014.05.13 19:50:02.013,1.08373,1.08394,1.00,1.00
2014.05.13 19:50:03.319,1.08373,1.08396,1.00,1.50
2014.05.13 19:50:03.851,1.08373,1.08395,1.00,1.00
2014.05.13 19:50:25.273,1.08374,1.08395,1.00,1.00
2014.05.13 19:50:26.071,1.08373,1.08395,1.50,1.00
2014.05.13 19:50:26.676,1.08374,1.08395,1.00,1.00
2014.05.13 19:50:27.185,1.08373,1.08395,1.50,1.00
2014.05.13 19:50:28.397,1.08374,1.08395,1.00,1.00
2014.05.13 19:50:28.912,1.08373,1.08395,1.50,1.00
2014.05.13 19:50:29.516,1.08374,1.08395,1.00,1.00
2014.05.13 19:50:30.236,1.08373,1.08395,1.00,1.00
2014.05.13 19:50:30.862,1.08374,1.08395,1.00,1.00
2014.05.13 19:50:31.522,1.08373,1.08395,1.50,1.00
2014.05.13 19:50:32.099,1.08374,1.08395,1.00,1.00
2014.05.13 19:50:33.552,1.08373,1.08395,1.50,1.00
2014.05.13 19:50:36.191,1.08374,1.08395,1.00,1.00
2014.05.13 19:50:37.514,1.08373,1.08395,1.50,1.00
2014.05.13 19:50:38.038,1.08374,1.08395,1.00,1.00
2014.05.13 19:50:38.783,1.08373,1.08395,1.50,1.00
2014.05.13 19:50:39.400,1.08374,1.08395,1.00,1.00
2014.05.13 19:50:40.417,1.08373,1.08395,1.69,1.00
2014.05.13 19:50:41.025,1.08374,1.08395,1.00,1.00
2014.05.13 19:50:41.637,1.08373,1.08395,1.25,1.00
2014.05.13 19:50:42.196,1.08374,1.08395,1.00,1.00
2014.05.13 19:50:42.756,1.08373,1.08395,1.50,1.00
2014.05.13 19:50:43.452,1.08374,1.08395,1.00,1.00
2014.05.13 19:50:43.982,1.08373,1.08395,1.50,1.00
2014.05.13 19:50:45.149,1.08374,1.08395,1.00,1.00
2014.05.13 19:50:47.092,1.08373,1.08395,1.50,1.00
2014.05.13 19:50:47.669,1.08374,1.08395,1.00,1.00
2014.05.13 19:50:48.794,1.08373,1.08395,1.69,1.00
2014.05.13 19:50:49.298,1.08374,1.08395,1.00,1.00
2014.05.13 19:50:49.856,1.08373,1.08395,1.69,1.00
2014.05.13 19:50:50.724,1.08374,1.08395,1.00,1.00
2014.05.13 19:50:52.703,1.08373,1.08395,1.50,1.25
2014.05.13 19:50:53.248,1.08374,1.08398,3.00,1.19
2014.05.13 19:50:54.148,1.08374,1.08397,1.00,1.00
2014.05.13 19:50:57.830,1.08374,1.08397,1.00,1.19
2014.05.13 19:51:01.788,1.08373,1.08397,1.77,1.32
2014.05.13 19:51:02.696,1.08374,1.08397,1.00,1.32
2014.05.13 19:51:03.218,1.08374,1.08398,2.25,1.57
2014.05.13 19:51:03.838,1.08374,1.08398,3.00,2.07
2014.05.13 19:51:04.474,1.08374,1.08399,1.50,1.19
2014.05.13 19:51:05.004,1.08374,1.08399,1.50,1.19
2014.05.13 19:51:07.890,1.08374,1.08399,2.25,1.19
2014.05.13 19:51:09.870,1.08374,1.08399,1.00,1.00
2014.05.13 19:51:11.572,1.08374,1.08399,1.50,1.19
2014.05.13 19:51:12.576,1.08374,1.08399,2.25,1.25
2014.05.13 19:51:14.083,1.08374,1.08399,1.00,1.19
2014.05.13 19:51:16.165,1.08374,1.08399,1.00,1.19
2014.05.13 19:51:17.132,1.08374,1.08399,1.50,1.19
2014.05.13 19:51:21.424,1.08374,1.08399,1.50,1.19
2014.05.13 19:51:28.826,1.08374,1.08399,2.25,1.19
2014.05.13 19:51:31.333,1.08374,1.08399,1.50,1.57
2014.05.13 19:51:32.538,1.08375,1.08397,1.00,1.63
2014.05.13 19:51:33.203,1.08374,1.08396,1.50,1.38
2014.05.13 19:51:52.689,1.08373,1.08396,1.58,1.57
2014.05.13 19:51:53.396,1.08374,1.08396,1.00,1.38
2014.05.13 19:51:54.609,1.08373,1.08397,1.50,2.07
2014.05.13 19:51:56.035,1.08374,1.08396,1.00,1.38
2014.05.13 19:51:56.551,1.08373,1.08397,1.25,2.07
2014.05.13 19:51:57.056,1.08374,1.08396,1.00,1.38
2014.05.13 19:51:57.614,1.08373,1.08397,1.69,2.07
2014.05.13 19:51:58.476,1.08374,1.08396,1.00,1.38
2014.05.13 19:51:59.270,1.08373,1.08397,1.69,2.07
2014.05.13 19:52:00.189,1.08374,1.08396,1.00,1.38
2014.05.13 19:52:01.235,1.08374,1.08396,1.00,1.00
2014.05.13 19:52:01.439,1.08375,1.08399,1.50,1.19
2014.05.13 19:52:04.042,1.08375,1.08399,1.50,1.25
2014.05.13 19:52:11.857,1.08375,1.08399,1.50,1.19
2014.05.13 19:52:15.677,1.08375,1.08399,1.50,1.19
2014.05.13 19:52:18.074,1.08375,1.08399,1.50,1.25
2014.05.13 19:52:20.931,1.08375,1.08399,1.50,1.19
2014.05.13 19:52:26.577,1.08375,1.08399,1.50,1.19
2014.05.13 19:52:33.897,1.08375,1.08399,1.50,1.19
2014.05.13 19:52:39.917,1.08375,1.08399,1.50,1.19
2014.05.13 19:52:41.621,1.08375,1.08399,1.50,1.19
2014.05.13 19:52:42.598,1.08373,1.08399,2.25,1.19
2014.05.13 19:52:42.649,1.08374,1.08399,1.69,1.19
2014.05.13 19:52:42.701,1.08377,1.08399,1.00,1.19
2014.05.13 19:52:43.006,1.08378,1.084,1.00,1.69
2014.05.13 19:52:43.056,1.08378,1.08399,1.00,1.19
2014.05.13 19:52:44.045,1.08379,1.08399,1.00,1.19
2014.05.13 19:52:44.550,1.08378,1.08399,1.50,1.19
2014.05.13 19:52:45.269,1.08379,1.08399,1.00,1.19
2014.05.13 19:52:45.776,1.08378,1.08398,1.00,1.19
2014.05.13 19:52:46.489,1.08379,1.08399,1.00,1.19
2014.05.13 19:52:47.055,1.08379,1.08399,1.00,1.25
2014.05.13 19:52:47.846,1.08378,1.08399,1.00,1.25
2014.05.13 19:52:48.374,1.08378,1.08399,1.50,1.19
2014.05.13 19:52:48.965,1.08379,1.08399,1.00,1.19
2014.05.13 19:52:49.571,1.08378,1.08399,1.50,1.19
2014.05.13 19:52:52.076,1.08378,1.08399,1.50,1.00
2014.05.13 19:52:52.896,1.08379,1.08399,1.00,1.00
2014.05.13 19:52:54.055,1.08379,1.08401,1.00,2.82
2014.05.13 19:52:54.556,1.08379,1.08401,1.00,2.82
2014.05.13 19:52:55.515,1.08378,1.08401,1.00,1.19
2014.05.13 19:52:57.034,1.08378,1.08398,1.50,1.00
2014.05.13 19:52:57.904,1.08379,1.08398,1.00,1.00
2014.05.13 19:52:59.721,1.08378,1.08398,1.69,1.00
2014.05.13 19:53:01.035,1.08379,1.08398,1.00,1.00
2014.05.13 19:53:01.792,1.08378,1.08398,1.50,1.00
2014.05.13 19:53:02.298,1.08379,1.08398,1.00,1.00
2014.05.13 19:53:02.809,1.08378,1.08398,2.25,1.00
2014.05.13 19:53:03.464,1.08379,1.08398,1.00,1.25
2014.05.13 19:53:04.270,1.08378,1.08398,2.25,1.25
2014.05.13 19:53:04.777,1.08379,1.08398,1.00,1.25
2014.05.13 19:53:05.441,1.08379,1.08398,1.00,1.19
2014.05.13 19:53:05.952,1.08379,1.08398,1.00,1.00
2014.05.13 19:53:07.901,1.08378,1.08398,1.69,1.00
2014.05.13 19:53:12.889,1.08378,1.08398,1.00,1.19
2014.05.13 19:53:16.162,1.08378,1.08398,1.00,1.50
2014.05.13 19:53:20.897,1.08378,1.08398,1.00,1.69
2014.05.13 19:53:21.865,1.08386,1.08398,1.00,1.69
2014.05.13 19:53:22.410,1.08386,1.08396,1.00,1.00
2014.05.13 19:53:25.137,1.08386,1.08396,1.00,1.19
2014.05.13 19:53:27.606,1.08386,1.08396,1.00,1.25
2014.05.13 19:53:31.892,1.08386,1.08397,1.00,1.25
2014.05.13 19:53:31.993,1.08382,1.08401,1.00,1.19
2014.05.13 19:53:32.145,1.08382,1.08398,1.00,1.19
2014.05.13 19:53:32.646,1.08381,1.08398,1.00,1.69
2014.05.13 19:53:35.983,1.08381,1.08398,1.00,1.69
2014.05.13 19:54:00.747,1.08378,1.08398,1.00,1.00
2014.05.13 19:54:01.252,1.08377,1.08398,1.00,1.00
2014.05.13 19:54:08.443,1.08377,1.08399,1.00,1.50
2014.05.13 19:54:08.595,1.08379,1.08399,1.00,1.69
2014.05.13 19:54:08.899,1.08377,1.08396,1.00,1.38
2014.05.13 19:54:26.092,1.08377,1.08397,1.00,1.38
2014.05.13 19:54:39.621,1.08377,1.08396,1.00,1.00
2014.05.13 19:54:39.826,1.08377,1.08398,1.00,1.00
2014.05.13 19:54:47.826,1.08377,1.08398,1.00,1.19
2014.05.13 19:54:50.609,1.08377,1.08398,1.00,1.19
2014.05.13 19:54:52.155,1.08377,1.08398,1.00,1.19
2014.05.13 19:54:53.835,1.08374,1.08398,1.20,1.19
2014.05.13 19:54:56.026,1.08374,1.08398,2.03,1.00
2014.05.13 19:55:02.896,1.08377,1.08399,1.00,1.50
2014.05.13 19:55:03.201,1.0838,1.08399,1.00,1.50
2014.05.13 19:55:03.707,1.0838,1.08404,1.00,2.52
2014.05.13 19:55:05.284,1.0838,1.08404,1.00,3.27
2014.05.13 19:55:07.116,1.0838,1.08404,1.00,3.27
2014.05.13 19:55:08.315,1.0838,1.08404,1.00,2.52
2014.05.13 19:55:16.816,1.0838,1.08403,1.00,1.25
2014.05.13 19:55:20.059,1.0838,1.08403,1.00,1.19
2014.05.13 19:55:27.190,1.0838,1.08403,1.00,1.19
2014.05.13 19:55:33.605,1.0838,1.08403,1.00,1.19
2014.05.13 19:55:34.122,1.0838,1.08401,1.00,1.19
2014.05.13 19:55:35.187,1.0838,1.08401,1.00,1.19
2014.05.13 19:55:35.491,1.08377,1.08397,1.00,1.19
2014.05.13 19:55:36.789,1.08377,1.08397,1.00,1.19
2014.05.13 19:55:39.023,1.08377,1.08397,1.00,1.19
2014.05.13 19:55:39.384,1.08379,1.08397,1.50,1.19
2014.05.13 19:55:40.806,1.08379,1.08397,1.50,1.00
2014.05.13 19:55:49.873,1.08379,1.08398,1.50,1.00
2014.05.13 19:55:49.924,1.08377,1.08398,1.00,1.00
2014.05.13 19:55:50.446,1.08377,1.08397,1.00,1.00
2014.05.13 19:55:56.181,1.08377,1.08397,1.00,1.19
2014.05.13 19:55:57.856,1.08377,1.08397,1.00,1.00
2014.05.13 19:56:29.518,1.08377,1.08398,1.00,1.00
2014.05.13 19:56:29.569,1.08374,1.08398,1.00,1.00
2014.05.13 19:56:30.129,1.08374,1.08398,2.07,1.00
2014.05.13 19:56:31.075,1.08374,1.08398,1.88,1.00
2014.05.13 19:56:37.840,1.08374,1.08398,1.19,1.00
2014.05.13 19:56:41.651,1.08374,1.08398,1.25,1.00
2014.05.13 19:56:45.159,1.08374,1.08398,1.19,1.00
2014.05.13 19:56:53.086,1.08374,1.08398,2.07,1.00
2014.05.13 19:56:54.239,1.08374,1.08398,2.07,1.00
2014.05.13 19:56:54.962,1.08374,1.08398,1.88,1.00
2014.05.13 19:56:55.094,1.08374,1.08398,1.88,1.19
2014.05.13 19:56:58.931,1.08374,1.08398,1.00,1.00
2014.05.13 19:56:59.555,1.08376,1.08398,1.00,1.50
2014.05.13 19:57:28.010,1.08375,1.08398,1.50,1.50
2014.05.13 19:57:30.415,1.08375,1.08399,1.50,1.00
2014.05.13 19:58:01.029,1.08375,1.08398,1.69,1.00
2014.05.13 19:58:01.568,1.08375,1.08399,1.50,1.02
2014.05.13 19:58:02.341,1.08375,1.08399,1.50,1.29
2014.05.13 19:58:02.991,1.08375,1.08399,1.50,1.19
2014.05.13 19:58:06.376,1.08375,1.08399,1.50,1.00
2014.05.13 19:58:18.683,1.08375,1.08399,1.69,1.00
2014.05.13 19:58:23.058,1.08375,1.08398,1.69,1.00
2014.05.13 19:58:23.616,1.08375,1.08398,1.50,1.00
2014.05.13 19:58:24.702,1.08375,1.08397,1.00,1.00
2014.05.13 19:58:25.257,1.08374,1.08397,1.00,1.00
2014.05.13 19:58:25.807,1.08374,1.08397,1.19,1.00
2014.05.13 19:58:27.124,1.08374,1.08397,1.13,1.00
2014.05.13 19:58:27.478,1.08374,1.08397,1.58,1.00
2014.05.13 19:58:27.529,1.08375,1.08401,1.08,1.19
2014.05.13 19:58:28.118,1.08375,1.08401,1.15,1.19
2014.05.13 19:58:32.130,1.08375,1.08401,1.15,1.19
2014.05.13 19:58:32.457,1.08375,1.08401,1.00,1.19
2014.05.13 19:58:34.883,1.08375,1.08401,1.00,1.19
2014.05.13 19:58:36.093,1.08375,1.08401,1.00,1.25
2014.05.13 19:58:36.346,1.08375,1.08399,1.00,1.00
2014.05.13 19:58:36.650,1.08374,1.08397,1.00,1.00
2014.05.13 19:58:43.567,1.08374,1.08397,1.10,1.19
2014.05.13 19:58:45.993,1.08374,1.08397,1.10,1.00
2014.05.13 19:58:47.717,1.08374,1.08396,1.00,1.00
2014.05.13 19:58:48.035,1.08374,1.08393,1.00,1.25
2014.05.13 19:58:48.893,1.08374,1.08396,1.00,1.19
2014.05.13 19:58:50.139,1.08374,1.08397,1.00,1.19
2014.05.13 19:58:51.299,1.08374,1.08397,1.00,1.69
2014.05.13 19:58:53.453,1.08374,1.08397,1.00,1.69
2014.05.13 19:58:56.314,1.08374,1.08397,1.00,1.69
2014.05.13 19:58:58.324,1.08374,1.08396,1.00,1.19
2014.05.13 19:58:58.477,1.08372,1.08393,1.00,1.19
2014.05.13 19:58:58.528,1.08369,1.08393,1.10,1.69
2014.05.13 19:58:59.055,1.08369,1.08393,1.10,1.69
2014.05.13 19:58:59.528,1.08369,1.08393,1.10,1.69
2014.05.13 19:58:59.850,1.08372,1.08396,1.00,1.19
2014.05.13 19:59:00.936,1.08372,1.08396,1.00,1.19
2014.05.13 19:59:02.093,1.08372,1.08396,1.00,1.19
2014.05.13 19:59:05.858,1.08372,1.08396,1.00,1.19
2014.05.13 19:59:07.380,1.08372,1.08396,1.00,1.25
2014.05.13 19:59:11.484,1.08372,1.08396,1.00,1.19
2014.05.13 19:59:12.401,1.08372,1.08393,1.00,1.19
2014.05.13 19:59:12.705,1.08372,1.08396,1.00,1.69
2014.05.13 19:59:13.999,1.08372,1.08396,1.00,1.19
2014.05.13 19:59:14.207,1.08372,1.08396,1.00,1.19
2014.05.13 19:59:14.308,1.0837,1.08394,1.10,1.19
2014.05.13 19:59:14.720,1.08372,1.08396,1.00,1.00
2014.05.13 19:59:15.842,1.08372,1.08396,1.00,1.19
2014.05.13 19:59:16.420,1.08372,1.08396,1.00,1.19
2014.05.13 19:59:17.418,1.08372,1.08396,1.00,2.44
2014.05.13 19:59:21.148,1.08372,1.08393,1.00,1.19
2014.05.13 19:59:21.249,1.08364,1.08388,1.00,1.50
2014.05.13 19:59:22.076,1.08362,1.08388,1.95,1.50
2014.05.13 19:59:22.745,1.08362,1.08388,2.14,1.50
2014.05.13 19:59:23.582,1.08362,1.08388,2.14,1.50
2014.05.13 19:59:24.107,1.08362,1.08388,2.14,1.50
2014.05.13 19:59:25.851,1.08362,1.08388,2.14,1.50
2014.05.13 19:59:26.377,1.08364,1.08388,1.13,1.50
2014.05.13 19:59:27.590,1.08363,1.08388,1.32,1.50
2014.05.13 19:59:30.808,1.08362,1.08388,2.14,1.50
2014.05.13 19:59:31.499,1.08362,1.08388,2.14,1.50
2014.05.13 19:59:31.651,1.08364,1.0839,1.20,1.00
2014.05.13 19:59:31.753,1.08367,1.08393,1.00,1.19
2014.05.13 19:59:32.098,1.08364,1.08387,1.00,1.00
2014.05.13 19:59:32.250,1.08367,1.08391,1.00,1.02
2014.05.13 19:59:32.655,1.08371,1.08392,1.00,1.00
2014.05.13 19:59:32.857,1.08373,1.08397,1.00,1.65
2014.05.13 19:59:34.296,1.08372,1.08396,1.00,1.27
2014.05.13 19:59:34.578,1.08366,1.0839,1.00,1.00
2014.05.13 19:59:34.958,1.08365,1.08388,1.00,1.00
2014.05.13 19:59:35.576,1.08363,1.08388,1.18,1.00
2014.05.13 19:59:39.500,1.08364,1.08388,1.08,1.00
2014.05.13 19:59:39.652,1.08368,1.08392,1.10,1.25
2014.05.13 19:59:43.190,1.08371,1.08393,1.00,1.25
2014.05.13 19:59:43.633,1.08371,1.08397,1.00,1.77
2014.05.13 19:59:44.940,1.08371,1.08394,1.00,1.19
2014.05.13 19:59:50.857,1.08371,1.08394,1.00,1.19
2014.05.13 19:59:51.460,1.08371,1.08394,1.10,1.00
2014.05.13 19:59:51.562,1.08371,1.08397,1.10,1.00
2014.05.13 19:59:52.435,1.08374,1.08397,1.00,1.00
2014.05.13 19:59:52.739,1.08375,1.08399,1.08,1.00
2014.05.13 19:59:53.251,1.08375,1.08399,1.00,1.00
