2014.05.27 18:00:00.061,1.08239,1.08256,1.00,2.82
2014.05.27 18:00:00.838,1.08238,1.08257,1.00,3.57
2014.05.27 18:00:01.734,1.08239,1.08256,1.00,2.82
2014.05.27 18:00:02.377,1.08239,1.08256,1.00,2.82
2014.05.27 18:00:04.716,1.08238,1.08257,1.00,2.82
2014.05.27 18:00:05.100,1.08238,1.08257,1.00,2.82
2014.05.27 18:00:05.715,1.08239,1.08256,1.00,2.07
2014.05.27 18:00:06.203,1.08238,1.08257,1.00,2.82
2014.05.27 18:00:06.781,1.08239,1.08256,1.00,2.82
2014.05.27 18:00:07.334,1.08239,1.08256,1.00,2.07
2014.05.27 18:00:08.665,1.08238,1.08254,1.00,1.25
2014.05.27 18:00:09.190,1.08239,1.08254,1.00,1.25
2014.05.27 18:00:11.135,1.08239,1.08254,1.00,1.19
2014.05.27 18:00:11.991,1.08238,1.08254,1.00,1.19
2014.05.27 18:00:12.772,1.08238,1.08254,1.00,1.19
2014.05.27 18:00:14.847,1.08238,1.08254,1.00,1.19
2014.05.27 18:00:15.362,1.08239,1.08254,1.00,1.19
2014.05.27 18:00:15.618,1.08233,1.08254,1.00,1.19
2014.05.27 18:00:16.159,1.08234,1.08254,1.00,1.19
2014.05.27 18:00:16.311,1.08232,1.08252,1.13,1.19
2014.05.27 18:00:16.463,1.08234,1.08252,1.00,1.19
2014.05.27 18:00:17.981,1.08233,1.08254,1.00,1.19
2014.05.27 18:00:21.100,1.08234,1.08254,1.00,1.19
2014.05.27 18:00:21.600,1.08234,1.08254,1.00,1.25
2014.05.27 18:00:22.293,1.08233,1.08254,1.00,1.25
2014.05.27 18:00:22.925,1.08234,1.08254,1.00,1.25
2014.05.27 18:00:23.820,1.08233,1.08254,1.00,1.25
2014.05.27 18:00:24.605,1.08234,1.08254,1.00,1.25
2014.05.27 18:00:25.265,1.08233,1.08254,1.00,1.25
2014.05.27 18:00:25.590,1.08233,1.08254,1.00,1.19
2014.05.27 18:00:26.475,1.08234,1.08254,1.00,1.19
2014.05.27 18:00:28.618,1.08234,1.08254,1.00,1.19
2014.05.27 18:00:29.772,1.08235,1.08254,1.00,1.19
2014.05.27 18:00:30.979,1.08234,1.08254,1.00,1.19
2014.05.27 18:00:31.518,1.08235,1.08254,1.00,1.19
2014.05.27 18:00:32.127,1.08235,1.08254,1.00,1.19
2014.05.27 18:00:32.683,1.08234,1.08254,1.00,1.19
2014.05.27 18:00:36.404,1.08234,1.08254,1.00,1.19
2014.05.27 18:00:37.567,1.08234,1.08254,1.00,1.19
2014.05.27 18:00:38.639,1.08235,1.08254,1.00,1.19
2014.05.27 18:00:38.978,1.08235,1.08254,1.00,1.57
2014.05.27 18:00:39.638,1.08234,1.08254,1.00,1.57
2014.05.27 18:00:39.899,1.08234,1.08254,1.00,1.57
2014.05.27 18:00:40.454,1.08235,1.08254,1.00,1.57
2014.05.27 18:00:42.190,1.08235,1.08254,1.00,1.57
2014.05.27 18:00:42.764,1.08234,1.08254,1.00,1.57
2014.05.27 18:00:45.838,1.08235,1.08255,1.00,2.44
2014.05.27 18:00:46.343,1.08236,1.08255,1.00,2.44
2014.05.27 18:00:46.908,1.08235,1.08255,1.00,2.07
2014.05.27 18:00:47.517,1.08236,1.08255,1.00,1.69
2014.05.27 18:00:48.047,1.08236,1.08255,1.00,1.69
2014.05.27 18:00:49.929,1.08236,1.08255,1.00,1.69
2014.05.27 18:00:50.689,1.08235,1.08255,1.00,1.57
2014.05.27 18:00:51.204,1.08236,1.08252,1.00,1.57
2014.05.27 18:00:52.006,1.08235,1.08252,1.00,1.32
2014.05.27 18:00:52.668,1.08236,1.08252,1.00,1.57
2014.05.27 18:00:53.236,1.08235,1.08252,1.00,1.32
2014.05.27 18:00:53.988,1.08236,1.08252,1.00,1.32
2014.05.27 18:00:56.152,1.08235,1.08252,1.00,1.32
2014.05.27 18:00:57.164,1.08235,1.08252,1.00,1.57
2014.05.27 18:00:57.949,1.08236,1.08252,1.00,1.57
2014.05.27 18:01:01.024,1.08235,1.08252,1.00,1.32
2014.05.27 18:01:01.583,1.08236,1.08252,1.00,1.32
2014.05.27 18:01:02.116,1.08235,1.08252,1.00,1.32
2014.05.27 18:01:02.626,1.08234,1.08252,1.00,1.57
2014.05.27 18:01:04.936,1.08234,1.08252,1.00,1.57
2014.05.27 18:01:06.398,1.08234,1.08252,1.00,1.57
2014.05.27 18:01:07.312,1.08235,1.08252,1.00,1.57
2014.05.27 18:01:07.855,1.08234,1.08252,1.00,1.32
2014.05.27 18:01:09.924,1.08235,1.08252,1.00,1.57
2014.05.27 18:01:11.217,1.08235,1.08252,1.00,1.57
2014.05.27 18:01:12.249,1.08236,1.08252,1.00,1.32
2014.05.27 18:01:13.188,1.08235,1.08252,1.00,1.57
2014.05.27 18:01:13.781,1.08236,1.08252,1.00,1.57
2014.05.27 18:01:14.460,1.08235,1.08252,1.00,1.32
2014.05.27 18:01:16.308,1.08236,1.08252,1.00,1.32
2014.05.27 18:01:20.150,1.08236,1.08252,1.00,1.57
2014.05.27 18:01:21.906,1.08236,1.08252,1.00,1.32
2014.05.27 18:01:23.729,1.08235,1.08252,1.00,1.32
2014.05.27 18:01:25.081,1.08235,1.08252,1.00,1.32
2014.05.27 18:01:26.403,1.08235,1.08252,1.00,1.32
2014.05.27 18:01:29.030,1.08236,1.08253,1.00,1.67
2014.05.27 18:01:29.652,1.08235,1.08253,1.00,1.67
2014.05.27 18:01:30.289,1.08235,1.08253,1.00,1.67
2014.05.27 18:01:30.971,1.08236,1.08253,1.00,1.67
2014.05.27 18:01:31.895,1.08235,1.08253,1.00,1.74
2014.05.27 18:01:33.779,1.08236,1.08253,1.00,1.74
2014.05.27 18:01:35.645,1.08236,1.08253,1.00,1.74
2014.05.27 18:01:39.818,1.08236,1.08253,1.00,1.74
2014.05.27 18:01:40.431,1.08235,1.08253,1.00,1.74
2014.05.27 18:01:41.649,1.08236,1.08253,1.00,1.74
2014.05.27 18:01:42.469,1.08236,1.08253,1.00,1.74
2014.05.27 18:01:42.600,1.08236,1.08254,1.38,1.64
2014.05.27 18:01:42.651,1.08235,1.08253,1.00,1.19
2014.05.27 18:01:42.702,1.08233,1.08253,1.00,1.19
2014.05.27 18:01:42.855,1.08233,1.08249,1.00,1.00
2014.05.27 18:01:43.008,1.08231,1.08249,1.00,1.00
2014.05.27 18:01:43.313,1.08231,1.08253,1.00,1.25
2014.05.27 18:01:43.416,1.08229,1.08251,2.14,1.00
2014.05.27 18:01:43.669,1.08225,1.08249,1.02,1.50
2014.05.27 18:01:43.973,1.08229,1.08248,1.00,1.00
2014.05.27 18:01:44.479,1.08228,1.08249,1.00,1.00
2014.05.27 18:01:45.086,1.08228,1.08248,1.00,1.00
2014.05.27 18:01:45.591,1.08228,1.08249,1.00,1.25
2014.05.27 18:01:46.407,1.08226,1.08249,1.00,1.00
2014.05.27 18:01:46.508,1.08228,1.08249,1.00,1.00
2014.05.27 18:01:47.146,1.08225,1.08248,1.39,1.00
2014.05.27 18:01:47.674,1.08226,1.08249,1.38,1.00
2014.05.27 18:01:48.223,1.08229,1.08248,1.00,1.00
2014.05.27 18:01:48.798,1.08229,1.08249,1.00,1.50
2014.05.27 18:01:49.386,1.08229,1.08248,1.00,1.00
2014.05.27 18:01:50.120,1.08225,1.08248,1.48,1.00
2014.05.27 18:01:50.922,1.08228,1.08249,1.00,1.69
2014.05.27 18:01:51.429,1.08229,1.08248,1.00,1.00
2014.05.27 18:01:51.935,1.08228,1.08249,1.00,1.69
2014.05.27 18:01:52.440,1.08229,1.08248,1.00,1.00
2014.05.27 18:01:52.947,1.08228,1.08249,1.00,1.69
2014.05.27 18:01:53.497,1.08229,1.08249,1.00,1.25
2014.05.27 18:01:53.801,1.08225,1.08248,1.39,1.19
2014.05.27 18:01:54.178,1.08226,1.08249,1.00,1.19
2014.05.27 18:01:54.279,1.08229,1.08249,1.00,1.19
2014.05.27 18:01:54.600,1.08227,1.08249,1.38,1.25
2014.05.27 18:01:55.267,1.08228,1.08249,1.00,1.25
2014.05.27 18:01:55.787,1.08229,1.08249,1.00,1.19
2014.05.27 18:01:56.647,1.08227,1.08249,1.38,1.19
2014.05.27 18:01:57.891,1.08225,1.08249,1.39,1.69
2014.05.27 18:01:58.448,1.08229,1.08248,1.00,1.19
2014.05.27 18:01:59.106,1.08227,1.08249,1.38,1.25
2014.05.27 18:01:59.622,1.08227,1.08249,1.38,1.25
2014.05.27 18:02:00.128,1.08227,1.08249,1.38,1.25
2014.05.27 18:02:00.685,1.08227,1.08249,1.00,1.25
2014.05.27 18:02:00.787,1.08229,1.08249,1.00,1.25
2014.05.27 18:02:01.192,1.08227,1.08249,1.00,1.25
2014.05.27 18:02:01.293,1.08229,1.08249,1.00,1.25
2014.05.27 18:02:02.004,1.08225,1.08248,1.39,1.00
2014.05.27 18:02:02.536,1.08229,1.08249,1.00,1.25
2014.05.27 18:02:03.065,1.08225,1.08248,1.39,1.00
2014.05.27 18:02:03.614,1.08225,1.08248,1.39,1.00
2014.05.27 18:02:04.315,1.08225,1.08248,1.39,1.00
2014.05.27 18:02:04.935,1.08225,1.08248,1.39,1.00
2014.05.27 18:02:05.885,1.08226,1.08249,1.38,1.25
2014.05.27 18:02:06.507,1.08225,1.08248,1.67,1.00
2014.05.27 18:02:07.129,1.08225,1.08248,1.67,1.25
2014.05.27 18:02:08.733,1.08225,1.08248,1.39,1.19
2014.05.27 18:02:09.268,1.08225,1.08248,1.39,1.19
2014.05.27 18:02:09.774,1.08227,1.08249,1.38,1.19
2014.05.27 18:02:10.527,1.08225,1.08248,1.39,1.19
2014.05.27 18:02:11.110,1.08225,1.08248,1.39,1.19
2014.05.27 18:02:12.145,1.08225,1.08248,1.39,1.19
2014.05.27 18:02:12.449,1.08232,1.08249,1.00,1.00
2014.05.27 18:02:12.551,1.08238,1.08256,1.00,1.10
2014.05.27 18:02:12.602,1.08239,1.08248,1.00,1.00
2014.05.27 18:02:12.704,1.08229,1.08248,1.00,1.25
2014.05.27 18:02:12.805,1.08229,1.08243,1.13,1.00
2014.05.27 18:02:13.116,1.08224,1.08249,2.63,1.34
2014.05.27 18:02:13.167,1.08224,1.08249,3.38,1.27
2014.05.27 18:02:13.371,1.08224,1.08244,3.83,1.00
2014.05.27 18:02:13.573,1.08224,1.08248,1.39,1.00
2014.05.27 18:02:13.675,1.08224,1.08248,3.64,1.00
2014.05.27 18:02:13.878,1.08224,1.08248,1.39,1.00
2014.05.27 18:02:14.232,1.08224,1.08249,1.02,1.25
2014.05.27 18:02:14.333,1.08224,1.08243,1.02,1.00
2014.05.27 18:02:14.637,1.08224,1.08243,1.39,1.00
2014.05.27 18:02:15.159,1.08224,1.08243,2.89,1.00
2014.05.27 18:02:15.361,1.08227,1.0825,1.38,1.19
2014.05.27 18:02:15.412,1.08227,1.0825,1.38,1.25
2014.05.27 18:02:15.926,1.08228,1.08249,1.00,1.00
2014.05.27 18:02:16.030,1.08224,1.08249,3.64,1.00
2014.05.27 18:02:16.535,1.08224,1.08249,3.64,1.25
2014.05.27 18:02:17.009,1.08227,1.0825,1.00,1.19
2014.05.27 18:02:17.584,1.08227,1.08248,1.00,1.00
2014.05.27 18:02:18.118,1.08227,1.08247,1.00,1.00
2014.05.27 18:02:20.971,1.08229,1.08247,1.00,1.00
2014.05.27 18:02:22.049,1.08228,1.08247,1.00,1.00
2014.05.27 18:02:22.789,1.08229,1.08247,1.00,1.00
2014.05.27 18:02:24.114,1.08228,1.08247,1.10,1.00
2014.05.27 18:02:24.200,1.08228,1.0825,1.10,1.50
2014.05.27 18:02:24.253,1.08229,1.08252,1.32,1.00
2014.05.27 18:02:24.625,1.08229,1.08249,1.32,1.00
2014.05.27 18:02:25.242,1.08229,1.08249,1.00,1.19
2014.05.27 18:02:25.343,1.08225,1.08249,1.69,1.29
2014.05.27 18:02:25.394,1.08227,1.08251,1.00,2.97
2014.05.27 18:02:25.698,1.08229,1.08249,1.00,1.19
2014.05.27 18:02:25.850,1.08227,1.0825,1.02,1.00
2014.05.27 18:02:26.052,1.08228,1.08248,1.00,1.00
2014.05.27 18:02:30.371,1.08226,1.0825,1.69,1.25
2014.05.27 18:02:30.573,1.08225,1.08248,1.00,1.19
2014.05.27 18:02:31.104,1.08225,1.08243,1.00,1.00
2014.05.27 18:02:31.357,1.08222,1.08248,1.57,1.77
2014.05.27 18:02:31.959,1.08222,1.08248,1.38,1.77
2014.05.27 18:02:32.479,1.08224,1.08244,1.88,1.00
2014.05.27 18:02:33.036,1.08223,1.08244,1.88,1.00
2014.05.27 18:02:33.682,1.08224,1.08244,1.88,1.25
2014.05.27 18:02:34.295,1.08224,1.08243,1.88,1.00
2014.05.27 18:02:34.836,1.08223,1.08243,1.88,1.00
2014.05.27 18:02:35.545,1.08222,1.08243,1.63,1.00
2014.05.27 18:02:35.646,1.08222,1.08239,1.63,1.00
2014.05.27 18:02:35.864,1.08223,1.08243,1.88,1.00
2014.05.27 18:02:36.067,1.08222,1.08239,1.63,1.00
2014.05.27 18:02:36.573,1.08223,1.08239,1.88,1.00
2014.05.27 18:02:36.624,1.08223,1.08244,1.88,1.29
2014.05.27 18:02:37.149,1.08223,1.08239,1.88,1.00
2014.05.27 18:02:37.402,1.08223,1.08244,1.88,1.19
2014.05.27 18:02:37.453,1.0822,1.08244,1.25,1.19
2014.05.27 18:02:37.605,1.0822,1.08239,1.25,1.00
2014.05.27 18:02:37.858,1.0822,1.08243,1.63,1.25
2014.05.27 18:02:38.406,1.0822,1.08244,1.38,1.25
2014.05.27 18:02:38.521,1.0822,1.08244,1.00,1.25
2014.05.27 18:02:38.623,1.0822,1.08238,1.00,1.00
2014.05.27 18:02:39.144,1.0822,1.08244,1.00,1.25
2014.05.27 18:02:39.360,1.0822,1.08238,1.00,1.00
2014.05.27 18:02:39.581,1.0822,1.08244,1.00,1.25
2014.05.27 18:02:39.842,1.0822,1.08243,1.25,1.19
2014.05.27 18:02:40.146,1.0822,1.08238,1.00,1.00
2014.05.27 18:02:40.400,1.08218,1.08239,1.88,1.29
2014.05.27 18:02:41.212,1.08219,1.08238,1.00,1.19
2014.05.27 18:02:41.721,1.08219,1.08238,1.00,1.19
2014.05.27 18:02:42.314,1.08218,1.08238,1.00,1.19
2014.05.27 18:02:42.517,1.08223,1.0824,1.00,1.37
2014.05.27 18:02:42.669,1.08223,1.0824,1.00,1.37
2014.05.27 18:02:43.275,1.08224,1.0824,1.00,1.37
2014.05.27 18:02:43.784,1.08224,1.0824,1.00,1.37
2014.05.27 18:02:44.491,1.08223,1.0824,1.00,1.37
2014.05.27 18:02:45.010,1.08224,1.0824,1.00,1.37
2014.05.27 18:02:46.440,1.08223,1.0824,1.00,1.37
2014.05.27 18:02:46.957,1.08224,1.0824,1.00,1.37
2014.05.27 18:02:47.142,1.08224,1.0824,1.00,1.84
2014.05.27 18:02:48.145,1.08224,1.0824,1.00,1.84
2014.05.27 18:02:48.889,1.08223,1.0824,1.00,1.84
2014.05.27 18:02:49.150,1.08224,1.0824,1.00,1.37
2014.05.27 18:02:50.194,1.08223,1.0824,1.00,1.37
2014.05.27 18:02:51.189,1.08224,1.0824,1.00,1.37
2014.05.27 18:02:51.358,1.08223,1.0824,1.00,1.37
2014.05.27 18:02:51.862,1.08224,1.0824,1.00,1.37
2014.05.27 18:02:52.365,1.08224,1.08239,1.00,1.29
2014.05.27 18:02:54.373,1.08224,1.0824,1.00,1.84
2014.05.27 18:02:56.816,1.08224,1.0824,1.00,1.18
2014.05.27 18:02:56.918,1.08224,1.08242,1.00,1.50
2014.05.27 18:02:57.161,1.08224,1.08244,1.00,1.00
2014.05.27 18:02:57.364,1.08221,1.08246,1.00,2.22
2014.05.27 18:02:57.465,1.08223,1.08246,1.00,1.69
2014.05.27 18:02:57.769,1.08223,1.08243,1.00,1.37
2014.05.27 18:02:57.922,1.08223,1.08243,1.00,1.19
2014.05.27 18:02:58.428,1.08224,1.08243,1.00,1.19
2014.05.27 18:02:58.681,1.0822,1.08243,1.00,1.19
2014.05.27 18:02:59.200,1.08221,1.08246,1.00,2.07
2014.05.27 18:03:00.084,1.08222,1.08246,1.00,1.69
2014.05.27 18:03:00.592,1.08222,1.08246,1.00,1.84
2014.05.27 18:03:01.116,1.08221,1.08246,1.00,1.84
2014.05.27 18:03:01.653,1.08221,1.08246,1.00,2.22
2014.05.27 18:03:03.920,1.08221,1.08246,1.00,2.22
2014.05.27 18:03:05.326,1.08221,1.08243,1.00,1.19
2014.05.27 18:03:06.315,1.08221,1.08243,1.00,1.19
2014.05.27 18:03:09.831,1.08221,1.08243,1.00,1.19
2014.05.27 18:03:10.337,1.08222,1.08245,1.00,1.27
2014.05.27 18:03:11.013,1.08221,1.08245,1.50,1.27
2014.05.27 18:03:11.138,1.08221,1.08245,1.50,1.27
2014.05.27 18:03:11.659,1.08222,1.08245,1.00,1.27
2014.05.27 18:03:12.144,1.08222,1.08245,1.00,1.27
2014.05.27 18:03:13.360,1.08222,1.08245,1.00,1.27
2014.05.27 18:03:14.564,1.08222,1.08242,1.00,1.19
2014.05.27 18:03:15.075,1.08221,1.08241,1.00,1.69
2014.05.27 18:03:15.176,1.08217,1.08239,1.00,1.19
2014.05.27 18:03:15.751,1.08216,1.08239,1.50,1.19
2014.05.27 18:03:16.301,1.08216,1.08239,1.50,1.19
2014.05.27 18:03:17.289,1.08216,1.0824,1.50,1.19
2014.05.27 18:03:19.319,1.08216,1.0824,1.50,1.69
2014.05.27 18:03:22.294,1.08216,1.08239,1.50,1.19
2014.05.27 18:03:23.299,1.08216,1.0824,1.50,1.19
2014.05.27 18:03:24.318,1.08216,1.08239,1.50,1.19
2014.05.27 18:03:25.307,1.08216,1.0824,1.50,1.69
2014.05.27 18:03:25.836,1.08217,1.0824,1.00,1.19
2014.05.27 18:03:26.361,1.08217,1.08241,1.00,1.69
2014.05.27 18:03:27.325,1.08217,1.08241,1.00,1.69
2014.05.27 18:03:31.069,1.08217,1.08239,1.00,1.19
2014.05.27 18:03:32.570,1.08222,1.08242,1.00,1.69
2014.05.27 18:03:32.925,1.08226,1.08243,1.00,1.00
2014.05.27 18:03:33.472,1.08226,1.08247,1.00,1.19
2014.05.27 18:03:38.793,1.08226,1.08247,1.00,1.19
2014.05.27 18:03:43.491,1.08226,1.08247,1.00,1.19
2014.05.27 18:03:45.198,1.08226,1.08247,1.00,1.19
2014.05.27 18:03:45.349,1.08221,1.08244,2.07,1.00
2014.05.27 18:03:45.602,1.08227,1.08247,1.00,1.19
2014.05.27 18:03:46.332,1.08227,1.08247,1.00,1.19
2014.05.27 18:03:48.363,1.08221,1.08244,2.07,1.25
2014.05.27 18:03:48.890,1.08221,1.08244,2.07,1.25
2014.05.27 18:03:49.448,1.08221,1.08244,2.07,1.25
2014.05.27 18:03:49.967,1.08221,1.08244,2.07,1.25
2014.05.27 18:03:50.560,1.08221,1.08244,2.07,1.19
2014.05.27 18:03:51.877,1.08221,1.08244,2.07,1.19
2014.05.27 18:03:52.430,1.08221,1.08244,2.07,1.19
2014.05.27 18:03:52.951,1.08221,1.08244,2.07,1.19
2014.05.27 18:03:54.359,1.08221,1.08244,2.14,1.19
2014.05.27 18:03:54.918,1.08221,1.08244,2.14,1.19
2014.05.27 18:03:55.793,1.08227,1.08247,1.00,1.19
2014.05.27 18:03:56.097,1.08227,1.08248,1.00,1.69
2014.05.27 18:03:58.056,1.08227,1.08248,1.00,1.69
2014.05.27 18:03:58.594,1.08226,1.08248,1.00,1.19
2014.05.27 18:03:59.096,1.08227,1.08248,1.00,1.69
2014.05.27 18:04:01.014,1.08227,1.08248,1.00,1.69
2014.05.27 18:04:01.115,1.08225,1.08248,1.00,1.25
2014.05.27 18:04:01.329,1.08231,1.0825,1.00,1.58
2014.05.27 18:04:01.433,1.08227,1.0825,1.29,1.58
2014.05.27 18:04:01.696,1.0823,1.08253,1.00,1.00
2014.05.27 18:04:02.213,1.0823,1.08254,1.00,1.25
2014.05.27 18:04:02.729,1.08231,1.08253,1.00,1.25
2014.05.27 18:04:03.417,1.08231,1.08253,1.00,1.19
2014.05.27 18:04:04.967,1.08231,1.08253,1.00,1.57
2014.05.27 18:04:05.487,1.08231,1.08253,1.00,1.19
2014.05.27 18:04:06.141,1.08231,1.08253,1.00,1.25
2014.05.27 18:04:06.344,1.08227,1.08253,1.65,1.69
2014.05.27 18:04:06.648,1.08227,1.08253,1.58,1.69
2014.05.27 18:04:07.105,1.08227,1.08253,1.58,1.69
2014.05.27 18:04:09.716,1.0823,1.08253,1.00,1.19
2014.05.27 18:04:12.057,1.0823,1.08253,1.00,1.19
2014.05.27 18:04:13.733,1.08227,1.08253,2.59,2.44
2014.05.27 18:04:13.835,1.08231,1.08253,1.00,1.19
2014.05.27 18:04:14.770,1.08231,1.08253,1.00,1.25
2014.05.27 18:04:18.949,1.08231,1.08253,1.00,1.19
2014.05.27 18:04:23.997,1.08231,1.08253,1.00,1.19
2014.05.27 18:04:30.623,1.08231,1.08255,1.50,1.29
2014.05.27 18:04:30.842,1.08231,1.08255,1.50,1.29
2014.05.27 18:04:30.995,1.08234,1.08255,1.00,1.19
2014.05.27 18:04:31.046,1.08234,1.08256,1.25,1.32
2014.05.27 18:04:31.147,1.08234,1.08253,1.00,1.25
2014.05.27 18:04:31.299,1.08228,1.08253,2.25,1.00
2014.05.27 18:04:31.350,1.08228,1.08253,2.25,1.19
2014.05.27 18:04:31.892,1.08227,1.0825,1.00,1.19
2014.05.27 18:04:32.554,1.08226,1.0825,1.50,1.19
2014.05.27 18:04:33.214,1.08226,1.0825,1.50,1.19
2014.05.27 18:04:33.832,1.08226,1.0825,1.50,1.19
2014.05.27 18:04:38.128,1.08226,1.0825,1.50,1.19
2014.05.27 18:04:39.234,1.08226,1.0825,1.50,1.19
2014.05.27 18:04:40.967,1.08226,1.0825,1.77,1.00
2014.05.27 18:04:41.069,1.0823,1.08253,1.25,1.00
2014.05.27 18:04:41.171,1.08232,1.08253,1.69,1.00
2014.05.27 18:04:41.222,1.08233,1.08255,1.19,1.00
2014.05.27 18:04:41.374,1.08234,1.08253,1.25,1.00
2014.05.27 18:04:43.382,1.08233,1.08253,1.25,1.00
2014.05.27 18:04:43.584,1.08236,1.08259,1.00,1.57
2014.05.27 18:04:44.115,1.08237,1.08257,1.00,1.25
2014.05.27 18:04:45.487,1.08237,1.08258,1.00,1.19
2014.05.27 18:04:48.178,1.08237,1.08258,1.00,1.19
2014.05.27 18:04:48.881,1.08236,1.08259,1.00,2.44
2014.05.27 18:04:49.426,1.08237,1.08258,1.00,1.19
2014.05.27 18:04:51.685,1.08237,1.08258,1.00,1.19
2014.05.27 18:04:52.790,1.08237,1.08258,1.00,1.19
2014.05.27 18:05:05.836,1.08236,1.08259,1.50,1.19
2014.05.27 18:05:07.423,1.08236,1.08259,1.50,1.19
2014.05.27 18:05:07.849,1.08236,1.08254,1.00,1.00
2014.05.27 18:05:08.152,1.08236,1.08258,1.00,1.25
2014.05.27 18:05:08.405,1.08236,1.08253,1.00,1.00
2014.05.27 18:05:10.572,1.08236,1.08258,1.00,1.19
2014.05.27 18:05:10.929,1.08236,1.08253,1.00,1.00
2014.05.27 18:05:13.886,1.08236,1.08259,1.00,1.19
2014.05.27 18:05:14.103,1.08235,1.08253,1.00,1.00
2014.05.27 18:05:14.814,1.08234,1.08253,1.02,1.00
2014.05.27 18:05:18.264,1.08235,1.08253,1.00,1.00
2014.05.27 18:05:19.586,1.08237,1.08261,1.00,1.84
2014.05.27 18:05:19.851,1.08235,1.08253,1.00,1.00
2014.05.27 18:05:20.374,1.08236,1.08259,1.00,1.19
2014.05.27 18:05:22.121,1.08237,1.08261,1.00,4.32
2014.05.27 18:05:22.374,1.08235,1.08253,1.00,1.00
2014.05.27 18:05:22.626,1.08235,1.08259,1.00,1.19
2014.05.27 18:05:23.419,1.08235,1.08259,1.00,1.19
2014.05.27 18:05:25.592,1.08235,1.08259,1.00,1.19
2014.05.27 18:05:31.919,1.08235,1.08259,1.00,1.19
2014.05.27 18:05:33.124,1.08235,1.08259,1.00,1.19
2014.05.27 18:05:34.341,1.08235,1.08259,1.00,1.19
2014.05.27 18:05:41.860,1.08235,1.08259,1.00,1.19
2014.05.27 18:05:42.382,1.08236,1.08261,1.00,1.29
2014.05.27 18:05:44.217,1.08236,1.08261,1.00,1.39
2014.05.27 18:05:45.602,1.08236,1.08261,1.00,1.29
2014.05.27 18:05:48.589,1.08236,1.08261,1.00,1.69
2014.05.27 18:05:54.819,1.08235,1.08258,1.50,1.19
2014.05.27 18:05:56.926,1.08235,1.08258,1.50,1.19
2014.05.27 18:05:57.342,1.08237,1.08261,1.00,1.69
2014.05.27 18:05:58.232,1.08237,1.08261,1.00,2.07
2014.05.27 18:05:59.436,1.08237,1.08261,1.00,1.69
2014.05.27 18:06:00.944,1.08237,1.08261,1.00,1.69
2014.05.27 18:06:03.179,1.08237,1.08261,1.00,1.69
2014.05.27 18:06:04.195,1.08237,1.08261,1.00,2.07
2014.05.27 18:06:07.792,1.08236,1.08261,1.00,1.84
2014.05.27 18:06:08.321,1.08237,1.08261,1.00,2.22
2014.05.27 18:06:12.082,1.08242,1.08261,1.00,1.84
2014.05.27 18:06:12.303,1.08236,1.08261,1.00,1.84
2014.05.27 18:06:13.124,1.08236,1.08261,1.00,1.84
2014.05.27 18:06:19.394,1.08236,1.08261,1.00,2.44
2014.05.27 18:06:20.357,1.08236,1.08261,1.00,1.69
2014.05.27 18:06:21.710,1.08236,1.08261,1.00,1.69
2014.05.27 18:06:24.321,1.08237,1.08261,1.00,1.69
2014.05.27 18:06:24.917,1.08237,1.08261,1.00,1.69
2014.05.27 18:06:28.191,1.08237,1.08261,1.00,1.69
2014.05.27 18:06:31.603,1.08237,1.08261,1.00,1.69
2014.05.27 18:06:35.814,1.08237,1.08261,1.00,1.69
2014.05.27 18:06:36.805,1.08237,1.08261,1.00,1.69
2014.05.27 18:06:39.917,1.08237,1.08261,1.00,1.69
2014.05.27 18:06:43.232,1.08237,1.08261,1.00,1.69
2014.05.27 18:06:43.904,1.08238,1.08262,1.50,1.47
2014.05.27 18:06:45.785,1.08238,1.08259,1.50,1.19
2014.05.27 18:06:47.847,1.08238,1.08259,1.50,1.19
2014.05.27 18:06:49.050,1.08238,1.08259,1.50,1.19
2014.05.27 18:06:50.757,1.08238,1.08259,1.50,1.19
2014.05.27 18:06:51.381,1.08237,1.08259,1.00,1.19
2014.05.27 18:06:56.588,1.08237,1.08259,1.00,1.19
2014.05.27 18:06:57.896,1.08237,1.08259,1.00,1.19
2014.05.27 18:07:02.970,1.08236,1.08259,1.00,1.69
2014.05.27 18:07:09.580,1.08237,1.08259,1.00,1.19
2014.05.27 18:07:10.087,1.08236,1.08259,1.50,1.19
2014.05.27 18:07:10.390,1.08236,1.08253,1.00,1.00
2014.05.27 18:07:13.659,1.08237,1.0826,1.00,1.19
2014.05.27 18:07:13.810,1.08239,1.08263,1.00,2.44
2014.05.27 18:07:14.305,1.08239,1.08253,1.00,1.00
2014.05.27 18:07:15.492,1.08237,1.08253,1.00,1.00
2014.05.27 18:07:16.081,1.08237,1.08258,1.00,1.19
2014.05.27 18:07:16.389,1.08237,1.08253,1.00,1.00
2014.05.27 18:07:17.646,1.08237,1.08258,1.00,1.25
2014.05.27 18:07:17.850,1.08237,1.08253,1.00,1.00
2014.05.27 18:07:19.163,1.08237,1.08258,1.00,1.25
2014.05.27 18:07:19.365,1.08238,1.08254,1.00,1.00
2014.05.27 18:07:20.584,1.08238,1.08258,1.00,1.19
2014.05.27 18:07:20.686,1.08236,1.08258,1.00,1.19
2014.05.27 18:07:20.939,1.08236,1.08253,1.00,1.00
2014.05.27 18:07:22.139,1.08236,1.08259,1.00,1.19
2014.05.27 18:07:22.342,1.08236,1.08253,1.00,1.00
2014.05.27 18:07:23.652,1.08236,1.08258,1.00,1.25
2014.05.27 18:07:23.905,1.08236,1.08253,1.00,1.00
2014.05.27 18:07:25.670,1.08236,1.08258,1.00,1.25
2014.05.27 18:07:25.891,1.08236,1.08254,1.00,1.00
2014.05.27 18:07:27.080,1.08236,1.08258,1.00,1.25
2014.05.27 18:07:27.383,1.08236,1.08254,1.00,1.00
2014.05.27 18:07:27.687,1.08241,1.08259,1.00,1.00
2014.05.27 18:07:27.738,1.08239,1.08259,2.70,1.00
2014.05.27 18:07:27.839,1.08239,1.08263,1.95,2.44
2014.05.27 18:07:27.941,1.08242,1.08263,1.50,1.00
2014.05.27 18:07:28.254,1.08245,1.08264,1.00,1.00
2014.05.27 18:07:31.143,1.0824,1.08264,1.29,1.50
2014.05.27 18:07:31.296,1.08243,1.08264,1.00,1.00
2014.05.27 18:07:31.499,1.08241,1.08264,1.50,1.19
2014.05.27 18:07:32.213,1.08239,1.08263,1.69,1.25
2014.05.27 18:07:33.618,1.08239,1.08263,1.69,1.19
2014.05.27 18:07:34.614,1.08242,1.08263,1.00,1.19
2014.05.27 18:07:34.918,1.08245,1.08264,1.00,1.00
2014.05.27 18:07:35.121,1.08242,1.08264,1.19,1.00
2014.05.27 18:07:35.636,1.08242,1.08264,1.00,1.00
2014.05.27 18:07:35.858,1.08242,1.08258,1.00,1.00
2014.05.27 18:07:35.917,1.0824,1.08258,1.00,1.00
2014.05.27 18:07:35.968,1.08237,1.08258,1.77,1.00
2014.05.27 18:07:36.939,1.08237,1.08258,1.77,1.00
2014.05.27 18:07:37.650,1.08237,1.08259,1.77,1.25
2014.05.27 18:07:38.062,1.08239,1.08258,1.50,1.00
2014.05.27 18:07:39.620,1.08239,1.08263,1.00,1.19
2014.05.27 18:07:40.127,1.08238,1.08259,1.00,1.25
2014.05.27 18:07:41.390,1.08238,1.08258,1.00,1.00
2014.05.27 18:07:41.903,1.08239,1.08259,1.50,1.25
2014.05.27 18:07:43.401,1.08239,1.08263,1.50,1.29
2014.05.27 18:07:45.822,1.08239,1.08259,1.00,1.00
2014.05.27 18:07:46.325,1.08239,1.08259,1.00,1.19
2014.05.27 18:07:51.620,1.08239,1.08259,1.00,1.25
2014.05.27 18:07:51.873,1.08241,1.08263,1.00,1.37
2014.05.27 18:07:51.974,1.08244,1.08263,1.00,1.37
2014.05.27 18:07:53.002,1.08243,1.08263,1.00,1.09
2014.05.27 18:07:55.195,1.08244,1.08263,1.00,1.09
2014.05.27 18:07:57.204,1.08243,1.08263,1.00,1.09
2014.05.27 18:07:59.263,1.08244,1.08263,1.00,1.37
2014.05.27 18:07:59.855,1.08244,1.08259,1.00,1.00
2014.05.27 18:08:00.481,1.08243,1.08259,1.00,1.00
2014.05.27 18:08:01.139,1.08244,1.08259,1.00,1.00
2014.05.27 18:08:01.742,1.08243,1.08259,1.00,1.00
2014.05.27 18:08:03.355,1.08244,1.08259,1.00,1.00
2014.05.27 18:08:06.200,1.08243,1.08259,1.00,1.25
2014.05.27 18:08:06.814,1.08244,1.08259,1.00,1.25
2014.05.27 18:08:08.256,1.08243,1.08259,1.00,1.25
2014.05.27 18:08:08.986,1.08244,1.08259,1.00,1.00
2014.05.27 18:08:09.753,1.08243,1.08259,1.00,1.00
2014.05.27 18:08:10.297,1.08244,1.08259,1.00,1.00
2014.05.27 18:08:10.805,1.08243,1.08259,1.00,1.00
2014.05.27 18:08:11.309,1.08244,1.08259,1.00,1.00
2014.05.27 18:08:13.231,1.08243,1.08259,1.00,1.00
2014.05.27 18:08:13.333,1.08243,1.08263,1.00,1.74
2014.05.27 18:08:14.000,1.08244,1.08263,1.00,1.74
2014.05.27 18:08:14.706,1.08243,1.08263,1.00,1.74
2014.05.27 18:08:15.259,1.08244,1.08263,1.00,1.74
2014.05.27 18:08:16.673,1.08243,1.08263,1.00,1.74
2014.05.27 18:08:18.144,1.08243,1.08263,1.00,1.74
2014.05.27 18:08:18.599,1.08244,1.08259,1.00,1.00
2014.05.27 18:08:20.189,1.08243,1.08259,1.00,1.00
2014.05.27 18:08:21.309,1.08244,1.08259,1.00,1.00
2014.05.27 18:08:27.235,1.08243,1.08259,1.00,1.00
2014.05.27 18:08:28.184,1.08244,1.08259,1.00,1.00
2014.05.27 18:08:28.899,1.08243,1.08259,1.00,1.00
2014.05.27 18:08:41.621,1.08244,1.08259,1.00,1.00
2014.05.27 18:08:44.049,1.08243,1.08259,1.00,1.00
2014.05.27 18:08:45.360,1.08244,1.08259,1.00,1.00
2014.05.27 18:08:45.897,1.08243,1.08265,1.38,1.77
2014.05.27 18:08:46.003,1.08247,1.08269,1.00,1.72
2014.05.27 18:08:46.206,1.08247,1.08269,1.00,1.74
2014.05.27 18:08:47.030,1.08247,1.08268,1.00,1.57
2014.05.27 18:08:48.046,1.08247,1.08268,1.50,1.38
2014.05.27 18:08:48.776,1.08247,1.08269,1.50,1.38
2014.05.27 18:08:49.368,1.08247,1.08269,1.00,1.38
2014.05.27 18:08:50.580,1.08247,1.08269,1.00,1.38
2014.05.27 18:08:51.694,1.08247,1.08269,1.00,1.38
2014.05.27 18:08:53.067,1.08247,1.08269,1.88,1.63
2014.05.27 18:08:53.370,1.08252,1.08268,1.00,1.38
2014.05.27 18:08:53.623,1.08252,1.08268,1.00,1.00
2014.05.27 18:08:53.825,1.08254,1.08268,1.00,1.00
2014.05.27 18:08:54.675,1.08253,1.08268,1.00,1.00
2014.05.27 18:08:58.257,1.08253,1.08269,1.00,1.00
2014.05.27 18:08:58.958,1.08254,1.08269,1.00,1.00
2014.05.27 18:09:00.141,1.08253,1.08269,1.00,1.00
2014.05.27 18:09:01.757,1.08254,1.08269,1.00,1.00
2014.05.27 18:09:02.773,1.08253,1.08269,1.00,1.00
2014.05.27 18:09:03.579,1.08253,1.08268,1.00,1.00
2014.05.27 18:09:04.100,1.08254,1.08268,1.00,1.00
2014.05.27 18:09:04.900,1.08253,1.08268,1.00,1.00
2014.05.27 18:09:05.734,1.08254,1.08268,1.00,1.00
2014.05.27 18:09:06.551,1.08254,1.08269,1.00,1.00
2014.05.27 18:09:07.213,1.08253,1.08269,1.00,1.00
2014.05.27 18:09:08.583,1.08253,1.08268,1.00,1.00
2014.05.27 18:09:09.145,1.0825,1.08268,1.00,1.00
2014.05.27 18:09:10.138,1.08249,1.08269,2.44,1.00
2014.05.27 18:09:10.359,1.08256,1.08271,1.00,2.07
2014.05.27 18:09:10.460,1.08254,1.08272,1.00,1.88
2014.05.27 18:09:10.567,1.08252,1.08272,1.00,1.88
2014.05.27 18:09:10.668,1.0825,1.08268,1.13,1.00
2014.05.27 18:09:11.174,1.08249,1.08268,1.63,1.00
2014.05.27 18:09:13.608,1.08252,1.08271,1.00,1.88
2014.05.27 18:09:15.234,1.08253,1.08272,1.00,1.88
2014.05.27 18:09:16.589,1.08253,1.08268,1.00,1.00
2014.05.27 18:09:16.742,1.08249,1.08268,1.00,1.00
2014.05.27 18:09:16.844,1.08249,1.08273,1.00,1.57
2014.05.27 18:09:17.151,1.08254,1.08272,1.00,2.07
2014.05.27 18:09:17.713,1.08254,1.08271,1.00,1.88
2014.05.27 18:09:19.933,1.08253,1.08272,1.50,1.88
2014.05.27 18:09:20.953,1.08254,1.08271,1.00,1.88
2014.05.27 18:09:22.671,1.08253,1.08272,1.50,1.88
2014.05.27 18:09:24.485,1.08254,1.08271,1.00,1.88
2014.05.27 18:09:35.245,1.08253,1.08272,1.50,2.07
2014.05.27 18:09:35.754,1.08254,1.08271,1.00,1.88
2014.05.27 18:09:36.260,1.08253,1.08272,1.50,2.07
2014.05.27 18:09:38.481,1.08254,1.08271,1.00,1.88
2014.05.27 18:09:39.007,1.08253,1.08272,1.50,1.88
2014.05.27 18:09:42.303,1.08254,1.08271,1.00,1.88
2014.05.27 18:09:43.210,1.08253,1.08272,1.00,1.88
2014.05.27 18:09:45.949,1.08254,1.08271,1.00,1.88
2014.05.27 18:09:47.455,1.08253,1.08272,1.00,2.07
2014.05.27 18:09:48.076,1.08254,1.08271,1.00,1.88
2014.05.27 18:09:48.843,1.08253,1.08272,1.00,2.07
2014.05.27 18:09:57.227,1.08254,1.08271,1.00,1.88
2014.05.27 18:09:57.846,1.08253,1.08272,1.00,2.07
2014.05.27 18:09:59.954,1.08253,1.08272,1.00,1.88
2014.05.27 18:10:00.538,1.08254,1.08271,1.00,1.88
2014.05.27 18:10:00.944,1.08253,1.08268,1.00,1.00
2014.05.27 18:10:01.451,1.08254,1.08268,1.00,1.00
2014.05.27 18:10:01.981,1.08253,1.08268,1.00,1.00
2014.05.27 18:10:04.721,1.08254,1.08268,1.00,1.00
2014.05.27 18:10:11.689,1.08253,1.08268,1.00,1.00
2014.05.27 18:10:15.959,1.08254,1.08268,1.00,1.00
2014.05.27 18:10:17.081,1.08254,1.08271,1.00,1.88
2014.05.27 18:10:17.889,1.08253,1.08272,1.00,1.88
2014.05.27 18:10:20.251,1.08254,1.08271,1.00,1.88
2014.05.27 18:10:20.302,1.08254,1.08263,1.00,1.00
2014.05.27 18:10:20.848,1.08253,1.08264,1.00,1.00
2014.05.27 18:10:21.520,1.08254,1.08264,1.00,1.00
2014.05.27 18:10:24.413,1.08253,1.08264,1.00,1.00
2014.05.27 18:10:25.716,1.08254,1.08264,1.00,1.00
2014.05.27 18:10:26.714,1.08253,1.08264,1.00,1.00
2014.05.27 18:10:30.481,1.08254,1.08264,1.00,1.00
2014.05.27 18:10:31.021,1.08253,1.08264,1.00,1.00
2014.05.27 18:10:32.067,1.08254,1.08264,1.00,1.00
2014.05.27 18:10:32.671,1.08253,1.08264,1.00,1.00
2014.05.27 18:10:35.190,1.08254,1.08264,1.00,1.00
2014.05.27 18:10:36.300,1.08253,1.08264,1.00,1.00
2014.05.27 18:10:40.720,1.08254,1.08264,1.00,1.00
2014.05.27 18:10:42.280,1.08254,1.08269,1.00,1.00
2014.05.27 18:10:42.798,1.08253,1.08268,1.00,1.00
2014.05.27 18:10:43.735,1.08254,1.08268,1.00,1.00
2014.05.27 18:10:44.711,1.08253,1.08268,1.00,1.00
2014.05.27 18:10:47.234,1.08254,1.08268,1.00,1.00
2014.05.27 18:10:48.143,1.08253,1.08268,1.00,1.00
2014.05.27 18:10:50.687,1.08254,1.08268,1.00,1.00
2014.05.27 18:10:53.490,1.08253,1.08268,1.00,1.00
2014.05.27 18:10:54.207,1.08254,1.08268,1.00,1.00
2014.05.27 18:10:56.115,1.08253,1.08268,1.00,1.00
2014.05.27 18:10:56.847,1.08254,1.08268,1.00,1.00
2014.05.27 18:10:57.525,1.08253,1.08268,1.00,1.00
2014.05.27 18:10:58.218,1.08254,1.08268,1.00,1.00
2014.05.27 18:10:58.828,1.08253,1.08268,1.00,1.00
2014.05.27 18:10:59.330,1.08254,1.08268,1.00,1.00
2014.05.27 18:11:01.245,1.08253,1.08268,1.00,1.00
2014.05.27 18:11:03.355,1.08254,1.08268,1.00,1.00
2014.05.27 18:11:04.389,1.08253,1.08268,1.00,1.00
2014.05.27 18:11:04.597,1.08253,1.08272,1.00,2.07
2014.05.27 18:11:05.098,1.08254,1.08271,1.00,1.88
2014.05.27 18:11:05.766,1.08253,1.08272,1.00,2.07
2014.05.27 18:11:06.385,1.08253,1.08269,1.00,1.00
2014.05.27 18:11:06.996,1.08254,1.08269,1.00,1.00
2014.05.27 18:11:07.745,1.08253,1.08269,1.00,1.00
2014.05.27 18:11:08.503,1.08254,1.08269,1.00,1.00
2014.05.27 18:11:09.033,1.08253,1.08269,1.00,1.00
2014.05.27 18:11:15.255,1.08254,1.08269,1.00,1.00
2014.05.27 18:11:17.970,1.08253,1.08269,1.00,1.00
2014.05.27 18:11:18.359,1.08253,1.08272,1.00,2.07
2014.05.27 18:11:19.019,1.08254,1.08271,1.00,1.88
2014.05.27 18:11:21.537,1.08253,1.08272,1.00,2.07
2014.05.27 18:11:22.269,1.08254,1.08271,1.00,1.88
2014.05.27 18:11:24.299,1.08253,1.08272,1.00,1.88
2014.05.27 18:11:26.104,1.08253,1.08272,1.00,2.07
2014.05.27 18:11:27.329,1.08254,1.08271,1.00,2.07
2014.05.27 18:11:28.207,1.08253,1.08272,1.00,2.07
2014.05.27 18:11:29.272,1.08254,1.08271,1.00,2.07
2014.05.27 18:11:30.329,1.08253,1.08272,1.00,2.07
2014.05.27 18:11:31.333,1.08254,1.08271,1.00,2.07
2014.05.27 18:11:33.437,1.08253,1.08272,1.00,1.88
2014.05.27 18:11:34.547,1.08254,1.08271,1.00,1.88
2014.05.27 18:11:35.049,1.08253,1.08272,1.00,1.88
2014.05.27 18:11:35.287,1.08253,1.08269,1.00,1.00
2014.05.27 18:11:35.809,1.08254,1.08269,1.00,1.00
2014.05.27 18:11:36.810,1.08253,1.08269,1.00,1.00
2014.05.27 18:11:37.337,1.08254,1.08269,1.00,1.00
2014.05.27 18:11:38.721,1.08253,1.08269,1.00,1.00
2014.05.27 18:11:39.340,1.08254,1.08269,1.00,1.00
2014.05.27 18:11:40.326,1.08253,1.08269,1.00,1.00
2014.05.27 18:11:41.807,1.08254,1.08269,1.00,1.00
2014.05.27 18:11:42.408,1.08253,1.08269,1.00,1.00
2014.05.27 18:11:43.069,1.08254,1.08269,1.00,1.00
2014.05.27 18:11:45.346,1.08253,1.08269,1.00,1.00
2014.05.27 18:11:45.966,1.08254,1.08269,1.00,1.00
2014.05.27 18:11:46.091,1.08254,1.08271,1.00,2.07
2014.05.27 18:11:46.507,1.08254,1.08269,1.00,1.00
2014.05.27 18:11:46.617,1.08254,1.08271,1.00,2.07
2014.05.27 18:11:47.607,1.08254,1.08269,1.00,1.00
2014.05.27 18:11:48.307,1.08254,1.08271,1.00,1.88
2014.05.27 18:11:54.341,1.08253,1.08272,1.00,2.82
2014.05.27 18:11:54.850,1.08253,1.08272,1.00,2.07
2014.05.27 18:11:56.272,1.08254,1.08271,1.00,1.88
2014.05.27 18:11:56.879,1.08253,1.08272,1.00,2.07
2014.05.27 18:11:57.668,1.08254,1.08271,1.00,1.88
2014.05.27 18:11:58.387,1.08253,1.08272,1.00,2.07
2014.05.27 18:11:58.438,1.08253,1.08258,1.00,1.00
2014.05.27 18:11:58.691,1.08255,1.08263,1.25,1.00
2014.05.27 18:11:58.843,1.08253,1.08272,1.57,1.88
2014.05.27 18:11:58.894,1.08256,1.08269,1.38,1.00
2014.05.27 18:11:59.098,1.08258,1.08265,1.19,1.00
2014.05.27 18:11:59.314,1.08258,1.08273,1.57,1.00
2014.05.27 18:11:59.731,1.08256,1.08274,1.00,1.00
2014.05.27 18:12:00.344,1.08256,1.08273,1.00,1.00
2014.05.27 18:12:01.454,1.08255,1.08273,1.25,1.00
2014.05.27 18:12:01.959,1.08256,1.08273,1.00,1.00
2014.05.27 18:12:03.309,1.08256,1.08273,1.19,1.00
2014.05.27 18:12:04.240,1.08255,1.08273,1.25,1.38
2014.05.27 18:12:04.595,1.08255,1.08268,1.00,1.00
2014.05.27 18:12:04.951,1.08253,1.08264,1.00,1.00
2014.05.27 18:12:05.355,1.08254,1.08264,1.57,1.00
2014.05.27 18:12:05.406,1.08255,1.08271,1.63,1.88
2014.05.27 18:12:05.660,1.08255,1.08273,1.19,1.00
2014.05.27 18:12:06.167,1.08255,1.08277,1.69,1.88
2014.05.27 18:12:06.370,1.08256,1.08274,1.19,1.00
2014.05.27 18:12:07.030,1.08256,1.08274,1.25,1.00
2014.05.27 18:12:08.563,1.08255,1.08273,1.69,1.00
2014.05.27 18:12:08.867,1.08257,1.08273,1.57,1.00
2014.05.27 18:12:08.918,1.08257,1.08276,2.07,1.88
2014.05.27 18:12:09.322,1.08257,1.08273,1.57,1.00
2014.05.27 18:12:09.891,1.0826,1.08274,1.32,1.00
2014.05.27 18:12:10.696,1.0826,1.08274,1.32,1.00
2014.05.27 18:12:11.003,1.0826,1.08276,1.32,1.88
2014.05.27 18:12:11.523,1.0826,1.08277,1.32,1.88
2014.05.27 18:12:12.108,1.0826,1.08276,1.32,1.88
2014.05.27 18:12:12.905,1.0826,1.08278,1.69,1.38
2014.05.27 18:12:13.463,1.0826,1.08278,1.69,1.38
2014.05.27 18:12:16.070,1.0826,1.08278,1.69,1.38
2014.05.27 18:12:16.765,1.0826,1.08278,1.69,1.38
2014.05.27 18:12:17.080,1.0826,1.08278,1.69,1.38
2014.05.27 18:12:17.426,1.08263,1.08274,1.50,1.00
2014.05.27 18:12:17.493,1.08261,1.08274,1.25,1.00
2014.05.27 18:12:17.595,1.08256,1.08273,1.29,1.00
2014.05.27 18:12:17.798,1.08256,1.08268,1.19,1.00
2014.05.27 18:12:18.203,1.08253,1.08269,1.25,1.00
2014.05.27 18:12:18.355,1.08249,1.08273,3.72,1.00
2014.05.27 18:12:19.116,1.08249,1.08273,2.59,1.00
2014.05.27 18:12:19.886,1.08249,1.08274,1.84,1.25
2014.05.27 18:12:19.937,1.08254,1.08274,1.00,1.25
2014.05.27 18:12:20.294,1.08254,1.08272,1.00,1.00
2014.05.27 18:12:20.810,1.08253,1.08272,1.00,1.13
2014.05.27 18:12:21.457,1.08254,1.08269,1.00,1.00
2014.05.27 18:12:23.316,1.08254,1.08268,1.00,1.00
2014.05.27 18:12:23.861,1.08253,1.08268,1.00,1.00
2014.05.27 18:12:30.376,1.08254,1.08268,1.00,1.00
2014.05.27 18:12:31.413,1.08253,1.08268,1.00,1.00
2014.05.27 18:12:36.484,1.08254,1.08268,1.00,1.00
2014.05.27 18:12:37.065,1.08254,1.08269,1.00,1.00
2014.05.27 18:12:38.300,1.08253,1.08269,1.00,1.00
2014.05.27 18:12:42.371,1.08254,1.08269,1.00,1.00
2014.05.27 18:12:43.984,1.08253,1.08269,1.00,1.00
2014.05.27 18:12:46.306,1.08254,1.08269,1.00,1.00
2014.05.27 18:12:48.507,1.08253,1.08269,1.00,1.00
2014.05.27 18:12:52.016,1.08254,1.08269,1.00,1.00
2014.05.27 18:12:52.748,1.08253,1.08269,1.00,1.00
2014.05.27 18:12:55.646,1.08249,1.08269,1.00,1.00
2014.05.27 18:12:59.579,1.08248,1.08269,1.00,1.00
2014.05.27 18:13:00.837,1.08248,1.08269,1.19,1.00
2014.05.27 18:13:01.644,1.0825,1.08269,1.00,1.00
2014.05.27 18:13:02.333,1.08249,1.08269,1.00,1.00
2014.05.27 18:13:08.376,1.08248,1.08269,1.19,1.00
2014.05.27 18:13:08.679,1.08248,1.08272,1.32,1.13
2014.05.27 18:13:08.730,1.08254,1.08272,1.00,1.00
2014.05.27 18:13:09.105,1.08254,1.08268,1.00,1.00
2014.05.27 18:13:09.257,1.08249,1.08268,1.19,1.00
2014.05.27 18:13:10.589,1.08249,1.08268,1.19,1.00
2014.05.27 18:13:10.640,1.08249,1.08273,1.19,1.88
2014.05.27 18:13:10.792,1.08254,1.08273,1.00,1.00
2014.05.27 18:13:11.098,1.08254,1.08269,1.00,1.00
2014.05.27 18:13:11.200,1.08248,1.08269,2.97,1.00
2014.05.27 18:13:12.635,1.08249,1.08273,1.77,1.25
2014.05.27 18:13:12.787,1.08254,1.08273,1.00,1.25
2014.05.27 18:13:13.673,1.08253,1.08273,1.00,1.00
2014.05.27 18:13:15.185,1.08254,1.08273,1.00,1.00
2014.05.27 18:13:18.757,1.08253,1.08273,1.00,1.25
2014.05.27 18:13:19.601,1.08253,1.08273,1.00,1.19
2014.05.27 18:13:20.606,1.08253,1.08273,1.00,1.19
2014.05.27 18:13:21.152,1.08254,1.08273,1.00,1.19
2014.05.27 18:13:24.271,1.08253,1.08273,1.00,1.19
2014.05.27 18:13:29.728,1.08254,1.08273,1.00,1.19
2014.05.27 18:13:32.103,1.08254,1.08273,1.00,1.19
2014.05.27 18:13:32.710,1.08253,1.08273,1.00,1.19
2014.05.27 18:13:33.370,1.08254,1.08273,1.00,1.19
2014.05.27 18:13:34.550,1.08253,1.08273,1.00,1.19
2014.05.27 18:13:35.302,1.08254,1.08273,1.00,1.19
2014.05.27 18:13:38.564,1.08254,1.08273,1.00,1.19
2014.05.27 18:13:39.314,1.08253,1.08273,1.00,1.19
2014.05.27 18:13:42.242,1.08254,1.08273,1.00,1.19
2014.05.27 18:13:42.383,1.08254,1.08273,1.00,1.19
2014.05.27 18:13:44.809,1.08254,1.08273,1.00,1.00
2014.05.27 18:13:44.910,1.08253,1.08268,1.00,1.00
2014.05.27 18:13:44.961,1.08251,1.08268,1.00,1.00
2014.05.27 18:13:45.495,1.08251,1.08269,1.00,1.00
2014.05.27 18:13:46.674,1.08248,1.08274,3.19,2.44
2014.05.27 18:13:46.724,1.08254,1.08274,1.00,2.44
2014.05.27 18:13:47.246,1.08253,1.08273,1.00,1.00
2014.05.27 18:13:48.160,1.08254,1.08273,1.00,1.00
2014.05.27 18:13:48.884,1.08253,1.08273,1.00,1.00
2014.05.27 18:13:51.285,1.08254,1.08273,1.00,1.00
2014.05.27 18:13:51.914,1.08253,1.08273,1.00,1.00
2014.05.27 18:13:52.699,1.08254,1.08273,1.00,1.25
2014.05.27 18:13:53.234,1.08253,1.08273,1.00,1.25
2014.05.27 18:13:56.091,1.08254,1.08273,1.00,1.00
2014.05.27 18:13:57.100,1.08253,1.08273,1.00,1.00
2014.05.27 18:14:01.486,1.08254,1.08273,1.00,1.25
2014.05.27 18:14:02.406,1.08253,1.08273,1.00,1.25
2014.05.27 18:14:02.711,1.08251,1.08269,1.69,1.00
2014.05.27 18:14:04.129,1.08251,1.08273,1.50,1.19
2014.05.27 18:14:04.270,1.08253,1.08273,1.00,1.19
2014.05.27 18:14:05.909,1.08254,1.08274,1.00,1.63
2014.05.27 18:14:06.114,1.08254,1.08274,1.00,1.25
2014.05.27 18:14:07.300,1.08254,1.08274,1.00,1.19
2014.05.27 18:14:10.324,1.08254,1.08273,1.38,1.25
2014.05.27 18:14:10.730,1.08253,1.08274,1.00,1.00
2014.05.27 18:14:11.236,1.08254,1.08274,1.00,1.00
2014.05.27 18:14:11.764,1.08253,1.08274,1.00,1.00
2014.05.27 18:14:12.844,1.08253,1.08277,1.00,4.46
2014.05.27 18:14:13.372,1.08254,1.08274,1.00,1.00
2014.05.27 18:14:13.674,1.08253,1.08273,1.00,1.38
2014.05.27 18:14:15.903,1.08254,1.08273,1.00,1.38
2014.05.27 18:14:17.120,1.08253,1.08273,1.00,1.38
2014.05.27 18:14:17.323,1.08254,1.08274,1.00,1.00
2014.05.27 18:14:18.741,1.08253,1.08274,1.00,1.00
2014.05.27 18:14:19.266,1.08253,1.08273,1.00,1.00
2014.05.27 18:14:19.777,1.08253,1.08274,1.00,1.00
2014.05.27 18:14:20.363,1.08254,1.08274,1.00,1.00
2014.05.27 18:14:20.869,1.08253,1.08274,1.00,1.25
2014.05.27 18:14:21.580,1.08254,1.08274,1.00,1.25
2014.05.27 18:14:25.607,1.08253,1.08274,1.00,1.00
2014.05.27 18:14:26.733,1.08254,1.08274,1.00,1.25
2014.05.27 18:14:28.232,1.08253,1.08274,1.00,1.25
2014.05.27 18:14:28.333,1.08253,1.08274,1.00,1.19
2014.05.27 18:14:29.443,1.08254,1.08274,1.00,1.19
2014.05.27 18:14:30.047,1.08253,1.08274,1.00,1.19
2014.05.27 18:14:30.823,1.08254,1.08274,1.00,1.19
2014.05.27 18:14:32.438,1.08253,1.08274,1.00,1.29
2014.05.27 18:14:34.747,1.08254,1.08274,1.00,1.29
2014.05.27 18:14:35.176,1.08251,1.08268,1.50,1.00
2014.05.27 18:14:35.429,1.08254,1.08273,1.32,1.00
2014.05.27 18:14:35.531,1.08258,1.08273,1.00,1.00
2014.05.27 18:14:35.866,1.08252,1.08269,2.07,1.00
2014.05.27 18:14:35.918,1.08252,1.08274,2.07,1.00
2014.05.27 18:14:36.377,1.08252,1.08273,2.97,1.00
2014.05.27 18:14:37.059,1.08253,1.08268,1.10,1.00
2014.05.27 18:14:37.413,1.08252,1.08273,1.69,1.00
2014.05.27 18:14:37.464,1.08254,1.08273,1.00,1.00
2014.05.27 18:14:37.768,1.08263,1.08274,1.00,1.00
2014.05.27 18:14:38.322,1.08263,1.08273,1.00,1.00
2014.05.27 18:14:38.373,1.08263,1.08278,1.00,1.00
2014.05.27 18:14:38.426,1.08255,1.08278,2.07,1.00
2014.05.27 18:14:38.938,1.08255,1.08279,1.19,1.50
2014.05.27 18:14:39.702,1.08255,1.08278,1.19,1.00
2014.05.27 18:14:40.209,1.08256,1.08279,1.19,1.00
2014.05.27 18:14:40.648,1.08256,1.08279,1.19,1.00
2014.05.27 18:14:42.096,1.08257,1.08279,1.19,1.00
2014.05.27 18:14:42.601,1.08261,1.08279,1.00,1.00
2014.05.27 18:14:42.905,1.08263,1.08279,1.00,1.00
2014.05.27 18:14:43.658,1.08264,1.08279,1.00,1.00
2014.05.27 18:14:44.353,1.08263,1.08279,1.00,1.00
2014.05.27 18:14:45.218,1.08264,1.08279,1.00,1.00
2014.05.27 18:14:45.827,1.08263,1.08279,1.00,1.00
2014.05.27 18:14:48.833,1.08264,1.08279,1.00,1.00
2014.05.27 18:14:49.638,1.08263,1.08279,1.00,1.00
2014.05.27 18:14:53.057,1.08264,1.08279,1.00,1.00
2014.05.27 18:14:53.599,1.08263,1.08279,1.00,1.00
2014.05.27 18:14:56.070,1.08264,1.08279,1.00,1.00
2014.05.27 18:14:57.002,1.08263,1.08279,1.00,1.00
2014.05.27 18:14:57.560,1.08264,1.08279,1.00,1.00
2014.05.27 18:14:58.422,1.08263,1.08279,1.00,1.00
2014.05.27 18:14:58.473,1.08263,1.08282,1.00,2.63
2014.05.27 18:14:59.023,1.08262,1.08282,1.25,2.63
2014.05.27 18:14:59.276,1.08264,1.08281,1.00,1.88
2014.05.27 18:14:59.802,1.08263,1.08282,1.25,2.63
2014.05.27 18:15:00.318,1.08264,1.08281,1.50,1.88
2014.05.27 18:15:00.828,1.08263,1.08284,1.69,1.38
2014.05.27 18:15:01.190,1.08269,1.08286,1.00,2.03
2014.05.27 18:15:02.412,1.08268,1.08282,1.00,1.88
2014.05.27 18:15:03.238,1.08269,1.08281,1.00,1.88
2014.05.27 18:15:05.847,1.08268,1.08282,1.00,1.88
2014.05.27 18:15:07.661,1.08269,1.08281,1.00,1.88
2014.05.27 18:15:10.359,1.08268,1.08282,1.00,1.88
2014.05.27 18:15:10.977,1.08263,1.08282,1.00,1.88
2014.05.27 18:15:11.739,1.08264,1.08281,1.00,1.88
2014.05.27 18:15:12.259,1.08263,1.08282,1.25,1.95
2014.05.27 18:15:12.411,1.08257,1.08273,1.00,1.00
2014.05.27 18:15:12.513,1.08255,1.08273,1.02,1.00
2014.05.27 18:15:12.665,1.08254,1.08269,1.00,1.00
2014.05.27 18:15:12.716,1.08251,1.08269,1.50,1.00
2014.05.27 18:15:12.817,1.08249,1.08269,1.25,1.00
2014.05.27 18:15:12.868,1.08249,1.08273,1.25,1.00
2014.05.27 18:15:13.917,1.08249,1.08273,1.19,1.25
2014.05.27 18:15:14.379,1.08252,1.08275,1.00,1.19
2014.05.27 18:15:14.683,1.08254,1.08274,1.08,1.00
2014.05.27 18:15:14.733,1.08254,1.08276,1.15,2.63
2014.05.27 18:15:14.807,1.08254,1.08276,1.08,2.63
2014.05.27 18:15:15.314,1.08256,1.08277,1.32,1.88
2014.05.27 18:15:15.833,1.08256,1.08276,1.32,1.88
2014.05.27 18:15:15.989,1.08256,1.08277,1.32,1.88
2014.05.27 18:15:16.508,1.08256,1.08276,1.32,1.88
2014.05.27 18:15:17.432,1.08256,1.08276,1.32,1.88
2014.05.27 18:15:17.818,1.08253,1.08277,2.44,2.82
2014.05.27 18:15:18.172,1.08254,1.08275,1.00,1.48
2014.05.27 18:15:18.925,1.08253,1.08275,1.00,1.48
2014.05.27 18:15:19.431,1.08254,1.08275,1.00,1.67
2014.05.27 18:15:20.003,1.08253,1.08275,1.00,1.67
2014.05.27 18:15:20.511,1.08254,1.08271,1.00,1.88
2014.05.27 18:15:21.210,1.08253,1.08272,1.00,1.88
2014.05.27 18:15:21.746,1.08254,1.08271,1.00,1.88
2014.05.27 18:15:23.538,1.08253,1.08272,1.00,1.88
2014.05.27 18:15:24.314,1.08254,1.08271,1.00,1.88
2014.05.27 18:15:24.858,1.08253,1.08272,1.00,1.88
2014.05.27 18:15:26.055,1.08254,1.08275,1.00,1.57
2014.05.27 18:15:26.562,1.08253,1.08277,1.00,2.14
2014.05.27 18:15:26.667,1.08254,1.08276,1.00,2.07
2014.05.27 18:15:27.388,1.08253,1.08277,1.00,2.14
2014.05.27 18:15:27.921,1.08254,1.08276,1.00,2.07
2014.05.27 18:15:28.614,1.08253,1.08277,1.00,2.14
2014.05.27 18:15:32.625,1.08254,1.08276,1.00,2.07
2014.05.27 18:15:33.732,1.08253,1.08277,1.00,2.14
2014.05.27 18:15:34.556,1.08254,1.08276,1.00,2.07
2014.05.27 18:15:35.288,1.08253,1.08277,1.13,2.14
2014.05.27 18:15:36.253,1.08254,1.08276,1.00,2.07
2014.05.27 18:15:38.146,1.08253,1.08277,1.13,2.14
2014.05.27 18:15:38.847,1.08254,1.08276,1.50,2.07
2014.05.27 18:15:46.197,1.08254,1.08277,1.00,2.22
2014.05.27 18:15:57.117,1.08254,1.08277,1.00,2.22
2014.05.27 18:15:57.655,1.08254,1.08274,1.50,1.00
2014.05.27 18:15:59.235,1.08254,1.08274,1.00,1.19
2014.05.27 18:15:59.386,1.08254,1.08276,1.00,1.95
2014.05.27 18:16:03.342,1.08254,1.08277,1.00,2.22
2014.05.27 18:16:03.695,1.08254,1.08273,1.50,1.00
2014.05.27 18:16:05.413,1.08254,1.08277,1.00,2.22
2014.05.27 18:16:05.934,1.08254,1.08274,1.50,1.00
2014.05.27 18:16:06.532,1.08254,1.08274,1.00,1.19
2014.05.27 18:16:07.046,1.08255,1.08274,1.00,1.19
2014.05.27 18:16:07.583,1.08255,1.08274,1.00,1.00
2014.05.27 18:16:07.634,1.08255,1.08276,1.00,2.14
2014.05.27 18:16:08.215,1.08255,1.08274,1.00,1.00
2014.05.27 18:16:09.844,1.08255,1.08276,1.00,2.14
2014.05.27 18:16:10.959,1.08255,1.08277,1.00,2.22
2014.05.27 18:16:14.070,1.08255,1.08277,1.00,2.22
2014.05.27 18:16:17.405,1.08255,1.08277,1.00,2.22
2014.05.27 18:16:19.252,1.08256,1.08277,1.13,2.07
2014.05.27 18:16:19.606,1.08256,1.08278,2.07,1.38
2014.05.27 18:16:19.926,1.0826,1.08278,1.00,1.00
2014.05.27 18:16:20.130,1.08258,1.08279,1.50,1.58
2014.05.27 18:16:20.332,1.08257,1.08273,1.00,1.00
2014.05.27 18:16:20.635,1.08255,1.08279,1.19,1.53
2014.05.27 18:16:21.123,1.08255,1.08274,1.00,1.00
2014.05.27 18:16:21.275,1.08251,1.08274,1.19,1.00
2014.05.27 18:16:21.326,1.08251,1.08274,1.19,1.08
2014.05.27 18:16:21.427,1.08251,1.08274,1.19,1.10
2014.05.27 18:16:23.346,1.08251,1.08274,1.00,1.25
2014.05.27 18:16:24.839,1.08251,1.08275,1.69,1.25
2014.05.27 18:16:25.174,1.08251,1.08273,1.25,1.10
2014.05.27 18:16:25.737,1.08251,1.08273,1.00,1.18
2014.05.27 18:16:30.142,1.08251,1.08273,1.00,1.37
2014.05.27 18:16:31.144,1.08251,1.08273,1.00,1.37
2014.05.27 18:16:31.346,1.08248,1.08273,1.69,1.37
2014.05.27 18:16:31.571,1.08247,1.08269,1.19,1.00
2014.05.27 18:16:32.550,1.08247,1.08269,1.19,1.00
2014.05.27 18:16:32.651,1.08247,1.08271,1.69,1.50
2014.05.27 18:16:33.076,1.08247,1.08269,1.19,1.00
2014.05.27 18:16:33.754,1.08247,1.08269,1.19,1.00
2014.05.27 18:16:34.143,1.08247,1.08271,1.19,1.00
2014.05.27 18:16:34.295,1.08247,1.08271,1.00,1.25
2014.05.27 18:16:34.398,1.08246,1.08268,1.50,1.00
2014.05.27 18:16:34.652,1.08239,1.08263,3.38,1.18
2014.05.27 18:16:34.754,1.08238,1.0826,1.50,1.00
2014.05.27 18:16:35.262,1.08238,1.08259,1.00,1.77
2014.05.27 18:16:35.364,1.08236,1.08259,1.00,1.77
2014.05.27 18:16:35.465,1.08233,1.08258,3.57,1.29
2014.05.27 18:16:35.617,1.08237,1.08259,1.00,1.77
2014.05.27 18:16:35.820,1.08234,1.08259,2.07,2.44
2014.05.27 18:16:36.174,1.08237,1.08259,1.00,1.69
2014.05.27 18:16:36.377,1.08233,1.08259,2.07,2.44
2014.05.27 18:16:36.630,1.08236,1.08259,1.00,1.69
2014.05.27 18:16:37.085,1.08236,1.08259,1.25,1.50
2014.05.27 18:16:37.338,1.08239,1.08259,1.00,1.50
2014.05.27 18:16:37.902,1.08238,1.08259,1.00,1.50
2014.05.27 18:16:38.410,1.08239,1.08259,1.00,1.69
2014.05.27 18:16:39.444,1.08238,1.08259,1.00,1.69
2014.05.27 18:16:39.963,1.08239,1.08259,1.00,1.69
2014.05.27 18:16:40.623,1.08238,1.08259,1.00,1.69
2014.05.27 18:16:41.283,1.08238,1.08259,1.00,1.69
2014.05.27 18:16:41.486,1.08233,1.08258,2.22,1.25
2014.05.27 18:16:41.689,1.08239,1.08259,1.00,1.69
2014.05.27 18:16:42.273,1.08239,1.08259,1.00,1.69
2014.05.27 18:16:46.205,1.08239,1.08259,1.00,1.69
2014.05.27 18:16:46.734,1.08238,1.08259,1.00,1.69
2014.05.27 18:16:47.235,1.08239,1.08259,1.00,1.69
2014.05.27 18:16:47.896,1.08239,1.08259,1.00,1.50
2014.05.27 18:16:48.782,1.08238,1.08259,1.00,1.50
2014.05.27 18:16:49.546,1.08239,1.08259,1.00,1.50
2014.05.27 18:16:51.958,1.08238,1.08259,1.00,1.50
2014.05.27 18:16:52.262,1.08241,1.08267,1.84,2.82
2014.05.27 18:16:52.313,1.08247,1.08267,1.00,2.82
2014.05.27 18:16:52.465,1.08247,1.08267,1.00,1.13
2014.05.27 18:16:52.668,1.08244,1.08268,1.08,1.38
2014.05.27 18:16:52.769,1.08245,1.08269,1.10,1.25
2014.05.27 18:16:52.870,1.08246,1.0827,1.19,1.25
2014.05.27 18:16:53.325,1.08245,1.08268,1.29,1.00
2014.05.27 18:16:53.882,1.08245,1.08268,1.29,1.00
2014.05.27 18:16:54.389,1.0825,1.08268,1.00,1.00
2014.05.27 18:16:54.951,1.0825,1.08268,1.19,1.00
2014.05.27 18:16:55.103,1.0825,1.08274,1.19,2.07
2014.05.27 18:16:55.154,1.0825,1.08274,1.19,1.88
2014.05.27 18:16:55.458,1.08254,1.08274,1.19,1.00
2014.05.27 18:16:57.261,1.08254,1.08274,2.52,1.00
2014.05.27 18:16:57.767,1.08255,1.08273,1.19,1.00
2014.05.27 18:16:59.079,1.08252,1.08273,1.00,1.00
2014.05.27 18:16:59.180,1.08252,1.08264,1.00,1.00
2014.05.27 18:16:59.484,1.08248,1.08264,1.00,1.00
2014.05.27 18:16:59.737,1.08246,1.08264,1.25,1.00
2014.05.27 18:17:02.335,1.08246,1.08264,2.44,1.00
2014.05.27 18:17:02.437,1.08248,1.08264,1.19,1.00
2014.05.27 18:17:02.488,1.08248,1.08269,1.64,1.00
2014.05.27 18:17:02.742,1.08254,1.08269,1.00,1.00
2014.05.27 18:17:03.046,1.08265,1.08274,1.00,1.00
2014.05.27 18:17:03.171,1.08265,1.08279,1.00,1.00
2014.05.27 18:17:03.375,1.08265,1.08273,1.00,1.00
2014.05.27 18:17:03.529,1.08264,1.08271,1.00,1.00
2014.05.27 18:17:03.733,1.08261,1.08273,1.00,1.00
2014.05.27 18:17:03.834,1.08261,1.08278,1.00,1.00
2014.05.27 18:17:04.138,1.08259,1.08279,1.00,1.00
2014.05.27 18:17:04.644,1.08257,1.08279,1.40,1.00
2014.05.27 18:17:05.153,1.08257,1.08278,1.40,1.00
2014.05.27 18:17:05.368,1.08257,1.08269,1.15,1.00
2014.05.27 18:17:05.520,1.08256,1.08269,1.02,1.00
2014.05.27 18:17:05.577,1.08256,1.08273,1.02,1.00
2014.05.27 18:17:05.829,1.0826,1.08273,1.00,1.00
2014.05.27 18:17:06.133,1.08261,1.08281,1.00,1.13
2014.05.27 18:17:06.336,1.08261,1.08281,1.60,1.50
2014.05.27 18:17:06.640,1.08268,1.08284,1.00,1.00
2014.05.27 18:17:06.690,1.08268,1.08287,1.00,1.88
2014.05.27 18:17:06.741,1.08269,1.08289,1.38,1.00
2014.05.27 18:17:07.098,1.08271,1.08291,1.32,1.88
2014.05.27 18:17:07.351,1.08271,1.08291,1.57,1.88
2014.05.27 18:17:07.661,1.08274,1.08291,1.19,1.88
2014.05.27 18:17:07.967,1.08274,1.08297,1.74,2.63
2014.05.27 18:17:08.169,1.0828,1.08297,1.25,2.63
2014.05.27 18:17:08.652,1.0828,1.08293,1.25,1.00
2014.05.27 18:17:08.956,1.08279,1.08289,1.00,1.00
2014.05.27 18:17:09.007,1.08274,1.08289,1.27,1.00
2014.05.27 18:17:09.109,1.08274,1.08292,1.35,1.88
2014.05.27 18:17:09.160,1.08273,1.08292,2.10,1.88
2014.05.27 18:17:09.463,1.08276,1.08292,1.00,1.88
2014.05.27 18:17:09.716,1.08276,1.08296,1.00,1.88
2014.05.27 18:17:09.982,1.08281,1.08297,1.00,2.82
2014.05.27 18:17:10.752,1.08281,1.08296,1.00,1.88
2014.05.27 18:17:11.308,1.08281,1.08297,1.00,2.63
2014.05.27 18:17:11.993,1.08281,1.08296,1.00,1.88
2014.05.27 18:17:12.528,1.08281,1.08297,1.00,2.63
2014.05.27 18:17:12.811,1.08276,1.08296,1.29,1.88
2014.05.27 18:17:13.008,1.08276,1.08297,1.00,3.57
2014.05.27 18:17:13.110,1.08276,1.08296,1.00,1.00
2014.05.27 18:17:13.161,1.08282,1.08296,1.00,2.63
2014.05.27 18:17:13.616,1.08278,1.08294,1.00,1.00
2014.05.27 18:17:13.717,1.08271,1.08294,1.34,1.00
2014.05.27 18:17:13.819,1.08282,1.08296,1.00,3.38
2014.05.27 18:17:13.971,1.08277,1.08292,1.00,2.63
2014.05.27 18:17:14.583,1.08282,1.08295,1.00,1.38
2014.05.27 18:17:14.890,1.08282,1.08295,1.00,1.00
2014.05.27 18:17:15.433,1.08281,1.08295,1.00,1.00
2014.05.27 18:17:15.556,1.08277,1.08295,1.00,1.00
2014.05.27 18:17:16.319,1.08277,1.08295,1.00,1.38
2014.05.27 18:17:16.825,1.08276,1.08295,1.00,1.38
2014.05.27 18:17:16.876,1.08271,1.08295,1.69,1.38
2014.05.27 18:17:16.927,1.08271,1.08295,1.69,1.57
2014.05.27 18:17:17.392,1.08277,1.08295,1.00,1.57
2014.05.27 18:17:17.847,1.08271,1.08291,1.00,2.07
2014.05.27 18:17:18.592,1.08272,1.08291,1.00,1.69
2014.05.27 18:17:18.947,1.08277,1.08291,1.00,3.38
2014.05.27 18:17:19.048,1.08272,1.08291,1.00,1.50
2014.05.27 18:17:20.242,1.08271,1.08291,1.25,1.50
2014.05.27 18:17:22.132,1.08266,1.08289,1.29,1.00
2014.05.27 18:17:22.932,1.08266,1.08291,1.29,1.69
2014.05.27 18:17:23.741,1.08269,1.08291,1.00,2.07
2014.05.27 18:17:24.246,1.08266,1.08291,1.84,1.88
2014.05.27 18:17:25.146,1.08266,1.08291,1.84,1.50
2014.05.27 18:17:25.884,1.08265,1.08279,1.84,1.00
2014.05.27 18:17:25.935,1.08265,1.08279,1.84,1.00
2014.05.27 18:17:26.037,1.08265,1.08279,1.50,1.00
2014.05.27 18:17:26.088,1.08265,1.08283,1.50,1.00
2014.05.27 18:17:26.341,1.08271,1.08291,1.00,5.22
2014.05.27 18:17:26.391,1.08271,1.08291,1.38,4.47
2014.05.27 18:17:26.645,1.08274,1.08288,1.00,1.00
2014.05.27 18:17:26.746,1.08269,1.08288,1.18,1.00
2014.05.27 18:17:26.848,1.08268,1.08292,1.15,1.32
2014.05.27 18:17:28.706,1.08269,1.08294,1.09,1.57
2014.05.27 18:17:29.209,1.08269,1.08294,1.09,1.57
2014.05.27 18:17:29.818,1.08269,1.08294,1.37,1.57
2014.05.27 18:17:30.341,1.08269,1.08294,1.37,1.57
2014.05.27 18:17:31.141,1.08269,1.08294,1.37,1.57
2014.05.27 18:17:32.341,1.08272,1.08295,1.00,1.57
2014.05.27 18:17:32.477,1.08269,1.08294,1.37,1.57
2014.05.27 18:17:33.183,1.08269,1.08294,1.37,1.63
2014.05.27 18:17:33.688,1.08269,1.08293,1.37,1.38
2014.05.27 18:17:34.201,1.08269,1.08293,1.37,1.63
2014.05.27 18:17:34.404,1.08271,1.08291,1.63,1.88
2014.05.27 18:17:34.907,1.08273,1.08292,1.38,1.88
2014.05.27 18:17:36.143,1.08272,1.08291,2.07,1.88
2014.05.27 18:17:36.731,1.08273,1.08292,1.38,1.88
2014.05.27 18:17:37.338,1.08272,1.08288,1.38,1.00
2014.05.27 18:17:37.846,1.08269,1.08289,1.37,1.00
2014.05.27 18:17:38.104,1.08271,1.08291,1.25,1.88
2014.05.27 18:17:38.721,1.08271,1.08292,1.00,1.88
2014.05.27 18:17:40.539,1.08271,1.08291,1.00,1.88
2014.05.27 18:17:41.651,1.08271,1.08292,1.00,2.07
2014.05.27 18:17:42.262,1.08271,1.08291,1.00,1.88
2014.05.27 18:17:42.788,1.08271,1.08292,1.00,2.07
2014.05.27 18:17:44.175,1.08271,1.08291,1.00,1.88
2014.05.27 18:17:44.726,1.08272,1.08292,1.00,2.07
2014.05.27 18:17:45.259,1.08272,1.08291,1.00,2.07
2014.05.27 18:17:48.240,1.08272,1.08292,1.00,2.07
2014.05.27 18:17:48.841,1.08269,1.08288,1.00,1.00
2014.05.27 18:17:51.552,1.08269,1.08288,1.19,1.00
2014.05.27 18:17:52.657,1.08269,1.08288,1.00,1.00
2014.05.27 18:17:56.431,1.08272,1.08291,1.00,2.07
2014.05.27 18:18:01.526,1.08277,1.08291,1.00,2.07
2014.05.27 18:18:01.600,1.08271,1.08291,1.00,2.07
2014.05.27 18:18:02.392,1.08271,1.08292,1.00,2.07
2014.05.27 18:18:04.508,1.08271,1.08292,1.00,2.07
2014.05.27 18:18:12.176,1.08271,1.08292,1.00,2.82
2014.05.27 18:18:12.752,1.08271,1.08291,1.00,1.88
2014.05.27 18:18:16.846,1.08271,1.08292,1.00,2.82
2014.05.27 18:18:18.185,1.08271,1.08292,1.00,2.82
2014.05.27 18:18:22.986,1.08271,1.08292,1.00,2.82
2014.05.27 18:18:24.376,1.08271,1.08291,1.00,2.07
2014.05.27 18:18:24.880,1.08277,1.08291,1.00,2.07
2014.05.27 18:18:25.397,1.08277,1.08295,1.00,2.63
2014.05.27 18:18:26.066,1.08277,1.08295,1.10,2.63
2014.05.27 18:18:26.572,1.08277,1.08295,1.10,1.88
2014.05.27 18:18:27.043,1.08276,1.08297,1.18,2.63
2014.05.27 18:18:27.595,1.08276,1.08296,1.18,1.88
2014.05.27 18:18:28.162,1.08276,1.08297,1.28,2.63
2014.05.27 18:18:28.669,1.08276,1.08296,1.28,1.88
2014.05.27 18:18:29.261,1.08276,1.08297,1.47,2.63
2014.05.27 18:18:29.775,1.08273,1.08296,1.47,1.88
2014.05.27 18:18:31.846,1.08273,1.08297,1.65,2.63
2014.05.27 18:18:32.506,1.08273,1.08296,1.15,1.88
2014.05.27 18:18:33.856,1.08273,1.08297,1.34,1.13
2014.05.27 18:18:34.465,1.08277,1.08297,1.10,1.38
2014.05.27 18:18:35.899,1.08277,1.08297,1.10,1.13
2014.05.27 18:18:36.453,1.08277,1.08297,1.10,1.38
2014.05.27 18:18:39.220,1.08277,1.08297,1.02,1.13
2014.05.27 18:18:39.823,1.08277,1.08297,1.29,1.38
2014.05.27 18:18:40.457,1.08277,1.08297,1.29,1.13
2014.05.27 18:18:41.145,1.08277,1.08297,1.29,1.38
2014.05.27 18:18:41.804,1.08277,1.08297,1.02,1.13
2014.05.27 18:18:42.607,1.08277,1.08297,1.29,1.00
2014.05.27 18:18:43.261,1.08281,1.08297,1.00,1.00
2014.05.27 18:18:44.690,1.08277,1.08297,1.29,1.00
2014.05.27 18:18:45.251,1.08277,1.08297,1.29,1.00
2014.05.27 18:18:50.635,1.08277,1.08297,1.39,1.00
2014.05.27 18:18:51.639,1.08277,1.08297,1.39,1.00
2014.05.27 18:18:55.396,1.08273,1.08293,3.72,1.00
2014.05.27 18:18:55.498,1.08274,1.08293,1.39,1.00
2014.05.27 18:18:57.709,1.08273,1.08293,1.84,1.00
2014.05.27 18:18:58.876,1.08273,1.08293,1.34,1.00
2014.05.27 18:19:00.192,1.08273,1.08293,1.34,1.00
2014.05.27 18:19:00.647,1.08277,1.08297,1.00,1.13
2014.05.27 18:19:01.183,1.08276,1.08297,1.00,1.00
2014.05.27 18:19:01.865,1.08276,1.08297,1.19,1.00
2014.05.27 18:19:02.608,1.08276,1.08297,1.00,1.00
2014.05.27 18:19:04.712,1.08276,1.08297,1.19,1.00
2014.05.27 18:19:05.716,1.08276,1.08297,1.19,1.00
2014.05.27 18:19:06.238,1.08276,1.08297,1.19,1.00
2014.05.27 18:19:07.940,1.08276,1.08297,1.19,1.00
2014.05.27 18:19:10.034,1.08276,1.08297,1.25,1.00
2014.05.27 18:19:10.582,1.08276,1.08297,1.19,1.00
2014.05.27 18:19:10.912,1.08277,1.08298,1.57,1.00
2014.05.27 18:19:11.522,1.08277,1.08299,1.57,1.00
2014.05.27 18:19:12.068,1.08276,1.08298,2.07,1.00
2014.05.27 18:19:15.208,1.08276,1.08298,2.07,1.38
2014.05.27 18:19:15.717,1.08276,1.08298,2.07,1.38
2014.05.27 18:19:16.228,1.08276,1.08298,2.07,1.88
2014.05.27 18:19:16.937,1.08276,1.08298,2.07,1.38
2014.05.27 18:19:17.744,1.08276,1.08298,2.07,1.38
2014.05.27 18:19:18.555,1.08276,1.08298,2.07,1.38
2014.05.27 18:19:19.545,1.08276,1.08298,2.07,1.88
2014.05.27 18:19:21.494,1.08276,1.08298,2.07,1.88
2014.05.27 18:19:22.360,1.08276,1.08298,2.07,1.38
2014.05.27 18:19:22.723,1.08277,1.08298,1.00,1.38
2014.05.27 18:19:23.455,1.08276,1.08297,1.32,1.88
2014.05.27 18:19:23.658,1.08274,1.08293,2.25,1.00
2014.05.27 18:19:23.992,1.08274,1.08293,2.25,1.38
2014.05.27 18:19:24.509,1.08276,1.08293,1.00,1.38
2014.05.27 18:19:25.044,1.08276,1.08294,1.00,1.00
2014.05.27 18:19:27.391,1.08275,1.08294,2.00,1.00
2014.05.27 18:19:27.695,1.08279,1.08294,1.00,1.00
2014.05.27 18:19:28.228,1.08279,1.08294,1.63,1.00
2014.05.27 18:19:30.012,1.08279,1.08296,1.38,1.88
2014.05.27 18:19:31.482,1.08278,1.08297,2.07,1.88
2014.05.27 18:19:32.018,1.08279,1.08296,1.38,1.88
2014.05.27 18:19:34.482,1.08278,1.08297,2.07,1.88
2014.05.27 18:19:35.530,1.08279,1.08296,1.38,1.88
2014.05.27 18:19:36.068,1.08279,1.08293,1.38,1.00
2014.05.27 18:19:38.395,1.08279,1.08293,1.00,1.00
2014.05.27 18:19:38.698,1.08275,1.08289,1.00,1.00
2014.05.27 18:19:38.850,1.08273,1.08292,2.07,1.88
2014.05.27 18:19:38.952,1.08278,1.08294,1.00,1.38
2014.05.27 18:19:39.255,1.08272,1.08288,1.67,1.00
2014.05.27 18:19:39.809,1.08272,1.08292,1.38,1.88
2014.05.27 18:19:40.355,1.08272,1.08291,1.38,1.88
2014.05.27 18:19:40.890,1.08272,1.08292,1.38,1.88
2014.05.27 18:19:41.194,1.08272,1.08294,1.38,1.00
2014.05.27 18:19:41.709,1.08272,1.08293,1.95,1.00
2014.05.27 18:19:41.911,1.08272,1.08293,2.14,1.00
2014.05.27 18:19:42.164,1.08276,1.08296,1.13,1.00
2014.05.27 18:19:42.265,1.08279,1.08296,1.00,2.63
2014.05.27 18:19:42.878,1.08278,1.08296,1.00,1.00
2014.05.27 18:19:43.540,1.08279,1.08296,1.00,2.63
2014.05.27 18:19:45.422,1.08278,1.08296,1.25,1.00
2014.05.27 18:19:46.542,1.08279,1.08296,1.00,2.63
2014.05.27 18:19:47.528,1.08278,1.08296,1.25,1.00
2014.05.27 18:19:51.019,1.08279,1.08296,1.00,2.63
2014.05.27 18:19:52.246,1.08278,1.08296,1.25,1.00
2014.05.27 18:19:53.163,1.08278,1.08296,1.19,1.00
2014.05.27 18:19:54.769,1.08278,1.08296,1.25,1.00
2014.05.27 18:19:57.083,1.08282,1.08296,1.00,1.00
2014.05.27 18:19:57.336,1.08278,1.08296,1.00,1.00
2014.05.27 18:19:57.848,1.08279,1.08296,1.00,1.13
2014.05.27 18:19:58.304,1.08281,1.08296,1.00,1.13
2014.05.27 18:19:58.867,1.08278,1.08296,1.19,1.00
2014.05.27 18:19:59.498,1.08278,1.08296,1.00,1.00
2014.05.27 18:20:01.615,1.08279,1.08296,1.00,1.00
2014.05.27 18:20:02.125,1.08278,1.08296,1.25,1.00
2014.05.27 18:20:04.991,1.08279,1.08296,1.00,1.13
2014.05.27 18:20:05.219,1.08282,1.08296,1.00,1.13
2014.05.27 18:20:05.770,1.08279,1.08296,1.00,1.13
2014.05.27 18:20:06.430,1.08282,1.08296,1.00,1.13
2014.05.27 18:20:07.026,1.08278,1.08296,1.00,1.00
2014.05.27 18:20:07.348,1.08281,1.08296,1.00,1.00
2014.05.27 18:20:07.966,1.08281,1.08297,1.00,1.13
2014.05.27 18:20:10.240,1.08281,1.08297,1.00,1.38
2014.05.27 18:20:13.071,1.08281,1.08297,1.00,1.13
2014.05.27 18:20:13.690,1.08282,1.08297,1.00,1.13
2014.05.27 18:20:16.549,1.08282,1.08298,1.19,1.00
2014.05.27 18:20:16.853,1.08286,1.08298,1.00,1.00
2014.05.27 18:20:16.904,1.08279,1.08298,1.74,1.00
2014.05.27 18:20:17.420,1.08279,1.08299,1.34,1.00
2014.05.27 18:20:17.848,1.08277,1.08299,1.34,1.00
2014.05.27 18:20:18.390,1.08277,1.08298,1.29,1.50
2014.05.27 18:20:18.856,1.08277,1.08298,1.29,1.00
2014.05.27 18:20:20.878,1.08282,1.08298,1.19,1.00
2014.05.27 18:20:21.383,1.08282,1.08297,1.25,1.00
2014.05.27 18:20:22.365,1.08282,1.08299,1.00,1.00
2014.05.27 18:20:24.320,1.08282,1.08298,1.25,1.00
2014.05.27 18:20:24.826,1.08282,1.08299,1.25,1.00
2014.05.27 18:20:25.289,1.08282,1.08299,1.19,1.00
2014.05.27 18:20:25.830,1.08282,1.08299,1.27,1.00
2014.05.27 18:20:26.363,1.08282,1.08298,1.19,1.00
2014.05.27 18:20:26.970,1.08282,1.08299,1.19,1.00
2014.05.27 18:20:27.894,1.08279,1.08299,1.34,1.00
2014.05.27 18:20:32.920,1.0828,1.08299,1.37,1.00
2014.05.27 18:20:33.366,1.08277,1.08298,1.84,1.00
2014.05.27 18:20:33.929,1.08276,1.08298,1.84,1.00
2014.05.27 18:20:34.133,1.08279,1.08298,1.37,1.00
2014.05.27 18:20:34.437,1.08277,1.08299,1.72,1.50
2014.05.27 18:20:34.945,1.08282,1.08299,1.33,1.00
2014.05.27 18:20:35.458,1.08282,1.08298,1.33,1.00
2014.05.27 18:20:35.965,1.08282,1.08299,1.33,1.00
2014.05.27 18:20:38.652,1.08282,1.08299,1.27,1.00
2014.05.27 18:20:39.350,1.08282,1.08298,1.27,1.00
2014.05.27 18:20:40.072,1.08282,1.08298,1.27,1.00
2014.05.27 18:20:40.747,1.08282,1.08299,1.27,1.00
2014.05.27 18:20:43.670,1.08282,1.08298,1.27,1.00
2014.05.27 18:20:44.545,1.08282,1.08299,1.27,1.00
2014.05.27 18:20:45.120,1.08282,1.08299,1.27,1.00
2014.05.27 18:20:45.904,1.08282,1.08298,1.27,1.00
2014.05.27 18:20:46.588,1.08282,1.08299,1.27,1.00
2014.05.27 18:20:47.109,1.08282,1.08298,1.27,1.00
2014.05.27 18:20:47.912,1.08282,1.08299,1.27,1.00
2014.05.27 18:20:48.890,1.08282,1.08298,1.27,1.00
2014.05.27 18:20:49.566,1.08282,1.08298,1.27,1.00
2014.05.27 18:20:50.115,1.08282,1.08299,1.27,1.00
2014.05.27 18:20:51.068,1.08283,1.08299,1.29,1.00
2014.05.27 18:20:51.322,1.08285,1.08309,1.69,1.00
2014.05.27 18:20:53.369,1.08285,1.08309,1.69,1.00
2014.05.27 18:20:55.376,1.08285,1.08309,1.69,1.00
2014.05.27 18:20:57.385,1.08285,1.08309,1.69,1.00
2014.05.27 18:21:00.049,1.08285,1.08309,2.44,1.00
2014.05.27 18:21:00.151,1.08285,1.08309,1.62,1.00
2014.05.27 18:21:01.158,1.08283,1.08308,1.29,1.00
2014.05.27 18:21:01.310,1.08283,1.08308,1.29,1.00
2014.05.27 18:21:03.339,1.08283,1.08309,1.77,1.50
2014.05.27 18:21:03.961,1.08283,1.08308,1.29,1.00
2014.05.27 18:21:04.517,1.08283,1.08308,1.77,1.00
2014.05.27 18:21:05.713,1.08283,1.08308,1.77,1.00
2014.05.27 18:21:06.920,1.08283,1.08308,2.14,1.00
2014.05.27 18:21:09.932,1.08283,1.08308,1.67,1.00
2014.05.27 18:21:10.356,1.08283,1.08308,1.29,1.00
2014.05.27 18:21:13.678,1.08283,1.08308,1.02,1.00
2014.05.27 18:21:14.428,1.08283,1.08308,1.09,1.00
2014.05.27 18:21:14.934,1.08283,1.08309,1.84,1.50
2014.05.27 18:21:16.395,1.08284,1.08309,1.19,1.50
2014.05.27 18:21:17.870,1.08285,1.08309,1.69,1.50
2014.05.27 18:21:18.189,1.08291,1.08309,1.00,1.00
2014.05.27 18:21:18.531,1.08296,1.08311,1.00,2.63
2014.05.27 18:21:22.038,1.08293,1.08311,1.00,1.00
2014.05.27 18:21:22.190,1.08291,1.08311,1.00,1.00
2014.05.27 18:21:22.594,1.08296,1.08311,1.00,2.63
2014.05.27 18:21:37.726,1.08296,1.08312,1.00,1.88
2014.05.27 18:21:39.787,1.08301,1.08312,1.00,1.88
2014.05.27 18:21:40.290,1.08302,1.08312,1.00,1.88
2014.05.27 18:21:41.039,1.08302,1.08316,1.00,2.07
2014.05.27 18:21:41.562,1.08302,1.08317,1.00,3.57
2014.05.27 18:21:42.497,1.08302,1.08316,1.00,1.88
2014.05.27 18:21:43.678,1.08301,1.08316,1.00,1.88
2014.05.27 18:21:44.210,1.08301,1.08317,1.00,2.63
2014.05.27 18:21:44.261,1.08301,1.08317,1.00,2.63
2014.05.27 18:21:44.970,1.08301,1.08316,1.00,1.88
2014.05.27 18:21:46.899,1.08301,1.08317,1.00,2.63
2014.05.27 18:21:48.134,1.08301,1.08316,1.00,1.88
2014.05.27 18:21:48.747,1.08301,1.08317,1.00,3.38
2014.05.27 18:21:49.252,1.08301,1.08316,1.00,1.88
2014.05.27 18:21:49.624,1.08309,1.08316,1.00,1.88
2014.05.27 18:21:49.829,1.08301,1.08321,1.00,1.88
2014.05.27 18:21:50.134,1.08306,1.08321,1.00,1.88
2014.05.27 18:21:50.185,1.08306,1.08322,1.00,1.88
2014.05.27 18:21:50.755,1.08306,1.08321,1.00,1.88
2014.05.27 18:21:51.289,1.08306,1.08322,1.00,1.88
2014.05.27 18:21:53.770,1.08306,1.08321,1.00,1.88
2014.05.27 18:21:54.277,1.08306,1.08327,1.00,3.45
2014.05.27 18:21:54.790,1.08306,1.08326,1.00,2.63
2014.05.27 18:22:00.213,1.08306,1.08327,1.00,1.95
2014.05.27 18:22:01.199,1.08307,1.08321,1.00,1.88
2014.05.27 18:22:01.828,1.08311,1.08321,1.00,1.88
2014.05.27 18:22:03.038,1.08306,1.08326,1.00,1.88
2014.05.27 18:22:04.889,1.08306,1.08327,1.25,2.63
2014.05.27 18:22:07.009,1.08306,1.08326,1.25,2.63
2014.05.27 18:22:07.111,1.08311,1.08326,1.00,1.88
2014.05.27 18:22:07.380,1.08304,1.08323,1.00,1.00
2014.05.27 18:22:07.482,1.08306,1.08322,1.00,1.88
2014.05.27 18:22:07.685,1.08302,1.08322,1.00,2.03
2014.05.27 18:22:07.736,1.08302,1.08322,1.00,2.03
2014.05.27 18:22:08.143,1.08306,1.08321,1.00,1.88
2014.05.27 18:22:08.548,1.08302,1.08321,1.00,1.88
2014.05.27 18:22:08.650,1.08302,1.08322,1.00,1.95
2014.05.27 18:22:08.853,1.08302,1.08322,1.10,1.95
2014.05.27 18:22:08.905,1.08316,1.08322,1.00,1.95
2014.05.27 18:22:08.957,1.08316,1.08326,1.00,1.50
2014.05.27 18:22:09.111,1.08312,1.08327,1.19,1.88
2014.05.27 18:22:09.213,1.08312,1.08332,1.19,2.63
2014.05.27 18:22:09.366,1.08312,1.08332,1.00,1.88
2014.05.27 18:22:09.822,1.08314,1.08331,1.00,1.88
2014.05.27 18:22:10.025,1.08312,1.08334,1.00,1.55
2014.05.27 18:22:10.582,1.08312,1.08334,1.00,1.55
2014.05.27 18:22:11.098,1.08312,1.08336,1.00,1.78
2014.05.27 18:22:11.414,1.08322,1.08336,1.00,1.63
2014.05.27 18:22:11.515,1.08322,1.08337,1.00,2.14
2014.05.27 18:22:12.037,1.08321,1.08336,1.00,1.88
2014.05.27 18:22:12.547,1.08321,1.08337,1.00,1.88
2014.05.27 18:22:13.249,1.08321,1.08336,1.00,1.88
2014.05.27 18:22:13.402,1.08331,1.08336,1.00,1.88
2014.05.27 18:22:13.605,1.08326,1.08337,1.00,1.88
2014.05.27 18:22:13.963,1.08326,1.08341,1.00,1.88
2014.05.27 18:22:14.381,1.08331,1.08341,1.00,1.88
2014.05.27 18:22:14.982,1.08331,1.08342,1.00,1.88
2014.05.27 18:22:15.710,1.08331,1.08341,1.00,1.88
2014.05.27 18:22:16.284,1.08331,1.08342,1.00,1.88
2014.05.27 18:22:17.078,1.08331,1.08341,1.00,1.88
2014.05.27 18:22:17.597,1.08332,1.08342,1.00,1.88
2014.05.27 18:22:17.648,1.08327,1.08342,1.00,1.88
2014.05.27 18:22:18.181,1.08327,1.08341,1.00,1.88
2014.05.27 18:22:18.283,1.08327,1.08342,1.00,2.63
2014.05.27 18:22:18.998,1.08327,1.08336,1.00,1.88
2014.05.27 18:22:19.510,1.08327,1.08337,1.00,1.88
2014.05.27 18:22:20.062,1.08327,1.08336,1.00,1.88
2014.05.27 18:22:20.663,1.08327,1.08337,1.00,1.88
2014.05.27 18:22:21.543,1.08327,1.08336,1.00,1.88
2014.05.27 18:22:22.196,1.08327,1.08337,1.00,1.88
2014.05.27 18:22:22.364,1.08321,1.08336,1.00,1.88
2014.05.27 18:22:22.567,1.08317,1.08337,1.00,1.88
2014.05.27 18:22:22.821,1.08321,1.08336,1.00,1.00
2014.05.27 18:22:23.228,1.08321,1.08342,1.00,4.28
2014.05.27 18:22:23.380,1.08327,1.08341,1.00,2.70
2014.05.27 18:22:23.887,1.08326,1.08344,1.00,1.55
2014.05.27 18:22:24.867,1.08326,1.08344,1.00,1.55
2014.05.27 18:22:25.171,1.08327,1.0834,1.00,1.39
2014.05.27 18:22:25.323,1.08322,1.08339,1.00,1.25
2014.05.27 18:22:25.374,1.08322,1.08337,1.00,1.00
2014.05.27 18:22:26.859,1.08322,1.08336,1.00,1.00
2014.05.27 18:22:27.417,1.08322,1.08337,1.00,1.20
2014.05.27 18:22:27.925,1.08321,1.08336,1.00,1.20
2014.05.27 18:22:30.425,1.08322,1.08341,1.00,4.47
2014.05.27 18:22:31.138,1.08322,1.08341,1.00,2.14
2014.05.27 18:22:33.092,1.08322,1.08342,1.00,4.28
2014.05.27 18:22:33.143,1.08326,1.08342,1.00,4.28
2014.05.27 18:22:34.006,1.08326,1.08346,1.00,1.63
2014.05.27 18:22:34.525,1.08326,1.08346,1.00,2.82
2014.05.27 18:22:35.063,1.08326,1.08346,1.00,1.57
2014.05.27 18:22:35.626,1.08326,1.08346,1.00,2.82
2014.05.27 18:22:35.882,1.08322,1.08346,1.50,2.82
2014.05.27 18:22:36.753,1.08322,1.08346,1.50,1.64
2014.05.27 18:22:37.265,1.08321,1.08341,1.00,3.45
2014.05.27 18:22:37.803,1.08321,1.08341,1.00,3.64
2014.05.27 18:22:38.849,1.08322,1.08341,1.00,1.58
2014.05.27 18:22:39.200,1.08322,1.08338,1.00,1.00
2014.05.27 18:22:39.656,1.08316,1.08338,1.25,1.10
2014.05.27 18:22:40.163,1.08317,1.08338,1.00,1.19
2014.05.27 18:22:41.137,1.08316,1.08338,1.00,1.19
2014.05.27 18:22:43.537,1.08316,1.08338,1.00,1.67
2014.05.27 18:22:44.072,1.08317,1.08336,1.00,1.25
2014.05.27 18:22:44.944,1.08317,1.08336,1.00,1.19
2014.05.27 18:22:45.214,1.08317,1.08337,1.00,1.00
2014.05.27 18:22:45.417,1.08321,1.08337,1.00,1.00
2014.05.27 18:22:45.619,1.08317,1.08336,1.00,1.00
2014.05.27 18:22:46.125,1.08316,1.08337,1.00,1.95
2014.05.27 18:22:46.633,1.08317,1.08337,1.00,1.95
2014.05.27 18:22:47.156,1.08322,1.08336,1.00,1.13
2014.05.27 18:22:47.309,1.08322,1.0834,1.00,1.08
2014.05.27 18:22:47.435,1.08326,1.08343,1.00,1.88
2014.05.27 18:22:47.942,1.08327,1.08346,1.00,2.07
2014.05.27 18:22:48.145,1.08322,1.08346,1.00,2.07
2014.05.27 18:22:48.247,1.08326,1.08346,1.00,3.57
2014.05.27 18:22:48.450,1.08327,1.08346,1.00,2.07
2014.05.27 18:22:49.387,1.08336,1.08346,1.00,1.88
2014.05.27 18:22:49.589,1.08331,1.08351,1.00,2.78
2014.05.27 18:22:50.095,1.08332,1.08347,1.00,2.03
2014.05.27 18:22:50.636,1.08332,1.08346,1.00,1.88
2014.05.27 18:22:52.136,1.08332,1.08347,1.00,2.03
2014.05.27 18:22:53.163,1.08332,1.08346,1.00,1.88
2014.05.27 18:22:58.547,1.08332,1.08347,1.00,2.03
2014.05.27 18:22:59.146,1.08332,1.08346,1.00,1.88
2014.05.27 18:22:59.387,1.08326,1.08347,1.00,2.03
2014.05.27 18:22:59.947,1.08326,1.08346,1.00,1.88
2014.05.27 18:23:00.592,1.08326,1.08347,1.00,2.03
2014.05.27 18:23:01.109,1.08327,1.08351,1.00,2.03
2014.05.27 18:23:01.211,1.08327,1.08351,1.00,1.65
2014.05.27 18:23:01.363,1.08332,1.08351,1.00,1.65
2014.05.27 18:23:03.363,1.08327,1.08352,1.00,2.78
2014.05.27 18:23:04.484,1.08326,1.08349,1.69,1.00
2014.05.27 18:23:04.585,1.08328,1.08351,1.00,2.97
2014.05.27 18:23:05.126,1.08331,1.08352,1.00,2.97
2014.05.27 18:23:05.538,1.08328,1.08352,1.00,1.72
2014.05.27 18:23:05.893,1.08331,1.0835,1.00,1.20
2014.05.27 18:23:06.875,1.08332,1.0835,1.00,1.20
2014.05.27 18:23:08.638,1.08341,1.08354,1.00,1.45
2014.05.27 18:23:08.790,1.08341,1.08357,1.00,1.88
2014.05.27 18:23:08.993,1.08335,1.08356,1.00,1.88
2014.05.27 18:23:09.196,1.08335,1.08356,1.00,1.88
2014.05.27 18:23:09.247,1.08333,1.08356,1.25,1.88
2014.05.27 18:23:09.876,1.08333,1.08357,1.25,2.78
2014.05.27 18:23:10.837,1.08341,1.08357,1.00,2.78
2014.05.27 18:23:10.991,1.08341,1.08357,1.00,1.13
2014.05.27 18:23:11.043,1.08346,1.08362,1.00,2.63
2014.05.27 18:23:11.196,1.08337,1.08357,1.00,1.88
2014.05.27 18:23:11.450,1.08331,1.08355,1.69,1.00
2014.05.27 18:23:11.602,1.08331,1.08355,1.19,1.38
2014.05.27 18:23:11.704,1.08332,1.08355,1.25,1.00
2014.05.27 18:23:12.242,1.08331,1.08356,1.19,1.50
2014.05.27 18:23:12.598,1.08341,1.08356,1.00,3.38
2014.05.27 18:23:12.801,1.08337,1.08361,1.00,1.38
2014.05.27 18:23:13.170,1.08334,1.08356,1.19,1.88
2014.05.27 18:23:13.786,1.08334,1.08357,1.00,1.88
2014.05.27 18:23:14.443,1.08334,1.08356,1.00,1.88
2014.05.27 18:23:15.091,1.08334,1.08357,1.00,1.88
2014.05.27 18:23:15.805,1.08334,1.08356,1.00,1.88
2014.05.27 18:23:16.401,1.08334,1.08357,1.00,1.88
2014.05.27 18:23:16.960,1.08334,1.08356,1.00,1.88
2014.05.27 18:23:17.377,1.08341,1.08357,1.00,1.88
2014.05.27 18:23:17.631,1.08338,1.08362,1.00,1.88
2014.05.27 18:23:17.732,1.08334,1.08358,1.27,1.38
2014.05.27 18:23:18.037,1.08332,1.08358,1.10,1.38
2014.05.27 18:23:18.595,1.08332,1.08358,1.00,1.38
2014.05.27 18:23:19.098,1.08332,1.08358,1.19,1.38
2014.05.27 18:23:19.646,1.08332,1.08358,1.19,1.38
2014.05.27 18:23:20.403,1.08332,1.08358,1.00,1.38
2014.05.27 18:23:20.537,1.08332,1.08354,1.00,1.00
2014.05.27 18:23:20.842,1.08327,1.08349,1.25,1.10
2014.05.27 18:23:21.147,1.08336,1.08356,1.00,2.63
2014.05.27 18:23:21.697,1.08336,1.08356,1.00,1.38
2014.05.27 18:23:21.900,1.08334,1.08356,1.00,1.88
2014.05.27 18:23:21.951,1.08334,1.08357,1.00,1.88
2014.05.27 18:23:22.666,1.08334,1.08356,1.00,1.88
2014.05.27 18:23:23.186,1.08334,1.08357,1.00,1.88
2014.05.27 18:23:23.724,1.08334,1.08356,1.00,1.88
2014.05.27 18:23:25.659,1.08334,1.08357,1.00,1.88
2014.05.27 18:23:27.067,1.08334,1.08356,1.00,1.88
2014.05.27 18:23:28.114,1.08334,1.08357,1.00,1.88
2014.05.27 18:23:28.633,1.08334,1.08356,1.00,1.88
2014.05.27 18:23:29.350,1.08334,1.08357,1.00,1.88
2014.05.27 18:23:30.138,1.08334,1.08356,1.00,1.88
2014.05.27 18:23:30.189,1.08331,1.08356,1.69,1.88
2014.05.27 18:23:30.694,1.08331,1.08352,1.19,1.88
2014.05.27 18:23:31.291,1.0833,1.08352,1.00,1.88
2014.05.27 18:23:31.646,1.08329,1.08351,1.00,1.88
2014.05.27 18:23:32.122,1.08327,1.08349,1.25,1.38
2014.05.27 18:23:32.681,1.08327,1.08351,1.00,1.88
2014.05.27 18:23:33.689,1.08327,1.08352,1.00,3.38
2014.05.27 18:23:36.914,1.08327,1.08352,1.19,3.57
2014.05.27 18:23:37.214,1.08327,1.08351,1.19,1.88
2014.05.27 18:23:37.264,1.08332,1.08351,1.00,1.88
2014.05.27 18:23:37.770,1.08332,1.08352,1.00,1.88
2014.05.27 18:23:39.444,1.08332,1.08351,1.00,1.88
2014.05.27 18:23:39.799,1.08327,1.08351,1.02,1.00
2014.05.27 18:23:40.123,1.08327,1.08351,1.00,1.57
2014.05.27 18:23:40.776,1.08326,1.08349,1.00,1.38
2014.05.27 18:23:41.385,1.08326,1.08349,1.00,1.38
2014.05.27 18:23:42.396,1.08326,1.08349,1.00,1.57
2014.05.27 18:23:42.935,1.08326,1.08349,1.00,1.57
2014.05.27 18:23:43.924,1.08326,1.08349,1.00,1.57
2014.05.27 18:23:46.541,1.08326,1.08349,1.00,1.63
2014.05.27 18:23:46.642,1.08326,1.08351,1.00,1.00
2014.05.27 18:23:46.693,1.08331,1.08351,1.00,1.00
2014.05.27 18:23:46.997,1.08333,1.08352,1.00,1.13
2014.05.27 18:23:47.200,1.08331,1.08356,1.65,2.63
2014.05.27 18:23:47.301,1.08331,1.08353,1.20,1.38
2014.05.27 18:23:47.829,1.08327,1.08351,1.19,1.88
2014.05.27 18:23:47.931,1.08327,1.08352,1.25,1.88
2014.05.27 18:23:49.437,1.08327,1.08353,1.19,1.63
2014.05.27 18:23:50.002,1.08327,1.08353,1.19,1.63
2014.05.27 18:23:50.585,1.08327,1.08353,1.19,1.57
2014.05.27 18:23:51.140,1.08327,1.08353,1.19,1.57
2014.05.27 18:23:51.659,1.08327,1.08353,1.19,1.57
2014.05.27 18:23:52.264,1.08327,1.08353,1.19,1.57
2014.05.27 18:23:53.223,1.08327,1.08353,1.19,1.57
2014.05.27 18:23:53.781,1.08327,1.08353,1.19,1.63
2014.05.27 18:23:54.289,1.08327,1.08353,1.19,1.63
2014.05.27 18:23:54.975,1.08327,1.08353,1.19,1.63
2014.05.27 18:23:55.737,1.08327,1.08353,1.19,1.63
2014.05.27 18:23:57.961,1.08327,1.08353,1.19,1.70
2014.05.27 18:23:58.687,1.08327,1.08353,1.19,1.70
2014.05.27 18:23:59.639,1.08327,1.08353,1.19,1.70
2014.05.27 18:24:00.174,1.08327,1.08353,1.19,1.45
2014.05.27 18:24:00.502,1.08331,1.08354,1.00,1.84
2014.05.27 18:24:01.012,1.08332,1.08352,1.00,1.95
2014.05.27 18:24:01.521,1.08331,1.08351,1.00,1.88
2014.05.27 18:24:02.026,1.08331,1.08352,1.00,2.70
2014.05.27 18:24:02.694,1.08332,1.08352,1.00,2.70
2014.05.27 18:24:03.510,1.08332,1.08351,1.00,1.88
2014.05.27 18:24:04.016,1.08332,1.08352,1.00,2.70
2014.05.27 18:24:04.926,1.08332,1.08351,1.00,1.88
2014.05.27 18:24:06.440,1.08332,1.08352,1.00,2.70
2014.05.27 18:24:07.559,1.08331,1.08352,1.00,2.70
2014.05.27 18:24:07.945,1.08331,1.0835,1.00,1.25
2014.05.27 18:24:08.249,1.08332,1.0835,1.00,1.37
2014.05.27 18:24:09.425,1.08332,1.08348,1.00,1.00
2014.05.27 18:24:10.213,1.08332,1.0835,1.00,1.69
2014.05.27 18:24:10.733,1.08332,1.0835,1.00,1.84
2014.05.27 18:24:10.885,1.08326,1.0835,1.69,1.84
2014.05.27 18:24:11.088,1.08327,1.08347,1.00,1.10
2014.05.27 18:24:11.628,1.08327,1.08347,1.00,1.55
2014.05.27 18:24:15.359,1.08327,1.08345,1.00,1.00
2014.05.27 18:24:15.642,1.08321,1.08345,1.69,1.50
2014.05.27 18:24:15.693,1.08322,1.08342,1.19,1.00
2014.05.27 18:24:16.247,1.08322,1.08342,1.00,1.00
2014.05.27 18:24:16.890,1.08332,1.08341,1.00,1.00
2014.05.27 18:24:17.144,1.08325,1.08348,1.50,1.88
2014.05.27 18:24:17.195,1.08321,1.08344,1.00,1.50
2014.05.27 18:24:17.347,1.08327,1.08344,1.00,1.00
2014.05.27 18:24:17.398,1.08327,1.08348,1.00,2.14
2014.05.27 18:24:17.701,1.08327,1.08345,1.00,1.00
2014.05.27 18:24:17.904,1.08321,1.08345,1.50,1.00
2014.05.27 18:24:18.623,1.08321,1.08345,1.69,1.00
2014.05.27 18:24:19.816,1.08321,1.08345,1.69,1.00
2014.05.27 18:24:19.867,1.08327,1.08345,1.00,1.00
2014.05.27 18:24:20.376,1.08321,1.08344,1.69,1.00
2014.05.27 18:24:20.884,1.08321,1.08343,1.25,1.10
2014.05.27 18:24:21.343,1.08327,1.08343,1.00,1.48
2014.05.27 18:24:22.000,1.08327,1.08346,1.00,2.89
2014.05.27 18:24:22.399,1.08332,1.08346,1.00,1.10
2014.05.27 18:24:26.861,1.08326,1.08346,1.00,2.89
2014.05.27 18:24:27.039,1.08326,1.08346,1.00,2.89
2014.05.27 18:24:27.813,1.08326,1.08346,1.00,1.39
2014.05.27 18:24:28.474,1.08326,1.08346,1.00,2.89
2014.05.27 18:24:29.127,1.08326,1.08342,1.00,1.88
2014.05.27 18:24:29.633,1.08327,1.08342,1.00,1.88
2014.05.27 18:24:29.836,1.08322,1.08341,1.00,2.63
2014.05.27 18:24:30.173,1.08327,1.08341,1.00,1.00
2014.05.27 18:24:30.614,1.08322,1.0834,1.00,1.00
2014.05.27 18:24:31.120,1.08322,1.08339,1.00,1.10
2014.05.27 18:24:31.375,1.08327,1.08339,1.00,1.10
2014.05.27 18:24:31.788,1.08327,1.08341,1.00,3.38
2014.05.27 18:24:35.643,1.08327,1.08341,1.00,2.33
2014.05.27 18:24:36.284,1.08322,1.08341,1.00,4.28
2014.05.27 18:24:43.670,1.08322,1.08341,1.00,1.88
2014.05.27 18:24:44.539,1.08322,1.08342,1.00,2.07
2014.05.27 18:24:45.595,1.08322,1.08341,1.00,1.88
2014.05.27 18:24:47.006,1.08322,1.08342,1.00,1.88
2014.05.27 18:24:47.576,1.08322,1.08341,1.00,1.88
2014.05.27 18:24:48.181,1.08322,1.08342,1.00,1.88
2014.05.27 18:24:48.684,1.08322,1.08341,1.00,1.88
2014.05.27 18:24:49.371,1.08322,1.08342,1.00,1.88
2014.05.27 18:24:49.926,1.08322,1.08341,1.00,1.88
2014.05.27 18:24:51.296,1.08322,1.08342,1.00,1.88
2014.05.27 18:24:51.905,1.08322,1.08341,1.00,2.07
2014.05.27 18:24:54.368,1.08322,1.08341,1.00,2.82
2014.05.27 18:24:57.654,1.08321,1.08341,1.00,2.07
2014.05.27 18:24:58.171,1.08322,1.08341,1.00,2.07
2014.05.27 18:24:58.676,1.08322,1.08341,1.00,1.88
2014.05.27 18:24:59.029,1.08322,1.08339,1.00,1.00
2014.05.27 18:25:01.033,1.08326,1.08339,1.00,1.00
2014.05.27 18:25:01.134,1.08326,1.08341,1.00,2.07
2014.05.27 18:25:04.499,1.08326,1.08341,1.00,2.07
2014.05.27 18:25:06.625,1.08326,1.08342,1.00,1.13
2014.05.27 18:25:07.937,1.08326,1.08342,1.00,1.38
2014.05.27 18:25:08.887,1.08331,1.08346,1.00,1.74
2014.05.27 18:25:08.989,1.08331,1.08346,1.00,2.78
2014.05.27 18:25:09.099,1.08326,1.08346,1.00,2.78
2014.05.27 18:25:09.728,1.08326,1.08346,1.00,1.00
2014.05.27 18:25:18.134,1.08332,1.08346,1.00,2.63
2014.05.27 18:25:18.472,1.08332,1.08347,1.00,3.57
2014.05.27 18:25:18.732,1.08332,1.08347,1.00,3.57
2014.05.27 18:25:19.262,1.08332,1.08346,1.00,1.88
2014.05.27 18:25:19.769,1.08332,1.08347,1.00,3.38
2014.05.27 18:25:22.811,1.08332,1.08346,1.00,1.88
2014.05.27 18:25:24.816,1.08332,1.08347,1.00,3.38
2014.05.27 18:25:25.676,1.08332,1.08346,1.00,1.88
2014.05.27 18:25:26.237,1.08332,1.08347,1.00,3.57
2014.05.27 18:25:27.149,1.08332,1.08346,1.00,1.88
2014.05.27 18:25:31.697,1.08332,1.08347,1.00,3.57
2014.05.27 18:25:33.566,1.08332,1.08346,1.00,1.88
2014.05.27 18:25:42.926,1.08332,1.08347,1.00,3.57
2014.05.27 18:25:43.445,1.08332,1.08346,1.00,1.88
2014.05.27 18:25:44.671,1.08332,1.08347,1.00,3.38
2014.05.27 18:25:45.248,1.08332,1.08346,1.00,1.88
2014.05.27 18:25:49.594,1.08329,1.08346,1.00,1.88
2014.05.27 18:25:49.695,1.08326,1.08347,1.00,3.38
2014.05.27 18:25:49.746,1.08326,1.08345,1.00,1.00
2014.05.27 18:25:51.794,1.08332,1.08345,1.00,1.00
2014.05.27 18:26:00.508,1.08332,1.08345,1.00,1.38
2014.05.27 18:26:01.247,1.08332,1.08345,1.00,1.38
2014.05.27 18:26:01.889,1.08332,1.08345,1.00,1.00
2014.05.27 18:26:03.590,1.08326,1.08345,1.00,1.00
2014.05.27 18:26:03.641,1.08326,1.08345,1.00,1.38
2014.05.27 18:26:04.147,1.08327,1.08342,1.00,1.88
2014.05.27 18:26:04.351,1.08321,1.08341,1.84,1.88
2014.05.27 18:26:04.857,1.08321,1.08341,1.84,1.88
2014.05.27 18:26:05.406,1.08321,1.08342,1.84,1.88
2014.05.27 18:26:06.197,1.08321,1.08342,1.84,1.88
2014.05.27 18:26:06.717,1.08321,1.08341,1.84,1.88
2014.05.27 18:26:07.239,1.08321,1.08342,1.84,1.88
2014.05.27 18:26:07.745,1.08321,1.08341,1.84,1.88
2014.05.27 18:26:08.112,1.08321,1.08341,1.20,1.88
2014.05.27 18:26:08.213,1.08321,1.08343,1.00,1.00
2014.05.27 18:26:08.315,1.08321,1.08338,1.00,1.00
2014.05.27 18:26:08.619,1.08318,1.08338,1.00,1.00
2014.05.27 18:26:08.669,1.08318,1.08338,1.00,1.20
2014.05.27 18:26:08.974,1.08309,1.08331,1.88,1.00
2014.05.27 18:26:09.075,1.08311,1.08331,1.00,1.00
2014.05.27 18:26:09.883,1.08307,1.08331,1.18,1.00
2014.05.27 18:26:10.263,1.08309,1.08334,1.00,1.69
2014.05.27 18:26:10.415,1.08316,1.08334,1.00,1.25
2014.05.27 18:26:10.719,1.08316,1.08334,1.00,1.63
2014.05.27 18:26:11.849,1.08316,1.08334,1.00,1.38
2014.05.27 18:26:12.372,1.08316,1.08334,1.00,1.38
2014.05.27 18:26:12.703,1.08311,1.08334,1.25,1.88
2014.05.27 18:26:12.960,1.08307,1.08331,1.25,1.58
2014.05.27 18:26:13.382,1.08305,1.08328,1.19,1.00
2014.05.27 18:26:14.375,1.08306,1.0833,1.19,1.50
2014.05.27 18:26:14.906,1.08307,1.08331,1.25,1.88
2014.05.27 18:26:15.133,1.08307,1.08328,1.25,1.00
2014.05.27 18:26:16.778,1.08307,1.08331,1.00,1.00
2014.05.27 18:26:17.329,1.08312,1.08331,1.00,1.00
2014.05.27 18:26:17.481,1.08313,1.08335,1.00,1.00
2014.05.27 18:26:17.709,1.08315,1.08334,1.10,1.00
2014.05.27 18:26:17.914,1.08314,1.08338,1.00,2.25
2014.05.27 18:26:17.966,1.08312,1.08337,1.00,1.00
2014.05.27 18:26:18.067,1.08314,1.08338,1.00,3.00
2014.05.27 18:26:18.169,1.08311,1.08331,1.02,1.13
2014.05.27 18:26:18.333,1.08311,1.08329,1.02,1.00
2014.05.27 18:26:18.587,1.08308,1.08329,1.00,1.50
2014.05.27 18:26:19.119,1.08305,1.08329,1.34,1.50
2014.05.27 18:26:22.816,1.08309,1.08329,1.00,1.00
2014.05.27 18:26:22.867,1.08309,1.08333,1.00,1.57
2014.05.27 18:26:23.528,1.08309,1.08333,1.00,2.07
2014.05.27 18:26:24.174,1.08309,1.08333,1.19,1.88
2014.05.27 18:26:25.143,1.08309,1.08333,1.19,1.88
2014.05.27 18:26:25.657,1.08309,1.08333,1.25,1.88
2014.05.27 18:26:26.162,1.08309,1.08331,1.25,1.13
2014.05.27 18:26:27.191,1.08309,1.08332,1.00,1.88
2014.05.27 18:26:27.882,1.08309,1.08331,1.25,1.00
2014.05.27 18:26:28.102,1.08311,1.08332,1.00,1.88
2014.05.27 18:26:28.797,1.08311,1.08331,1.00,1.00
2014.05.27 18:26:29.893,1.08317,1.08331,1.00,1.00
2014.05.27 18:26:29.995,1.08317,1.08335,1.00,1.50
2014.05.27 18:26:30.298,1.08317,1.08337,1.00,4.13
2014.05.27 18:26:30.805,1.08316,1.08337,1.00,4.13
2014.05.27 18:26:30.907,1.08311,1.08334,1.37,1.00
2014.05.27 18:26:31.211,1.08311,1.08331,1.19,1.00
2014.05.27 18:26:31.802,1.08311,1.08331,1.19,1.50
2014.05.27 18:26:32.335,1.08311,1.08332,1.19,1.50
2014.05.27 18:26:33.355,1.08311,1.08331,1.19,1.00
2014.05.27 18:26:34.317,1.08311,1.08331,1.19,1.00
2014.05.27 18:26:35.455,1.08311,1.08331,1.25,1.50
2014.05.27 18:26:36.063,1.08311,1.08332,1.25,1.50
2014.05.27 18:26:36.367,1.08312,1.08334,1.00,1.00
2014.05.27 18:26:36.875,1.08312,1.08334,1.19,1.00
2014.05.27 18:26:37.327,1.08312,1.08337,1.19,2.63
2014.05.27 18:26:38.093,1.08317,1.08337,1.00,1.13
2014.05.27 18:26:38.648,1.08313,1.08337,1.69,1.13
2014.05.27 18:26:39.170,1.08315,1.08337,1.00,1.13
2014.05.27 18:26:39.245,1.08312,1.08337,1.84,1.13
2014.05.27 18:26:39.752,1.08312,1.08336,1.84,1.13
2014.05.27 18:26:40.349,1.08312,1.08337,1.84,1.13
2014.05.27 18:26:40.856,1.08315,1.08337,1.00,1.13
2014.05.27 18:26:41.161,1.08316,1.08339,1.29,1.38
2014.05.27 18:26:41.565,1.08316,1.08335,1.29,1.00
2014.05.27 18:26:41.869,1.08314,1.08333,1.19,1.00
2014.05.27 18:26:42.061,1.08314,1.08333,1.25,1.00
2014.05.27 18:26:43.067,1.08312,1.08333,1.25,1.00
2014.05.27 18:26:43.650,1.08313,1.08333,1.00,1.00
2014.05.27 18:26:43.701,1.08315,1.08333,1.00,1.00
2014.05.27 18:26:44.583,1.08316,1.08335,1.00,1.00
2014.05.27 18:26:45.089,1.08316,1.08336,1.00,1.00
2014.05.27 18:26:45.655,1.08316,1.08337,1.00,3.38
2014.05.27 18:26:46.190,1.08316,1.08337,1.19,3.38
2014.05.27 18:26:46.886,1.08316,1.08337,1.19,3.38
2014.05.27 18:26:47.704,1.08316,1.08336,1.19,1.00
2014.05.27 18:26:49.601,1.08316,1.08336,1.25,3.38
2014.05.27 18:26:50.108,1.08317,1.08336,1.00,1.50
2014.05.27 18:26:53.972,1.08317,1.08336,1.00,1.38
2014.05.27 18:26:54.969,1.08317,1.08331,1.00,1.88
2014.05.27 18:27:01.057,1.08317,1.08336,1.00,1.38
2014.05.27 18:27:02.323,1.08317,1.08336,1.00,4.13
2014.05.27 18:27:03.917,1.08317,1.08336,1.00,1.88
2014.05.27 18:27:05.780,1.08317,1.08336,1.00,1.50
2014.05.27 18:27:12.377,1.08321,1.08336,1.00,1.50
2014.05.27 18:27:13.364,1.08316,1.08336,1.00,2.63
2014.05.27 18:27:14.290,1.08322,1.08336,1.50,1.00
2014.05.27 18:27:14.392,1.08331,1.08336,1.00,1.00
2014.05.27 18:27:14.444,1.08331,1.08341,1.00,3.38
2014.05.27 18:27:14.495,1.08336,1.08341,1.00,3.38
2014.05.27 18:27:14.748,1.08341,1.08355,1.00,1.00
2014.05.27 18:27:14.799,1.08341,1.0835,1.00,1.00
2014.05.27 18:27:14.901,1.08341,1.08357,1.00,1.00
2014.05.27 18:27:15.167,1.08336,1.08357,1.19,1.50
2014.05.27 18:27:15.269,1.08336,1.08355,1.19,1.00
2014.05.27 18:27:15.573,1.08336,1.08351,1.19,1.88
2014.05.27 18:27:15.877,1.08336,1.08352,1.19,1.88
2014.05.27 18:27:16.384,1.08331,1.08351,1.77,1.88
2014.05.27 18:27:16.891,1.08336,1.08354,1.19,1.38
2014.05.27 18:27:18.138,1.08337,1.08351,1.00,1.88
2014.05.27 18:27:20.492,1.08336,1.08351,1.25,1.88
2014.05.27 18:27:21.699,1.08336,1.08352,1.00,1.88
2014.05.27 18:27:22.361,1.0833,1.08352,1.77,1.88
2014.05.27 18:27:22.616,1.0833,1.0835,1.34,1.00
2014.05.27 18:27:23.089,1.08332,1.08351,1.50,1.38
2014.05.27 18:27:23.149,1.08328,1.08351,1.00,3.75
2014.05.27 18:27:23.201,1.08328,1.08347,1.00,1.00
2014.05.27 18:27:23.505,1.08332,1.08347,1.00,1.50
2014.05.27 18:27:24.062,1.08332,1.08346,1.00,1.00
2014.05.27 18:27:24.215,1.08332,1.08351,1.00,1.00
2014.05.27 18:27:25.031,1.08332,1.08352,1.00,1.00
2014.05.27 18:27:25.537,1.08332,1.08352,1.19,1.00
2014.05.27 18:27:26.080,1.08332,1.08351,1.19,1.00
2014.05.27 18:27:26.725,1.08332,1.08351,1.25,1.00
2014.05.27 18:27:27.399,1.08332,1.08352,1.25,1.00
2014.05.27 18:27:27.624,1.0833,1.08351,1.65,1.38
2014.05.27 18:27:27.726,1.08327,1.08346,1.25,1.38
2014.05.27 18:27:27.778,1.08328,1.0834,1.00,1.00
2014.05.27 18:27:27.991,1.08327,1.08347,1.77,1.50
2014.05.27 18:27:28.093,1.08331,1.08346,1.00,1.00
2014.05.27 18:27:28.397,1.08327,1.08346,1.77,1.00
2014.05.27 18:27:28.613,1.08331,1.08346,1.00,1.50
2014.05.27 18:27:28.816,1.08331,1.08351,1.00,1.00
2014.05.27 18:27:29.331,1.08332,1.08351,1.00,3.38
2014.05.27 18:27:29.851,1.08332,1.0835,1.00,1.00
2014.05.27 18:27:30.480,1.08332,1.08351,1.00,3.38
2014.05.27 18:27:30.832,1.08342,1.0835,1.00,1.00
2014.05.27 18:27:31.138,1.08336,1.08351,1.00,2.63
2014.05.27 18:27:31.691,1.08336,1.08352,1.00,1.88
2014.05.27 18:27:32.340,1.08336,1.08352,1.19,1.88
2014.05.27 18:27:33.189,1.08336,1.08351,1.19,1.88
2014.05.27 18:27:34.053,1.08336,1.08351,1.00,1.88
2014.05.27 18:27:35.212,1.08336,1.08352,1.00,1.88
2014.05.27 18:27:35.672,1.08336,1.0835,1.00,1.00
2014.05.27 18:27:35.723,1.08331,1.0835,1.19,1.00
2014.05.27 18:27:36.134,1.08336,1.08351,1.00,3.38
2014.05.27 18:27:37.161,1.08336,1.0835,1.00,1.00
2014.05.27 18:27:38.623,1.08336,1.08351,1.00,1.00
2014.05.27 18:27:39.912,1.08336,1.0835,1.00,1.00
2014.05.27 18:27:40.377,1.08337,1.0835,1.00,1.38
2014.05.27 18:27:40.681,1.08337,1.08345,1.00,1.00
2014.05.27 18:27:40.732,1.08337,1.08352,1.00,1.88
2014.05.27 18:27:40.884,1.08332,1.08351,1.00,1.88
2014.05.27 18:27:41.086,1.0833,1.08349,1.27,1.00
2014.05.27 18:27:41.389,1.08332,1.08344,1.00,1.00
2014.05.27 18:27:41.976,1.08332,1.08345,1.00,1.00
2014.05.27 18:27:42.229,1.08336,1.0835,1.00,2.25
2014.05.27 18:27:42.839,1.08332,1.0835,1.19,1.00
2014.05.27 18:27:43.381,1.08336,1.08351,1.00,3.38
2014.05.27 18:27:44.411,1.08331,1.08351,1.25,1.88
2014.05.27 18:27:45.025,1.08331,1.08352,1.25,1.88
2014.05.27 18:27:45.384,1.08337,1.08352,1.00,1.88
2014.05.27 18:27:45.942,1.08337,1.08351,1.00,1.88
2014.05.27 18:27:46.654,1.08337,1.08352,1.00,1.88
2014.05.27 18:27:49.187,1.08337,1.08351,1.00,1.88
2014.05.27 18:27:49.769,1.08337,1.08352,1.00,1.88
2014.05.27 18:27:50.460,1.08337,1.08351,1.00,1.88
2014.05.27 18:27:51.142,1.08337,1.08352,1.00,1.88
2014.05.27 18:27:52.250,1.08337,1.08351,1.00,1.88
2014.05.27 18:27:53.276,1.08337,1.08352,1.00,1.88
2014.05.27 18:27:53.813,1.08337,1.08351,1.00,1.88
2014.05.27 18:27:54.356,1.08337,1.08352,1.00,1.88
2014.05.27 18:27:54.909,1.08337,1.08351,1.00,1.88
2014.05.27 18:27:57.238,1.08337,1.08352,1.00,1.88
2014.05.27 18:27:57.747,1.08337,1.08351,1.00,1.88
2014.05.27 18:27:58.255,1.08337,1.08352,1.00,1.88
2014.05.27 18:27:59.169,1.08337,1.08351,1.00,1.88
2014.05.27 18:27:59.754,1.08337,1.08352,1.00,1.88
2014.05.27 18:28:00.805,1.08337,1.08351,1.00,1.88
2014.05.27 18:28:01.394,1.08337,1.08352,1.00,1.88
2014.05.27 18:28:02.065,1.08337,1.08351,1.00,1.88
2014.05.27 18:28:03.231,1.08337,1.08352,1.00,1.88
2014.05.27 18:28:06.322,1.08328,1.08347,1.88,1.38
2014.05.27 18:28:06.627,1.08331,1.08339,1.00,1.00
2014.05.27 18:28:06.779,1.08332,1.08341,1.00,1.88
2014.05.27 18:28:07.332,1.08331,1.08341,1.00,1.88
2014.05.27 18:28:08.346,1.08332,1.08342,1.00,2.63
2014.05.27 18:28:08.875,1.08332,1.08341,1.00,1.88
2014.05.27 18:28:09.643,1.08332,1.08342,1.00,1.88
2014.05.27 18:28:09.797,1.08336,1.08346,1.00,2.07
2014.05.27 18:28:09.901,1.08331,1.08346,1.00,2.44
2014.05.27 18:28:09.952,1.08331,1.08339,1.00,1.00
2014.05.27 18:28:10.647,1.08331,1.0834,1.00,1.00
2014.05.27 18:28:10.962,1.08331,1.08342,1.00,1.88
2014.05.27 18:28:11.562,1.08331,1.08341,1.00,1.88
2014.05.27 18:28:11.664,1.08333,1.08341,1.00,1.88
2014.05.27 18:28:14.015,1.08333,1.08342,1.00,1.88
2014.05.27 18:28:14.930,1.08333,1.08341,1.00,1.88
2014.05.27 18:28:15.598,1.08333,1.08342,1.00,1.88
2014.05.27 18:28:16.359,1.08333,1.08341,1.00,1.88
2014.05.27 18:28:19.870,1.08333,1.08342,1.00,2.07
2014.05.27 18:28:20.930,1.08333,1.08341,1.00,1.88
2014.05.27 18:28:26.040,1.08333,1.08344,1.00,2.44
2014.05.27 18:28:26.583,1.08334,1.08344,1.00,2.82
2014.05.27 18:28:26.888,1.08334,1.08344,1.00,2.25
2014.05.27 18:28:27.202,1.08334,1.08344,1.00,2.63
2014.05.27 18:28:27.775,1.08334,1.08344,1.00,2.63
2014.05.27 18:28:28.330,1.08333,1.08344,1.00,2.63
2014.05.27 18:28:28.899,1.08334,1.08344,1.00,2.63
2014.05.27 18:28:29.563,1.08334,1.08344,1.00,2.63
2014.05.27 18:28:30.083,1.08334,1.08342,1.00,1.88
2014.05.27 18:28:30.748,1.08334,1.08341,1.00,1.88
2014.05.27 18:28:32.068,1.08334,1.08342,1.00,1.88
2014.05.27 18:28:33.399,1.08334,1.08341,1.00,1.88
2014.05.27 18:28:33.930,1.08334,1.08342,1.00,1.88
2014.05.27 18:28:34.134,1.08332,1.08342,1.00,1.88
2014.05.27 18:28:34.744,1.08331,1.08341,1.00,1.88
2014.05.27 18:28:35.278,1.08331,1.08342,1.00,1.88
2014.05.27 18:28:36.065,1.08331,1.08341,1.00,1.88
2014.05.27 18:28:36.725,1.08331,1.08342,1.00,1.88
2014.05.27 18:28:38.051,1.08331,1.08341,1.00,1.88
2014.05.27 18:28:38.958,1.08331,1.08342,1.00,1.88
2014.05.27 18:28:39.466,1.08331,1.08341,1.00,1.88
2014.05.27 18:28:40.187,1.08331,1.08342,1.00,1.88
2014.05.27 18:28:40.718,1.08331,1.08341,1.00,1.88
2014.05.27 18:28:41.496,1.08331,1.08342,1.00,1.88
2014.05.27 18:28:45.580,1.08332,1.08342,1.00,1.88
2014.05.27 18:28:47.622,1.08332,1.08341,1.00,1.88
2014.05.27 18:28:48.274,1.08332,1.08342,1.00,1.88
2014.05.27 18:28:48.777,1.08332,1.08341,1.00,1.88
2014.05.27 18:28:49.841,1.08332,1.08342,1.00,1.88
2014.05.27 18:28:50.989,1.08332,1.08341,1.00,1.88
2014.05.27 18:28:52.286,1.08332,1.08342,1.00,1.88
2014.05.27 18:28:53.240,1.08332,1.08341,1.00,1.88
2014.05.27 18:28:53.955,1.08332,1.08342,1.00,1.88
2014.05.27 18:28:56.225,1.08332,1.08341,1.00,1.88
2014.05.27 18:28:56.652,1.08326,1.08341,1.00,1.88
2014.05.27 18:28:57.191,1.08326,1.08342,1.00,1.88
2014.05.27 18:28:57.729,1.08326,1.08341,1.00,1.88
2014.05.27 18:28:58.643,1.08332,1.08341,1.00,1.88
2014.05.27 18:28:59.165,1.08332,1.08342,1.00,2.63
2014.05.27 18:28:59.679,1.08332,1.08341,1.00,1.88
2014.05.27 18:29:00.417,1.08332,1.08342,1.00,2.63
2014.05.27 18:29:01.069,1.08326,1.08341,1.00,1.88
2014.05.27 18:29:01.815,1.08326,1.08342,1.00,2.63
2014.05.27 18:29:02.751,1.08326,1.08341,1.00,1.88
2014.05.27 18:29:02.979,1.08331,1.08342,1.00,2.63
2014.05.27 18:29:04.323,1.08331,1.08341,1.00,1.88
2014.05.27 18:29:04.853,1.08332,1.08342,1.00,2.63
2014.05.27 18:29:05.443,1.08332,1.08341,1.00,1.88
2014.05.27 18:29:06.339,1.08332,1.08342,1.00,2.63
2014.05.27 18:29:07.053,1.08332,1.08341,1.00,1.88
2014.05.27 18:29:07.577,1.08331,1.08342,1.00,1.88
2014.05.27 18:29:08.082,1.08331,1.08341,1.00,1.88
2014.05.27 18:29:10.720,1.08331,1.08342,1.00,1.88
2014.05.27 18:29:11.877,1.08326,1.08341,1.00,1.88
2014.05.27 18:29:12.411,1.08327,1.08342,1.00,1.88
2014.05.27 18:29:12.994,1.08327,1.08342,1.00,1.88
2014.05.27 18:29:13.698,1.08327,1.08342,1.00,1.88
2014.05.27 18:29:14.202,1.08327,1.08344,1.00,1.38
2014.05.27 18:29:14.254,1.08334,1.08346,1.00,1.13
2014.05.27 18:29:14.560,1.0835,1.08357,2.50,1.88
2014.05.27 18:29:14.867,1.08354,1.08361,1.69,1.88
2014.05.27 18:29:15.070,1.08361,1.08367,1.50,1.00
2014.05.27 18:29:15.122,1.08365,1.08371,1.00,1.00
2014.05.27 18:29:15.176,1.08364,1.08371,1.00,2.63
2014.05.27 18:29:15.328,1.08361,1.08371,1.00,1.88
2014.05.27 18:29:15.379,1.08367,1.08371,1.00,1.88
2014.05.27 18:29:15.886,1.08367,1.08372,1.00,1.88
2014.05.27 18:29:16.189,1.08355,1.08367,1.19,1.88
2014.05.27 18:29:16.371,1.08362,1.08367,1.00,1.88
2014.05.27 18:29:17.419,1.08362,1.08366,1.00,1.88
2014.05.27 18:29:18.118,1.08361,1.08373,1.00,1.00
2014.05.27 18:29:19.346,1.08364,1.08372,1.00,1.00
2014.05.27 18:29:19.857,1.08364,1.08373,1.00,1.00
2014.05.27 18:29:20.325,1.08362,1.08367,1.00,1.88
2014.05.27 18:29:20.426,1.08362,1.08372,1.00,1.00
2014.05.27 18:29:20.946,1.08362,1.08372,1.00,1.88
2014.05.27 18:29:21.150,1.08362,1.08371,1.00,1.50
2014.05.27 18:29:21.911,1.08362,1.08372,1.00,2.63
2014.05.27 18:29:22.453,1.08362,1.08371,1.00,1.88
2014.05.27 18:29:23.000,1.08361,1.08367,1.00,1.88
2014.05.27 18:29:24.000,1.08361,1.08366,1.00,1.88
2014.05.27 18:29:24.508,1.08361,1.08367,1.00,1.88
2014.05.27 18:29:25.121,1.08361,1.08366,1.00,1.88
2014.05.27 18:29:25.935,1.08361,1.08367,1.00,1.88
2014.05.27 18:29:26.941,1.08361,1.08366,1.00,1.88
2014.05.27 18:29:28.743,1.08361,1.08367,1.00,1.88
2014.05.27 18:29:29.241,1.08348,1.08367,1.19,1.88
2014.05.27 18:29:29.750,1.08348,1.08366,1.19,1.88
2014.05.27 18:29:32.123,1.08348,1.08367,1.25,1.88
2014.05.27 18:29:32.572,1.08348,1.08367,1.25,1.88
2014.05.27 18:29:33.284,1.08348,1.08366,1.25,1.88
2014.05.27 18:29:34.781,1.08348,1.08367,1.00,1.88
2014.05.27 18:29:37.347,1.08348,1.08367,1.25,1.88
2014.05.27 18:29:39.139,1.0836,1.08367,1.00,1.88
2014.05.27 18:29:39.343,1.08352,1.08367,1.00,1.88
2014.05.27 18:29:39.394,1.08352,1.08367,1.00,2.25
2014.05.27 18:29:39.900,1.08351,1.08362,1.00,1.88
2014.05.27 18:29:40.322,1.08356,1.08367,1.00,2.63
2014.05.27 18:29:40.657,1.08352,1.08367,1.00,2.63
2014.05.27 18:29:40.709,1.08352,1.08369,1.00,1.38
2014.05.27 18:29:41.211,1.08352,1.08369,1.00,1.38
2014.05.27 18:29:42.440,1.08353,1.0837,1.00,1.38
2014.05.27 18:29:42.492,1.08353,1.0837,1.19,1.38
2014.05.27 18:29:42.764,1.08357,1.08371,1.00,2.63
2014.05.27 18:29:43.076,1.08362,1.08371,1.00,1.13
2014.05.27 18:29:43.740,1.08362,1.08372,1.00,1.13
2014.05.27 18:29:44.286,1.08362,1.08371,1.00,1.13
2014.05.27 18:29:45.459,1.08362,1.08372,1.00,1.13
2014.05.27 18:29:47.700,1.08362,1.08371,1.00,1.13
2014.05.27 18:29:47.814,1.08356,1.08371,1.25,1.13
2014.05.27 18:29:48.424,1.08356,1.08374,1.25,1.38
2014.05.27 18:29:48.965,1.08356,1.08374,1.00,1.38
2014.05.27 18:29:49.706,1.08356,1.08374,1.00,1.38
2014.05.27 18:29:50.402,1.08357,1.08374,1.00,1.38
2014.05.27 18:29:51.737,1.08357,1.08374,1.00,1.38
2014.05.27 18:29:53.567,1.08357,1.08374,1.00,1.38
2014.05.27 18:29:54.145,1.08357,1.08374,1.00,1.38
2014.05.27 18:29:54.696,1.08357,1.08374,1.19,1.38
2014.05.27 18:29:55.254,1.08357,1.08374,1.19,1.38
2014.05.27 18:29:55.929,1.08357,1.08374,1.19,1.38
2014.05.27 18:29:56.452,1.08353,1.08374,1.19,1.38
2014.05.27 18:29:57.062,1.08353,1.08374,1.19,1.38
2014.05.27 18:29:58.147,1.08353,1.08371,1.19,1.88
2014.05.27 18:29:59.255,1.08353,1.08371,1.19,1.88
2014.05.27 18:30:00.098,1.08353,1.08372,1.19,1.88
2014.05.27 18:30:00.642,1.08353,1.08372,1.19,1.88
2014.05.27 18:30:01.077,1.08353,1.08377,1.19,1.58
2014.05.27 18:30:01.179,1.08353,1.08372,1.19,1.88
2014.05.27 18:30:02.004,1.08353,1.08371,1.19,2.63
2014.05.27 18:30:02.524,1.08353,1.08371,1.19,2.63
2014.05.27 18:30:03.099,1.08353,1.08372,1.19,3.38
2014.05.27 18:30:03.504,1.08353,1.08372,1.00,3.38
2014.05.27 18:30:04.209,1.08353,1.08371,1.00,2.63
2014.05.27 18:30:04.905,1.08356,1.08371,1.00,2.63
2014.05.27 18:30:05.080,1.08353,1.08371,1.00,2.63
2014.05.27 18:30:05.642,1.08357,1.08371,1.00,2.63
2014.05.27 18:30:08.022,1.08357,1.08372,1.00,1.88
2014.05.27 18:30:08.595,1.08357,1.08371,1.00,1.13
2014.05.27 18:30:12.450,1.08357,1.08372,1.00,1.88
2014.05.27 18:30:12.955,1.08357,1.08371,1.00,1.00
2014.05.27 18:30:14.379,1.08357,1.08372,1.00,1.58
2014.05.27 18:30:14.819,1.08357,1.08377,1.00,1.95
2014.05.27 18:30:14.920,1.08357,1.08371,1.00,1.13
2014.05.27 18:30:15.453,1.08357,1.08372,1.00,1.13
2014.05.27 18:30:15.976,1.08357,1.08371,1.00,1.13
2014.05.27 18:30:16.495,1.08357,1.08372,1.00,2.63
2014.05.27 18:30:16.647,1.08353,1.08371,1.19,2.63
2014.05.27 18:30:16.821,1.08351,1.0837,1.00,1.00
2014.05.27 18:30:16.973,1.08351,1.08366,1.00,1.00
2014.05.27 18:30:17.074,1.08347,1.08366,1.19,1.00
2014.05.27 18:30:17.378,1.08351,1.08366,1.00,1.00
2014.05.27 18:30:17.888,1.08351,1.08365,1.00,1.00
2014.05.27 18:30:18.040,1.08346,1.08365,1.69,1.00
2014.05.27 18:30:18.343,1.08346,1.08365,1.69,1.00
2014.05.27 18:30:18.648,1.08349,1.0837,1.19,1.75
2014.05.27 18:30:18.816,1.08349,1.08365,1.19,1.00
2014.05.27 18:30:19.745,1.08349,1.08366,1.19,3.38
2014.05.27 18:30:20.876,1.08349,1.08365,1.19,1.00
2014.05.27 18:30:23.750,1.08352,1.08365,1.00,1.00
2014.05.27 18:30:24.300,1.08351,1.08366,1.00,1.88
2014.05.27 18:30:24.807,1.08352,1.08367,1.25,1.88
2014.05.27 18:30:25.329,1.08352,1.08366,1.25,1.88
2014.05.27 18:30:25.859,1.08352,1.08367,1.00,1.88
2014.05.27 18:30:26.693,1.08352,1.08366,1.00,1.88
2014.05.27 18:30:27.410,1.08352,1.08367,1.00,1.88
2014.05.27 18:30:30.309,1.08357,1.08367,1.00,1.88
2014.05.27 18:30:30.512,1.08357,1.0837,1.00,1.00
2014.05.27 18:30:30.664,1.08351,1.0837,1.00,1.00
2014.05.27 18:30:30.714,1.08351,1.08366,1.00,1.88
2014.05.27 18:30:31.220,1.08352,1.08366,1.00,1.88
2014.05.27 18:30:31.531,1.08356,1.0837,1.00,1.00
2014.05.27 18:30:31.635,1.08352,1.0837,1.00,1.00
2014.05.27 18:30:31.685,1.08352,1.08367,1.00,1.88
2014.05.27 18:30:32.194,1.08352,1.08366,1.00,1.88
2014.05.27 18:30:33.023,1.08352,1.08367,1.00,1.88
2014.05.27 18:30:34.589,1.08352,1.08366,1.00,1.88
2014.05.27 18:30:34.842,1.08346,1.08366,1.00,1.88
2014.05.27 18:30:35.183,1.08352,1.08368,1.00,1.55
2014.05.27 18:30:35.386,1.08347,1.08368,1.00,1.55
2014.05.27 18:30:36.100,1.08347,1.08366,1.00,1.13
2014.05.27 18:30:36.608,1.08347,1.08367,1.00,1.20
2014.05.27 18:30:36.896,1.08352,1.08367,1.00,1.20
2014.05.27 18:30:37.420,1.08352,1.08366,1.00,1.88
2014.05.27 18:30:37.931,1.08352,1.08367,1.00,1.95
2014.05.27 18:30:38.400,1.08352,1.08364,1.00,1.00
2014.05.27 18:30:39.689,1.08347,1.08364,1.25,1.00
2014.05.27 18:30:40.315,1.08347,1.08365,1.25,1.00
2014.05.27 18:30:40.944,1.08347,1.08364,1.25,1.00
2014.05.27 18:30:44.968,1.08347,1.08365,1.25,1.00
2014.05.27 18:30:45.379,1.08352,1.08364,1.00,1.00
2014.05.27 18:30:45.849,1.08347,1.08365,1.00,1.00
2014.05.27 18:30:46.496,1.08347,1.08364,1.00,1.00
2014.05.27 18:30:47.309,1.08347,1.08367,1.25,2.70
2014.05.27 18:30:48.077,1.08347,1.08366,1.25,1.00
2014.05.27 18:30:48.579,1.08347,1.08367,1.25,3.45
2014.05.27 18:30:49.155,1.08347,1.08367,1.19,3.45
2014.05.27 18:30:49.409,1.08352,1.08367,1.00,1.00
2014.05.27 18:30:49.511,1.08352,1.0837,1.00,1.08
2014.05.27 18:30:49.612,1.08347,1.0837,1.69,1.08
2014.05.27 18:30:49.765,1.08347,1.08367,1.69,1.13
2014.05.27 18:30:50.071,1.08352,1.08366,1.00,1.13
2014.05.27 18:30:50.602,1.08351,1.08367,1.00,1.13
2014.05.27 18:30:50.703,1.08351,1.0837,1.00,1.00
2014.05.27 18:30:50.926,1.08351,1.08366,1.00,1.00
2014.05.27 18:30:51.434,1.08347,1.08367,1.19,3.38
2014.05.27 18:30:52.092,1.08347,1.08367,1.00,2.63
2014.05.27 18:30:52.193,1.08347,1.08367,1.00,3.53
2014.05.27 18:30:52.499,1.08342,1.08366,1.19,2.78
2014.05.27 18:30:54.514,1.08342,1.08361,1.19,1.88
2014.05.27 18:30:55.018,1.08342,1.08362,1.19,1.88
2014.05.27 18:30:55.585,1.08342,1.08361,1.19,1.88
2014.05.27 18:30:56.101,1.08342,1.08361,1.19,1.88
2014.05.27 18:30:56.788,1.08342,1.08362,1.19,2.63
2014.05.27 18:30:57.324,1.08342,1.08361,1.19,1.88
2014.05.27 18:30:58.114,1.08342,1.08362,1.19,1.88
2014.05.27 18:30:59.220,1.08342,1.08362,1.19,1.88
2014.05.27 18:30:59.752,1.08342,1.08361,1.19,1.88
2014.05.27 18:31:01.880,1.08342,1.08361,1.25,1.88
2014.05.27 18:31:03.039,1.08342,1.08361,1.19,1.88
2014.05.27 18:31:04.045,1.08342,1.08361,1.25,1.88
2014.05.27 18:31:04.556,1.08342,1.08362,1.25,2.63
2014.05.27 18:31:05.521,1.08342,1.08361,1.25,1.88
2014.05.27 18:31:06.030,1.08342,1.08362,1.25,1.88
2014.05.27 18:31:06.793,1.08342,1.08362,1.00,2.70
2014.05.27 18:31:07.351,1.08346,1.08361,1.00,1.95
2014.05.27 18:31:08.115,1.08341,1.08362,1.00,2.70
2014.05.27 18:31:13.843,1.08346,1.08361,1.00,1.95
2014.05.27 18:31:14.399,1.08346,1.08362,1.00,2.63
2014.05.27 18:31:14.608,1.08341,1.08362,1.00,2.63
2014.05.27 18:31:14.719,1.08338,1.08362,1.19,2.63
2014.05.27 18:31:14.849,1.08338,1.08362,1.25,3.00
2014.05.27 18:31:15.152,1.0834,1.08362,1.00,2.33
2014.05.27 18:31:15.254,1.08337,1.08358,1.19,1.00
2014.05.27 18:31:15.507,1.08337,1.08362,1.19,3.45
2014.05.27 18:31:16.058,1.08337,1.0836,1.19,1.00
2014.05.27 18:31:17.331,1.08337,1.08361,1.19,1.10
2014.05.27 18:31:17.569,1.08337,1.08361,1.19,1.48
2014.05.27 18:31:17.677,1.08337,1.08361,1.19,1.48
2014.05.27 18:31:17.733,1.08337,1.08357,1.19,1.00
2014.05.27 18:31:18.244,1.08337,1.08358,1.19,1.00
2014.05.27 18:31:19.089,1.08336,1.08359,1.19,1.00
2014.05.27 18:31:22.458,1.08335,1.08359,1.19,2.25
2014.05.27 18:31:23.851,1.08335,1.08358,1.19,1.00
2014.05.27 18:31:24.154,1.08337,1.0836,1.69,1.00
2014.05.27 18:31:25.174,1.08337,1.0836,2.44,1.00
2014.05.27 18:31:25.834,1.08337,1.08359,2.44,1.00
2014.05.27 18:31:26.495,1.08337,1.08358,2.44,1.00
2014.05.27 18:31:27.155,1.08337,1.08359,2.44,1.00
2014.05.27 18:31:27.813,1.08337,1.08358,2.44,1.00
2014.05.27 18:31:28.374,1.08337,1.08359,2.44,1.00
2014.05.27 18:31:28.953,1.08337,1.08358,2.44,1.00
2014.05.27 18:31:29.465,1.08337,1.08358,2.44,1.00
2014.05.27 18:31:30.018,1.08337,1.08359,2.44,1.00
2014.05.27 18:31:30.723,1.08337,1.08358,2.44,1.00
2014.05.27 18:31:32.487,1.08337,1.08358,1.69,1.00
2014.05.27 18:31:36.766,1.08342,1.08358,1.00,1.00
2014.05.27 18:31:37.731,1.08342,1.08359,1.00,1.00
2014.05.27 18:31:38.259,1.08342,1.08358,1.00,1.00
2014.05.27 18:31:38.462,1.08342,1.08363,1.50,1.00
2014.05.27 18:31:38.564,1.08342,1.08365,1.50,1.25
2014.05.27 18:31:38.666,1.08342,1.08364,1.69,1.00
2014.05.27 18:31:39.300,1.08342,1.08365,1.69,1.00
2014.05.27 18:31:39.637,1.08342,1.08364,1.69,1.38
2014.05.27 18:31:39.739,1.08342,1.08365,1.69,1.00
2014.05.27 18:31:40.925,1.08342,1.08365,1.69,1.00
2014.05.27 18:31:41.600,1.08342,1.08364,1.69,1.00
2014.05.27 18:31:41.670,1.08342,1.08366,1.69,4.13
2014.05.27 18:31:42.032,1.08342,1.08366,1.69,3.38
2014.05.27 18:31:42.674,1.08342,1.08366,1.69,1.88
2014.05.27 18:31:43.215,1.08342,1.08366,1.19,3.38
2014.05.27 18:31:44.304,1.08341,1.08364,1.19,2.63
2014.05.27 18:31:44.847,1.08341,1.08364,1.19,1.88
2014.05.27 18:31:45.621,1.08341,1.08364,1.19,1.88
2014.05.27 18:31:46.128,1.08341,1.08364,1.19,1.88
2014.05.27 18:31:47.118,1.08342,1.08364,1.19,1.95
2014.05.27 18:31:47.626,1.08342,1.08364,1.19,1.95
2014.05.27 18:31:48.171,1.08342,1.08364,1.19,1.95
2014.05.27 18:31:49.375,1.08342,1.08364,1.19,1.95
2014.05.27 18:31:49.939,1.08342,1.08364,1.25,1.95
2014.05.27 18:31:50.597,1.08342,1.08364,1.25,1.95
2014.05.27 18:31:51.169,1.08342,1.08364,1.25,1.95
2014.05.27 18:31:51.858,1.08342,1.08364,1.25,1.95
2014.05.27 18:31:52.400,1.08342,1.08363,1.19,1.38
2014.05.27 18:31:52.953,1.08342,1.08364,1.19,2.70
2014.05.27 18:31:53.768,1.08342,1.08364,1.19,1.95
2014.05.27 18:31:54.814,1.08342,1.08361,1.00,1.18
2014.05.27 18:31:54.916,1.08337,1.08361,1.69,1.18
2014.05.27 18:31:54.967,1.08337,1.08358,1.19,1.00
2014.05.27 18:31:55.271,1.08337,1.08352,1.19,1.00
2014.05.27 18:31:55.791,1.08332,1.08352,1.19,1.50
2014.05.27 18:31:56.146,1.08336,1.08352,1.00,1.00
2014.05.27 18:31:56.690,1.08336,1.08351,1.00,1.00
2014.05.27 18:31:57.202,1.08336,1.08352,1.00,1.00
2014.05.27 18:31:57.720,1.08336,1.08351,1.00,1.00
2014.05.27 18:31:58.266,1.08336,1.08352,1.00,1.50
2014.05.27 18:31:58.855,1.08336,1.08351,1.00,1.00
2014.05.27 18:32:00.657,1.08337,1.08351,1.00,1.00
2014.05.27 18:32:01.633,1.08337,1.08352,1.00,1.50
2014.05.27 18:32:01.735,1.08331,1.08352,1.69,1.50
2014.05.27 18:32:02.441,1.08331,1.08352,1.69,1.50
2014.05.27 18:32:02.866,1.08337,1.08351,1.00,1.00
2014.05.27 18:32:02.968,1.08332,1.08352,1.00,1.58
2014.05.27 18:32:03.120,1.08332,1.08351,1.00,1.38
2014.05.27 18:32:03.425,1.08332,1.08345,1.00,1.00
2014.05.27 18:32:03.944,1.08331,1.08344,1.00,1.00
2014.05.27 18:32:04.321,1.08331,1.08344,1.00,1.38
2014.05.27 18:32:04.372,1.08327,1.08345,1.19,1.38
2014.05.27 18:32:04.631,1.08331,1.08347,1.00,1.00
2014.05.27 18:32:04.682,1.08331,1.08345,1.00,1.00
2014.05.27 18:32:05.279,1.08331,1.08344,1.00,1.00
2014.05.27 18:32:05.908,1.08331,1.08345,1.00,1.00
2014.05.27 18:32:06.254,1.08328,1.08338,1.00,1.00
2014.05.27 18:32:06.903,1.08328,1.08339,1.00,1.00
2014.05.27 18:32:07.419,1.08326,1.08339,1.19,1.00
2014.05.27 18:32:08.026,1.08326,1.08338,1.19,1.00
2014.05.27 18:32:10.375,1.08326,1.08339,1.19,1.00
2014.05.27 18:32:11.445,1.08328,1.08339,1.00,1.00
2014.05.27 18:32:11.496,1.08328,1.08341,1.25,1.50
2014.05.27 18:32:11.698,1.08326,1.0834,1.50,1.00
2014.05.27 18:32:12.204,1.08326,1.08341,1.00,1.00
2014.05.27 18:32:12.255,1.08326,1.08347,1.00,1.00
2014.05.27 18:32:12.357,1.08327,1.08347,1.00,1.38
2014.05.27 18:32:12.661,1.08327,1.0834,1.00,1.00
2014.05.27 18:32:13.518,1.08327,1.08341,1.25,1.00
2014.05.27 18:32:14.051,1.08327,1.0834,1.00,1.00
2014.05.27 18:32:15.061,1.08327,1.08341,1.25,1.00
2014.05.27 18:32:15.575,1.08327,1.0834,1.25,1.00
2014.05.27 18:32:16.083,1.08327,1.08341,1.25,1.00
2014.05.27 18:32:16.599,1.08327,1.0834,1.00,1.00
2014.05.27 18:32:17.214,1.08327,1.08341,1.00,1.50
2014.05.27 18:32:17.910,1.08327,1.0834,1.00,1.00
2014.05.27 18:32:19.307,1.08327,1.08341,1.00,1.00
2014.05.27 18:32:19.817,1.08322,1.0834,1.19,1.00
2014.05.27 18:32:20.318,1.08322,1.08341,1.19,1.00
2014.05.27 18:32:20.974,1.08322,1.0834,1.19,1.00
2014.05.27 18:32:21.974,1.08322,1.08341,1.19,1.50
2014.05.27 18:32:22.820,1.08322,1.08342,1.19,1.50
2014.05.27 18:32:23.342,1.08322,1.08341,1.19,1.00
2014.05.27 18:32:24.327,1.08322,1.08342,1.19,1.50
2014.05.27 18:32:24.934,1.08322,1.08341,1.19,1.00
2014.05.27 18:32:25.076,1.08326,1.08341,1.00,1.00
2014.05.27 18:32:27.299,1.08326,1.0834,1.00,1.00
2014.05.27 18:32:29.433,1.08326,1.08338,1.00,1.00
2014.05.27 18:32:29.487,1.08326,1.0834,1.00,1.00
2014.05.27 18:32:30.150,1.08326,1.08339,1.00,1.00
2014.05.27 18:32:30.880,1.08326,1.0834,1.00,1.00
2014.05.27 18:32:31.677,1.08326,1.08338,1.00,1.00
2014.05.27 18:32:31.818,1.08326,1.0834,1.00,1.00
2014.05.27 18:32:33.538,1.08326,1.0834,1.19,1.00
2014.05.27 18:32:34.502,1.08327,1.08341,1.19,1.50
2014.05.27 18:32:35.058,1.08327,1.08341,1.00,1.00
2014.05.27 18:32:37.513,1.08327,1.0834,1.00,1.00
2014.05.27 18:32:39.432,1.08327,1.08341,1.25,1.50
2014.05.27 18:32:41.014,1.08327,1.0834,1.00,1.00
2014.05.27 18:32:41.520,1.08327,1.08341,1.00,1.50
2014.05.27 18:32:42.941,1.08327,1.0834,1.00,1.00
2014.05.27 18:32:43.352,1.08332,1.08341,1.00,1.50
2014.05.27 18:32:44.078,1.08332,1.08346,1.00,1.00
2014.05.27 18:32:44.596,1.08336,1.08347,1.00,1.50
2014.05.27 18:32:44.748,1.08336,1.08351,1.00,1.10
2014.05.27 18:32:44.850,1.08331,1.08355,1.19,1.65
2014.05.27 18:32:45.305,1.08331,1.08354,1.19,1.18
2014.05.27 18:32:46.002,1.08331,1.08353,1.00,1.15
2014.05.27 18:32:46.325,1.08331,1.08346,1.00,1.00
2014.05.27 18:32:46.680,1.08331,1.08348,1.00,1.00
2014.05.27 18:32:46.731,1.08331,1.08353,1.00,2.40
2014.05.27 18:32:47.393,1.08331,1.08353,1.19,1.65
2014.05.27 18:32:48.347,1.08331,1.08353,1.00,2.78
2014.05.27 18:32:48.500,1.08332,1.08346,1.00,1.00
2014.05.27 18:32:48.578,1.08327,1.08346,2.44,1.00
2014.05.27 18:32:50.053,1.08327,1.08347,2.44,1.50
2014.05.27 18:32:51.244,1.08327,1.08346,2.44,1.00
2014.05.27 18:32:51.857,1.08327,1.08347,2.44,1.50
2014.05.27 18:32:53.143,1.08327,1.08347,2.44,1.50
2014.05.27 18:32:53.662,1.08327,1.08346,2.44,1.00
2014.05.27 18:32:56.267,1.08327,1.08346,2.44,1.00
2014.05.27 18:32:56.736,1.08337,1.08347,1.00,1.50
2014.05.27 18:32:57.007,1.08336,1.08353,1.00,3.15
2014.05.27 18:32:57.160,1.08336,1.08353,1.00,2.33
2014.05.27 18:32:58.565,1.08336,1.08353,1.00,1.95
2014.05.27 18:32:58.617,1.08331,1.08353,1.00,1.95
2014.05.27 18:32:58.718,1.08331,1.08348,1.00,1.00
2014.05.27 18:32:59.141,1.08331,1.08346,1.00,1.00
2014.05.27 18:33:01.419,1.08331,1.08347,1.00,1.00
2014.05.27 18:33:02.215,1.08331,1.08346,1.00,1.00
2014.05.27 18:33:02.534,1.08331,1.08343,1.00,1.00
2014.05.27 18:33:04.906,1.08337,1.08343,1.00,1.00
2014.05.27 18:33:05.413,1.08336,1.08343,1.00,1.00
2014.05.27 18:33:06.035,1.08336,1.08343,1.19,1.00
2014.05.27 18:33:06.339,1.08339,1.08349,1.00,1.13
2014.05.27 18:33:06.442,1.08331,1.08343,1.19,1.00
2014.05.27 18:33:07.017,1.08337,1.08343,1.00,1.00
2014.05.27 18:33:08.663,1.08337,1.08344,1.00,1.00
2014.05.27 18:33:09.333,1.08339,1.08351,1.00,2.63
2014.05.27 18:33:09.891,1.08341,1.0835,1.00,1.13
2014.05.27 18:33:10.095,1.08336,1.08344,1.19,1.00
2014.05.27 18:33:11.096,1.08336,1.08344,1.00,1.00
2014.05.27 18:33:11.611,1.08336,1.08343,1.00,1.00
2014.05.27 18:33:12.133,1.08336,1.08344,1.00,1.00
2014.05.27 18:33:12.506,1.0834,1.0835,1.00,1.13
2014.05.27 18:33:13.216,1.08336,1.08344,1.00,1.00
2014.05.27 18:33:13.623,1.08339,1.08351,1.00,1.88
2014.05.27 18:33:13.827,1.08337,1.08344,1.00,1.00
2014.05.27 18:33:14.333,1.08336,1.08344,1.00,1.00
2014.05.27 18:33:17.618,1.08338,1.08351,1.00,2.63
2014.05.27 18:33:17.823,1.08341,1.08351,1.00,1.13
2014.05.27 18:33:18.596,1.08337,1.08344,1.00,1.00
2014.05.27 18:33:19.156,1.08336,1.08344,1.00,1.00
2014.05.27 18:33:20.329,1.08332,1.08344,1.19,1.00
2014.05.27 18:33:20.582,1.08337,1.08344,1.00,1.00
2014.05.27 18:33:20.897,1.08341,1.08351,1.00,2.63
2014.05.27 18:33:21.353,1.08336,1.08344,1.00,1.00
2014.05.27 18:33:21.910,1.0834,1.08351,1.00,1.88
2014.05.27 18:33:22.214,1.08344,1.0835,1.00,1.13
2014.05.27 18:33:22.360,1.08341,1.0835,1.25,1.13
2014.05.27 18:33:23.546,1.08342,1.08351,1.00,1.88
2014.05.27 18:33:24.908,1.08344,1.0835,1.08,1.13
2014.05.27 18:33:25.111,1.08347,1.08356,1.00,1.13
2014.05.27 18:33:25.314,1.08342,1.08355,1.19,2.63
2014.05.27 18:33:25.669,1.08346,1.0835,1.00,1.13
2014.05.27 18:33:25.872,1.08341,1.08354,1.19,2.63
2014.05.27 18:33:26.493,1.08341,1.0835,1.25,1.13
2014.05.27 18:33:27.825,1.08341,1.0835,1.19,1.13
2014.05.27 18:33:28.130,1.08342,1.0835,1.19,1.13
2014.05.27 18:33:28.497,1.08342,1.0835,1.19,1.13
2014.05.27 18:33:29.845,1.08341,1.0835,1.19,1.13
2014.05.27 18:33:30.048,1.08345,1.08351,1.19,1.00
2014.05.27 18:33:42.355,1.08346,1.08353,1.00,1.13
2014.05.27 18:33:43.926,1.08345,1.08356,1.19,1.13
2014.05.27 18:33:44.131,1.08347,1.08354,1.00,1.13
2014.05.27 18:33:44.538,1.08342,1.08351,1.19,1.13
2014.05.27 18:33:44.893,1.08341,1.0835,1.25,1.13
2014.05.27 18:33:45.349,1.08344,1.08351,1.00,1.00
2014.05.27 18:33:48.093,1.08341,1.0835,1.25,1.13
2014.05.27 18:33:49.947,1.08343,1.0835,1.00,1.13
2014.05.27 18:33:50.251,1.08341,1.08351,1.50,1.88
2014.05.27 18:33:50.757,1.08342,1.08351,1.25,1.13
2014.05.27 18:33:51.599,1.08341,1.08351,1.69,1.13
2014.05.27 18:33:51.903,1.08345,1.08351,1.27,1.13
2014.05.27 18:33:52.056,1.08356,1.08365,1.00,1.00
2014.05.27 18:33:52.209,1.08352,1.08371,1.00,2.63
2014.05.27 18:33:52.718,1.08351,1.08374,1.50,1.10
2014.05.27 18:33:52.780,1.08347,1.08362,1.50,1.13
2014.05.27 18:33:53.310,1.08342,1.08357,1.19,1.88
2014.05.27 18:33:53.413,1.08347,1.08351,1.00,1.88
2014.05.27 18:33:53.616,1.08342,1.08354,1.19,2.63
2014.05.27 18:33:54.153,1.08342,1.08351,1.19,1.13
2014.05.27 18:33:54.204,1.08347,1.08351,1.00,1.13
2014.05.27 18:33:54.710,1.08346,1.08352,1.00,2.63
2014.05.27 18:33:55.067,1.08341,1.08352,1.00,2.63
2014.05.27 18:33:55.427,1.08343,1.08351,1.00,1.00
2014.05.27 18:33:55.846,1.08342,1.08352,1.00,2.63
2014.05.27 18:33:56.395,1.08341,1.08352,1.00,2.63
2014.05.27 18:33:57.850,1.08342,1.0835,1.00,1.00
2014.05.27 18:33:58.103,1.08346,1.08351,1.00,1.13
2014.05.27 18:33:58.610,1.08343,1.08354,1.19,1.88
2014.05.27 18:33:58.915,1.08344,1.08354,1.33,1.13
2014.05.27 18:33:59.129,1.08348,1.08353,1.69,2.13
2014.05.27 18:33:59.180,1.08348,1.08357,1.69,2.13
2014.05.27 18:33:59.622,1.08348,1.08357,1.00,2.13
2014.05.27 18:33:59.674,1.08348,1.08356,1.19,1.00
2014.05.27 18:33:59.725,1.08346,1.08356,1.19,1.00
2014.05.27 18:33:59.979,1.08346,1.08352,1.00,1.00
2014.05.27 18:34:00.333,1.08346,1.08352,1.00,1.38
2014.05.27 18:34:00.840,1.08342,1.08352,1.25,1.00
2014.05.27 18:34:00.941,1.08342,1.08352,1.00,1.38
2014.05.27 18:34:01.462,1.08341,1.08352,1.00,1.38
2014.05.27 18:34:03.256,1.08341,1.08351,1.19,1.38
2014.05.27 18:34:03.562,1.08345,1.08352,1.19,1.00
2014.05.27 18:34:03.909,1.08349,1.08359,1.19,1.50
2014.05.27 18:34:04.376,1.08351,1.08359,1.19,1.00
2014.05.27 18:34:04.530,1.08354,1.08361,1.19,1.00
2014.05.27 18:34:04.682,1.08351,1.08356,1.25,1.00
2014.05.27 18:34:04.785,1.08353,1.08363,1.00,1.50
2014.05.27 18:34:05.089,1.08355,1.08363,1.00,1.50
2014.05.27 18:34:05.837,1.08356,1.08361,1.00,1.00
2014.05.27 18:34:05.888,1.08351,1.08361,1.00,1.00
2014.05.27 18:34:06.092,1.08347,1.08354,1.00,1.00
2014.05.27 18:34:06.345,1.08349,1.08361,1.00,1.00
2014.05.27 18:34:06.862,1.08343,1.08353,1.19,1.00
2014.05.27 18:34:08.067,1.08349,1.08359,1.00,2.25
2014.05.27 18:34:08.850,1.08351,1.08359,1.00,2.25
2014.05.27 18:34:09.194,1.08345,1.08353,1.19,1.00
2014.05.27 18:34:10.071,1.08349,1.08359,1.00,2.25
2014.05.27 18:34:10.173,1.08347,1.08353,1.19,1.00
2014.05.27 18:34:10.224,1.08347,1.08355,1.27,1.00
2014.05.27 18:34:10.832,1.08355,1.08362,1.19,1.00
2014.05.27 18:34:11.576,1.08357,1.08362,1.25,1.00
2014.05.27 18:34:11.830,1.08355,1.08362,1.19,1.00
2014.05.27 18:34:12.835,1.08355,1.08362,1.19,1.00
2014.05.27 18:34:12.987,1.0836,1.08367,2.50,1.00
2014.05.27 18:34:13.139,1.08362,1.08368,1.69,1.00
2014.05.27 18:34:13.190,1.08361,1.08365,1.00,1.00
2014.05.27 18:34:13.410,1.08362,1.0837,1.00,1.00
2014.05.27 18:34:15.328,1.08358,1.08369,1.19,1.00
2014.05.27 18:34:20.770,1.0836,1.0837,1.00,1.00
2014.05.27 18:34:21.999,1.08364,1.08371,1.00,1.00
2014.05.27 18:34:23.268,1.08366,1.0837,1.00,1.00
2014.05.27 18:34:24.372,1.08359,1.08369,1.19,1.00
2014.05.27 18:34:27.399,1.08357,1.08369,1.19,1.00
2014.05.27 18:34:30.182,1.0836,1.08372,1.00,1.00
2014.05.27 18:34:31.327,1.08359,1.08369,1.19,1.00
2014.05.27 18:34:32.301,1.0836,1.08372,1.00,1.00
2014.05.27 18:34:33.315,1.08354,1.08369,1.34,1.00
2014.05.27 18:34:33.366,1.08361,1.08369,1.00,1.00
2014.05.27 18:34:37.572,1.08356,1.08369,1.19,1.50
2014.05.27 18:34:37.877,1.08363,1.08372,1.00,1.13
2014.05.27 18:34:38.030,1.08361,1.08365,1.00,1.00
2014.05.27 18:34:38.080,1.08361,1.08369,1.00,1.50
2014.05.27 18:34:41.192,1.08356,1.08361,1.19,1.00
2014.05.27 18:34:41.307,1.08358,1.08367,1.00,1.00
2014.05.27 18:34:41.359,1.0836,1.08367,1.00,1.00
2014.05.27 18:34:42.833,1.08359,1.08371,1.00,1.00
2014.05.27 18:34:45.583,1.08361,1.08369,1.00,1.00
2014.05.27 18:34:47.345,1.08359,1.08371,1.00,1.00
2014.05.27 18:34:47.448,1.08362,1.08371,1.00,1.00
2014.05.27 18:34:47.601,1.08356,1.08367,1.19,1.00
2014.05.27 18:34:47.905,1.08361,1.08368,1.00,1.00
2014.05.27 18:34:48.465,1.08361,1.08367,1.00,1.00
2014.05.27 18:34:52.880,1.0836,1.08372,1.00,1.88
2014.05.27 18:34:53.449,1.08363,1.08376,1.00,2.63
2014.05.27 18:34:55.412,1.08367,1.08376,1.00,1.38
2014.05.27 18:34:55.954,1.08367,1.08376,1.00,2.63
2014.05.27 18:34:56.509,1.08358,1.08369,1.19,1.00
2014.05.27 18:34:56.841,1.08361,1.08368,1.00,1.00
2014.05.27 18:34:57.190,1.08358,1.08368,1.19,1.00
2014.05.27 18:34:58.167,1.0836,1.08368,1.00,1.00
2014.05.27 18:35:00.448,1.08361,1.08371,1.00,1.13
2014.05.27 18:35:01.881,1.08361,1.0837,1.19,1.00
2014.05.27 18:35:02.135,1.08364,1.08371,1.00,1.00
2014.05.27 18:35:04.177,1.08363,1.08369,1.19,1.00
2014.05.27 18:35:04.329,1.08362,1.08369,1.19,1.00
2014.05.27 18:35:04.384,1.08362,1.08368,1.25,1.00
2014.05.27 18:35:04.486,1.08361,1.08368,1.19,1.00
2014.05.27 18:35:04.588,1.08362,1.08368,1.25,1.00
2014.05.27 18:35:04.690,1.08361,1.08368,1.19,1.50
2014.05.27 18:35:04.893,1.08362,1.08367,1.25,1.00
2014.05.27 18:35:06.497,1.08359,1.08367,1.19,1.00
2014.05.27 18:35:06.598,1.08362,1.08367,1.00,1.00
2014.05.27 18:35:10.138,1.08361,1.08367,1.00,1.00
2014.05.27 18:35:13.771,1.08356,1.08361,1.00,1.00
2014.05.27 18:35:14.328,1.08356,1.08363,1.00,1.00
2014.05.27 18:35:17.404,1.08357,1.08363,1.00,1.00
2014.05.27 18:35:18.125,1.08359,1.0837,1.00,1.50
2014.05.27 18:35:18.178,1.08361,1.0837,1.00,1.50
2014.05.27 18:35:18.988,1.08361,1.08371,1.00,1.00
2014.05.27 18:35:22.341,1.08357,1.08371,1.00,1.00
2014.05.27 18:35:22.656,1.08362,1.08371,1.00,2.63
2014.05.27 18:35:25.131,1.08356,1.08371,1.00,2.63
2014.05.27 18:35:34.554,1.08364,1.08371,1.00,1.00
2014.05.27 18:35:34.912,1.08362,1.08371,1.00,1.00
2014.05.27 18:35:35.114,1.08356,1.08371,1.19,2.63
2014.05.27 18:35:36.045,1.08356,1.08371,1.00,1.00
2014.05.27 18:35:38.945,1.08361,1.08371,1.00,2.63
2014.05.27 18:35:39.059,1.08356,1.08371,1.00,2.63
2014.05.27 18:35:40.403,1.08362,1.08371,1.00,2.63
2014.05.27 18:35:47.179,1.08361,1.08371,1.00,2.70
2014.05.27 18:35:55.065,1.08356,1.08371,1.00,2.63
2014.05.27 18:35:55.268,1.08356,1.08371,1.00,2.63
2014.05.27 18:35:55.533,1.08357,1.08368,1.00,1.00
2014.05.27 18:35:55.787,1.08356,1.08368,1.00,1.38
2014.05.27 18:35:56.161,1.08351,1.08367,1.19,1.88
2014.05.27 18:35:56.832,1.08351,1.08366,1.25,1.88
2014.05.27 18:35:57.351,1.08351,1.08367,1.25,1.88
2014.05.27 18:35:57.953,1.08351,1.08367,1.19,1.88
2014.05.27 18:35:58.468,1.08351,1.08366,1.19,1.88
2014.05.27 18:35:59.143,1.08351,1.08366,1.25,1.88
2014.05.27 18:36:01.251,1.08351,1.08366,1.19,1.88
2014.05.27 18:36:01.645,1.08356,1.08366,1.00,1.88
2014.05.27 18:36:02.084,1.08351,1.08366,1.19,1.88
2014.05.27 18:36:02.633,1.08351,1.08367,1.25,1.88
2014.05.27 18:36:03.236,1.08351,1.08366,1.25,1.88
2014.05.27 18:36:03.767,1.08351,1.08366,1.19,1.88
2014.05.27 18:36:06.256,1.08351,1.08367,1.19,1.88
2014.05.27 18:36:06.866,1.08351,1.08366,1.19,1.88
2014.05.27 18:36:07.406,1.08351,1.08366,1.00,1.88
2014.05.27 18:36:07.576,1.08351,1.08368,1.00,1.00
2014.05.27 18:36:07.700,1.08351,1.08366,1.00,1.88
2014.05.27 18:36:08.135,1.08347,1.08367,1.19,1.88
2014.05.27 18:36:08.405,1.08352,1.08367,1.00,1.88
2014.05.27 18:36:09.177,1.08352,1.08366,1.25,1.88
2014.05.27 18:36:09.836,1.08352,1.08367,1.25,1.88
2014.05.27 18:36:11.058,1.08352,1.08366,1.25,1.88
2014.05.27 18:36:13.087,1.08347,1.08366,1.69,1.88
2014.05.27 18:36:13.341,1.08347,1.08366,1.19,1.88
2014.05.27 18:36:15.188,1.08357,1.08366,1.00,1.88
2014.05.27 18:36:15.391,1.08351,1.08367,1.25,1.88
2014.05.27 18:36:15.943,1.08351,1.08366,1.19,1.88
2014.05.27 18:36:17.349,1.08351,1.08366,1.19,1.88
2014.05.27 18:36:19.430,1.08351,1.08367,1.19,1.88
2014.05.27 18:36:19.979,1.08351,1.08367,1.00,1.88
2014.05.27 18:36:20.487,1.08352,1.08367,1.00,1.88
2014.05.27 18:36:21.118,1.08352,1.08366,1.00,1.88
2014.05.27 18:36:21.727,1.08352,1.08367,1.00,1.88
2014.05.27 18:36:22.230,1.08352,1.08366,1.19,1.88
2014.05.27 18:36:22.840,1.08352,1.08367,1.19,1.88
2014.05.27 18:36:23.378,1.08352,1.08367,1.25,1.88
2014.05.27 18:36:23.840,1.08356,1.08366,1.00,1.88
2014.05.27 18:36:24.394,1.08351,1.08366,1.19,1.88
2014.05.27 18:36:25.139,1.08351,1.08367,1.19,1.88
2014.05.27 18:36:25.688,1.08351,1.08366,1.19,1.88
2014.05.27 18:36:26.783,1.08349,1.08366,1.19,1.88
2014.05.27 18:36:27.340,1.08347,1.08367,2.44,1.88
2014.05.27 18:36:29.109,1.08347,1.08366,2.44,1.88
2014.05.27 18:36:30.376,1.08347,1.08366,2.44,1.88
2014.05.27 18:36:30.894,1.08347,1.08367,2.44,1.88
2014.05.27 18:36:31.546,1.08347,1.08367,2.44,1.88
2014.05.27 18:36:32.291,1.08347,1.08366,2.44,1.88
2014.05.27 18:36:32.951,1.08347,1.08367,2.44,1.88
2014.05.27 18:36:33.611,1.08347,1.08366,2.44,1.88
2014.05.27 18:36:33.734,1.08347,1.08366,2.44,1.88
2014.05.27 18:36:34.281,1.08347,1.08367,2.44,1.88
2014.05.27 18:36:34.653,1.08347,1.08366,2.82,1.88
2014.05.27 18:36:35.087,1.08351,1.08367,1.00,1.88
2014.05.27 18:36:35.592,1.08351,1.08366,1.19,1.88
2014.05.27 18:36:36.251,1.08351,1.08366,1.19,1.88
2014.05.27 18:36:36.913,1.0835,1.08367,1.19,1.88
2014.05.27 18:36:37.461,1.0835,1.08366,1.19,1.88
2014.05.27 18:36:38.420,1.0835,1.08367,1.19,1.88
2014.05.27 18:36:38.984,1.0835,1.08366,1.19,1.88
2014.05.27 18:36:40.850,1.0835,1.08367,1.19,1.88
2014.05.27 18:36:41.159,1.0835,1.08366,1.19,1.88
2014.05.27 18:36:42.354,1.0835,1.08366,1.00,1.88
2014.05.27 18:36:42.874,1.08347,1.08367,1.19,1.88
2014.05.27 18:36:43.494,1.08347,1.08366,1.19,1.88
2014.05.27 18:36:44.455,1.08347,1.08366,1.19,1.88
2014.05.27 18:36:45.177,1.08347,1.08367,1.19,1.88
2014.05.27 18:36:45.827,1.08347,1.08367,1.19,1.88
2014.05.27 18:36:46.359,1.08347,1.08366,1.19,1.88
2014.05.27 18:36:46.968,1.08347,1.08366,1.19,1.88
2014.05.27 18:36:48.403,1.08347,1.08366,1.19,2.25
2014.05.27 18:36:48.556,1.08346,1.08364,1.19,1.88
2014.05.27 18:36:48.607,1.08347,1.08364,1.25,1.38
2014.05.27 18:36:49.381,1.08344,1.08358,1.19,1.00
2014.05.27 18:36:49.584,1.08342,1.08358,1.19,1.38
2014.05.27 18:36:49.837,1.08342,1.08362,1.19,2.63
2014.05.27 18:36:50.040,1.08341,1.08358,1.69,1.00
2014.05.27 18:36:50.558,1.08341,1.08358,1.69,1.38
2014.05.27 18:36:51.108,1.08341,1.08358,2.07,1.38
2014.05.27 18:36:52.309,1.08343,1.08359,1.19,1.38
2014.05.27 18:36:52.966,1.08341,1.08359,1.19,1.38
2014.05.27 18:36:54.372,1.08337,1.08359,2.44,1.38
2014.05.27 18:36:55.954,1.08337,1.08359,1.69,1.38
2014.05.27 18:36:56.582,1.08337,1.08359,1.69,1.38
2014.05.27 18:36:56.633,1.08337,1.08359,1.69,1.00
2014.05.27 18:36:56.886,1.08341,1.08361,1.25,1.00
2014.05.27 18:36:57.105,1.08337,1.08358,2.44,1.00
2014.05.27 18:36:57.988,1.08338,1.08358,1.19,1.00
2014.05.27 18:37:03.147,1.08347,1.08361,1.00,1.00
2014.05.27 18:37:03.249,1.08343,1.08363,1.69,2.63
2014.05.27 18:37:03.502,1.08343,1.08364,1.69,1.50
2014.05.27 18:37:03.654,1.08341,1.08362,1.69,1.13
2014.05.27 18:37:03.856,1.08341,1.08362,2.44,1.13
2014.05.27 18:37:04.366,1.08341,1.08362,1.69,1.50
2014.05.27 18:37:04.583,1.08341,1.08362,1.19,1.85
2014.05.27 18:37:04.836,1.08338,1.08359,1.19,1.38
2014.05.27 18:37:04.887,1.08338,1.08359,1.19,1.88
2014.05.27 18:37:05.409,1.08337,1.08353,1.19,1.00
2014.05.27 18:37:05.510,1.08343,1.08357,1.00,1.88
2014.05.27 18:37:05.864,1.08343,1.08359,1.19,1.00
2014.05.27 18:37:05.915,1.08342,1.08361,1.19,1.50
2014.05.27 18:37:06.118,1.08347,1.08362,1.00,1.00
2014.05.27 18:37:08.137,1.08343,1.08362,1.19,1.00
2014.05.27 18:37:08.896,1.08347,1.08362,1.00,1.00
2014.05.27 18:37:09.150,1.08344,1.08365,1.19,2.25
2014.05.27 18:37:09.353,1.08344,1.08365,1.19,1.00
2014.05.27 18:37:10.557,1.08347,1.08365,1.19,1.00
2014.05.27 18:37:11.869,1.08347,1.08365,1.19,1.00
2014.05.27 18:37:13.366,1.08347,1.08365,1.19,1.00
2014.05.27 18:37:14.303,1.08347,1.08365,1.00,1.00
2014.05.27 18:37:14.354,1.08347,1.08361,1.00,1.00
2014.05.27 18:37:14.860,1.08341,1.08361,1.69,1.00
2014.05.27 18:37:15.590,1.08347,1.08361,1.00,1.00
2014.05.27 18:37:15.796,1.08342,1.08361,1.25,1.00
2014.05.27 18:37:16.050,1.08342,1.08363,1.25,1.95
2014.05.27 18:37:16.201,1.08342,1.08359,1.25,1.00
2014.05.27 18:37:18.737,1.08342,1.08359,1.19,1.00
2014.05.27 18:37:21.632,1.08346,1.08359,1.00,1.00
2014.05.27 18:37:21.734,1.08346,1.08362,1.00,1.50
2014.05.27 18:37:21.886,1.08351,1.08364,1.00,1.38
2014.05.27 18:37:22.088,1.08347,1.08366,1.00,1.88
2014.05.27 18:37:22.139,1.08347,1.08365,1.19,1.00
2014.05.27 18:37:22.403,1.08347,1.08366,1.19,1.38
2014.05.27 18:37:22.605,1.08347,1.08365,1.19,1.13
2014.05.27 18:37:23.325,1.08347,1.08365,1.19,1.13
2014.05.27 18:37:24.421,1.08347,1.08365,1.19,1.13
2014.05.27 18:37:25.424,1.08347,1.08365,1.19,1.13
2014.05.27 18:37:26.485,1.08351,1.08366,1.00,1.88
2014.05.27 18:37:26.690,1.08345,1.08361,1.69,1.88
2014.05.27 18:37:26.843,1.08345,1.08359,1.19,1.38
2014.05.27 18:37:26.894,1.08345,1.08359,1.19,1.38
2014.05.27 18:37:27.768,1.08338,1.08358,2.89,1.38
2014.05.27 18:37:27.869,1.08338,1.08358,2.07,1.38
2014.05.27 18:37:29.079,1.08336,1.08357,1.19,1.38
2014.05.27 18:37:30.156,1.08335,1.08354,1.19,1.38
2014.05.27 18:37:32.383,1.08336,1.08357,1.19,1.13
2014.05.27 18:37:33.570,1.08338,1.08357,2.07,1.13
2014.05.27 18:37:37.935,1.08336,1.08357,1.57,1.13
2014.05.27 18:37:40.813,1.08336,1.08354,1.19,1.00
2014.05.27 18:37:41.015,1.08336,1.08354,1.19,1.50
2014.05.27 18:37:41.168,1.08336,1.08357,1.19,2.25
2014.05.27 18:37:42.105,1.08336,1.08357,2.44,1.00
2014.05.27 18:37:45.418,1.08339,1.08357,2.82,1.00
2014.05.27 18:37:49.270,1.08339,1.08357,2.82,1.00
2014.05.27 18:37:49.683,1.08339,1.08357,1.19,1.00
2014.05.27 18:37:51.578,1.08339,1.08357,1.25,1.00
2014.05.27 18:37:52.570,1.08339,1.08357,1.19,1.00
2014.05.27 18:37:54.053,1.08339,1.08357,1.19,1.00
2014.05.27 18:37:55.056,1.08339,1.08357,1.19,1.00
2014.05.27 18:37:55.637,1.08339,1.08359,1.19,1.88
2014.05.27 18:37:57.189,1.08338,1.08359,1.69,1.13
2014.05.27 18:37:58.593,1.08338,1.08359,1.50,1.88
2014.05.27 18:38:01.592,1.08338,1.08359,1.69,1.13
2014.05.27 18:38:04.834,1.08338,1.08359,1.69,1.88
2014.05.27 18:38:07.754,1.08338,1.08359,1.50,1.88
2014.05.27 18:38:08.459,1.08336,1.08359,1.69,1.13
2014.05.27 18:38:09.522,1.08336,1.08359,1.69,1.88
2014.05.27 18:38:11.633,1.08336,1.08359,1.69,1.45
2014.05.27 18:38:11.887,1.08331,1.08349,1.69,1.38
2014.05.27 18:38:11.989,1.08331,1.08346,1.19,1.00
2014.05.27 18:38:12.502,1.08325,1.08346,1.19,1.88
2014.05.27 18:38:12.877,1.08325,1.08344,1.19,1.00
2014.05.27 18:38:13.556,1.08326,1.08346,1.19,1.13
2014.05.27 18:38:13.865,1.08327,1.08346,1.19,1.13
2014.05.27 18:38:15.450,1.08327,1.08346,1.25,1.13
2014.05.27 18:38:16.492,1.08327,1.08345,1.25,1.00
2014.05.27 18:38:17.473,1.08324,1.08345,2.07,1.00
2014.05.27 18:38:17.754,1.08324,1.08343,2.07,1.00
2014.05.27 18:38:18.064,1.08319,1.08334,2.07,1.38
2014.05.27 18:38:18.165,1.08319,1.08336,2.07,1.00
2014.05.27 18:38:18.341,1.08315,1.08336,2.07,1.38
2014.05.27 18:38:19.407,1.08318,1.08334,2.07,1.38
2014.05.27 18:38:19.762,1.08318,1.08338,2.89,1.13
2014.05.27 18:38:20.425,1.08318,1.08339,3.64,1.38
2014.05.27 18:38:23.927,1.08319,1.08338,2.82,1.13
2014.05.27 18:38:26.001,1.08319,1.08339,1.19,1.38
2014.05.27 18:38:27.228,1.08318,1.08339,2.89,1.38
2014.05.27 18:38:28.358,1.08319,1.08339,2.82,1.38
2014.05.27 18:38:30.110,1.08319,1.08339,2.82,1.13
2014.05.27 18:38:31.280,1.08319,1.08338,2.82,1.00
2014.05.27 18:38:31.782,1.08319,1.08339,2.07,1.13
2014.05.27 18:38:33.038,1.08319,1.08339,1.19,1.13
2014.05.27 18:38:35.060,1.0832,1.08339,1.19,1.38
2014.05.27 18:38:36.349,1.08318,1.08339,2.89,1.38
2014.05.27 18:38:38.597,1.08318,1.08339,2.07,1.38
2014.05.27 18:38:39.129,1.08319,1.08339,2.07,1.13
2014.05.27 18:38:41.572,1.08319,1.08339,2.07,1.13
2014.05.27 18:38:47.093,1.08318,1.08339,2.82,1.13
2014.05.27 18:38:49.579,1.08318,1.08339,2.82,1.38
2014.05.27 18:38:50.158,1.08319,1.08339,2.07,1.00
2014.05.27 18:38:55.532,1.08319,1.08338,1.19,1.00
2014.05.27 18:38:56.977,1.08319,1.08338,2.82,1.00
2014.05.27 18:39:01.970,1.08319,1.08338,3.57,1.00
2014.05.27 18:39:03.107,1.08319,1.08338,2.82,1.00
2014.05.27 18:39:03.360,1.08321,1.08341,1.19,1.00
2014.05.27 18:39:03.411,1.08321,1.08341,1.00,1.00
2014.05.27 18:39:03.917,1.08321,1.08339,1.19,1.38
2014.05.27 18:39:04.221,1.08321,1.08335,1.19,1.00
2014.05.27 18:39:04.828,1.08319,1.08334,1.19,1.00
2014.05.27 18:39:05.476,1.08319,1.08335,2.82,1.00
2014.05.27 18:39:05.913,1.08318,1.08337,2.07,1.88
2014.05.27 18:39:06.232,1.08325,1.08347,1.00,1.50
2014.05.27 18:39:06.283,1.08328,1.08347,1.00,1.00
2014.05.27 18:39:06.656,1.08332,1.08348,1.00,1.00
2014.05.27 18:39:06.758,1.08332,1.08352,1.00,1.50
2014.05.27 18:39:06.809,1.08333,1.08352,1.19,1.50
2014.05.27 18:39:07.113,1.08334,1.08347,1.19,1.00
2014.05.27 18:39:07.494,1.08334,1.08354,1.32,1.13
2014.05.27 18:39:07.646,1.08335,1.08353,1.19,1.00
2014.05.27 18:39:07.797,1.08336,1.08359,1.19,1.50
2014.05.27 18:39:07.848,1.08336,1.08359,1.19,1.88
2014.05.27 18:39:08.666,1.08336,1.08353,1.19,1.00
2014.05.27 18:39:09.733,1.08336,1.08354,1.19,1.13
2014.05.27 18:39:10.940,1.08336,1.08353,1.19,1.00
2014.05.27 18:39:12.382,1.08336,1.08354,1.19,1.13
2014.05.27 18:39:13.901,1.08333,1.08354,1.39,1.13
2014.05.27 18:39:15.410,1.08334,1.08354,1.32,1.13
2014.05.27 18:39:15.522,1.08333,1.08354,1.67,1.13
2014.05.27 18:39:15.573,1.08333,1.08354,1.57,1.38
2014.05.27 18:39:16.553,1.0833,1.08347,1.19,1.00
2014.05.27 18:39:17.060,1.08329,1.08346,1.19,1.00
2014.05.27 18:39:17.420,1.08326,1.08346,3.34,1.00
2014.05.27 18:39:18.072,1.08326,1.08347,2.52,1.00
2014.05.27 18:39:18.978,1.08327,1.08346,1.37,1.00
2014.05.27 18:39:19.639,1.08327,1.08347,1.37,1.00
2014.05.27 18:39:20.329,1.08327,1.08346,1.37,1.00
2014.05.27 18:39:21.111,1.0833,1.08348,1.19,1.00
2014.05.27 18:39:21.625,1.08329,1.08348,1.29,1.00
2014.05.27 18:39:22.131,1.08336,1.08348,1.00,1.00
2014.05.27 18:39:22.232,1.08336,1.08353,1.00,1.00
2014.05.27 18:39:22.333,1.08332,1.08353,1.19,1.50
2014.05.27 18:39:22.435,1.08332,1.08352,1.19,1.00
2014.05.27 18:39:23.141,1.08332,1.08353,1.19,1.50
2014.05.27 18:39:25.265,1.08332,1.08352,1.19,1.00
2014.05.27 18:39:27.108,1.08332,1.08352,1.19,1.00
2014.05.27 18:39:28.900,1.08332,1.08353,1.19,1.50
2014.05.27 18:39:29.607,1.08332,1.08352,1.19,1.00
2014.05.27 18:39:30.404,1.08333,1.08353,1.19,1.50
2014.05.27 18:39:30.929,1.08331,1.08353,1.69,1.00
2014.05.27 18:39:31.876,1.08336,1.08353,1.00,1.00
2014.05.27 18:39:32.383,1.08332,1.08353,1.57,1.00
2014.05.27 18:39:32.889,1.08336,1.08353,1.25,1.00
2014.05.27 18:39:33.399,1.08332,1.08354,1.57,1.88
2014.05.27 18:39:33.951,1.08332,1.08353,1.57,1.00
2014.05.27 18:39:34.459,1.08337,1.08353,1.25,1.00
2014.05.27 18:39:35.502,1.08337,1.08354,1.25,1.13
2014.05.27 18:39:36.145,1.08333,1.08353,2.07,1.00
2014.05.27 18:39:36.764,1.08337,1.08354,1.25,1.13
2014.05.27 18:39:37.271,1.08337,1.08353,1.25,1.00
2014.05.27 18:39:37.776,1.08337,1.08352,1.19,1.00
2014.05.27 18:39:38.438,1.08337,1.08353,1.19,1.00
2014.05.27 18:39:39.619,1.08337,1.08353,1.19,1.00
2014.05.27 18:39:40.135,1.08337,1.08352,1.19,1.00
2014.05.27 18:39:40.439,1.08338,1.08353,1.19,1.00
2014.05.27 18:39:40.895,1.08338,1.08359,1.69,1.13
2014.05.27 18:39:41.205,1.08342,1.08363,1.19,1.38
2014.05.27 18:39:41.357,1.08341,1.08364,1.19,1.75
2014.05.27 18:39:41.661,1.08339,1.08359,1.39,1.88
2014.05.27 18:39:41.914,1.08339,1.08357,1.19,1.50
2014.05.27 18:39:41.965,1.08339,1.0836,1.19,1.00
2014.05.27 18:39:42.480,1.08341,1.0836,1.19,1.00
2014.05.27 18:39:42.954,1.08342,1.08362,1.19,2.78
2014.05.27 18:39:43.257,1.08337,1.0836,2.44,1.00
2014.05.27 18:39:43.308,1.08337,1.0836,1.69,1.00
2014.05.27 18:39:43.762,1.08341,1.08363,1.25,1.38
2014.05.27 18:39:44.447,1.08342,1.08363,1.00,1.38
2014.05.27 18:39:45.108,1.08342,1.08363,1.19,1.38
2014.05.27 18:39:45.379,1.0834,1.08359,1.19,1.00
2014.05.27 18:39:45.834,1.0834,1.08358,1.25,1.38
2014.05.27 18:39:46.137,1.08337,1.08353,2.44,1.00
2014.05.27 18:39:46.188,1.08338,1.08358,1.19,1.00
2014.05.27 18:39:46.400,1.08338,1.08357,1.19,1.88
2014.05.27 18:39:46.714,1.08336,1.08352,1.19,1.00
2014.05.27 18:39:47.479,1.08336,1.08353,1.19,1.00
2014.05.27 18:39:48.238,1.0834,1.08359,1.25,1.00
2014.05.27 18:39:48.343,1.08342,1.0836,1.25,1.00
2014.05.27 18:39:49.674,1.08341,1.08359,1.19,1.00
2014.05.27 18:39:50.501,1.08341,1.0836,1.19,1.00
2014.05.27 18:39:50.935,1.08339,1.08358,1.19,1.00
2014.05.27 18:39:54.842,1.08342,1.08359,1.00,1.00
2014.05.27 18:39:55.145,1.08343,1.08359,1.19,1.00
2014.05.27 18:39:55.247,1.08344,1.08363,1.19,1.00
2014.05.27 18:39:57.319,1.08342,1.08363,1.69,1.00
2014.05.27 18:39:57.686,1.08339,1.08359,1.19,1.00
2014.05.27 18:39:58.041,1.08341,1.0836,1.19,1.38
2014.05.27 18:39:58.446,1.08339,1.08354,2.07,1.13
2014.05.27 18:39:58.802,1.08336,1.08359,1.19,1.50
2014.05.27 18:39:58.852,1.08336,1.08359,1.19,1.88
2014.05.27 18:39:59.206,1.08337,1.08357,1.19,1.00
2014.05.27 18:39:59.409,1.08337,1.08357,1.19,1.38
2014.05.27 18:39:59.712,1.08337,1.08357,1.69,1.00
2014.05.27 18:39:59.813,1.08337,1.08357,1.69,1.38
2014.05.27 18:40:00.222,1.08337,1.08357,1.19,1.00
2014.05.27 18:40:00.386,1.08337,1.08357,1.69,1.38
2014.05.27 18:40:00.902,1.08341,1.08354,1.19,1.00
2014.05.27 18:40:01.054,1.08341,1.08362,1.19,2.78
2014.05.27 18:40:01.505,1.08341,1.08362,1.19,2.63
2014.05.27 18:40:02.015,1.08341,1.08361,1.19,1.88
2014.05.27 18:40:02.679,1.08339,1.08359,1.69,1.00
2014.05.27 18:40:02.984,1.08338,1.08357,1.19,1.88
2014.05.27 18:40:03.496,1.08337,1.08353,1.19,1.00
2014.05.27 18:40:03.960,1.08337,1.08353,1.19,1.00
2014.05.27 18:40:04.491,1.08337,1.08354,1.19,1.13
2014.05.27 18:40:05.417,1.08337,1.08353,1.19,1.00
2014.05.27 18:40:06.218,1.08337,1.08354,1.19,1.13
2014.05.27 18:40:06.899,1.08337,1.08353,1.19,1.00
2014.05.27 18:40:07.665,1.08337,1.08354,1.19,1.13
2014.05.27 18:40:08.382,1.08337,1.08354,1.57,1.00
2014.05.27 18:40:08.493,1.0834,1.08358,1.29,1.00
2014.05.27 18:40:09.104,1.0834,1.08359,1.19,1.00
2014.05.27 18:40:09.865,1.0834,1.08359,1.19,1.00
2014.05.27 18:40:10.382,1.08337,1.08358,1.69,1.38
2014.05.27 18:40:10.492,1.08337,1.08358,1.69,1.88
2014.05.27 18:40:10.543,1.08337,1.08352,1.69,1.00
2014.05.27 18:40:10.746,1.08337,1.08357,1.25,1.00
2014.05.27 18:40:10.848,1.08333,1.08357,2.89,1.38
2014.05.27 18:40:11.175,1.08333,1.08352,1.72,1.00
2014.05.27 18:40:11.833,1.08333,1.08353,1.32,1.00
2014.05.27 18:40:12.196,1.08334,1.08353,1.32,1.00
2014.05.27 18:40:12.700,1.08333,1.08352,1.32,1.00
2014.05.27 18:40:12.802,1.08332,1.08352,1.50,1.00
2014.05.27 18:40:13.156,1.08331,1.08352,1.00,1.38
2014.05.27 18:40:13.460,1.08332,1.08348,1.19,1.00
2014.05.27 18:40:13.511,1.08332,1.08353,1.19,1.50
2014.05.27 18:40:13.891,1.0833,1.08353,1.69,1.88
2014.05.27 18:40:14.194,1.08331,1.08351,1.19,1.50
2014.05.27 18:40:14.245,1.08331,1.08353,1.19,1.00
2014.05.27 18:40:14.780,1.08331,1.08353,1.19,1.00
2014.05.27 18:40:15.337,1.0833,1.08353,1.19,1.88
2014.05.27 18:40:15.641,1.08332,1.08347,1.19,1.00
2014.05.27 18:40:15.742,1.08332,1.08353,1.19,1.00
2014.05.27 18:40:16.413,1.08331,1.08354,1.19,2.25
2014.05.27 18:40:17.021,1.08331,1.08353,1.19,1.00
2014.05.27 18:40:17.822,1.08331,1.08353,1.19,1.00
2014.05.27 18:40:18.366,1.08331,1.08354,1.19,2.25
2014.05.27 18:40:18.853,1.0833,1.08354,1.25,2.63
2014.05.27 18:40:19.160,1.08331,1.08352,1.00,1.00
2014.05.27 18:40:19.805,1.08332,1.08352,1.00,1.00
2014.05.27 18:40:20.087,1.08332,1.08352,1.00,1.38
2014.05.27 18:40:20.492,1.08331,1.08352,1.69,1.00
2014.05.27 18:40:20.644,1.08333,1.08353,1.19,1.50
2014.05.27 18:40:25.735,1.08333,1.08353,1.19,1.50
2014.05.27 18:40:26.917,1.08333,1.08353,1.19,2.25
2014.05.27 18:40:29.357,1.08332,1.0835,1.19,1.00
2014.05.27 18:40:29.902,1.08331,1.0835,1.69,1.38
2014.05.27 18:40:30.054,1.08329,1.08348,1.19,1.00
2014.05.27 18:40:30.604,1.08331,1.08347,1.00,1.00
2014.05.27 18:40:31.290,1.08331,1.08353,1.50,1.00
2014.05.27 18:40:31.341,1.08331,1.08353,1.69,1.00
2014.05.27 18:40:34.582,1.08332,1.08353,1.00,1.88
2014.05.27 18:40:34.734,1.08329,1.08352,1.19,1.88
2014.05.27 18:40:34.785,1.08328,1.08352,1.19,1.50
2014.05.27 18:40:34.886,1.08331,1.08351,1.19,1.50
2014.05.27 18:40:34.938,1.08331,1.08354,1.19,1.88
2014.05.27 18:40:35.612,1.08331,1.08353,1.19,1.00
2014.05.27 18:40:37.529,1.08331,1.08354,1.19,1.88
2014.05.27 18:40:37.579,1.08331,1.08354,1.19,1.88
2014.05.27 18:40:37.883,1.08332,1.08347,1.19,1.00
2014.05.27 18:40:38.085,1.0833,1.08354,1.19,1.88
2014.05.27 18:40:38.136,1.0833,1.08354,1.19,1.88
2014.05.27 18:40:38.447,1.08331,1.08352,1.19,1.88
2014.05.27 18:40:43.690,1.08331,1.08354,1.19,1.88
2014.05.27 18:40:50.232,1.08331,1.08353,1.19,1.38
2014.05.27 18:40:53.039,1.08332,1.08353,1.25,1.38
2014.05.27 18:40:53.140,1.0833,1.08348,1.25,1.38
2014.05.27 18:40:53.808,1.08327,1.08341,1.57,1.00
2014.05.27 18:40:54.322,1.08331,1.08347,1.50,1.38
2014.05.27 18:40:54.374,1.0833,1.08346,1.00,1.00
2014.05.27 18:40:54.425,1.08336,1.08341,1.00,1.00
2014.05.27 18:40:54.526,1.08334,1.08353,2.07,2.63
2014.05.27 18:40:55.149,1.08333,1.08353,1.19,1.38
2014.05.27 18:40:55.498,1.08332,1.08346,1.19,1.00
2014.05.27 18:40:56.056,1.08329,1.08347,1.19,1.00
2014.05.27 18:40:56.478,1.08332,1.08353,2.07,1.38
2014.05.27 18:40:58.963,1.08335,1.08352,1.00,1.13
2014.05.27 18:40:59.318,1.08329,1.08351,1.69,1.38
2014.05.27 18:40:59.369,1.08329,1.08351,1.25,1.38
2014.05.27 18:40:59.470,1.08329,1.08346,1.25,1.00
2014.05.27 18:41:00.067,1.08327,1.08347,1.19,1.00
2014.05.27 18:41:00.371,1.08331,1.08347,1.00,1.00
2014.05.27 18:41:00.523,1.08331,1.08351,1.00,1.13
2014.05.27 18:41:02.581,1.08331,1.08351,1.19,1.13
2014.05.27 18:41:03.051,1.08334,1.08353,1.19,1.38
2014.05.27 18:41:03.812,1.08331,1.08346,1.19,1.38
2014.05.27 18:41:04.391,1.08331,1.08345,1.69,1.00
2014.05.27 18:41:04.442,1.08333,1.08353,1.57,1.38
2014.05.27 18:41:04.805,1.08333,1.08352,2.07,1.38
2014.05.27 18:41:05.198,1.08333,1.08353,1.69,1.38
2014.05.27 18:41:05.451,1.08333,1.08353,1.69,1.38
2014.05.27 18:41:05.655,1.08333,1.08352,1.69,1.38
2014.05.27 18:41:05.858,1.08333,1.08346,1.69,1.00
2014.05.27 18:41:06.060,1.08333,1.08346,1.69,1.38
2014.05.27 18:41:06.436,1.08333,1.08346,1.69,1.50
2014.05.27 18:41:06.487,1.08333,1.08353,1.19,1.38
2014.05.27 18:41:06.639,1.08334,1.08352,1.19,1.38
2014.05.27 18:41:07.932,1.08334,1.08346,1.19,1.38
2014.05.27 18:41:08.938,1.08334,1.08345,1.19,1.13
2014.05.27 18:41:17.319,1.08334,1.08346,1.19,1.88
2014.05.27 18:41:19.340,1.08334,1.08345,1.00,1.13
2014.05.27 18:41:21.789,1.08334,1.08346,1.00,1.50
2014.05.27 18:41:22.106,1.08334,1.08345,1.19,1.00
2014.05.27 18:41:22.976,1.08332,1.08346,1.19,1.88
2014.05.27 18:41:25.723,1.08333,1.08346,1.19,1.00
2014.05.27 18:41:25.774,1.08334,1.08352,1.19,1.38
2014.05.27 18:41:25.875,1.08334,1.08353,1.19,1.88
2014.05.27 18:41:26.128,1.08334,1.08346,1.19,1.00
2014.05.27 18:41:26.229,1.08334,1.08352,1.19,1.38
2014.05.27 18:41:26.331,1.08334,1.08352,1.69,1.38
2014.05.27 18:41:26.803,1.08335,1.08353,1.19,1.38
2014.05.27 18:41:26.854,1.08335,1.08353,1.19,1.38
2014.05.27 18:41:27.107,1.08335,1.08346,1.19,1.50
2014.05.27 18:41:27.259,1.08335,1.08353,1.19,1.38
2014.05.27 18:41:27.310,1.08335,1.08353,1.19,1.38
2014.05.27 18:41:27.665,1.08332,1.08346,1.57,1.00
2014.05.27 18:41:27.767,1.08334,1.08353,1.69,1.38
2014.05.27 18:41:27.868,1.08334,1.08353,1.69,1.88
2014.05.27 18:41:28.819,1.08331,1.08351,1.57,1.38
2014.05.27 18:41:30.007,1.08331,1.08351,1.57,1.38
2014.05.27 18:41:32.420,1.08331,1.08352,1.57,1.38
2014.05.27 18:41:33.974,1.08331,1.08352,1.57,1.38
2014.05.27 18:41:34.328,1.08331,1.08351,1.57,1.13
2014.05.27 18:41:34.582,1.08335,1.08354,1.19,1.38
2014.05.27 18:41:34.901,1.08335,1.08351,1.19,1.13
2014.05.27 18:41:35.103,1.08335,1.08353,1.19,1.38
2014.05.27 18:41:37.857,1.08332,1.08351,2.07,1.13
2014.05.27 18:41:38.110,1.08334,1.08352,1.69,1.38
2014.05.27 18:41:38.655,1.08332,1.08351,1.57,1.38
2014.05.27 18:41:39.090,1.08331,1.08352,1.57,1.13
2014.05.27 18:41:39.295,1.08334,1.08351,1.19,1.38
2014.05.27 18:41:39.801,1.08329,1.08345,1.29,1.13
2014.05.27 18:41:45.840,1.08332,1.08346,1.69,1.38
2014.05.27 18:41:46.067,1.08335,1.08353,1.19,1.38
2014.05.27 18:41:46.118,1.08335,1.08352,1.19,1.38
2014.05.27 18:41:47.022,1.08332,1.08352,2.82,1.13
2014.05.27 18:41:47.124,1.08332,1.08353,2.82,1.38
2014.05.27 18:41:47.326,1.08335,1.08351,1.19,1.00
2014.05.27 18:41:47.529,1.08332,1.08352,2.07,1.38
2014.05.27 18:41:47.883,1.08334,1.08345,1.19,1.13
2014.05.27 18:41:52.591,1.08331,1.08346,1.69,1.50
2014.05.27 18:41:52.692,1.08333,1.08352,1.57,1.13
2014.05.27 18:41:52.815,1.08334,1.08352,1.32,1.38
2014.05.27 18:41:53.068,1.08334,1.08351,1.32,1.13
2014.05.27 18:41:53.371,1.08334,1.08353,1.32,1.38
2014.05.27 18:41:54.377,1.08334,1.08351,1.32,1.00
2014.05.27 18:41:54.580,1.08334,1.08353,1.19,1.38
2014.05.27 18:41:54.838,1.08334,1.08351,1.32,1.00
2014.05.27 18:41:55.142,1.08334,1.08353,1.32,1.88
2014.05.27 18:41:55.345,1.08334,1.08352,1.19,1.13
2014.05.27 18:41:55.558,1.08332,1.08352,2.82,1.38
2014.05.27 18:41:55.812,1.08334,1.08352,1.69,1.13
2014.05.27 18:41:56.115,1.08334,1.08352,2.07,1.38
2014.05.27 18:41:56.368,1.08334,1.08352,1.69,1.38
2014.05.27 18:41:56.571,1.08331,1.08352,2.82,1.38
2014.05.27 18:41:56.929,1.08335,1.08352,1.19,1.13
2014.05.27 18:41:57.131,1.08335,1.08352,1.19,1.38
2014.05.27 18:41:57.333,1.08335,1.08352,1.25,1.38
2014.05.27 18:41:57.586,1.08332,1.08352,2.07,1.38
2014.05.27 18:41:57.889,1.08334,1.08352,1.69,1.13
2014.05.27 18:41:58.091,1.08334,1.08353,2.07,1.88
2014.05.27 18:42:00.032,1.0833,1.08351,1.69,1.38
2014.05.27 18:42:00.885,1.08332,1.08352,1.19,1.38
2014.05.27 18:42:01.087,1.08334,1.08352,1.19,1.38
2014.05.27 18:42:02.441,1.08334,1.08345,1.25,1.13
2014.05.27 18:42:06.587,1.0833,1.08346,1.25,1.38
2014.05.27 18:42:07.310,1.08327,1.08344,1.19,1.00
2014.05.27 18:42:07.867,1.08327,1.08345,1.19,1.00
2014.05.27 18:42:08.494,1.08327,1.08346,1.19,1.13
2014.05.27 18:42:09.009,1.08327,1.08345,1.19,1.50
2014.05.27 18:42:09.511,1.08327,1.08344,1.19,1.00
2014.05.27 18:42:10.884,1.08327,1.08344,1.25,1.00
2014.05.27 18:42:12.029,1.08327,1.08344,1.19,1.00
2014.05.27 18:42:12.996,1.08327,1.08344,1.19,1.00
2014.05.27 18:42:17.817,1.08327,1.08344,1.25,1.00
2014.05.27 18:42:19.292,1.08327,1.08345,1.25,1.50
2014.05.27 18:42:19.926,1.08327,1.08345,1.19,1.50
2014.05.27 18:42:24.251,1.08327,1.08345,1.19,1.50
2014.05.27 18:42:25.449,1.08327,1.08343,1.19,1.00
2014.05.27 18:42:26.858,1.08327,1.08343,1.19,1.00
2014.05.27 18:42:28.374,1.08327,1.08343,1.19,1.00
2014.05.27 18:42:30.070,1.08327,1.08343,1.19,1.00
2014.05.27 18:42:31.315,1.08327,1.08345,1.19,1.00
2014.05.27 18:42:32.381,1.08327,1.08345,1.19,1.50
2014.05.27 18:42:34.689,1.08327,1.08345,1.19,1.00
2014.05.27 18:42:36.195,1.08327,1.08345,1.25,1.50
2014.05.27 18:42:37.499,1.08327,1.08345,1.19,1.00
2014.05.27 18:42:39.725,1.08327,1.08345,1.25,1.00
2014.05.27 18:42:42.114,1.08327,1.08345,1.19,1.00
2014.05.27 18:42:42.538,1.08327,1.08345,1.19,1.38
2014.05.27 18:42:42.742,1.08324,1.08341,2.07,1.13
2014.05.27 18:42:43.714,1.08324,1.0834,2.82,1.00
2014.05.27 18:42:43.967,1.08323,1.08341,3.57,1.13
2014.05.27 18:42:44.528,1.08324,1.08341,2.63,1.88
2014.05.27 18:42:45.034,1.08321,1.08341,1.57,1.88
2014.05.27 18:42:45.338,1.08319,1.08338,2.82,1.00
2014.05.27 18:42:45.439,1.08322,1.08341,1.19,2.63
2014.05.27 18:42:45.851,1.08322,1.0834,1.69,1.00
2014.05.27 18:42:46.416,1.08322,1.08341,1.69,1.88
2014.05.27 18:42:46.997,1.08322,1.0834,1.69,1.00
2014.05.27 18:42:47.713,1.08322,1.08339,1.19,1.00
2014.05.27 18:42:48.072,1.08322,1.08341,1.19,1.88
2014.05.27 18:42:48.577,1.08322,1.0834,1.19,1.00
2014.05.27 18:42:49.134,1.08322,1.08341,1.19,1.88
2014.05.27 18:42:49.681,1.08322,1.08341,1.19,1.88
2014.05.27 18:42:50.392,1.08322,1.0834,1.19,1.00
2014.05.27 18:42:50.938,1.08322,1.08341,1.19,2.63
2014.05.27 18:42:51.847,1.08322,1.0834,1.19,1.00
2014.05.27 18:42:52.475,1.08322,1.0834,1.19,1.00
2014.05.27 18:42:53.033,1.08322,1.08341,1.19,2.25
2014.05.27 18:42:53.580,1.08322,1.08341,1.19,2.25
2014.05.27 18:42:55.824,1.08322,1.0834,1.19,1.00
2014.05.27 18:42:56.338,1.08324,1.08341,2.07,1.88
2014.05.27 18:42:56.749,1.08324,1.08346,1.32,1.00
2014.05.27 18:42:56.851,1.08324,1.08344,1.32,1.38
2014.05.27 18:42:57.507,1.08324,1.0834,1.19,1.00
2014.05.27 18:42:58.512,1.08324,1.08341,1.19,1.00
2014.05.27 18:42:59.450,1.08324,1.0834,1.19,1.00
2014.05.27 18:43:00.177,1.08324,1.08342,1.19,1.00
2014.05.27 18:43:00.279,1.08324,1.08346,1.19,1.00
2014.05.27 18:43:00.431,1.08324,1.08347,1.32,1.50
2014.05.27 18:43:00.954,1.08324,1.08346,1.19,1.00
2014.05.27 18:43:01.513,1.08324,1.08346,1.19,1.00
2014.05.27 18:43:02.065,1.08324,1.08347,1.19,1.00
2014.05.27 18:43:02.580,1.08324,1.08348,1.32,1.50
2014.05.27 18:43:04.128,1.08324,1.08348,1.19,1.50
2014.05.27 18:43:06.021,1.08324,1.08348,1.32,1.50
2014.05.27 18:43:10.737,1.08324,1.08348,1.19,1.50
2014.05.27 18:43:13.647,1.08324,1.08348,1.19,1.50
2014.05.27 18:43:16.196,1.08324,1.08348,1.25,1.50
2014.05.27 18:43:16.351,1.08326,1.08348,1.00,1.00
2014.05.27 18:43:16.807,1.08326,1.08348,1.19,1.00
2014.05.27 18:43:17.878,1.08331,1.08349,1.00,1.00
2014.05.27 18:43:17.981,1.08331,1.08351,1.00,1.25
2014.05.27 18:43:25.342,1.0833,1.08348,1.00,1.00
2014.05.27 18:43:26.048,1.08328,1.08348,1.19,1.00
2014.05.27 18:43:26.567,1.08328,1.08348,1.25,1.50
2014.05.27 18:43:29.608,1.08325,1.08348,1.00,1.50
2014.05.27 18:43:29.817,1.08325,1.08348,1.19,1.50
2014.05.27 18:43:29.969,1.08331,1.08351,1.00,1.10
2014.05.27 18:43:30.519,1.08332,1.08351,1.25,1.13
2014.05.27 18:43:31.032,1.08332,1.08353,1.25,1.88
2014.05.27 18:43:32.151,1.08332,1.08353,1.00,1.88
2014.05.27 18:43:32.980,1.08332,1.08353,1.00,1.88
2014.05.27 18:43:33.517,1.08332,1.08353,1.00,1.88
2014.05.27 18:43:36.485,1.08332,1.08353,1.00,2.07
2014.05.27 18:43:36.989,1.08332,1.08353,1.00,1.69
2014.05.27 18:43:45.075,1.08331,1.08353,1.00,1.25
2014.05.27 18:43:48.266,1.08332,1.08353,1.00,1.50
2014.05.27 18:43:49.082,1.08332,1.08353,1.00,1.69
2014.05.27 18:43:50.335,1.08332,1.08353,1.00,1.69
2014.05.27 18:43:54.106,1.08331,1.08353,1.00,1.25
2014.05.27 18:43:54.861,1.08335,1.08354,1.00,1.00
2014.05.27 18:43:54.912,1.08336,1.08356,1.10,1.88
2014.05.27 18:43:55.013,1.08336,1.08359,1.10,2.63
2014.05.27 18:43:55.115,1.08337,1.08354,1.00,1.00
2014.05.27 18:43:55.166,1.08335,1.08354,1.00,1.00
2014.05.27 18:43:56.409,1.08335,1.08354,1.19,1.00
2014.05.27 18:43:57.824,1.08335,1.08354,1.19,1.00
2014.05.27 18:44:00.627,1.08335,1.08354,1.25,1.00
2014.05.27 18:44:03.132,1.08335,1.08354,1.19,1.00
2014.05.27 18:44:07.630,1.08335,1.08354,1.00,1.00
2014.05.27 18:44:11.417,1.08335,1.08354,1.25,1.38
2014.05.27 18:44:14.551,1.08335,1.08352,1.19,1.13
2014.05.27 18:44:16.161,1.08336,1.08352,1.25,1.13
2014.05.27 18:44:25.622,1.08336,1.08352,1.00,1.38
2014.05.27 18:44:25.724,1.08331,1.08347,1.00,1.38
2014.05.27 18:44:26.381,1.08328,1.08346,1.57,1.88
2014.05.27 18:44:26.899,1.08327,1.08346,1.19,1.38
2014.05.27 18:44:28.611,1.08327,1.08347,1.19,1.88
2014.05.27 18:44:29.114,1.08327,1.08346,1.19,1.00
2014.05.27 18:44:29.634,1.08327,1.08347,1.19,1.13
2014.05.27 18:44:30.193,1.08327,1.08346,1.69,1.00
2014.05.27 18:44:30.802,1.08327,1.08347,1.69,1.13
2014.05.27 18:44:31.414,1.08327,1.08346,1.69,1.00
2014.05.27 18:44:32.027,1.08327,1.08346,1.69,1.00
2014.05.27 18:44:34.152,1.08327,1.08347,1.69,1.13
2014.05.27 18:44:35.142,1.08327,1.08347,1.69,1.13
2014.05.27 18:44:35.703,1.08327,1.08346,1.69,1.00
2014.05.27 18:44:36.314,1.08327,1.08347,1.69,1.13
2014.05.27 18:44:37.124,1.08327,1.08346,1.69,1.00
2014.05.27 18:44:39.874,1.08327,1.08346,1.69,1.13
2014.05.27 18:44:41.796,1.08327,1.08347,1.69,1.00
2014.05.27 18:44:42.306,1.08327,1.08348,1.69,1.00
2014.05.27 18:44:42.964,1.08327,1.08348,1.69,1.00
2014.05.27 18:44:46.000,1.08327,1.08348,1.69,1.00
2014.05.27 18:44:51.018,1.08327,1.08348,1.69,1.00
2014.05.27 18:44:51.940,1.08327,1.08347,1.69,1.00
2014.05.27 18:44:52.536,1.08327,1.08348,1.69,1.00
2014.05.27 18:44:53.153,1.08327,1.08347,1.69,1.00
2014.05.27 18:44:53.856,1.08327,1.08348,1.69,1.00
2014.05.27 18:44:54.463,1.08327,1.08347,1.69,1.00
2014.05.27 18:44:56.879,1.08327,1.08348,1.69,1.00
2014.05.27 18:44:57.918,1.08327,1.08347,1.69,1.00
2014.05.27 18:44:58.660,1.08327,1.08347,2.44,1.00
2014.05.27 18:44:59.798,1.08327,1.08348,2.44,1.00
2014.05.27 18:45:00.304,1.08327,1.08347,2.44,1.00
2014.05.27 18:45:01.265,1.08327,1.08347,2.44,1.00
2014.05.27 18:45:02.546,1.08327,1.08347,2.44,1.00
2014.05.27 18:45:03.699,1.08327,1.08348,2.44,1.00
2014.05.27 18:45:04.253,1.08327,1.08347,2.44,1.00
2014.05.27 18:45:06.417,1.08327,1.08348,2.44,1.00
2014.05.27 18:45:06.973,1.08327,1.08347,1.69,1.00
2014.05.27 18:45:08.769,1.08327,1.08347,1.69,1.00
2014.05.27 18:45:09.457,1.08327,1.08347,1.69,1.38
2014.05.27 18:45:14.091,1.08327,1.08346,1.50,1.13
2014.05.27 18:45:19.915,1.08327,1.08346,1.69,1.13
2014.05.27 18:45:21.865,1.08327,1.08346,1.69,1.13
2014.05.27 18:45:23.146,1.08327,1.08346,1.69,1.13
2014.05.27 18:45:25.572,1.08327,1.08347,1.69,1.38
2014.05.27 18:45:26.738,1.08327,1.08347,1.69,1.38
2014.05.27 18:45:27.422,1.08326,1.08347,2.44,1.13
2014.05.27 18:45:28.078,1.08326,1.08346,2.44,1.00
2014.05.27 18:45:29.071,1.08326,1.08347,2.44,1.13
2014.05.27 18:45:29.199,1.08335,1.08346,1.00,1.00
2014.05.27 18:45:29.301,1.08329,1.08347,1.19,1.13
2014.05.27 18:45:29.351,1.08332,1.08347,1.00,1.13
2014.05.27 18:45:29.656,1.08336,1.08347,1.00,1.00
2014.05.27 18:45:29.711,1.08331,1.08351,1.25,1.13
2014.05.27 18:45:30.119,1.08329,1.08351,1.00,1.13
2014.05.27 18:45:30.170,1.08329,1.08351,1.00,1.38
2014.05.27 18:45:30.475,1.08327,1.08345,2.07,1.38
2014.05.27 18:45:30.577,1.08327,1.08342,1.69,1.00
2014.05.27 18:45:30.678,1.0833,1.08341,1.00,1.00
2014.05.27 18:45:30.729,1.0833,1.08347,1.00,1.38
2014.05.27 18:45:31.145,1.08333,1.08346,1.00,1.50
2014.05.27 18:45:31.247,1.08334,1.08351,1.00,1.00
2014.05.27 18:45:31.771,1.08334,1.08352,1.00,1.13
2014.05.27 18:45:33.242,1.08334,1.08351,1.00,1.00
2014.05.27 18:45:35.677,1.08334,1.08352,1.00,1.13
2014.05.27 18:45:36.197,1.08332,1.08351,1.25,1.00
2014.05.27 18:45:36.656,1.08331,1.08352,1.00,1.88
2014.05.27 18:45:36.960,1.08337,1.08345,1.00,1.00
2014.05.27 18:45:37.061,1.08337,1.08351,1.00,1.00
2014.05.27 18:45:37.582,1.08336,1.08351,1.00,1.50
2014.05.27 18:45:38.146,1.08336,1.08352,1.00,1.88
2014.05.27 18:45:38.802,1.08336,1.08351,1.00,1.00
2014.05.27 18:45:39.412,1.08336,1.08352,1.00,1.88
2014.05.27 18:45:40.205,1.08336,1.08351,1.00,1.00
2014.05.27 18:45:50.077,1.0833,1.08352,1.77,1.88
2014.05.27 18:45:50.432,1.08337,1.08346,1.00,1.00
2014.05.27 18:45:50.533,1.08337,1.08351,1.00,1.13
2014.05.27 18:45:51.047,1.08337,1.08351,1.00,1.38
2014.05.27 18:45:51.411,1.08334,1.08346,1.00,2.63
2014.05.27 18:45:51.462,1.08331,1.08346,1.29,2.63
2014.05.27 18:45:52.320,1.08332,1.08345,1.00,1.00
2014.05.27 18:45:52.826,1.08332,1.08346,1.00,1.13
2014.05.27 18:45:53.140,1.08327,1.08345,1.69,1.00
2014.05.27 18:45:53.666,1.08327,1.08346,1.69,2.63
2014.05.27 18:45:54.193,1.08327,1.08345,1.69,1.00
2014.05.27 18:45:54.786,1.08327,1.08346,1.69,2.63
2014.05.27 18:45:58.850,1.08327,1.08345,1.69,1.00
2014.05.27 18:45:59.848,1.08327,1.08345,1.19,1.00
2014.05.27 18:46:01.119,1.08327,1.08345,1.19,1.00
2014.05.27 18:46:01.935,1.08327,1.08346,1.19,1.13
2014.05.27 18:46:02.568,1.08327,1.08345,1.19,1.00
2014.05.27 18:46:03.174,1.08327,1.08346,1.19,2.63
2014.05.27 18:46:04.908,1.08327,1.08345,1.19,1.00
2014.05.27 18:46:06.204,1.08327,1.08346,1.19,1.13
2014.05.27 18:46:07.586,1.08329,1.08346,1.00,1.00
2014.05.27 18:46:08.089,1.08329,1.08345,1.00,1.00
2014.05.27 18:46:08.593,1.08327,1.08345,1.19,1.00
2014.05.27 18:46:09.134,1.08327,1.08346,1.19,1.50
2014.05.27 18:46:09.685,1.08327,1.08345,1.00,1.00
2014.05.27 18:46:10.284,1.08327,1.08346,1.00,1.00
2014.05.27 18:46:10.448,1.08327,1.08346,1.84,1.00
2014.05.27 18:46:10.553,1.08332,1.08355,1.25,1.00
2014.05.27 18:46:10.604,1.08334,1.08358,1.19,2.03
2014.05.27 18:46:11.163,1.08334,1.08358,1.19,2.03
2014.05.27 18:46:11.466,1.08334,1.08353,1.19,1.00
2014.05.27 18:46:11.737,1.08331,1.08353,1.19,1.38
2014.05.27 18:46:13.924,1.08329,1.08352,1.19,1.88
2014.05.27 18:46:15.314,1.08329,1.08351,1.19,1.88
2014.05.27 18:46:16.344,1.08329,1.08351,1.00,1.38
2014.05.27 18:46:16.395,1.08326,1.08348,1.19,1.38
2014.05.27 18:46:16.698,1.08326,1.08345,1.69,1.00
2014.05.27 18:46:17.205,1.08326,1.08346,1.69,1.50
2014.05.27 18:46:17.735,1.08326,1.08345,1.69,1.00
2014.05.27 18:46:18.374,1.08326,1.08346,1.69,1.00
2014.05.27 18:46:18.986,1.08326,1.08345,1.69,1.00
2014.05.27 18:46:19.291,1.08326,1.08345,1.69,1.00
2014.05.27 18:46:19.804,1.08326,1.08346,1.69,1.50
2014.05.27 18:46:21.254,1.08326,1.08345,1.69,1.00
2014.05.27 18:46:21.785,1.08326,1.08346,1.69,1.50
2014.05.27 18:46:22.356,1.08326,1.08345,1.69,1.00
2014.05.27 18:46:22.909,1.08326,1.08345,1.69,1.00
2014.05.27 18:46:23.788,1.08326,1.08345,1.69,1.00
2014.05.27 18:46:25.468,1.08326,1.08346,1.69,1.50
2014.05.27 18:46:26.175,1.08327,1.08345,1.25,1.00
2014.05.27 18:46:26.798,1.08327,1.08346,1.25,1.00
2014.05.27 18:46:28.407,1.08327,1.08346,1.19,1.00
2014.05.27 18:46:28.958,1.08327,1.08345,1.19,1.00
2014.05.27 18:46:29.654,1.08327,1.08345,1.19,1.00
2014.05.27 18:46:30.185,1.08327,1.08346,1.19,1.00
2014.05.27 18:46:32.917,1.08327,1.08345,1.19,1.00
2014.05.27 18:46:33.223,1.08327,1.08345,1.19,1.00
2014.05.27 18:46:36.284,1.08327,1.08345,1.19,1.00
2014.05.27 18:46:37.199,1.08327,1.08346,1.19,1.50
2014.05.27 18:46:37.715,1.08327,1.08346,1.19,1.13
2014.05.27 18:46:38.221,1.08327,1.08345,1.19,1.00
2014.05.27 18:46:41.497,1.08327,1.08346,1.19,1.13
2014.05.27 18:46:43.009,1.08327,1.08345,1.19,1.00
2014.05.27 18:46:43.524,1.08327,1.08346,1.19,1.13
2014.05.27 18:46:44.144,1.08327,1.08346,1.19,2.63
2014.05.27 18:46:44.806,1.08327,1.08345,1.19,1.00
2014.05.27 18:46:45.845,1.08327,1.08345,1.19,1.00
2014.05.27 18:46:47.981,1.08335,1.08345,1.00,1.00
2014.05.27 18:46:48.083,1.08333,1.08345,1.00,1.00
2014.05.27 18:46:48.134,1.0833,1.08345,1.25,1.00
2014.05.27 18:46:49.340,1.08327,1.08346,1.57,1.13
2014.05.27 18:46:49.897,1.08327,1.08345,1.57,1.00
2014.05.27 18:46:50.459,1.08327,1.08346,1.57,1.13
2014.05.27 18:46:51.075,1.08327,1.08346,1.57,1.13
2014.05.27 18:46:51.737,1.08327,1.08345,1.57,1.00
2014.05.27 18:46:52.855,1.08327,1.08346,1.57,1.13
2014.05.27 18:46:52.907,1.08333,1.08346,1.00,1.13
2014.05.27 18:46:53.008,1.08326,1.08345,2.14,1.00
2014.05.27 18:46:53.534,1.08331,1.08345,1.00,1.00
2014.05.27 18:46:53.891,1.08329,1.08346,1.00,2.63
2014.05.27 18:46:54.419,1.08329,1.08345,1.00,1.00
2014.05.27 18:46:54.671,1.08329,1.08346,1.19,1.00
2014.05.27 18:46:54.773,1.08331,1.08351,1.25,1.38
2014.05.27 18:46:55.707,1.08331,1.08351,1.69,1.38
2014.05.27 18:46:58.117,1.08332,1.08352,1.19,1.88
2014.05.27 18:47:02.342,1.08336,1.08352,1.00,1.88
2014.05.27 18:47:02.393,1.08336,1.08352,1.19,1.50
2014.05.27 18:47:02.697,1.08336,1.08356,1.19,1.50
2014.05.27 18:47:05.943,1.08335,1.08356,1.69,1.38
2014.05.27 18:47:06.743,1.08335,1.08356,1.69,1.00
2014.05.27 18:47:07.116,1.08335,1.08358,1.69,1.88
2014.05.27 18:47:11.331,1.08335,1.08357,1.69,1.13
2014.05.27 18:47:12.132,1.08335,1.08357,1.69,1.38
2014.05.27 18:47:12.740,1.08335,1.08357,1.69,1.38
2014.05.27 18:47:12.792,1.08335,1.08357,1.69,1.38
2014.05.27 18:47:13.096,1.08334,1.08352,1.00,1.00
2014.05.27 18:47:13.925,1.08334,1.08351,1.00,1.00
2014.05.27 18:47:14.686,1.08334,1.08352,1.13,1.00
2014.05.27 18:47:14.737,1.08334,1.08357,1.13,1.13
2014.05.27 18:47:14.838,1.08337,1.08357,1.00,1.13
2014.05.27 18:47:19.722,1.08337,1.08357,1.00,1.38
2014.05.27 18:47:20.233,1.08335,1.08358,1.69,1.88
2014.05.27 18:47:22.627,1.08335,1.08358,1.69,1.88
2014.05.27 18:47:23.448,1.08335,1.08356,1.69,1.38
2014.05.27 18:47:24.921,1.08335,1.08357,1.69,1.38
2014.05.27 18:47:28.677,1.08335,1.08357,1.69,1.38
2014.05.27 18:47:32.213,1.08335,1.08358,1.69,1.88
2014.05.27 18:47:33.730,1.08335,1.08358,1.50,1.88
2014.05.27 18:47:40.513,1.08335,1.08356,1.50,1.13
2014.05.27 18:47:41.652,1.08335,1.08357,1.69,1.38
2014.05.27 18:47:43.801,1.08335,1.08357,1.69,1.88
2014.05.27 18:47:45.143,1.08335,1.08357,1.69,1.88
2014.05.27 18:47:47.596,1.08335,1.08356,1.69,1.13
2014.05.27 18:47:49.080,1.08336,1.08357,1.25,1.38
2014.05.27 18:47:51.278,1.08336,1.08357,1.19,1.38
2014.05.27 18:47:52.721,1.08336,1.08357,1.19,1.88
2014.05.27 18:47:54.299,1.08336,1.08357,1.00,1.88
2014.05.27 18:47:59.806,1.08336,1.08357,1.00,1.38
2014.05.27 18:48:03.100,1.08336,1.08357,1.00,1.88
2014.05.27 18:48:03.354,1.08332,1.08345,1.00,1.38
2014.05.27 18:48:03.405,1.08328,1.08345,2.22,1.38
2014.05.27 18:48:03.935,1.08331,1.08345,1.50,1.38
2014.05.27 18:48:04.463,1.08332,1.08346,1.00,2.63
2014.05.27 18:48:08.565,1.08332,1.08345,1.00,1.00
2014.05.27 18:48:08.717,1.08333,1.08351,1.00,1.88
2014.05.27 18:48:08.819,1.08333,1.08351,1.50,1.38
2014.05.27 18:48:09.021,1.08329,1.08346,1.84,1.38
2014.05.27 18:48:09.072,1.08329,1.08346,1.84,1.38
2014.05.27 18:48:11.041,1.08329,1.08345,3.57,1.38
2014.05.27 18:48:11.092,1.08332,1.08345,1.25,1.00
2014.05.27 18:48:11.244,1.08332,1.08351,1.02,1.88
2014.05.27 18:48:11.346,1.08331,1.08352,1.37,1.88
2014.05.27 18:48:11.973,1.0833,1.08346,1.19,2.63
2014.05.27 18:48:15.184,1.0833,1.08344,1.19,1.13
2014.05.27 18:48:19.008,1.0833,1.08344,1.19,1.13
2014.05.27 18:48:19.211,1.08332,1.08351,1.50,1.13
2014.05.27 18:48:19.363,1.08332,1.08351,1.00,1.88
2014.05.27 18:48:19.666,1.0833,1.08344,1.25,1.38
2014.05.27 18:48:20.064,1.08333,1.08345,1.00,1.38
2014.05.27 18:48:20.115,1.08333,1.08345,1.00,1.00
2014.05.27 18:48:20.217,1.08333,1.08352,1.00,1.13
2014.05.27 18:48:20.369,1.08333,1.08351,1.00,1.38
2014.05.27 18:48:20.604,1.08333,1.08346,1.00,1.00
2014.05.27 18:48:20.707,1.08334,1.08357,1.00,1.88
2014.05.27 18:48:20.913,1.08334,1.08351,1.00,1.38
2014.05.27 18:48:21.119,1.08334,1.08347,1.00,1.00
2014.05.27 18:48:21.170,1.08332,1.08347,1.69,1.00
2014.05.27 18:48:21.221,1.08332,1.08351,1.69,1.00
2014.05.27 18:48:21.324,1.08332,1.08352,1.69,1.38
2014.05.27 18:48:22.126,1.08332,1.08347,2.44,1.00
2014.05.27 18:48:22.228,1.08332,1.08352,2.44,1.38
2014.05.27 18:48:22.329,1.08332,1.08352,1.69,1.38
2014.05.27 18:48:22.532,1.08332,1.08347,1.69,1.00
2014.05.27 18:48:22.735,1.08333,1.08352,1.69,1.13
2014.05.27 18:48:22.887,1.08333,1.08351,1.69,1.38
2014.05.27 18:48:23.678,1.08333,1.08347,1.19,1.00
2014.05.27 18:48:23.729,1.08333,1.08356,1.19,1.88
2014.05.27 18:48:23.881,1.08333,1.08352,1.19,1.38
2014.05.27 18:48:25.405,1.08329,1.08344,3.57,1.13
2014.05.27 18:48:28.715,1.08329,1.08345,3.57,1.38
2014.05.27 18:48:29.834,1.08328,1.08345,1.88,1.38
2014.05.27 18:48:30.189,1.08324,1.08348,1.69,1.38
2014.05.27 18:48:30.798,1.08323,1.08348,2.07,1.88
2014.05.27 18:48:42.261,1.08322,1.08342,2.07,1.38
2014.05.27 18:48:43.002,1.08322,1.08341,2.07,1.38
2014.05.27 18:48:43.663,1.08322,1.08342,2.07,1.38
2014.05.27 18:48:44.383,1.08322,1.08341,2.07,1.38
2014.05.27 18:48:45.842,1.08327,1.08341,1.00,1.00
2014.05.27 18:48:45.994,1.08327,1.08345,1.00,1.38
2014.05.27 18:48:46.096,1.08325,1.08345,1.25,1.38
2014.05.27 18:48:46.636,1.08326,1.08344,1.00,1.38
2014.05.27 18:48:47.106,1.08326,1.08344,1.19,1.38
2014.05.27 18:48:48.622,1.08325,1.08344,1.19,1.38
2014.05.27 18:48:51.971,1.08325,1.08345,1.25,1.38
2014.05.27 18:48:53.136,1.08325,1.08344,1.19,1.38
2014.05.27 18:48:54.240,1.08325,1.08345,1.19,1.38
2014.05.27 18:48:55.299,1.08325,1.08345,1.19,1.38
2014.05.27 18:48:56.559,1.08325,1.08344,1.25,1.38
2014.05.27 18:49:05.085,1.08325,1.08345,1.19,1.38
2014.05.27 18:49:06.333,1.08325,1.08344,1.25,1.38
2014.05.27 18:49:12.134,1.08325,1.08345,1.25,1.38
2014.05.27 18:49:14.496,1.08324,1.08344,1.32,1.13
2014.05.27 18:49:16.965,1.08324,1.08345,1.19,1.38
2014.05.27 18:49:19.076,1.08324,1.08344,1.32,1.13
2014.05.27 18:49:21.785,1.08324,1.08345,1.32,1.38
2014.05.27 18:49:28.399,1.08324,1.08345,1.19,1.38
2014.05.27 18:49:29.251,1.08324,1.08345,2.82,1.13
2014.05.27 18:49:29.912,1.08324,1.08344,1.19,1.00
2014.05.27 18:49:30.447,1.08324,1.08345,1.19,1.13
2014.05.27 18:49:31.747,1.08324,1.08344,1.32,1.00
2014.05.27 18:49:32.459,1.08324,1.08345,1.19,1.13
2014.05.27 18:49:33.117,1.08324,1.08345,1.19,1.13
2014.05.27 18:49:33.666,1.08324,1.08344,1.32,1.00
2014.05.27 18:49:34.172,1.08324,1.08345,1.32,1.13
2014.05.27 18:49:34.684,1.08324,1.08345,1.19,1.13
2014.05.27 18:49:35.729,1.08324,1.08345,1.19,1.13
2014.05.27 18:49:36.516,1.08324,1.08344,1.19,1.00
2014.05.27 18:49:37.363,1.08324,1.08345,1.32,1.00
2014.05.27 18:49:38.421,1.08324,1.08344,1.19,1.00
2014.05.27 18:49:39.544,1.08324,1.08344,1.19,1.00
2014.05.27 18:49:40.581,1.08324,1.08345,1.19,1.00
2014.05.27 18:49:41.087,1.08324,1.08344,1.19,1.00
2014.05.27 18:49:41.955,1.08324,1.08344,1.25,1.00
2014.05.27 18:49:42.784,1.08324,1.08345,1.25,1.00
2014.05.27 18:49:43.314,1.08325,1.08345,1.25,1.00
2014.05.27 18:49:43.859,1.08325,1.08344,1.25,1.00
2014.05.27 18:49:44.435,1.08325,1.08345,1.25,1.00
2014.05.27 18:49:45.054,1.08325,1.08344,1.25,1.00
2014.05.27 18:49:46.186,1.08325,1.08345,1.00,1.00
2014.05.27 18:49:47.255,1.08325,1.08344,1.25,1.00
2014.05.27 18:49:48.469,1.08325,1.08345,1.25,1.00
2014.05.27 18:49:49.105,1.08325,1.08344,1.25,1.00
2014.05.27 18:49:49.714,1.08325,1.08345,1.25,1.00
2014.05.27 18:49:50.253,1.08325,1.08345,1.19,1.00
2014.05.27 18:49:51.034,1.08325,1.08344,1.19,1.00
2014.05.27 18:49:51.694,1.08325,1.08345,1.25,1.00
2014.05.27 18:49:51.842,1.08327,1.08345,1.00,1.00
2014.05.27 18:49:51.994,1.08327,1.08348,1.00,1.00
2014.05.27 18:49:52.449,1.08334,1.08348,1.00,1.00
2014.05.27 18:49:52.754,1.08334,1.0835,1.19,1.00
2014.05.27 18:49:52.956,1.08334,1.08357,1.19,1.00
2014.05.27 18:49:53.462,1.08335,1.08356,1.19,1.00
2014.05.27 18:49:53.968,1.08335,1.08357,1.19,1.00
2014.05.27 18:49:54.514,1.08335,1.08357,1.19,1.00
2014.05.27 18:49:55.876,1.08338,1.08357,1.69,1.38
2014.05.27 18:49:56.350,1.08336,1.08352,1.69,1.38
2014.05.27 18:49:57.550,1.08336,1.08351,1.19,1.00
2014.05.27 18:49:58.806,1.08336,1.08352,1.19,1.00
2014.05.27 18:49:59.380,1.08337,1.08351,1.25,1.00
2014.05.27 18:49:59.912,1.08337,1.08351,1.19,1.00
2014.05.27 18:50:00.598,1.08337,1.08352,1.19,1.00
2014.05.27 18:50:02.317,1.08337,1.08351,1.19,1.00
2014.05.27 18:50:02.919,1.08337,1.08352,1.19,1.00
2014.05.27 18:50:03.960,1.08337,1.08351,1.19,1.00
2014.05.27 18:50:05.282,1.08337,1.08352,1.19,1.00
2014.05.27 18:50:07.409,1.08337,1.08352,1.00,1.00
2014.05.27 18:50:08.374,1.08337,1.08352,1.19,1.00
2014.05.27 18:50:09.679,1.08337,1.08352,1.25,1.00
2014.05.27 18:50:10.465,1.08337,1.08351,1.25,1.00
2014.05.27 18:50:11.175,1.08337,1.08352,1.25,1.00
2014.05.27 18:50:12.352,1.08337,1.08351,1.00,1.00
2014.05.27 18:50:13.205,1.08337,1.08352,1.00,1.00
2014.05.27 18:50:13.777,1.08337,1.08351,1.00,1.00
2014.05.27 18:50:14.379,1.08337,1.08352,1.00,1.00
2014.05.27 18:50:15.134,1.08337,1.08351,1.00,1.00
2014.05.27 18:50:15.669,1.08337,1.08352,1.00,1.00
2014.05.27 18:50:17.219,1.08337,1.08351,1.00,1.00
2014.05.27 18:50:17.776,1.08337,1.08352,1.00,1.00
2014.05.27 18:50:18.303,1.08335,1.08352,1.19,1.00
2014.05.27 18:50:19.033,1.08335,1.08351,1.19,1.00
2014.05.27 18:50:19.758,1.08335,1.08352,1.19,1.00
2014.05.27 18:50:21.795,1.08335,1.08351,1.19,1.00
2014.05.27 18:50:22.319,1.08335,1.08351,1.25,1.00
2014.05.27 18:50:22.960,1.08331,1.08346,1.27,1.50
2014.05.27 18:50:23.011,1.08331,1.08346,1.27,1.50
2014.05.27 18:50:23.215,1.08335,1.08346,1.00,1.00
2014.05.27 18:50:23.316,1.08333,1.08352,1.00,1.00
2014.05.27 18:50:23.823,1.08333,1.08351,1.00,1.00
2014.05.27 18:50:24.341,1.08333,1.08352,1.00,1.00
2014.05.27 18:50:24.876,1.08333,1.08352,1.19,1.00
2014.05.27 18:50:28.114,1.08331,1.08351,1.19,1.00
2014.05.27 18:50:28.673,1.08331,1.08352,1.19,1.00
2014.05.27 18:50:29.105,1.08331,1.08352,1.19,1.00
2014.05.27 18:50:31.153,1.08332,1.08351,1.25,1.00
2014.05.27 18:50:31.865,1.08332,1.08352,1.69,1.00
2014.05.27 18:50:32.635,1.08332,1.08351,1.50,1.00
2014.05.27 18:50:33.115,1.08332,1.08352,1.69,1.00
2014.05.27 18:50:33.625,1.08332,1.08351,1.69,1.13
2014.05.27 18:50:35.162,1.08332,1.08352,1.50,1.38
2014.05.27 18:50:35.687,1.08333,1.08352,1.00,1.38
2014.05.27 18:50:36.219,1.08333,1.08351,1.19,1.13
2014.05.27 18:50:37.344,1.08333,1.08351,1.19,1.13
2014.05.27 18:50:38.350,1.08333,1.08352,1.19,1.88
2014.05.27 18:50:40.641,1.08333,1.08352,1.19,1.50
2014.05.27 18:50:41.218,1.08333,1.08351,1.19,1.00
2014.05.27 18:50:43.299,1.08333,1.08352,1.19,1.00
2014.05.27 18:50:43.985,1.08333,1.08351,1.19,1.00
2014.05.27 18:50:44.528,1.08333,1.08351,1.19,1.00
2014.05.27 18:50:45.099,1.08333,1.08352,1.19,1.00
2014.05.27 18:50:46.214,1.08333,1.08351,1.19,1.00
2014.05.27 18:50:50.249,1.08333,1.08352,1.19,1.00
2014.05.27 18:50:51.348,1.08333,1.08351,1.19,1.00
2014.05.27 18:50:52.574,1.08333,1.08352,1.19,1.00
2014.05.27 18:50:53.100,1.08333,1.08351,1.19,1.00
2014.05.27 18:50:53.761,1.08333,1.08351,1.19,1.00
2014.05.27 18:50:54.470,1.08333,1.08351,1.19,1.00
2014.05.27 18:50:55.016,1.08333,1.08352,1.19,1.00
2014.05.27 18:50:55.529,1.08333,1.08352,1.19,1.00
2014.05.27 18:50:56.732,1.08333,1.08352,1.19,1.00
2014.05.27 18:50:57.538,1.08333,1.08351,1.19,1.00
2014.05.27 18:50:57.742,1.08333,1.08352,1.19,1.00
2014.05.27 18:50:58.293,1.08333,1.08351,1.19,1.00
2014.05.27 18:50:58.831,1.08333,1.08352,1.19,1.00
2014.05.27 18:50:59.390,1.08333,1.08351,1.19,1.00
2014.05.27 18:50:59.911,1.08333,1.08352,1.19,1.00
2014.05.27 18:51:00.924,1.08333,1.08352,1.19,1.38
2014.05.27 18:51:01.227,1.08332,1.08345,1.19,1.00
2014.05.27 18:51:01.380,1.08329,1.08345,1.32,1.00
2014.05.27 18:51:02.209,1.08327,1.08346,1.57,1.50
2014.05.27 18:51:03.219,1.08327,1.08345,1.57,1.00
2014.05.27 18:51:04.328,1.08327,1.08346,1.57,1.50
2014.05.27 18:51:06.772,1.08327,1.08346,1.57,1.00
2014.05.27 18:51:07.761,1.08327,1.08345,1.57,1.00
2014.05.27 18:51:07.863,1.08327,1.08347,1.57,1.50
2014.05.27 18:51:08.384,1.08327,1.08347,1.57,1.50
2014.05.27 18:51:08.964,1.08327,1.08346,1.57,1.00
2014.05.27 18:51:09.515,1.08327,1.08347,1.57,1.00
2014.05.27 18:51:10.173,1.08327,1.08346,1.57,1.00
2014.05.27 18:51:10.797,1.08327,1.08346,1.57,1.00
2014.05.27 18:51:11.485,1.08327,1.08347,1.57,1.00
2014.05.27 18:51:13.198,1.08327,1.08346,2.07,1.00
2014.05.27 18:51:15.616,1.08327,1.08346,2.07,1.00
2014.05.27 18:51:16.141,1.08327,1.08347,1.57,1.50
2014.05.27 18:51:16.692,1.08327,1.08346,1.19,1.00
2014.05.27 18:51:17.232,1.08327,1.08347,1.19,1.00
2014.05.27 18:51:18.200,1.08327,1.08346,1.19,1.00
2014.05.27 18:51:20.159,1.08327,1.08347,1.57,1.50
2014.05.27 18:51:20.880,1.08327,1.08346,1.57,1.00
2014.05.27 18:51:21.969,1.08327,1.08347,1.19,1.00
2014.05.27 18:51:22.660,1.08327,1.08346,1.19,1.00
2014.05.27 18:51:23.209,1.08327,1.08347,1.19,1.50
2014.05.27 18:51:25.382,1.08327,1.08346,1.19,1.00
2014.05.27 18:51:26.456,1.08327,1.08347,1.19,1.50
2014.05.27 18:51:27.119,1.08327,1.08347,1.19,1.00
2014.05.27 18:51:27.570,1.08327,1.08346,1.00,1.00
2014.05.27 18:51:28.906,1.08327,1.08347,1.00,1.00
2014.05.27 18:51:29.915,1.08328,1.08347,1.00,1.00
2014.05.27 18:51:30.834,1.08328,1.08346,1.00,1.00
2014.05.27 18:51:32.143,1.08328,1.08347,1.00,1.00
2014.05.27 18:51:32.646,1.08328,1.08346,1.00,1.00
2014.05.27 18:51:36.230,1.08328,1.08347,1.00,1.50
2014.05.27 18:51:36.763,1.08328,1.08346,1.00,1.00
2014.05.27 18:51:37.521,1.08328,1.08347,1.00,1.50
2014.05.27 18:51:38.027,1.08328,1.08346,1.00,1.00
2014.05.27 18:51:38.761,1.08328,1.08347,1.00,1.50
2014.05.27 18:51:39.370,1.08328,1.08346,1.00,1.50
2014.05.27 18:51:40.791,1.08328,1.08347,1.00,1.50
2014.05.27 18:51:43.215,1.08328,1.08346,1.00,1.00
2014.05.27 18:51:43.981,1.08328,1.08347,1.00,1.50
2014.05.27 18:51:44.492,1.08328,1.08346,1.00,1.50
2014.05.27 18:51:46.785,1.08328,1.08347,1.00,1.50
2014.05.27 18:51:47.488,1.08328,1.08346,1.00,1.00
2014.05.27 18:51:48.522,1.08328,1.08347,1.00,1.50
2014.05.27 18:51:50.603,1.08328,1.08346,1.00,1.00
2014.05.27 18:51:54.345,1.08328,1.08347,1.00,1.69
2014.05.27 18:51:56.587,1.08328,1.08346,1.00,1.00
2014.05.27 18:51:57.196,1.08328,1.08347,1.00,1.50
2014.05.27 18:51:57.289,1.08325,1.08347,1.69,1.50
2014.05.27 18:51:57.856,1.08325,1.08346,1.69,1.00
2014.05.27 18:52:00.548,1.08325,1.08347,1.50,1.50
2014.05.27 18:52:01.122,1.08325,1.08346,1.50,1.50
2014.05.27 18:52:04.709,1.08325,1.08347,1.50,1.50
2014.05.27 18:52:06.695,1.08325,1.08346,1.50,1.00
2014.05.27 18:52:07.736,1.08325,1.08347,1.50,1.50
2014.05.27 18:52:08.245,1.08325,1.08346,1.50,1.00
2014.05.27 18:52:11.961,1.08322,1.08347,1.69,2.07
2014.05.27 18:52:13.246,1.08322,1.08346,1.19,1.13
2014.05.27 18:52:14.503,1.08322,1.08347,1.19,1.88
2014.05.27 18:52:14.820,1.08322,1.08346,1.19,1.13
2014.05.27 18:52:15.795,1.08322,1.08347,1.19,1.88
2014.05.27 18:52:16.239,1.08322,1.08347,1.25,3.57
2014.05.27 18:52:16.341,1.08322,1.08338,1.00,1.00
2014.05.27 18:52:16.544,1.0832,1.08338,1.25,1.00
2014.05.27 18:52:16.747,1.0832,1.08336,1.69,1.00
2014.05.27 18:52:17.249,1.08317,1.08335,1.57,1.00
2014.05.27 18:52:17.806,1.08317,1.08334,1.57,1.00
2014.05.27 18:52:18.361,1.08321,1.08334,1.25,1.00
2014.05.27 18:52:18.463,1.08321,1.08341,1.25,1.50
2014.05.27 18:52:18.565,1.08321,1.08341,1.25,1.38
2014.05.27 18:52:18.869,1.0832,1.08334,1.19,1.00
2014.05.27 18:52:19.376,1.08318,1.08335,2.07,1.00
2014.05.27 18:52:19.981,1.08318,1.08334,1.32,1.00
2014.05.27 18:52:20.603,1.08318,1.08334,1.32,1.00
2014.05.27 18:52:21.306,1.08318,1.08335,1.57,1.00
2014.05.27 18:52:21.829,1.08318,1.08335,1.32,1.00
2014.05.27 18:52:22.876,1.08317,1.08335,1.74,1.00
2014.05.27 18:52:23.393,1.08317,1.08334,1.74,1.00
2014.05.27 18:52:26.524,1.08317,1.08335,1.74,1.00
2014.05.27 18:52:28.382,1.08319,1.08335,1.25,1.00
2014.05.27 18:52:28.898,1.08319,1.08334,1.32,1.00
2014.05.27 18:52:29.312,1.08322,1.08334,1.00,1.00
2014.05.27 18:52:29.464,1.08322,1.08337,1.00,1.00
2014.05.27 18:52:29.515,1.08322,1.08341,1.19,1.00
2014.05.27 18:52:30.192,1.08322,1.08342,1.19,1.50
2014.05.27 18:52:30.694,1.08322,1.08341,1.19,1.00
2014.05.27 18:52:31.459,1.08322,1.08342,1.19,1.50
2014.05.27 18:52:31.751,1.08322,1.08342,1.19,1.50
2014.05.27 18:52:32.298,1.08322,1.08341,1.69,1.00
2014.05.27 18:52:32.856,1.08322,1.08342,1.69,1.50
2014.05.27 18:52:34.358,1.08322,1.08342,1.69,1.50
2014.05.27 18:52:36.366,1.08322,1.08342,1.69,1.50
2014.05.27 18:52:37.152,1.08322,1.08341,1.69,1.00
2014.05.27 18:52:38.514,1.08322,1.08341,1.69,1.50
2014.05.27 18:52:40.079,1.08322,1.08341,1.69,1.00
2014.05.27 18:52:40.590,1.08322,1.08342,1.69,1.50
2014.05.27 18:52:41.101,1.08322,1.08341,1.69,1.00
2014.05.27 18:52:44.234,1.08322,1.08342,1.69,1.50
2014.05.27 18:52:44.752,1.08322,1.08342,1.69,1.50
2014.05.27 18:52:44.803,1.08322,1.08341,1.50,1.00
2014.05.27 18:52:45.310,1.08322,1.08341,1.58,1.50
2014.05.27 18:52:46.167,1.08322,1.08342,1.77,1.50
2014.05.27 18:52:46.907,1.08322,1.08342,1.77,1.50
2014.05.27 18:52:47.418,1.08322,1.08341,1.77,1.50
2014.05.27 18:52:48.148,1.08322,1.08341,1.77,1.50
2014.05.27 18:52:49.168,1.08322,1.08342,1.77,1.50
2014.05.27 18:52:49.695,1.08322,1.08341,1.77,1.00
2014.05.27 18:52:53.806,1.08322,1.08342,1.77,1.50
2014.05.27 18:52:54.318,1.08322,1.08341,2.52,1.00
2014.05.27 18:52:55.546,1.08322,1.08342,1.77,1.50
2014.05.27 18:52:56.298,1.08322,1.08341,1.77,1.00
2014.05.27 18:52:56.958,1.08322,1.08341,1.77,1.00
2014.05.27 18:52:57.913,1.08324,1.08342,1.19,1.50
2014.05.27 18:52:58.608,1.08324,1.08341,1.19,1.50
2014.05.27 18:53:00.715,1.08324,1.08342,1.19,1.50
2014.05.27 18:53:01.325,1.08324,1.08341,1.19,1.00
2014.05.27 18:53:01.911,1.08324,1.08342,1.19,1.50
2014.05.27 18:53:03.303,1.08324,1.08341,1.19,1.00
2014.05.27 18:53:03.586,1.08327,1.08342,1.00,1.50
2014.05.27 18:53:03.738,1.08327,1.08347,1.69,1.00
2014.05.27 18:53:03.789,1.08327,1.08351,2.44,1.95
2014.05.27 18:53:03.941,1.08327,1.08347,1.69,1.00
2014.05.27 18:53:04.554,1.08326,1.08348,1.19,1.00
2014.05.27 18:53:05.072,1.08326,1.08348,1.25,1.00
2014.05.27 18:53:05.465,1.08327,1.0835,1.25,1.00
2014.05.27 18:53:06.727,1.08327,1.0835,1.19,1.10
2014.05.27 18:53:07.711,1.08327,1.0835,1.19,1.00
2014.05.27 18:53:10.035,1.08327,1.0835,1.25,1.00
2014.05.27 18:53:11.235,1.08327,1.0835,1.19,1.00
2014.05.27 18:53:12.451,1.08327,1.0835,1.00,1.19
2014.05.27 18:53:12.603,1.08326,1.0835,1.69,1.57
2014.05.27 18:53:12.907,1.08326,1.08345,1.25,1.00
2014.05.27 18:53:13.467,1.08324,1.08346,1.25,1.00
2014.05.27 18:53:13.899,1.08324,1.08345,1.00,1.19
2014.05.27 18:53:14.987,1.08324,1.08346,1.00,3.57
2014.05.27 18:53:15.876,1.08324,1.08346,1.00,3.72
2014.05.27 18:53:16.434,1.08324,1.08346,1.00,1.72
2014.05.27 18:53:17.063,1.08324,1.08346,1.00,3.72
2014.05.27 18:53:17.586,1.08324,1.08346,1.00,3.57
2014.05.27 18:53:19.126,1.08324,1.08346,1.25,1.00
2014.05.27 18:53:19.699,1.08324,1.08345,1.00,1.00
2014.05.27 18:53:20.208,1.08324,1.08346,1.00,1.00
2014.05.27 18:53:21.564,1.08324,1.08345,1.00,1.00
2014.05.27 18:53:29.159,1.08324,1.08346,1.00,1.25
2014.05.27 18:53:30.037,1.08324,1.08345,1.00,1.00
2014.05.27 18:53:30.685,1.08324,1.08346,1.00,1.25
2014.05.27 18:53:31.295,1.08324,1.08345,1.00,1.00
2014.05.27 18:53:32.055,1.08324,1.08346,1.00,3.57
2014.05.27 18:53:32.615,1.08324,1.08345,1.00,1.00
2014.05.27 18:53:34.978,1.08324,1.08346,1.00,1.25
2014.05.27 18:53:35.085,1.08324,1.08344,1.25,1.00
2014.05.27 18:53:35.748,1.08324,1.08345,1.25,1.00
2014.05.27 18:53:37.898,1.08324,1.08344,1.00,1.00
2014.05.27 18:53:38.723,1.08324,1.08345,1.00,1.00
2014.05.27 18:53:39.227,1.08324,1.08344,1.00,1.00
2014.05.27 18:53:39.877,1.08324,1.08345,1.00,1.00
2014.05.27 18:53:41.395,1.08323,1.08345,1.69,1.00
2014.05.27 18:53:42.191,1.08323,1.08344,1.69,1.00
2014.05.27 18:53:44.780,1.08323,1.08344,1.69,1.00
2014.05.27 18:53:46.586,1.08323,1.08344,1.69,1.00
2014.05.27 18:53:47.337,1.08323,1.08345,1.69,1.00
2014.05.27 18:53:48.227,1.08323,1.08345,1.69,1.00
2014.05.27 18:53:49.154,1.08323,1.08344,1.69,1.00
2014.05.27 18:53:49.662,1.08323,1.08345,1.50,1.00
2014.05.27 18:53:50.310,1.08323,1.08344,1.50,1.00
2014.05.27 18:53:51.104,1.08323,1.08345,1.50,1.00
2014.05.27 18:53:52.290,1.08323,1.08344,1.50,1.00
2014.05.27 18:53:54.125,1.08323,1.08345,1.50,1.00
2014.05.27 18:53:55.271,1.08323,1.08344,1.50,1.00
2014.05.27 18:53:59.209,1.08323,1.08345,1.69,1.00
2014.05.27 18:54:00.215,1.08323,1.08344,1.50,1.00
2014.05.27 18:54:01.631,1.08323,1.08345,1.50,1.00
2014.05.27 18:54:02.244,1.08323,1.08344,1.69,1.00
2014.05.27 18:54:06.271,1.08323,1.08345,1.69,1.00
2014.05.27 18:54:06.947,1.08323,1.08345,1.69,1.00
2014.05.27 18:54:08.617,1.08323,1.08345,1.69,1.00
2014.05.27 18:54:09.827,1.08324,1.08345,1.00,1.00
2014.05.27 18:54:10.582,1.08324,1.08346,1.00,1.13
2014.05.27 18:54:15.664,1.08324,1.08345,1.00,1.00
2014.05.27 18:54:16.598,1.08324,1.08345,1.19,1.00
2014.05.27 18:54:17.380,1.08324,1.08346,1.19,3.75
2014.05.27 18:54:17.906,1.08324,1.08346,1.19,3.75
2014.05.27 18:54:18.438,1.08324,1.08345,1.19,1.00
2014.05.27 18:54:19.113,1.08324,1.08346,1.19,1.13
2014.05.27 18:54:19.835,1.08324,1.08345,1.19,1.00
2014.05.27 18:54:21.107,1.08324,1.08346,1.19,1.13
2014.05.27 18:54:22.684,1.08324,1.08346,1.25,1.13
2014.05.27 18:54:24.089,1.08324,1.08346,1.19,1.13
2014.05.27 18:54:24.558,1.08324,1.08345,1.00,1.38
2014.05.27 18:54:24.862,1.08322,1.08339,1.00,1.00
2014.05.27 18:54:25.383,1.08321,1.0834,1.00,1.00
2014.05.27 18:54:25.996,1.08321,1.08339,1.00,1.00
2014.05.27 18:54:26.503,1.08322,1.08339,1.00,1.00
2014.05.27 18:54:28.002,1.08322,1.0834,1.00,1.25
2014.05.27 18:54:28.514,1.08322,1.08339,1.00,1.00
2014.05.27 18:54:30.271,1.08322,1.0834,1.00,1.25
2014.05.27 18:54:30.858,1.08322,1.08339,1.00,1.00
2014.05.27 18:54:31.364,1.08326,1.08339,1.00,1.00
2014.05.27 18:54:31.466,1.08326,1.08342,1.00,1.50
2014.05.27 18:54:31.517,1.08326,1.08346,1.00,1.13
2014.05.27 18:54:31.618,1.08326,1.08347,1.00,2.25
2014.05.27 18:54:32.276,1.08326,1.08341,1.00,1.50
2014.05.27 18:54:32.399,1.08326,1.08346,1.00,1.00
2014.05.27 18:54:32.935,1.08326,1.08347,1.25,2.63
2014.05.27 18:54:33.407,1.08327,1.08345,1.00,1.00
2014.05.27 18:54:39.244,1.08327,1.08347,1.00,1.88
2014.05.27 18:54:42.161,1.08327,1.08347,1.00,1.88
2014.05.27 18:54:43.255,1.08326,1.08347,1.00,1.88
2014.05.27 18:54:43.824,1.08327,1.08347,1.00,1.88
2014.05.27 18:54:46.217,1.08327,1.08347,1.00,1.50
2014.05.27 18:54:46.679,1.08327,1.08345,1.00,1.00
2014.05.27 18:54:47.188,1.08327,1.08346,1.00,1.00
2014.05.27 18:54:50.511,1.08326,1.08345,1.19,1.00
2014.05.27 18:54:51.106,1.08326,1.08345,1.00,1.00
2014.05.27 18:54:51.628,1.08326,1.08346,1.00,1.50
2014.05.27 18:54:52.243,1.08326,1.08345,1.19,1.00
2014.05.27 18:54:53.242,1.08326,1.08346,1.19,1.00
2014.05.27 18:54:54.906,1.08326,1.08345,1.19,1.00
2014.05.27 18:54:55.489,1.08326,1.08346,1.19,1.00
2014.05.27 18:54:56.146,1.08326,1.08345,1.19,1.00
2014.05.27 18:54:56.691,1.08326,1.08346,1.00,1.00
2014.05.27 18:55:00.580,1.08326,1.08345,1.25,1.00
2014.05.27 18:55:01.089,1.08327,1.08346,1.00,1.00
2014.05.27 18:55:01.960,1.08327,1.08345,1.00,1.00
2014.05.27 18:55:02.477,1.08327,1.08346,1.00,1.50
2014.05.27 18:55:03.519,1.08327,1.08345,1.00,1.00
2014.05.27 18:55:06.218,1.08327,1.08346,1.00,1.00
2014.05.27 18:55:06.820,1.08327,1.08345,1.00,1.00
2014.05.27 18:55:07.826,1.08327,1.08346,1.00,1.00
2014.05.27 18:55:09.129,1.08327,1.08345,1.00,1.00
2014.05.27 18:55:10.150,1.08327,1.08346,1.00,1.00
2014.05.27 18:55:11.964,1.08327,1.08345,1.00,1.00
2014.05.27 18:55:13.219,1.08327,1.08346,1.00,1.00
2014.05.27 18:55:15.047,1.08327,1.08345,1.00,1.00
2014.05.27 18:55:16.217,1.08327,1.08346,1.00,1.00
2014.05.27 18:55:17.148,1.08324,1.08346,1.29,1.00
2014.05.27 18:55:17.452,1.08331,1.08346,1.00,1.00
2014.05.27 18:55:17.503,1.08328,1.08346,1.25,1.88
2014.05.27 18:55:17.959,1.08325,1.08345,1.69,1.00
2014.05.27 18:55:18.112,1.08327,1.08346,1.00,1.88
2014.05.27 18:55:18.618,1.08327,1.08345,1.00,1.00
2014.05.27 18:55:19.152,1.08327,1.08346,1.00,1.88
2014.05.27 18:55:19.698,1.08327,1.08345,1.00,1.00
2014.05.27 18:55:20.203,1.08327,1.08346,1.00,1.00
2014.05.27 18:55:20.961,1.08327,1.08345,1.00,1.00
2014.05.27 18:55:21.062,1.08323,1.08346,1.19,1.88
2014.05.27 18:55:21.576,1.08323,1.08345,1.19,1.00
2014.05.27 18:55:21.627,1.08326,1.08345,1.00,1.00
2014.05.27 18:55:21.830,1.08323,1.08345,1.19,1.00
2014.05.27 18:55:22.333,1.08323,1.08346,1.19,1.00
2014.05.27 18:55:22.897,1.08323,1.08345,1.19,1.00
2014.05.27 18:55:23.162,1.08327,1.08345,1.00,1.00
2014.05.27 18:55:23.367,1.08323,1.08345,1.19,1.00
2014.05.27 18:55:23.607,1.08326,1.08345,1.00,1.00
2014.05.27 18:55:24.164,1.08323,1.08346,1.19,3.38
2014.05.27 18:55:24.979,1.08323,1.08345,1.19,1.00
2014.05.27 18:55:25.489,1.08323,1.08346,1.19,1.88
2014.05.27 18:55:26.030,1.08327,1.08345,1.00,1.00
2014.05.27 18:55:26.534,1.08327,1.08346,1.00,1.88
2014.05.27 18:55:28.813,1.08327,1.08344,1.00,1.00
2014.05.27 18:55:30.170,1.08327,1.08345,1.00,1.00
2014.05.27 18:55:31.474,1.08327,1.08344,1.00,1.00
2014.05.27 18:55:35.215,1.08327,1.08345,1.00,1.00
2014.05.27 18:55:36.161,1.08327,1.08344,1.00,1.00
2014.05.27 18:55:36.729,1.08327,1.08345,1.00,1.00
2014.05.27 18:55:37.235,1.08327,1.08344,1.00,1.00
2014.05.27 18:55:39.276,1.08327,1.08345,1.00,1.00
2014.05.27 18:55:40.170,1.08327,1.08344,1.00,1.00
2014.05.27 18:55:41.161,1.08327,1.08345,1.00,1.00
2014.05.27 18:55:42.270,1.08327,1.08344,1.00,1.00
2014.05.27 18:55:44.800,1.08327,1.08345,1.00,1.00
2014.05.27 18:55:46.011,1.08327,1.08344,1.00,1.00
2014.05.27 18:55:46.631,1.08327,1.08345,1.00,1.00
2014.05.27 18:55:48.243,1.08327,1.08344,1.00,1.00
2014.05.27 18:55:49.262,1.08327,1.08345,1.00,1.00
2014.05.27 18:55:50.358,1.08331,1.08345,1.00,1.00
2014.05.27 18:55:50.510,1.08331,1.08349,1.00,1.38
2014.05.27 18:55:51.457,1.08331,1.0835,1.00,1.38
2014.05.27 18:55:52.370,1.08331,1.08351,1.00,1.38
2014.05.27 18:55:53.914,1.08331,1.08351,1.00,1.88
2014.05.27 18:55:56.725,1.08331,1.08352,1.00,3.75
2014.05.27 18:55:57.241,1.08331,1.08351,1.00,1.88
2014.05.27 18:55:57.878,1.08331,1.08351,1.00,1.38
2014.05.27 18:55:59.982,1.08331,1.08351,1.00,2.63
2014.05.27 18:56:00.541,1.08331,1.08351,1.00,1.38
2014.05.27 18:56:03.869,1.08331,1.0835,1.00,1.38
2014.05.27 18:56:05.485,1.08331,1.0835,1.00,1.38
2014.05.27 18:56:05.998,1.08331,1.08351,1.00,2.63
2014.05.27 18:56:06.193,1.08336,1.08351,1.00,2.63
2014.05.27 18:56:06.244,1.08336,1.08351,1.00,2.63
2014.05.27 18:56:07.575,1.08336,1.0835,1.00,1.00
2014.05.27 18:56:07.870,1.08332,1.0835,1.00,1.38
2014.05.27 18:56:07.972,1.08332,1.08345,1.00,1.00
2014.05.27 18:56:09.390,1.08332,1.08346,1.00,1.88
2014.05.27 18:56:10.053,1.08331,1.08349,1.00,1.38
2014.05.27 18:56:10.659,1.08331,1.08349,1.00,1.38
2014.05.27 18:56:11.057,1.08337,1.08349,1.00,1.38
2014.05.27 18:56:11.462,1.08337,1.08352,1.00,4.88
2014.05.27 18:56:12.092,1.08337,1.08351,1.00,3.38
2014.05.27 18:56:13.268,1.08337,1.08352,1.00,4.88
2014.05.27 18:56:13.770,1.08337,1.08351,1.00,2.63
2014.05.27 18:56:14.405,1.08337,1.08352,1.00,4.13
2014.05.27 18:56:15.166,1.08337,1.08351,1.00,2.63
2014.05.27 18:56:16.698,1.08337,1.08352,1.00,4.13
2014.05.27 18:56:18.087,1.08326,1.08349,2.52,1.00
2014.05.27 18:56:18.696,1.08326,1.08349,2.52,1.00
2014.05.27 18:56:20.726,1.08327,1.08348,1.19,1.00
2014.05.27 18:56:25.481,1.08329,1.08348,1.25,1.38
2014.05.27 18:56:26.137,1.08329,1.08344,1.25,1.00
2014.05.27 18:56:26.239,1.08329,1.08349,1.25,1.38
2014.05.27 18:56:26.948,1.08329,1.08349,1.25,1.38
2014.05.27 18:56:27.608,1.08326,1.08349,1.69,1.38
2014.05.27 18:56:28.491,1.08326,1.08349,1.69,1.38
2014.05.27 18:56:29.227,1.08326,1.08349,1.69,1.38
2014.05.27 18:56:29.604,1.08326,1.08349,1.69,1.38
2014.05.27 18:56:29.906,1.08326,1.08344,1.19,1.00
2014.05.27 18:56:30.704,1.08324,1.08344,2.44,1.00
2014.05.27 18:56:31.708,1.08324,1.08344,3.19,1.00
2014.05.27 18:56:33.014,1.08325,1.08344,1.19,1.00
2014.05.27 18:56:33.845,1.08325,1.08343,1.19,1.00
2014.05.27 18:56:34.047,1.08324,1.08343,1.00,1.00
2014.05.27 18:56:34.149,1.08323,1.08339,1.00,1.00
2014.05.27 18:56:34.201,1.08319,1.08339,1.50,1.00
2014.05.27 18:56:34.608,1.08316,1.08339,3.19,1.50
2014.05.27 18:56:34.811,1.08321,1.0834,1.00,1.25
2014.05.27 18:56:35.355,1.08321,1.08339,1.00,1.00
2014.05.27 18:56:35.860,1.08321,1.0834,1.00,1.00
2014.05.27 18:56:35.912,1.08317,1.08338,1.19,1.00
2014.05.27 18:56:36.176,1.08322,1.0834,1.00,1.00
2014.05.27 18:56:37.171,1.08322,1.08339,1.00,1.00
2014.05.27 18:56:37.979,1.08322,1.0834,1.00,1.00
2014.05.27 18:56:39.017,1.08322,1.08339,1.50,1.00
2014.05.27 18:56:39.118,1.08322,1.08343,1.00,1.38
2014.05.27 18:56:39.701,1.08322,1.08341,1.50,1.88
2014.05.27 18:56:40.090,1.08322,1.08339,1.00,1.00
2014.05.27 18:56:40.191,1.0832,1.08339,1.00,1.00
2014.05.27 18:56:40.293,1.08318,1.08339,1.50,1.00
2014.05.27 18:56:40.394,1.08322,1.0834,1.00,1.00
2014.05.27 18:56:41.160,1.08318,1.08338,1.50,1.00
2014.05.27 18:56:41.362,1.08321,1.08339,1.00,1.00
2014.05.27 18:56:41.666,1.08326,1.0834,1.00,1.00
2014.05.27 18:56:41.969,1.08327,1.08344,1.00,2.07
2014.05.27 18:56:42.481,1.08327,1.08345,1.00,1.57
2014.05.27 18:56:42.995,1.08327,1.08345,1.00,1.88
2014.05.27 18:56:43.755,1.08327,1.08345,1.00,1.88
2014.05.27 18:56:44.211,1.08321,1.08338,1.00,1.00
2014.05.27 18:56:44.718,1.08317,1.08338,1.69,1.00
2014.05.27 18:56:45.305,1.08317,1.08333,1.19,1.00
2014.05.27 18:56:45.678,1.08317,1.08339,1.19,1.50
2014.05.27 18:56:45.881,1.08317,1.08333,1.19,1.00
2014.05.27 18:56:46.684,1.08317,1.08333,1.19,1.00
2014.05.27 18:56:46.887,1.08317,1.08334,1.19,1.00
2014.05.27 18:56:47.888,1.08317,1.08334,1.00,1.00
2014.05.27 18:56:48.090,1.08317,1.08339,1.00,1.00
2014.05.27 18:56:48.394,1.08317,1.08334,1.00,1.00
2014.05.27 18:56:48.647,1.08317,1.08339,1.00,1.00
2014.05.27 18:56:50.897,1.08317,1.08339,1.19,1.50
2014.05.27 18:56:51.418,1.08317,1.08338,1.69,1.00
2014.05.27 18:56:55.818,1.08317,1.08338,1.69,1.00
2014.05.27 18:57:01.739,1.0832,1.08338,1.00,1.00
2014.05.27 18:57:01.840,1.08321,1.0834,1.69,1.00
2014.05.27 18:57:02.346,1.08321,1.08339,1.77,1.00
2014.05.27 18:57:02.950,1.08321,1.08339,1.77,1.00
2014.05.27 18:57:03.629,1.08321,1.0834,1.77,1.00
2014.05.27 18:57:04.463,1.08321,1.08339,1.77,1.00
2014.05.27 18:57:04.666,1.08324,1.0834,1.00,1.00
2014.05.27 18:57:05.208,1.08324,1.08339,1.00,1.00
2014.05.27 18:57:05.943,1.08321,1.08339,1.29,1.00
2014.05.27 18:57:06.605,1.08321,1.0834,1.29,1.00
2014.05.27 18:57:07.883,1.08321,1.0834,1.29,1.00
2014.05.27 18:57:08.506,1.08321,1.08339,1.19,1.00
2014.05.27 18:57:10.825,1.08321,1.0834,1.19,1.00
2014.05.27 18:57:12.980,1.08321,1.0834,1.19,1.00
2014.05.27 18:57:13.824,1.08321,1.08339,1.19,1.00
2014.05.27 18:57:14.330,1.08321,1.0834,1.19,1.00
2014.05.27 18:57:14.856,1.08321,1.08339,1.19,1.00
2014.05.27 18:57:15.404,1.08321,1.0834,1.25,1.00
2014.05.27 18:57:16.137,1.08321,1.08339,1.25,1.00
2014.05.27 18:57:16.695,1.08321,1.08339,1.19,1.00
2014.05.27 18:57:20.190,1.08321,1.0834,1.19,1.00
2014.05.27 18:57:20.715,1.08321,1.0834,1.19,1.00
2014.05.27 18:57:21.233,1.08321,1.08339,1.19,1.00
2014.05.27 18:57:23.845,1.08321,1.0834,1.19,1.00
2014.05.27 18:57:24.770,1.08321,1.08339,1.19,1.00
2014.05.27 18:57:25.276,1.08321,1.0834,1.19,1.00
2014.05.27 18:57:26.185,1.08321,1.08339,1.19,1.00
2014.05.27 18:57:26.388,1.08324,1.08342,1.00,1.00
2014.05.27 18:57:26.937,1.08324,1.08341,1.00,1.00
2014.05.27 18:57:27.735,1.08324,1.08342,1.00,1.00
2014.05.27 18:57:28.248,1.08324,1.08341,1.19,1.00
2014.05.27 18:57:28.754,1.08324,1.08342,1.19,1.00
2014.05.27 18:57:31.203,1.08324,1.08341,1.19,1.00
2014.05.27 18:57:33.094,1.08324,1.08342,1.19,1.00
2014.05.27 18:57:33.523,1.08324,1.0834,1.25,1.00
2014.05.27 18:57:35.236,1.08324,1.08341,1.25,1.50
2014.05.27 18:57:36.119,1.08324,1.0834,1.25,1.00
2014.05.27 18:57:37.379,1.08324,1.0834,1.19,1.00
2014.05.27 18:57:37.968,1.08324,1.08341,1.19,1.50
2014.05.27 18:57:38.986,1.08324,1.0834,1.19,1.00
2014.05.27 18:57:40.174,1.08324,1.08341,1.19,1.50
2014.05.27 18:57:40.477,1.08327,1.08345,1.00,1.00
2014.05.27 18:57:40.528,1.0833,1.08347,1.00,1.00
2014.05.27 18:57:40.732,1.08327,1.08348,1.00,1.00
2014.05.27 18:57:40.935,1.08332,1.08349,1.00,1.00
2014.05.27 18:57:41.137,1.08326,1.08349,1.69,1.00
2014.05.27 18:57:41.238,1.08328,1.08349,1.00,1.00
2014.05.27 18:57:41.896,1.08328,1.08348,1.25,1.00
2014.05.27 18:57:42.441,1.08328,1.08349,1.25,1.00
2014.05.27 18:57:43.802,1.08328,1.08348,1.00,1.00
2014.05.27 18:57:45.155,1.08328,1.08349,1.00,1.00
2014.05.27 18:57:45.559,1.0833,1.08348,1.25,1.00
2014.05.27 18:57:46.126,1.08331,1.08349,1.00,1.00
2014.05.27 18:57:46.881,1.08331,1.08348,1.00,1.00
2014.05.27 18:57:47.827,1.08328,1.08348,1.19,1.00
2014.05.27 18:57:48.530,1.08331,1.08348,1.00,1.00
2014.05.27 18:57:48.834,1.08337,1.08353,1.00,1.38
2014.05.27 18:57:49.357,1.08337,1.08353,1.00,1.38
2014.05.27 18:57:50.254,1.08337,1.08357,1.00,2.63
2014.05.27 18:57:50.356,1.08337,1.08357,1.00,3.00
2014.05.27 18:57:50.671,1.08337,1.08354,1.00,1.38
2014.05.27 18:57:50.982,1.08342,1.08353,1.00,1.00
2014.05.27 18:57:51.032,1.08342,1.08359,1.00,1.00
2014.05.27 18:57:51.134,1.08337,1.08356,1.25,1.00
2014.05.27 18:57:51.235,1.08337,1.08353,1.25,1.00
2014.05.27 18:57:51.438,1.08342,1.08359,1.00,1.00
2014.05.27 18:57:51.539,1.08342,1.08361,1.00,1.88
2014.05.27 18:57:53.130,1.08341,1.08364,1.00,1.65
2014.05.27 18:57:53.902,1.08342,1.08362,1.00,2.03
2014.05.27 18:57:54.437,1.08341,1.08361,1.00,1.95
2014.05.27 18:57:54.945,1.08342,1.08361,1.00,1.20
2014.05.27 18:57:55.450,1.08341,1.08361,1.00,1.95
2014.05.27 18:57:57.836,1.08342,1.08361,1.00,1.10
2014.05.27 18:57:58.343,1.08341,1.08361,1.00,1.95
2014.05.27 18:57:58.849,1.08342,1.08361,1.00,3.45
2014.05.27 18:57:59.296,1.08337,1.08359,1.69,1.00
2014.05.27 18:57:59.397,1.08337,1.08359,1.69,1.50
2014.05.27 18:57:59.701,1.08336,1.08347,1.00,1.00
2014.05.27 18:57:59.752,1.08336,1.08356,1.00,1.00
2014.05.27 18:57:59.853,1.08336,1.08357,1.69,1.38
2014.05.27 18:58:00.464,1.08337,1.08356,1.19,1.00
2014.05.27 18:58:00.616,1.08337,1.08353,1.19,1.00
2014.05.27 18:58:00.947,1.08341,1.08354,1.00,1.00
2014.05.27 18:58:01.005,1.08341,1.0836,1.00,1.00
2014.05.27 18:58:01.837,1.08336,1.08354,1.19,1.38
2014.05.27 18:58:01.989,1.08333,1.08348,1.19,1.00
2014.05.27 18:58:02.192,1.08342,1.08348,1.00,1.00
2014.05.27 18:58:02.243,1.08342,1.08352,1.00,1.00
2014.05.27 18:58:02.344,1.08342,1.08356,1.00,1.88
2014.05.27 18:58:02.395,1.08336,1.0836,1.19,1.38
2014.05.27 18:58:02.598,1.08342,1.08361,1.00,4.13
2014.05.27 18:58:03.155,1.08341,1.08361,1.00,2.63
2014.05.27 18:58:03.662,1.08341,1.08361,1.00,1.38
2014.05.27 18:58:03.814,1.08342,1.08361,1.00,3.00
2014.05.27 18:58:04.372,1.08341,1.08361,1.00,1.00
2014.05.27 18:58:05.342,1.08342,1.08361,1.00,2.25
2014.05.27 18:58:05.850,1.08341,1.08361,1.00,1.88
2014.05.27 18:58:06.377,1.08342,1.08361,1.00,1.00
2014.05.27 18:58:06.634,1.08342,1.08359,1.00,1.00
2014.05.27 18:58:07.145,1.08342,1.0836,1.00,1.00
2014.05.27 18:58:07.814,1.08342,1.08362,1.00,3.75
2014.05.27 18:58:07.919,1.08342,1.08359,1.00,1.00
2014.05.27 18:58:08.634,1.08342,1.0836,1.00,1.45
2014.05.27 18:58:08.685,1.08337,1.08358,1.00,2.03
2014.05.27 18:58:08.737,1.08337,1.08346,1.00,1.50
2014.05.27 18:58:08.942,1.08341,1.08353,1.00,1.00
2014.05.27 18:58:08.993,1.08341,1.08355,1.00,1.10
2014.05.27 18:58:09.094,1.08336,1.08355,1.19,1.00
2014.05.27 18:58:09.247,1.08336,1.08357,1.19,1.88
2014.05.27 18:58:09.298,1.08341,1.08357,1.00,1.88
2014.05.27 18:58:09.847,1.08342,1.0836,1.00,1.58
2014.05.27 18:58:10.354,1.08341,1.08359,1.00,1.38
2014.05.27 18:58:10.462,1.08341,1.0836,1.00,1.00
2014.05.27 18:58:11.078,1.08341,1.0836,1.00,1.38
2014.05.27 18:58:11.130,1.08337,1.08359,1.69,1.58
2014.05.27 18:58:11.333,1.08341,1.08347,1.00,1.00
2014.05.27 18:58:11.538,1.08342,1.08356,1.00,1.00
2014.05.27 18:58:11.691,1.08333,1.08356,1.69,2.63
2014.05.27 18:58:11.893,1.08336,1.08354,1.00,1.38
2014.05.27 18:58:12.400,1.08337,1.08352,1.00,1.13
2014.05.27 18:58:12.885,1.08332,1.08352,1.00,1.38
2014.05.27 18:58:13.442,1.08331,1.08352,1.50,1.38
2014.05.27 18:58:13.595,1.08331,1.08352,1.50,1.50
2014.05.27 18:58:14.002,1.08332,1.08353,1.00,1.38
2014.05.27 18:58:14.157,1.08332,1.08353,1.00,1.75
2014.05.27 18:58:14.464,1.08331,1.08345,1.00,1.00
2014.05.27 18:58:14.547,1.08331,1.08347,1.00,1.00
2014.05.27 18:58:14.801,1.08331,1.08345,1.00,1.00
2014.05.27 18:58:15.306,1.08332,1.08345,1.00,1.00
2014.05.27 18:58:15.508,1.08332,1.08351,1.50,1.88
2014.05.27 18:58:15.559,1.08332,1.08351,1.50,2.25
2014.05.27 18:58:15.863,1.08332,1.08345,1.00,1.00
2014.05.27 18:58:16.014,1.08332,1.08347,1.00,1.00
2014.05.27 18:58:16.065,1.08337,1.08347,1.00,1.00
2014.05.27 18:58:16.217,1.08337,1.08352,1.00,1.00
2014.05.27 18:58:16.318,1.08337,1.08353,1.00,1.38
2014.05.27 18:58:16.373,1.08332,1.08353,1.10,1.38
2014.05.27 18:58:16.424,1.08332,1.08345,1.10,1.00
2014.05.27 18:58:16.728,1.08336,1.08353,1.00,1.00
2014.05.27 18:58:16.829,1.08331,1.08353,2.40,1.00
2014.05.27 18:58:16.880,1.08331,1.08353,2.40,1.38
2014.05.27 18:58:17.183,1.08336,1.08345,1.00,1.00
2014.05.27 18:58:17.335,1.08336,1.08353,1.00,1.75
2014.05.27 18:58:17.386,1.08332,1.08353,1.00,1.75
2014.05.27 18:58:17.436,1.08332,1.08345,1.00,1.00
2014.05.27 18:58:17.739,1.08332,1.08355,1.00,1.00
2014.05.27 18:58:17.891,1.08332,1.08356,1.00,3.75
2014.05.27 18:58:18.195,1.08331,1.0834,1.00,1.00
2014.05.27 18:58:18.448,1.08337,1.08347,1.00,1.00
2014.05.27 18:58:18.499,1.08337,1.08351,1.00,1.13
2014.05.27 18:58:18.600,1.08332,1.08353,1.25,1.00
2014.05.27 18:58:18.651,1.08332,1.08346,1.25,1.00
2014.05.27 18:58:18.961,1.08331,1.08352,1.19,1.00
2014.05.27 18:58:19.113,1.08331,1.08353,1.19,1.38
2014.05.27 18:58:19.165,1.0833,1.08352,1.58,1.50
2014.05.27 18:58:19.317,1.0833,1.08346,1.00,1.00
2014.05.27 18:58:19.368,1.08332,1.08346,1.00,1.00
2014.05.27 18:58:19.469,1.08332,1.08351,1.00,2.25
2014.05.27 18:58:19.722,1.08332,1.08346,1.00,1.00
2014.05.27 18:58:20.026,1.08336,1.08351,1.00,1.88
2014.05.27 18:58:20.077,1.08336,1.08356,1.00,1.50
2014.05.27 18:58:20.128,1.08334,1.08357,1.00,1.75
2014.05.27 18:58:20.365,1.08336,1.08352,1.00,1.00
2014.05.27 18:58:20.894,1.08336,1.08357,1.00,1.88
2014.05.27 18:58:20.947,1.08337,1.0836,1.00,1.00
2014.05.27 18:58:21.049,1.08337,1.0836,1.00,1.75
2014.05.27 18:58:21.353,1.08337,1.08352,1.00,1.00
2014.05.27 18:58:21.555,1.08335,1.08353,1.25,1.00
2014.05.27 18:58:21.707,1.08335,1.08356,1.25,1.88
2014.05.27 18:58:21.865,1.08335,1.08353,1.25,1.00
2014.05.27 18:58:21.966,1.08336,1.08359,1.00,1.38
2014.05.27 18:58:22.101,1.08337,1.08359,1.00,1.75
2014.05.27 18:58:22.455,1.08337,1.08356,1.00,1.88
2014.05.27 18:58:22.759,1.08337,1.08353,1.00,1.00
2014.05.27 18:58:22.961,1.08337,1.08355,1.00,1.00
2014.05.27 18:58:23.214,1.08337,1.08357,1.00,1.13
2014.05.27 18:58:23.853,1.08336,1.08359,1.00,1.38
2014.05.27 18:58:25.180,1.08336,1.08359,1.08,1.38
2014.05.27 18:58:25.281,1.08338,1.0836,2.25,1.00
2014.05.27 18:58:25.382,1.08341,1.0836,1.00,1.00
2014.05.27 18:58:26.081,1.08341,1.08361,1.58,1.00
2014.05.27 18:58:26.803,1.08341,1.0836,1.58,1.00
2014.05.27 18:58:27.345,1.08341,1.08361,1.58,3.38
2014.05.27 18:58:29.670,1.08341,1.0836,1.58,1.00
2014.05.27 18:58:30.511,1.08341,1.08361,1.50,1.00
2014.05.27 18:58:30.814,1.08341,1.08352,1.25,1.00
2014.05.27 18:58:31.017,1.08342,1.08361,1.00,3.38
2014.05.27 18:58:31.600,1.08341,1.0836,1.25,1.00
2014.05.27 18:58:31.853,1.08341,1.08362,1.00,2.63
2014.05.27 18:58:32.437,1.08341,1.08361,1.00,2.63
2014.05.27 18:58:33.735,1.08341,1.08362,1.00,2.63
2014.05.27 18:58:35.179,1.08341,1.08361,1.00,2.63
2014.05.27 18:58:35.737,1.08341,1.08362,1.00,2.63
2014.05.27 18:58:36.294,1.08341,1.08361,1.00,2.63
2014.05.27 18:58:40.156,1.08341,1.08362,1.25,2.63
2014.05.27 18:58:40.688,1.08341,1.08361,1.25,2.63
2014.05.27 18:58:41.302,1.08341,1.08362,1.25,2.63
2014.05.27 18:58:42.009,1.08341,1.08361,1.25,2.63
2014.05.27 18:58:45.201,1.08342,1.08361,1.00,1.13
2014.05.27 18:58:45.958,1.08347,1.08362,1.00,1.13
2014.05.27 18:58:46.699,1.08347,1.08365,1.00,1.38
2014.05.27 18:58:47.067,1.08351,1.08365,1.00,1.38
2014.05.27 18:58:47.421,1.08346,1.08366,1.19,1.88
2014.05.27 18:58:47.624,1.08351,1.08366,1.00,2.63
2014.05.27 18:58:47.725,1.08351,1.08367,1.00,1.88
2014.05.27 18:58:47.842,1.08346,1.08367,1.19,1.88
2014.05.27 18:58:48.614,1.08346,1.08366,1.19,1.88
2014.05.27 18:58:48.792,1.08346,1.08366,1.19,2.25
2014.05.27 18:58:48.893,1.08347,1.08366,1.00,2.25
2014.05.27 18:58:49.400,1.08343,1.08361,1.69,1.88
2014.05.27 18:58:49.957,1.08343,1.08367,1.69,2.63
2014.05.27 18:58:50.468,1.08343,1.08362,1.50,1.50
2014.05.27 18:58:50.620,1.08346,1.08361,1.00,1.13
2014.05.27 18:58:50.773,1.08346,1.08366,1.00,1.88
2014.05.27 18:58:50.824,1.08343,1.08366,1.77,1.88
2014.05.27 18:58:50.976,1.08343,1.08367,1.77,3.00
2014.05.27 18:58:51.476,1.08343,1.08367,1.77,3.00
2014.05.27 18:58:51.577,1.08346,1.08366,1.00,2.63
2014.05.27 18:58:51.883,1.08346,1.08362,1.00,1.13
2014.05.27 18:58:52.339,1.08343,1.08367,1.77,2.25
2014.05.27 18:58:52.592,1.08347,1.08367,1.00,3.00
2014.05.27 18:58:53.101,1.08347,1.08367,1.00,2.25
2014.05.27 18:58:53.152,1.08343,1.08361,1.77,1.00
2014.05.27 18:58:53.558,1.08341,1.08363,1.00,1.38
2014.05.27 18:58:54.215,1.08341,1.08361,1.00,1.13
2014.05.27 18:58:54.570,1.08341,1.08363,1.15,1.38
2014.05.27 18:58:55.042,1.08341,1.08363,1.15,1.00
2014.05.27 18:58:55.678,1.08341,1.08366,1.84,2.63
2014.05.27 18:58:57.247,1.08341,1.08367,1.84,3.38
2014.05.27 18:58:57.856,1.08341,1.08366,1.84,1.13
2014.05.27 18:58:58.407,1.08341,1.08366,1.84,1.13
2014.05.27 18:58:59.154,1.08341,1.08367,1.84,1.88
2014.05.27 18:59:00.202,1.08341,1.08366,1.84,1.13
2014.05.27 18:59:00.712,1.08344,1.08366,1.40,1.13
2014.05.27 18:59:01.223,1.08344,1.08367,1.40,1.13
2014.05.27 18:59:01.815,1.08344,1.08366,1.40,1.13
2014.05.27 18:59:02.222,1.08344,1.08366,2.59,1.13
2014.05.27 18:59:02.477,1.08349,1.08372,1.65,2.63
2014.05.27 18:59:02.580,1.08349,1.08371,1.65,3.00
2014.05.27 18:59:02.682,1.08347,1.08367,1.00,1.13
2014.05.27 18:59:03.381,1.08347,1.08366,1.00,1.13
2014.05.27 18:59:03.482,1.08344,1.08367,1.25,2.63
2014.05.27 18:59:03.533,1.08344,1.08364,1.25,1.00
2014.05.27 18:59:03.849,1.08344,1.08367,1.25,2.63
2014.05.27 18:59:04.406,1.08343,1.08366,1.34,1.13
2014.05.27 18:59:04.968,1.08343,1.08367,1.34,1.13
2014.05.27 18:59:05.480,1.08343,1.08366,1.34,1.13
2014.05.27 18:59:06.208,1.08345,1.08366,1.09,1.13
2014.05.27 18:59:06.803,1.08345,1.08367,1.40,1.13
2014.05.27 18:59:07.681,1.08345,1.08366,1.40,1.13
2014.05.27 18:59:08.183,1.08349,1.08366,1.00,1.13
2014.05.27 18:59:08.487,1.08349,1.08369,1.18,1.00
2014.05.27 18:59:08.538,1.08349,1.08369,1.10,1.38
2014.05.27 18:59:09.243,1.08349,1.08369,1.00,1.38
2014.05.27 18:59:09.547,1.08349,1.08371,1.10,1.88
2014.05.27 18:59:09.750,1.08349,1.08372,1.00,1.88
2014.05.27 18:59:10.170,1.08349,1.08373,1.50,1.38
2014.05.27 18:59:10.322,1.0835,1.08373,1.08,1.38
2014.05.27 18:59:10.474,1.0835,1.08372,1.00,1.88
2014.05.27 18:59:10.525,1.08348,1.08372,1.00,1.88
2014.05.27 18:59:10.576,1.08348,1.08372,1.00,2.25
2014.05.27 18:59:10.890,1.08346,1.08366,1.69,1.13
2014.05.27 18:59:11.407,1.08346,1.08367,1.00,1.13
2014.05.27 18:59:11.508,1.08343,1.08366,1.50,2.63
2014.05.27 18:59:12.183,1.08343,1.08366,1.58,2.63
2014.05.27 18:59:12.487,1.08347,1.08367,1.00,1.13
2014.05.27 18:59:13.094,1.08345,1.08367,1.25,1.13
2014.05.27 18:59:13.754,1.08345,1.08366,1.00,1.13
2014.05.27 18:59:14.286,1.08345,1.08366,1.15,1.13
2014.05.27 18:59:14.387,1.08349,1.08367,1.00,1.13
2014.05.27 18:59:14.691,1.08351,1.08371,1.00,1.88
2014.05.27 18:59:14.743,1.08347,1.08371,2.25,1.88
2014.05.27 18:59:16.106,1.08347,1.08367,1.50,1.13
2014.05.27 18:59:16.619,1.08347,1.08366,2.25,1.13
2014.05.27 18:59:17.151,1.08347,1.08372,2.25,2.63
2014.05.27 18:59:17.690,1.08347,1.08372,2.40,2.63
2014.05.27 18:59:18.216,1.08347,1.08372,2.44,1.13
2014.05.27 18:59:18.318,1.08348,1.08373,1.15,2.63
2014.05.27 18:59:18.621,1.08347,1.08367,1.69,1.00
2014.05.27 18:59:19.146,1.08347,1.08366,1.50,1.00
2014.05.27 18:59:19.689,1.08347,1.08367,1.50,1.00
2014.05.27 18:59:19.993,1.0835,1.08367,1.00,1.00
2014.05.27 18:59:20.539,1.0835,1.08367,1.15,1.00
2014.05.27 18:59:20.742,1.08348,1.08367,1.58,1.00
2014.05.27 18:59:21.351,1.08348,1.08366,1.00,1.13
2014.05.27 18:59:21.968,1.08348,1.08367,1.00,1.13
2014.05.27 18:59:22.486,1.08344,1.08366,1.10,1.13
2014.05.27 18:59:22.741,1.08346,1.08366,1.50,1.13
2014.05.27 18:59:23.262,1.08346,1.08367,1.50,1.13
2014.05.27 18:59:23.877,1.08346,1.08366,1.50,1.13
2014.05.27 18:59:24.569,1.08346,1.08367,1.50,1.13
2014.05.27 18:59:25.183,1.08346,1.08366,1.50,1.13
2014.05.27 18:59:25.923,1.08346,1.08367,1.50,1.13
2014.05.27 18:59:26.344,1.08344,1.08367,1.40,1.38
2014.05.27 18:59:26.496,1.08344,1.08361,1.02,1.00
2014.05.27 18:59:26.749,1.08344,1.08365,1.02,1.00
2014.05.27 18:59:26.859,1.08347,1.08365,1.00,1.00
2014.05.27 18:59:27.062,1.08347,1.08371,1.00,2.63
2014.05.27 18:59:27.112,1.08347,1.08371,1.19,2.63
2014.05.27 18:59:27.467,1.08348,1.08372,1.00,3.38
2014.05.27 18:59:27.771,1.08348,1.08371,1.00,2.63
2014.05.27 18:59:28.276,1.08349,1.08369,1.10,1.00
2014.05.27 18:59:28.327,1.08349,1.08371,1.02,1.13
2014.05.27 18:59:28.836,1.08349,1.08372,1.02,1.13
2014.05.27 18:59:28.939,1.08349,1.08372,1.40,1.13
2014.05.27 18:59:29.243,1.08348,1.08367,1.00,1.13
2014.05.27 18:59:29.616,1.08344,1.08367,1.00,1.13
2014.05.27 18:59:30.154,1.08344,1.08366,1.00,1.13
2014.05.27 18:59:30.205,1.08347,1.08367,1.10,1.00
2014.05.27 18:59:30.510,1.08347,1.08361,1.00,1.00
2014.05.27 18:59:30.611,1.08345,1.08361,1.00,1.00
2014.05.27 18:59:30.814,1.08345,1.08365,1.00,1.00
2014.05.27 18:59:31.364,1.08345,1.08366,1.00,1.13
2014.05.27 18:59:32.138,1.08345,1.08369,1.00,1.88
2014.05.27 18:59:32.951,1.08347,1.08369,1.00,1.38
2014.05.27 18:59:33.255,1.08344,1.08361,1.25,1.00
2014.05.27 18:59:33.566,1.08343,1.08366,1.00,1.00
2014.05.27 18:59:34.144,1.08343,1.08368,1.00,1.00
2014.05.27 18:59:34.298,1.08343,1.08368,1.00,1.38
2014.05.27 18:59:34.701,1.08346,1.08368,1.00,1.38
2014.05.27 18:59:35.287,1.08346,1.08368,1.50,1.38
2014.05.27 18:59:35.852,1.08346,1.08368,1.50,1.38
2014.05.27 18:59:36.345,1.08346,1.08368,1.50,1.00
2014.05.27 18:59:36.396,1.08346,1.08371,2.25,3.38
2014.05.27 18:59:36.498,1.08346,1.08371,2.25,2.63
2014.05.27 18:59:36.802,1.08346,1.08371,2.52,1.38
2014.05.27 18:59:37.056,1.08346,1.08368,1.58,1.38
2014.05.27 18:59:37.513,1.08346,1.08362,1.58,1.00
2014.05.27 18:59:37.717,1.08345,1.08367,1.18,1.38
2014.05.27 18:59:37.993,1.08347,1.08369,1.00,1.00
2014.05.27 18:59:38.124,1.08347,1.08371,1.00,2.63
2014.05.27 18:59:38.176,1.08349,1.08369,1.00,1.00
2014.05.27 18:59:38.379,1.08349,1.08372,1.65,1.00
2014.05.27 18:59:38.582,1.08349,1.08369,1.20,1.00
2014.05.27 18:59:38.785,1.08349,1.08372,1.00,1.13
2014.05.27 18:59:38.886,1.08347,1.08372,1.50,1.38
2014.05.27 18:59:40.135,1.08347,1.08372,1.50,2.63
2014.05.27 18:59:40.186,1.08349,1.08372,1.50,2.63
2014.05.27 18:59:40.491,1.08352,1.08374,1.00,1.38
2014.05.27 18:59:40.794,1.08352,1.08368,1.00,1.00
2014.05.27 18:59:40.896,1.08352,1.08371,1.00,1.88
2014.05.27 18:59:40.947,1.08349,1.08371,1.00,1.88
2014.05.27 18:59:40.998,1.08349,1.08371,1.00,1.88
2014.05.27 18:59:41.099,1.08349,1.08371,1.00,1.88
2014.05.27 18:59:41.353,1.08351,1.08371,1.00,1.88
2014.05.27 18:59:41.656,1.08349,1.08369,1.00,1.00
2014.05.27 18:59:41.984,1.08349,1.08371,1.00,1.88
2014.05.27 18:59:42.245,1.0835,1.08372,1.18,1.13
2014.05.27 18:59:42.751,1.08351,1.08374,1.00,1.38
2014.05.27 18:59:43.254,1.0835,1.08373,1.10,1.38
2014.05.27 18:59:43.773,1.0835,1.08373,1.02,1.38
2014.05.27 18:59:44.218,1.08352,1.08373,1.00,1.38
2014.05.27 18:59:44.765,1.08351,1.08374,1.25,1.50
2014.05.27 18:59:45.298,1.0835,1.08374,1.29,2.25
2014.05.27 18:59:45.829,1.0835,1.08374,1.29,2.25
2014.05.27 18:59:45.912,1.0835,1.08374,1.29,1.88
2014.05.27 18:59:47.926,1.0835,1.08374,1.29,1.50
2014.05.27 18:59:49.949,1.0835,1.08374,1.27,1.88
2014.05.27 18:59:50.102,1.0835,1.08374,1.00,1.88
2014.05.27 18:59:50.153,1.0835,1.08374,1.08,1.50
2014.05.27 18:59:50.458,1.08347,1.08364,1.00,1.00
2014.05.27 18:59:50.610,1.08347,1.08367,1.00,1.88
2014.05.27 18:59:50.661,1.08347,1.08369,1.00,1.50
2014.05.27 18:59:50.922,1.08352,1.08369,1.00,1.50
2014.05.27 18:59:51.175,1.08347,1.08368,1.00,1.38
2014.05.27 18:59:51.531,1.08346,1.0837,1.65,1.00
2014.05.27 18:59:51.582,1.08352,1.08371,1.00,1.50
2014.05.27 18:59:51.840,1.08347,1.08371,1.65,1.88
2014.05.27 18:59:52.145,1.08352,1.0837,1.00,1.38
2014.05.27 18:59:52.195,1.08352,1.0837,1.00,1.50
2014.05.27 18:59:52.550,1.08352,1.08371,1.00,1.38
2014.05.27 18:59:52.854,1.08357,1.08374,1.00,1.38
2014.05.27 18:59:52.904,1.08352,1.08374,1.00,1.38
2014.05.27 18:59:52.955,1.08352,1.08371,1.00,1.88
2014.05.27 18:59:53.158,1.0835,1.08372,1.00,1.88
2014.05.27 18:59:53.259,1.0835,1.08371,1.00,1.88
2014.05.27 18:59:53.361,1.08352,1.08371,1.00,1.88
2014.05.27 18:59:53.462,1.08352,1.08372,1.00,1.88
2014.05.27 18:59:53.564,1.0835,1.08372,1.00,1.88
2014.05.27 18:59:53.969,1.08344,1.08369,1.18,1.38
2014.05.27 18:59:54.222,1.08344,1.08369,1.15,1.00
2014.05.27 18:59:54.341,1.08352,1.08369,1.00,1.00
2014.05.27 18:59:54.392,1.08352,1.08371,1.00,4.13
2014.05.27 18:59:54.894,1.08347,1.08371,1.15,1.00
2014.05.27 18:59:55.260,1.08348,1.08373,1.15,1.00
