2015.04.22 10:00:04.592,1.0088,1.00903,1.00,1.00
2015.04.22 10:00:09.609,1.0088,1.00903,1.37,1.00
2015.04.22 10:00:12.827,1.0088,1.00903,1.00,1.00
2015.04.22 10:00:13.332,1.0088,1.00902,1.00,1.00
2015.04.22 10:00:14.753,1.0088,1.00903,1.00,1.50
2015.04.22 10:00:15.319,1.0088,1.00903,1.47,1.00
2015.04.22 10:00:22.586,1.0088,1.00903,1.52,1.00
2015.04.22 10:00:22.737,1.00883,1.00906,1.17,1.00
2015.04.22 10:00:23.241,1.00883,1.00906,1.55,1.00
2015.04.22 10:00:25.485,1.00883,1.00906,1.00,1.00
2015.04.22 10:00:30.392,1.00883,1.00904,1.00,1.20
2015.04.22 10:00:30.442,1.0088,1.00903,1.00,1.00
2015.04.22 10:00:47.378,1.0088,1.00903,1.47,1.00
2015.04.22 10:00:49.770,1.0088,1.00903,1.10,1.00
2015.04.22 10:00:58.416,1.0088,1.00902,1.00,1.00
2015.04.22 10:00:58.922,1.0088,1.00903,1.00,1.10
2015.04.22 10:00:59.074,1.00877,1.009,1.00,1.00
2015.04.22 10:01:04.303,1.00877,1.009,1.00,1.15
2015.04.22 10:01:04.757,1.00873,1.00898,1.00,1.65
2015.04.22 10:01:09.107,1.00873,1.00898,1.10,1.00
2015.04.22 10:01:09.208,1.00874,1.00898,1.15,1.00
2015.04.22 10:01:09.511,1.00877,1.009,1.10,1.00
2015.04.22 10:01:09.612,1.00877,1.009,1.47,1.00
2015.04.22 10:01:10.368,1.00877,1.009,1.47,1.00
2015.04.22 10:01:10.718,1.00877,1.009,1.47,1.00
2015.04.22 10:01:11.658,1.00877,1.009,1.47,1.00
2015.04.22 10:01:16.651,1.0088,1.00903,1.00,1.00
2015.04.22 10:01:41.438,1.0088,1.009,1.00,1.00
2015.04.22 10:01:41.589,1.00877,1.009,1.00,1.50
2015.04.22 10:01:44.349,1.0088,1.00903,1.00,1.00
2015.04.22 10:01:48.008,1.0088,1.00903,1.00,1.17
2015.04.22 10:01:48.311,1.00877,1.009,1.00,1.15
2015.04.22 10:01:48.690,1.00877,1.009,1.00,1.00
2015.04.22 10:01:50.204,1.00879,1.00904,1.00,1.50
2015.04.22 10:01:50.710,1.00879,1.00903,1.00,1.07
2015.04.22 10:01:51.271,1.00877,1.009,1.00,1.00
2015.04.22 10:01:56.908,1.00879,1.00904,1.00,1.00
2015.04.22 10:01:57.413,1.00879,1.00902,1.00,1.00
2015.04.22 10:02:00.052,1.00879,1.00903,1.00,1.00
2015.04.22 10:02:00.557,1.00879,1.00904,1.00,1.00
2015.04.22 10:02:04.571,1.00879,1.00904,1.00,1.07
2015.04.22 10:02:04.924,1.00875,1.009,1.00,1.00
2015.04.22 10:02:06.196,1.00875,1.009,1.17,1.00
2015.04.22 10:02:06.600,1.00875,1.009,1.00,1.00
2015.04.22 10:02:08.588,1.00875,1.009,1.15,1.00
2015.04.22 10:02:08.881,1.00878,1.00903,1.07,1.00
2015.04.22 10:02:09.436,1.00878,1.00903,1.00,1.00
2015.04.22 10:02:09.992,1.00878,1.00903,1.65,1.00
2015.04.22 10:02:10.699,1.00878,1.00903,1.10,1.00
2015.04.22 10:02:14.985,1.00878,1.00901,1.00,1.00
2015.04.22 10:02:15.188,1.00875,1.009,1.00,1.00
2015.04.22 10:02:15.642,1.00875,1.009,1.00,1.65
2015.04.22 10:02:15.946,1.00873,1.00896,1.00,1.00
2015.04.22 10:02:17.160,1.00875,1.009,1.00,1.00
2015.04.22 10:02:31.008,1.00875,1.009,1.00,1.37
2015.04.22 10:02:31.573,1.00875,1.009,1.15,1.37
2015.04.22 10:02:32.080,1.00875,1.009,1.00,1.00
2015.04.22 10:02:37.128,1.00875,1.009,1.37,1.10
2015.04.22 10:02:37.352,1.00875,1.009,1.00,1.10
2015.04.22 10:02:37.453,1.00875,1.009,1.00,1.17
2015.04.22 10:02:37.756,1.00873,1.00896,1.37,1.10
2015.04.22 10:02:38.276,1.00873,1.00896,1.00,1.10
2015.04.22 10:02:39.139,1.00874,1.00896,1.00,1.00
2015.04.22 10:02:39.362,1.00876,1.009,1.00,1.00
2015.04.22 10:02:39.513,1.00878,1.00903,1.00,1.00
2015.04.22 10:02:40.019,1.00876,1.00899,1.00,1.00
2015.04.22 10:02:45.941,1.0088,1.00899,1.00,1.00
2015.04.22 10:02:46.042,1.00876,1.00899,1.10,1.00
2015.04.22 10:02:47.073,1.00877,1.00899,1.00,1.00
2015.04.22 10:02:47.174,1.00879,1.00902,1.00,1.00
2015.04.22 10:02:47.300,1.00875,1.009,1.00,1.00
2015.04.22 10:02:47.704,1.00875,1.009,1.65,1.00
2015.04.22 10:02:48.008,1.00875,1.009,1.57,1.00
2015.04.22 10:02:48.109,1.00875,1.009,1.15,1.00
2015.04.22 10:02:48.261,1.00878,1.00903,1.10,1.00
2015.04.22 10:02:51.113,1.00878,1.00903,1.17,1.00
2015.04.22 10:02:51.659,1.00878,1.00903,1.00,1.00
2015.04.22 10:02:57.429,1.00878,1.00903,1.07,1.00
2015.04.22 10:02:57.732,1.00878,1.00903,1.65,1.00
2015.04.22 10:02:57.833,1.00882,1.00905,1.10,1.00
2015.04.22 10:03:06.981,1.00877,1.009,1.00,1.00
2015.04.22 10:03:07.285,1.0088,1.00903,1.15,1.00
2015.04.22 10:03:07.386,1.0088,1.00903,1.00,1.00
2015.04.22 10:03:09.823,1.0088,1.00903,1.00,1.57
2015.04.22 10:03:10.076,1.00876,1.00901,1.00,1.37
2015.04.22 10:03:11.338,1.00876,1.00901,1.00,1.37
2015.04.22 10:03:11.641,1.00876,1.00901,1.00,1.87
2015.04.22 10:03:12.347,1.00876,1.00901,1.00,1.87
2015.04.22 10:03:12.549,1.00876,1.00901,1.00,1.87
2015.04.22 10:03:13.115,1.00876,1.00901,1.00,1.87
2015.04.22 10:03:13.317,1.00876,1.00901,1.00,2.62
2015.04.22 10:03:13.855,1.00876,1.009,1.00,1.55
2015.04.22 10:03:13.906,1.00876,1.009,1.00,1.55
2015.04.22 10:03:14.109,1.00876,1.009,1.00,1.55
2015.04.22 10:03:16.141,1.00874,1.00897,1.00,1.37
2015.04.22 10:03:16.648,1.00874,1.00897,1.00,1.37
2015.04.22 10:03:16.852,1.00874,1.00897,1.00,1.37
2015.04.22 10:03:17.104,1.00874,1.00897,1.00,1.37
2015.04.22 10:03:17.314,1.00874,1.00897,1.00,1.47
2015.04.22 10:03:17.846,1.00874,1.00897,1.00,1.47
2015.04.22 10:03:18.370,1.00874,1.00897,1.00,1.57
2015.04.22 10:03:18.882,1.00874,1.00897,1.00,1.47
2015.04.22 10:03:19.069,1.00874,1.00897,1.00,1.47
2015.04.22 10:03:19.584,1.00874,1.00897,1.00,1.47
2015.04.22 10:03:23.283,1.00874,1.00897,1.07,1.37
2015.04.22 10:03:23.788,1.00874,1.00897,1.00,1.37
2015.04.22 10:03:25.002,1.00874,1.00897,1.00,1.37
2015.04.22 10:03:26.328,1.00874,1.00897,1.00,1.37
2015.04.22 10:03:26.782,1.00877,1.009,1.07,1.37
2015.04.22 10:03:26.884,1.00877,1.009,1.17,1.37
2015.04.22 10:03:27.037,1.0088,1.00903,1.00,1.37
2015.04.22 10:03:28.418,1.00877,1.009,1.00,1.37
2015.04.22 10:03:29.635,1.00877,1.009,1.00,1.00
2015.04.22 10:03:32.323,1.00877,1.009,1.07,1.00
2015.04.22 10:03:32.593,1.00879,1.00904,1.00,1.00
2015.04.22 10:03:40.944,1.00879,1.00904,1.00,1.07
2015.04.22 10:03:41.269,1.00876,1.00898,1.00,1.00
2015.04.22 10:03:42.313,1.00874,1.00897,1.00,1.00
2015.04.22 10:03:50.999,1.00876,1.00899,1.00,1.00
2015.04.22 10:03:55.830,1.00879,1.00902,1.00,1.00
2015.04.22 10:04:03.218,1.00876,1.00899,1.00,1.00
2015.04.22 10:04:03.521,1.00873,1.00896,1.00,1.00
2015.04.22 10:04:04.034,1.00873,1.00895,1.00,1.00
2015.04.22 10:04:09.028,1.00871,1.00894,1.00,1.00
2015.04.22 10:04:09.079,1.00871,1.00893,1.00,1.15
2015.04.22 10:04:09.231,1.00867,1.00889,1.00,1.00
2015.04.22 10:04:09.396,1.00867,1.00889,1.00,1.37
2015.04.22 10:04:10.004,1.00867,1.0089,1.00,1.57
2015.04.22 10:04:15.298,1.00867,1.00887,1.00,1.00
2015.04.22 10:04:17.618,1.00867,1.00887,1.00,1.37
2015.04.22 10:04:18.158,1.00867,1.0089,1.00,1.50
2015.04.22 10:04:18.924,1.0087,1.00893,1.00,1.00
2015.04.22 10:04:19.502,1.0087,1.00892,1.00,1.00
2015.04.22 10:04:19.856,1.0087,1.0089,1.00,1.00
2015.04.22 10:04:20.815,1.0087,1.00893,1.00,1.00
2015.04.22 10:04:20.917,1.00874,1.00897,1.00,1.00
2015.04.22 10:04:30.690,1.00876,1.00901,1.00,1.10
2015.04.22 10:04:32.233,1.00876,1.009,1.00,1.00
2015.04.22 10:04:33.469,1.00873,1.00896,1.00,1.10
2015.04.22 10:04:37.382,1.00873,1.00896,1.00,1.15
2015.04.22 10:04:40.895,1.00873,1.00896,1.00,1.00
2015.04.22 10:04:44.133,1.00875,1.00896,1.00,1.00
2015.04.22 10:04:45.019,1.00876,1.00899,1.00,1.00
2015.04.22 10:05:13.935,1.00879,1.00899,1.00,1.00
2015.04.22 10:05:15.189,1.00879,1.00904,1.50,1.00
2015.04.22 10:05:17.952,1.00876,1.00901,1.00,1.10
2015.04.22 10:05:18.256,1.0088,1.00903,1.00,1.20
2015.04.22 10:05:18.306,1.00876,1.00901,1.00,1.00
2015.04.22 10:05:30.200,1.00876,1.00901,1.00,1.17
2015.04.22 10:05:30.251,1.00872,1.00895,1.00,1.20
2015.04.22 10:05:31.209,1.00872,1.00895,1.00,1.17
2015.04.22 10:05:31.260,1.00872,1.00895,1.00,1.15
2015.04.22 10:05:33.404,1.00872,1.00895,1.00,1.65
2015.04.22 10:05:33.949,1.00872,1.00895,1.00,1.65
2015.04.22 10:05:34.952,1.00872,1.00895,1.00,1.65
2015.04.22 10:05:35.654,1.00869,1.00892,1.00,1.00
2015.04.22 10:05:55.232,1.00873,1.00896,1.00,1.50
2015.04.22 10:05:55.484,1.00875,1.009,1.00,1.00
2015.04.22 10:05:56.032,1.00875,1.009,1.00,1.65
2015.04.22 10:06:00.898,1.00875,1.00891,1.00,1.17
2015.04.22 10:06:00.948,1.00867,1.00891,1.00,1.17
2015.04.22 10:06:01.252,1.00867,1.00892,1.00,1.00
2015.04.22 10:06:01.857,1.00871,1.00894,1.00,1.00
2015.04.22 10:06:02.828,1.00875,1.00898,1.00,1.00
2015.04.22 10:06:12.352,1.00875,1.00898,1.00,1.07
2015.04.22 10:06:12.857,1.00875,1.00898,1.00,1.00
2015.04.22 10:06:14.477,1.00872,1.00895,1.10,1.00
2015.04.22 10:06:14.780,1.00868,1.00891,1.00,1.00
2015.04.22 10:06:18.579,1.0087,1.00895,1.00,1.00
2015.04.22 10:06:18.731,1.0087,1.00895,1.00,1.17
2015.04.22 10:06:20.152,1.0087,1.00893,1.00,1.15
2015.04.22 10:06:21.820,1.0087,1.00891,1.00,1.00
2015.04.22 10:06:22.123,1.00868,1.00891,1.00,1.65
2015.04.22 10:06:26.051,1.00868,1.00891,1.00,1.87
2015.04.22 10:06:27.228,1.00868,1.00891,1.00,1.57
2015.04.22 10:06:27.733,1.00868,1.00891,1.00,2.77
2015.04.22 10:06:29.963,1.00868,1.00886,1.00,1.00
2015.04.22 10:06:30.216,1.00865,1.00886,1.00,1.00
2015.04.22 10:06:34.374,1.00865,1.00888,1.00,1.10
2015.04.22 10:06:35.181,1.00868,1.0089,1.00,1.00
2015.04.22 10:06:38.602,1.0087,1.0089,1.00,1.00
2015.04.22 10:06:38.652,1.0087,1.00894,1.00,1.15
2015.04.22 10:06:38.863,1.0087,1.00893,1.00,1.17
2015.04.22 10:06:39.023,1.00868,1.00891,1.00,1.15
2015.04.22 10:06:41.673,1.00871,1.00894,1.00,1.00
2015.04.22 10:06:42.229,1.00871,1.00894,1.00,1.07
2015.04.22 10:06:44.919,1.00871,1.00888,1.00,1.00
2015.04.22 10:06:44.970,1.00867,1.00888,1.00,1.00
2015.04.22 10:06:45.222,1.00867,1.0089,1.00,1.10
2015.04.22 10:06:59.440,1.00868,1.0089,1.00,1.00
2015.04.22 10:06:59.591,1.00871,1.00894,1.00,1.15
2015.04.22 10:06:59.692,1.00871,1.00894,1.00,1.00
2015.04.22 10:06:59.844,1.00871,1.00894,1.00,1.07
2015.04.22 10:07:00.658,1.00871,1.00894,1.00,1.57
2015.04.22 10:07:03.217,1.00871,1.00894,1.00,1.00
2015.04.22 10:07:03.722,1.00871,1.00893,1.00,1.00
2015.04.22 10:07:06.393,1.00868,1.00891,1.00,1.00
2015.04.22 10:07:06.696,1.00868,1.0089,1.00,1.15
2015.04.22 10:07:07.231,1.00868,1.00889,1.00,1.00
2015.04.22 10:07:07.282,1.00868,1.00891,1.00,1.50
2015.04.22 10:07:10.149,1.0087,1.00893,1.00,1.00
2015.04.22 10:07:10.453,1.00876,1.00899,1.00,1.00
2015.04.22 10:07:10.757,1.00882,1.00905,1.00,1.00
2015.04.22 10:07:11.466,1.00879,1.00902,1.00,1.00
2015.04.22 10:07:17.185,1.00879,1.00902,1.37,1.00
2015.04.22 10:07:17.841,1.00879,1.00902,1.00,1.00
2015.04.22 10:07:18.598,1.00879,1.00902,1.47,1.00
2015.04.22 10:07:18.825,1.00879,1.00902,1.10,1.00
2015.04.22 10:07:21.036,1.00879,1.00902,1.00,1.17
2015.04.22 10:07:21.339,1.00879,1.009,1.00,1.15
2015.04.22 10:07:21.390,1.00876,1.00899,1.00,1.15
2015.04.22 10:07:21.542,1.00876,1.00899,1.00,1.65
2015.04.22 10:07:21.592,1.00871,1.00896,1.00,1.15
2015.04.22 10:07:21.643,1.00871,1.00896,1.00,1.15
2015.04.22 10:07:21.745,1.00871,1.00894,1.00,1.00
2015.04.22 10:07:21.846,1.00871,1.00896,1.00,1.00
2015.04.22 10:07:22.355,1.00871,1.00896,1.47,1.00
2015.04.22 10:07:22.860,1.00875,1.00897,1.00,1.17
2015.04.22 10:07:22.911,1.00871,1.00896,1.37,1.20
2015.04.22 10:07:25.112,1.00871,1.00896,1.00,1.57
2015.04.22 10:07:25.163,1.00871,1.00894,1.00,1.00
2015.04.22 10:07:26.084,1.00871,1.00894,1.37,1.00
2015.04.22 10:07:26.185,1.00871,1.00896,1.37,1.00
2015.04.22 10:07:26.337,1.00876,1.00899,1.00,1.00
2015.04.22 10:07:32.456,1.00876,1.00897,1.00,1.00
2015.04.22 10:07:32.960,1.00876,1.00899,1.00,1.65
2015.04.22 10:07:33.566,1.00876,1.00899,1.00,1.50
2015.04.22 10:07:34.071,1.00876,1.00899,1.00,1.07
2015.04.22 10:07:34.575,1.00876,1.00899,1.00,1.50
2015.04.22 10:07:35.987,1.00876,1.00898,1.00,1.00
2015.04.22 10:07:37.734,1.00876,1.00899,1.00,1.10
2015.04.22 10:07:43.552,1.00876,1.00899,1.00,1.37
2015.04.22 10:07:48.328,1.00876,1.00899,1.00,1.37
2015.04.22 10:07:48.838,1.00876,1.00899,1.00,1.00
2015.04.22 10:08:07.580,1.00876,1.00899,1.37,1.00
2015.04.22 10:08:08.034,1.00879,1.00902,1.37,1.00
2015.04.22 10:08:09.400,1.00879,1.00902,1.00,1.00
2015.04.22 10:08:14.527,1.00882,1.00905,1.00,1.00
2015.04.22 10:08:27.504,1.00879,1.00902,1.37,1.00
2015.04.22 10:08:27.605,1.00877,1.00902,1.00,1.00
2015.04.22 10:08:27.656,1.00877,1.009,1.00,1.00
2015.04.22 10:08:27.958,1.00875,1.00897,1.00,1.00
2015.04.22 10:08:28.485,1.00875,1.00894,1.00,1.00
2015.04.22 10:08:28.586,1.00871,1.00894,1.00,1.50
2015.04.22 10:08:28.637,1.00871,1.00892,1.00,1.00
2015.04.22 10:08:28.687,1.00868,1.00891,1.00,1.00
2015.04.22 10:08:28.789,1.00871,1.00896,1.00,1.00
2015.04.22 10:08:30.900,1.00875,1.00898,1.00,1.00
2015.04.22 10:08:33.042,1.00879,1.00898,1.00,1.00
2015.04.22 10:08:33.143,1.00879,1.00901,1.07,1.00
2015.04.22 10:08:33.194,1.00881,1.00904,1.00,1.00
2015.04.22 10:08:44.331,1.00881,1.00904,1.57,1.00
2015.04.22 10:08:44.432,1.00886,1.00908,1.10,1.00
2015.04.22 10:08:44.484,1.00888,1.00908,1.00,1.00
2015.04.22 10:08:44.635,1.00889,1.00911,1.20,1.00
2015.04.22 10:08:44.736,1.00891,1.00911,1.00,1.00
2015.04.22 10:08:55.510,1.00891,1.00911,1.07,1.00
2015.04.22 10:08:56.018,1.00892,1.00911,1.65,1.00
2015.04.22 10:08:57.864,1.00892,1.00914,1.17,1.00
2015.04.22 10:09:04.648,1.00891,1.00914,1.07,1.00
2015.04.22 10:09:04.901,1.00888,1.00912,1.00,1.00
2015.04.22 10:09:04.952,1.00891,1.00912,1.10,1.00
2015.04.22 10:09:05.306,1.00891,1.00915,1.57,1.00
2015.04.22 10:09:09.078,1.00891,1.00915,1.15,1.00
2015.04.22 10:09:18.791,1.0089,1.00915,2.70,1.00
2015.04.22 10:09:18.842,1.0089,1.00915,2.32,1.00
2015.04.22 10:09:19.796,1.0089,1.00915,1.50,1.00
2015.04.22 10:09:19.847,1.0089,1.00912,1.00,1.00
2015.04.22 10:09:19.898,1.00888,1.00912,1.57,1.00
2015.04.22 10:09:19.999,1.00888,1.00912,1.17,1.00
2015.04.22 10:09:20.302,1.00893,1.00915,1.17,1.00
2015.04.22 10:09:20.808,1.00892,1.00911,1.00,1.00
2015.04.22 10:09:20.909,1.00889,1.00911,1.00,1.00
2015.04.22 10:09:21.436,1.00888,1.00911,1.00,1.00
2015.04.22 10:09:22.263,1.00889,1.00911,1.00,1.00
2015.04.22 10:09:22.314,1.0089,1.00911,1.07,1.00
2015.04.22 10:09:23.716,1.0089,1.00915,1.57,1.00
2015.04.22 10:09:24.418,1.0089,1.00915,2.77,1.00
2015.04.22 10:09:27.377,1.00891,1.00915,1.52,1.00
2015.04.22 10:09:34.813,1.0089,1.00915,2.77,1.00
2015.04.22 10:09:37.385,1.00891,1.00915,1.87,1.00
2015.04.22 10:09:37.537,1.00891,1.00911,1.37,1.00
2015.04.22 10:09:38.344,1.00891,1.00914,1.47,1.00
2015.04.22 10:09:39.354,1.00891,1.00914,1.87,1.00
2015.04.22 10:09:39.579,1.00891,1.00914,1.37,1.00
2015.04.22 10:09:40.083,1.00891,1.00914,1.10,1.00
2015.04.22 10:09:40.978,1.00891,1.00914,1.47,1.00
2015.04.22 10:09:45.190,1.00891,1.00914,1.00,1.00
2015.04.22 10:09:45.342,1.00887,1.00912,1.20,1.00
2015.04.22 10:09:45.392,1.00887,1.00912,1.37,1.00
2015.04.22 10:09:47.820,1.00887,1.00912,1.37,1.00
2015.04.22 10:09:48.132,1.00887,1.00912,1.45,1.00
2015.04.22 10:09:48.435,1.00889,1.00912,1.52,1.00
2015.04.22 10:09:49.342,1.0089,1.00912,1.55,1.00
2015.04.22 10:09:49.549,1.00895,1.00912,1.37,1.00
2015.04.22 10:09:49.751,1.00895,1.00914,1.37,1.00
2015.04.22 10:09:50.255,1.00891,1.00914,1.95,1.00
2015.04.22 10:09:50.806,1.00891,1.00914,1.95,1.00
2015.04.22 10:09:50.907,1.00891,1.00914,1.95,1.00
2015.04.22 10:09:51.868,1.00891,1.00914,1.20,1.00
2015.04.22 10:09:53.079,1.00891,1.00914,1.45,1.00
2015.04.22 10:10:00.815,1.00891,1.00914,4.27,1.00
2015.04.22 10:10:05.943,1.00896,1.00914,1.10,1.00
2015.04.22 10:10:06.145,1.00898,1.0092,1.15,1.00
2015.04.22 10:10:07.068,1.00899,1.0092,1.52,1.00
2015.04.22 10:10:09.163,1.00902,1.0092,1.55,1.00
2015.04.22 10:10:09.982,1.009,1.00923,1.60,1.00
2015.04.22 10:10:10.083,1.009,1.00923,2.10,1.00
2015.04.22 10:10:10.134,1.00897,1.0092,1.27,1.00
2015.04.22 10:10:10.185,1.00897,1.0092,1.20,1.00
2015.04.22 10:10:10.438,1.00898,1.0092,1.15,1.00
2015.04.22 10:10:11.575,1.009,1.0092,1.52,1.00
2015.04.22 10:10:11.888,1.00902,1.00925,2.02,1.00
2015.04.22 10:10:13.092,1.00902,1.00925,2.02,1.00
2015.04.22 10:10:13.702,1.00902,1.00925,1.15,1.00
2015.04.22 10:10:16.098,1.00902,1.00925,1.17,1.50
2015.04.22 10:10:17.718,1.00902,1.00925,1.52,1.50
2015.04.22 10:10:19.360,1.00902,1.00925,1.10,1.50
2015.04.22 10:10:20.079,1.00903,1.00925,1.00,1.00
2015.04.22 10:10:23.037,1.00902,1.00925,1.10,1.00
2015.04.22 10:10:23.543,1.00902,1.00925,1.17,1.50
2015.04.22 10:10:39.292,1.00902,1.00925,1.27,1.00
2015.04.22 10:10:43.761,1.00906,1.00925,1.15,1.00
2015.04.22 10:10:43.862,1.00903,1.00925,1.15,1.00
2015.04.22 10:10:44.065,1.00904,1.00929,2.02,1.00
2015.04.22 10:10:44.115,1.00904,1.00929,2.02,1.00
2015.04.22 10:10:44.216,1.00909,1.00932,1.00,1.00
2015.04.22 10:10:45.723,1.00912,1.00935,1.00,2.32
2015.04.22 10:10:49.529,1.00912,1.00935,1.07,1.00
2015.04.22 10:10:49.833,1.00916,1.00938,1.07,1.00
2015.04.22 10:10:51.449,1.00916,1.00938,1.00,1.00
2015.04.22 10:10:51.853,1.00915,1.00937,1.00,1.17
2015.04.22 10:10:53.000,1.00912,1.00935,1.00,1.00
2015.04.22 10:10:54.900,1.00912,1.00933,1.00,1.00
2015.04.22 10:10:55.203,1.00912,1.00935,1.00,2.25
2015.04.22 10:10:55.405,1.00912,1.00933,1.00,1.00
2015.04.22 10:10:55.708,1.00912,1.00935,1.00,1.50
2015.04.22 10:10:56.173,1.00909,1.00932,1.00,1.00
2015.04.22 10:11:00.643,1.00909,1.00932,1.37,1.00
2015.04.22 10:11:02.139,1.00912,1.00932,1.27,1.00
2015.04.22 10:11:02.240,1.00915,1.00936,1.00,1.00
2015.04.22 10:11:02.543,1.00913,1.00936,1.00,1.00
2015.04.22 10:11:07.699,1.00914,1.00936,1.00,1.00
2015.04.22 10:11:07.800,1.00919,1.00936,1.00,1.00
2015.04.22 10:11:07.967,1.00919,1.0094,1.00,1.00
2015.04.22 10:11:08.069,1.00917,1.0094,1.12,1.00
2015.04.22 10:11:08.170,1.0092,1.0094,1.00,1.00
2015.04.22 10:11:08.271,1.00917,1.0094,1.12,1.00
2015.04.22 10:11:08.474,1.0092,1.0094,1.00,1.00
2015.04.22 10:11:08.575,1.00918,1.0094,1.00,1.00
2015.04.22 10:11:08.676,1.00918,1.0094,1.00,1.37
2015.04.22 10:11:08.727,1.00915,1.0094,1.00,1.87
2015.04.22 10:11:11.233,1.00916,1.0094,3.82,1.37
2015.04.22 10:11:11.283,1.00916,1.0094,3.82,1.87
2015.04.22 10:11:11.334,1.00919,1.0094,1.00,1.87
2015.04.22 10:11:11.435,1.00922,1.0094,1.00,1.87
2015.04.22 10:11:11.940,1.00922,1.00943,1.00,1.37
2015.04.22 10:11:12.597,1.0092,1.00943,1.00,1.37
2015.04.22 10:11:12.849,1.0092,1.00943,1.00,1.50
2015.04.22 10:11:16.230,1.00916,1.00941,1.00,1.50
2015.04.22 10:11:18.172,1.00916,1.00941,1.65,1.00
2015.04.22 10:11:18.424,1.0092,1.00943,1.65,1.00
2015.04.22 10:11:18.525,1.00924,1.00944,1.00,1.00
2015.04.22 10:11:18.627,1.00924,1.00947,1.00,2.25
2015.04.22 10:11:21.449,1.00924,1.00945,1.00,1.00
2015.04.22 10:11:22.890,1.00924,1.00947,1.00,1.00
2015.04.22 10:11:24.317,1.00924,1.00946,1.00,1.00
2015.04.22 10:11:24.836,1.00924,1.00947,1.00,1.50
2015.04.22 10:11:27.279,1.00924,1.00945,1.00,1.00
2015.04.22 10:11:27.381,1.00924,1.00947,1.00,1.00
2015.04.22 10:11:36.570,1.00924,1.00945,1.00,1.00
2015.04.22 10:11:36.873,1.00918,1.00936,1.00,1.17
2015.04.22 10:11:36.924,1.00908,1.00931,1.20,1.00
2015.04.22 10:11:37.025,1.00907,1.00928,1.07,1.00
2015.04.22 10:11:37.127,1.00912,1.00935,1.00,1.00
2015.04.22 10:11:37.228,1.00915,1.00938,1.00,1.10
2015.04.22 10:11:41.480,1.00915,1.00936,1.00,1.00
2015.04.22 10:11:41.531,1.00912,1.00935,1.00,1.00
2015.04.22 10:11:41.632,1.00909,1.00932,1.00,1.00
2015.04.22 10:11:41.935,1.00905,1.0093,1.00,1.10
2015.04.22 10:11:42.037,1.00905,1.0093,1.07,1.00
2015.04.22 10:11:42.390,1.00909,1.00932,1.50,1.00
2015.04.22 10:11:43.652,1.00909,1.00932,1.07,1.00
2015.04.22 10:11:44.224,1.00909,1.00932,1.00,1.00
2015.04.22 10:11:44.829,1.00909,1.00932,1.00,1.07
2015.04.22 10:11:44.931,1.00905,1.0093,1.00,1.00
2015.04.22 10:11:48.960,1.00905,1.0093,1.07,1.00
2015.04.22 10:11:49.111,1.00909,1.00932,1.00,1.00
2015.04.22 10:11:49.512,1.00903,1.00925,1.00,1.00
2015.04.22 10:11:49.664,1.00898,1.00921,1.00,1.00
2015.04.22 10:11:50.129,1.00896,1.00923,1.00,1.00
2015.04.22 10:11:50.697,1.00897,1.00923,1.00,1.00
2015.04.22 10:11:51.202,1.00896,1.00923,1.00,1.10
2015.04.22 10:11:51.354,1.00896,1.00922,1.00,1.07
2015.04.22 10:11:52.161,1.00896,1.00919,1.00,1.00
2015.04.22 10:11:52.212,1.00892,1.00919,1.00,1.50
2015.04.22 10:11:53.674,1.00892,1.00919,1.07,1.00
2015.04.22 10:11:54.078,1.00892,1.00921,1.00,2.85
2015.04.22 10:11:54.201,1.0089,1.00917,1.00,1.87
2015.04.22 10:11:54.303,1.0089,1.00917,1.00,1.50
2015.04.22 10:11:54.404,1.00888,1.00914,1.00,1.00
2015.04.22 10:11:54.657,1.00884,1.00911,1.00,1.10
2015.04.22 10:11:54.708,1.00884,1.00908,1.00,1.00
2015.04.22 10:11:54.875,1.00882,1.00908,1.10,1.50
2015.04.22 10:11:54.926,1.00882,1.00906,1.10,1.00
2015.04.22 10:11:55.279,1.0088,1.00907,1.65,1.00
2015.04.22 10:11:59.095,1.00886,1.00909,1.00,1.00
2015.04.22 10:11:59.246,1.00886,1.00911,1.17,1.00
2015.04.22 10:11:59.297,1.00886,1.00914,1.17,1.50
2015.04.22 10:11:59.650,1.00886,1.00911,1.00,1.00
2015.04.22 10:12:00.178,1.00883,1.00911,1.15,1.00
2015.04.22 10:12:00.698,1.00883,1.00912,1.15,1.00
2015.04.22 10:12:01.505,1.00883,1.00911,1.65,1.00
2015.04.22 10:12:03.581,1.00883,1.00914,1.65,1.00
2015.04.22 10:12:03.682,1.00883,1.00914,1.65,1.10
2015.04.22 10:12:03.935,1.00883,1.00912,1.15,1.00
2015.04.22 10:12:04.704,1.00883,1.00913,1.15,1.00
2015.04.22 10:12:05.209,1.00884,1.00913,1.15,1.50
2015.04.22 10:12:05.791,1.00884,1.00911,1.10,1.00
2015.04.22 10:12:06.315,1.00882,1.00912,1.15,1.00
2015.04.22 10:12:07.793,1.00882,1.00912,1.00,1.20
2015.04.22 10:12:08.109,1.00879,1.00912,1.15,1.65
2015.04.22 10:12:08.217,1.00879,1.00912,1.00,1.65
2015.04.22 10:12:08.530,1.00879,1.00909,1.00,1.15
2015.04.22 10:12:09.682,1.00879,1.00909,1.10,2.40
2015.04.22 10:12:13.631,1.00879,1.00909,1.65,1.00
2015.04.22 10:12:14.036,1.00879,1.00909,1.65,1.10
2015.04.22 10:12:14.806,1.00878,1.00908,1.15,1.00
2015.04.22 10:12:15.210,1.00879,1.00908,1.17,1.37
2015.04.22 10:12:18.445,1.0088,1.0091,1.15,2.62
2015.04.22 10:12:18.647,1.00881,1.0091,1.15,1.87
2015.04.22 10:12:20.210,1.00881,1.0091,1.17,1.95
2015.04.22 10:12:20.312,1.00877,1.0091,2.32,1.95
2015.04.22 10:12:20.363,1.00877,1.0091,2.25,2.02
2015.04.22 10:12:20.514,1.00877,1.00906,1.50,1.17
2015.04.22 10:12:20.565,1.00875,1.00906,1.00,2.02
2015.04.22 10:12:20.667,1.00873,1.00903,1.50,1.15
2015.04.22 10:12:20.818,1.00873,1.00904,1.57,1.17
2015.04.22 10:12:20.869,1.00873,1.00904,1.65,1.10
2015.04.22 10:12:21.384,1.00873,1.00904,1.17,1.47
2015.04.22 10:12:24.361,1.00873,1.00904,1.17,1.10
2015.04.22 10:12:25.861,1.00875,1.00907,1.15,1.57
2015.04.22 10:12:31.624,1.0088,1.0091,1.00,1.15
2015.04.22 10:12:31.877,1.00876,1.00908,1.15,1.65
2015.04.22 10:12:32.081,1.00875,1.00905,1.15,1.00
2015.04.22 10:12:32.182,1.00875,1.00905,1.00,1.12
2015.04.22 10:12:32.691,1.00874,1.00907,1.10,2.40
2015.04.22 10:12:32.944,1.00874,1.00903,1.10,1.00
2015.04.22 10:12:33.449,1.00873,1.00905,1.07,2.02
2015.04.22 10:12:33.601,1.00873,1.00905,1.15,1.95
2015.04.22 10:12:33.854,1.0087,1.00903,1.65,1.07
2015.04.22 10:12:33.905,1.0087,1.00903,1.65,1.17
2015.04.22 10:12:33.956,1.00873,1.00903,1.00,1.17
2015.04.22 10:12:34.057,1.00869,1.00901,1.15,1.00
2015.04.22 10:12:34.108,1.00869,1.00901,1.15,2.25
2015.04.22 10:12:34.209,1.00868,1.00901,2.32,1.65
2015.04.22 10:12:34.260,1.00868,1.00901,2.32,1.65
2015.04.22 10:12:34.664,1.00872,1.009,1.07,1.37
2015.04.22 10:12:34.916,1.00873,1.00902,1.15,1.37
2015.04.22 10:12:37.099,1.00875,1.00906,1.10,1.47
2015.04.22 10:12:39.170,1.00874,1.00904,1.65,1.37
2015.04.22 10:12:45.518,1.00872,1.00904,1.65,1.52
2015.04.22 10:12:46.281,1.00874,1.00904,1.00,2.02
2015.04.22 10:12:48.095,1.00874,1.00904,1.17,1.87
2015.04.22 10:12:49.431,1.00874,1.00899,1.10,1.37
2015.04.22 10:12:49.633,1.00874,1.00899,1.00,1.37
2015.04.22 10:12:50.207,1.00873,1.00898,1.00,1.37
2015.04.22 10:12:51.454,1.00871,1.00898,1.00,1.37
2015.04.22 10:12:54.020,1.00871,1.00897,1.07,1.37
2015.04.22 10:12:54.377,1.00871,1.00897,1.17,1.37
2015.04.22 10:12:54.578,1.00871,1.009,1.17,1.37
2015.04.22 10:12:57.954,1.00871,1.00897,1.10,1.37
2015.04.22 10:12:59.071,1.00871,1.00897,1.00,1.00
2015.04.22 10:12:59.172,1.00871,1.00901,1.50,2.02
2015.04.22 10:12:59.576,1.00871,1.00897,1.50,1.00
2015.04.22 10:12:59.677,1.00871,1.00899,1.00,1.00
2015.04.22 10:12:59.848,1.00871,1.00899,1.07,1.37
2015.04.22 10:13:00.641,1.00871,1.00897,1.07,1.87
2015.04.22 10:13:00.946,1.00871,1.00894,1.00,1.37
2015.04.22 10:13:01.249,1.00871,1.00892,1.00,1.37
2015.04.22 10:13:01.507,1.00867,1.00892,1.57,1.37
2015.04.22 10:13:01.611,1.00867,1.00892,1.57,1.37
2015.04.22 10:13:02.327,1.0087,1.00894,1.07,1.37
2015.04.22 10:13:02.378,1.0087,1.00894,1.07,1.37
2015.04.22 10:13:02.602,1.00871,1.00895,1.10,1.37
2015.04.22 10:13:03.578,1.00871,1.00898,1.00,1.47
2015.04.22 10:13:05.541,1.00871,1.00897,1.00,1.37
2015.04.22 10:13:05.895,1.00871,1.00898,1.00,1.47
2015.04.22 10:13:06.872,1.00871,1.00898,1.00,1.47
2015.04.22 10:13:08.067,1.00871,1.00898,1.00,1.47
2015.04.22 10:13:15.160,1.00871,1.00899,1.17,1.37
2015.04.22 10:13:15.363,1.00871,1.009,1.15,1.37
2015.04.22 10:13:15.569,1.00871,1.009,1.65,1.37
2015.04.22 10:13:15.772,1.00871,1.00899,1.57,1.37
2015.04.22 10:13:15.924,1.00871,1.00901,1.57,1.55
2015.04.22 10:13:20.084,1.00871,1.00901,1.57,1.55
2015.04.22 10:13:20.437,1.00871,1.00898,1.65,1.37
2015.04.22 10:13:20.986,1.00871,1.00898,1.65,1.37
2015.04.22 10:13:22.499,1.00871,1.00898,1.50,1.37
2015.04.22 10:13:23.155,1.00871,1.00897,1.50,1.37
2015.04.22 10:13:23.357,1.00871,1.00897,1.57,1.37
2015.04.22 10:13:23.862,1.00871,1.00898,1.65,1.37
2015.04.22 10:13:24.165,1.00871,1.00897,1.50,1.37
2015.04.22 10:13:24.366,1.00871,1.00899,2.25,1.47
2015.04.22 10:13:24.770,1.00871,1.00898,1.57,1.37
2015.04.22 10:13:25.023,1.00871,1.00898,1.65,1.37
2015.04.22 10:13:26.888,1.00871,1.00899,1.15,1.37
2015.04.22 10:13:27.140,1.00871,1.00899,1.15,1.37
2015.04.22 10:13:29.091,1.00871,1.00897,1.15,1.37
2015.04.22 10:13:31.281,1.00871,1.00894,1.15,1.37
2015.04.22 10:13:32.045,1.00871,1.00898,1.65,1.37
2015.04.22 10:13:32.417,1.00871,1.00898,1.65,1.37
2015.04.22 10:13:33.053,1.00871,1.00898,1.65,1.37
2015.04.22 10:13:33.811,1.00871,1.00895,1.65,1.37
2015.04.22 10:13:34.063,1.00871,1.00898,1.65,1.37
2015.04.22 10:13:34.367,1.00871,1.00895,1.65,1.37
2015.04.22 10:13:34.620,1.00871,1.00898,1.65,1.37
2015.04.22 10:13:34.822,1.00871,1.00894,1.65,1.37
2015.04.22 10:13:35.175,1.00871,1.00898,1.65,1.37
2015.04.22 10:13:35.378,1.00871,1.00894,1.65,1.37
2015.04.22 10:13:35.580,1.00871,1.00897,1.65,1.37
2015.04.22 10:13:36.566,1.00871,1.00894,1.65,1.37
2015.04.22 10:13:36.819,1.00871,1.009,1.65,1.37
2015.04.22 10:13:37.917,1.00874,1.009,1.10,1.37
2015.04.22 10:13:39.117,1.00873,1.00902,1.10,1.95
2015.04.22 10:13:39.338,1.00873,1.00902,1.00,1.55
2015.04.22 10:13:42.599,1.00873,1.00899,1.07,1.37
2015.04.22 10:13:42.651,1.00874,1.009,1.17,1.37
2015.04.22 10:13:42.702,1.00878,1.009,1.00,1.37
2015.04.22 10:13:43.234,1.00874,1.00903,1.50,1.45
2015.04.22 10:13:44.158,1.00872,1.00901,1.00,1.52
2015.04.22 10:13:44.361,1.00872,1.009,1.00,2.02
2015.04.22 10:13:44.613,1.00869,1.00897,1.00,1.52
2015.04.22 10:13:54.267,1.0087,1.00898,1.00,2.02
2015.04.22 10:14:02.802,1.0087,1.00898,1.00,1.27
2015.04.22 10:14:03.316,1.00869,1.00898,1.50,1.27
2015.04.22 10:14:06.694,1.0087,1.00897,1.00,1.52
2015.04.22 10:14:06.919,1.00869,1.00898,1.10,1.47
2015.04.22 10:14:07.424,1.00869,1.00896,1.57,1.00
2015.04.22 10:14:07.930,1.00869,1.00896,1.50,1.17
2015.04.22 10:14:12.549,1.00869,1.00898,1.00,2.02
2015.04.22 10:14:12.852,1.00872,1.00895,1.00,2.77
2015.04.22 10:14:12.902,1.00872,1.00895,1.00,2.77
2015.04.22 10:14:13.430,1.00869,1.00892,1.00,1.15
2015.04.22 10:14:14.237,1.00869,1.00892,1.00,1.17
2015.04.22 10:14:15.583,1.00869,1.00888,1.00,1.00
2015.04.22 10:14:17.707,1.00866,1.00888,1.00,1.00
2015.04.22 10:14:18.061,1.00866,1.00889,1.00,1.15
2015.04.22 10:14:20.377,1.00866,1.00889,1.00,1.65
2015.04.22 10:14:20.886,1.00866,1.00888,1.00,1.65
2015.04.22 10:14:24.549,1.00866,1.00887,1.00,1.15
2015.04.22 10:14:24.650,1.00862,1.00885,1.00,1.15
2015.04.22 10:14:24.955,1.00862,1.00885,1.00,1.17
2015.04.22 10:14:25.107,1.00862,1.00885,1.00,2.02
2015.04.22 10:14:25.511,1.00864,1.00889,1.00,1.55
2015.04.22 10:14:25.663,1.00864,1.00889,1.00,1.17
2015.04.22 10:14:25.815,1.00867,1.00889,1.00,1.00
2015.04.22 10:14:26.118,1.00869,1.00892,1.00,1.55
2015.04.22 10:14:26.421,1.00869,1.00892,1.00,1.52
2015.04.22 10:14:26.595,1.00869,1.00892,1.00,1.20
2015.04.22 10:14:27.469,1.00869,1.00892,1.00,1.07
2015.04.22 10:14:30.336,1.00869,1.00891,1.00,1.70
2015.04.22 10:14:30.387,1.00869,1.00886,1.00,1.20
2015.04.22 10:14:30.488,1.00859,1.00883,1.00,2.02
2015.04.22 10:14:30.589,1.00859,1.00883,1.00,4.20
2015.04.22 10:14:30.691,1.00853,1.00876,1.00,1.17
2015.04.22 10:14:30.792,1.00855,1.00877,1.00,1.10
2015.04.22 10:14:36.724,1.00855,1.00878,1.00,1.00
2015.04.22 10:14:36.875,1.00855,1.0088,1.00,2.32
2015.04.22 10:14:37.438,1.00855,1.00879,1.00,1.00
2015.04.22 10:14:38.085,1.00855,1.00879,1.00,1.17
2015.04.22 10:14:41.135,1.00855,1.0088,1.47,1.00
2015.04.22 10:14:41.236,1.00862,1.00885,1.00,1.00
2015.04.22 10:14:42.351,1.00862,1.00885,1.00,1.17
2015.04.22 10:14:42.868,1.00862,1.00885,1.00,1.15
2015.04.22 10:14:46.037,1.00862,1.00885,1.00,1.15
2015.04.22 10:14:46.140,1.00862,1.00885,1.12,1.10
2015.04.22 10:14:46.442,1.00862,1.00885,1.00,1.17
2015.04.22 10:14:47.743,1.00862,1.00885,1.00,1.15
2015.04.22 10:14:48.249,1.00862,1.00885,1.00,1.17
2015.04.22 10:14:56.183,1.00862,1.00885,1.00,1.15
2015.04.22 10:14:57.796,1.00862,1.00885,1.00,1.15
2015.04.22 10:15:00.796,1.00862,1.00885,1.00,1.15
2015.04.22 10:15:00.897,1.00862,1.00885,1.00,1.15
2015.04.22 10:15:01.151,1.00858,1.00883,1.00,1.10
2015.04.22 10:15:02.758,1.0086,1.00883,1.00,1.00
2015.04.22 10:15:03.061,1.00862,1.00885,1.00,1.00
2015.04.22 10:15:06.374,1.00862,1.00885,1.00,1.17
2015.04.22 10:15:06.912,1.00862,1.00885,1.00,1.15
2015.04.22 10:15:08.128,1.00862,1.00885,1.00,1.20
2015.04.22 10:15:08.896,1.00862,1.00885,1.00,1.07
2015.04.22 10:15:10.324,1.00862,1.00885,1.00,1.00
2015.04.22 10:15:16.150,1.00862,1.00885,1.00,1.17
2015.04.22 10:15:16.655,1.00862,1.00885,1.00,1.00
2015.04.22 10:15:22.681,1.00864,1.00885,1.00,1.00
2015.04.22 10:15:22.934,1.00866,1.00889,1.00,1.00
2015.04.22 10:15:23.035,1.00866,1.00889,1.37,1.00
2015.04.22 10:15:24.398,1.00867,1.00889,1.00,1.10
2015.04.22 10:15:24.930,1.00866,1.00889,1.00,1.10
2015.04.22 10:15:28.058,1.00869,1.00889,1.00,1.00
2015.04.22 10:15:28.210,1.00866,1.00889,1.00,1.00
2015.04.22 10:15:29.169,1.00866,1.00889,1.00,1.27
2015.04.22 10:15:31.067,1.00866,1.00889,1.00,1.20
2015.04.22 10:15:31.571,1.00866,1.00889,1.00,1.27
2015.04.22 10:15:34.149,1.00861,1.00886,1.00,1.15
2015.04.22 10:15:34.553,1.00861,1.00886,1.00,1.00
2015.04.22 10:15:35.158,1.00861,1.00886,1.00,1.15
2015.04.22 10:15:35.461,1.00861,1.00884,1.00,1.15
2015.04.22 10:15:35.613,1.00859,1.00882,1.00,1.17
2015.04.22 10:15:36.131,1.00859,1.00882,1.00,1.00
2015.04.22 10:15:36.656,1.00859,1.00882,1.00,1.17
2015.04.22 10:15:37.688,1.00859,1.00882,1.00,1.00
2015.04.22 10:15:37.790,1.00861,1.00886,1.00,1.27
2015.04.22 10:15:38.401,1.00861,1.00886,1.00,1.15
2015.04.22 10:15:58.406,1.00861,1.00886,1.00,1.15
2015.04.22 10:16:01.127,1.00861,1.00886,1.00,1.10
2015.04.22 10:16:05.827,1.00861,1.00886,1.00,1.57
2015.04.22 10:16:06.252,1.00861,1.00886,1.00,1.20
2015.04.22 10:16:06.756,1.00861,1.00886,1.00,1.17
2015.04.22 10:16:07.261,1.00861,1.00886,1.00,1.00
2015.04.22 10:16:09.385,1.00861,1.00886,1.37,1.00
2015.04.22 10:16:09.603,1.00861,1.00886,1.00,1.00
2015.04.22 10:16:09.851,1.00861,1.00886,1.37,1.00
2015.04.22 10:16:10.132,1.00861,1.00886,1.00,1.00
2015.04.22 10:16:15.628,1.00861,1.00886,1.00,1.07
2015.04.22 10:16:16.032,1.00861,1.00886,1.00,1.15
2015.04.22 10:16:16.234,1.00861,1.00886,1.00,1.10
2015.04.22 10:16:16.588,1.00861,1.00886,1.00,1.17
2015.04.22 10:16:16.740,1.00858,1.00883,1.00,1.00
2015.04.22 10:16:19.654,1.0086,1.00883,1.00,1.00
2015.04.22 10:16:20.007,1.00858,1.00883,1.57,1.00
2015.04.22 10:16:20.443,1.0086,1.00883,1.00,1.00
2015.04.22 10:16:20.746,1.00862,1.00885,1.50,1.00
2015.04.22 10:16:21.049,1.00862,1.00885,1.87,1.00
2015.04.22 10:16:21.201,1.00864,1.00885,1.00,1.00
2015.04.22 10:16:21.352,1.00864,1.00885,1.37,1.00
2015.04.22 10:16:21.555,1.00862,1.00885,1.50,1.00
2015.04.22 10:16:22.061,1.00863,1.00885,1.00,1.00
2015.04.22 10:16:22.567,1.00864,1.00885,1.00,1.00
2015.04.22 10:16:23.073,1.00863,1.00885,1.00,1.00
2015.04.22 10:16:23.578,1.00862,1.00885,1.00,1.00
2015.04.22 10:16:24.131,1.00862,1.00885,1.37,1.00
2015.04.22 10:16:24.282,1.00865,1.00885,1.00,1.00
2015.04.22 10:16:25.392,1.00866,1.00885,1.00,1.00
2015.04.22 10:16:27.209,1.00866,1.0089,1.00,1.00
2015.04.22 10:16:28.567,1.00867,1.0089,1.00,1.00
2015.04.22 10:16:29.374,1.00867,1.0089,1.37,1.00
2015.04.22 10:16:32.587,1.00867,1.0089,1.87,1.00
2015.04.22 10:16:34.125,1.00865,1.0089,1.87,1.00
2015.04.22 10:16:34.899,1.00868,1.0089,1.37,1.00
2015.04.22 10:16:35.669,1.00865,1.0089,1.37,1.00
2015.04.22 10:16:35.871,1.00865,1.0089,1.00,1.50
2015.04.22 10:16:36.133,1.00865,1.00886,1.00,1.00
2015.04.22 10:16:36.635,1.00865,1.00885,1.00,1.00
2015.04.22 10:16:37.291,1.00865,1.00885,1.37,1.00
2015.04.22 10:16:37.342,1.00865,1.0089,1.37,1.15
2015.04.22 10:16:37.544,1.00863,1.00886,1.37,1.00
2015.04.22 10:16:39.295,1.00863,1.00886,1.37,1.00
2015.04.22 10:16:39.598,1.00863,1.00886,1.37,1.00
2015.04.22 10:16:40.052,1.00863,1.00886,1.12,1.00
2015.04.22 10:16:40.406,1.00863,1.00886,1.00,1.15
2015.04.22 10:16:42.385,1.00863,1.00884,1.00,1.00
2015.04.22 10:16:43.393,1.00863,1.00884,1.00,1.17
2015.04.22 10:16:44.127,1.00859,1.00884,1.00,1.17
2015.04.22 10:16:44.859,1.00859,1.00884,1.00,1.15
2015.04.22 10:16:45.364,1.00859,1.00884,1.00,1.15
2015.04.22 10:16:45.667,1.00859,1.00884,1.00,1.20
2015.04.22 10:16:46.212,1.00859,1.00884,1.00,1.17
2015.04.22 10:16:47.644,1.00856,1.00881,1.00,1.15
2015.04.22 10:16:48.271,1.00856,1.00881,1.00,1.00
2015.04.22 10:16:48.625,1.00856,1.00881,1.37,1.00
2015.04.22 10:16:48.878,1.00856,1.00881,1.00,1.00
2015.04.22 10:16:49.080,1.00856,1.00881,1.37,1.00
2015.04.22 10:16:49.332,1.0086,1.00883,1.00,1.10
2015.04.22 10:16:49.842,1.0086,1.00883,1.00,1.17
2015.04.22 10:16:49.944,1.00861,1.00883,1.37,1.10
2015.04.22 10:16:50.095,1.00864,1.00886,1.37,1.00
2015.04.22 10:16:50.398,1.00866,1.00889,1.12,1.00
2015.04.22 10:16:50.600,1.00866,1.00889,1.37,1.00
2015.04.22 10:16:50.852,1.00866,1.00889,1.37,1.00
2015.04.22 10:16:51.407,1.00866,1.00889,1.00,1.00
2015.04.22 10:16:51.911,1.00863,1.00886,1.37,1.00
2015.04.22 10:16:52.417,1.00863,1.00886,1.00,1.00
2015.04.22 10:16:56.534,1.00866,1.00889,1.00,1.00
2015.04.22 10:16:57.745,1.00866,1.00889,1.00,1.07
2015.04.22 10:16:58.731,1.00866,1.00889,1.12,1.00
2015.04.22 10:17:02.826,1.00866,1.00889,1.37,1.00
2015.04.22 10:17:03.390,1.00866,1.00889,1.00,1.00
2015.04.22 10:17:04.698,1.00862,1.00887,1.00,1.00
2015.04.22 10:17:05.304,1.00862,1.00887,1.00,1.07
2015.04.22 10:17:05.708,1.00862,1.00887,1.00,1.10
2015.04.22 10:17:06.577,1.00859,1.00884,1.00,1.00
2015.04.22 10:17:11.227,1.00859,1.00884,1.00,1.57
2015.04.22 10:17:11.731,1.00859,1.00884,1.00,1.00
2015.04.22 10:17:12.929,1.00863,1.00886,1.00,1.10
2015.04.22 10:17:15.051,1.00865,1.0089,1.00,1.00
2015.04.22 10:17:15.829,1.00865,1.00889,1.00,1.00
2015.04.22 10:17:15.930,1.00865,1.0089,1.00,1.65
2015.04.22 10:17:16.234,1.00863,1.00886,1.00,1.00
2015.04.22 10:17:17.299,1.00863,1.00886,1.00,1.07
2015.04.22 10:17:17.804,1.00863,1.00886,1.00,1.00
2015.04.22 10:17:20.111,1.00865,1.0089,1.00,1.00
2015.04.22 10:17:21.169,1.00868,1.0089,1.00,1.00
2015.04.22 10:17:21.625,1.00869,1.0089,1.37,1.00
2015.04.22 10:17:21.726,1.00868,1.00893,1.87,1.00
2015.04.22 10:17:23.857,1.0087,1.00893,1.37,1.17
2015.04.22 10:17:24.059,1.00867,1.0089,1.37,1.00
2015.04.22 10:17:24.367,1.00867,1.0089,1.12,1.00
2015.04.22 10:17:24.569,1.00869,1.0089,1.00,1.00
2015.04.22 10:17:24.881,1.00869,1.0089,1.37,1.00
2015.04.22 10:17:25.032,1.0087,1.00893,1.37,1.00
2015.04.22 10:17:26.609,1.0087,1.00893,1.87,1.00
2015.04.22 10:17:32.838,1.0087,1.00893,1.37,1.00
2015.04.22 10:17:34.623,1.0087,1.00893,1.12,1.00
2015.04.22 10:17:34.937,1.00868,1.00891,1.37,1.00
2015.04.22 10:17:36.394,1.00868,1.00891,1.37,1.00
2015.04.22 10:17:36.596,1.00869,1.00891,1.37,1.00
2015.04.22 10:17:36.798,1.00866,1.00891,1.37,1.00
2015.04.22 10:17:37.830,1.00869,1.00891,1.37,1.00
2015.04.22 10:17:38.335,1.00871,1.00891,1.37,1.07
2015.04.22 10:17:38.638,1.00872,1.00891,1.37,1.07
2015.04.22 10:17:38.803,1.00869,1.00891,1.37,1.00
2015.04.22 10:17:40.656,1.00866,1.00891,1.87,1.00
2015.04.22 10:17:41.341,1.00869,1.00891,1.37,1.00
2015.04.22 10:17:41.746,1.00871,1.00894,1.37,1.00
2015.04.22 10:17:41.897,1.00871,1.00894,1.55,1.00
2015.04.22 10:17:42.103,1.00871,1.00894,1.55,1.00
2015.04.22 10:17:42.424,1.00873,1.00894,1.47,1.00
2015.04.22 10:17:43.435,1.00873,1.00898,1.95,1.00
2015.04.22 10:17:49.116,1.00873,1.00898,1.37,1.15
2015.04.22 10:17:49.570,1.00871,1.00895,1.37,1.00
2015.04.22 10:17:49.772,1.00869,1.00891,1.87,1.00
2015.04.22 10:17:51.326,1.00869,1.00891,1.87,1.00
2015.04.22 10:17:51.680,1.00872,1.00893,1.37,1.00
2015.04.22 10:17:52.886,1.00872,1.00893,1.37,1.00
2015.04.22 10:17:53.340,1.0087,1.00893,1.37,1.00
2015.04.22 10:17:53.643,1.00867,1.0089,1.87,1.00
2015.04.22 10:17:54.098,1.00867,1.0089,1.87,1.00
2015.04.22 10:17:55.839,1.00869,1.00894,1.95,1.00
2015.04.22 10:17:56.042,1.0087,1.00894,1.00,1.00
2015.04.22 10:17:56.400,1.0087,1.00894,1.37,1.00
2015.04.22 10:17:56.603,1.0087,1.00894,1.12,1.00
2015.04.22 10:17:58.864,1.00869,1.00894,1.10,1.00
2015.04.22 10:17:59.167,1.00869,1.00894,1.47,1.00
2015.04.22 10:17:59.369,1.00869,1.00894,1.50,1.00
2015.04.22 10:18:01.077,1.00872,1.00894,1.00,1.00
2015.04.22 10:18:01.380,1.00872,1.00894,1.37,1.00
2015.04.22 10:18:18.811,1.00872,1.00894,1.37,1.00
2015.04.22 10:18:22.309,1.00877,1.00894,1.00,1.00
2015.04.22 10:18:22.612,1.00873,1.00897,1.57,1.00
2015.04.22 10:18:22.814,1.00878,1.00897,1.00,1.00
2015.04.22 10:18:22.865,1.00873,1.00897,1.00,1.00
2015.04.22 10:18:23.131,1.00872,1.00897,1.87,1.00
2015.04.22 10:18:24.127,1.00872,1.00897,1.87,1.00
2015.04.22 10:18:24.329,1.00876,1.009,1.37,1.00
2015.04.22 10:18:24.762,1.00873,1.00896,1.87,1.00
2015.04.22 10:18:30.081,1.00876,1.00896,1.00,1.00
2015.04.22 10:18:30.183,1.00877,1.00899,1.37,1.00
2015.04.22 10:18:30.284,1.00878,1.00903,1.45,1.00
2015.04.22 10:18:30.386,1.00882,1.00903,1.37,1.00
2015.04.22 10:18:30.890,1.00881,1.00903,1.37,1.00
2015.04.22 10:18:31.042,1.00882,1.00906,1.37,1.00
2015.04.22 10:18:32.499,1.00885,1.00906,1.37,1.00
2015.04.22 10:18:32.701,1.00886,1.00909,2.62,1.00
2015.04.22 10:18:32.803,1.00886,1.00909,2.62,1.00
2015.04.22 10:18:33.129,1.00886,1.00909,1.87,1.10
2015.04.22 10:18:33.432,1.00887,1.00909,1.87,1.10
2015.04.22 10:18:34.362,1.0089,1.00909,1.37,1.00
2015.04.22 10:18:34.998,1.00887,1.00909,1.37,1.00
2015.04.22 10:18:35.099,1.00887,1.00909,1.37,1.00
2015.04.22 10:18:36.109,1.00887,1.00909,1.87,1.00
2015.04.22 10:18:36.312,1.00887,1.00909,1.37,1.00
2015.04.22 10:18:37.110,1.00887,1.00909,1.37,1.00
2015.04.22 10:18:37.312,1.00886,1.00909,1.87,1.00
2015.04.22 10:18:37.666,1.00889,1.00909,1.37,1.00
2015.04.22 10:18:37.969,1.00893,1.00909,1.37,1.00
2015.04.22 10:18:39.863,1.00894,1.00909,1.37,1.00
2015.04.22 10:18:40.068,1.00889,1.00909,1.87,1.00
2015.04.22 10:18:40.724,1.00889,1.00912,1.87,1.00
2015.04.22 10:18:42.574,1.00889,1.00912,1.37,1.00
2015.04.22 10:18:42.826,1.00889,1.00912,1.37,1.00
2015.04.22 10:18:43.130,1.0089,1.00912,1.37,1.00
2015.04.22 10:18:44.789,1.00893,1.00912,1.37,1.00
2015.04.22 10:18:45.345,1.00893,1.00915,1.37,1.00
2015.04.22 10:18:50.066,1.00891,1.00911,1.37,1.00
2015.04.22 10:18:51.969,1.0089,1.00911,1.37,1.00
2015.04.22 10:18:54.936,1.00893,1.00911,1.37,1.00
2015.04.22 10:18:55.153,1.0089,1.00911,1.37,1.00
2015.04.22 10:18:55.733,1.00894,1.00911,1.37,1.00
2015.04.22 10:18:56.888,1.00894,1.00911,1.37,1.00
2015.04.22 10:18:57.096,1.00891,1.00911,1.37,1.00
2015.04.22 10:18:57.349,1.00894,1.00914,1.37,1.00
2015.04.22 10:19:00.721,1.00894,1.00914,1.37,1.00
2015.04.22 10:19:02.059,1.00891,1.00914,1.37,1.00
2015.04.22 10:19:02.412,1.00891,1.00914,1.00,1.00
2015.04.22 10:19:02.615,1.00891,1.00914,1.37,1.00
2015.04.22 10:19:02.917,1.00893,1.00914,1.37,1.00
2015.04.22 10:19:03.616,1.00895,1.00914,1.00,1.00
2015.04.22 10:19:03.666,1.00891,1.00914,1.00,1.00
2015.04.22 10:19:03.768,1.00891,1.00914,1.00,1.65
2015.04.22 10:19:03.818,1.00884,1.00908,1.37,1.00
2015.04.22 10:19:04.021,1.00886,1.00908,1.37,1.00
2015.04.22 10:19:04.173,1.0089,1.00911,1.37,1.00
2015.04.22 10:19:04.375,1.00891,1.00914,1.37,1.00
2015.04.22 10:19:04.577,1.00889,1.00914,1.37,1.00
2015.04.22 10:19:05.048,1.00889,1.00914,1.37,1.65
2015.04.22 10:19:05.380,1.00887,1.00909,1.37,1.00
2015.04.22 10:19:06.573,1.00886,1.00909,1.37,1.15
2015.04.22 10:19:07.088,1.00886,1.00909,1.37,1.15
2015.04.22 10:19:08.443,1.00883,1.00906,1.37,1.00
2015.04.22 10:19:09.309,1.00883,1.00906,1.37,1.00
2015.04.22 10:19:10.429,1.00882,1.00906,1.37,1.00
2015.04.22 10:19:10.952,1.00882,1.00906,1.37,1.00
2015.04.22 10:19:14.365,1.00881,1.00906,1.37,1.10
2015.04.22 10:19:14.618,1.00882,1.00906,1.47,1.00
2015.04.22 10:19:16.791,1.00886,1.00909,1.37,1.00
2015.04.22 10:19:18.204,1.00893,1.00912,1.37,1.00
2015.04.22 10:19:18.255,1.00894,1.00915,1.37,1.00
2015.04.22 10:19:18.356,1.00894,1.00915,1.37,1.00
2015.04.22 10:19:20.340,1.00893,1.00915,1.37,1.00
2015.04.22 10:19:23.084,1.00892,1.00915,1.37,1.00
2015.04.22 10:19:23.849,1.00892,1.00915,1.87,1.00
2015.04.22 10:19:26.458,1.00892,1.00913,1.37,1.00
2015.04.22 10:19:26.610,1.00888,1.00913,1.87,1.00
2015.04.22 10:19:26.811,1.0089,1.00913,1.37,1.00
2015.04.22 10:19:27.316,1.0089,1.00913,1.37,1.00
2015.04.22 10:19:27.367,1.0089,1.00913,1.37,1.00
2015.04.22 10:19:27.821,1.0089,1.00913,1.37,1.00
2015.04.22 10:19:28.125,1.00892,1.00913,1.37,1.00
2015.04.22 10:19:28.377,1.00892,1.00913,1.37,1.00
2015.04.22 10:19:28.579,1.00892,1.00913,1.00,1.00
2015.04.22 10:19:28.804,1.00888,1.00913,1.37,1.00
2015.04.22 10:19:28.905,1.00887,1.00909,1.37,1.00
2015.04.22 10:19:29.943,1.0089,1.00913,1.87,1.00
2015.04.22 10:19:30.864,1.0089,1.00913,1.87,1.00
2015.04.22 10:19:31.167,1.00893,1.00913,1.37,1.00
2015.04.22 10:19:32.601,1.00893,1.00913,1.45,1.00
2015.04.22 10:19:32.854,1.00897,1.00919,1.00,1.00
2015.04.22 10:19:33.107,1.00893,1.00916,1.00,1.00
2015.04.22 10:19:33.433,1.00893,1.00916,1.00,1.15
2015.04.22 10:19:33.534,1.0089,1.00913,1.00,1.00
2015.04.22 10:19:34.645,1.0089,1.00913,1.87,1.00
2015.04.22 10:19:36.942,1.0089,1.00913,1.37,1.00
2015.04.22 10:19:37.600,1.0089,1.00913,1.00,1.00
2015.04.22 10:19:37.902,1.00887,1.00909,1.12,1.00
2015.04.22 10:19:38.458,1.00887,1.00909,1.07,1.00
2015.04.22 10:19:38.965,1.00888,1.00909,1.47,1.00
2015.04.22 10:19:40.022,1.0089,1.00909,1.00,1.00
2015.04.22 10:19:40.224,1.0089,1.00915,1.37,1.00
2015.04.22 10:19:40.325,1.0089,1.00915,1.47,1.00
2015.04.22 10:19:43.498,1.0089,1.00915,1.37,1.17
2015.04.22 10:19:43.852,1.0089,1.00915,1.87,1.17
2015.04.22 10:19:45.635,1.00891,1.00915,1.37,1.17
2015.04.22 10:19:46.140,1.00893,1.00915,1.37,1.00
2015.04.22 10:19:50.584,1.00895,1.00917,1.37,1.00
2015.04.22 10:19:52.096,1.00895,1.00917,1.00,1.00
2015.04.22 10:19:52.248,1.00891,1.00914,1.37,1.00
2015.04.22 10:19:52.766,1.00891,1.00914,1.00,1.00
2015.04.22 10:20:04.557,1.00891,1.00914,1.12,1.07
2015.04.22 10:20:05.567,1.00891,1.00914,1.12,1.00
2015.04.22 10:20:05.870,1.00894,1.00914,1.37,1.00
2015.04.22 10:20:08.041,1.00894,1.00914,1.37,1.00
2015.04.22 10:20:18.639,1.00894,1.00914,1.37,1.00
2015.04.22 10:20:26.003,1.00895,1.00918,1.37,1.00
2015.04.22 10:20:26.104,1.00895,1.00918,1.87,1.00
2015.04.22 10:20:26.206,1.00901,1.00923,1.37,1.00
2015.04.22 10:20:26.661,1.00901,1.00923,1.37,1.00
2015.04.22 10:20:26.863,1.00901,1.00923,1.37,1.00
2015.04.22 10:20:27.331,1.009,1.00923,1.37,1.00
2015.04.22 10:20:27.653,1.009,1.00923,1.37,1.00
2015.04.22 10:20:28.626,1.009,1.00923,1.87,1.00
2015.04.22 10:20:29.636,1.00899,1.00923,1.37,1.10
2015.04.22 10:20:31.393,1.00898,1.00923,1.37,1.00
2015.04.22 10:20:33.182,1.00901,1.00926,1.95,1.00
2015.04.22 10:20:37.673,1.00901,1.00926,1.37,1.00
2015.04.22 10:20:39.831,1.00901,1.00926,1.37,1.00
2015.04.22 10:20:40.074,1.00901,1.00926,1.00,1.00
2015.04.22 10:20:40.427,1.00901,1.00926,1.37,1.00
2015.04.22 10:20:40.730,1.00901,1.00926,1.37,1.00
2015.04.22 10:20:46.104,1.00902,1.00926,1.37,1.00
2015.04.22 10:20:49.621,1.00903,1.00926,1.37,1.00
2015.04.22 10:20:55.167,1.00906,1.00926,1.37,1.00
2015.04.22 10:20:55.470,1.00909,1.00926,1.37,1.00
2015.04.22 10:20:56.045,1.00909,1.00929,1.37,1.00
2015.04.22 10:21:05.031,1.00909,1.00929,1.37,1.00
2015.04.22 10:21:08.541,1.00904,1.00929,2.02,1.00
2015.04.22 10:21:09.544,1.00904,1.00929,2.77,1.00
2015.04.22 10:21:10.096,1.00904,1.00929,2.02,1.00
2015.04.22 10:21:10.620,1.00904,1.00929,2.77,1.00
2015.04.22 10:21:11.458,1.00908,1.00931,1.37,1.00
2015.04.22 10:21:14.197,1.00908,1.00931,1.37,1.00
2015.04.22 10:21:16.144,1.00908,1.00931,1.37,1.00
2015.04.22 10:21:16.397,1.0091,1.00931,1.37,1.00
2015.04.22 10:21:16.603,1.00908,1.00931,1.37,1.00
2015.04.22 10:21:16.829,1.00908,1.00931,1.00,1.00
2015.04.22 10:21:18.563,1.00908,1.00931,1.37,1.00
2015.04.22 10:21:18.880,1.00904,1.00927,1.95,1.00
2015.04.22 10:21:19.340,1.00904,1.00927,1.37,1.00
2015.04.22 10:21:19.860,1.00904,1.00927,1.37,1.00
2015.04.22 10:21:20.314,1.00904,1.00927,1.37,1.00
2015.04.22 10:21:20.668,1.00904,1.00927,1.87,1.00
2015.04.22 10:21:21.072,1.00912,1.00932,1.37,1.00
2015.04.22 10:21:23.535,1.00912,1.00935,1.37,1.00
2015.04.22 10:21:27.154,1.00913,1.00935,1.37,1.00
2015.04.22 10:21:27.255,1.00912,1.00935,1.37,1.00
2015.04.22 10:21:29.489,1.00912,1.00935,1.37,1.00
2015.04.22 10:21:42.575,1.0091,1.00935,1.20,1.00
2015.04.22 10:21:42.878,1.0091,1.00935,1.47,1.00
2015.04.22 10:21:43.538,1.0091,1.00935,1.37,1.00
2015.04.22 10:21:47.070,1.0091,1.00935,1.27,1.00
2015.04.22 10:21:47.574,1.0091,1.00935,1.00,1.00
2015.04.22 10:21:48.052,1.0091,1.00935,1.37,1.00
2015.04.22 10:21:49.838,1.0091,1.00935,1.12,1.00
2015.04.22 10:21:50.212,1.0091,1.00935,1.00,1.65
2015.04.22 10:21:50.731,1.0091,1.00933,1.00,1.17
2015.04.22 10:21:51.235,1.0091,1.00933,1.00,1.00
2015.04.22 10:21:52.042,1.00906,1.00931,1.20,1.00
2015.04.22 10:21:54.373,1.00904,1.00927,1.37,1.00
2015.04.22 10:21:57.165,1.00904,1.00927,1.00,1.00
2015.04.22 10:21:59.081,1.00904,1.00927,1.37,1.00
2015.04.22 10:21:59.586,1.00904,1.00927,1.37,1.00
2015.04.22 10:22:00.680,1.00904,1.00927,1.12,1.00
2015.04.22 10:22:01.185,1.00904,1.00927,1.37,1.00
2015.04.22 10:22:01.387,1.00904,1.00927,1.37,1.00
2015.04.22 10:22:06.091,1.00904,1.00927,1.37,1.00
2015.04.22 10:22:08.631,1.00904,1.00927,1.37,1.00
2015.04.22 10:22:08.833,1.00904,1.00927,1.37,1.50
2015.04.22 10:22:09.145,1.00903,1.00924,1.37,1.00
2015.04.22 10:22:10.613,1.00903,1.00924,1.37,1.00
2015.04.22 10:22:16.630,1.00902,1.00924,1.37,1.00
2015.04.22 10:22:18.631,1.00902,1.00924,1.37,1.00
2015.04.22 10:22:19.388,1.00901,1.00924,1.87,1.00
2015.04.22 10:22:19.641,1.00901,1.00924,1.37,1.00
2015.04.22 10:22:19.944,1.00901,1.00924,1.87,1.00
2015.04.22 10:22:20.415,1.00901,1.00924,1.47,1.00
2015.04.22 10:22:20.617,1.00901,1.00924,1.47,1.00
2015.04.22 10:22:20.819,1.00903,1.00924,1.37,1.00
2015.04.22 10:22:21.181,1.00901,1.00924,1.87,1.00
2015.04.22 10:22:21.383,1.00903,1.00924,1.37,1.00
2015.04.22 10:22:21.610,1.00901,1.00924,1.87,1.00
2015.04.22 10:22:21.812,1.00903,1.00924,1.37,1.00
2015.04.22 10:22:22.576,1.00901,1.00924,1.87,1.00
2015.04.22 10:22:25.357,1.00903,1.00924,1.12,1.00
2015.04.22 10:22:25.509,1.00898,1.00921,1.37,1.00
2015.04.22 10:22:25.830,1.00898,1.00921,1.37,1.00
2015.04.22 10:22:26.895,1.00898,1.00921,1.37,1.00
2015.04.22 10:22:27.218,1.00903,1.00921,1.37,1.00
2015.04.22 10:22:29.101,1.00898,1.00921,1.37,1.00
2015.04.22 10:22:39.082,1.00898,1.00921,1.37,1.00
2015.04.22 10:22:43.394,1.00898,1.00921,1.37,1.00
2015.04.22 10:22:43.916,1.00898,1.00921,1.37,1.00
2015.04.22 10:22:44.150,1.00898,1.00921,1.37,1.00
2015.04.22 10:22:44.352,1.00902,1.00921,1.37,1.00
2015.04.22 10:22:51.840,1.00898,1.00921,1.55,1.00
2015.04.22 10:22:51.891,1.00901,1.00924,1.37,1.00
2015.04.22 10:22:57.129,1.00901,1.00924,1.37,1.00
2015.04.22 10:22:57.331,1.00901,1.00924,1.37,1.00
2015.04.22 10:22:57.584,1.00901,1.00924,1.37,1.00
2015.04.22 10:23:00.222,1.00904,1.00924,1.37,1.00
2015.04.22 10:23:03.047,1.00904,1.00924,1.37,1.00
2015.04.22 10:23:04.633,1.00905,1.00924,1.37,1.00
2015.04.22 10:23:04.800,1.00904,1.00929,1.37,1.00
2015.04.22 10:23:04.901,1.00904,1.00929,1.87,1.00
2015.04.22 10:23:05.053,1.00908,1.00929,1.37,1.00
2015.04.22 10:23:05.799,1.00912,1.00929,1.00,1.00
2015.04.22 10:23:05.951,1.00904,1.00929,1.87,1.07
2015.04.22 10:23:06.254,1.00901,1.00924,1.37,1.00
2015.04.22 10:23:06.356,1.00901,1.00924,1.37,1.00
2015.04.22 10:23:07.162,1.00904,1.00924,1.37,1.00
2015.04.22 10:23:10.333,1.00901,1.00924,1.37,1.00
2015.04.22 10:23:11.105,1.00903,1.00924,1.47,1.00
2015.04.22 10:23:13.535,1.00901,1.00924,1.37,1.00
2015.04.22 10:23:13.586,1.00905,1.00924,1.00,1.00
2015.04.22 10:23:13.688,1.00901,1.00924,1.37,1.00
2015.04.22 10:23:17.161,1.00901,1.00924,1.00,1.00
2015.04.22 10:23:30.139,1.00901,1.00924,1.37,1.00
2015.04.22 10:23:31.124,1.00901,1.00924,1.37,1.00
2015.04.22 10:23:31.427,1.00898,1.00921,1.87,1.00
2015.04.22 10:23:31.881,1.00898,1.00921,1.37,1.00
2015.04.22 10:23:32.133,1.00898,1.00921,1.37,1.00
2015.04.22 10:23:32.537,1.00898,1.00921,1.45,1.00
2015.04.22 10:23:33.318,1.00899,1.00921,1.47,1.00
2015.04.22 10:23:34.772,1.00898,1.00921,1.45,1.00
2015.04.22 10:23:36.381,1.009,1.00921,1.47,1.00
2015.04.22 10:23:36.432,1.009,1.00925,1.95,1.00
2015.04.22 10:23:41.775,1.00902,1.00925,1.57,1.00
2015.04.22 10:23:43.418,1.00902,1.00925,1.57,1.00
2015.04.22 10:23:44.133,1.00902,1.00925,1.57,1.00
2015.04.22 10:23:44.633,1.00902,1.00925,1.57,1.00
2015.04.22 10:23:46.875,1.00904,1.00927,1.37,1.00
2015.04.22 10:23:48.326,1.00904,1.00926,1.37,1.00
2015.04.22 10:23:48.630,1.00904,1.00926,1.37,1.00
2015.04.22 10:23:49.709,1.00904,1.00927,1.37,1.50
2015.04.22 10:23:50.611,1.00904,1.00926,1.37,1.00
2015.04.22 10:23:51.317,1.00904,1.00927,1.37,1.00
2015.04.22 10:23:53.343,1.00904,1.00927,1.37,1.00
2015.04.22 10:23:53.545,1.00904,1.00927,1.37,1.50
2015.04.22 10:23:54.999,1.00904,1.00927,1.37,1.00
2015.04.22 10:23:58.311,1.00901,1.00923,1.37,1.00
2015.04.22 10:23:58.413,1.009,1.00923,1.37,1.00
2015.04.22 10:23:58.919,1.009,1.00923,1.00,1.00
2015.04.22 10:23:59.378,1.009,1.00923,1.00,1.07
2015.04.22 10:23:59.429,1.00896,1.00919,1.00,1.00
2015.04.22 10:24:04.785,1.00896,1.00919,1.00,1.57
2015.04.22 10:24:04.836,1.00894,1.00917,1.00,1.17
2015.04.22 10:24:05.049,1.00888,1.00913,1.00,1.00
2015.04.22 10:24:05.640,1.00888,1.00913,1.37,1.00
2015.04.22 10:24:06.094,1.00888,1.00913,1.37,1.00
2015.04.22 10:24:11.814,1.00888,1.00913,1.37,1.00
2015.04.22 10:24:12.169,1.00888,1.00913,1.37,1.00
2015.04.22 10:24:14.217,1.0089,1.00913,1.37,1.00
2015.04.22 10:24:15.357,1.00888,1.00913,1.37,1.10
2015.04.22 10:24:16.332,1.00888,1.00913,1.37,1.00
2015.04.22 10:24:17.518,1.00888,1.00913,1.37,1.00
2015.04.22 10:24:19.289,1.00888,1.00913,1.37,1.00
2015.04.22 10:24:20.852,1.00888,1.00913,1.57,1.00
2015.04.22 10:24:25.580,1.00888,1.00913,1.57,1.00
2015.04.22 10:24:25.883,1.00888,1.00913,1.37,1.50
2015.04.22 10:24:26.387,1.00888,1.00913,1.00,1.17
2015.04.22 10:24:28.950,1.00888,1.00913,1.00,1.00
2015.04.22 10:24:31.859,1.00888,1.00913,1.07,1.00
2015.04.22 10:24:32.313,1.00885,1.0091,1.37,1.00
2015.04.22 10:24:32.616,1.00885,1.0091,1.00,1.15
2015.04.22 10:24:33.564,1.00885,1.0091,1.00,1.00
2015.04.22 10:24:43.187,1.00885,1.0091,1.00,1.65
2015.04.22 10:24:44.701,1.00885,1.00906,1.00,1.00
2015.04.22 10:24:44.752,1.00883,1.00906,1.12,1.50
2015.04.22 10:24:44.954,1.00883,1.00905,1.00,1.17
2015.04.22 10:24:45.501,1.00883,1.00906,1.00,1.50
2015.04.22 10:24:45.602,1.00883,1.00906,1.37,1.50
2015.04.22 10:24:48.206,1.00883,1.00906,1.37,1.00
2015.04.22 10:24:52.325,1.00883,1.00906,1.00,1.00
2015.04.22 10:24:52.678,1.0088,1.00903,1.37,1.00
2015.04.22 10:24:55.246,1.0088,1.00903,1.37,1.00
2015.04.22 10:24:56.902,1.0088,1.00903,1.37,1.00
2015.04.22 10:24:57.424,1.0088,1.00903,1.37,1.00
2015.04.22 10:24:57.596,1.0088,1.00903,1.37,1.00
2015.04.22 10:24:59.553,1.0088,1.00903,1.37,1.00
2015.04.22 10:25:03.178,1.0088,1.00903,1.12,1.00
2015.04.22 10:25:03.848,1.0088,1.00903,1.37,1.00
2015.04.22 10:25:03.949,1.0088,1.00903,1.00,1.00
2015.04.22 10:25:04.834,1.0088,1.00903,1.37,1.00
2015.04.22 10:25:08.041,1.0088,1.00903,1.00,1.00
2015.04.22 10:25:09.876,1.0088,1.00903,1.37,1.00
2015.04.22 10:25:10.885,1.0088,1.00903,1.00,1.00
2015.04.22 10:25:23.909,1.00876,1.00899,1.15,1.00
2015.04.22 10:25:24.415,1.00876,1.00899,1.00,1.00
2015.04.22 10:25:33.126,1.00876,1.00899,1.37,1.00
2015.04.22 10:25:33.716,1.00876,1.00899,1.37,1.00
2015.04.22 10:25:33.768,1.00876,1.00899,1.37,1.00
2015.04.22 10:25:33.869,1.00876,1.00899,1.37,1.00
2015.04.22 10:25:34.666,1.00876,1.00899,1.37,1.00
2015.04.22 10:25:35.885,1.00876,1.00899,1.37,1.00
2015.04.22 10:25:36.312,1.00876,1.00899,1.12,1.50
2015.04.22 10:25:36.666,1.00873,1.00896,1.00,1.00
2015.04.22 10:25:39.044,1.00873,1.00896,1.37,1.00
2015.04.22 10:25:42.363,1.00873,1.00896,1.00,1.00
2015.04.22 10:25:42.514,1.00869,1.00894,1.27,1.00
2015.04.22 10:25:42.919,1.00873,1.00896,1.20,1.00
2015.04.22 10:25:43.223,1.00875,1.009,1.37,1.00
2015.04.22 10:25:43.527,1.00875,1.009,1.37,1.00
2015.04.22 10:25:48.265,1.00875,1.009,1.52,1.00
2015.04.22 10:25:49.378,1.00875,1.009,1.52,1.00
2015.04.22 10:25:49.429,1.00872,1.00895,2.02,1.00
2015.04.22 10:25:52.016,1.00872,1.00895,1.37,1.00
2015.04.22 10:25:53.374,1.00874,1.00895,1.27,1.00
2015.04.22 10:25:53.475,1.00877,1.009,1.00,1.00
2015.04.22 10:25:53.576,1.00877,1.009,1.37,1.00
2015.04.22 10:26:01.373,1.00877,1.009,1.12,1.50
2015.04.22 10:26:01.726,1.00877,1.00897,1.00,1.00
2015.04.22 10:26:01.839,1.00873,1.00896,1.12,1.00
2015.04.22 10:26:04.668,1.00873,1.00896,1.37,1.00
2015.04.22 10:26:08.703,1.00873,1.00896,1.12,1.00
2015.04.22 10:26:19.785,1.00876,1.00899,1.00,1.00
2015.04.22 10:26:31.920,1.00877,1.00899,1.00,1.00
2015.04.22 10:26:35.763,1.00876,1.00899,1.87,1.00
2015.04.22 10:26:36.068,1.0088,1.00903,1.15,1.00
2015.04.22 10:26:36.388,1.00882,1.00903,1.37,1.00
2015.04.22 10:26:36.712,1.00882,1.00903,1.37,1.00
2015.04.22 10:26:41.885,1.00883,1.00906,1.37,1.00
2015.04.22 10:26:43.264,1.00883,1.00906,1.37,1.10
2015.04.22 10:26:43.797,1.00883,1.00906,1.12,1.10
2015.04.22 10:26:49.469,1.00883,1.00906,1.37,1.00
2015.04.22 10:27:07.838,1.00883,1.00906,1.37,1.00
2015.04.22 10:27:11.537,1.00884,1.00906,2.02,1.00
2015.04.22 10:27:11.588,1.00886,1.00911,1.47,1.00
2015.04.22 10:27:11.689,1.0089,1.00913,1.37,1.07
2015.04.22 10:27:11.891,1.00886,1.00911,1.37,1.00
2015.04.22 10:27:11.992,1.00886,1.00911,1.37,1.15
2015.04.22 10:27:12.295,1.00886,1.00911,1.87,1.00
2015.04.22 10:27:15.565,1.0089,1.00913,1.37,1.10
2015.04.22 10:27:18.876,1.00893,1.00916,1.37,1.00
2015.04.22 10:27:19.129,1.00893,1.00916,1.37,1.00
2015.04.22 10:27:21.679,1.00893,1.00916,1.37,1.00
2015.04.22 10:27:24.404,1.00893,1.00916,1.12,1.00
2015.04.22 10:27:26.383,1.00893,1.00916,1.37,1.00
2015.04.22 10:27:26.838,1.00893,1.00916,1.37,1.00
2015.04.22 10:27:27.342,1.00893,1.00916,1.37,1.00
2015.04.22 10:27:29.034,1.00893,1.00916,1.37,1.00
2015.04.22 10:27:29.639,1.00896,1.00919,1.37,1.00
2015.04.22 10:27:31.003,1.00896,1.00919,1.37,1.00
2015.04.22 10:27:40.793,1.00896,1.00919,1.37,1.00
2015.04.22 10:27:43.874,1.00896,1.00919,1.37,1.00
2015.04.22 10:27:45.452,1.00896,1.00917,1.37,1.00
2015.04.22 10:27:45.554,1.00896,1.00918,1.37,1.00
2015.04.22 10:27:45.705,1.00893,1.00916,1.37,1.00
2015.04.22 10:27:46.210,1.00893,1.00916,1.37,1.17
2015.04.22 10:27:46.512,1.0089,1.00913,1.47,1.00
2015.04.22 10:27:46.866,1.0089,1.00913,1.47,1.00
2015.04.22 10:27:49.304,1.0089,1.00913,1.37,1.00
2015.04.22 10:27:58.345,1.00894,1.00917,1.12,1.00
2015.04.22 10:28:04.789,1.00894,1.00917,1.37,1.00
2015.04.22 10:28:05.804,1.00897,1.0092,1.00,1.00
2015.04.22 10:28:14.360,1.00897,1.0092,1.45,1.00
2015.04.22 10:28:14.613,1.00897,1.0092,1.27,1.00
2015.04.22 10:28:14.714,1.009,1.00923,1.00,1.00
2015.04.22 10:28:36.807,1.009,1.00923,1.37,1.00
2015.04.22 10:28:41.512,1.009,1.00923,1.37,1.00
2015.04.22 10:28:46.076,1.00904,1.00927,1.12,1.00
2015.04.22 10:28:48.136,1.00904,1.00927,1.37,1.00
2015.04.22 10:28:48.338,1.00904,1.00927,1.37,1.00
2015.04.22 10:28:54.333,1.00904,1.00927,1.37,1.07
2015.04.22 10:28:54.667,1.00904,1.00927,1.37,1.10
2015.04.22 10:28:55.071,1.00904,1.00927,1.37,1.00
2015.04.22 10:28:57.280,1.00907,1.0093,1.87,1.00
2015.04.22 10:29:01.350,1.00908,1.0093,1.37,1.00
2015.04.22 10:29:01.653,1.00911,1.0093,1.37,1.00
2015.04.22 10:29:01.804,1.00909,1.00934,1.37,1.00
2015.04.22 10:29:03.005,1.00906,1.00929,1.37,1.00
2015.04.22 10:29:03.106,1.00906,1.00929,1.37,1.00
2015.04.22 10:29:03.258,1.00909,1.00926,1.37,1.00
2015.04.22 10:29:03.557,1.00908,1.00926,1.37,1.00
2015.04.22 10:29:03.658,1.00908,1.00926,1.12,1.00
2015.04.22 10:29:04.062,1.00903,1.00926,1.00,1.00
2015.04.22 10:29:04.622,1.00903,1.00926,1.37,1.00
2015.04.22 10:29:05.162,1.00903,1.00926,1.00,1.00
2015.04.22 10:29:06.768,1.00899,1.00924,1.37,1.00
2015.04.22 10:29:17.862,1.00899,1.00924,1.37,1.00
2015.04.22 10:29:18.174,1.009,1.00924,1.37,1.00
2015.04.22 10:29:24.879,1.00906,1.00924,1.37,1.00
2015.04.22 10:29:25.031,1.00906,1.00929,1.95,1.00
2015.04.22 10:29:25.132,1.00908,1.00933,1.12,1.00
2015.04.22 10:29:25.347,1.00908,1.00931,1.37,1.50
2015.04.22 10:29:25.650,1.00906,1.00929,1.37,1.00
2015.04.22 10:29:26.205,1.00906,1.00929,1.12,1.00
2015.04.22 10:29:26.458,1.00903,1.00926,1.12,1.00
2015.04.22 10:29:28.422,1.00903,1.00926,1.37,1.00
2015.04.22 10:29:28.725,1.00903,1.00926,1.37,1.00
2015.04.22 10:29:29.045,1.00903,1.00926,1.37,1.00
2015.04.22 10:29:29.414,1.00903,1.00926,1.00,1.00
2015.04.22 10:29:31.583,1.00903,1.00926,1.37,1.00
2015.04.22 10:29:31.785,1.00903,1.00926,1.00,1.00
2015.04.22 10:29:32.088,1.00903,1.00926,1.00,1.17
2015.04.22 10:29:35.800,1.00903,1.00922,1.00,1.07
2015.04.22 10:29:35.901,1.00898,1.00921,1.00,1.15
2015.04.22 10:29:36.002,1.00898,1.00915,1.00,1.10
2015.04.22 10:29:36.053,1.0089,1.00915,1.00,1.57
2015.04.22 10:29:36.104,1.0089,1.00915,1.37,1.00
2015.04.22 10:29:36.357,1.0089,1.00915,2.62,1.00
2015.04.22 10:29:38.326,1.0089,1.00915,1.37,1.00
2015.04.22 10:29:38.629,1.0089,1.00915,1.37,1.00
2015.04.22 10:29:39.327,1.0089,1.00915,1.37,1.00
2015.04.22 10:29:39.439,1.0089,1.00915,1.37,1.00
2015.04.22 10:29:43.164,1.0089,1.00915,1.37,1.00
2015.04.22 10:29:43.266,1.0089,1.00915,1.37,1.17
2015.04.22 10:29:43.589,1.0089,1.00915,1.37,1.65
2015.04.22 10:29:44.144,1.0089,1.00915,1.12,1.17
2015.04.22 10:29:44.800,1.0089,1.00915,1.37,1.65
2015.04.22 10:29:45.124,1.0089,1.00915,1.12,1.17
2015.04.22 10:29:45.376,1.0089,1.00915,1.37,1.17
2015.04.22 10:29:45.883,1.0089,1.00915,1.37,1.65
2015.04.22 10:29:47.971,1.0089,1.00915,1.37,1.65
2015.04.22 10:29:49.300,1.0089,1.00915,1.37,1.65
2015.04.22 10:29:52.811,1.0089,1.00915,1.37,1.65
2015.04.22 10:29:54.255,1.0089,1.00915,1.00,1.65
2015.04.22 10:29:55.115,1.0089,1.00915,1.00,1.57
2015.04.22 10:29:55.624,1.0089,1.00915,1.37,1.10
2015.04.22 10:29:55.780,1.0089,1.00915,1.37,1.10
2015.04.22 10:29:56.020,1.0089,1.00915,1.37,1.10
2015.04.22 10:29:56.222,1.0089,1.00915,1.37,1.15
2015.04.22 10:29:56.587,1.00887,1.0091,1.37,1.00
2015.04.22 10:29:57.109,1.00887,1.0091,1.37,1.00
2015.04.22 10:30:01.983,1.00887,1.0091,1.37,1.00
2015.04.22 10:30:04.626,1.00887,1.0091,1.37,1.00
2015.04.22 10:30:05.240,1.00887,1.0091,1.37,1.15
2015.04.22 10:30:05.601,1.00887,1.0091,1.12,1.00
2015.04.22 10:30:05.652,1.00887,1.0091,1.12,1.15
2015.04.22 10:30:05.803,1.00883,1.00906,1.12,1.00
2015.04.22 10:30:06.358,1.00883,1.00906,1.37,1.00
2015.04.22 10:30:09.568,1.00883,1.00906,1.37,1.00
2015.04.22 10:30:10.526,1.00883,1.00906,1.37,1.00
2015.04.22 10:30:11.030,1.00883,1.00906,1.37,1.00
2015.04.22 10:30:18.360,1.00883,1.00906,1.37,1.00
2015.04.22 10:30:18.565,1.00883,1.00906,1.37,1.00
2015.04.22 10:30:18.771,1.00883,1.00906,1.00,1.00
2015.04.22 10:30:34.770,1.00883,1.00906,1.00,1.65
2015.04.22 10:30:35.053,1.00883,1.00906,1.00,1.00
2015.04.22 10:30:35.574,1.00883,1.00906,1.07,1.00
2015.04.22 10:30:35.726,1.00886,1.00909,1.00,1.00
2015.04.22 10:30:36.282,1.00889,1.00912,1.00,1.00
2015.04.22 10:30:36.585,1.00886,1.00909,1.00,1.00
2015.04.22 10:30:40.397,1.00887,1.00909,1.00,1.00
2015.04.22 10:30:40.903,1.00886,1.00909,1.00,1.00
2015.04.22 10:30:47.115,1.00886,1.00909,1.00,1.17
2015.04.22 10:30:47.619,1.00881,1.00906,1.00,1.00
2015.04.22 10:30:53.910,1.00881,1.00906,1.87,1.00
2015.04.22 10:30:54.213,1.00881,1.00906,1.87,1.00
2015.04.22 10:31:00.500,1.00885,1.00908,1.37,1.00
2015.04.22 10:31:00.601,1.00885,1.00908,1.37,1.00
2015.04.22 10:31:00.804,1.00888,1.00911,1.37,1.00
2015.04.22 10:31:02.890,1.00888,1.00911,1.12,1.00
2015.04.22 10:31:06.100,1.00888,1.00911,1.37,1.00
2015.04.22 10:31:06.859,1.00888,1.00911,1.12,1.00
2015.04.22 10:31:07.061,1.00888,1.00911,1.37,1.00
2015.04.22 10:31:11.374,1.00888,1.00911,1.37,1.00
2015.04.22 10:31:11.948,1.00885,1.00908,1.37,1.00
2015.04.22 10:31:12.453,1.00885,1.00908,1.37,1.00
2015.04.22 10:31:13.037,1.00885,1.00908,1.37,1.00
2015.04.22 10:31:13.574,1.00885,1.00908,1.87,1.00
2015.04.22 10:31:14.095,1.00885,1.00908,1.37,1.00
2015.04.22 10:31:14.787,1.00888,1.00911,1.37,1.17
2015.04.22 10:31:15.844,1.00888,1.00911,1.37,1.00
2015.04.22 10:31:22.910,1.00888,1.00911,1.37,1.10
2015.04.22 10:31:23.424,1.00888,1.00911,1.37,1.10
2015.04.22 10:31:26.314,1.00888,1.00911,1.37,1.00
2015.04.22 10:31:29.305,1.00888,1.00911,1.37,1.00
2015.04.22 10:31:29.659,1.00888,1.00911,1.87,1.00
2015.04.22 10:31:30.853,1.00888,1.00911,1.87,1.00
2015.04.22 10:31:34.923,1.00888,1.00911,1.37,1.10
2015.04.22 10:31:35.379,1.00888,1.00911,1.37,1.00
2015.04.22 10:31:35.883,1.00888,1.00911,1.37,1.00
2015.04.22 10:31:38.355,1.00891,1.00914,1.37,1.00
2015.04.22 10:31:39.417,1.00891,1.00914,1.00,1.00
2015.04.22 10:31:39.670,1.00891,1.00914,1.37,1.00
2015.04.22 10:31:40.073,1.00891,1.00914,1.00,1.00
2015.04.22 10:31:40.325,1.00891,1.00914,1.37,1.00
2015.04.22 10:31:40.866,1.00891,1.00914,1.00,1.00
2015.04.22 10:31:41.068,1.00891,1.00914,1.37,1.00
2015.04.22 10:31:41.271,1.00891,1.00914,1.00,1.00
2015.04.22 10:31:41.814,1.00891,1.00914,1.37,1.00
2015.04.22 10:31:42.361,1.00891,1.00914,1.00,1.00
2015.04.22 10:31:45.155,1.00891,1.00914,1.37,1.00
2015.04.22 10:31:45.259,1.00894,1.00917,1.00,1.00
2015.04.22 10:31:45.789,1.00894,1.00917,1.37,1.00
2015.04.22 10:31:46.149,1.00894,1.00917,1.00,1.00
2015.04.22 10:31:47.107,1.00894,1.00917,1.37,1.00
2015.04.22 10:31:47.612,1.00894,1.00917,1.00,1.00
2015.04.22 10:31:48.138,1.00894,1.00917,1.37,1.00
2015.04.22 10:31:49.106,1.00894,1.00917,1.10,1.00
2015.04.22 10:31:49.309,1.00894,1.00917,1.47,1.00
2015.04.22 10:31:49.612,1.00897,1.00922,1.37,1.00
2015.04.22 10:31:49.663,1.00897,1.00922,1.37,1.00
2015.04.22 10:31:50.117,1.00897,1.00922,1.37,1.00
2015.04.22 10:31:59.510,1.00897,1.00922,1.37,1.17
2015.04.22 10:31:59.612,1.00897,1.00922,1.37,1.15
2015.04.22 10:31:59.931,1.00894,1.00917,1.37,1.00
2015.04.22 10:32:00.083,1.00894,1.00917,1.37,1.00
2015.04.22 10:32:00.595,1.00894,1.00917,1.00,1.00
2015.04.22 10:32:00.645,1.00894,1.00917,1.37,1.00
2015.04.22 10:32:01.621,1.00894,1.00917,1.37,1.00
2015.04.22 10:32:02.642,1.00894,1.00917,1.37,1.00
2015.04.22 10:32:02.945,1.00895,1.00917,1.37,1.00
2015.04.22 10:32:03.641,1.00894,1.00917,1.37,1.00
2015.04.22 10:32:03.845,1.00894,1.00917,1.37,1.00
2015.04.22 10:32:04.048,1.00894,1.00917,1.37,1.00
2015.04.22 10:32:04.570,1.00894,1.00917,1.37,1.10
2015.04.22 10:32:04.621,1.00894,1.00917,1.37,1.10
2015.04.22 10:32:04.830,1.00894,1.00917,1.37,1.10
2015.04.22 10:32:05.032,1.00894,1.00917,1.37,1.10
2015.04.22 10:32:05.386,1.00894,1.00917,1.37,1.10
2015.04.22 10:32:05.612,1.00894,1.00917,1.37,1.10
2015.04.22 10:32:08.554,1.00894,1.00917,1.37,1.10
2015.04.22 10:32:09.566,1.00894,1.00917,1.00,1.00
2015.04.22 10:32:12.339,1.00894,1.00917,1.37,1.00
2015.04.22 10:32:12.643,1.00894,1.00917,1.37,1.00
2015.04.22 10:32:12.846,1.00894,1.00917,1.37,1.00
2015.04.22 10:32:16.403,1.00894,1.00917,1.00,1.00
2015.04.22 10:32:31.122,1.00894,1.00917,1.00,1.07
2015.04.22 10:32:31.375,1.00891,1.00914,1.00,1.00
2015.04.22 10:32:32.899,1.00891,1.00914,1.00,1.07
2015.04.22 10:32:33.359,1.00888,1.00911,1.37,1.00
2015.04.22 10:32:34.668,1.00888,1.00911,1.37,1.00
2015.04.22 10:32:34.870,1.00888,1.00911,1.12,1.00
2015.04.22 10:32:35.625,1.00888,1.0091,1.00,1.00
2015.04.22 10:32:36.130,1.00888,1.00911,1.00,1.00
2015.04.22 10:32:38.128,1.00888,1.0091,1.00,1.00
2015.04.22 10:32:39.388,1.00888,1.00909,1.00,1.00
2015.04.22 10:32:39.590,1.00882,1.00907,1.37,1.50
2015.04.22 10:32:39.809,1.00882,1.00907,1.37,1.00
2015.04.22 10:32:40.163,1.00886,1.00911,1.12,1.00
2015.04.22 10:32:41.679,1.00883,1.00906,1.00,1.00
2015.04.22 10:32:42.896,1.00886,1.00909,1.00,1.00
2015.04.22 10:32:44.650,1.00886,1.00909,1.37,1.00
2015.04.22 10:32:44.908,1.00888,1.00913,1.00,1.50
2015.04.22 10:32:45.444,1.00888,1.00912,1.00,1.00
2015.04.22 10:32:45.761,1.00886,1.00909,1.37,1.00
2015.04.22 10:32:46.961,1.00886,1.00907,1.37,1.00
2015.04.22 10:32:50.128,1.00886,1.00909,1.37,1.00
2015.04.22 10:32:50.179,1.00886,1.00909,1.37,1.00
2015.04.22 10:32:50.468,1.00886,1.00909,1.27,1.00
2015.04.22 10:32:50.569,1.0089,1.00913,1.37,1.00
2015.04.22 10:32:50.821,1.0089,1.00913,1.10,1.00
2015.04.22 10:32:51.376,1.0089,1.00913,1.47,1.00
2015.04.22 10:32:51.679,1.00893,1.00916,1.37,1.00
2015.04.22 10:32:53.140,1.00893,1.00916,1.10,1.00
2015.04.22 10:32:53.645,1.00893,1.00916,1.47,1.00
2015.04.22 10:32:53.898,1.00893,1.00916,1.47,1.00
2015.04.22 10:33:00.372,1.00893,1.00916,1.12,1.00
2015.04.22 10:33:05.331,1.00893,1.00916,1.37,1.00
2015.04.22 10:33:05.835,1.00893,1.00916,1.00,1.00
2015.04.22 10:33:07.637,1.00893,1.00916,1.37,1.00
2015.04.22 10:33:08.092,1.00893,1.00916,1.37,1.00
2015.04.22 10:33:08.294,1.00893,1.00916,1.00,1.00
2015.04.22 10:33:08.469,1.00893,1.00916,1.00,1.15
2015.04.22 10:33:08.521,1.0089,1.00913,1.37,1.00
2015.04.22 10:33:09.037,1.0089,1.00913,1.00,1.00
2015.04.22 10:33:11.962,1.00885,1.0091,1.47,1.00
2015.04.22 10:33:13.355,1.00885,1.0091,1.10,1.00
2015.04.22 10:33:13.860,1.00885,1.0091,1.47,1.00
2015.04.22 10:33:14.365,1.00885,1.0091,1.20,1.00
2015.04.22 10:33:19.616,1.00885,1.0091,1.47,1.00
2015.04.22 10:33:20.121,1.00885,1.0091,1.10,1.00
2015.04.22 10:33:26.098,1.00885,1.0091,1.37,1.00
2015.04.22 10:33:43.836,1.00885,1.0091,1.45,1.00
2015.04.22 10:33:47.364,1.00885,1.0091,1.37,1.00
2015.04.22 10:33:48.350,1.00885,1.0091,1.37,1.07
2015.04.22 10:33:48.552,1.00885,1.0091,1.37,1.17
2015.04.22 10:33:48.673,1.00885,1.0091,1.37,1.15
2015.04.22 10:33:48.994,1.00879,1.00902,1.37,1.00
2015.04.22 10:33:49.352,1.00879,1.00902,1.37,1.00
2015.04.22 10:33:49.555,1.00881,1.00902,1.37,1.00
2015.04.22 10:33:49.858,1.00879,1.00902,1.47,1.00
2015.04.22 10:33:50.110,1.00881,1.00902,1.37,1.00
2015.04.22 10:33:50.312,1.00879,1.00902,1.47,1.00
2015.04.22 10:33:50.680,1.00879,1.00902,1.47,1.00
2015.04.22 10:33:50.882,1.00879,1.00902,1.47,1.00
2015.04.22 10:33:51.084,1.00881,1.00902,1.37,1.00
2015.04.22 10:33:51.289,1.00879,1.00902,1.47,1.00
2015.04.22 10:33:51.557,1.00881,1.00906,1.37,1.00
2015.04.22 10:33:51.659,1.00881,1.00906,1.37,1.00
2015.04.22 10:33:51.860,1.00881,1.00906,1.37,1.00
2015.04.22 10:33:52.415,1.00881,1.00906,1.00,1.00
2015.04.22 10:33:59.891,1.00884,1.00909,1.00,1.00
2015.04.22 10:34:00.194,1.00884,1.00909,1.00,1.15
2015.04.22 10:34:00.497,1.00881,1.00904,1.50,1.00
2015.04.22 10:34:01.567,1.00881,1.00904,1.57,1.00
2015.04.22 10:34:01.769,1.00884,1.00907,1.57,1.00
2015.04.22 10:34:02.275,1.00884,1.00907,1.50,1.00
2015.04.22 10:34:21.233,1.00887,1.00909,1.00,1.00
2015.04.22 10:34:21.753,1.00887,1.0091,1.00,1.00
2015.04.22 10:34:25.618,1.00887,1.00908,1.00,1.00
2015.04.22 10:34:27.944,1.00887,1.0091,1.00,1.00
2015.04.22 10:34:28.802,1.00887,1.0091,1.07,1.00
2015.04.22 10:34:28.869,1.0089,1.00915,1.10,1.00
2015.04.22 10:34:29.273,1.00893,1.00918,1.00,1.00
2015.04.22 10:34:30.737,1.00893,1.00918,1.65,1.00
2015.04.22 10:34:31.242,1.00894,1.00918,1.00,1.00
2015.04.22 10:34:31.746,1.00893,1.00918,1.00,1.10
2015.04.22 10:34:32.371,1.00893,1.00918,1.17,1.00
2015.04.22 10:34:32.938,1.00893,1.00918,1.00,1.00
2015.04.22 10:34:33.444,1.00893,1.00917,1.00,1.00
2015.04.22 10:34:33.950,1.00893,1.00918,1.00,1.00
2015.04.22 10:34:37.264,1.00893,1.00918,1.17,1.00
2015.04.22 10:34:39.454,1.00893,1.00918,1.00,1.00
2015.04.22 10:34:50.370,1.00893,1.00913,1.10,1.00
2015.04.22 10:34:50.723,1.0089,1.00913,1.00,1.50
2015.04.22 10:34:51.134,1.0089,1.00908,1.00,1.00
2015.04.22 10:34:51.337,1.0089,1.00913,1.00,1.00
2015.04.22 10:34:52.043,1.00887,1.0091,1.00,1.00
2015.04.22 10:34:58.919,1.00887,1.0091,1.07,1.00
2015.04.22 10:35:01.491,1.00889,1.00914,1.00,1.00
2015.04.22 10:35:02.344,1.00889,1.00914,1.07,1.00
2015.04.22 10:35:02.849,1.00889,1.00914,1.15,1.00
2015.04.22 10:35:04.508,1.00889,1.00914,1.00,1.00
2015.04.22 10:35:08.393,1.00889,1.00914,1.47,1.00
2015.04.22 10:35:08.595,1.00889,1.00914,1.10,1.00
2015.04.22 10:35:14.102,1.00889,1.00914,1.37,1.00
2015.04.22 10:35:14.606,1.00889,1.00914,1.00,1.00
2015.04.22 10:35:16.663,1.00889,1.00914,1.37,1.00
2015.04.22 10:35:19.068,1.00889,1.00914,1.00,1.10
2015.04.22 10:35:21.624,1.00889,1.00913,1.00,1.00
2015.04.22 10:35:24.836,1.00889,1.0091,1.00,1.00
2015.04.22 10:35:24.937,1.00883,1.00907,1.00,1.15
2015.04.22 10:35:25.039,1.00881,1.00904,1.00,1.00
2015.04.22 10:35:25.140,1.00881,1.00904,1.00,1.17
2015.04.22 10:35:25.241,1.00883,1.00908,1.00,1.10
2015.04.22 10:35:25.696,1.00886,1.00911,1.00,1.00
2015.04.22 10:35:26.604,1.00886,1.00911,1.00,1.07
2015.04.22 10:35:26.705,1.00883,1.00904,1.00,1.00
2015.04.22 10:35:26.806,1.00881,1.00904,1.00,1.50
2015.04.22 10:35:26.857,1.00881,1.00904,1.37,1.50
2015.04.22 10:35:27.110,1.00881,1.00904,1.12,1.00
2015.04.22 10:35:29.140,1.00878,1.00901,1.00,1.00
2015.04.22 10:35:29.595,1.00875,1.00898,1.12,1.00
2015.04.22 10:35:35.977,1.00875,1.00898,1.37,1.00
2015.04.22 10:35:48.355,1.00871,1.00896,1.37,1.00
2015.04.22 10:35:48.880,1.00871,1.00896,1.37,1.00
2015.04.22 10:35:49.032,1.00874,1.00899,1.37,1.00
2015.04.22 10:35:49.083,1.00874,1.00899,1.37,1.00
2015.04.22 10:35:49.335,1.00878,1.00901,1.07,1.00
2015.04.22 10:35:49.436,1.00878,1.00901,1.10,1.00
2015.04.22 10:35:51.102,1.00878,1.009,1.00,1.00
2015.04.22 10:35:51.153,1.00878,1.009,1.00,1.15
2015.04.22 10:35:51.204,1.00873,1.00895,1.00,1.00
2015.04.22 10:35:51.255,1.00873,1.00895,1.00,1.15
2015.04.22 10:35:51.768,1.00869,1.00892,1.87,1.00
2015.04.22 10:35:52.222,1.00872,1.00895,1.37,1.00
2015.04.22 10:35:52.424,1.00872,1.00895,1.37,1.07
2015.04.22 10:35:52.626,1.00872,1.00895,1.00,1.15
2015.04.22 10:35:52.794,1.00869,1.00892,1.00,1.10
2015.04.22 10:35:53.062,1.00869,1.00892,1.37,1.10
2015.04.22 10:35:53.366,1.00869,1.00892,1.87,1.00
2015.04.22 10:35:54.172,1.00869,1.00892,1.00,1.10
2015.04.22 10:36:00.641,1.00869,1.00892,1.37,1.00
2015.04.22 10:36:00.813,1.00872,1.00895,1.12,1.00
2015.04.22 10:36:01.016,1.00876,1.00898,1.00,1.10
2015.04.22 10:36:01.219,1.00873,1.00896,1.00,1.20
2015.04.22 10:36:02.762,1.0087,1.00893,1.37,1.00
2015.04.22 10:36:09.562,1.0087,1.00893,1.00,1.00
2015.04.22 10:36:11.434,1.0087,1.0089,1.00,1.15
2015.04.22 10:36:11.484,1.00865,1.0089,1.00,1.65
2015.04.22 10:36:11.636,1.00865,1.0089,1.12,1.10
2015.04.22 10:36:12.241,1.00869,1.00892,1.00,1.10
2015.04.22 10:36:12.544,1.00872,1.00892,1.00,1.00
2015.04.22 10:36:12.696,1.00869,1.00892,1.00,1.00
2015.04.22 10:36:12.797,1.00872,1.00895,1.00,1.10
2015.04.22 10:36:16.548,1.00872,1.00895,1.00,1.15
2015.04.22 10:36:17.632,1.00872,1.00889,1.00,1.00
2015.04.22 10:36:17.734,1.00868,1.00889,1.00,1.00
2015.04.22 10:36:17.835,1.00866,1.00889,1.00,1.00
2015.04.22 10:36:20.283,1.00869,1.00892,1.00,1.00
2015.04.22 10:36:22.134,1.00866,1.00889,1.00,1.00
2015.04.22 10:36:22.791,1.00866,1.00887,1.00,1.00
2015.04.22 10:36:25.987,1.00866,1.00886,1.00,1.00
2015.04.22 10:36:26.189,1.00862,1.00885,1.00,1.00
2015.04.22 10:36:27.178,1.00862,1.00886,1.00,1.00
2015.04.22 10:36:31.117,1.00862,1.00887,1.00,1.00
2015.04.22 10:36:31.471,1.00866,1.00889,1.00,1.50
2015.04.22 10:36:31.779,1.00866,1.00887,1.00,1.00
2015.04.22 10:36:39.616,1.00866,1.00887,1.00,1.07
2015.04.22 10:36:39.824,1.00862,1.00886,1.00,1.17
2015.04.22 10:36:40.947,1.00862,1.00886,1.00,1.10
2015.04.22 10:36:41.480,1.00862,1.00885,1.00,1.00
2015.04.22 10:36:42.024,1.00861,1.00885,1.00,1.00
2015.04.22 10:36:44.115,1.00861,1.00883,1.00,1.07
2015.04.22 10:36:44.368,1.00859,1.00882,1.00,1.17
2015.04.22 10:36:44.877,1.00859,1.00882,1.00,1.00
2015.04.22 10:36:44.991,1.00862,1.00885,1.00,1.00
2015.04.22 10:36:45.498,1.00862,1.00885,1.00,1.65
2015.04.22 10:36:46.003,1.00862,1.00883,1.00,1.00
2015.04.22 10:36:46.314,1.00862,1.00883,1.00,1.15
2015.04.22 10:36:47.837,1.00862,1.0088,1.00,1.07
2015.04.22 10:36:47.989,1.00858,1.0088,1.00,1.15
2015.04.22 10:36:48.625,1.00858,1.00881,1.00,1.20
2015.04.22 10:36:48.726,1.00858,1.00881,1.00,1.00
2015.04.22 10:36:54.132,1.00858,1.00881,1.00,1.07
2015.04.22 10:36:54.641,1.00858,1.00877,1.00,1.07
2015.04.22 10:36:54.793,1.00858,1.0088,1.00,1.10
2015.04.22 10:36:54.844,1.00858,1.0088,1.00,1.07
2015.04.22 10:36:55.349,1.00858,1.00877,1.00,1.00
2015.04.22 10:37:03.135,1.00858,1.0088,1.00,1.00
2015.04.22 10:37:03.652,1.00858,1.00881,1.00,1.00
2015.04.22 10:37:04.308,1.00858,1.00881,1.57,1.00
2015.04.22 10:37:04.409,1.00862,1.00887,1.00,1.00
2015.04.22 10:37:04.611,1.00866,1.00889,1.00,1.00
2015.04.22 10:37:06.651,1.00866,1.00889,1.00,1.15
2015.04.22 10:37:06.702,1.00863,1.00886,1.00,1.17
2015.04.22 10:37:06.904,1.0086,1.00883,1.00,1.00
2015.04.22 10:37:07.258,1.00863,1.00886,1.00,1.10
2015.04.22 10:37:07.965,1.00863,1.00886,1.17,1.00
2015.04.22 10:37:08.016,1.00866,1.00889,1.00,1.00
2015.04.22 10:37:08.319,1.00869,1.00892,1.00,1.00
2015.04.22 10:37:11.619,1.00866,1.00891,1.50,1.00
2015.04.22 10:37:13.208,1.00866,1.00891,1.00,1.07
2015.04.22 10:37:13.260,1.00863,1.00887,1.00,1.00
2015.04.22 10:37:13.772,1.00862,1.00886,1.00,1.00
2015.04.22 10:37:14.297,1.00862,1.00887,1.00,1.00
2015.04.22 10:37:14.865,1.00862,1.00887,1.17,1.00
2015.04.22 10:37:15.167,1.00866,1.00887,1.10,1.00
2015.04.22 10:37:15.946,1.00866,1.0089,1.10,1.00
2015.04.22 10:37:16.735,1.00869,1.0089,1.00,1.00
2015.04.22 10:37:20.589,1.00872,1.0089,1.00,1.00
2015.04.22 10:37:20.690,1.00872,1.00892,1.10,1.00
2015.04.22 10:37:20.993,1.00872,1.00895,1.50,1.00
2015.04.22 10:37:21.500,1.00873,1.00895,1.00,1.00
2015.04.22 10:37:26.569,1.00873,1.00888,1.00,1.00
2015.04.22 10:37:26.620,1.00871,1.00888,1.57,1.00
2015.04.22 10:37:26.923,1.00871,1.00896,1.57,1.00
2015.04.22 10:37:27.024,1.00875,1.009,1.00,1.00
2015.04.22 10:37:28.337,1.00871,1.00888,1.10,1.00
2015.04.22 10:37:28.589,1.00871,1.00894,1.57,1.00
2015.04.22 10:37:28.791,1.00874,1.00897,1.00,1.00
2015.04.22 10:37:30.232,1.0087,1.00887,1.15,1.00
2015.04.22 10:37:30.434,1.00877,1.009,1.00,1.00
2015.04.22 10:37:30.535,1.00876,1.00894,1.00,1.00
2015.04.22 10:37:30.637,1.00871,1.00894,1.85,1.00
2015.04.22 10:37:30.839,1.00871,1.00894,1.10,1.00
2015.04.22 10:37:33.040,1.00869,1.00894,2.62,1.00
2015.04.22 10:37:34.404,1.00865,1.00884,2.40,1.00
2015.04.22 10:37:34.455,1.00865,1.00884,1.27,1.00
2015.04.22 10:37:34.606,1.00865,1.00887,1.65,1.00
2015.04.22 10:37:34.657,1.00866,1.00887,1.37,1.00
2015.04.22 10:37:34.758,1.00866,1.00891,1.87,1.00
2015.04.22 10:37:35.358,1.00866,1.00891,1.87,1.00
2015.04.22 10:37:35.864,1.00866,1.00891,2.02,1.00
2015.04.22 10:37:36.464,1.00866,1.00891,2.02,1.00
2015.04.22 10:37:36.843,1.00866,1.00885,1.52,1.00
2015.04.22 10:37:37.379,1.00863,1.00885,1.35,1.00
2015.04.22 10:37:37.908,1.00865,1.0089,1.15,1.00
2015.04.22 10:37:41.354,1.00865,1.00884,1.15,1.00
2015.04.22 10:37:42.061,1.00864,1.00884,1.17,1.00
2015.04.22 10:37:42.368,1.00865,1.00888,1.07,1.00
2015.04.22 10:37:42.419,1.00865,1.00888,1.15,1.00
2015.04.22 10:37:42.924,1.00865,1.00888,1.15,1.00
2015.04.22 10:37:43.843,1.00868,1.00891,1.17,1.00
2015.04.22 10:37:44.964,1.00868,1.00891,1.00,1.00
2015.04.22 10:37:46.440,1.00869,1.00891,1.00,1.00
2015.04.22 10:37:47.942,1.00868,1.00891,1.00,1.00
2015.04.22 10:37:49.306,1.00868,1.00891,1.07,1.00
2015.04.22 10:37:49.835,1.00868,1.00891,1.00,1.50
2015.04.22 10:37:50.239,1.00865,1.00888,1.00,1.00
2015.04.22 10:37:51.224,1.00861,1.00886,1.50,1.15
2015.04.22 10:37:51.427,1.00861,1.00886,1.00,1.50
2015.04.22 10:37:51.782,1.00865,1.00888,1.00,1.00
2015.04.22 10:37:54.437,1.00861,1.00884,2.77,1.00
2015.04.22 10:37:55.143,1.00861,1.00884,1.65,1.00
2015.04.22 10:37:58.256,1.00862,1.00887,1.17,1.00
2015.04.22 10:37:58.407,1.00866,1.00889,1.00,1.00
2015.04.22 10:38:00.575,1.00863,1.00883,1.52,1.00
2015.04.22 10:38:01.817,1.00863,1.00886,1.15,1.00
2015.04.22 10:38:01.969,1.00863,1.00886,1.00,1.00
2015.04.22 10:38:02.120,1.00863,1.00886,1.07,1.00
2015.04.22 10:38:03.792,1.00866,1.00889,1.00,1.00
2015.04.22 10:38:04.255,1.00868,1.00889,1.20,1.00
2015.04.22 10:38:05.056,1.00866,1.00889,1.10,1.00
2015.04.22 10:38:06.147,1.00866,1.00889,1.52,1.00
2015.04.22 10:38:06.652,1.00866,1.00889,1.20,1.00
2015.04.22 10:38:14.649,1.00866,1.00889,1.17,1.00
2015.04.22 10:38:14.800,1.00866,1.00889,1.17,1.00
2015.04.22 10:38:16.189,1.00865,1.00884,1.15,1.00
2015.04.22 10:38:17.177,1.00868,1.00891,1.00,1.00
2015.04.22 10:38:17.430,1.00868,1.00891,1.07,1.00
2015.04.22 10:38:18.841,1.00868,1.00891,1.07,1.00
2015.04.22 10:38:19.351,1.00868,1.00891,1.00,1.00
2015.04.22 10:38:24.226,1.00868,1.00891,1.87,1.00
2015.04.22 10:38:25.376,1.00868,1.00891,1.55,1.00
2015.04.22 10:38:27.686,1.00868,1.00891,1.52,1.00
2015.04.22 10:38:27.737,1.00871,1.00894,1.07,1.00
2015.04.22 10:38:28.255,1.00871,1.00894,1.00,1.00
2015.04.22 10:38:32.356,1.00868,1.00886,1.17,1.00
2015.04.22 10:38:33.475,1.00867,1.00889,1.15,1.00
2015.04.22 10:38:33.606,1.00868,1.00891,1.17,1.00
2015.04.22 10:38:38.866,1.00868,1.00891,1.07,1.00
2015.04.22 10:38:39.385,1.00868,1.00891,1.00,1.00
2015.04.22 10:38:39.436,1.00865,1.00888,1.50,1.00
2015.04.22 10:38:57.434,1.00862,1.00885,1.00,1.00
2015.04.22 10:39:08.528,1.00862,1.00885,1.00,1.15
2015.04.22 10:39:10.266,1.00862,1.00885,1.00,1.07
2015.04.22 10:39:10.519,1.00865,1.00888,1.00,1.07
2015.04.22 10:39:11.427,1.00865,1.00888,1.00,1.07
2015.04.22 10:39:14.022,1.00859,1.00884,1.00,1.15
2015.04.22 10:39:14.477,1.00859,1.00884,1.00,1.10
2015.04.22 10:39:16.280,1.00859,1.00884,1.00,1.15
2015.04.22 10:39:18.589,1.00859,1.00883,1.00,1.00
2015.04.22 10:39:18.690,1.00863,1.00883,1.00,1.00
2015.04.22 10:39:19.239,1.00863,1.00886,1.00,1.15
2015.04.22 10:39:19.998,1.00863,1.00886,1.00,1.15
2015.04.22 10:39:25.684,1.00863,1.00886,1.00,1.07
2015.04.22 10:39:29.006,1.00863,1.00886,1.00,1.15
2015.04.22 10:39:29.293,1.00863,1.00886,1.00,1.15
2015.04.22 10:39:29.800,1.00863,1.00886,1.00,1.00
2015.04.22 10:39:30.305,1.00863,1.00886,1.00,1.15
2015.04.22 10:39:31.920,1.00863,1.00886,1.00,1.00
2015.04.22 10:39:32.224,1.00863,1.00886,1.00,1.15
2015.04.22 10:39:32.654,1.00863,1.00886,1.00,1.00
2015.04.22 10:39:41.148,1.00863,1.00885,1.00,1.07
2015.04.22 10:39:41.452,1.00863,1.00886,1.00,1.07
2015.04.22 10:39:46.393,1.00863,1.00886,1.00,1.00
2015.04.22 10:39:46.797,1.00863,1.00886,1.12,1.17
2015.04.22 10:39:48.724,1.0086,1.00885,1.00,1.07
2015.04.22 10:39:49.259,1.0086,1.00885,1.00,1.10
2015.04.22 10:39:50.843,1.0086,1.00885,1.37,1.00
2015.04.22 10:39:51.062,1.0086,1.00885,1.00,1.00
2015.04.22 10:39:52.554,1.0086,1.00888,2.57,1.00
2015.04.22 10:39:56.607,1.00863,1.00888,1.00,1.07
2015.04.22 10:39:56.658,1.00861,1.00884,1.00,1.00
2015.04.22 10:39:58.626,1.00866,1.00889,1.00,1.37
2015.04.22 10:39:59.103,1.00866,1.00889,1.00,1.37
2015.04.22 10:39:59.407,1.00866,1.00889,1.00,1.37
2015.04.22 10:39:59.559,1.00866,1.00889,1.00,1.37
2015.04.22 10:39:59.660,1.00866,1.00889,1.00,1.37
2015.04.22 10:40:01.644,1.00866,1.00889,1.00,1.37
2015.04.22 10:40:02.098,1.00866,1.00889,1.00,1.00
2015.04.22 10:40:04.084,1.00866,1.00889,1.00,1.37
2015.04.22 10:40:04.596,1.00866,1.00889,1.00,1.37
2015.04.22 10:40:08.555,1.00866,1.00889,1.00,1.55
2015.04.22 10:40:08.807,1.00866,1.00886,1.00,1.37
2015.04.22 10:40:09.368,1.00862,1.00885,1.00,1.37
2015.04.22 10:40:10.387,1.00865,1.0089,1.00,2.02
2015.04.22 10:40:21.135,1.00865,1.00884,1.00,1.47
2015.04.22 10:40:21.880,1.00865,1.00884,1.00,1.47
2015.04.22 10:40:22.335,1.00865,1.00884,1.00,1.47
2015.04.22 10:40:24.846,1.00865,1.00889,1.00,1.55
2015.04.22 10:40:25.838,1.00865,1.00886,1.00,1.45
2015.04.22 10:40:26.494,1.00865,1.00889,1.00,1.00
2015.04.22 10:40:26.998,1.00865,1.0089,1.00,1.10
2015.04.22 10:40:28.843,1.00869,1.00892,1.00,1.15
2015.04.22 10:40:28.945,1.00869,1.00892,1.00,1.00
2015.04.22 10:40:34.523,1.00869,1.00892,1.00,1.57
2015.04.22 10:40:34.827,1.00866,1.00889,1.00,1.57
2015.04.22 10:40:34.878,1.00866,1.00889,1.00,1.65
2015.04.22 10:40:35.181,1.00866,1.00883,1.00,1.00
2015.04.22 10:40:35.750,1.00866,1.00881,1.00,1.00
2015.04.22 10:40:35.801,1.00863,1.00881,1.00,1.00
2015.04.22 10:40:35.852,1.00863,1.00885,1.00,1.20
2015.04.22 10:40:36.357,1.00863,1.00886,1.00,1.00
2015.04.22 10:40:36.660,1.00866,1.0089,1.00,1.15
2015.04.22 10:40:36.812,1.00866,1.00891,1.00,1.00
2015.04.22 10:40:40.984,1.0087,1.00893,1.00,1.65
2015.04.22 10:40:41.489,1.0087,1.00893,1.00,1.57
2015.04.22 10:40:42.115,1.0087,1.00893,1.00,1.15
2015.04.22 10:40:42.317,1.0087,1.00892,1.00,1.00
2015.04.22 10:40:42.822,1.0087,1.00893,1.00,1.00
2015.04.22 10:40:43.438,1.0087,1.00892,1.00,1.00
2015.04.22 10:40:43.945,1.0087,1.00891,1.00,1.10
2015.04.22 10:40:44.602,1.00865,1.0089,1.00,1.00
2015.04.22 10:40:45.133,1.00865,1.00889,1.00,1.00
2015.04.22 10:40:48.915,1.00865,1.00887,1.00,1.00
2015.04.22 10:40:50.367,1.00865,1.00889,1.00,1.15
2015.04.22 10:40:51.123,1.00865,1.00889,1.00,1.00
2015.04.22 10:40:52.135,1.00865,1.0089,1.00,1.50
2015.04.22 10:40:59.587,1.00865,1.00889,1.00,1.00
2015.04.22 10:41:00.106,1.00865,1.0089,1.00,1.00
2015.04.22 10:41:00.417,1.00865,1.0089,1.00,1.17
2015.04.22 10:41:02.340,1.00866,1.0089,1.00,1.17
2015.04.22 10:41:02.895,1.00865,1.0089,1.00,1.17
2015.04.22 10:41:05.353,1.00865,1.0089,1.00,1.15
2015.04.22 10:41:05.607,1.00865,1.0089,1.00,1.20
2015.04.22 10:41:05.981,1.00867,1.0089,1.00,1.00
2015.04.22 10:41:06.133,1.00869,1.00894,1.00,1.00
2015.04.22 10:41:06.655,1.0087,1.00894,1.00,1.00
2015.04.22 10:41:08.293,1.00869,1.00894,1.50,1.00
2015.04.22 10:41:08.970,1.00871,1.00894,1.00,1.00
2015.04.22 10:41:09.284,1.00869,1.00894,1.50,1.00
2015.04.22 10:41:09.854,1.0087,1.00894,1.00,1.00
2015.04.22 10:41:12.895,1.00869,1.00894,1.50,1.00
2015.04.22 10:41:12.996,1.00872,1.00894,1.00,1.00
2015.04.22 10:41:13.545,1.00871,1.00894,1.00,1.00
2015.04.22 10:41:13.872,1.00874,1.00897,1.57,1.00
2015.04.22 10:41:20.268,1.00876,1.00897,1.00,1.00
2015.04.22 10:41:20.773,1.00875,1.00897,1.00,1.00
2015.04.22 10:41:23.266,1.00874,1.00897,1.50,1.00
2015.04.22 10:41:23.779,1.00874,1.00897,1.00,1.07
2015.04.22 10:41:25.466,1.00874,1.00897,1.00,1.00
2015.04.22 10:41:40.518,1.00874,1.00897,1.07,1.00
2015.04.22 10:41:40.872,1.00878,1.00897,1.00,1.00
2015.04.22 10:41:40.922,1.00878,1.009,1.00,1.00
2015.04.22 10:41:42.032,1.00877,1.009,1.50,1.00
2015.04.22 10:41:42.234,1.00873,1.00898,2.25,1.00
2015.04.22 10:41:42.537,1.00873,1.00898,1.00,1.15
2015.04.22 10:41:42.588,1.00871,1.00894,1.00,1.00
2015.04.22 10:41:42.840,1.00873,1.00894,1.00,1.50
2015.04.22 10:41:43.266,1.00876,1.00894,1.00,1.00
2015.04.22 10:41:43.367,1.00873,1.00894,1.00,1.00
2015.04.22 10:41:43.569,1.00875,1.00898,1.00,1.00
2015.04.22 10:41:43.721,1.00875,1.00898,1.17,1.00
2015.04.22 10:41:43.923,1.00875,1.00898,1.00,1.00
2015.04.22 10:42:00.614,1.00873,1.00888,1.00,1.00
2015.04.22 10:42:00.967,1.0087,1.00888,1.00,1.00
2015.04.22 10:42:01.400,1.00866,1.00888,1.00,1.00
2015.04.22 10:42:01.703,1.00867,1.00892,1.00,1.17
2015.04.22 10:42:02.514,1.00867,1.00892,1.00,1.00
2015.04.22 10:42:03.067,1.00867,1.0089,1.00,1.00
2015.04.22 10:42:03.373,1.00865,1.00885,1.00,1.00
2015.04.22 10:42:03.424,1.00863,1.00885,1.10,1.00
2015.04.22 10:42:03.525,1.00865,1.00888,1.50,1.00
2015.04.22 10:42:04.117,1.00868,1.00891,1.00,1.00
2015.04.22 10:42:06.378,1.00868,1.00889,1.00,1.00
2015.04.22 10:42:06.681,1.00864,1.0088,1.00,1.00
2015.04.22 10:42:06.984,1.00864,1.00877,1.00,1.00
2015.04.22 10:42:08.694,1.00865,1.00877,1.00,1.00
2015.04.22 10:42:08.895,1.00862,1.00877,1.00,1.00
2015.04.22 10:42:09.400,1.00861,1.00877,1.10,1.00
2015.04.22 10:42:09.941,1.00862,1.00877,1.00,1.00
2015.04.22 10:42:10.648,1.00863,1.00877,1.00,1.00
2015.04.22 10:42:10.850,1.00863,1.00881,1.00,1.00
2015.04.22 10:42:10.951,1.00863,1.00884,1.00,1.00
2015.04.22 10:42:11.052,1.00863,1.00888,1.50,1.00
2015.04.22 10:42:11.204,1.00865,1.00888,1.00,1.00
2015.04.22 10:42:11.658,1.00863,1.00888,1.00,1.00
2015.04.22 10:42:13.351,1.00862,1.0088,1.00,1.00
2015.04.22 10:42:13.704,1.00862,1.00877,1.00,1.00
2015.04.22 10:42:14.672,1.00862,1.00881,1.00,1.00
2015.04.22 10:42:14.773,1.00863,1.00888,1.00,1.00
2015.04.22 10:42:15.608,1.00864,1.00888,1.00,1.00
2015.04.22 10:42:16.132,1.00863,1.00888,1.00,1.07
2015.04.22 10:42:16.234,1.00863,1.00888,1.00,1.15
2015.04.22 10:42:16.871,1.00863,1.00888,1.00,1.10
2015.04.22 10:42:17.329,1.00863,1.00888,1.00,1.07
2015.04.22 10:42:17.733,1.00863,1.00888,1.00,1.10
2015.04.22 10:42:22.362,1.00863,1.00888,1.00,1.17
2015.04.22 10:42:22.665,1.00863,1.00887,1.00,1.52
2015.04.22 10:42:23.666,1.00863,1.00887,1.00,1.20
2015.04.22 10:42:24.272,1.00863,1.00888,1.00,1.00
2015.04.22 10:42:24.425,1.00865,1.00888,1.00,1.00
2015.04.22 10:42:25.174,1.00863,1.00888,1.00,1.00
2015.04.22 10:42:25.629,1.00865,1.00888,1.00,1.00
2015.04.22 10:42:26.330,1.00865,1.0088,1.00,1.00
2015.04.22 10:42:26.603,1.00862,1.0088,1.00,1.00
2015.04.22 10:42:26.653,1.00862,1.00877,1.00,1.00
2015.04.22 10:42:27.177,1.00861,1.00877,1.00,1.00
2015.04.22 10:42:31.105,1.0086,1.00877,1.00,1.00
2015.04.22 10:42:31.206,1.00858,1.00877,1.00,1.00
2015.04.22 10:42:31.964,1.00858,1.0088,1.00,1.10
2015.04.22 10:42:32.065,1.0086,1.00883,1.00,1.15
2015.04.22 10:42:34.232,1.0086,1.00883,1.00,1.07
2015.04.22 10:42:35.279,1.0086,1.00881,1.00,1.00
2015.04.22 10:42:35.380,1.0086,1.00881,1.00,1.07
2015.04.22 10:42:35.481,1.00854,1.00877,1.00,1.15
2015.04.22 10:42:35.683,1.00854,1.00877,1.00,1.10
2015.04.22 10:42:35.784,1.00858,1.00883,1.00,1.15
2015.04.22 10:42:36.087,1.00861,1.00883,1.00,1.15
2015.04.22 10:42:36.596,1.00858,1.00883,1.00,1.15
2015.04.22 10:42:36.798,1.00861,1.00886,1.00,1.15
2015.04.22 10:42:37.201,1.00861,1.00886,1.00,3.07
2015.04.22 10:42:37.252,1.00859,1.00882,1.00,1.15
2015.04.22 10:42:37.504,1.00859,1.00881,1.00,2.02
2015.04.22 10:42:37.656,1.00855,1.00878,1.00,1.15
2015.04.22 10:42:37.757,1.00855,1.00878,1.00,1.07
2015.04.22 10:42:38.413,1.00855,1.00878,1.00,1.00
2015.04.22 10:42:38.514,1.00857,1.00882,1.00,1.15
2015.04.22 10:42:39.400,1.00857,1.00882,1.00,1.15
2015.04.22 10:42:40.725,1.00857,1.00882,1.00,1.65
2015.04.22 10:42:42.625,1.00855,1.00878,1.00,1.00
2015.04.22 10:42:45.220,1.00855,1.00878,1.57,1.00
2015.04.22 10:42:45.980,1.00855,1.00878,1.00,1.00
2015.04.22 10:42:46.406,1.00857,1.00878,1.00,1.00
2015.04.22 10:42:47.779,1.00857,1.00882,1.50,1.07
2015.04.22 10:42:48.362,1.00857,1.00881,1.00,1.71
2015.04.22 10:42:48.514,1.00857,1.00881,1.00,3.15
2015.04.22 10:42:48.615,1.00853,1.00878,1.00,1.17
2015.04.22 10:42:48.766,1.00857,1.0088,1.00,1.00
2015.04.22 10:42:49.070,1.00859,1.0088,1.00,1.00
2015.04.22 10:42:49.386,1.00861,1.0088,1.00,1.00
2015.04.22 10:42:49.572,1.00857,1.0088,1.50,1.00
2015.04.22 10:42:55.479,1.0086,1.00883,1.00,1.20
2015.04.22 10:43:03.725,1.0086,1.00883,1.00,1.17
2015.04.22 10:43:04.028,1.0086,1.00883,1.00,1.00
2015.04.22 10:43:04.079,1.00863,1.00886,1.00,1.57
2015.04.22 10:43:04.383,1.00858,1.00879,1.20,1.00
2015.04.22 10:43:04.736,1.00862,1.00885,1.00,1.00
2015.04.22 10:43:19.351,1.00862,1.00885,1.00,1.07
2015.04.22 10:43:19.824,1.00858,1.00881,1.00,1.00
2015.04.22 10:43:20.280,1.0086,1.00881,1.00,1.00
2015.04.22 10:43:20.684,1.00862,1.00886,1.00,1.17
2015.04.22 10:43:26.340,1.00862,1.00887,1.00,1.00
2015.04.22 10:43:38.077,1.00865,1.0089,1.00,1.00
2015.04.22 10:43:38.380,1.00865,1.00889,1.00,1.15
2015.04.22 10:43:38.884,1.00865,1.00888,1.00,1.00
2015.04.22 10:43:41.528,1.00865,1.00887,1.00,1.00
2015.04.22 10:43:42.661,1.00865,1.00888,1.00,1.00
2015.04.22 10:43:43.567,1.00858,1.00879,1.15,1.00
2015.04.22 10:43:45.872,1.00858,1.00879,1.15,1.00
2015.04.22 10:43:51.264,1.00859,1.00877,1.15,1.00
2015.04.22 10:43:51.315,1.00859,1.00877,1.15,1.00
2015.04.22 10:43:56.112,1.00858,1.00881,1.15,1.00
2015.04.22 10:43:56.214,1.00861,1.00884,1.10,1.00
2015.04.22 10:43:57.083,1.00863,1.00886,1.00,1.50
2015.04.22 10:43:57.386,1.00863,1.00884,1.00,1.00
2015.04.22 10:43:58.126,1.00863,1.00881,1.00,1.12
2015.04.22 10:43:58.177,1.00858,1.00881,1.00,2.25
2015.04.22 10:43:58.430,1.00858,1.0088,1.07,1.00
2015.04.22 10:43:58.531,1.00862,1.00885,1.15,1.00
2015.04.22 10:43:58.582,1.00869,1.00885,1.00,1.00
2015.04.22 10:43:58.684,1.00866,1.00885,1.10,1.00
2015.04.22 10:43:58.735,1.00869,1.00892,1.00,1.00
2015.04.22 10:43:59.393,1.00869,1.0089,1.00,1.00
2015.04.22 10:43:59.798,1.00869,1.00892,1.00,1.50
2015.04.22 10:44:01.151,1.00869,1.0089,1.00,1.00
2015.04.22 10:44:01.655,1.00869,1.00889,1.00,1.00
2015.04.22 10:44:01.975,1.00869,1.00891,1.00,1.00
2015.04.22 10:44:02.380,1.00869,1.00892,1.07,1.00
2015.04.22 10:44:02.481,1.00872,1.00895,1.15,1.50
2015.04.22 10:44:02.582,1.00875,1.009,1.20,1.00
2015.04.22 10:44:02.683,1.00875,1.00898,1.10,1.00
2015.04.22 10:44:02.986,1.00873,1.00891,1.00,1.00
2015.04.22 10:44:03.161,1.00873,1.00894,1.00,1.00
2015.04.22 10:44:03.313,1.00873,1.00889,1.00,1.00
2015.04.22 10:44:03.539,1.00873,1.00893,1.00,1.00
2015.04.22 10:44:04.047,1.00873,1.00892,1.00,1.00
2015.04.22 10:44:04.855,1.00873,1.00893,1.00,1.00
2015.04.22 10:44:12.346,1.00873,1.00892,1.00,1.00
2015.04.22 10:44:13.081,1.00875,1.00892,1.00,1.00
2015.04.22 10:44:13.285,1.00873,1.00893,1.57,1.00
2015.04.22 10:44:13.336,1.00873,1.00896,1.57,1.50
2015.04.22 10:44:13.640,1.00876,1.00896,1.00,1.00
2015.04.22 10:44:13.792,1.00876,1.00899,1.50,1.00
2015.04.22 10:44:24.509,1.00878,1.00899,1.00,1.00
2015.04.22 10:44:24.865,1.00876,1.00899,1.50,1.00
2015.04.22 10:44:27.228,1.00874,1.00896,1.00,1.00
2015.04.22 10:44:28.679,1.00876,1.00896,1.00,1.00
2015.04.22 10:44:39.461,1.00877,1.00896,1.00,1.00
2015.04.22 10:44:39.663,1.00877,1.00899,1.00,1.00
2015.04.22 10:44:55.993,1.00883,1.00899,1.00,1.00
2015.04.22 10:44:56.145,1.00883,1.00904,1.00,1.00
2015.04.22 10:44:56.769,1.00884,1.00904,1.00,1.00
2015.04.22 10:45:03.679,1.00883,1.00904,1.00,1.10
2015.04.22 10:45:06.311,1.00882,1.00904,1.00,1.00
2015.04.22 10:45:06.412,1.00884,1.00904,1.00,1.00
2015.04.22 10:45:06.715,1.00887,1.00904,1.00,1.00
2015.04.22 10:45:06.816,1.00887,1.00906,1.00,1.00
2015.04.22 10:45:06.867,1.00884,1.00906,1.00,1.00
2015.04.22 10:45:10.605,1.00885,1.00906,1.00,1.00
2015.04.22 10:45:16.679,1.00883,1.00906,1.00,1.00
2015.04.22 10:45:17.587,1.0088,1.00903,1.00,1.00
2015.04.22 10:45:20.710,1.00878,1.00901,1.00,1.00
2015.04.22 10:45:20.761,1.00876,1.00901,1.00,1.00
2015.04.22 10:45:21.416,1.00878,1.00901,1.00,1.00
2015.04.22 10:45:21.921,1.00879,1.00901,1.00,1.00
2015.04.22 10:45:22.426,1.00878,1.00901,1.00,1.00
2015.04.22 10:45:23.064,1.00879,1.00901,1.00,1.00
2015.04.22 10:45:23.611,1.00878,1.00901,1.00,1.00
2015.04.22 10:45:23.940,1.0088,1.00901,1.00,1.00
2015.04.22 10:45:25.372,1.00883,1.00901,1.00,1.00
2015.04.22 10:45:25.574,1.0088,1.00901,1.00,1.00
2015.04.22 10:45:26.231,1.00878,1.00901,1.00,1.00
2015.04.22 10:45:26.767,1.0088,1.00901,1.00,1.00
2015.04.22 10:45:27.129,1.00883,1.00901,1.00,1.00
2015.04.22 10:45:28.193,1.00883,1.00903,1.00,1.00
2015.04.22 10:45:28.698,1.00882,1.00903,1.00,1.00
2015.04.22 10:45:29.101,1.0088,1.00903,1.00,1.00
2015.04.22 10:45:29.859,1.00882,1.00903,1.00,1.00
2015.04.22 10:45:30.162,1.00884,1.00903,1.00,1.00
2015.04.22 10:45:30.213,1.00882,1.00903,1.00,1.00
2015.04.22 10:45:31.626,1.00884,1.00903,1.00,1.00
2015.04.22 10:45:31.852,1.00882,1.00903,1.00,1.00
2015.04.22 10:45:32.405,1.00884,1.00903,1.00,1.00
2015.04.22 10:45:32.607,1.00882,1.00903,1.00,1.00
2015.04.22 10:45:37.138,1.00884,1.00903,1.00,1.00
2015.04.22 10:45:37.643,1.00883,1.00903,1.00,1.00
2015.04.22 10:45:47.333,1.00883,1.00906,1.50,1.00
2015.04.22 10:45:47.636,1.00886,1.00906,1.00,1.00
2015.04.22 10:45:47.938,1.00884,1.00906,1.00,1.00
2015.04.22 10:45:48.292,1.00886,1.00906,1.00,1.00
2015.04.22 10:45:48.745,1.00883,1.00906,1.57,1.00
2015.04.22 10:45:49.048,1.00885,1.00906,1.00,1.00
2015.04.22 10:45:49.351,1.00887,1.00906,1.00,1.00
2015.04.22 10:45:49.502,1.00883,1.00906,1.50,1.00
2015.04.22 10:45:50.361,1.00884,1.00906,1.00,1.00
2015.04.22 10:45:50.977,1.00883,1.00906,1.50,1.00
2015.04.22 10:45:55.112,1.00884,1.00906,1.00,1.00
2015.04.22 10:45:55.616,1.00883,1.00906,1.00,1.00
2015.04.22 10:45:55.871,1.00882,1.00904,1.00,1.00
2015.04.22 10:45:57.107,1.00883,1.00904,1.00,1.00
2015.04.22 10:45:57.414,1.00879,1.00904,1.50,1.00
2015.04.22 10:45:58.311,1.00883,1.00904,1.00,1.00
2015.04.22 10:45:58.769,1.00881,1.00904,1.00,1.00
2015.04.22 10:45:59.845,1.00879,1.00904,1.50,1.00
2015.04.22 10:46:00.199,1.00881,1.00904,1.00,1.00
2015.04.22 10:46:00.502,1.00886,1.00907,1.00,1.00
2015.04.22 10:46:00.705,1.00884,1.00907,1.00,1.00
2015.04.22 10:46:00.856,1.00887,1.00907,1.10,1.00
2015.04.22 10:46:01.159,1.00893,1.00916,1.10,1.50
2015.04.22 10:46:01.260,1.00891,1.00916,1.00,1.50
2015.04.22 10:46:01.714,1.00893,1.00916,1.00,1.00
2015.04.22 10:46:04.471,1.00895,1.00916,1.00,1.00
2015.04.22 10:46:05.546,1.00897,1.00916,1.00,1.00
2015.04.22 10:46:05.849,1.00894,1.00913,1.00,1.00
2015.04.22 10:46:05.900,1.0089,1.00913,1.00,1.00
2015.04.22 10:46:06.463,1.00888,1.00913,1.50,1.00
2015.04.22 10:46:06.665,1.00887,1.0091,1.00,1.00
2015.04.22 10:46:07.170,1.00888,1.0091,1.00,1.00
2015.04.22 10:46:09.277,1.0089,1.0091,1.00,1.00
2015.04.22 10:46:09.541,1.00893,1.00917,1.20,1.00
2015.04.22 10:46:09.743,1.00898,1.00917,1.00,1.00
2015.04.22 10:46:09.844,1.00898,1.0092,1.00,1.00
2015.04.22 10:46:12.156,1.00898,1.0092,1.00,1.17
2015.04.22 10:46:12.258,1.00896,1.0092,1.00,1.17
2015.04.22 10:46:12.772,1.00895,1.0092,1.00,1.17
2015.04.22 10:46:14.267,1.00895,1.0092,1.50,1.10
2015.04.22 10:46:27.146,1.00895,1.0092,1.50,1.07
2015.04.22 10:46:28.103,1.00895,1.00915,1.00,1.00
2015.04.22 10:46:31.310,1.00893,1.00915,1.00,1.00
2015.04.22 10:46:31.814,1.00892,1.00915,1.00,1.00
2015.04.22 10:46:32.412,1.00892,1.00911,1.00,1.00
2015.04.22 10:46:32.917,1.00891,1.00911,1.00,1.00
2015.04.22 10:46:32.968,1.00888,1.00911,1.57,1.00
2015.04.22 10:46:33.170,1.00888,1.00908,1.10,1.00
2015.04.22 10:46:33.674,1.00889,1.00908,1.00,1.00
2015.04.22 10:46:34.925,1.00891,1.00908,1.00,1.00
2015.04.22 10:46:35.581,1.00892,1.00908,1.00,1.00
2015.04.22 10:46:36.022,1.00894,1.00908,1.00,1.00
2015.04.22 10:46:36.526,1.00893,1.00908,1.00,1.00
2015.04.22 10:46:36.678,1.00891,1.00908,1.00,1.00
2015.04.22 10:46:37.190,1.0089,1.00908,1.00,1.00
2015.04.22 10:46:38.143,1.00891,1.00908,1.00,1.00
2015.04.22 10:46:38.244,1.00889,1.00908,1.00,1.00
2015.04.22 10:46:39.349,1.00891,1.00908,1.00,1.00
2015.04.22 10:46:39.451,1.00892,1.00915,1.15,1.00
2015.04.22 10:46:39.552,1.00898,1.00915,1.00,1.00
2015.04.22 10:46:40.111,1.009,1.00915,1.00,1.00
2015.04.22 10:46:40.313,1.00898,1.00915,1.00,1.00
2015.04.22 10:46:42.647,1.009,1.00915,1.00,1.00
2015.04.22 10:46:44.064,1.00898,1.00915,1.00,1.00
2015.04.22 10:46:45.286,1.009,1.00915,1.00,1.00
2015.04.22 10:46:50.112,1.00899,1.00915,1.00,1.00
2015.04.22 10:46:50.552,1.00897,1.00915,1.00,1.00
2015.04.22 10:46:50.754,1.00895,1.00915,1.00,1.00
2015.04.22 10:46:51.007,1.00894,1.00912,1.00,1.00
2015.04.22 10:46:51.108,1.00891,1.00912,1.10,1.00
2015.04.22 10:46:51.310,1.00894,1.00912,1.00,1.00
2015.04.22 10:46:51.619,1.00896,1.00912,1.00,1.00
2015.04.22 10:46:52.123,1.00897,1.00912,1.00,1.00
2015.04.22 10:46:52.325,1.00897,1.00916,1.00,1.00
2015.04.22 10:46:52.527,1.009,1.00916,1.00,1.00
2015.04.22 10:46:52.628,1.00896,1.00916,1.00,1.00
2015.04.22 10:46:52.882,1.00899,1.00912,1.00,1.00
2015.04.22 10:46:53.285,1.00896,1.00912,1.00,1.00
2015.04.22 10:46:53.840,1.00894,1.00912,1.00,1.00
2015.04.22 10:46:54.062,1.00892,1.00912,1.00,1.00
2015.04.22 10:46:54.165,1.00892,1.0091,1.00,1.00
2015.04.22 10:46:54.267,1.00889,1.0091,1.00,1.00
2015.04.22 10:46:58.449,1.00891,1.0091,1.00,1.00
2015.04.22 10:47:01.318,1.00894,1.0091,1.00,1.00
2015.04.22 10:47:05.310,1.00896,1.0091,1.00,1.00
2015.04.22 10:47:06.408,1.00891,1.0091,1.00,1.00
2015.04.22 10:47:06.509,1.00894,1.0091,1.00,1.00
2015.04.22 10:47:06.610,1.00892,1.0091,1.00,1.00
2015.04.22 10:47:06.964,1.00895,1.0091,1.00,1.00
2015.04.22 10:47:07.267,1.00893,1.0091,1.00,1.00
2015.04.22 10:47:07.368,1.00891,1.0091,1.00,1.00
2015.04.22 10:47:07.881,1.00892,1.0091,1.00,1.00
2015.04.22 10:47:10.149,1.00894,1.0091,1.00,1.00
2015.04.22 10:47:13.008,1.00895,1.0091,1.00,1.00
2015.04.22 10:47:13.109,1.00895,1.00915,1.00,1.00
2015.04.22 10:47:13.659,1.00896,1.00915,1.00,1.00
2015.04.22 10:47:13.862,1.00898,1.00915,1.00,1.00
2015.04.22 10:47:13.963,1.00896,1.00915,1.00,1.00
2015.04.22 10:47:15.958,1.00894,1.00915,1.00,1.00
2015.04.22 10:47:17.182,1.00894,1.00912,1.00,1.00
2015.04.22 10:47:17.283,1.0089,1.00912,1.00,1.00
2015.04.22 10:47:18.825,1.0089,1.00907,1.00,1.00
2015.04.22 10:47:18.927,1.00886,1.00907,1.00,1.00
2015.04.22 10:47:19.028,1.00888,1.00904,1.00,1.00
2015.04.22 10:47:22.574,1.00888,1.00907,1.00,1.00
2015.04.22 10:47:23.092,1.00889,1.00907,1.00,1.00
2015.04.22 10:47:35.967,1.00895,1.00917,1.00,1.15
2015.04.22 10:47:36.651,1.00891,1.00913,1.00,1.00
2015.04.22 10:47:36.953,1.00893,1.00913,1.00,1.00
2015.04.22 10:47:37.502,1.00892,1.00913,1.00,1.00
2015.04.22 10:47:40.931,1.0089,1.00909,1.00,1.00
2015.04.22 10:47:41.032,1.00888,1.00909,1.00,1.00
2015.04.22 10:47:41.133,1.00886,1.00909,1.00,1.00
2015.04.22 10:47:41.184,1.00894,1.00909,1.00,1.00
2015.04.22 10:47:41.285,1.00887,1.00909,1.00,1.00
2015.04.22 10:47:41.386,1.00887,1.00909,1.15,1.00
2015.04.22 10:47:41.487,1.00892,1.00915,1.00,1.00
2015.04.22 10:47:42.118,1.00892,1.00912,1.00,1.00
2015.04.22 10:47:42.471,1.0089,1.00911,1.00,1.00
2015.04.22 10:47:43.221,1.00888,1.00911,1.00,1.00
2015.04.22 10:47:44.541,1.00891,1.00911,1.00,1.00
2015.04.22 10:47:46.233,1.00893,1.00911,1.00,1.00
2015.04.22 10:47:46.536,1.00899,1.00918,1.00,1.00
2015.04.22 10:47:46.704,1.00903,1.00918,1.00,1.00
2015.04.22 10:47:50.076,1.00909,1.00918,1.00,1.00
2015.04.22 10:47:50.127,1.00909,1.00921,1.00,1.12
2015.04.22 10:47:50.278,1.00905,1.00921,1.00,1.12
2015.04.22 10:47:50.379,1.00905,1.00919,1.00,1.00
2015.04.22 10:47:50.940,1.00904,1.00919,1.00,1.00
2015.04.22 10:47:51.356,1.00904,1.00921,1.00,1.12
2015.04.22 10:47:52.362,1.00909,1.00921,1.00,1.12
2015.04.22 10:47:52.729,1.00899,1.00924,1.00,1.52
2015.04.22 10:47:53.133,1.00901,1.00921,1.00,1.00
2015.04.22 10:47:53.436,1.00896,1.00917,1.00,1.52
2015.04.22 10:47:53.588,1.00894,1.00915,1.00,2.02
2015.04.22 10:47:53.689,1.00895,1.00915,1.00,1.10
2015.04.22 10:47:53.941,1.00894,1.00915,1.00,1.07
2015.04.22 10:47:54.042,1.0089,1.00915,1.50,1.15
2015.04.22 10:47:54.547,1.0089,1.00908,1.00,1.00
2015.04.22 10:47:57.303,1.00892,1.00908,1.00,1.00
2015.04.22 10:47:57.454,1.00892,1.00916,1.00,1.15
2015.04.22 10:47:57.707,1.00893,1.00917,1.00,1.17
2015.04.22 10:47:57.858,1.00893,1.00917,1.00,1.17
2015.04.22 10:47:58.010,1.00893,1.00917,1.00,1.15
2015.04.22 10:47:58.112,1.00899,1.0092,1.00,1.15
2015.04.22 10:48:00.668,1.00899,1.00924,1.50,1.65
2015.04.22 10:48:00.720,1.00899,1.00924,1.50,1.57
2015.04.22 10:48:00.771,1.00904,1.0092,1.00,1.00
2015.04.22 10:48:00.872,1.00908,1.00932,1.00,2.77
2015.04.22 10:48:01.024,1.00908,1.00933,1.00,2.47
2015.04.22 10:48:01.075,1.00912,1.00934,1.00,1.22
2015.04.22 10:48:01.781,1.00912,1.00935,1.00,1.27
2015.04.22 10:48:05.297,1.00912,1.00935,1.00,1.15
2015.04.22 10:48:06.003,1.00912,1.00935,1.00,1.65
2015.04.22 10:48:06.724,1.00912,1.00934,1.00,1.15
2015.04.22 10:48:12.126,1.00912,1.00933,1.00,1.15
2015.04.22 10:48:12.530,1.0091,1.00934,1.00,1.15
2015.04.22 10:48:12.938,1.0091,1.00936,1.00,1.65
2015.04.22 10:48:24.273,1.0091,1.00935,1.00,1.15
2015.04.22 10:48:27.459,1.0091,1.00934,1.00,1.15
2015.04.22 10:48:30.535,1.00905,1.00932,2.25,1.15
2015.04.22 10:48:30.586,1.00905,1.00932,1.50,1.15
2015.04.22 10:48:30.889,1.00906,1.00931,1.00,1.15
2015.04.22 10:48:31.192,1.00905,1.00923,1.00,1.00
2015.04.22 10:48:34.192,1.00904,1.00923,1.00,1.00
2015.04.22 10:48:35.178,1.00901,1.00923,1.00,1.00
2015.04.22 10:48:35.279,1.00901,1.00919,1.00,1.00
2015.04.22 10:48:36.125,1.00903,1.00919,1.00,1.00
2015.04.22 10:48:36.834,1.00903,1.00924,1.00,1.00
2015.04.22 10:48:36.954,1.00909,1.00929,1.00,1.15
2015.04.22 10:48:37.239,1.00902,1.00922,1.00,1.00
2015.04.22 10:48:37.342,1.00899,1.00922,1.00,1.00
2015.04.22 10:48:37.494,1.00897,1.00922,1.50,1.17
2015.04.22 10:48:37.696,1.00899,1.00922,1.00,1.00
2015.04.22 10:48:38.200,1.00898,1.00922,1.00,1.00
2015.04.22 10:48:38.503,1.00903,1.00919,1.00,1.00
2015.04.22 10:48:38.554,1.00901,1.00919,1.00,1.00
2015.04.22 10:48:38.907,1.00898,1.00919,1.00,1.00
2015.04.22 10:48:39.664,1.00897,1.00919,1.00,1.17
2015.04.22 10:48:40.169,1.00898,1.00919,1.00,1.00
2015.04.22 10:48:40.421,1.00895,1.00919,1.00,1.00
2015.04.22 10:48:40.573,1.00897,1.00919,1.00,1.65
2015.04.22 10:48:40.675,1.00894,1.00919,1.00,1.65
2015.04.22 10:48:40.776,1.00891,1.00915,1.00,1.10
2015.04.22 10:48:40.978,1.00893,1.00915,1.00,1.00
2015.04.22 10:48:41.281,1.00895,1.00915,1.00,1.00
2015.04.22 10:48:41.433,1.00895,1.00917,1.00,1.00
2015.04.22 10:48:42.443,1.00898,1.00917,1.00,1.00
2015.04.22 10:48:43.436,1.00898,1.0092,1.00,1.17
2015.04.22 10:48:43.940,1.00898,1.00917,1.00,1.00
2015.04.22 10:48:58.936,1.00899,1.00917,1.00,1.00
2015.04.22 10:48:59.037,1.00896,1.00917,1.00,1.00
2015.04.22 10:48:59.340,1.00894,1.00917,1.00,1.00
2015.04.22 10:48:59.844,1.00895,1.00917,1.00,1.00
2015.04.22 10:49:03.034,1.00895,1.00917,1.00,1.37
2015.04.22 10:49:04.465,1.00895,1.00917,1.00,1.00
2015.04.22 10:49:05.091,1.00892,1.00917,1.00,1.00
2015.04.22 10:49:05.192,1.00894,1.00917,1.00,1.00
2015.04.22 10:49:05.500,1.009,1.00921,1.00,1.15
2015.04.22 10:49:06.677,1.009,1.00922,1.00,1.15
2015.04.22 10:49:06.980,1.00902,1.00923,1.00,1.15
2015.04.22 10:49:09.698,1.00901,1.00924,1.47,1.20
2015.04.22 10:49:10.313,1.00901,1.00926,1.22,1.15
2015.04.22 10:49:13.435,1.00901,1.00926,1.47,1.15
2015.04.22 10:49:14.109,1.00901,1.00926,1.47,1.00
2015.04.22 10:49:14.210,1.00904,1.00929,1.50,1.00
2015.04.22 10:49:14.312,1.00912,1.00931,1.00,1.50
2015.04.22 10:49:14.565,1.00908,1.00931,1.00,1.15
2015.04.22 10:49:15.091,1.00908,1.00931,1.00,1.15
2015.04.22 10:49:15.766,1.00904,1.00929,1.50,1.15
2015.04.22 10:49:16.855,1.00906,1.00929,1.00,1.15
2015.04.22 10:49:18.508,1.00907,1.00929,1.00,1.15
2015.04.22 10:49:19.278,1.00907,1.00925,1.00,1.00
2015.04.22 10:49:19.379,1.00907,1.00929,1.00,1.15
2015.04.22 10:49:20.483,1.00907,1.00929,1.00,1.17
2015.04.22 10:49:20.988,1.00906,1.00929,1.00,1.10
2015.04.22 10:49:26.720,1.00906,1.00929,1.50,1.17
2015.04.22 10:49:35.145,1.00906,1.00929,1.50,1.00
2015.04.22 10:49:35.914,1.00906,1.00929,1.50,1.07
2015.04.22 10:49:36.015,1.00906,1.00929,1.50,1.07
2015.04.22 10:49:36.520,1.00906,1.00929,1.00,1.15
2015.04.22 10:49:37.065,1.00906,1.00929,1.00,1.17
2015.04.22 10:49:39.047,1.00906,1.00929,1.00,1.15
2015.04.22 10:49:42.081,1.00906,1.00929,1.00,1.17
2015.04.22 10:49:43.140,1.00907,1.00929,1.00,1.17
2015.04.22 10:49:43.644,1.00906,1.00929,1.50,1.17
2015.04.22 10:49:45.766,1.00907,1.00929,1.00,1.17
2015.04.22 10:49:46.069,1.00907,1.00929,1.00,1.15
2015.04.22 10:49:47.204,1.00906,1.00929,1.50,1.15
2015.04.22 10:49:47.607,1.00906,1.00929,1.50,1.00
2015.04.22 10:49:48.460,1.00906,1.00929,1.00,1.07
2015.04.22 10:49:48.965,1.00906,1.00929,1.00,1.15
2015.04.22 10:49:52.505,1.00906,1.00929,1.00,1.10
2015.04.22 10:50:04.374,1.00906,1.00929,1.00,1.17
2015.04.22 10:50:04.677,1.00906,1.00929,1.00,1.15
2015.04.22 10:50:05.933,1.00906,1.00929,1.00,1.10
2015.04.22 10:50:18.711,1.00906,1.00929,1.00,1.15
2015.04.22 10:50:19.411,1.00903,1.00931,1.00,1.15
2015.04.22 10:50:19.913,1.00903,1.00931,1.00,1.15
2015.04.22 10:50:20.519,1.00903,1.00932,1.00,1.15
2015.04.22 10:50:20.923,1.00903,1.00931,1.00,1.15
2015.04.22 10:50:20.974,1.00901,1.00931,1.00,1.27
2015.04.22 10:50:21.177,1.009,1.00928,1.00,1.52
2015.04.22 10:50:22.832,1.009,1.00928,1.10,1.37
2015.04.22 10:50:22.933,1.009,1.00924,1.10,1.37
2015.04.22 10:50:23.539,1.00901,1.00928,1.00,1.37
2015.04.22 10:50:23.655,1.00904,1.00932,1.00,1.52
2015.04.22 10:50:23.706,1.00904,1.00932,1.00,1.52
2015.04.22 10:50:24.129,1.00904,1.00932,1.00,1.52
2015.04.22 10:50:25.034,1.00904,1.00932,1.00,1.52
2015.04.22 10:50:26.944,1.00901,1.00931,1.00,1.52
2015.04.22 10:50:27.297,1.00901,1.00924,1.00,1.47
2015.04.22 10:50:27.650,1.00901,1.0093,1.00,1.52
2015.04.22 10:50:28.105,1.00901,1.00929,1.00,1.52
2015.04.22 10:50:28.257,1.00897,1.00926,1.00,1.55
2015.04.22 10:50:28.661,1.00897,1.00925,1.00,1.52
2015.04.22 10:50:29.009,1.00903,1.00923,1.00,1.55
2015.04.22 10:50:29.060,1.00903,1.00923,1.00,1.55
2015.04.22 10:50:29.312,1.00903,1.00926,1.00,1.52
2015.04.22 10:50:38.240,1.00903,1.00926,1.00,1.52
2015.04.22 10:50:38.392,1.00905,1.00929,1.00,1.52
2015.04.22 10:50:43.909,1.00905,1.00928,1.00,1.52
2015.04.22 10:50:45.143,1.00905,1.00928,1.00,1.52
2015.04.22 10:50:46.569,1.00905,1.0093,1.00,1.37
2015.04.22 10:50:46.923,1.00905,1.0093,1.00,1.37
2015.04.22 10:50:47.327,1.00905,1.0093,1.00,1.37
2015.04.22 10:50:47.552,1.00905,1.0093,1.00,1.37
2015.04.22 10:50:54.586,1.00905,1.0093,1.00,1.37
2015.04.22 10:50:54.841,1.00905,1.0093,1.00,1.12
2015.04.22 10:50:57.624,1.00905,1.0093,1.00,1.27
2015.04.22 10:50:59.350,1.00905,1.0093,1.00,1.52
2015.04.22 10:50:59.663,1.00905,1.0093,1.00,1.52
2015.04.22 10:50:59.969,1.00905,1.00927,1.00,1.52
2015.04.22 10:51:00.659,1.00905,1.00929,1.00,1.52
2015.04.22 10:51:06.887,1.00905,1.00929,1.00,1.45
2015.04.22 10:51:09.543,1.00905,1.0093,1.00,1.55
2015.04.22 10:51:15.487,1.00905,1.0093,1.00,1.55
2015.04.22 10:51:17.584,1.00905,1.00929,1.00,1.52
2015.04.22 10:51:22.122,1.00905,1.00929,1.00,1.52
2015.04.22 10:51:22.323,1.00905,1.00925,1.00,1.47
2015.04.22 10:51:26.062,1.00905,1.0093,1.00,1.52
2015.04.22 10:51:26.607,1.00905,1.0093,1.00,1.52
2015.04.22 10:51:35.955,1.00905,1.0093,1.00,1.52
2015.04.22 10:51:36.057,1.00905,1.0093,1.00,2.02
2015.04.22 10:51:36.410,1.00905,1.0093,1.00,1.52
2015.04.22 10:51:38.372,1.00901,1.00929,1.00,1.55
2015.04.22 10:51:38.574,1.00901,1.00929,1.00,1.55
2015.04.22 10:51:39.129,1.00901,1.00931,1.00,1.52
2015.04.22 10:51:39.784,1.00901,1.00932,1.00,2.77
2015.04.22 10:51:40.339,1.00901,1.00932,1.00,2.02
2015.04.22 10:51:40.692,1.00901,1.00932,1.00,2.02
2015.04.22 10:51:41.146,1.00901,1.00932,1.00,2.77
2015.04.22 10:51:41.585,1.00901,1.00932,1.00,2.02
2015.04.22 10:51:41.686,1.00901,1.00932,1.00,1.65
2015.04.22 10:51:42.291,1.00901,1.00927,1.00,1.00
2015.04.22 10:51:42.342,1.00901,1.00927,1.00,1.15
2015.04.22 10:51:42.750,1.00901,1.00928,1.00,1.20
2015.04.22 10:51:43.375,1.00902,1.00929,1.00,1.15
2015.04.22 10:51:48.452,1.009,1.00929,1.00,1.15
2015.04.22 10:51:50.345,1.009,1.00929,1.20,1.00
2015.04.22 10:51:50.851,1.009,1.0093,1.20,1.00
2015.04.22 10:51:52.502,1.009,1.00929,1.20,1.00
2015.04.22 10:51:52.553,1.009,1.00929,1.00,1.17
2015.04.22 10:51:55.114,1.009,1.00929,1.00,1.55
2015.04.22 10:51:56.358,1.00903,1.00926,1.00,1.12
2015.04.22 10:51:56.459,1.00903,1.00929,1.00,1.20
2015.04.22 10:51:56.989,1.00903,1.0093,1.00,1.57
2015.04.22 10:51:58.980,1.00903,1.00929,1.00,1.00
2015.04.22 10:52:00.174,1.00903,1.00929,1.00,1.07
2015.04.22 10:52:01.887,1.00902,1.00929,1.00,1.17
2015.04.22 10:52:04.108,1.00902,1.00925,1.00,1.00
2015.04.22 10:52:04.632,1.00902,1.00924,1.00,1.00
2015.04.22 10:52:05.109,1.00902,1.00929,1.00,1.00
2015.04.22 10:52:05.470,1.00902,1.00932,1.00,2.02
2015.04.22 10:52:05.683,1.00904,1.00932,1.00,1.87
2015.04.22 10:52:06.014,1.00909,1.00932,1.00,2.62
2015.04.22 10:52:06.317,1.00909,1.0093,1.00,1.00
2015.04.22 10:52:08.625,1.00909,1.00928,1.00,1.00
2015.04.22 10:52:09.185,1.00909,1.00929,1.00,1.00
2015.04.22 10:52:09.731,1.00909,1.00928,1.00,1.00
2015.04.22 10:52:11.147,1.00909,1.0093,1.00,1.00
2015.04.22 10:52:11.715,1.00909,1.0093,1.00,1.37
2015.04.22 10:52:11.816,1.00909,1.0093,1.00,1.00
2015.04.22 10:52:25.343,1.00909,1.00928,1.00,1.10
2015.04.22 10:52:25.394,1.00906,1.00928,1.00,1.10
2015.04.22 10:52:25.904,1.00906,1.00929,1.00,2.25
2015.04.22 10:52:26.669,1.00906,1.00929,1.00,2.70
2015.04.22 10:52:29.532,1.00906,1.00929,1.00,1.00
2015.04.22 10:52:41.185,1.00906,1.00929,1.00,1.57
2015.04.22 10:52:43.536,1.00906,1.00927,1.00,1.00
2015.04.22 10:52:43.933,1.00906,1.00929,1.00,1.50
2015.04.22 10:52:47.809,1.00906,1.00928,1.00,1.00
2015.04.22 10:52:48.314,1.00906,1.00929,1.00,1.57
2015.04.22 10:52:54.039,1.00906,1.00929,1.00,1.65
2015.04.22 10:52:58.063,1.00906,1.00929,1.00,1.50
2015.04.22 10:52:59.542,1.00906,1.00928,1.00,1.00
2015.04.22 10:53:01.865,1.00906,1.00929,1.00,1.00
2015.04.22 10:53:01.915,1.00909,1.00931,1.00,1.00
2015.04.22 10:53:02.218,1.00909,1.00925,1.00,1.00
2015.04.22 10:53:02.370,1.00909,1.00927,1.00,1.00
2015.04.22 10:53:03.883,1.00909,1.00926,1.00,1.00
2015.04.22 10:53:07.069,1.00909,1.0093,1.00,1.10
2015.04.22 10:53:07.170,1.00909,1.00926,1.00,1.00
2015.04.22 10:53:07.625,1.00906,1.00926,1.00,1.00
2015.04.22 10:53:07.726,1.00906,1.00929,1.00,1.00
2015.04.22 10:53:19.867,1.0091,1.00932,1.00,1.00
2015.04.22 10:53:20.403,1.0091,1.00931,1.00,1.00
2015.04.22 10:53:20.454,1.0091,1.00933,1.00,1.00
2015.04.22 10:53:21.625,1.0091,1.00932,1.00,1.00
2015.04.22 10:53:22.172,1.0091,1.00933,1.00,1.50
2015.04.22 10:53:36.666,1.0091,1.00933,1.00,1.15
2015.04.22 10:53:36.969,1.0091,1.00933,1.00,1.10
2015.04.22 10:53:39.022,1.0091,1.00933,1.00,1.07
2015.04.22 10:53:39.527,1.0091,1.00933,1.00,1.65
2015.04.22 10:53:47.588,1.00905,1.0093,1.00,1.07
2015.04.22 10:53:47.689,1.00905,1.0093,1.00,1.15
2015.04.22 10:53:48.003,1.00905,1.0093,1.00,1.15
2015.04.22 10:53:48.816,1.00905,1.0093,1.00,1.15
2015.04.22 10:53:49.759,1.00905,1.0093,1.00,1.15
2015.04.22 10:53:50.261,1.00905,1.0093,1.00,1.15
2015.04.22 10:54:10.498,1.00905,1.0093,1.00,1.65
2015.04.22 10:54:15.015,1.00905,1.0093,1.00,1.10
2015.04.22 10:54:34.268,1.00905,1.0093,1.15,1.00
2015.04.22 10:54:34.369,1.0091,1.00933,1.00,1.00
2015.04.22 10:54:38.237,1.00913,1.00936,1.00,1.00
2015.04.22 10:54:38.894,1.00913,1.00936,1.00,1.07
2015.04.22 10:54:43.496,1.00913,1.00936,1.00,1.15
2015.04.22 10:54:43.647,1.00913,1.00936,1.00,1.00
2015.04.22 10:54:44.115,1.00913,1.00933,1.00,1.00
2015.04.22 10:54:44.332,1.00909,1.00932,1.00,1.50
2015.04.22 10:54:48.552,1.00909,1.00931,1.00,1.00
2015.04.22 10:54:49.793,1.00909,1.00932,1.00,1.10
2015.04.22 10:54:56.801,1.00909,1.00933,1.00,1.00
2015.04.22 10:54:59.376,1.00909,1.0093,1.00,1.00
2015.04.22 10:54:59.629,1.00909,1.00934,1.00,1.50
2015.04.22 10:55:00.336,1.00909,1.00934,1.37,1.00
2015.04.22 10:55:00.538,1.00909,1.00934,1.00,1.00
2015.04.22 10:55:01.339,1.00912,1.00934,1.00,1.00
2015.04.22 10:55:01.875,1.00912,1.00934,1.37,1.00
2015.04.22 10:55:01.976,1.00912,1.00934,1.00,1.00
2015.04.22 10:55:05.590,1.00909,1.00933,1.37,1.00
2015.04.22 10:55:05.641,1.00909,1.00933,1.00,1.00
2015.04.22 10:55:06.045,1.00909,1.00933,1.37,1.00
2015.04.22 10:55:06.550,1.00909,1.00934,1.37,1.50
2015.04.22 10:55:08.154,1.00909,1.00934,1.00,1.00
2015.04.22 10:55:08.356,1.00909,1.0093,1.00,1.00
2015.04.22 10:55:12.295,1.00909,1.00934,1.00,1.00
2015.04.22 10:55:12.345,1.00909,1.00934,1.37,1.00
2015.04.22 10:55:12.850,1.00909,1.00934,2.02,1.50
2015.04.22 10:55:13.103,1.00913,1.00936,1.10,1.00
2015.04.22 10:55:13.718,1.00913,1.00935,1.00,1.00
2015.04.22 10:55:14.283,1.00913,1.00934,1.00,1.00
2015.04.22 10:55:14.595,1.00913,1.00936,1.00,1.00
2015.04.22 10:55:14.747,1.00909,1.00934,1.00,1.00
2015.04.22 10:55:14.848,1.00909,1.00928,1.00,1.00
2015.04.22 10:55:15.353,1.00909,1.00927,1.00,1.00
2015.04.22 10:55:15.877,1.00909,1.00928,1.00,1.00
2015.04.22 10:55:16.830,1.00909,1.00927,1.00,1.00
2015.04.22 10:55:18.558,1.00909,1.00926,1.00,1.00
2015.04.22 10:55:19.798,1.00909,1.00925,1.00,1.00
2015.04.22 10:55:19.899,1.00909,1.00928,1.00,1.00
2015.04.22 10:55:21.097,1.00909,1.00931,1.00,1.65
2015.04.22 10:55:21.198,1.00907,1.0093,1.00,1.00
2015.04.22 10:55:22.127,1.00907,1.0093,1.37,1.00
2015.04.22 10:55:23.084,1.00907,1.0093,1.12,1.00
2015.04.22 10:55:29.513,1.00907,1.00929,1.00,1.00
2015.04.22 10:55:29.615,1.00907,1.00927,1.00,1.00
2015.04.22 10:55:29.867,1.00907,1.0093,1.00,1.00
2015.04.22 10:55:31.750,1.00907,1.00929,1.00,1.00
2015.04.22 10:55:32.276,1.00907,1.0093,1.00,1.50
2015.04.22 10:55:33.684,1.00907,1.00928,1.00,1.00
2015.04.22 10:55:33.836,1.00907,1.0093,1.00,1.00
2015.04.22 10:55:39.847,1.00907,1.0093,1.37,1.00
2015.04.22 10:55:40.792,1.00907,1.0093,1.00,1.00
2015.04.22 10:55:43.214,1.00907,1.0093,1.00,1.07
2015.04.22 10:55:43.718,1.00907,1.0093,1.10,1.00
2015.04.22 10:55:44.432,1.0091,1.00933,1.00,1.00
2015.04.22 10:55:45.221,1.0091,1.00933,1.00,1.07
2015.04.22 10:55:45.525,1.00907,1.00926,1.00,1.00
2015.04.22 10:55:46.052,1.00907,1.00927,1.00,1.10
2015.04.22 10:55:46.570,1.00907,1.00928,1.00,1.00
2015.04.22 10:55:46.924,1.00907,1.0093,1.00,1.50
2015.04.22 10:55:49.871,1.00907,1.00929,1.00,1.00
2015.04.22 10:55:50.123,1.00907,1.00926,1.00,1.00
2015.04.22 10:55:52.352,1.00907,1.00929,1.00,1.00
2015.04.22 10:55:53.534,1.00907,1.0093,1.00,1.00
2015.04.22 10:55:53.838,1.00907,1.00928,1.00,1.00
2015.04.22 10:55:54.343,1.00907,1.00927,1.00,1.00
2015.04.22 10:55:54.689,1.00909,1.00927,1.00,1.00
2015.04.22 10:55:55.195,1.00909,1.00926,1.00,1.00
2015.04.22 10:55:55.894,1.00905,1.00926,1.00,1.00
2015.04.22 10:55:57.708,1.00905,1.00928,1.00,1.10
2015.04.22 10:55:57.759,1.00909,1.00928,1.00,1.10
2015.04.22 10:55:58.963,1.00907,1.00928,1.00,1.00
2015.04.22 10:55:59.014,1.00907,1.0093,1.00,1.00
2015.04.22 10:55:59.317,1.00907,1.00931,1.37,1.00
2015.04.22 10:55:59.909,1.00907,1.00932,1.37,1.00
2015.04.22 10:56:00.212,1.00912,1.00935,1.00,1.57
2015.04.22 10:56:00.970,1.00912,1.00933,1.00,1.00
2015.04.22 10:56:01.274,1.00912,1.0093,1.00,1.00
2015.04.22 10:56:01.375,1.00912,1.00932,1.00,1.00
2015.04.22 10:56:01.922,1.00912,1.00933,1.00,1.00
2015.04.22 10:56:02.688,1.00912,1.00932,1.00,1.00
2015.04.22 10:56:02.739,1.00907,1.00932,1.00,1.57
2015.04.22 10:56:02.789,1.00907,1.00932,1.00,1.65
2015.04.22 10:56:03.093,1.00911,1.00931,1.00,1.00
2015.04.22 10:56:03.346,1.00911,1.00933,1.00,1.10
2015.04.22 10:56:03.901,1.00911,1.00933,1.00,1.17
2015.04.22 10:56:04.546,1.00911,1.0093,1.00,1.00
2015.04.22 10:56:05.303,1.00911,1.00932,1.00,1.10
2015.04.22 10:56:06.891,1.00911,1.00934,1.00,2.40
2015.04.22 10:56:07.456,1.00911,1.00934,1.00,1.00
2015.04.22 10:56:08.296,1.00911,1.00934,1.00,1.07
2015.04.22 10:56:09.115,1.00911,1.00932,1.00,1.10
2015.04.22 10:56:09.519,1.00911,1.00934,1.00,1.00
2015.04.22 10:56:09.721,1.00911,1.00934,1.00,1.15
2015.04.22 10:56:10.047,1.00911,1.00934,1.00,1.15
2015.04.22 10:56:10.621,1.00911,1.00934,1.00,1.65
2015.04.22 10:56:10.722,1.00911,1.00934,1.00,1.65
2015.04.22 10:56:10.956,1.00911,1.00932,1.00,1.00
2015.04.22 10:56:11.007,1.00911,1.00935,1.00,1.17
2015.04.22 10:56:11.209,1.00911,1.00934,1.00,1.15
2015.04.22 10:56:11.310,1.00911,1.00935,1.00,1.15
2015.04.22 10:56:11.411,1.00911,1.00935,1.00,1.15
2015.04.22 10:56:11.824,1.00911,1.00933,1.00,1.15
2015.04.22 10:56:12.782,1.00911,1.00931,1.00,1.00
2015.04.22 10:56:13.831,1.00906,1.00929,1.50,1.00
2015.04.22 10:56:14.335,1.00906,1.00929,1.00,1.15
2015.04.22 10:56:15.350,1.00906,1.00929,1.00,1.00
2015.04.22 10:56:15.401,1.00908,1.00929,1.00,1.00
2015.04.22 10:56:15.785,1.00904,1.00928,1.00,1.10
2015.04.22 10:56:15.837,1.00904,1.00925,1.00,1.17
2015.04.22 10:56:15.938,1.00904,1.00927,1.00,1.10
2015.04.22 10:56:16.546,1.00904,1.00929,1.00,1.00
2015.04.22 10:56:17.000,1.00906,1.00929,1.00,1.00
2015.04.22 10:56:17.910,1.00904,1.00929,1.00,1.00
2015.04.22 10:56:17.961,1.00904,1.00929,1.00,1.15
2015.04.22 10:56:18.446,1.00904,1.00929,1.00,1.00
2015.04.22 10:56:18.649,1.00904,1.00929,1.00,1.15
2015.04.22 10:56:18.750,1.009,1.00925,1.50,1.65
2015.04.22 10:56:19.257,1.009,1.00925,1.50,1.37
2015.04.22 10:56:19.560,1.009,1.00925,1.87,1.00
2015.04.22 10:56:19.867,1.00904,1.00927,1.00,1.20
2015.04.22 10:56:20.540,1.00904,1.00927,1.00,1.15
2015.04.22 10:56:20.744,1.00891,1.00913,1.65,1.00
2015.04.22 10:56:20.845,1.00893,1.00913,1.00,1.00
2015.04.22 10:56:21.956,1.00893,1.00917,1.00,1.00
2015.04.22 10:56:22.061,1.00893,1.00917,1.37,1.00
2015.04.22 10:56:22.969,1.00894,1.00917,1.94,1.00
2015.04.22 10:56:23.070,1.00899,1.0092,1.59,1.00
2015.04.22 10:56:23.581,1.00899,1.00921,1.52,1.50
2015.04.22 10:56:23.682,1.00899,1.00924,1.39,1.00
2015.04.22 10:56:23.834,1.00903,1.00924,1.00,1.00
2015.04.22 10:56:23.935,1.00903,1.00926,1.00,1.00
2015.04.22 10:56:24.541,1.00903,1.00926,1.00,1.07
2015.04.22 10:56:25.045,1.00903,1.00926,1.00,2.02
2015.04.22 10:56:25.096,1.00903,1.00926,1.00,1.27
2015.04.22 10:56:25.986,1.00903,1.00926,1.00,1.15
2015.04.22 10:56:31.862,1.00903,1.00924,1.37,1.10
2015.04.22 10:56:31.963,1.00903,1.00926,1.37,1.00
2015.04.22 10:56:32.266,1.00903,1.00926,1.00,1.65
2015.04.22 10:56:32.455,1.00903,1.00926,1.37,1.65
2015.04.22 10:56:32.506,1.00903,1.00926,1.37,1.65
2015.04.22 10:56:33.011,1.00903,1.00926,1.00,1.17
2015.04.22 10:56:35.887,1.00903,1.00926,1.00,1.65
2015.04.22 10:56:37.800,1.00903,1.00922,1.00,1.10
2015.04.22 10:56:38.002,1.00896,1.00918,1.00,1.00
2015.04.22 10:56:38.245,1.00897,1.00919,1.11,1.00
2015.04.22 10:56:38.548,1.00898,1.00916,1.11,1.00
2015.04.22 10:56:38.649,1.00898,1.00921,1.11,1.00
2015.04.22 10:56:39.110,1.00898,1.00918,1.11,1.00
2015.04.22 10:56:39.615,1.00895,1.00918,1.00,1.17
2015.04.22 10:56:39.666,1.00892,1.00917,1.00,1.10
2015.04.22 10:56:39.818,1.00892,1.00917,1.00,1.15
2015.04.22 10:56:39.869,1.00888,1.00913,1.87,1.00
2015.04.22 10:56:40.374,1.00888,1.00913,2.32,1.00
2015.04.22 10:56:40.475,1.0089,1.00913,1.00,1.00
2015.04.22 10:56:40.981,1.00889,1.00913,1.12,1.00
2015.04.22 10:56:41.436,1.00886,1.00909,1.15,1.00
2015.04.22 10:56:41.991,1.00886,1.00909,1.00,1.00
2015.04.22 10:56:42.524,1.00886,1.00909,1.17,1.00
2015.04.22 10:56:43.200,1.00886,1.00909,1.15,1.00
2015.04.22 10:56:43.301,1.0089,1.00913,1.00,1.00
2015.04.22 10:56:43.503,1.0089,1.00913,1.15,1.00
2015.04.22 10:56:45.337,1.00893,1.00913,1.00,1.00
2015.04.22 10:56:45.388,1.00894,1.00917,1.00,1.00
2015.04.22 10:56:45.591,1.00894,1.00917,1.15,1.00
2015.04.22 10:56:48.754,1.00894,1.00917,1.00,1.00
2015.04.22 10:56:49.159,1.00894,1.00917,1.42,1.00
2015.04.22 10:56:49.260,1.00899,1.0092,1.32,1.50
2015.04.22 10:56:49.766,1.009,1.00921,1.32,1.00
2015.04.22 10:56:49.918,1.00901,1.00923,1.07,1.10
2015.04.22 10:56:50.423,1.00901,1.00923,1.32,1.10
2015.04.22 10:56:50.776,1.00904,1.00927,1.00,1.20
2015.04.22 10:56:51.232,1.00904,1.00928,1.00,1.15
2015.04.22 10:56:52.253,1.00904,1.00929,1.00,2.02
2015.04.22 10:56:52.405,1.00904,1.00929,1.00,1.20
2015.04.22 10:56:53.464,1.00904,1.00926,1.00,1.00
2015.04.22 10:56:54.084,1.00904,1.00929,1.00,1.57
2015.04.22 10:56:54.677,1.00904,1.00929,1.00,1.57
2015.04.22 10:56:55.178,1.00904,1.00929,1.00,1.57
2015.04.22 10:56:55.680,1.00904,1.00929,1.00,1.57
2015.04.22 10:56:56.229,1.00904,1.00929,1.00,1.57
2015.04.22 10:56:56.791,1.00904,1.00929,1.00,1.57
2015.04.22 10:56:57.036,1.00904,1.00929,1.00,1.20
2015.04.22 10:56:57.635,1.00904,1.00929,1.00,1.57
2015.04.22 10:56:58.171,1.00904,1.00926,1.00,1.10
2015.04.22 10:56:58.840,1.00904,1.00922,1.00,1.15
2015.04.22 10:56:58.942,1.00901,1.00922,1.22,1.15
2015.04.22 10:56:59.044,1.00901,1.00918,1.22,1.00
2015.04.22 10:56:59.196,1.00901,1.00922,1.22,1.17
2015.04.22 10:56:59.247,1.00901,1.00922,1.22,1.00
2015.04.22 10:56:59.641,1.00901,1.00926,1.30,1.65
2015.04.22 10:57:00.866,1.00901,1.00926,1.80,1.00
2015.04.22 10:57:00.917,1.00906,1.00929,1.00,1.00
2015.04.22 10:57:01.664,1.00906,1.00929,1.00,1.15
2015.04.22 10:57:02.170,1.00906,1.00927,1.00,1.00
2015.04.22 10:57:02.473,1.00906,1.00929,1.00,1.65
2015.04.22 10:57:02.978,1.00906,1.00922,1.00,1.00
2015.04.22 10:57:03.231,1.00901,1.0092,1.22,1.00
2015.04.22 10:57:03.332,1.00901,1.00923,1.22,1.10
2015.04.22 10:57:03.585,1.00901,1.00925,1.22,1.07
2015.04.22 10:57:04.114,1.00901,1.00922,1.30,1.15
2015.04.22 10:57:04.417,1.00901,1.00922,1.30,1.15
2015.04.22 10:57:04.934,1.00901,1.00921,1.22,1.15
2015.04.22 10:57:06.117,1.00901,1.00918,1.00,1.15
2015.04.22 10:57:06.374,1.00895,1.00918,1.00,1.15
2015.04.22 10:57:06.526,1.00893,1.00916,1.00,1.17
2015.04.22 10:57:06.627,1.0089,1.00913,1.00,1.00
2015.04.22 10:57:08.457,1.0089,1.00913,1.32,1.00
2015.04.22 10:57:08.558,1.00892,1.00917,1.50,1.15
2015.04.22 10:57:12.129,1.00892,1.00917,1.07,1.15
2015.04.22 10:57:12.433,1.00892,1.00911,1.07,1.00
2015.04.22 10:57:12.685,1.00892,1.00917,1.00,1.95
2015.04.22 10:57:13.201,1.00892,1.00917,1.00,1.12
2015.04.22 10:57:14.208,1.00895,1.00917,1.00,1.00
2015.04.22 10:57:14.735,1.00896,1.00919,1.00,1.00
2015.04.22 10:57:15.212,1.00899,1.0092,1.00,1.00
2015.04.22 10:57:15.762,1.00899,1.00922,1.00,1.87
2015.04.22 10:57:17.441,1.00899,1.0092,1.00,1.00
2015.04.22 10:57:17.643,1.00895,1.00917,1.00,1.20
2015.04.22 10:57:17.794,1.00895,1.00919,1.00,1.00
2015.04.22 10:57:18.299,1.00895,1.0092,1.00,1.00
2015.04.22 10:57:18.602,1.00899,1.00922,1.00,1.10
2015.04.22 10:57:20.029,1.00899,1.00924,1.00,1.65
2015.04.22 10:57:20.602,1.00899,1.00924,1.00,1.10
2015.04.22 10:57:30.420,1.00899,1.00924,1.00,1.47
2015.04.22 10:57:30.723,1.00899,1.00924,1.00,1.47
2015.04.22 10:57:31.278,1.00899,1.00924,1.00,1.15
2015.04.22 10:57:33.990,1.00899,1.00917,1.00,1.10
2015.04.22 10:57:34.344,1.00895,1.0092,1.00,1.15
2015.04.22 10:57:35.180,1.00895,1.0092,1.00,1.17
2015.04.22 10:57:35.281,1.00895,1.0092,1.00,1.10
2015.04.22 10:57:36.544,1.00898,1.00923,1.00,1.65
2015.04.22 10:57:36.954,1.00898,1.00923,1.00,1.15
2015.04.22 10:57:37.498,1.00898,1.00923,1.00,1.15
2015.04.22 10:57:38.459,1.00898,1.00922,1.00,1.15
2015.04.22 10:57:38.610,1.00895,1.00919,1.00,1.15
2015.04.22 10:57:39.115,1.00895,1.00919,1.00,1.00
2015.04.22 10:57:39.744,1.00898,1.00923,1.00,1.17
2015.04.22 10:57:40.249,1.00898,1.00921,1.00,1.00
2015.04.22 10:57:41.323,1.00898,1.00922,1.00,1.20
2015.04.22 10:57:41.829,1.00898,1.00923,1.00,1.00
2015.04.22 10:57:42.283,1.00898,1.00923,1.37,1.00
2015.04.22 10:57:42.386,1.00898,1.00923,1.00,1.00
2015.04.22 10:57:42.917,1.00898,1.00923,1.37,1.00
2015.04.22 10:57:44.150,1.00898,1.00923,1.87,1.00
2015.04.22 10:57:44.252,1.00902,1.00925,1.37,1.00
2015.04.22 10:57:44.568,1.00902,1.00925,1.00,1.00
2015.04.22 10:57:45.050,1.00902,1.00925,1.00,1.65
2015.04.22 10:57:45.102,1.00899,1.00922,1.00,1.20
2015.04.22 10:57:46.364,1.00899,1.00921,1.00,1.07
2015.04.22 10:57:46.880,1.00899,1.00921,1.00,1.15
2015.04.22 10:57:48.067,1.00899,1.00922,1.00,1.17
2015.04.22 10:57:48.589,1.00899,1.00922,1.00,1.00
2015.04.22 10:57:49.302,1.00902,1.00925,1.00,1.00
2015.04.22 10:57:50.059,1.00902,1.00925,1.37,1.00
2015.04.22 10:57:50.362,1.00905,1.00925,1.10,1.00
2015.04.22 10:57:50.413,1.00905,1.00928,1.57,1.00
2015.04.22 10:57:54.825,1.00905,1.00928,1.37,1.00
2015.04.22 10:57:55.330,1.00905,1.00928,1.00,1.00
2015.04.22 10:57:55.684,1.00908,1.00931,1.00,1.00
2015.04.22 10:57:56.188,1.00908,1.00931,1.37,1.00
2015.04.22 10:57:57.340,1.00908,1.00931,1.00,1.00
2015.04.22 10:57:57.879,1.00908,1.00931,1.37,1.00
2015.04.22 10:57:58.131,1.00908,1.00931,1.00,1.00
2015.04.22 10:57:58.333,1.00908,1.00931,1.37,1.00
2015.04.22 10:57:59.343,1.00908,1.00931,1.37,1.00
2015.04.22 10:57:59.646,1.00908,1.00931,1.37,1.00
2015.04.22 10:58:03.260,1.00908,1.00931,1.37,1.00
2015.04.22 10:58:03.718,1.00908,1.00928,1.37,1.10
2015.04.22 10:58:04.174,1.00905,1.00928,1.00,1.17
2015.04.22 10:58:04.996,1.00905,1.00928,1.00,1.00
2015.04.22 10:58:07.988,1.00905,1.00928,1.00,1.17
2015.04.22 10:58:08.556,1.00905,1.00926,1.00,1.00
2015.04.22 10:58:09.574,1.00905,1.00925,1.00,1.37
2015.04.22 10:58:09.877,1.00901,1.00919,1.00,1.10
2015.04.22 10:58:09.978,1.00901,1.00924,1.00,1.10
2015.04.22 10:58:10.332,1.00903,1.00925,1.00,1.07
2015.04.22 10:58:10.643,1.00903,1.00922,1.00,1.00
2015.04.22 10:58:10.694,1.00903,1.00924,1.00,1.10
2015.04.22 10:58:16.123,1.00903,1.00925,1.00,1.12
2015.04.22 10:58:18.120,1.00903,1.00926,1.00,1.00
2015.04.22 10:58:18.222,1.00903,1.00926,1.00,1.37
2015.04.22 10:58:18.373,1.00903,1.00926,1.00,1.00
2015.04.22 10:58:21.756,1.009,1.00925,1.00,1.00
2015.04.22 10:58:25.540,1.009,1.00923,1.00,1.00
2015.04.22 10:58:26.044,1.009,1.00924,1.37,1.00
2015.04.22 10:58:29.075,1.009,1.00925,1.37,1.20
2015.04.22 10:58:31.019,1.009,1.00923,1.37,1.00
2015.04.22 10:58:31.340,1.00898,1.00921,1.12,1.00
2015.04.22 10:58:34.329,1.00898,1.00921,1.37,1.57
2015.04.22 10:58:34.632,1.00898,1.00921,1.00,1.00
2015.04.22 10:58:37.746,1.00898,1.00921,1.00,1.07
2015.04.22 10:58:39.186,1.00898,1.00921,1.00,1.00
2015.04.22 10:58:45.366,1.009,1.00921,1.00,1.00
2015.04.22 10:58:45.967,1.00899,1.00921,1.00,1.00
2015.04.22 10:58:46.616,1.00898,1.00921,1.50,1.00
2015.04.22 10:58:48.174,1.00899,1.00921,1.00,1.00
2015.04.22 10:58:49.586,1.00899,1.00921,1.37,1.00
2015.04.22 10:58:49.687,1.00901,1.00924,1.12,1.00
2015.04.22 10:58:49.789,1.00901,1.00924,1.87,1.00
2015.04.22 10:58:50.192,1.00901,1.00924,1.00,1.00
2015.04.22 10:58:50.243,1.00904,1.00927,1.00,1.10
2015.04.22 10:58:50.697,1.00901,1.00924,1.00,1.00
2015.04.22 10:58:54.865,1.00901,1.00924,1.37,1.00
2015.04.22 10:58:55.369,1.00901,1.00924,1.00,1.00
2015.04.22 10:59:01.455,1.00903,1.00928,1.00,1.00
2015.04.22 10:59:04.602,1.00903,1.00928,1.00,1.07
2015.04.22 10:59:04.754,1.00903,1.00928,1.00,1.00
2015.04.22 10:59:06.632,1.00903,1.00928,1.00,1.07
2015.04.22 10:59:08.131,1.00903,1.00928,1.00,1.17
2015.04.22 10:59:08.636,1.00903,1.00928,1.00,1.15
2015.04.22 10:59:08.687,1.00903,1.00928,1.00,1.15
2015.04.22 10:59:10.141,1.00903,1.00922,1.00,1.00
2015.04.22 10:59:10.343,1.00903,1.00924,1.00,1.00
2015.04.22 10:59:10.898,1.00903,1.00926,1.00,1.00
2015.04.22 10:59:11.402,1.00903,1.00928,1.00,2.40
2015.04.22 10:59:11.970,1.00903,1.00926,1.00,1.00
2015.04.22 10:59:13.979,1.00903,1.00926,1.00,1.15
2015.04.22 10:59:14.442,1.00902,1.00921,1.00,1.07
2015.04.22 10:59:14.916,1.00902,1.00918,1.00,1.00
2015.04.22 10:59:15.219,1.00898,1.00918,1.00,1.00
2015.04.22 10:59:15.371,1.00898,1.0092,1.00,1.10
2015.04.22 10:59:15.599,1.00898,1.00918,1.00,1.17
2015.04.22 10:59:15.751,1.00898,1.00918,1.00,1.10
2015.04.22 10:59:16.487,1.00898,1.00921,1.00,1.12
2015.04.22 10:59:17.229,1.00898,1.00923,1.00,1.65
2015.04.22 10:59:18.597,1.00898,1.00923,1.00,1.00
2015.04.22 10:59:20.299,1.00898,1.00922,1.00,1.00
2015.04.22 10:59:20.754,1.00898,1.0092,1.00,1.00
2015.04.22 10:59:21.325,1.00898,1.00921,1.00,1.00
2015.04.22 10:59:21.456,1.00898,1.00923,1.00,1.50
2015.04.22 10:59:23.696,1.00898,1.00923,1.17,1.00
2015.04.22 10:59:23.949,1.00902,1.00925,1.00,1.00
2015.04.22 10:59:24.454,1.00902,1.00924,1.00,1.10
2015.04.22 10:59:24.758,1.00902,1.00922,1.00,1.00
2015.04.22 10:59:24.809,1.00902,1.00924,1.00,1.10
2015.04.22 10:59:25.316,1.00902,1.00925,1.00,2.25
2015.04.22 10:59:29.717,1.00903,1.00928,1.00,1.00
2015.04.22 10:59:29.970,1.00903,1.00928,1.00,1.52
2015.04.22 10:59:30.071,1.00903,1.00928,1.00,1.65
2015.04.22 10:59:30.426,1.00903,1.00925,1.00,1.07
2015.04.22 10:59:30.628,1.009,1.00925,1.00,1.65
2015.04.22 10:59:30.932,1.009,1.00925,1.00,1.65
2015.04.22 10:59:31.047,1.009,1.00922,1.00,1.15
2015.04.22 10:59:32.955,1.009,1.00925,1.00,1.65
2015.04.22 10:59:33.157,1.00897,1.00922,1.00,1.00
2015.04.22 10:59:33.832,1.00897,1.00922,1.00,1.57
2015.04.22 10:59:34.186,1.00898,1.00922,1.12,1.10
2015.04.22 10:59:34.287,1.00901,1.00922,1.00,1.00
2015.04.22 10:59:34.338,1.00901,1.00924,1.87,1.00
2015.04.22 10:59:35.119,1.00901,1.00924,1.00,1.10
2015.04.22 10:59:35.170,1.00901,1.00924,1.00,1.07
2015.04.22 10:59:35.221,1.00898,1.00921,1.00,1.00
2015.04.22 10:59:35.373,1.009,1.00921,1.00,1.00
2015.04.22 10:59:35.676,1.00901,1.00921,1.37,1.00
2015.04.22 10:59:35.979,1.00904,1.00925,1.37,1.00
2015.04.22 10:59:36.332,1.00902,1.00925,1.37,1.00
2015.04.22 10:59:36.879,1.00902,1.00925,1.52,1.00
2015.04.22 10:59:37.133,1.00904,1.00925,1.55,1.00
2015.04.22 10:59:38.675,1.00905,1.00927,1.45,1.00
2015.04.22 10:59:39.187,1.00904,1.00927,1.45,1.00
2015.04.22 10:59:40.349,1.00903,1.00925,1.37,1.00
2015.04.22 10:59:41.056,1.009,1.00925,1.87,1.00
2015.04.22 10:59:41.107,1.009,1.0092,1.37,1.07
2015.04.22 10:59:41.422,1.00893,1.00918,1.37,1.15
2015.04.22 10:59:41.625,1.00893,1.00918,1.37,1.15
2015.04.22 10:59:41.675,1.00893,1.00918,1.37,1.15
2015.04.22 10:59:42.686,1.00893,1.00917,1.37,2.32
2015.04.22 10:59:42.990,1.00891,1.00914,1.37,1.65
2015.04.22 10:59:43.129,1.00888,1.00913,1.37,1.15
2015.04.22 10:59:43.180,1.00892,1.00915,1.12,1.15
2015.04.22 10:59:43.838,1.00895,1.00918,1.00,3.82
2015.04.22 10:59:43.889,1.00895,1.00918,1.00,1.65
2015.04.22 10:59:44.197,1.00895,1.00918,1.00,1.15
2015.04.22 10:59:44.400,1.00895,1.0092,1.12,1.17
2015.04.22 10:59:45.166,1.00895,1.0092,1.37,1.17
2015.04.22 10:59:45.470,1.00899,1.00924,1.00,2.40
2015.04.22 10:59:47.730,1.00899,1.00924,1.00,1.65
2015.04.22 10:59:47.932,1.00903,1.00926,1.00,2.02
2015.04.22 10:59:48.336,1.00903,1.00926,1.37,1.15
2015.04.22 10:59:48.538,1.00903,1.00926,1.12,1.15
2015.04.22 10:59:49.397,1.00903,1.00925,1.00,1.15
2015.04.22 10:59:49.599,1.00903,1.00925,1.00,1.15
2015.04.22 10:59:50.709,1.00903,1.00926,1.00,1.17
2015.04.22 10:59:52.895,1.00906,1.00929,1.00,1.15
2015.04.22 10:59:53.255,1.00906,1.00927,1.00,2.32
2015.04.22 10:59:53.306,1.00903,1.00926,1.00,3.07
2015.04.22 10:59:53.561,1.009,1.00923,1.00,1.15
2015.04.22 10:59:53.612,1.009,1.00923,1.00,3.07
2015.04.22 10:59:55.226,1.009,1.00923,1.00,1.37
2015.04.22 10:59:55.378,1.009,1.00923,1.00,1.37
2015.04.22 10:59:55.681,1.009,1.00921,1.00,1.37
2015.04.22 10:59:55.984,1.00903,1.00922,1.00,1.37
2015.04.22 10:59:56.210,1.00903,1.00922,1.00,1.37
2015.04.22 10:59:56.363,1.00903,1.00924,1.00,1.37
2015.04.22 10:59:57.331,1.00902,1.00922,1.00,1.37
2015.04.22 10:59:57.584,1.00903,1.00913,1.00,1.37
2015.04.22 10:59:57.888,1.00903,1.00917,1.00,1.37
2015.04.22 10:59:58.140,1.00903,1.00921,1.00,1.37
2015.04.22 10:59:58.545,1.00903,1.00926,1.00,2.25
2015.04.22 10:59:59.151,1.00905,1.00921,1.00,1.37
