2015.04.14 19:00:00.489,1.01364,1.01397,1.50,1.15
2015.04.14 19:00:00.540,1.0136,1.01397,1.90,1.15
2015.04.14 19:00:00.794,1.0136,1.01398,1.85,3.07
2015.04.14 19:00:01.097,1.01362,1.01384,1.50,1.12
2015.04.14 19:00:01.149,1.01362,1.01397,1.50,1.65
2015.04.14 19:00:01.250,1.01363,1.01397,1.65,1.57
2015.04.14 19:00:01.606,1.01363,1.01397,2.31,1.57
2015.04.14 19:00:01.948,1.01364,1.01394,1.27,1.00
2015.04.14 19:00:01.999,1.01364,1.01394,1.12,1.15
2015.04.14 19:00:02.050,1.01357,1.0139,2.40,1.20
2015.04.14 19:00:02.202,1.01357,1.01395,2.32,1.15
2015.04.14 19:00:02.253,1.01358,1.01396,1.10,2.32
2015.04.14 19:00:02.304,1.01358,1.01398,1.25,1.72
2015.04.14 19:00:02.607,1.01367,1.01397,1.00,1.15
2015.04.14 19:00:02.708,1.01362,1.01397,1.15,1.15
2015.04.14 19:00:04.254,1.01356,1.0139,2.40,1.00
2015.04.14 19:00:04.305,1.0135,1.0139,1.35,1.15
2015.04.14 19:00:04.418,1.0135,1.0139,1.15,1.90
2015.04.14 19:00:04.671,1.01346,1.01386,1.22,1.15
2015.04.14 19:00:04.722,1.01346,1.01386,1.22,1.22
2015.04.14 19:00:06.421,1.01346,1.01381,1.15,1.17
2015.04.14 19:00:06.522,1.01349,1.01389,1.15,2.40
2015.04.14 19:00:06.673,1.01357,1.01397,1.15,1.27
2015.04.14 19:00:06.775,1.01361,1.01397,1.15,1.27
2015.04.14 19:00:06.881,1.01361,1.01398,1.15,1.85
2015.04.14 19:00:06.983,1.01361,1.01398,1.20,1.90
2015.04.14 19:00:07.437,1.01357,1.01398,1.15,1.90
2015.04.14 19:00:08.184,1.01354,1.01396,1.15,3.07
2015.04.14 19:00:08.235,1.01354,1.01395,1.15,3.07
2015.04.14 19:00:10.894,1.01351,1.01395,1.15,3.07
2015.04.14 19:00:10.945,1.01353,1.01397,1.15,1.27
2015.04.14 19:00:14.106,1.01348,1.01392,1.65,1.35
2015.04.14 19:00:14.611,1.01349,1.01392,2.32,1.60
2015.04.14 19:00:14.914,1.01354,1.01397,1.65,2.70
2015.04.14 19:00:19.922,1.01354,1.01399,3.07,1.22
2015.04.14 19:00:20.174,1.01354,1.014,3.07,3.15
2015.04.14 19:00:23.841,1.01354,1.01397,1.65,3.82
2015.04.14 19:00:24.349,1.01359,1.01391,1.00,1.25
2015.04.14 19:00:29.785,1.01355,1.01389,1.15,1.20
2015.04.14 19:00:31.223,1.01355,1.01389,1.15,1.07
2015.04.14 19:00:33.742,1.01359,1.01391,1.07,1.00
2015.04.14 19:00:39.399,1.01359,1.01393,1.15,1.00
2015.04.14 19:00:40.755,1.01357,1.01396,1.15,1.90
2015.04.14 19:00:43.094,1.01355,1.01394,1.15,1.65
2015.04.14 19:00:47.701,1.01357,1.01396,1.15,1.27
2015.04.14 19:00:47.751,1.01357,1.01396,1.15,1.27
2015.04.14 19:00:48.812,1.0136,1.01399,1.15,1.27
2015.04.14 19:00:48.863,1.01362,1.01399,1.65,1.27
2015.04.14 19:00:48.914,1.01362,1.01399,1.65,1.20
2015.04.14 19:00:49.116,1.01363,1.01399,2.32,1.10
2015.04.14 19:00:53.170,1.01363,1.01398,6.00,1.00
2015.04.14 19:00:53.871,1.01366,1.01397,1.15,1.00
2015.04.14 19:00:59.293,1.01363,1.01397,1.15,1.00
2015.04.14 19:01:06.020,1.0136,1.01397,2.40,1.15
2015.04.14 19:01:11.694,1.01358,1.01397,1.15,1.90
2015.04.14 19:01:11.796,1.01358,1.01397,1.15,1.65
2015.04.14 19:01:18.715,1.01358,1.01397,1.15,2.40
2015.04.14 19:01:19.904,1.01362,1.01397,3.07,1.50
2015.04.14 19:01:19.955,1.01364,1.01398,1.15,1.00
2015.04.14 19:01:24.906,1.01364,1.01397,1.15,1.00
2015.04.14 19:01:25.640,1.0136,1.01397,1.15,1.07
2015.04.14 19:01:25.843,1.01359,1.01397,1.65,1.15
2015.04.14 19:01:28.148,1.01356,1.01397,1.65,2.02
2015.04.14 19:01:28.354,1.0136,1.01397,1.15,1.82
2015.04.14 19:01:28.404,1.0136,1.01397,1.15,1.57
2015.04.14 19:01:28.456,1.01363,1.01397,2.32,1.50
2015.04.14 19:01:28.557,1.01366,1.01397,1.15,1.00
2015.04.14 19:01:28.659,1.01366,1.01397,2.32,1.00
2015.04.14 19:01:28.963,1.01378,1.01397,1.50,1.00
2015.04.14 19:01:29.014,1.01368,1.01397,1.15,1.00
2015.04.14 19:01:29.771,1.01365,1.01397,1.15,1.00
2015.04.14 19:01:30.928,1.01368,1.01397,1.92,1.00
2015.04.14 19:01:31.231,1.01368,1.01397,1.92,1.00
2015.04.14 19:01:31.635,1.01377,1.01397,1.07,1.00
2015.04.14 19:01:35.237,1.01378,1.01397,1.00,1.00
2015.04.14 19:01:35.656,1.01378,1.01397,1.07,1.00
2015.04.14 19:01:36.167,1.01378,1.01397,1.15,1.00
2015.04.14 19:01:38.157,1.01378,1.01404,1.15,1.00
2015.04.14 19:01:38.309,1.01378,1.01404,1.90,1.00
2015.04.14 19:01:38.667,1.01378,1.01404,1.90,1.00
2015.04.14 19:01:44.374,1.01378,1.01404,1.90,1.00
2015.04.14 19:01:45.055,1.01378,1.01404,1.90,1.00
2015.04.14 19:01:45.106,1.01376,1.014,1.90,1.00
2015.04.14 19:01:45.257,1.01373,1.014,1.65,1.00
2015.04.14 19:01:45.510,1.01374,1.014,1.65,1.00
2015.04.14 19:01:46.070,1.0137,1.01399,1.65,1.00
2015.04.14 19:01:46.171,1.0137,1.01399,1.65,1.00
2015.04.14 19:01:50.040,1.0137,1.01408,1.65,1.15
2015.04.14 19:01:50.142,1.01376,1.0141,1.00,1.72
2015.04.14 19:01:50.243,1.01376,1.0141,1.17,1.72
2015.04.14 19:01:50.294,1.01376,1.0141,1.15,1.65
2015.04.14 19:01:50.446,1.0138,1.01413,1.00,1.15
2015.04.14 19:01:50.950,1.0138,1.01414,1.00,1.90
2015.04.14 19:01:51.442,1.01374,1.0141,1.15,1.27
2015.04.14 19:01:51.781,1.01374,1.0141,1.17,1.25
2015.04.14 19:01:51.832,1.01374,1.0141,1.20,1.22
2015.04.14 19:01:52.336,1.01374,1.0141,1.20,1.90
2015.04.14 19:01:52.488,1.01374,1.0141,1.17,1.27
2015.04.14 19:01:52.538,1.01374,1.0141,1.15,1.27
2015.04.14 19:01:53.060,1.01377,1.01413,1.15,1.15
2015.04.14 19:01:54.509,1.01377,1.01413,1.07,2.02
2015.04.14 19:01:54.560,1.01374,1.0141,1.20,1.15
2015.04.14 19:01:54.712,1.01374,1.01407,1.20,1.90
2015.04.14 19:01:54.916,1.01374,1.01407,1.20,1.22
2015.04.14 19:02:14.155,1.01373,1.01406,1.15,1.27
2015.04.14 19:02:14.769,1.01373,1.01406,1.15,1.20
2015.04.14 19:02:15.386,1.01373,1.01406,1.10,1.10
2015.04.14 19:02:18.601,1.01372,1.01406,1.17,2.32
2015.04.14 19:02:18.925,1.01372,1.01406,1.00,2.40
2015.04.14 19:02:19.277,1.01372,1.01406,1.07,1.72
2015.04.14 19:02:19.328,1.01372,1.01406,1.15,1.72
2015.04.14 19:02:25.164,1.0137,1.01403,1.15,1.00
2015.04.14 19:02:25.215,1.0137,1.01403,1.00,1.15
2015.04.14 19:02:25.366,1.01367,1.01401,1.10,1.15
2015.04.14 19:02:25.417,1.01367,1.01401,1.15,1.07
2015.04.14 19:02:25.518,1.01368,1.01401,1.00,1.27
2015.04.14 19:02:26.023,1.01365,1.01403,1.15,1.15
2015.04.14 19:02:33.518,1.01365,1.01402,1.07,2.40
2015.04.14 19:02:33.569,1.01365,1.01402,1.00,2.40
2015.04.14 19:02:33.671,1.01365,1.01397,1.00,1.15
2015.04.14 19:02:33.873,1.01363,1.01395,1.00,1.57
2015.04.14 19:02:33.924,1.01363,1.01395,1.10,1.50
2015.04.14 19:02:34.076,1.01362,1.01396,1.17,1.10
2015.04.14 19:02:34.530,1.0136,1.01392,1.17,1.17
2015.04.14 19:02:34.837,1.0136,1.01392,1.00,1.15
2015.04.14 19:02:34.941,1.01355,1.01389,1.15,1.15
2015.04.14 19:02:35.431,1.01355,1.01389,1.15,1.07
2015.04.14 19:02:35.482,1.01355,1.01389,1.15,1.00
2015.04.14 19:02:35.634,1.01361,1.01393,1.00,1.17
2015.04.14 19:02:38.390,1.01352,1.01386,1.20,1.15
2015.04.14 19:02:40.569,1.01357,1.01389,1.10,1.17
2015.04.14 19:02:40.873,1.0136,1.01394,1.10,1.25
2015.04.14 19:02:50.675,1.01365,1.01397,1.00,1.22
2015.04.14 19:02:50.726,1.01365,1.01397,1.00,1.25
2015.04.14 19:02:56.848,1.01365,1.01397,1.00,1.25
2015.04.14 19:02:56.949,1.01361,1.01393,1.10,1.15
2015.04.14 19:03:01.013,1.01361,1.01393,1.10,1.15
2015.04.14 19:03:01.114,1.01359,1.01387,1.00,1.20
2015.04.14 19:03:01.770,1.01359,1.01386,1.00,1.00
2015.04.14 19:03:02.022,1.01361,1.01391,1.07,1.07
2015.04.14 19:03:02.124,1.01359,1.01387,1.15,1.00
2015.04.14 19:03:02.225,1.01361,1.01391,1.15,1.00
2015.04.14 19:03:03.246,1.01361,1.01391,1.00,1.17
2015.04.14 19:03:11.478,1.01357,1.01387,1.15,1.00
2015.04.14 19:03:11.629,1.01357,1.01387,1.00,1.10
2015.04.14 19:03:12.091,1.0136,1.0139,1.17,1.00
2015.04.14 19:03:12.999,1.0136,1.0139,1.00,1.17
2015.04.14 19:03:13.554,1.0136,1.01388,1.00,1.00
2015.04.14 19:03:14.231,1.0136,1.0139,1.00,1.17
2015.04.14 19:03:14.534,1.0136,1.0139,1.15,1.00
2015.04.14 19:03:17.399,1.01367,1.01393,1.00,1.17
2015.04.14 19:03:17.908,1.01367,1.01393,1.00,1.00
2015.04.14 19:03:52.368,1.01367,1.01393,1.00,1.07
2015.04.14 19:03:52.877,1.01367,1.01393,1.00,1.00
2015.04.14 19:03:53.180,1.0137,1.01396,1.00,1.17
2015.04.14 19:03:53.709,1.0137,1.01396,1.00,1.00
2015.04.14 19:03:59.214,1.01367,1.01391,1.00,1.00
2015.04.14 19:04:09.787,1.0137,1.01394,1.00,1.00
2015.04.14 19:04:10.923,1.0137,1.01393,1.00,1.07
2015.04.14 19:04:10.974,1.01366,1.01392,1.00,1.15
2015.04.14 19:04:15.934,1.01366,1.01392,1.00,1.10
2015.04.14 19:04:31.661,1.01366,1.01391,1.00,1.00
2015.04.14 19:04:31.825,1.01366,1.01391,1.00,1.07
2015.04.14 19:04:31.876,1.01363,1.01389,1.00,1.20
2015.04.14 19:04:36.039,1.01363,1.01389,1.07,1.00
2015.04.14 19:04:36.191,1.01368,1.01392,1.00,1.00
2015.04.14 19:04:40.805,1.01372,1.01396,1.00,1.00
2015.04.14 19:04:41.259,1.01377,1.01401,1.00,1.00
2015.04.14 19:04:41.643,1.01377,1.01401,1.00,1.07
2015.04.14 19:04:41.895,1.01369,1.01393,1.00,1.10
2015.04.14 19:04:42.205,1.01371,1.01397,1.00,1.15
2015.04.14 19:04:42.307,1.01371,1.01397,1.00,1.17
2015.04.14 19:04:42.458,1.01376,1.01402,1.00,1.10
2015.04.14 19:04:42.762,1.0138,1.01404,1.00,1.07
2015.04.14 19:04:42.863,1.01373,1.01397,1.00,1.00
2015.04.14 19:04:43.370,1.01373,1.01397,1.00,1.07
2015.04.14 19:04:44.821,1.01369,1.01393,1.00,1.00
2015.04.14 19:04:46.283,1.01374,1.01398,1.00,1.00
2015.04.14 19:04:53.691,1.01374,1.01398,1.00,1.07
2015.04.14 19:04:53.793,1.01369,1.01395,1.00,1.07
2015.04.14 19:04:54.833,1.01372,1.01398,1.00,1.57
2015.04.14 19:04:54.884,1.01372,1.01398,1.00,1.00
2015.04.14 19:04:54.985,1.01377,1.01401,1.00,1.00
2015.04.14 19:05:04.966,1.01377,1.01401,1.07,1.00
2015.04.14 19:05:05.017,1.0138,1.01404,1.00,1.00
2015.04.14 19:05:05.118,1.01383,1.01406,1.00,1.00
2015.04.14 19:05:05.320,1.01376,1.01402,1.00,1.00
2015.04.14 19:05:05.423,1.01376,1.01402,1.00,1.50
2015.04.14 19:05:05.524,1.01374,1.01398,1.00,1.00
2015.04.14 19:05:20.151,1.01369,1.01395,1.00,1.00
2015.04.14 19:05:20.706,1.01369,1.01392,1.00,1.00
2015.04.14 19:05:21.361,1.01366,1.01392,1.00,1.50
2015.04.14 19:05:23.702,1.0137,1.01394,1.00,1.00
2015.04.14 19:05:47.225,1.01374,1.014,1.00,1.17
2015.04.14 19:05:47.275,1.01374,1.014,1.00,1.00
2015.04.14 19:05:49.620,1.01375,1.014,1.00,1.00
2015.04.14 19:05:49.671,1.01388,1.01403,1.00,1.00
2015.04.14 19:05:49.773,1.01391,1.01412,1.00,1.00
2015.04.14 19:05:49.875,1.01392,1.01416,1.00,1.00
2015.04.14 19:05:50.430,1.01387,1.01413,1.00,1.00
2015.04.14 19:05:51.221,1.01387,1.01413,1.00,1.17
2015.04.14 19:05:51.758,1.01387,1.01413,1.00,1.00
2015.04.14 19:05:59.748,1.01386,1.01414,1.00,1.00
2015.04.14 19:05:59.799,1.0139,1.01414,1.07,1.00
2015.04.14 19:05:59.901,1.01395,1.01417,1.15,1.00
2015.04.14 19:06:00.002,1.01399,1.01425,1.00,1.00
2015.04.14 19:06:00.224,1.01397,1.01424,1.10,1.00
2015.04.14 19:06:00.275,1.01397,1.01421,1.10,1.00
2015.04.14 19:06:00.478,1.014,1.01427,1.17,1.00
2015.04.14 19:06:01.695,1.01393,1.01421,1.07,1.00
2015.04.14 19:06:01.796,1.01393,1.01421,1.00,1.00
2015.04.14 19:06:01.897,1.01393,1.01419,1.00,1.00
2015.04.14 19:06:02.729,1.01389,1.01419,1.15,1.00
2015.04.14 19:06:05.527,1.01393,1.01424,1.15,1.00
2015.04.14 19:06:11.014,1.01394,1.01425,1.15,1.50
2015.04.14 19:06:11.322,1.01409,1.01434,1.15,1.00
2015.04.14 19:06:12.713,1.01402,1.0143,1.15,1.00
2015.04.14 19:06:12.815,1.014,1.01429,1.15,1.00
2015.04.14 19:06:13.219,1.01395,1.01429,1.15,1.00
2015.04.14 19:06:13.724,1.01393,1.01425,3.82,1.00
2015.04.14 19:06:13.825,1.01393,1.01425,1.65,1.00
2015.04.14 19:06:18.117,1.01395,1.01429,1.17,1.65
2015.04.14 19:06:18.218,1.01395,1.01429,1.15,1.50
2015.04.14 19:06:19.652,1.01403,1.01429,1.00,1.00
2015.04.14 19:06:19.956,1.0141,1.01433,1.00,1.00
2015.04.14 19:06:20.258,1.0141,1.01435,1.15,1.00
2015.04.14 19:06:20.561,1.01404,1.01432,6.00,1.00
2015.04.14 19:06:22.854,1.01407,1.01435,1.15,1.00
2015.04.14 19:06:23.409,1.0141,1.01433,1.15,1.00
2015.04.14 19:06:23.561,1.01404,1.01433,1.65,1.00
2015.04.14 19:06:24.667,1.01399,1.01432,3.15,1.00
2015.04.14 19:06:26.007,1.01405,1.01432,1.57,1.00
2015.04.14 19:06:26.311,1.01408,1.01433,1.65,1.00
2015.04.14 19:06:26.919,1.01405,1.01432,3.82,1.00
2015.04.14 19:06:27.171,1.014,1.01432,1.65,1.00
2015.04.14 19:06:28.381,1.01404,1.01433,1.17,1.00
2015.04.14 19:06:28.432,1.01408,1.01433,1.07,1.00
2015.04.14 19:06:30.220,1.01403,1.01433,3.07,1.50
2015.04.14 19:06:30.272,1.01401,1.01433,3.15,1.50
2015.04.14 19:06:31.093,1.01401,1.01432,3.82,1.00
2015.04.14 19:06:31.295,1.01403,1.01432,1.15,1.00
2015.04.14 19:06:32.084,1.01403,1.01433,1.15,3.00
2015.04.14 19:06:34.316,1.01405,1.01431,1.00,1.00
2015.04.14 19:06:34.619,1.01411,1.01432,1.10,1.00
2015.04.14 19:06:34.670,1.01409,1.01432,1.00,1.00
2015.04.14 19:06:34.872,1.01406,1.01431,1.15,1.00
2015.04.14 19:06:35.125,1.01409,1.01431,1.00,1.00
2015.04.14 19:06:35.951,1.01409,1.01431,1.07,1.00
2015.04.14 19:06:36.168,1.0141,1.01436,1.15,1.00
2015.04.14 19:06:38.927,1.0142,1.01447,1.52,1.35
2015.04.14 19:06:38.979,1.01422,1.01453,1.47,1.10
2015.04.14 19:06:43.451,1.01419,1.01449,1.37,1.07
2015.04.14 19:06:43.502,1.01421,1.01435,1.00,1.00
2015.04.14 19:06:43.604,1.01419,1.01438,1.37,1.20
2015.04.14 19:06:43.705,1.01411,1.01441,1.37,1.10
2015.04.14 19:06:43.857,1.01414,1.01446,1.52,1.00
2015.04.14 19:06:46.020,1.01416,1.01449,1.87,1.15
2015.04.14 19:06:46.122,1.01416,1.01449,1.87,1.15
2015.04.14 19:06:46.654,1.01416,1.01449,2.02,1.00
2015.04.14 19:06:46.705,1.01416,1.01449,1.65,1.00
2015.04.14 19:06:47.764,1.01416,1.01449,1.57,1.65
2015.04.14 19:06:48.468,1.01413,1.01447,1.17,1.57
2015.04.14 19:06:48.971,1.01413,1.01447,1.57,2.40
2015.04.14 19:06:49.385,1.01411,1.01441,1.17,1.00
2015.04.14 19:06:49.901,1.01408,1.0144,1.52,1.00
2015.04.14 19:06:50.829,1.0141,1.01441,1.15,1.00
2015.04.14 19:06:50.930,1.0141,1.01443,1.15,1.10
2015.04.14 19:06:51.284,1.01413,1.01443,1.47,1.10
2015.04.14 19:06:52.798,1.01413,1.01447,1.47,1.65
2015.04.14 19:06:53.102,1.01416,1.01447,1.37,1.15
2015.04.14 19:06:53.592,1.01416,1.01448,1.37,1.65
2015.04.14 19:06:55.274,1.01415,1.01443,1.37,1.07
2015.04.14 19:06:55.375,1.01411,1.01442,1.00,1.15
2015.04.14 19:06:55.477,1.01409,1.0144,1.00,1.15
2015.04.14 19:06:55.579,1.01409,1.01438,1.00,1.07
2015.04.14 19:06:55.882,1.01405,1.01435,1.37,1.17
2015.04.14 19:06:58.323,1.01405,1.01437,1.00,1.15
2015.04.14 19:06:59.542,1.0141,1.01438,1.00,1.15
2015.04.14 19:06:59.744,1.01414,1.01444,1.00,1.15
2015.04.14 19:06:59.854,1.0141,1.01441,1.00,1.20
2015.04.14 19:06:59.906,1.0141,1.01441,1.00,1.17
2015.04.14 19:07:00.058,1.01405,1.01435,1.00,1.15
2015.04.14 19:07:00.311,1.01405,1.01435,1.00,1.52
2015.04.14 19:07:00.614,1.01405,1.01423,1.00,1.37
2015.04.14 19:07:00.665,1.01406,1.01436,1.00,1.17
2015.04.14 19:07:00.716,1.01406,1.01436,1.00,1.10
2015.04.14 19:07:00.817,1.01406,1.01429,1.00,1.00
2015.04.14 19:07:00.969,1.01402,1.01429,1.00,1.00
2015.04.14 19:07:01.907,1.01402,1.0143,1.00,1.00
2015.04.14 19:07:02.159,1.01402,1.01432,1.00,1.00
2015.04.14 19:07:02.722,1.01402,1.01433,1.00,1.10
2015.04.14 19:07:02.966,1.01404,1.01434,1.00,1.17
2015.04.14 19:07:07.065,1.01413,1.01438,1.00,1.07
2015.04.14 19:07:07.115,1.01413,1.01438,1.00,1.00
2015.04.14 19:07:07.217,1.01413,1.0144,1.00,1.00
2015.04.14 19:07:07.268,1.01416,1.01441,1.00,1.10
2015.04.14 19:07:07.370,1.01413,1.01441,1.20,1.00
2015.04.14 19:07:07.875,1.01412,1.01443,1.00,3.15
2015.04.14 19:07:17.395,1.01412,1.01442,2.02,1.00
2015.04.14 19:07:17.497,1.01417,1.01445,1.00,1.10
2015.04.14 19:07:17.749,1.01417,1.01445,1.00,1.17
2015.04.14 19:07:17.800,1.01413,1.01441,1.00,1.00
2015.04.14 19:07:18.607,1.01413,1.01441,1.37,1.00
2015.04.14 19:07:19.111,1.01413,1.01441,1.00,1.00
2015.04.14 19:07:29.582,1.01413,1.01441,1.95,1.00
2015.04.14 19:07:29.684,1.01419,1.01447,1.00,1.65
2015.04.14 19:07:31.262,1.01419,1.01447,1.00,1.50
2015.04.14 19:07:38.136,1.01419,1.01447,1.00,1.07
2015.04.14 19:07:38.187,1.01417,1.01444,1.00,1.00
2015.04.14 19:07:38.806,1.01414,1.01444,1.00,1.00
2015.04.14 19:07:38.959,1.01414,1.01443,1.00,1.07
2015.04.14 19:07:39.060,1.01411,1.01439,1.00,1.00
2015.04.14 19:07:39.363,1.01413,1.01443,1.37,1.65
2015.04.14 19:07:39.516,1.01413,1.01443,1.95,1.17
2015.04.14 19:07:39.617,1.01413,1.01443,1.95,1.10
2015.04.14 19:07:40.140,1.01417,1.01445,1.37,1.10
2015.04.14 19:07:40.662,1.01417,1.01445,1.12,1.00
2015.04.14 19:07:45.750,1.01417,1.01445,1.12,1.07
2015.04.14 19:07:53.866,1.01417,1.01445,1.20,1.00
2015.04.14 19:07:53.917,1.0142,1.01448,1.00,1.17
2015.04.14 19:07:54.234,1.0142,1.01448,1.37,1.17
2015.04.14 19:07:55.475,1.0142,1.01448,1.37,1.00
2015.04.14 19:07:56.631,1.0142,1.01448,1.37,1.00
2015.04.14 19:08:18.320,1.0142,1.01448,1.12,1.10
2015.04.14 19:08:22.422,1.0142,1.01448,1.12,1.07
2015.04.14 19:08:22.845,1.0142,1.01448,1.37,1.65
2015.04.14 19:08:23.146,1.0142,1.01448,1.12,1.65
2015.04.14 19:08:27.789,1.01418,1.01444,1.37,1.00
2015.04.14 19:08:32.391,1.01422,1.01446,1.37,1.00
2015.04.14 19:08:32.593,1.01422,1.01446,1.00,1.00
2015.04.14 19:08:32.846,1.01422,1.01446,1.37,1.00
2015.04.14 19:08:35.595,1.01422,1.01446,1.00,1.00
2015.04.14 19:08:55.752,1.01422,1.01446,1.00,1.07
2015.04.14 19:08:55.853,1.01417,1.01441,1.00,1.00
2015.04.14 19:09:09.813,1.0142,1.01444,1.00,1.10
2015.04.14 19:09:49.517,1.0142,1.01444,1.00,1.17
2015.04.14 19:10:02.345,1.0142,1.01444,1.00,1.00
2015.04.14 19:10:04.033,1.01423,1.01447,1.07,1.00
2015.04.14 19:10:04.488,1.01425,1.01451,1.07,1.00
2015.04.14 19:10:06.966,1.01425,1.01451,1.10,1.00
2015.04.14 19:10:10.617,1.01425,1.01451,1.47,1.00
2015.04.14 19:10:10.819,1.01422,1.01448,1.00,1.00
2015.04.14 19:10:11.072,1.0142,1.01444,1.12,1.00
2015.04.14 19:10:11.604,1.0142,1.01444,1.37,1.00
2015.04.14 19:10:11.907,1.0142,1.01444,1.37,1.00
2015.04.14 19:10:12.183,1.0142,1.01444,1.37,1.00
2015.04.14 19:10:12.387,1.0142,1.01444,1.37,1.00
2015.04.14 19:10:14.365,1.0142,1.01444,1.37,1.00
2015.04.14 19:10:17.888,1.0142,1.01444,1.12,1.00
2015.04.14 19:10:23.402,1.0142,1.01444,1.57,1.00
2015.04.14 19:10:24.258,1.0142,1.01444,1.00,1.10
2015.04.14 19:10:44.610,1.0142,1.01444,1.37,1.10
2015.04.14 19:10:51.098,1.0142,1.01444,1.00,1.10
2015.04.14 19:11:11.393,1.01418,1.01447,1.00,1.00
2015.04.14 19:11:16.249,1.01417,1.01447,1.00,1.00
2015.04.14 19:11:16.399,1.01415,1.01447,1.10,1.00
2015.04.14 19:11:18.600,1.01415,1.01447,1.47,1.00
2015.04.14 19:11:19.956,1.01415,1.01447,1.37,1.17
2015.04.14 19:11:24.339,1.01416,1.01448,1.00,1.15
2015.04.14 19:11:26.358,1.01413,1.01447,1.47,1.17
2015.04.14 19:11:32.389,1.01413,1.01447,1.52,1.00
2015.04.14 19:11:32.963,1.01414,1.01448,1.52,1.00
2015.04.14 19:11:41.329,1.01413,1.01447,1.15,1.00
2015.04.14 19:11:52.460,1.01415,1.01447,1.20,1.00
2015.04.14 19:12:12.463,1.01415,1.01447,1.17,1.00
2015.04.14 19:12:16.824,1.01416,1.01449,1.07,1.07
2015.04.14 19:12:17.127,1.01413,1.01447,1.07,1.15
2015.04.14 19:12:20.496,1.0141,1.01442,1.15,1.00
2015.04.14 19:12:20.799,1.01415,1.01439,1.00,1.00
2015.04.14 19:12:21.103,1.01415,1.01439,1.00,1.15
2015.04.14 19:12:21.254,1.0141,1.01434,1.50,1.00
2015.04.14 19:12:22.101,1.0141,1.01432,1.00,1.00
2015.04.14 19:12:24.641,1.0141,1.01434,1.50,1.00
2015.04.14 19:12:25.169,1.01411,1.01435,1.00,1.00
2015.04.14 19:12:25.220,1.01415,1.01439,1.00,1.00
2015.04.14 19:12:25.628,1.01417,1.01443,1.00,1.00
2015.04.14 19:13:21.887,1.01417,1.01443,1.17,1.00
2015.04.14 19:13:22.776,1.01417,1.01443,1.00,1.00
2015.04.14 19:13:22.828,1.0142,1.01446,1.00,1.07
2015.04.14 19:13:22.879,1.0142,1.01446,1.00,1.00
2015.04.14 19:13:23.082,1.01417,1.01443,1.07,1.00
2015.04.14 19:13:42.981,1.01417,1.01443,1.10,1.00
2015.04.14 19:14:03.123,1.01417,1.01443,1.07,1.00
2015.04.14 19:14:12.485,1.01417,1.01443,1.45,1.00
2015.04.14 19:14:15.905,1.01417,1.01443,1.07,1.00
2015.04.14 19:14:17.078,1.01417,1.01443,1.00,1.00
2015.04.14 19:14:23.086,1.01415,1.01447,1.17,1.00
2015.04.14 19:14:35.905,1.01416,1.01448,1.10,1.00
2015.04.14 19:14:41.213,1.01416,1.01448,1.07,1.07
2015.04.14 19:14:58.562,1.01413,1.01447,1.17,1.07
2015.04.14 19:14:58.613,1.01413,1.01445,1.10,1.15
2015.04.14 19:15:18.015,1.01414,1.01446,1.00,1.52
2015.04.14 19:15:18.449,1.01414,1.01446,1.15,1.00
2015.04.14 19:15:22.457,1.0142,1.01446,1.10,1.00
2015.04.14 19:15:22.760,1.01417,1.01443,1.50,1.00
2015.04.14 19:15:25.579,1.01417,1.01443,1.65,1.00
2015.04.14 19:15:44.930,1.01417,1.01443,1.00,1.00
2015.04.14 19:15:45.595,1.01417,1.01443,1.00,1.47
2015.04.14 19:15:45.898,1.01417,1.01443,1.00,1.47
2015.04.14 19:15:46.100,1.01417,1.01443,1.00,1.10
2015.04.14 19:15:46.534,1.01417,1.01443,1.00,1.47
2015.04.14 19:15:51.033,1.01419,1.01443,1.00,1.95
2015.04.14 19:15:51.287,1.01418,1.01442,1.00,1.12
2015.04.14 19:15:51.438,1.01415,1.01439,1.00,1.00
2015.04.14 19:15:52.569,1.01418,1.01442,1.00,1.12
2015.04.14 19:15:56.563,1.01418,1.01442,1.00,1.37
2015.04.14 19:15:56.893,1.01418,1.01442,1.00,1.37
2015.04.14 19:15:58.983,1.01418,1.01442,1.00,1.37
2015.04.14 19:15:59.075,1.01418,1.01442,1.00,1.37
2015.04.14 19:15:59.336,1.01418,1.01442,1.00,1.37
2015.04.14 19:16:02.604,1.01418,1.01442,1.00,1.00
2015.04.14 19:16:03.109,1.0142,1.01442,1.00,1.00
2015.04.14 19:16:03.600,1.01418,1.01442,1.00,1.00
2015.04.14 19:16:10.160,1.0142,1.01442,1.00,1.00
2015.04.14 19:16:10.362,1.01418,1.01442,1.00,1.00
2015.04.14 19:16:41.835,1.01423,1.01447,1.00,1.65
2015.04.14 19:16:42.138,1.01419,1.01445,1.12,1.00
2015.04.14 19:16:42.671,1.01419,1.01444,1.00,1.00
2015.04.14 19:16:42.722,1.01419,1.01444,1.00,1.07
2015.04.14 19:16:42.874,1.01419,1.01444,1.00,1.00
2015.04.14 19:16:42.925,1.01416,1.01442,1.10,1.00
2015.04.14 19:17:31.275,1.0142,1.01444,1.00,1.00
2015.04.14 19:17:41.521,1.0142,1.01443,1.00,1.00
2015.04.14 19:17:42.066,1.0142,1.01444,1.00,1.50
2015.04.14 19:17:42.768,1.0142,1.01443,1.00,1.00
2015.04.14 19:17:43.474,1.0142,1.01444,1.00,1.50
2015.04.14 19:17:44.363,1.0142,1.01443,1.00,1.00
2015.04.14 19:17:45.676,1.0142,1.01444,1.00,1.50
2015.04.14 19:17:46.226,1.0142,1.01443,1.00,1.00
2015.04.14 19:17:47.881,1.0142,1.01444,1.00,1.50
2015.04.14 19:17:48.433,1.0142,1.01443,1.00,1.00
2015.04.14 19:17:48.935,1.0142,1.01444,1.00,1.50
2015.04.14 19:17:49.476,1.0142,1.01443,1.00,1.00
2015.04.14 19:17:50.890,1.0142,1.01444,1.00,1.50
2015.04.14 19:17:52.475,1.0142,1.01443,1.00,1.00
2015.04.14 19:17:53.095,1.0142,1.01444,1.00,1.87
2015.04.14 19:18:18.208,1.01422,1.01448,1.00,1.55
2015.04.14 19:18:18.461,1.01426,1.0145,1.00,1.00
2015.04.14 19:18:29.092,1.01422,1.01448,1.00,1.00
2015.04.14 19:18:32.661,1.01422,1.01448,1.37,1.00
2015.04.14 19:18:44.075,1.01422,1.01448,1.00,1.00
2015.04.14 19:18:44.865,1.01417,1.01443,1.00,1.00
2015.04.14 19:19:09.640,1.01419,1.01443,1.00,1.00
2015.04.14 19:19:09.944,1.01425,1.01449,1.00,1.00
2015.04.14 19:19:10.247,1.01422,1.01446,1.00,1.00
2015.04.14 19:19:10.550,1.01426,1.01451,1.00,1.17
2015.04.14 19:19:21.688,1.01423,1.01447,1.00,1.00
2015.04.14 19:19:32.843,1.01417,1.01443,1.57,1.00
2015.04.14 19:19:33.168,1.01428,1.01451,1.00,1.12
2015.04.14 19:19:33.878,1.01423,1.01447,1.00,1.00
2015.04.14 19:19:37.744,1.0142,1.01444,1.20,1.00
2015.04.14 19:19:37.880,1.01422,1.01448,1.00,1.00
2015.04.14 19:19:38.461,1.01422,1.01448,1.00,1.17
2015.04.14 19:19:38.613,1.01427,1.01449,1.00,1.15
2015.04.14 19:19:38.663,1.01427,1.01453,1.00,2.02
2015.04.14 19:19:39.844,1.01427,1.01453,1.00,1.65
2015.04.14 19:19:41.451,1.01419,1.01443,1.57,1.00
2015.04.14 19:19:41.603,1.01425,1.01449,1.00,1.00
2015.04.14 19:19:41.705,1.01429,1.01453,1.00,1.00
2015.04.14 19:19:45.364,1.01429,1.01453,1.00,1.37
2015.04.14 19:19:46.538,1.01428,1.01452,1.00,1.00
2015.04.14 19:19:47.671,1.01423,1.01447,1.00,1.00
2015.04.14 19:19:50.663,1.01427,1.01453,1.00,1.10
2015.04.14 19:19:52.992,1.01427,1.01453,1.00,1.15
2015.04.14 19:19:54.358,1.01422,1.01448,1.50,1.00
2015.04.14 19:19:55.397,1.0142,1.01444,1.50,1.00
2015.04.14 19:19:55.983,1.0142,1.01444,1.57,1.00
2015.04.14 19:19:56.135,1.01425,1.01449,1.00,1.00
2015.04.14 19:19:56.236,1.01429,1.01452,1.00,1.00
2015.04.14 19:20:01.303,1.01429,1.01453,1.17,1.00
2015.04.14 19:20:01.405,1.01428,1.01454,1.00,1.00
2015.04.14 19:20:01.607,1.01431,1.01454,1.00,1.00
2015.04.14 19:20:01.710,1.01428,1.01454,1.00,1.00
2015.04.14 19:20:01.861,1.01433,1.01456,1.00,1.20
2015.04.14 19:20:02.165,1.01424,1.01448,1.00,1.00
2015.04.14 19:20:02.216,1.01422,1.01448,1.00,1.00
2015.04.14 19:20:03.386,1.01427,1.01451,1.00,1.10
2015.04.14 19:20:11.621,1.01427,1.01451,1.00,1.57
2015.04.14 19:20:11.975,1.01423,1.01449,1.00,1.00
2015.04.14 19:20:12.077,1.01423,1.01449,1.00,1.37
2015.04.14 19:20:15.895,1.01423,1.01449,1.17,1.12
2015.04.14 19:20:15.947,1.01428,1.01452,1.00,1.87
2015.04.14 19:20:16.268,1.01428,1.01452,1.00,1.87
2015.04.14 19:20:20.411,1.01428,1.01452,1.00,2.10
2015.04.14 19:20:20.664,1.01423,1.01447,1.00,1.37
2015.04.14 19:20:22.826,1.01417,1.01443,1.00,1.00
2015.04.14 19:20:23.330,1.01417,1.01443,1.00,1.07
2015.04.14 19:20:23.381,1.01417,1.01443,1.00,1.15
2015.04.14 19:20:23.685,1.01421,1.01445,1.00,1.45
2015.04.14 19:20:23.837,1.01421,1.01445,1.00,1.37
2015.04.14 19:20:23.938,1.01425,1.01449,1.00,1.37
2015.04.14 19:20:24.090,1.01425,1.01449,1.00,1.12
2015.04.14 19:20:25.157,1.01419,1.01443,1.87,1.00
2015.04.14 19:20:25.208,1.01423,1.01449,1.00,1.37
2015.04.14 19:20:26.696,1.01428,1.01452,1.00,1.47
2015.04.14 19:20:27.798,1.01428,1.01452,1.00,1.47
2015.04.14 19:20:27.899,1.01424,1.0145,1.00,1.00
2015.04.14 19:20:28.151,1.01427,1.01453,1.00,2.02
2015.04.14 19:20:28.454,1.01423,1.01447,1.00,1.00
2015.04.14 19:20:31.865,1.01427,1.01453,1.00,1.57
2015.04.14 19:20:32.330,1.01427,1.01453,1.00,1.95
2015.04.14 19:20:32.437,1.01422,1.01448,1.17,1.00
2015.04.14 19:20:51.891,1.01422,1.01448,1.00,1.00
2015.04.14 19:20:52.344,1.01428,1.01452,1.00,1.07
2015.04.14 19:20:52.648,1.01432,1.01456,1.00,1.10
2015.04.14 19:20:52.901,1.01432,1.01458,1.00,1.00
2015.04.14 19:20:58.914,1.01434,1.01458,1.00,1.00
2015.04.14 19:21:07.332,1.01437,1.01458,1.15,1.00
2015.04.14 19:21:07.434,1.01438,1.01462,1.17,1.00
2015.04.14 19:21:07.535,1.01441,1.01462,1.00,1.00
2015.04.14 19:21:08.379,1.0144,1.01462,1.00,1.00
2015.04.14 19:21:08.681,1.01442,1.01462,1.00,1.00
2015.04.14 19:21:09.186,1.01439,1.01462,1.17,1.00
2015.04.14 19:21:09.237,1.01438,1.01462,1.50,1.00
2015.04.14 19:21:09.389,1.01436,1.0146,1.00,1.00
2015.04.14 19:21:14.002,1.01438,1.0146,1.00,1.00
2015.04.14 19:21:14.103,1.01438,1.01462,2.32,1.00
2015.04.14 19:21:15.756,1.0144,1.01462,1.00,1.00
2015.04.14 19:21:16.410,1.01439,1.01462,1.10,1.00
2015.04.14 19:21:17.587,1.0144,1.01462,1.00,1.00
2015.04.14 19:21:17.688,1.01438,1.01462,1.00,1.00
2015.04.14 19:21:17.840,1.01434,1.01458,1.00,1.00
2015.04.14 19:21:34.464,1.01437,1.01461,1.00,1.00
2015.04.14 19:21:42.576,1.01433,1.01459,1.00,1.00
2015.04.14 19:21:49.543,1.01434,1.01459,1.00,1.00
2015.04.14 19:21:51.366,1.01433,1.01459,1.00,1.25
2015.04.14 19:21:51.416,1.01429,1.01453,1.00,1.00
2015.04.14 19:21:51.581,1.01429,1.01453,1.15,1.00
2015.04.14 19:21:51.632,1.01433,1.01457,1.00,1.00
2015.04.14 19:21:59.451,1.01429,1.01455,1.00,1.00
2015.04.14 19:21:59.553,1.01429,1.01455,1.00,1.12
2015.04.14 19:22:00.979,1.01429,1.01455,1.00,1.50
2015.04.14 19:22:02.187,1.01423,1.01449,1.00,1.00
2015.04.14 19:22:20.102,1.01423,1.01449,1.00,1.12
2015.04.14 19:22:39.467,1.01423,1.01449,1.00,1.27
2015.04.14 19:22:42.332,1.01417,1.01443,1.00,1.00
2015.04.14 19:22:43.060,1.01423,1.01447,1.00,1.27
2015.04.14 19:22:57.443,1.01424,1.01447,1.00,1.07
2015.04.14 19:22:57.595,1.01427,1.01451,1.00,1.37
2015.04.14 19:22:57.696,1.0143,1.01454,1.00,1.17
2015.04.14 19:22:59.056,1.0143,1.01454,1.00,1.10
2015.04.14 19:22:59.969,1.01432,1.01458,1.00,1.27
2015.04.14 19:23:00.137,1.01432,1.01458,1.00,1.57
2015.04.14 19:23:01.357,1.01432,1.01458,1.00,1.20
2015.04.14 19:23:02.967,1.01432,1.01452,1.00,1.07
2015.04.14 19:23:03.021,1.01429,1.01452,1.00,1.15
2015.04.14 19:23:03.123,1.01422,1.01448,1.00,1.10
2015.04.14 19:23:03.527,1.01422,1.01448,1.00,1.17
2015.04.14 19:23:11.980,1.01422,1.01444,1.00,1.00
2015.04.14 19:23:12.081,1.01422,1.01447,1.00,1.15
2015.04.14 19:23:12.132,1.01416,1.0144,1.00,1.00
2015.04.14 19:23:12.634,1.0142,1.01443,1.00,1.00
2015.04.14 19:23:12.684,1.01422,1.01448,1.00,1.00
2015.04.14 19:23:12.889,1.01418,1.01442,1.07,1.00
2015.04.14 19:23:15.431,1.01422,1.01446,1.00,1.00
2015.04.14 19:23:15.880,1.01426,1.0145,1.00,1.57
2015.04.14 19:23:19.692,1.01426,1.0145,1.00,1.00
2015.04.14 19:23:29.175,1.01425,1.01448,1.00,1.00
2015.04.14 19:23:29.479,1.01428,1.01452,1.00,1.37
2015.04.14 19:23:30.026,1.01428,1.01452,1.00,1.00
2015.04.14 19:23:32.037,1.01428,1.01452,1.00,1.37
2015.04.14 19:23:32.593,1.01428,1.01452,1.00,1.00
2015.04.14 19:23:38.318,1.01428,1.01452,1.00,1.37
2015.04.14 19:23:38.780,1.01424,1.0145,1.00,1.12
2015.04.14 19:23:39.052,1.01428,1.01452,1.00,1.00
2015.04.14 19:23:39.759,1.01431,1.01455,1.00,1.12
2015.04.14 19:23:42.090,1.01431,1.01455,1.00,1.37
2015.04.14 19:23:43.044,1.01427,1.01451,1.17,1.00
2015.04.14 19:23:43.146,1.01429,1.01455,1.00,1.37
2015.04.14 19:23:43.247,1.01426,1.01452,1.00,1.00
2015.04.14 19:23:44.106,1.01426,1.01452,1.15,1.00
2015.04.14 19:23:44.157,1.0143,1.01455,1.00,1.00
2015.04.14 19:23:44.705,1.0143,1.01456,1.00,1.00
2015.04.14 19:23:44.907,1.01427,1.01453,1.17,1.00
2015.04.14 19:23:45.413,1.01427,1.01453,1.00,1.00
2015.04.14 19:23:55.340,1.01423,1.01449,1.00,1.00
2015.04.14 19:23:55.643,1.01423,1.01449,1.00,1.15
2015.04.14 19:24:03.150,1.0142,1.01444,1.00,1.00
2015.04.14 19:24:15.813,1.01423,1.01447,1.00,1.00
2015.04.14 19:24:16.116,1.01428,1.01452,1.00,1.00
2015.04.14 19:24:16.571,1.01422,1.01448,1.50,1.00
2015.04.14 19:24:16.824,1.01426,1.0145,1.00,1.37
2015.04.14 19:24:19.089,1.0142,1.01446,1.00,1.12
2015.04.14 19:24:21.981,1.01424,1.01448,1.00,1.00
2015.04.14 19:24:22.183,1.01427,1.01453,1.00,1.15
2015.04.14 19:24:40.230,1.01427,1.01453,1.00,1.65
2015.04.14 19:24:40.433,1.01423,1.01447,1.00,1.12
2015.04.14 19:24:40.685,1.01428,1.01451,1.00,1.47
2015.04.14 19:24:41.602,1.01428,1.01452,1.00,1.07
2015.04.14 19:24:44.726,1.01434,1.01455,1.00,1.37
2015.04.14 19:24:44.878,1.01434,1.01454,1.00,1.00
2015.04.14 19:24:44.979,1.01434,1.01457,1.00,1.12
2015.04.14 19:24:45.918,1.01433,1.01457,1.00,1.12
2015.04.14 19:24:50.558,1.01432,1.01454,1.10,1.00
2015.04.14 19:24:50.901,1.01433,1.01457,1.00,1.12
2015.04.14 19:24:52.566,1.01429,1.01455,1.15,1.00
2015.04.14 19:24:52.859,1.01432,1.01458,1.10,1.37
2015.04.14 19:24:54.620,1.0143,1.01454,1.17,1.00
2015.04.14 19:24:54.965,1.01433,1.01457,1.00,1.12
2015.04.14 19:24:56.049,1.0143,1.01454,1.17,1.00
2015.04.14 19:25:00.347,1.0143,1.01454,1.50,1.00
2015.04.14 19:25:00.499,1.01433,1.01457,1.00,1.00
2015.04.14 19:25:01.477,1.01429,1.01453,1.00,1.00
2015.04.14 19:25:18.822,1.0143,1.01456,1.00,1.37
2015.04.14 19:25:19.327,1.0143,1.01456,1.17,1.00
2015.04.14 19:25:26.324,1.01431,1.01456,3.64,1.00
2015.04.14 19:25:29.286,1.01439,1.01456,1.00,1.00
2015.04.14 19:25:30.645,1.01437,1.01456,1.00,1.00
2015.04.14 19:25:30.746,1.01432,1.01456,1.00,1.00
2015.04.14 19:25:31.120,1.01435,1.01456,1.00,1.00
2015.04.14 19:25:31.674,1.01438,1.01456,1.00,1.00
2015.04.14 19:25:39.077,1.01432,1.01456,1.00,1.00
2015.04.14 19:25:47.747,1.01431,1.01456,1.20,1.00
2015.04.14 19:25:53.016,1.0143,1.01455,1.37,1.15
2015.04.14 19:25:53.067,1.01422,1.01448,1.57,1.00
2015.04.14 19:25:53.581,1.01422,1.01448,1.12,1.20
2015.04.14 19:25:53.806,1.01419,1.01443,1.37,1.00
2015.04.14 19:25:59.883,1.01417,1.01443,1.37,1.00
2015.04.14 19:26:17.960,1.01417,1.01443,1.37,1.10
2015.04.14 19:26:24.845,1.01417,1.01443,1.37,1.00
2015.04.14 19:26:33.108,1.01417,1.01443,1.37,1.00
2015.04.14 19:26:40.281,1.01417,1.01443,1.37,1.20
2015.04.14 19:26:50.952,1.01417,1.01443,1.37,1.20
2015.04.14 19:26:54.922,1.01413,1.01447,1.37,1.15
2015.04.14 19:27:09.967,1.01415,1.01447,1.37,1.15
2015.04.14 19:27:10.970,1.01415,1.01447,1.37,1.65
2015.04.14 19:27:17.686,1.01416,1.01448,1.37,1.15
2015.04.14 19:27:17.787,1.01416,1.01448,1.37,1.15
2015.04.14 19:27:18.797,1.01416,1.01448,1.37,1.15
2015.04.14 19:27:18.898,1.01416,1.01448,1.37,1.15
2015.04.14 19:27:19.099,1.01416,1.01448,1.37,1.15
2015.04.14 19:27:19.718,1.01414,1.01446,1.37,1.15
2015.04.14 19:27:19.870,1.01414,1.01446,2.25,1.22
2015.04.14 19:27:20.022,1.01414,1.01446,1.45,1.72
2015.04.14 19:27:20.073,1.01418,1.01442,1.37,1.00
2015.04.14 19:27:21.273,1.01418,1.01442,1.37,1.00
2015.04.14 19:27:42.463,1.01423,1.01447,1.00,1.15
2015.04.14 19:27:42.668,1.01417,1.01443,1.37,1.00
2015.04.14 19:27:42.769,1.01417,1.01443,1.12,1.00
2015.04.14 19:27:42.870,1.01417,1.01443,1.37,1.00
2015.04.14 19:27:42.971,1.01423,1.01447,1.37,1.15
2015.04.14 19:27:43.394,1.01419,1.01442,1.00,1.00
2015.04.14 19:27:43.647,1.01418,1.01442,1.37,1.00
2015.04.14 19:28:01.881,1.01418,1.01442,1.37,1.00
2015.04.14 19:28:04.698,1.01424,1.01442,1.00,1.00
2015.04.14 19:28:05.000,1.01424,1.01442,1.37,1.00
2015.04.14 19:28:08.511,1.01423,1.01445,1.37,1.20
2015.04.14 19:28:12.979,1.01421,1.01445,1.37,1.10
2015.04.14 19:28:30.883,1.01422,1.01445,1.37,1.10
2015.04.14 19:28:31.689,1.01423,1.01445,1.37,1.07
2015.04.14 19:28:39.857,1.01422,1.01445,1.37,1.00
2015.04.14 19:28:41.122,1.01422,1.01445,1.37,1.00
2015.04.14 19:28:58.946,1.01425,1.01445,1.37,1.00
2015.04.14 19:29:11.032,1.01424,1.01445,1.37,1.00
2015.04.14 19:29:11.538,1.01424,1.01449,1.37,1.15
2015.04.14 19:29:13.491,1.01416,1.01442,1.37,1.07
2015.04.14 19:29:13.592,1.01416,1.01442,1.37,1.07
2015.04.14 19:29:25.116,1.01418,1.01442,1.37,1.07
2015.04.14 19:29:33.255,1.01424,1.01442,1.37,1.10
2015.04.14 19:30:01.766,1.01424,1.01444,1.37,1.00
2015.04.14 19:30:10.574,1.01424,1.01444,1.37,1.20
2015.04.14 19:30:10.776,1.0142,1.01444,1.37,1.17
2015.04.14 19:30:11.316,1.01418,1.01441,1.37,1.10
2015.04.14 19:30:17.593,1.01419,1.01441,1.37,1.00
2015.04.14 19:30:17.846,1.01417,1.01441,1.37,1.00
2015.04.14 19:30:21.453,1.01419,1.01441,1.37,1.00
2015.04.14 19:30:21.555,1.01417,1.01441,1.87,1.00
2015.04.14 19:30:21.656,1.01417,1.01441,2.62,1.00
2015.04.14 19:30:21.909,1.0142,1.01444,1.37,1.00
2015.04.14 19:30:27.091,1.01422,1.01448,1.87,1.00
2015.04.14 19:30:28.605,1.01422,1.01448,1.87,1.00
2015.04.14 19:30:28.807,1.01425,1.01448,1.37,1.00
2015.04.14 19:30:32.329,1.01422,1.01448,2.62,1.00
2015.04.14 19:30:32.664,1.01424,1.01448,1.37,1.00
2015.04.14 19:30:32.900,1.01424,1.01448,1.37,1.00
2015.04.14 19:30:33.556,1.01425,1.01448,1.37,1.00
2015.04.14 19:30:36.313,1.01423,1.01448,1.37,1.00
2015.04.14 19:30:36.640,1.01425,1.01448,1.37,1.00
2015.04.14 19:30:54.573,1.01423,1.01448,1.37,1.00
2015.04.14 19:30:55.044,1.01429,1.0145,1.37,1.00
2015.04.14 19:31:07.193,1.01426,1.0145,1.37,1.00
2015.04.14 19:31:07.813,1.01426,1.0145,1.37,1.00
2015.04.14 19:31:25.317,1.01427,1.0145,1.37,1.00
2015.04.14 19:31:29.852,1.01427,1.0145,1.37,1.00
2015.04.14 19:31:33.421,1.01431,1.0145,1.37,1.00
2015.04.14 19:31:34.824,1.0143,1.0145,1.37,1.00
2015.04.14 19:31:35.144,1.01429,1.0145,1.37,1.00
2015.04.14 19:31:48.221,1.01429,1.0145,1.37,1.00
2015.04.14 19:31:50.861,1.01429,1.0145,1.37,1.00
2015.04.14 19:31:53.083,1.0143,1.0145,1.37,1.00
2015.04.14 19:31:54.400,1.01429,1.0145,1.37,1.00
2015.04.14 19:31:54.602,1.0143,1.0145,1.37,1.00
2015.04.14 19:31:54.703,1.01426,1.01455,1.37,1.15
2015.04.14 19:32:12.909,1.01425,1.01456,1.37,1.15
2015.04.14 19:32:27.441,1.01428,1.01454,1.37,1.10
2015.04.14 19:32:34.320,1.01428,1.01454,1.37,1.00
2015.04.14 19:32:34.572,1.0143,1.01454,1.37,1.00
2015.04.14 19:32:37.073,1.01428,1.01454,1.87,1.00
2015.04.14 19:32:37.124,1.01434,1.01458,1.37,1.17
2015.04.14 19:32:37.174,1.01434,1.01458,1.37,1.17
2015.04.14 19:32:37.480,1.01436,1.01458,1.37,1.00
2015.04.14 19:32:37.632,1.01437,1.01458,1.37,1.00
2015.04.14 19:32:42.141,1.01434,1.01458,1.87,1.00
2015.04.14 19:32:42.343,1.01434,1.01458,1.37,1.00
2015.04.14 19:32:59.945,1.01436,1.01458,1.37,1.00
2015.04.14 19:33:00.407,1.01436,1.01458,1.37,1.00
2015.04.14 19:33:00.558,1.0144,1.01461,1.37,1.00
2015.04.14 19:33:01.094,1.0144,1.01461,1.37,1.00
2015.04.14 19:33:03.376,1.01444,1.01461,1.37,1.00
2015.04.14 19:33:03.528,1.01445,1.01463,1.37,1.00
2015.04.14 19:33:03.579,1.01444,1.01463,1.37,1.00
2015.04.14 19:33:05.904,1.0144,1.01465,1.37,1.00
2015.04.14 19:33:19.139,1.01444,1.01465,1.37,1.50
2015.04.14 19:33:19.442,1.01439,1.01465,1.37,2.32
2015.04.14 19:33:19.746,1.0144,1.01465,1.37,1.65
2015.04.14 19:33:20.099,1.01439,1.01465,1.87,1.65
2015.04.14 19:33:20.301,1.01439,1.01465,1.37,1.65
2015.04.14 19:33:20.856,1.01439,1.01465,1.87,1.65
2015.04.14 19:33:27.332,1.01439,1.01464,1.37,1.15
2015.04.14 19:33:37.578,1.0144,1.01465,1.37,1.15
2015.04.14 19:33:41.749,1.01439,1.01465,1.37,1.17
2015.04.14 19:33:42.052,1.0144,1.01461,1.37,1.00
2015.04.14 19:33:42.103,1.0144,1.01461,1.00,1.57
2015.04.14 19:33:42.205,1.0144,1.01459,1.00,1.00
2015.04.14 19:33:42.508,1.01438,1.01461,1.37,1.00
2015.04.14 19:33:44.600,1.01438,1.01461,1.37,1.17
2015.04.14 19:33:44.651,1.01442,1.01461,1.12,1.65
2015.04.14 19:33:44.853,1.01436,1.01459,1.37,1.00
2015.04.14 19:33:49.378,1.01433,1.01459,2.70,1.00
2015.04.14 19:33:49.479,1.01437,1.01461,1.37,1.00
2015.04.14 19:33:51.685,1.01438,1.01461,1.37,1.00
2015.04.14 19:34:05.567,1.0144,1.01464,1.37,1.10
2015.04.14 19:34:10.008,1.0144,1.01464,1.37,1.00
2015.04.14 19:34:10.160,1.0144,1.01464,1.37,1.17
2015.04.14 19:34:10.565,1.0144,1.01464,1.50,1.50
2015.04.14 19:34:10.668,1.0144,1.01461,1.50,1.00
2015.04.14 19:34:10.972,1.01436,1.0146,1.37,1.00
2015.04.14 19:34:11.276,1.01439,1.0146,1.37,1.00
2015.04.14 19:34:12.144,1.01438,1.0146,1.37,1.00
2015.04.14 19:34:12.296,1.01437,1.01458,1.37,1.00
2015.04.14 19:34:12.347,1.01436,1.01458,1.37,1.00
2015.04.14 19:34:12.855,1.01437,1.01461,1.37,1.00
2015.04.14 19:34:13.108,1.01437,1.01461,1.37,1.00
2015.04.14 19:34:14.849,1.01437,1.01461,1.37,1.00
2015.04.14 19:34:15.318,1.01437,1.01461,1.37,1.00
2015.04.14 19:34:15.868,1.01437,1.01461,1.37,1.00
2015.04.14 19:34:16.071,1.01437,1.01461,1.37,1.00
2015.04.14 19:34:16.324,1.01437,1.01461,1.37,1.00
2015.04.14 19:34:16.641,1.01437,1.01461,1.37,1.00
2015.04.14 19:34:17.424,1.01437,1.01461,1.37,1.00
2015.04.14 19:34:17.630,1.01437,1.01461,1.37,1.00
2015.04.14 19:34:29.619,1.01437,1.01461,1.57,1.00
2015.04.14 19:34:29.922,1.01437,1.01461,1.37,1.00
2015.04.14 19:34:38.706,1.01431,1.01457,1.87,1.00
2015.04.14 19:34:38.879,1.01431,1.01457,1.87,1.00
2015.04.14 19:34:39.081,1.01431,1.01457,1.37,1.00
2015.04.14 19:34:39.385,1.01431,1.01457,1.45,1.50
2015.04.14 19:34:39.486,1.01439,1.0146,1.12,1.00
2015.04.14 19:34:39.638,1.01439,1.01463,1.12,1.00
2015.04.14 19:34:41.994,1.01439,1.01462,1.12,1.00
2015.04.14 19:34:42.197,1.01435,1.01459,1.12,1.15
2015.04.14 19:34:42.666,1.01431,1.01455,1.37,1.00
2015.04.14 19:34:43.120,1.01431,1.01455,1.87,1.00
2015.04.14 19:34:43.222,1.01434,1.0146,1.37,1.00
2015.04.14 19:34:43.671,1.01434,1.0146,1.37,1.00
2015.04.14 19:34:48.342,1.01439,1.01463,1.37,1.00
2015.04.14 19:34:54.433,1.01439,1.01462,1.37,1.00
2015.04.14 19:34:54.535,1.01436,1.01459,1.37,1.00
2015.04.14 19:34:54.585,1.01437,1.01459,1.37,1.00
2015.04.14 19:34:58.299,1.01435,1.01459,1.37,1.00
2015.04.14 19:34:58.652,1.01436,1.01459,1.37,1.00
2015.04.14 19:34:59.838,1.01435,1.01459,1.37,1.00
2015.04.14 19:35:00.432,1.01435,1.01459,1.37,1.00
2015.04.14 19:35:03.375,1.01435,1.01459,1.37,1.00
2015.04.14 19:35:09.328,1.01435,1.01459,2.02,1.00
2015.04.14 19:35:09.637,1.01437,1.01459,1.37,1.00
2015.04.14 19:35:09.891,1.01436,1.01457,1.37,1.50
2015.04.14 19:35:09.942,1.01429,1.01454,1.37,1.00
2015.04.14 19:35:17.137,1.01429,1.01454,1.37,1.00
2015.04.14 19:35:17.352,1.01428,1.01454,1.37,1.00
2015.04.14 19:35:17.885,1.01429,1.01454,1.37,1.00
2015.04.14 19:35:18.096,1.01428,1.01454,1.37,1.00
2015.04.14 19:35:19.101,1.01429,1.01454,1.37,1.00
2015.04.14 19:35:20.317,1.01428,1.01454,1.37,1.00
2015.04.14 19:35:20.670,1.01429,1.01454,1.37,1.00
2015.04.14 19:35:24.821,1.01429,1.01454,1.37,1.00
2015.04.14 19:35:25.367,1.01428,1.01454,1.37,1.00
2015.04.14 19:35:25.824,1.01429,1.01454,1.37,1.00
2015.04.14 19:35:29.126,1.01428,1.01454,1.37,1.00
2015.04.14 19:35:29.316,1.01429,1.01454,1.37,1.00
2015.04.14 19:35:34.848,1.01428,1.01454,1.37,1.00
2015.04.14 19:35:35.050,1.01428,1.01454,1.87,1.00
2015.04.14 19:35:36.097,1.01429,1.01454,1.37,1.00
2015.04.14 19:35:36.148,1.01429,1.01454,1.37,1.00
2015.04.14 19:35:36.816,1.01428,1.01454,1.37,1.00
2015.04.14 19:35:37.170,1.01429,1.01454,1.37,1.00
2015.04.14 19:35:37.791,1.01428,1.01454,1.37,1.00
2015.04.14 19:35:38.144,1.01429,1.01454,1.37,1.00
2015.04.14 19:35:39.127,1.01428,1.01454,1.87,1.00
2015.04.14 19:35:39.326,1.01428,1.01454,1.87,1.00
2015.04.14 19:35:39.580,1.01428,1.01454,1.37,1.00
2015.04.14 19:35:39.885,1.01429,1.01454,1.37,1.00
2015.04.14 19:35:40.316,1.01428,1.01454,1.37,1.00
2015.04.14 19:35:40.542,1.01429,1.01454,1.37,1.00
2015.04.14 19:35:44.616,1.01428,1.01454,1.37,1.00
2015.04.14 19:35:46.071,1.01428,1.01454,1.37,1.00
2015.04.14 19:35:50.542,1.01428,1.01454,1.37,1.50
2015.04.14 19:35:50.882,1.01428,1.01454,1.37,1.50
2015.04.14 19:35:51.136,1.01428,1.01454,1.37,2.25
2015.04.14 19:35:56.799,1.01428,1.01452,1.37,1.00
2015.04.14 19:35:56.850,1.01428,1.01452,1.00,1.00
2015.04.14 19:35:57.103,1.01428,1.01449,1.00,1.00
2015.04.14 19:35:57.617,1.01428,1.01451,1.00,1.00
2015.04.14 19:35:58.229,1.01428,1.01448,1.00,1.00
2015.04.14 19:35:58.863,1.01428,1.01449,1.00,1.00
2015.04.14 19:36:00.048,1.01428,1.01452,1.37,1.00
2015.04.14 19:36:00.568,1.01428,1.01453,1.37,1.10
2015.04.14 19:36:01.082,1.01428,1.01452,1.37,1.00
2015.04.14 19:36:06.897,1.01428,1.01451,1.37,1.00
2015.04.14 19:36:07.846,1.01428,1.01453,1.37,1.57
2015.04.14 19:36:11.144,1.01423,1.01455,1.47,1.17
2015.04.14 19:36:11.345,1.01427,1.01455,1.37,1.17
2015.04.14 19:36:12.105,1.01423,1.01455,1.47,1.65
2015.04.14 19:36:12.545,1.01425,1.01455,1.37,1.65
2015.04.14 19:36:15.665,1.01423,1.01455,1.47,1.65
2015.04.14 19:36:23.828,1.01423,1.0144,1.47,1.00
2015.04.14 19:36:24.181,1.01424,1.01448,1.37,1.00
2015.04.14 19:36:24.282,1.01427,1.01453,1.37,1.10
2015.04.14 19:36:25.134,1.01427,1.01453,1.37,1.10
2015.04.14 19:36:25.562,1.01427,1.01453,1.37,1.10
2015.04.14 19:36:29.942,1.01427,1.01453,1.37,1.10
2015.04.14 19:36:30.659,1.01427,1.01453,1.37,1.10
2015.04.14 19:36:31.617,1.01427,1.01453,1.37,1.10
2015.04.14 19:36:31.819,1.01427,1.01453,1.37,1.10
2015.04.14 19:36:35.317,1.01427,1.01453,1.37,1.10
2015.04.14 19:36:35.469,1.01427,1.01453,1.00,1.10
2015.04.14 19:37:08.965,1.01427,1.01453,1.07,1.00
2015.04.14 19:37:09.167,1.0143,1.01456,1.00,1.00
2015.04.14 19:37:09.747,1.01431,1.01456,1.00,1.00
2015.04.14 19:37:09.848,1.01434,1.01458,1.00,1.00
2015.04.14 19:37:15.018,1.01437,1.01461,1.00,1.50
2015.04.14 19:37:48.875,1.01437,1.01459,1.00,1.10
2015.04.14 19:37:48.977,1.01432,1.01456,1.00,1.00
2015.04.14 19:38:00.189,1.01428,1.01454,1.00,1.07
2015.04.14 19:38:08.468,1.01428,1.01454,1.00,1.00
2015.04.14 19:38:34.154,1.01432,1.01456,1.00,1.50
2015.04.14 19:38:34.659,1.01432,1.01456,1.00,1.15
2015.04.14 19:38:34.861,1.01429,1.01453,1.00,1.00
2015.04.14 19:38:43.316,1.01431,1.01456,1.00,1.15
2015.04.14 19:38:43.418,1.01431,1.01457,1.00,1.50
2015.04.14 19:38:44.125,1.01431,1.01455,1.00,1.00
2015.04.14 19:38:44.635,1.01431,1.01456,1.00,1.17
2015.04.14 19:38:49.184,1.01431,1.01457,1.00,1.50
2015.04.14 19:38:49.386,1.01434,1.01457,1.00,1.00
2015.04.14 19:38:49.436,1.01434,1.0146,1.00,1.20
2015.04.14 19:39:01.068,1.01434,1.01459,1.00,1.00
2015.04.14 19:39:01.270,1.01431,1.01455,1.00,1.00
2015.04.14 19:39:01.573,1.01428,1.01452,1.00,1.00
2015.04.14 19:39:02.836,1.01428,1.01452,1.07,1.00
2015.04.14 19:39:02.887,1.01431,1.01456,1.00,1.00
2015.04.14 19:39:03.425,1.01431,1.01457,1.00,1.00
2015.04.14 19:39:03.994,1.01431,1.01457,1.00,1.57
2015.04.14 19:39:04.297,1.01429,1.01453,1.00,1.00
2015.04.14 19:39:04.830,1.01429,1.01453,1.00,1.17
2015.04.14 19:39:22.474,1.01425,1.01451,1.00,1.00
2015.04.14 19:39:23.544,1.01425,1.01451,1.00,1.07
2015.04.14 19:39:23.798,1.01425,1.01451,1.00,1.00
2015.04.14 19:39:23.850,1.01425,1.01451,1.00,1.07
2015.04.14 19:39:24.102,1.01425,1.01451,1.00,1.00
2015.04.14 19:39:27.468,1.01425,1.01451,1.00,1.07
2015.04.14 19:39:28.227,1.01422,1.01446,1.00,1.00
2015.04.14 19:39:30.651,1.01425,1.01451,1.00,1.10
2015.04.14 19:39:30.955,1.01427,1.01451,1.00,1.00
2015.04.14 19:39:31.257,1.01434,1.01458,1.00,1.00
2015.04.14 19:39:40.475,1.01434,1.01458,1.07,1.00
2015.04.14 19:39:40.677,1.01437,1.01461,1.00,1.00
2015.04.14 19:39:41.979,1.01433,1.01457,1.57,1.07
2015.04.14 19:39:49.575,1.01429,1.01455,1.00,1.00
2015.04.14 19:39:51.440,1.01434,1.0146,1.00,1.00
2015.04.14 19:39:53.225,1.01434,1.0146,1.00,2.32
2015.04.14 19:39:59.255,1.01434,1.01458,1.00,1.00
2015.04.14 19:39:59.558,1.0143,1.01453,1.00,1.12
2015.04.14 19:40:00.160,1.0143,1.01452,1.00,1.00
2015.04.14 19:40:01.535,1.0143,1.01454,1.00,1.00
2015.04.14 19:40:03.042,1.0143,1.01454,1.00,1.15
2015.04.14 19:40:03.344,1.01426,1.01452,1.00,1.65
2015.04.14 19:40:03.547,1.01422,1.01448,1.00,1.00
2015.04.14 19:40:03.800,1.01426,1.0145,1.00,1.00
2015.04.14 19:40:04.819,1.01426,1.01448,1.00,1.00
2015.04.14 19:40:04.869,1.01423,1.01448,1.00,1.00
2015.04.14 19:40:16.390,1.01423,1.01449,1.00,1.50
2015.04.14 19:40:19.411,1.01423,1.01449,1.00,1.65
2015.04.14 19:40:33.818,1.01419,1.01445,1.00,1.10
2015.04.14 19:40:33.919,1.01419,1.01445,1.00,1.47
2015.04.14 19:40:34.020,1.01419,1.01444,1.00,1.52
2015.04.14 19:40:34.223,1.01417,1.01441,1.00,1.37
2015.04.14 19:40:34.829,1.01417,1.01441,1.00,1.00
2015.04.14 19:40:34.931,1.0142,1.01444,1.00,1.37
2015.04.14 19:40:35.436,1.01423,1.01447,1.00,1.00
2015.04.14 19:40:42.546,1.01423,1.01445,1.00,1.00
2015.04.14 19:40:42.648,1.01423,1.01447,1.00,1.50
2015.04.14 19:40:42.699,1.01419,1.01443,1.00,1.00
2015.04.14 19:40:42.902,1.01415,1.01441,1.00,1.12
2015.04.14 19:40:43.501,1.01415,1.0144,1.00,1.00
2015.04.14 19:40:44.103,1.01415,1.01439,1.00,1.00
2015.04.14 19:40:44.694,1.01415,1.0144,1.00,1.12
2015.04.14 19:40:45.411,1.01415,1.01439,1.00,1.00
2015.04.14 19:40:51.061,1.01415,1.01439,1.00,1.47
2015.04.14 19:40:55.273,1.01412,1.01438,1.00,1.37
2015.04.14 19:41:00.890,1.01412,1.01438,1.00,1.87
2015.04.14 19:41:04.591,1.01412,1.01438,1.00,1.37
2015.04.14 19:41:04.922,1.01412,1.01438,1.00,1.87
2015.04.14 19:41:30.254,1.01412,1.01438,1.00,1.57
2015.04.14 19:41:30.355,1.0141,1.01434,1.00,1.00
2015.04.14 19:41:31.331,1.0141,1.01434,1.00,1.37
2015.04.14 19:41:41.474,1.01414,1.01438,1.07,1.37
2015.04.14 19:41:41.576,1.01418,1.01441,1.10,1.50
2015.04.14 19:41:42.026,1.01423,1.01448,1.00,1.37
2015.04.14 19:41:42.359,1.01423,1.01448,1.50,1.00
2015.04.14 19:41:42.460,1.01428,1.01452,1.00,1.87
2015.04.14 19:41:42.864,1.01425,1.01449,1.00,1.57
2015.04.14 19:41:42.915,1.01425,1.01449,1.00,2.02
2015.04.14 19:41:43.117,1.01425,1.01449,1.00,1.55
2015.04.14 19:41:47.073,1.01425,1.01449,1.00,1.00
2015.04.14 19:41:47.527,1.01428,1.01452,1.00,1.00
2015.04.14 19:41:47.830,1.01421,1.01445,1.00,1.47
2015.04.14 19:41:47.931,1.01418,1.01442,1.00,1.00
2015.04.14 19:41:50.759,1.01418,1.01442,1.00,1.37
2015.04.14 19:41:51.165,1.01418,1.01442,1.00,1.00
2015.04.14 19:41:52.545,1.0142,1.01444,1.00,1.37
2015.04.14 19:41:53.067,1.0142,1.01444,1.00,1.00
2015.04.14 19:41:53.523,1.0142,1.01446,1.00,1.00
2015.04.14 19:41:53.826,1.0142,1.01446,1.00,1.17
2015.04.14 19:41:54.180,1.0142,1.01446,1.00,2.02
2015.04.14 19:41:54.231,1.01417,1.01443,1.00,1.15
2015.04.14 19:41:54.433,1.01413,1.01439,1.00,1.10
2015.04.14 19:41:55.058,1.01413,1.01439,1.00,1.47
2015.04.14 19:41:58.241,1.01414,1.01439,1.00,1.87
2015.04.14 19:41:58.393,1.01419,1.01443,1.10,1.50
2015.04.14 19:41:58.494,1.01419,1.01445,1.10,1.00
2015.04.14 19:42:06.473,1.01419,1.01445,1.57,1.00
2015.04.14 19:42:06.524,1.01423,1.01449,1.17,1.00
2015.04.14 19:42:06.676,1.01423,1.01449,1.07,1.45
2015.04.14 19:42:07.080,1.0142,1.01446,1.00,1.12
2015.04.14 19:42:10.367,1.0142,1.01446,1.00,1.37
2015.04.14 19:42:10.619,1.0142,1.01446,1.00,1.12
2015.04.14 19:42:15.452,1.0142,1.01446,1.07,1.12
2015.04.14 19:42:15.553,1.01423,1.01449,1.00,1.37
2015.04.14 19:42:18.331,1.01423,1.01449,1.00,1.12
2015.04.14 19:42:19.481,1.01421,1.01445,1.10,1.00
2015.04.14 19:42:21.796,1.01421,1.01445,1.00,1.25
2015.04.14 19:42:22.099,1.01417,1.01441,1.00,1.55
2015.04.14 19:42:22.403,1.01417,1.01441,1.10,1.00
2015.04.14 19:42:22.504,1.0142,1.01444,1.00,1.37
2015.04.14 19:42:22.908,1.01423,1.01448,1.00,1.10
2015.04.14 19:42:23.414,1.01423,1.01447,1.00,1.00
2015.04.14 19:42:24.123,1.01423,1.01448,1.00,1.10
2015.04.14 19:42:26.214,1.01423,1.01449,1.00,1.87
2015.04.14 19:42:33.585,1.01423,1.01448,1.00,1.00
2015.04.14 19:42:33.737,1.01423,1.01449,1.15,1.00
2015.04.14 19:42:40.391,1.01423,1.01449,1.07,1.12
2015.04.14 19:42:40.903,1.01423,1.01449,1.00,1.12
2015.04.14 19:42:41.584,1.01423,1.01449,1.07,1.12
2015.04.14 19:42:42.379,1.01431,1.01452,1.00,1.00
2015.04.14 19:42:42.430,1.01431,1.01455,1.00,1.00
2015.04.14 19:42:42.637,1.01431,1.01455,1.00,1.37
2015.04.14 19:42:42.739,1.01428,1.01452,1.00,1.37
2015.04.14 19:42:42.840,1.01428,1.01452,1.00,1.87
2015.04.14 19:42:43.055,1.01428,1.01452,1.00,1.87
2015.04.14 19:42:43.512,1.01432,1.01452,1.00,1.37
2015.04.14 19:42:43.613,1.01432,1.01456,1.00,1.00
2015.04.14 19:42:47.297,1.01432,1.01456,1.00,1.37
2015.04.14 19:43:00.223,1.01432,1.01456,1.00,1.12
2015.04.14 19:43:20.131,1.01432,1.01456,1.00,1.37
2015.04.14 19:43:20.232,1.01429,1.01453,1.00,1.37
2015.04.14 19:43:20.889,1.01429,1.01453,1.00,1.00
2015.04.14 19:43:20.990,1.01431,1.01455,1.00,1.00
2015.04.14 19:43:22.140,1.01431,1.01456,1.00,1.00
2015.04.14 19:43:31.669,1.01431,1.01457,1.00,1.20
2015.04.14 19:43:45.388,1.01431,1.01456,1.00,1.00
2015.04.14 19:43:52.921,1.01431,1.01453,1.00,1.37
2015.04.14 19:43:53.225,1.01429,1.01453,1.00,1.37
2015.04.14 19:43:54.443,1.01429,1.01452,1.00,1.37
2015.04.14 19:44:03.120,1.01429,1.01452,1.00,1.37
2015.04.14 19:44:03.998,1.01429,1.01452,1.00,1.37
2015.04.14 19:44:13.900,1.01431,1.01453,1.00,1.37
2015.04.14 19:44:15.137,1.01429,1.01453,1.00,1.87
2015.04.14 19:44:15.339,1.01429,1.01452,1.00,1.37
2015.04.14 19:44:17.661,1.01429,1.01453,1.00,1.37
2015.04.14 19:44:17.863,1.01432,1.01456,1.00,1.87
2015.04.14 19:44:19.320,1.01428,1.01454,1.00,1.47
2015.04.14 19:44:19.824,1.01428,1.01453,1.00,1.87
2015.04.14 19:44:23.572,1.01426,1.0145,1.00,1.37
2015.04.14 19:44:28.442,1.01428,1.01452,1.00,1.37
2015.04.14 19:44:31.421,1.01428,1.01454,1.10,1.87
2015.04.14 19:44:31.522,1.01432,1.01455,1.00,1.37
2015.04.14 19:44:40.317,1.01432,1.01452,1.00,1.37
2015.04.14 19:44:40.418,1.0143,1.01452,1.00,1.37
2015.04.14 19:44:52.279,1.01427,1.01451,1.00,1.87
2015.04.14 19:44:52.800,1.01427,1.01447,1.00,1.00
2015.04.14 19:44:52.901,1.01427,1.01449,1.00,1.00
2015.04.14 19:44:53.103,1.01427,1.01451,1.00,1.50
2015.04.14 19:44:53.604,1.01427,1.01451,1.00,1.65
2015.04.14 19:44:53.654,1.01427,1.01448,1.00,1.00
2015.04.14 19:44:54.109,1.01427,1.01451,1.00,1.50
2015.04.14 19:44:57.431,1.01427,1.01451,1.00,1.87
2015.04.14 19:44:57.482,1.01419,1.01443,1.00,1.00
2015.04.14 19:45:00.378,1.01419,1.01441,1.00,1.00
2015.04.14 19:45:02.592,1.01419,1.01443,1.00,1.00
2015.04.14 19:45:07.104,1.01419,1.01441,1.00,1.07
2015.04.14 19:45:07.407,1.01414,1.01438,1.00,1.07
2015.04.14 19:45:07.458,1.01414,1.01438,1.00,1.00
2015.04.14 19:45:07.510,1.01417,1.01441,1.00,1.50
2015.04.14 19:45:08.360,1.01421,1.01445,1.00,1.00
2015.04.14 19:45:15.371,1.01415,1.0144,1.00,1.57
2015.04.14 19:45:15.422,1.01415,1.0144,1.00,1.57
2015.04.14 19:45:15.927,1.01415,1.01441,1.00,1.37
2015.04.14 19:45:16.180,1.01415,1.01441,1.17,1.37
2015.04.14 19:45:16.484,1.0142,1.01446,1.00,1.87
2015.04.14 19:45:16.635,1.0142,1.01446,1.00,1.37
2015.04.14 19:45:18.052,1.0142,1.01446,1.00,1.37
2015.04.14 19:45:21.344,1.01417,1.01441,1.00,1.87
2015.04.14 19:45:21.597,1.01411,1.01437,1.00,1.52
2015.04.14 19:45:21.899,1.01411,1.01437,1.00,2.02
2015.04.14 19:45:22.959,1.01411,1.01437,1.17,1.37
2015.04.14 19:45:23.262,1.01418,1.01442,1.00,1.87
2015.04.14 19:45:27.617,1.01418,1.01442,1.00,2.62
2015.04.14 19:45:27.668,1.01418,1.01439,1.00,1.00
2015.04.14 19:45:27.870,1.01418,1.01441,1.00,1.12
2015.04.14 19:45:28.596,1.01418,1.01441,1.00,1.37
2015.04.14 19:45:28.750,1.01414,1.0144,1.00,1.95
2015.04.14 19:45:28.851,1.01414,1.0144,1.00,1.10
2015.04.14 19:45:30.703,1.01414,1.0144,1.00,1.07
2015.04.14 19:45:31.460,1.01412,1.01436,1.00,1.00
2015.04.14 19:45:31.561,1.01412,1.01436,1.00,1.37
2015.04.14 19:45:31.814,1.01408,1.01434,1.00,1.12
2015.04.14 19:45:35.898,1.01411,1.01436,1.00,1.37
2015.04.14 19:45:37.654,1.01411,1.01437,1.00,1.10
2015.04.14 19:45:37.705,1.01411,1.01437,1.00,1.07
2015.04.14 19:45:52.554,1.01411,1.01437,1.00,1.17
2015.04.14 19:46:09.089,1.01418,1.01442,1.00,1.10
2015.04.14 19:46:12.702,1.01418,1.01442,1.00,1.15
2015.04.14 19:46:17.021,1.01418,1.01442,1.00,1.12
2015.04.14 19:46:17.123,1.01418,1.01441,1.00,1.37
2015.04.14 19:46:19.633,1.01411,1.01435,1.00,1.00
2015.04.14 19:46:33.632,1.01414,1.01438,1.00,1.10
2015.04.14 19:46:34.161,1.01414,1.01438,1.17,1.00
2015.04.14 19:46:34.514,1.01418,1.01444,1.00,1.87
2015.04.14 19:46:34.969,1.01415,1.01441,1.00,1.00
2015.04.14 19:46:35.272,1.01415,1.01441,1.00,1.37
2015.04.14 19:46:35.373,1.01413,1.01439,1.50,1.37
2015.04.14 19:46:35.894,1.01413,1.01439,1.50,1.00
2015.04.14 19:46:36.146,1.01418,1.01442,1.00,1.12
2015.04.14 19:47:00.442,1.01422,1.01446,1.00,1.15
2015.04.14 19:47:00.896,1.01426,1.0145,1.00,1.37
2015.04.14 19:47:01.351,1.01423,1.01447,1.00,1.12
2015.04.14 19:47:27.648,1.01427,1.01451,1.00,1.20
2015.04.14 19:47:27.961,1.01431,1.01449,1.00,1.00
2015.04.14 19:47:28.338,1.01431,1.01451,1.00,1.00
2015.04.14 19:47:28.865,1.01431,1.01452,1.00,1.00
2015.04.14 19:47:29.367,1.01431,1.01451,1.00,1.00
2015.04.14 19:47:31.364,1.01421,1.01441,1.00,1.00
2015.04.14 19:47:31.790,1.01417,1.01441,1.00,1.00
2015.04.14 19:47:31.859,1.01417,1.01443,1.00,1.50
2015.04.14 19:47:34.643,1.01417,1.01441,1.00,1.00
2015.04.14 19:47:45.856,1.01417,1.01443,1.00,1.00
2015.04.14 19:48:17.194,1.01417,1.01443,1.10,1.37
2015.04.14 19:48:17.396,1.01417,1.01443,1.57,1.37
2015.04.14 19:48:17.914,1.01417,1.01443,1.57,1.00
2015.04.14 19:48:23.159,1.01417,1.01443,1.07,1.00
2015.04.14 19:48:29.592,1.01421,1.01447,1.00,1.00
2015.04.14 19:48:29.694,1.01413,1.01432,1.22,1.00
2015.04.14 19:48:29.874,1.01421,1.01447,1.00,2.25
2015.04.14 19:48:30.178,1.01421,1.01447,1.00,1.87
2015.04.14 19:48:30.836,1.01421,1.01447,1.00,1.00
2015.04.14 19:48:31.240,1.01417,1.01443,1.50,1.00
2015.04.14 19:48:31.558,1.01414,1.01428,1.27,1.00
2015.04.14 19:48:32.292,1.01408,1.01428,1.90,1.00
2015.04.14 19:48:32.444,1.01408,1.01428,1.25,1.00
2015.04.14 19:48:38.340,1.01405,1.01423,1.65,1.00
2015.04.14 19:48:39.656,1.01405,1.01423,1.65,1.00
2015.04.14 19:48:40.123,1.01405,1.01423,1.10,1.00
2015.04.14 19:49:03.938,1.01404,1.01423,1.10,1.00
2015.04.14 19:49:30.367,1.01403,1.01423,1.10,1.00
2015.04.14 19:49:30.872,1.01403,1.01418,1.00,1.00
2015.04.14 19:49:34.728,1.01403,1.01418,1.17,1.00
2015.04.14 19:49:34.830,1.01403,1.01421,1.17,1.00
2015.04.14 19:49:34.932,1.01403,1.01417,1.17,1.00
2015.04.14 19:49:35.186,1.01403,1.01421,1.17,1.00
2015.04.14 19:49:37.894,1.01405,1.01421,1.07,1.00
2015.04.14 19:49:38.045,1.01405,1.01425,1.15,1.00
2015.04.14 19:49:38.197,1.01405,1.01425,1.25,1.00
2015.04.14 19:49:40.845,1.01402,1.01425,1.72,1.00
2015.04.14 19:49:43.052,1.01402,1.01425,1.65,1.00
2015.04.14 19:49:43.407,1.01402,1.01417,1.00,1.00
2015.04.14 19:50:00.936,1.01402,1.0142,1.07,1.00
2015.04.14 19:50:03.116,1.01401,1.01417,1.17,1.00
2015.04.14 19:50:03.167,1.01401,1.01417,1.00,1.00
2015.04.14 19:50:06.165,1.01401,1.01417,1.15,1.00
2015.04.14 19:50:06.685,1.01401,1.0142,1.15,1.00
2015.04.14 19:50:12.547,1.01401,1.01417,1.15,1.00
2015.04.14 19:50:13.053,1.01401,1.01417,1.00,1.00
2015.04.14 19:50:16.917,1.01401,1.01417,1.07,1.00
2015.04.14 19:50:17.069,1.01401,1.01417,1.00,1.00
2015.04.14 19:50:18.033,1.01401,1.01417,1.07,1.00
2015.04.14 19:50:18.540,1.01401,1.01417,1.65,1.00
2015.04.14 19:50:19.220,1.01401,1.01417,1.15,1.00
2015.04.14 19:50:23.200,1.01401,1.01417,1.00,1.00
2015.04.14 19:50:23.706,1.01402,1.01417,1.20,1.00
2015.04.14 19:50:23.908,1.01402,1.0142,1.20,1.00
2015.04.14 19:50:24.758,1.01402,1.0142,1.72,1.00
2015.04.14 19:50:25.263,1.01402,1.0142,1.65,1.00
2015.04.14 19:50:25.868,1.01402,1.01417,1.00,1.00
2015.04.14 19:50:26.373,1.01402,1.01417,1.17,1.00
2015.04.14 19:50:26.676,1.01403,1.01418,3.82,1.00
2015.04.14 19:50:36.212,1.01403,1.01421,3.82,1.00
2015.04.14 19:50:36.313,1.01403,1.01423,3.82,1.00
2015.04.14 19:50:36.364,1.01403,1.01423,1.65,1.00
2015.04.14 19:50:36.566,1.01402,1.01421,1.15,1.00
2015.04.14 19:50:37.121,1.01404,1.01421,1.15,1.00
2015.04.14 19:50:37.425,1.01404,1.01423,2.40,1.00
2015.04.14 19:50:38.823,1.01406,1.01423,3.45,1.00
2015.04.14 19:50:42.068,1.01406,1.01423,1.27,1.00
2015.04.14 19:50:42.372,1.01406,1.01426,1.27,1.50
2015.04.14 19:50:42.473,1.01406,1.01426,1.00,1.50
2015.04.14 19:50:43.747,1.01406,1.01424,1.00,1.00
2015.04.14 19:50:44.349,1.01404,1.01427,1.17,1.00
2015.04.14 19:50:44.895,1.01404,1.01426,1.17,1.00
2015.04.14 19:50:46.184,1.01404,1.01426,1.00,1.00
2015.04.14 19:50:50.361,1.01403,1.01426,1.00,1.00
2015.04.14 19:50:50.715,1.01402,1.01428,1.57,1.00
2015.04.14 19:50:50.867,1.01406,1.01428,1.00,1.00
2015.04.14 19:50:51.808,1.01406,1.0143,1.50,1.00
2015.04.14 19:50:52.162,1.01401,1.01423,1.57,1.00
2015.04.14 19:50:52.465,1.01405,1.01423,1.00,1.00
2015.04.14 19:51:03.078,1.01401,1.01423,1.00,1.00
2015.04.14 19:51:03.384,1.01401,1.01419,1.00,1.00
2015.04.14 19:51:10.968,1.01401,1.01425,1.10,1.00
2015.04.14 19:51:11.069,1.01401,1.01421,1.57,1.00
2015.04.14 19:51:12.291,1.01402,1.01421,1.00,1.00
2015.04.14 19:51:13.121,1.01401,1.01421,1.10,1.00
2015.04.14 19:51:19.351,1.01401,1.01421,1.17,1.00
2015.04.14 19:51:31.876,1.01398,1.01418,1.72,1.00
2015.04.14 19:51:31.927,1.01392,1.01418,1.92,1.00
2015.04.14 19:51:32.341,1.01396,1.0142,1.65,1.00
2015.04.14 19:51:32.392,1.01397,1.0142,1.17,1.00
2015.04.14 19:51:32.695,1.014,1.01418,1.15,1.00
2015.04.14 19:51:33.239,1.014,1.01418,1.15,1.00
2015.04.14 19:51:35.147,1.014,1.01421,1.65,1.00
2015.04.14 19:51:39.656,1.01402,1.01418,1.15,1.00
2015.04.14 19:51:39.758,1.014,1.01418,1.00,1.00
2015.04.14 19:51:39.860,1.01398,1.01418,1.00,1.00
2015.04.14 19:51:39.911,1.01398,1.01414,1.00,1.00
2015.04.14 19:51:39.962,1.01391,1.01414,1.00,1.00
2015.04.14 19:51:41.171,1.0139,1.01414,1.00,1.00
2015.04.14 19:51:41.424,1.01393,1.01416,1.00,1.12
2015.04.14 19:51:41.931,1.01393,1.01417,1.00,1.00
2015.04.14 19:51:43.153,1.01393,1.01417,1.65,1.00
2015.04.14 19:52:11.214,1.01397,1.01417,1.07,1.00
2015.04.14 19:52:22.085,1.01395,1.01417,1.10,1.00
2015.04.14 19:52:22.489,1.01395,1.01417,1.15,1.00
2015.04.14 19:52:39.607,1.01397,1.01423,1.15,1.00
2015.04.14 19:52:40.059,1.01403,1.01426,1.00,1.37
2015.04.14 19:52:40.616,1.01403,1.01428,1.00,1.00
2015.04.14 19:52:40.969,1.014,1.01426,1.15,1.00
2015.04.14 19:52:41.070,1.01405,1.01431,1.00,1.00
2015.04.14 19:52:43.567,1.0141,1.01434,1.00,1.00
2015.04.14 19:52:43.871,1.01399,1.01419,1.15,1.00
2015.04.14 19:52:53.651,1.01401,1.01419,4.50,1.00
2015.04.14 19:52:53.752,1.01398,1.01419,1.25,1.00
2015.04.14 19:52:54.156,1.01396,1.01416,2.77,1.00
2015.04.14 19:52:58.939,1.01396,1.01413,5.25,1.00
2015.04.14 19:52:59.191,1.01397,1.01416,1.15,1.00
2015.04.14 19:52:59.847,1.01397,1.01419,1.65,1.00
2015.04.14 19:53:05.265,1.01397,1.01419,1.65,1.00
2015.04.14 19:53:17.620,1.01397,1.01419,2.40,1.00
2015.04.14 19:53:19.111,1.01399,1.01413,1.15,1.00
2015.04.14 19:53:19.320,1.01397,1.01415,2.40,1.00
2015.04.14 19:53:20.874,1.01399,1.01421,1.27,1.00
2015.04.14 19:53:21.076,1.01399,1.01416,1.27,1.00
2015.04.14 19:53:22.681,1.01398,1.01416,1.25,1.00
2015.04.14 19:53:24.469,1.01398,1.01416,2.40,1.00
2015.04.14 19:53:25.934,1.01398,1.0142,3.90,1.00
2015.04.14 19:53:33.171,1.01398,1.0142,1.22,1.00
2015.04.14 19:53:33.222,1.01398,1.0142,1.22,1.00
2015.04.14 19:53:49.382,1.01398,1.0142,1.15,1.00
2015.04.14 19:53:49.533,1.01396,1.0142,1.72,1.00
2015.04.14 19:53:49.887,1.01396,1.0142,1.65,1.00
2015.04.14 19:53:50.195,1.01396,1.01414,1.15,1.00
2015.04.14 19:53:51.467,1.014,1.01414,1.15,1.00
2015.04.14 19:53:52.145,1.014,1.01418,1.17,1.00
2015.04.14 19:53:52.196,1.01397,1.01418,1.15,1.00
2015.04.14 19:54:05.749,1.01401,1.01417,1.17,1.00
2015.04.14 19:54:06.068,1.01402,1.01417,1.65,1.00
2015.04.14 19:54:07.331,1.01403,1.01417,1.15,1.00
2015.04.14 19:54:10.629,1.01403,1.01421,2.32,1.00
2015.04.14 19:54:10.936,1.01403,1.01417,2.32,1.00
2015.04.14 19:54:11.138,1.01401,1.01417,2.47,1.00
2015.04.14 19:54:11.732,1.014,1.01421,3.45,1.00
2015.04.14 19:54:19.860,1.014,1.01421,1.15,1.00
2015.04.14 19:54:25.904,1.01403,1.01429,1.07,1.37
2015.04.14 19:54:25.994,1.01411,1.0143,1.00,1.37
2015.04.14 19:54:29.934,1.01411,1.01432,1.00,1.37
2015.04.14 19:54:30.696,1.01411,1.01432,1.00,1.37
2015.04.14 19:54:35.333,1.01411,1.01432,1.00,1.57
2015.04.14 19:54:35.888,1.01411,1.01428,1.00,1.37
2015.04.14 19:54:36.090,1.01411,1.01427,1.00,1.37
2015.04.14 19:54:36.343,1.01411,1.01427,1.00,1.45
2015.04.14 19:54:36.899,1.01411,1.01426,1.00,1.10
2015.04.14 19:54:38.859,1.01411,1.01428,1.00,1.00
2015.04.14 19:54:41.159,1.01411,1.01425,1.00,1.00
2015.04.14 19:54:44.672,1.01411,1.01426,1.00,1.00
2015.04.14 19:54:53.580,1.01411,1.01426,1.00,1.37
2015.04.14 19:54:53.883,1.01411,1.0143,1.00,1.52
2015.04.14 19:54:54.139,1.01411,1.01427,1.00,1.57
2015.04.14 19:55:07.342,1.01411,1.0143,1.00,1.55
2015.04.14 19:55:08.140,1.01411,1.01432,1.00,2.70
2015.04.14 19:55:18.219,1.01411,1.01432,1.00,1.57
2015.04.14 19:55:26.148,1.01401,1.01432,1.00,1.72
2015.04.14 19:55:28.668,1.01401,1.01432,1.00,1.72
2015.04.14 19:55:31.617,1.014,1.01432,1.10,1.52
2015.04.14 19:55:31.871,1.014,1.01432,1.25,1.37
2015.04.14 19:55:33.545,1.014,1.01432,1.10,1.52
2015.04.14 19:55:33.647,1.014,1.0143,1.00,1.55
2015.04.14 19:55:33.849,1.014,1.01425,1.00,1.37
2015.04.14 19:55:34.101,1.014,1.01429,1.00,1.95
2015.04.14 19:55:34.253,1.014,1.01432,1.25,1.87
2015.04.14 19:55:35.069,1.014,1.01432,1.25,1.87
2015.04.14 19:55:55.001,1.01399,1.0143,1.22,1.37
2015.04.14 19:55:55.104,1.01399,1.0143,1.15,1.37
2015.04.14 19:55:55.407,1.01413,1.01424,1.00,1.37
2015.04.14 19:55:55.660,1.01414,1.01428,1.00,1.47
2015.04.14 19:55:55.862,1.01414,1.0143,1.00,1.52
2015.04.14 19:56:06.096,1.01414,1.01432,1.00,1.50
2015.04.14 19:56:06.652,1.01414,1.01433,1.00,1.87
2015.04.14 19:56:07.409,1.01414,1.01433,1.00,1.87
2015.04.14 19:56:10.798,1.01414,1.01432,1.00,1.37
2015.04.14 19:56:39.507,1.01414,1.0143,1.00,1.55
2015.04.14 19:56:51.215,1.01414,1.01433,1.00,3.00
2015.04.14 19:56:55.206,1.01401,1.01433,1.17,2.25
2015.04.14 19:57:03.619,1.01401,1.01433,1.17,2.25
2015.04.14 19:57:04.188,1.01401,1.01431,1.15,1.37
2015.04.14 19:57:04.391,1.01401,1.01431,1.15,1.37
2015.04.14 19:57:06.313,1.01401,1.01433,1.15,1.87
2015.04.14 19:57:21.761,1.01404,1.01434,1.15,1.87
2015.04.14 19:57:22.319,1.01404,1.01432,1.15,1.37
2015.04.14 19:57:23.444,1.01402,1.01432,1.15,1.37
2015.04.14 19:57:32.650,1.01402,1.01432,1.15,1.37
2015.04.14 19:57:32.882,1.01402,1.01432,1.15,1.37
2015.04.14 19:57:43.446,1.01403,1.01432,1.65,1.37
2015.04.14 19:57:50.896,1.01403,1.01431,1.15,1.37
2015.04.14 19:57:54.189,1.01403,1.01433,1.15,1.37
2015.04.14 19:58:12.634,1.01403,1.01433,3.07,1.37
2015.04.14 19:58:12.836,1.01406,1.01433,1.15,1.00
2015.04.14 19:58:13.351,1.01406,1.01435,1.65,1.37
2015.04.14 19:58:14.228,1.01406,1.01434,1.65,1.37
2015.04.14 19:58:31.175,1.01406,1.01433,1.15,1.37
2015.04.14 19:58:36.619,1.01417,1.01435,1.00,1.82
2015.04.14 19:58:36.922,1.0142,1.01436,1.00,1.37
2015.04.14 19:58:37.025,1.01414,1.01436,1.00,1.87
2015.04.14 19:58:37.127,1.01419,1.01436,1.00,1.37
2015.04.14 19:58:37.432,1.01423,1.01436,1.00,1.37
2015.04.14 19:58:37.687,1.01423,1.01436,1.00,1.37
2015.04.14 19:58:37.789,1.01422,1.01436,1.00,1.37
2015.04.14 19:58:38.044,1.01411,1.01436,1.00,1.37
2015.04.14 19:58:39.999,1.01411,1.01437,1.17,1.37
2015.04.14 19:58:41.103,1.01409,1.01428,1.15,1.00
2015.04.14 19:58:42.509,1.01405,1.01428,1.15,1.00
2015.04.14 19:58:56.421,1.01405,1.01428,3.15,1.00
2015.04.14 19:58:56.523,1.01408,1.01431,1.15,1.12
2015.04.14 19:58:56.624,1.01408,1.01431,3.07,1.00
2015.04.14 19:58:57.129,1.0141,1.01431,1.25,1.00
2015.04.14 19:58:57.230,1.01412,1.01438,1.50,1.37
2015.04.14 19:59:01.713,1.01412,1.01438,1.00,1.95
2015.04.14 19:59:02.017,1.01412,1.01438,1.00,2.77
2015.04.14 19:59:02.574,1.01408,1.01434,1.00,1.37
2015.04.14 19:59:19.906,1.01408,1.01434,1.00,1.37
2015.04.14 19:59:23.845,1.01408,1.01434,1.00,1.37
2015.04.14 19:59:29.168,1.01408,1.01434,1.00,1.87
2015.04.14 19:59:37.045,1.01408,1.01434,1.00,1.87
2015.04.14 19:59:37.862,1.01408,1.01434,1.00,2.62
2015.04.14 19:59:39.368,1.01408,1.01434,1.00,1.87
2015.04.14 19:59:39.822,1.01408,1.01434,1.00,1.37
2015.04.14 19:59:57.949,1.01408,1.01434,1.00,1.37
