2018.04.06 02:00:00.766,1.05717,1.05741,1.00,1.44
2018.04.06 02:00:01.307,1.05716,1.05738,1.00,1.00
2018.04.06 02:00:02.168,1.05716,1.05739,1.00,1.69
2018.04.06 02:00:02.480,1.05721,1.05742,1.19,1.25
2018.04.06 02:00:02.532,1.05723,1.05745,1.19,1.00
2018.04.06 02:00:02.687,1.05722,1.05746,1.69,1.25
2018.04.06 02:00:04.452,1.05722,1.05747,1.25,3.19
2018.04.06 02:00:05.494,1.05722,1.05746,1.25,1.12
2018.04.06 02:00:06.917,1.05725,1.05748,1.50,1.00
2018.04.06 02:00:07.019,1.05726,1.0575,1.00,1.00
2018.04.06 02:00:07.070,1.05729,1.05751,1.00,1.00
2018.04.06 02:00:07.577,1.05729,1.05751,1.00,1.44
2018.04.06 02:00:07.695,1.05724,1.05746,1.00,1.25
2018.04.06 02:00:07.746,1.05722,1.05745,1.00,1.00
2018.04.06 02:00:07.899,1.05722,1.05744,1.00,1.19
2018.04.06 02:00:09.162,1.05722,1.05747,1.00,1.31
2018.04.06 02:00:09.270,1.05723,1.05747,1.19,1.87
2018.04.06 02:00:09.322,1.05727,1.0575,1.50,1.25
2018.04.06 02:00:09.685,1.05729,1.05752,1.00,2.25
2018.04.06 02:00:10.545,1.05729,1.05752,1.00,2.62
2018.04.06 02:00:11.094,1.05729,1.05751,1.00,1.19
2018.04.06 02:00:11.841,1.05729,1.05752,1.50,1.12
2018.04.06 02:00:12.457,1.05729,1.05753,1.00,2.62
2018.04.06 02:00:15.744,1.05731,1.05751,1.00,1.69
2018.04.06 02:00:16.050,1.05731,1.0575,1.00,1.31
2018.04.06 02:00:17.309,1.05731,1.0575,1.00,1.81
2018.04.06 02:00:32.698,1.05731,1.0575,1.00,2.25
2018.04.06 02:00:34.157,1.05731,1.0575,1.00,2.25
2018.04.06 02:00:34.208,1.05731,1.0575,1.00,1.19
2018.04.06 02:00:34.767,1.0573,1.0575,1.00,1.31
2018.04.06 02:00:35.270,1.05729,1.0575,1.00,1.31
2018.04.06 02:00:36.943,1.05731,1.05751,1.00,3.37
2018.04.06 02:00:44.219,1.05732,1.0575,1.00,1.69
2018.04.06 02:00:44.436,1.05732,1.0575,1.00,1.50
2018.04.06 02:00:45.658,1.05731,1.0575,1.00,1.50
2018.04.06 02:00:46.168,1.05731,1.05749,1.00,1.00
2018.04.06 02:00:47.570,1.05723,1.05744,1.50,2.06
2018.04.06 02:00:47.621,1.05722,1.05742,1.00,1.19
2018.04.06 02:00:47.930,1.0572,1.0574,1.00,3.56
2018.04.06 02:00:48.567,1.05719,1.0574,1.00,3.56
2018.04.06 02:00:49.084,1.05719,1.05739,1.00,1.56
2018.04.06 02:00:50.225,1.05719,1.05739,1.00,1.31
2018.04.06 02:00:57.833,1.05718,1.05738,1.00,1.69
2018.04.06 02:00:59.413,1.05718,1.05734,1.00,1.00
2018.04.06 02:00:59.994,1.05718,1.05738,1.00,1.69
2018.04.06 02:01:00.188,1.05721,1.05739,1.00,1.37
2018.04.06 02:01:00.241,1.05721,1.05741,1.00,2.25
2018.04.06 02:01:00.931,1.05722,1.05741,1.00,1.12
2018.04.06 02:01:09.549,1.05726,1.05741,1.00,1.00
2018.04.06 02:01:09.601,1.05726,1.05743,1.00,1.00
2018.04.06 02:01:09.705,1.05728,1.05743,1.00,1.00
2018.04.06 02:01:10.206,1.05729,1.05743,1.00,1.00
2018.04.06 02:01:11.213,1.05729,1.05746,1.00,1.25
2018.04.06 02:01:11.825,1.05728,1.05746,1.00,1.00
2018.04.06 02:01:13.126,1.05729,1.05746,1.00,1.25
2018.04.06 02:01:17.840,1.0573,1.05745,1.00,1.00
2018.04.06 02:01:17.944,1.05728,1.05746,1.00,1.19
2018.04.06 02:01:17.995,1.05728,1.05746,1.00,1.00
2018.04.06 02:01:22.106,1.05729,1.05746,1.00,1.00
2018.04.06 02:01:22.260,1.05731,1.05749,1.00,2.81
2018.04.06 02:01:22.814,1.05732,1.05749,1.00,1.00
2018.04.06 02:01:35.897,1.05732,1.05749,1.00,1.19
2018.04.06 02:01:36.441,1.05732,1.05749,1.00,1.00
2018.04.06 02:01:37.435,1.05732,1.05749,1.00,1.44
2018.04.06 02:01:37.950,1.05732,1.05749,1.00,1.12
2018.04.06 02:01:38.268,1.05732,1.05749,1.00,1.62
2018.04.06 02:01:38.472,1.05732,1.05749,1.00,1.25
2018.04.06 02:01:38.859,1.05732,1.05749,1.00,1.62
2018.04.06 02:01:39.304,1.05732,1.05749,1.00,1.25
2018.04.06 02:01:39.759,1.05732,1.05749,1.00,1.19
2018.04.06 02:01:39.810,1.05732,1.05749,1.00,1.25
2018.04.06 02:01:40.240,1.05732,1.05749,1.00,1.62
2018.04.06 02:01:45.677,1.05732,1.05749,1.00,1.37
2018.04.06 02:01:53.572,1.05732,1.05749,1.00,1.37
2018.04.06 02:01:55.168,1.05732,1.05749,1.00,1.19
2018.04.06 02:01:55.219,1.05732,1.05749,1.00,1.00
2018.04.06 02:01:55.750,1.05733,1.05749,1.00,1.00
2018.04.06 02:01:56.466,1.05733,1.05751,1.00,1.50
2018.04.06 02:01:57.149,1.05733,1.0575,1.00,1.31
2018.04.06 02:01:58.173,1.05733,1.0575,1.00,1.12
2018.04.06 02:01:58.726,1.05733,1.0575,1.00,1.31
2018.04.06 02:02:00.757,1.05733,1.0575,1.00,1.25
2018.04.06 02:02:01.427,1.05733,1.05744,1.00,1.00
2018.04.06 02:02:02.027,1.05733,1.05745,1.00,1.00
2018.04.06 02:02:02.093,1.05733,1.0575,1.00,1.25
2018.04.06 02:02:06.433,1.05734,1.0575,1.00,1.25
2018.04.06 02:02:17.967,1.05735,1.0575,1.00,1.00
2018.04.06 02:02:18.019,1.05733,1.0575,1.00,1.00
2018.04.06 02:02:18.174,1.0573,1.0575,1.00,1.00
2018.04.06 02:02:18.323,1.05733,1.05753,1.00,2.25
2018.04.06 02:02:18.630,1.05736,1.05753,1.00,1.25
2018.04.06 02:02:19.087,1.05737,1.05757,1.00,3.19
2018.04.06 02:02:19.138,1.0574,1.05757,1.00,2.44
2018.04.06 02:02:19.353,1.05739,1.05757,1.00,1.25
2018.04.06 02:02:19.863,1.05739,1.05757,1.00,1.31
2018.04.06 02:02:20.073,1.05739,1.05757,1.00,1.19
2018.04.06 02:02:20.175,1.05739,1.05757,1.00,1.12
2018.04.06 02:02:20.327,1.05739,1.05757,1.00,1.37
2018.04.06 02:02:20.668,1.05739,1.05757,1.00,1.25
2018.04.06 02:02:21.233,1.05739,1.05757,1.00,1.37
2018.04.06 02:02:25.940,1.05739,1.05757,1.00,1.44
2018.04.06 02:02:26.447,1.05739,1.05757,1.00,1.37
2018.04.06 02:02:34.611,1.05739,1.05757,1.00,1.44
2018.04.06 02:02:44.834,1.05739,1.05757,1.00,1.37
2018.04.06 02:02:46.164,1.05738,1.05755,1.00,1.25
2018.04.06 02:02:46.473,1.05736,1.05753,1.00,1.31
2018.04.06 02:02:46.807,1.05736,1.05753,1.00,2.25
2018.04.06 02:02:47.350,1.05735,1.05752,1.00,1.12
2018.04.06 02:02:47.724,1.05735,1.05752,1.00,1.37
2018.04.06 02:02:50.166,1.05735,1.05753,1.00,1.50
2018.04.06 02:02:53.180,1.05735,1.05753,1.00,2.25
2018.04.06 02:02:53.333,1.05735,1.05753,1.00,1.87
2018.04.06 02:02:53.956,1.05735,1.05753,1.00,2.06
2018.04.06 02:02:54.550,1.05735,1.05753,1.00,2.06
2018.04.06 02:02:55.067,1.05735,1.05751,1.00,1.00
2018.04.06 02:02:56.149,1.05736,1.05751,1.00,1.00
2018.04.06 02:02:56.611,1.05736,1.05754,1.00,1.00
2018.04.06 02:02:56.714,1.05738,1.05754,1.00,1.25
2018.04.06 02:03:03.038,1.05739,1.05754,1.00,1.00
2018.04.06 02:03:03.569,1.05738,1.05754,1.00,1.12
2018.04.06 02:03:04.135,1.05739,1.05754,1.00,1.12
2018.04.06 02:03:04.670,1.05738,1.05754,1.00,1.12
2018.04.06 02:03:07.127,1.05738,1.05754,1.00,1.19
2018.04.06 02:03:07.898,1.05737,1.05754,1.00,1.00
2018.04.06 02:03:08.747,1.05737,1.05754,1.00,1.44
2018.04.06 02:03:09.407,1.05737,1.05754,1.00,1.25
2018.04.06 02:03:11.040,1.05738,1.05754,1.00,1.25
2018.04.06 02:03:11.891,1.05738,1.05754,1.00,1.19
2018.04.06 02:03:14.628,1.05738,1.05754,1.00,1.25
2018.04.06 02:03:14.936,1.05744,1.05759,1.00,1.19
2018.04.06 02:03:16.474,1.05744,1.05759,1.00,1.69
2018.04.06 02:03:24.369,1.05744,1.05759,1.00,1.69
2018.04.06 02:03:25.369,1.05742,1.05756,1.00,1.19
2018.04.06 02:03:25.473,1.05738,1.05756,1.00,1.81
2018.04.06 02:03:26.526,1.05738,1.05756,1.00,2.25
2018.04.06 02:03:27.137,1.05738,1.05746,1.00,1.00
2018.04.06 02:03:27.653,1.05738,1.05755,1.00,1.75
2018.04.06 02:03:29.304,1.05738,1.05755,1.00,1.50
2018.04.06 02:03:34.177,1.0574,1.05758,1.00,1.87
2018.04.06 02:03:34.331,1.05743,1.05759,1.00,1.19
2018.04.06 02:03:34.383,1.05743,1.05759,1.00,1.00
2018.04.06 02:03:34.895,1.05744,1.0576,1.00,1.87
2018.04.06 02:03:35.445,1.05744,1.05759,1.00,1.25
2018.04.06 02:03:38.539,1.05744,1.0576,1.00,1.87
2018.04.06 02:03:39.502,1.05744,1.05759,1.00,1.00
2018.04.06 02:03:40.257,1.05744,1.0576,1.00,1.12
2018.04.06 02:03:40.793,1.05744,1.0576,1.00,1.31
2018.04.06 02:03:41.345,1.05744,1.0576,1.00,1.25
2018.04.06 02:03:42.507,1.05742,1.05758,1.00,1.19
2018.04.06 02:03:42.811,1.05741,1.05757,1.00,1.81
2018.04.06 02:03:42.863,1.05739,1.05757,1.00,1.81
2018.04.06 02:03:52.691,1.05739,1.05753,1.00,1.31
2018.04.06 02:03:52.848,1.0574,1.05753,1.00,1.00
2018.04.06 02:03:52.900,1.05741,1.05756,1.00,1.00
2018.04.06 02:03:53.159,1.05743,1.05756,1.00,1.00
2018.04.06 02:03:53.210,1.05741,1.05756,1.00,1.00
2018.04.06 02:03:53.262,1.05743,1.05756,1.00,1.00
2018.04.06 02:03:53.364,1.0574,1.05756,1.00,1.00
2018.04.06 02:03:54.312,1.05741,1.05756,1.00,1.00
2018.04.06 02:03:54.410,1.05739,1.05756,1.00,1.00
2018.04.06 02:03:54.461,1.05741,1.05756,1.00,1.00
2018.04.06 02:03:54.614,1.05742,1.05762,1.00,1.69
2018.04.06 02:03:54.918,1.05745,1.05762,1.00,2.06
2018.04.06 02:03:54.969,1.05745,1.05762,1.00,1.25
2018.04.06 02:03:55.071,1.05747,1.05763,1.00,1.19
2018.04.06 02:03:55.182,1.05748,1.05765,1.00,1.25
2018.04.06 02:03:55.698,1.05748,1.05764,1.00,1.00
2018.04.06 02:03:58.293,1.05748,1.05764,1.00,1.19
2018.04.06 02:03:58.345,1.05743,1.05764,1.12,1.44
2018.04.06 02:03:58.847,1.05742,1.05763,1.00,1.31
2018.04.06 02:04:00.261,1.05743,1.05763,1.00,1.50
2018.04.06 02:04:03.267,1.05743,1.05763,1.50,1.31
2018.04.06 02:04:08.914,1.05743,1.05755,1.50,1.00
2018.04.06 02:04:09.423,1.05743,1.05763,1.50,1.25
2018.04.06 02:04:15.161,1.05742,1.05763,2.25,1.50
2018.04.06 02:04:15.778,1.05742,1.05763,2.25,1.69
2018.04.06 02:04:16.508,1.05743,1.05763,1.00,1.69
2018.04.06 02:04:18.313,1.05742,1.05763,1.50,1.31
2018.04.06 02:04:19.597,1.05742,1.05765,1.50,5.25
2018.04.06 02:04:20.060,1.05744,1.05764,1.00,1.50
2018.04.06 02:04:20.367,1.05744,1.05756,1.00,1.00
2018.04.06 02:04:20.603,1.05744,1.05765,1.00,1.44
2018.04.06 02:04:23.509,1.05744,1.05765,1.00,1.44
2018.04.06 02:04:28.071,1.05745,1.05765,1.00,1.44
2018.04.06 02:04:28.175,1.05747,1.05766,1.00,1.19
2018.04.06 02:04:28.226,1.05746,1.05767,1.19,1.19
2018.04.06 02:04:28.792,1.05747,1.05767,1.25,1.00
2018.04.06 02:04:31.532,1.05748,1.05767,1.00,1.00
2018.04.06 02:04:31.583,1.05749,1.05771,1.00,1.69
2018.04.06 02:04:31.684,1.05752,1.05771,1.00,1.00
2018.04.06 02:04:32.423,1.05752,1.05771,1.00,1.44
2018.04.06 02:04:34.661,1.05751,1.05771,1.50,1.44
2018.04.06 02:04:34.969,1.05749,1.05769,1.50,1.19
2018.04.06 02:04:35.763,1.05748,1.0577,2.25,1.44
2018.04.06 02:04:36.097,1.05748,1.0577,2.25,1.69
2018.04.06 02:04:36.409,1.0575,1.05771,1.00,1.50
2018.04.06 02:04:36.460,1.05748,1.05771,1.00,2.44
2018.04.06 02:04:36.511,1.05749,1.0577,1.00,1.19
2018.04.06 02:04:36.613,1.05747,1.05769,1.00,1.25
2018.04.06 02:04:36.765,1.05749,1.05771,1.00,1.19
2018.04.06 02:04:37.019,1.05749,1.05773,1.50,1.87
2018.04.06 02:04:37.725,1.0575,1.05772,1.00,1.25
2018.04.06 02:04:38.073,1.05749,1.0577,1.00,1.19
2018.04.06 02:04:38.381,1.05747,1.05769,1.69,1.69
2018.04.06 02:04:38.690,1.05745,1.05769,1.87,2.06
2018.04.06 02:04:38.794,1.05749,1.05771,1.50,1.69
2018.04.06 02:04:38.897,1.05753,1.05771,1.00,1.00
2018.04.06 02:04:39.033,1.05753,1.05774,1.00,2.25
2018.04.06 02:04:39.085,1.05749,1.05773,1.69,1.25
2018.04.06 02:04:39.136,1.05749,1.05773,1.50,1.31
2018.04.06 02:04:39.444,1.05752,1.05773,1.00,1.25
2018.04.06 02:04:39.960,1.05751,1.05773,1.00,1.25
2018.04.06 02:04:40.514,1.05752,1.05775,1.50,2.44
2018.04.06 02:05:01.132,1.05752,1.05772,1.00,1.00
2018.04.06 02:05:01.638,1.05752,1.05774,1.00,1.81
2018.04.06 02:05:02.226,1.05752,1.05774,1.00,1.81
2018.04.06 02:05:08.136,1.05752,1.05774,1.00,1.81
2018.04.06 02:05:08.289,1.05749,1.0577,1.00,1.00
2018.04.06 02:05:09.105,1.05748,1.0577,1.00,1.00
2018.04.06 02:05:09.612,1.05749,1.0577,1.00,1.00
2018.04.06 02:05:16.264,1.05749,1.05771,1.50,1.25
2018.04.06 02:05:16.315,1.05753,1.05776,1.00,1.69
2018.04.06 02:05:16.622,1.05756,1.05777,1.69,1.25
2018.04.06 02:05:17.150,1.05756,1.05776,2.06,1.00
2018.04.06 02:05:17.998,1.05756,1.05777,2.06,1.56
2018.04.06 02:05:18.505,1.05756,1.05777,1.69,1.31
2018.04.06 02:05:19.786,1.05756,1.05777,1.31,1.87
2018.04.06 02:05:20.144,1.05761,1.0578,1.00,1.50
2018.04.06 02:05:20.655,1.05762,1.05784,1.00,3.94
2018.04.06 02:05:21.530,1.0576,1.05783,1.00,1.37
2018.04.06 02:05:22.341,1.0576,1.05783,1.00,1.12
2018.04.06 02:05:23.568,1.05759,1.05783,1.00,1.12
2018.04.06 02:05:25.752,1.05759,1.05777,1.50,1.00
2018.04.06 02:05:26.292,1.0576,1.05783,1.12,1.19
2018.04.06 02:05:26.395,1.05759,1.05784,1.00,3.00
2018.04.06 02:05:27.200,1.05759,1.05781,2.25,1.00
2018.04.06 02:05:42.965,1.0576,1.05784,1.00,2.81
2018.04.06 02:05:47.496,1.05761,1.05786,1.00,3.00
2018.04.06 02:05:48.066,1.05761,1.05786,1.87,4.12
2018.04.06 02:05:56.248,1.05761,1.05784,1.00,1.69
2018.04.06 02:06:00.287,1.05761,1.05786,3.19,1.50
2018.04.06 02:06:00.338,1.05762,1.05786,1.50,2.25
2018.04.06 02:06:00.687,1.05765,1.05787,1.50,1.44
2018.04.06 02:06:01.400,1.05762,1.05786,1.69,1.69
2018.04.06 02:06:01.502,1.05762,1.05785,1.25,1.81
2018.04.06 02:06:03.921,1.05762,1.05784,1.00,1.50
2018.04.06 02:06:04.468,1.05761,1.05784,1.50,1.50
2018.04.06 02:06:05.714,1.05761,1.05784,2.06,1.81
2018.04.06 02:06:08.491,1.05764,1.05787,1.50,1.81
2018.04.06 02:06:08.544,1.05766,1.05788,1.00,2.25
2018.04.06 02:06:08.699,1.05768,1.05791,1.00,1.56
2018.04.06 02:06:09.213,1.05769,1.05791,2.25,1.56
2018.04.06 02:06:09.441,1.05769,1.05792,1.50,2.25
2018.04.06 02:06:20.163,1.05771,1.05792,1.00,1.00
2018.04.06 02:06:20.470,1.05774,1.05793,1.87,1.25
2018.04.06 02:06:20.788,1.05778,1.05793,1.00,1.25
2018.04.06 02:06:21.333,1.05777,1.05793,2.06,1.25
2018.04.06 02:06:23.570,1.05778,1.05796,1.25,1.00
2018.04.06 02:06:23.793,1.05778,1.05801,1.00,1.31
2018.04.06 02:06:23.998,1.0578,1.05801,1.00,1.69
2018.04.06 02:06:24.203,1.05779,1.05803,1.87,1.44
2018.04.06 02:06:24.254,1.0578,1.05803,1.50,1.87
2018.04.06 02:06:24.561,1.05783,1.05803,1.00,1.69
2018.04.06 02:06:26.395,1.05783,1.05803,1.00,1.12
2018.04.06 02:06:29.066,1.05782,1.05802,1.00,1.00
2018.04.06 02:06:29.170,1.0578,1.058,2.44,1.12
2018.04.06 02:06:29.465,1.05776,1.05797,1.00,1.56
2018.04.06 02:06:29.516,1.0577,1.05795,2.06,1.75
2018.04.06 02:06:30.620,1.0577,1.05793,1.12,1.12
2018.04.06 02:06:31.639,1.05769,1.05793,1.87,1.56
2018.04.06 02:06:42.131,1.0577,1.05793,2.62,1.56
2018.04.06 02:06:42.183,1.0577,1.05794,2.62,2.00
2018.04.06 02:06:42.234,1.05775,1.05797,1.87,1.19
2018.04.06 02:06:42.357,1.05778,1.05802,1.00,3.00
2018.04.06 02:06:42.409,1.0578,1.05802,1.00,2.06
2018.04.06 02:06:42.716,1.05775,1.05799,1.00,1.56
2018.04.06 02:06:44.411,1.05774,1.05798,1.00,1.81
2018.04.06 02:06:45.016,1.05773,1.05797,1.00,1.31
2018.04.06 02:06:45.326,1.05773,1.05792,1.00,1.00
2018.04.06 02:06:45.582,1.05774,1.05797,1.00,2.81
2018.04.06 02:06:46.234,1.05774,1.05796,1.00,1.69
2018.04.06 02:06:47.551,1.05771,1.05794,1.00,1.31
2018.04.06 02:06:47.759,1.05771,1.05793,1.00,1.56
2018.04.06 02:06:50.379,1.05768,1.05789,1.00,1.12
2018.04.06 02:06:50.430,1.05766,1.05789,1.87,1.87
2018.04.06 02:06:50.482,1.05768,1.05791,1.25,1.69
2018.04.06 02:06:50.637,1.05769,1.05791,1.44,1.00
2018.04.06 02:06:50.689,1.05771,1.05794,1.19,1.50
2018.04.06 02:06:51.291,1.05771,1.05794,1.19,1.31
2018.04.06 02:06:51.972,1.05771,1.05794,1.19,2.06
2018.04.06 02:06:52.508,1.05771,1.05794,1.25,2.06
2018.04.06 02:06:53.583,1.05771,1.05794,1.25,1.00
2018.04.06 02:06:54.289,1.05771,1.05794,1.25,1.44
2018.04.06 02:06:54.859,1.05771,1.05794,1.19,1.44
2018.04.06 02:06:54.961,1.05772,1.05795,1.25,1.00
2018.04.06 02:06:55.115,1.05772,1.05797,1.69,1.50
2018.04.06 02:06:55.218,1.05776,1.05797,1.00,1.87
2018.04.06 02:06:55.422,1.05776,1.05798,1.00,1.19
2018.04.06 02:06:55.524,1.05776,1.05799,1.00,1.69
2018.04.06 02:06:55.676,1.05776,1.05799,1.00,1.62
2018.04.06 02:06:55.808,1.05776,1.05799,1.00,1.25
2018.04.06 02:06:56.031,1.05776,1.05799,1.00,1.69
2018.04.06 02:06:59.429,1.05776,1.05799,1.00,1.44
2018.04.06 02:06:59.891,1.05775,1.05797,1.12,1.19
2018.04.06 02:07:01.257,1.05775,1.05797,1.12,1.19
2018.04.06 02:07:03.546,1.0578,1.05803,1.00,3.37
2018.04.06 02:07:03.866,1.05783,1.05805,1.50,2.06
2018.04.06 02:07:05.113,1.05784,1.05805,1.00,3.75
2018.04.06 02:07:05.870,1.05782,1.05805,1.00,1.75
2018.04.06 02:07:08.189,1.05782,1.05805,1.00,1.31
2018.04.06 02:07:17.971,1.05784,1.05807,1.50,2.62
2018.04.06 02:07:18.310,1.05789,1.0581,1.00,1.12
2018.04.06 02:07:18.464,1.05787,1.05811,1.50,1.62
2018.04.06 02:07:21.812,1.05787,1.0581,1.00,1.75
2018.04.06 02:07:21.865,1.05785,1.05807,1.00,1.19
2018.04.06 02:07:21.916,1.05783,1.05806,1.50,1.19
2018.04.06 02:07:22.426,1.05782,1.05806,1.50,1.62
2018.04.06 02:07:24.196,1.05782,1.05807,1.00,1.81
2018.04.06 02:07:24.248,1.05782,1.05807,1.44,1.00
2018.04.06 02:07:24.299,1.05785,1.05809,1.25,1.00
2018.04.06 02:07:24.453,1.05787,1.05809,1.00,1.00
2018.04.06 02:07:24.963,1.05787,1.05811,1.50,2.62
2018.04.06 02:07:25.785,1.05787,1.05811,1.50,2.44
2018.04.06 02:07:26.609,1.05787,1.05811,1.50,2.62
2018.04.06 02:07:27.142,1.05787,1.05811,1.50,2.62
2018.04.06 02:07:27.816,1.05787,1.05811,1.00,1.87
2018.04.06 02:07:32.576,1.05786,1.05811,1.50,1.31
2018.04.06 02:07:33.133,1.05787,1.05811,1.50,2.06
2018.04.06 02:07:36.582,1.05787,1.05811,1.50,1.87
2018.04.06 02:07:43.433,1.05793,1.05813,1.00,1.31
2018.04.06 02:07:43.536,1.05796,1.05815,1.24,1.13
2018.04.06 02:07:43.588,1.05796,1.05819,1.12,1.25
2018.04.06 02:07:43.639,1.05797,1.05821,1.87,1.50
2018.04.06 02:07:43.793,1.05798,1.05823,1.50,1.00
2018.04.06 02:07:43.896,1.05798,1.05823,2.40,1.00
2018.04.06 02:07:44.406,1.058,1.05824,1.50,1.25
2018.04.06 02:07:44.909,1.058,1.05825,2.40,1.00
2018.04.06 02:07:45.427,1.05801,1.05825,1.12,1.44
2018.04.06 02:07:46.609,1.05801,1.05825,1.75,1.00
2018.04.06 02:07:46.731,1.05807,1.0583,1.87,1.12
2018.04.06 02:07:46.783,1.05806,1.05831,2.19,1.00
2018.04.06 02:07:46.885,1.05809,1.05833,1.69,1.25
2018.04.06 02:07:46.937,1.0581,1.05833,1.25,1.69
2018.04.06 02:07:47.397,1.05812,1.05834,1.69,1.00
2018.04.06 02:07:47.759,1.05812,1.05835,1.69,2.06
2018.04.06 02:07:48.116,1.05812,1.05835,1.69,1.00
2018.04.06 02:07:48.965,1.05812,1.05835,1.19,1.44
2018.04.06 02:07:49.521,1.05812,1.05835,1.19,1.62
2018.04.06 02:07:50.829,1.05812,1.05835,1.19,1.31
2018.04.06 02:07:51.588,1.05812,1.05835,1.69,1.62
2018.04.06 02:07:52.163,1.05812,1.05835,1.19,2.06
2018.04.06 02:07:53.867,1.05809,1.05835,2.25,1.56
2018.04.06 02:07:53.921,1.05809,1.05832,1.50,1.25
2018.04.06 02:07:54.024,1.05804,1.05828,2.81,1.00
2018.04.06 02:07:55.525,1.05804,1.05828,1.69,1.12
2018.04.06 02:07:56.290,1.05805,1.05828,1.32,1.44
2018.04.06 02:07:56.830,1.05805,1.05828,1.32,1.12
2018.04.06 02:07:57.767,1.05805,1.05828,1.07,1.44
2018.04.06 02:07:59.478,1.05805,1.05828,1.07,1.25
2018.04.06 02:08:09.365,1.05808,1.05828,1.20,1.00
2018.04.06 02:08:09.577,1.05808,1.05831,1.34,1.12
2018.04.06 02:08:10.134,1.05808,1.05831,1.34,1.19
2018.04.06 02:08:10.637,1.05807,1.05829,1.34,1.00
2018.04.06 02:08:15.823,1.05807,1.05827,1.69,1.00
2018.04.06 02:08:16.841,1.05805,1.05827,1.31,1.00
2018.04.06 02:08:17.582,1.05805,1.05827,1.00,1.00
2018.04.06 02:08:17.633,1.05802,1.05826,1.31,1.25
2018.04.06 02:08:18.126,1.05805,1.05825,1.00,1.00
2018.04.06 02:08:18.230,1.05804,1.05827,1.50,1.00
2018.04.06 02:08:18.793,1.05805,1.05827,1.00,1.00
2018.04.06 02:08:19.412,1.05804,1.05827,1.69,1.00
2018.04.06 02:08:19.960,1.05804,1.05827,2.44,1.25
2018.04.06 02:08:21.911,1.05805,1.05826,1.25,1.19
2018.04.06 02:08:22.121,1.05802,1.05823,1.12,1.00
2018.04.06 02:08:22.175,1.05802,1.05823,1.12,1.56
2018.04.06 02:08:22.505,1.05802,1.05822,1.87,1.19
2018.04.06 02:08:26.385,1.05802,1.05819,1.12,1.00
2018.04.06 02:08:28.436,1.05801,1.05818,1.87,1.00
2018.04.06 02:08:29.463,1.05798,1.05819,2.62,1.00
2018.04.06 02:08:29.989,1.05799,1.05818,1.00,1.00
2018.04.06 02:08:31.466,1.05799,1.05817,1.50,1.00
2018.04.06 02:08:31.573,1.05796,1.05815,1.25,1.25
2018.04.06 02:08:31.624,1.05793,1.05812,1.50,1.00
2018.04.06 02:08:31.830,1.05795,1.05814,1.00,1.00
2018.04.06 02:08:31.933,1.05795,1.05816,1.00,1.00
2018.04.06 02:08:33.455,1.05795,1.05814,1.50,1.00
2018.04.06 02:08:33.761,1.05794,1.05812,1.87,1.00
2018.04.06 02:08:33.813,1.05795,1.05814,1.50,1.69
2018.04.06 02:08:33.865,1.05792,1.05812,2.25,1.00
2018.04.06 02:08:33.969,1.0579,1.05809,1.00,1.00
2018.04.06 02:08:34.175,1.0579,1.05807,1.00,1.00
2018.04.06 02:08:35.036,1.05789,1.05807,1.00,1.00
2018.04.06 02:08:37.013,1.0579,1.05807,1.00,1.00
2018.04.06 02:08:37.647,1.05789,1.05806,1.50,1.00
2018.04.06 02:08:38.464,1.0579,1.05806,1.00,1.00
2018.04.06 02:08:39.621,1.05787,1.05806,1.44,1.00
2018.04.06 02:08:40.519,1.05787,1.05806,1.69,1.00
2018.04.06 02:08:40.724,1.05789,1.05807,1.00,1.00
2018.04.06 02:08:41.033,1.0579,1.05809,1.19,1.00
2018.04.06 02:08:41.444,1.05794,1.05811,1.00,1.00
2018.04.06 02:08:41.495,1.05793,1.05813,1.00,1.00
2018.04.06 02:08:42.064,1.05793,1.05814,1.00,1.50
2018.04.06 02:08:42.183,1.05791,1.05813,1.31,1.00
2018.04.06 02:08:42.707,1.0579,1.05811,3.37,1.00
2018.04.06 02:08:43.014,1.0579,1.05812,3.19,1.00
2018.04.06 02:08:43.841,1.0579,1.05811,2.44,1.00
2018.04.06 02:08:43.995,1.0579,1.05813,1.87,1.00
2018.04.06 02:08:44.795,1.05791,1.05812,2.25,1.00
2018.04.06 02:08:44.898,1.05791,1.05814,3.19,1.00
2018.04.06 02:08:47.133,1.05795,1.05815,1.00,1.00
2018.04.06 02:08:47.608,1.05793,1.05813,1.25,1.00
2018.04.06 02:08:47.918,1.05793,1.05813,1.19,1.00
2018.04.06 02:08:51.670,1.05793,1.05812,1.19,1.00
2018.04.06 02:08:53.587,1.05793,1.05812,1.00,1.00
2018.04.06 02:08:53.798,1.0579,1.05811,1.00,1.00
2018.04.06 02:08:54.436,1.0579,1.0581,1.00,1.00
2018.04.06 02:08:55.558,1.05789,1.0581,1.00,1.00
2018.04.06 02:08:55.610,1.05789,1.05808,1.00,1.00
2018.04.06 02:08:58.826,1.05791,1.05813,1.31,1.00
2018.04.06 02:08:58.994,1.05794,1.05814,1.00,1.00
2018.04.06 02:08:59.303,1.05794,1.05812,1.19,1.00
2018.04.06 02:09:00.008,1.05795,1.05813,1.25,1.00
2018.04.06 02:09:00.367,1.05793,1.05812,1.25,1.00
2018.04.06 02:09:00.418,1.05791,1.05812,1.00,1.00
2018.04.06 02:09:00.962,1.05792,1.05813,1.00,1.00
2018.04.06 02:09:01.115,1.05792,1.05812,1.25,1.19
2018.04.06 02:09:01.625,1.05791,1.0581,1.00,1.00
2018.04.06 02:09:02.565,1.05791,1.05811,1.00,1.25
2018.04.06 02:09:09.893,1.05791,1.05809,1.00,1.00
2018.04.06 02:09:10.433,1.05791,1.05812,1.00,1.19
2018.04.06 02:09:10.984,1.0579,1.05811,1.00,1.19
2018.04.06 02:09:11.560,1.05789,1.0581,1.00,1.19
2018.04.06 02:09:11.875,1.05793,1.05812,1.00,2.06
2018.04.06 02:09:12.448,1.05792,1.05812,1.50,2.25
2018.04.06 02:09:13.094,1.05793,1.05812,1.00,2.25
2018.04.06 02:09:13.145,1.0579,1.05812,1.12,2.25
2018.04.06 02:09:14.082,1.05789,1.05809,1.00,1.31
2018.04.06 02:09:15.574,1.05787,1.05809,1.50,1.31
2018.04.06 02:09:22.226,1.05786,1.05808,1.00,1.19
2018.04.06 02:09:23.064,1.05787,1.05808,1.00,1.19
2018.04.06 02:09:25.742,1.0579,1.0581,1.00,1.56
2018.04.06 02:09:25.844,1.05793,1.05812,1.00,1.19
2018.04.06 02:09:26.394,1.05793,1.05812,1.00,1.00
2018.04.06 02:09:27.635,1.0579,1.05812,1.31,1.00
2018.04.06 02:09:28.163,1.0579,1.05812,2.06,1.00
2018.04.06 02:09:28.672,1.0579,1.05812,2.06,1.00
2018.04.06 02:09:29.281,1.05792,1.05812,1.00,1.00
2018.04.06 02:09:29.533,1.0579,1.05812,2.06,1.00
2018.04.06 02:09:36.390,1.05791,1.05813,1.00,1.25
2018.04.06 02:09:37.408,1.05791,1.05814,1.00,1.25
2018.04.06 02:09:38.855,1.05791,1.05816,1.62,1.69
2018.04.06 02:09:39.406,1.05791,1.05816,1.31,1.69
2018.04.06 02:09:42.137,1.05791,1.05815,1.44,1.19
2018.04.06 02:09:46.211,1.05792,1.05816,1.12,1.00
2018.04.06 02:09:46.263,1.05795,1.05819,2.44,1.69
2018.04.06 02:09:46.614,1.058,1.05822,1.50,1.69
2018.04.06 02:09:47.603,1.05803,1.05822,1.00,1.50
2018.04.06 02:09:47.910,1.05794,1.05816,1.19,1.00
2018.04.06 02:09:48.439,1.05794,1.05815,1.19,1.00
2018.04.06 02:09:48.945,1.05792,1.05815,1.44,1.00
2018.04.06 02:09:50.960,1.05791,1.05815,1.56,1.00
2018.04.06 02:09:51.247,1.05791,1.05812,1.31,1.00
2018.04.06 02:09:52.489,1.05793,1.05812,1.00,1.00
2018.04.06 02:09:53.044,1.05793,1.05811,1.00,1.00
2018.04.06 02:09:53.981,1.05792,1.05812,1.00,1.00
2018.04.06 02:09:56.594,1.05793,1.05812,1.00,1.00
2018.04.06 02:09:57.583,1.05792,1.05812,1.69,1.00
2018.04.06 02:09:59.354,1.05793,1.05812,1.00,1.00
2018.04.06 02:09:59.666,1.05791,1.05812,1.00,1.00
2018.04.06 02:10:01.458,1.05789,1.05812,1.12,1.50
2018.04.06 02:10:01.510,1.05789,1.0581,1.12,1.00
2018.04.06 02:10:02.617,1.0579,1.05811,1.00,1.00
2018.04.06 02:10:03.297,1.05791,1.05811,1.50,1.00
2018.04.06 02:10:04.548,1.0579,1.05811,1.50,1.00
2018.04.06 02:10:04.881,1.05792,1.05811,1.00,1.00
2018.04.06 02:10:18.042,1.05794,1.05811,1.00,1.00
2018.04.06 02:10:18.534,1.05792,1.05811,1.00,1.00
2018.04.06 02:10:22.819,1.05793,1.05812,1.00,1.00
2018.04.06 02:10:23.024,1.05794,1.05814,1.12,1.00
2018.04.06 02:10:23.075,1.05796,1.05815,1.00,1.50
2018.04.06 02:10:24.622,1.05797,1.05815,1.00,1.50
2018.04.06 02:10:25.869,1.05794,1.05815,1.12,1.50
2018.04.06 02:10:26.633,1.05794,1.05813,1.87,1.00
2018.04.06 02:10:27.173,1.05794,1.05815,1.87,1.00
2018.04.06 02:10:35.615,1.05794,1.05817,1.87,1.44
2018.04.06 02:10:36.124,1.05794,1.05817,1.87,1.00
2018.04.06 02:10:39.331,1.05792,1.05816,1.00,1.50
2018.04.06 02:10:39.892,1.05791,1.05816,1.69,1.87
2018.04.06 02:10:40.625,1.05791,1.05816,1.87,1.50
2018.04.06 02:10:40.919,1.05791,1.05814,1.12,1.00
2018.04.06 02:10:47.772,1.05791,1.05815,1.31,1.12
2018.04.06 02:10:49.351,1.05791,1.05814,1.25,1.00
2018.04.06 02:10:49.663,1.0579,1.05811,1.12,1.25
2018.04.06 02:10:49.715,1.05787,1.05809,1.00,1.00
2018.04.06 02:10:50.219,1.05786,1.05809,1.50,1.00
2018.04.06 02:10:52.360,1.05787,1.05809,1.00,1.00
2018.04.06 02:10:52.988,1.05786,1.05809,2.25,1.00
2018.04.06 02:10:53.502,1.05787,1.05809,1.00,1.12
2018.04.06 02:11:01.035,1.05786,1.05809,2.25,1.00
2018.04.06 02:11:02.785,1.05787,1.05809,1.00,1.00
2018.04.06 02:11:11.313,1.05787,1.05806,1.00,1.00
2018.04.06 02:11:11.853,1.05787,1.05809,1.00,1.00
2018.04.06 02:11:15.755,1.05786,1.05809,3.00,1.25
2018.04.06 02:11:16.262,1.05792,1.05809,1.00,1.00
2018.04.06 02:11:16.777,1.05791,1.05809,1.25,1.00
2018.04.06 02:11:20.357,1.0579,1.05809,1.69,1.00
2018.04.06 02:11:20.858,1.0579,1.05809,1.69,1.00
2018.04.06 02:11:21.409,1.0579,1.05809,1.69,1.00
2018.04.06 02:11:32.018,1.05792,1.05809,1.12,1.00
2018.04.06 02:11:35.862,1.05791,1.05809,1.12,1.00
2018.04.06 02:11:40.998,1.05791,1.05812,1.25,2.06
2018.04.06 02:11:52.889,1.05791,1.05812,1.00,1.56
2018.04.06 02:11:53.309,1.05786,1.05809,2.25,1.19
2018.04.06 02:11:53.363,1.05787,1.05806,1.00,1.19
2018.04.06 02:11:53.415,1.05784,1.05806,2.62,1.00
2018.04.06 02:11:53.466,1.05786,1.05806,1.19,1.00
2018.04.06 02:11:53.671,1.05786,1.05806,1.00,1.00
2018.04.06 02:11:54.296,1.05784,1.05806,1.19,1.00
2018.04.06 02:12:00.362,1.05784,1.05806,1.00,1.25
2018.04.06 02:12:00.901,1.05783,1.05806,1.25,2.06
2018.04.06 02:12:01.960,1.05782,1.05804,1.19,1.00
2018.04.06 02:12:04.012,1.05782,1.05804,1.25,1.00
2018.04.06 02:12:05.213,1.05783,1.05804,1.00,1.00
2018.04.06 02:12:05.742,1.05784,1.05804,1.00,1.00
2018.04.06 02:12:15.948,1.05783,1.05804,1.50,1.00
2018.04.06 02:12:16.102,1.05781,1.05804,1.50,1.50
2018.04.06 02:12:18.223,1.05783,1.05805,1.00,1.25
2018.04.06 02:12:18.750,1.05783,1.05805,1.00,1.19
2018.04.06 02:12:30.946,1.05783,1.05803,1.00,1.00
2018.04.06 02:12:31.463,1.05783,1.05806,1.00,1.87
2018.04.06 02:12:33.712,1.05783,1.05806,1.00,1.50
2018.04.06 02:12:33.815,1.05786,1.05806,1.50,1.00
2018.04.06 02:12:35.617,1.05786,1.05809,2.25,1.00
2018.04.06 02:12:38.678,1.0579,1.05812,1.25,1.00
2018.04.06 02:12:38.939,1.05792,1.05815,1.50,1.31
2018.04.06 02:12:38.990,1.05792,1.05815,1.50,1.00
2018.04.06 02:12:39.530,1.05792,1.05816,1.69,1.50
2018.04.06 02:12:40.153,1.05793,1.05816,1.19,1.87
2018.04.06 02:12:40.620,1.05797,1.05816,1.00,1.50
2018.04.06 02:12:40.952,1.05795,1.05816,1.00,2.62
2018.04.06 02:12:41.506,1.05794,1.05815,1.00,1.19
2018.04.06 02:12:42.548,1.05794,1.05815,1.00,1.25
2018.04.06 02:12:43.671,1.05793,1.05815,1.00,1.12
2018.04.06 02:12:46.150,1.05794,1.05815,1.00,1.44
2018.04.06 02:12:49.483,1.05793,1.0581,1.00,1.00
2018.04.06 02:12:50.014,1.05794,1.05815,1.00,1.44
2018.04.06 02:12:53.251,1.05793,1.05816,1.00,1.25
2018.04.06 02:12:53.354,1.05795,1.05817,1.50,1.00
2018.04.06 02:12:53.764,1.05797,1.05817,1.50,1.00
2018.04.06 02:12:54.282,1.05794,1.05816,1.12,1.31
2018.04.06 02:12:54.414,1.05791,1.05814,1.50,1.50
2018.04.06 02:12:54.670,1.05791,1.05814,1.50,2.06
2018.04.06 02:12:56.814,1.05793,1.05814,1.50,1.69
2018.04.06 02:12:57.428,1.05792,1.05814,1.50,1.69
2018.04.06 02:12:57.915,1.05793,1.05814,1.50,1.31
2018.04.06 02:12:58.018,1.05793,1.05814,1.00,1.00
2018.04.06 02:12:58.182,1.05791,1.05814,1.50,1.69
2018.04.06 02:12:58.722,1.0579,1.05813,2.44,1.00
2018.04.06 02:12:59.395,1.05791,1.05813,1.00,1.00
2018.04.06 02:13:03.462,1.0579,1.05813,2.06,1.69
2018.04.06 02:13:04.071,1.05791,1.05813,1.00,1.69
2018.04.06 02:13:07.143,1.05791,1.05812,1.25,1.00
2018.04.06 02:13:12.949,1.05788,1.05812,2.44,1.25
2018.04.06 02:13:15.813,1.05788,1.05812,1.31,1.00
2018.04.06 02:13:19.142,1.05788,1.05812,1.87,1.00
2018.04.06 02:13:23.684,1.05788,1.05812,1.50,1.00
2018.04.06 02:13:25.155,1.05788,1.05812,1.31,1.00
2018.04.06 02:13:25.820,1.0579,1.05812,1.00,1.00
2018.04.06 02:13:26.321,1.05791,1.05812,1.00,1.00
2018.04.06 02:13:27.511,1.05791,1.05811,1.00,1.00
2018.04.06 02:13:28.170,1.0579,1.05811,1.00,1.00
2018.04.06 02:13:35.595,1.05791,1.05811,1.00,1.00
2018.04.06 02:13:37.576,1.0579,1.05811,1.69,1.00
2018.04.06 02:13:40.111,1.05791,1.05811,1.00,1.50
2018.04.06 02:13:43.188,1.05791,1.05812,1.00,1.00
2018.04.06 02:13:44.254,1.0579,1.05812,1.50,1.00
2018.04.06 02:13:45.749,1.05791,1.05812,1.00,1.00
2018.04.06 02:13:45.872,1.05789,1.05812,1.87,1.00
2018.04.06 02:13:46.333,1.05791,1.05812,1.00,1.00
2018.04.06 02:13:46.644,1.05797,1.05821,1.50,1.69
2018.04.06 02:13:46.985,1.058,1.05821,1.00,1.25
2018.04.06 02:13:47.037,1.05798,1.05821,1.50,1.25
2018.04.06 02:13:47.599,1.05799,1.0582,1.00,1.00
2018.04.06 02:13:50.050,1.05798,1.0582,1.00,1.00
2018.04.06 02:13:50.665,1.05799,1.0582,1.00,1.00
2018.04.06 02:13:53.035,1.05798,1.05821,1.50,1.87
2018.04.06 02:13:53.274,1.05796,1.05818,1.00,1.00
2018.04.06 02:13:53.623,1.05795,1.05815,1.00,1.00
2018.04.06 02:13:54.631,1.05792,1.05815,1.25,1.00
2018.04.06 02:13:55.140,1.05792,1.05815,1.00,1.19
2018.04.06 02:13:56.962,1.05792,1.05815,1.00,1.19
2018.04.06 02:13:58.029,1.05792,1.05815,1.00,2.25
2018.04.06 02:13:58.338,1.0579,1.05813,2.62,1.69
2018.04.06 02:13:59.165,1.0579,1.05813,2.62,1.69
2018.04.06 02:13:59.685,1.05791,1.05813,1.50,1.69
2018.04.06 02:14:00.289,1.0579,1.05813,2.62,1.69
2018.04.06 02:14:00.797,1.05791,1.05813,1.00,1.19
2018.04.06 02:14:02.496,1.0579,1.05813,2.81,1.69
2018.04.06 02:14:03.080,1.05791,1.05813,1.25,1.69
2018.04.06 02:14:03.601,1.0579,1.05813,1.25,1.69
2018.04.06 02:14:07.523,1.0579,1.05813,1.00,1.87
2018.04.06 02:14:10.927,1.05792,1.05815,1.50,1.00
2018.04.06 02:14:10.978,1.05795,1.05817,1.50,1.19
2018.04.06 02:14:11.030,1.05795,1.05818,1.00,1.00
2018.04.06 02:14:11.133,1.0579,1.05813,2.44,1.00
2018.04.06 02:14:11.184,1.0579,1.05813,1.12,1.50
2018.04.06 02:14:11.301,1.0579,1.05811,1.12,1.00
2018.04.06 02:14:11.928,1.0579,1.05812,1.12,1.00
2018.04.06 02:14:12.766,1.0579,1.05813,1.31,1.00
2018.04.06 02:14:12.971,1.05796,1.0582,1.00,1.50
2018.04.06 02:14:13.298,1.05795,1.05818,1.44,1.25
2018.04.06 02:14:13.605,1.05795,1.05816,1.00,1.00
2018.04.06 02:14:14.589,1.05792,1.05816,3.19,1.00
2018.04.06 02:14:14.816,1.05797,1.0582,1.00,1.69
2018.04.06 02:14:15.338,1.05799,1.05822,1.00,1.50
2018.04.06 02:14:17.082,1.05797,1.0582,1.00,1.87
2018.04.06 02:14:17.390,1.05794,1.05817,1.00,1.00
2018.04.06 02:14:17.997,1.05794,1.05816,1.00,1.00
2018.04.06 02:14:18.635,1.05791,1.05816,2.81,1.50
2018.04.06 02:14:19.174,1.05791,1.05815,1.62,1.00
2018.04.06 02:14:19.937,1.05791,1.05815,2.62,1.00
2018.04.06 02:14:20.242,1.05789,1.05812,1.00,1.00
2018.04.06 02:14:24.113,1.05789,1.05811,1.00,1.00
2018.04.06 02:14:33.562,1.05789,1.0581,1.00,1.00
2018.04.06 02:14:36.256,1.05789,1.05809,1.00,1.00
2018.04.06 02:14:38.827,1.05789,1.0581,1.00,1.25
2018.04.06 02:14:39.337,1.05789,1.05812,3.56,1.19
2018.04.06 02:14:39.874,1.05789,1.05812,3.19,1.19
2018.04.06 02:14:40.785,1.05789,1.05812,3.94,1.19
2018.04.06 02:14:41.514,1.05789,1.05812,3.19,1.19
2018.04.06 02:14:42.343,1.0579,1.05812,1.25,1.19
2018.04.06 02:14:43.202,1.05789,1.05812,3.19,1.19
2018.04.06 02:14:43.826,1.05789,1.05812,4.12,1.19
2018.04.06 02:14:44.510,1.05789,1.05812,4.12,1.19
2018.04.06 02:14:44.820,1.05794,1.05817,1.19,1.00
2018.04.06 02:14:45.078,1.05797,1.05821,1.69,1.50
2018.04.06 02:14:45.594,1.058,1.05821,1.50,1.00
2018.04.06 02:14:46.578,1.05801,1.05822,1.00,1.00
2018.04.06 02:14:47.953,1.05803,1.05825,1.31,1.00
2018.04.06 02:14:48.057,1.05805,1.05828,1.19,1.00
2018.04.06 02:14:48.108,1.05805,1.05826,1.19,1.00
2018.04.06 02:14:48.673,1.05804,1.05828,1.19,1.00
2018.04.06 02:14:50.003,1.05802,1.05828,2.06,1.25
2018.04.06 02:14:50.053,1.05802,1.05826,3.56,1.00
2018.04.06 02:14:52.947,1.05802,1.05826,1.19,1.25
2018.04.06 02:14:53.947,1.05801,1.05826,4.12,1.87
2018.04.06 02:14:54.504,1.05801,1.05826,2.06,1.69
2018.04.06 02:14:55.415,1.05801,1.05826,4.12,1.44
2018.04.06 02:14:55.927,1.05801,1.05826,3.37,1.25
2018.04.06 02:14:56.549,1.05801,1.05826,2.81,1.44
2018.04.06 02:14:57.074,1.05802,1.05826,1.19,1.25
2018.04.06 02:14:57.176,1.05805,1.05826,1.00,1.25
2018.04.06 02:14:57.805,1.05804,1.05826,1.00,1.00
2018.04.06 02:14:58.595,1.05804,1.05826,1.19,1.00
2018.04.06 02:14:59.127,1.05805,1.05827,1.19,1.12
2018.04.06 02:14:59.737,1.05805,1.05829,1.19,2.62
2018.04.06 02:14:59.839,1.05805,1.05829,1.19,2.06
2018.04.06 02:15:00.995,1.05804,1.05828,1.69,1.00
2018.04.06 02:15:01.996,1.05804,1.05828,2.44,1.44
2018.04.06 02:15:02.701,1.05805,1.05828,1.19,1.44
2018.04.06 02:15:03.304,1.05805,1.05828,1.19,1.12
2018.04.06 02:15:04.023,1.05805,1.05828,1.19,1.44
2018.04.06 02:15:04.765,1.05805,1.05828,1.19,1.25
2018.04.06 02:15:05.518,1.05805,1.05827,1.19,1.25
2018.04.06 02:15:06.673,1.05803,1.05827,1.19,1.44
2018.04.06 02:15:06.887,1.05803,1.05827,1.25,1.12
2018.04.06 02:15:08.584,1.05803,1.05827,1.25,1.50
2018.04.06 02:15:09.735,1.05802,1.05826,2.25,1.00
2018.04.06 02:15:09.787,1.05802,1.05828,2.81,1.25
2018.04.06 02:15:09.941,1.05802,1.05826,1.12,1.25
2018.04.06 02:15:09.992,1.05805,1.05827,1.50,1.12
2018.04.06 02:15:10.123,1.05804,1.05826,1.69,1.69
2018.04.06 02:15:10.177,1.05803,1.05821,1.19,1.00
2018.04.06 02:15:10.228,1.05803,1.05824,1.19,2.44
2018.04.06 02:15:10.766,1.058,1.05823,1.56,1.00
2018.04.06 02:15:11.190,1.058,1.05821,1.81,1.00
2018.04.06 02:15:11.415,1.05798,1.05821,1.75,1.50
2018.04.06 02:15:17.203,1.05798,1.05817,1.31,1.00
2018.04.06 02:15:17.755,1.05798,1.05821,1.31,1.50
2018.04.06 02:15:19.685,1.058,1.05824,2.06,1.00
2018.04.06 02:15:21.518,1.05801,1.05825,1.12,1.50
2018.04.06 02:15:25.138,1.05803,1.05825,1.00,1.00
2018.04.06 02:15:25.644,1.05803,1.05824,1.00,1.00
2018.04.06 02:15:27.119,1.05803,1.05825,1.00,1.00
2018.04.06 02:15:33.365,1.05799,1.05824,1.12,1.69
2018.04.06 02:15:33.469,1.058,1.05824,1.50,1.69
2018.04.06 02:15:33.622,1.05803,1.05824,1.00,1.25
2018.04.06 02:15:34.345,1.05805,1.05825,1.00,1.44
2018.04.06 02:15:34.853,1.05803,1.05825,1.00,1.44
2018.04.06 02:15:35.389,1.05803,1.05825,1.00,1.12
2018.04.06 02:15:38.960,1.05803,1.05826,1.00,2.06
2018.04.06 02:15:39.634,1.05803,1.05826,1.00,1.69
2018.04.06 02:15:40.742,1.05803,1.05824,1.00,1.00
2018.04.06 02:15:40.798,1.05799,1.05822,1.44,1.00
2018.04.06 02:15:41.486,1.05799,1.05823,1.69,1.19
2018.04.06 02:15:41.789,1.058,1.05824,2.25,1.69
2018.04.06 02:15:42.300,1.05799,1.05824,1.87,1.87
2018.04.06 02:15:42.933,1.058,1.05824,1.00,1.87
2018.04.06 02:15:43.476,1.058,1.05823,1.00,1.25
2018.04.06 02:15:50.253,1.05799,1.05823,1.50,1.25
2018.04.06 02:15:50.797,1.058,1.05823,1.00,1.19
2018.04.06 02:15:51.688,1.05799,1.05823,3.37,1.19
2018.04.06 02:15:52.379,1.058,1.05823,1.50,1.19
2018.04.06 02:15:52.787,1.058,1.05819,1.50,1.00
2018.04.06 02:15:53.423,1.05799,1.05823,3.19,1.19
2018.04.06 02:15:54.534,1.058,1.05823,1.50,1.19
2018.04.06 02:15:57.076,1.058,1.05823,1.50,1.31
2018.04.06 02:15:57.179,1.05797,1.0582,1.00,2.06
2018.04.06 02:15:57.231,1.05797,1.0582,1.00,2.25
2018.04.06 02:15:57.401,1.05799,1.05821,1.00,1.31
2018.04.06 02:15:57.452,1.05799,1.05822,1.00,1.25
2018.04.06 02:15:59.368,1.05799,1.05821,1.00,1.00
2018.04.06 02:15:59.901,1.05799,1.0582,1.00,1.00
2018.04.06 02:16:01.303,1.05799,1.05821,1.00,1.00
2018.04.06 02:16:01.944,1.05799,1.05822,1.12,1.00
2018.04.06 02:16:02.738,1.05799,1.0582,1.00,1.00
2018.04.06 02:16:04.628,1.05799,1.05819,1.00,1.00
2018.04.06 02:16:05.078,1.05797,1.05819,1.00,1.00
2018.04.06 02:16:05.521,1.05797,1.0582,1.00,1.75
2018.04.06 02:16:05.725,1.05795,1.05817,1.00,1.19
2018.04.06 02:16:06.349,1.05795,1.05817,1.00,1.25
2018.04.06 02:16:07.633,1.05795,1.05816,1.00,1.00
2018.04.06 02:16:07.942,1.05795,1.05818,1.00,1.25
2018.04.06 02:16:10.844,1.05795,1.05818,1.50,1.69
2018.04.06 02:16:12.158,1.05795,1.05818,1.50,1.00
2018.04.06 02:16:12.696,1.05795,1.05816,1.69,1.00
2018.04.06 02:16:13.233,1.05795,1.05818,1.69,1.50
2018.04.06 02:16:17.476,1.05795,1.05818,2.44,1.00
2018.04.06 02:16:17.656,1.05793,1.05815,1.31,1.00
2018.04.06 02:16:17.758,1.05792,1.05815,1.00,1.00
2018.04.06 02:16:18.342,1.05794,1.05816,1.25,1.00
2018.04.06 02:16:18.686,1.05794,1.05817,1.19,1.00
2018.04.06 02:16:19.268,1.05794,1.05817,1.25,1.50
2018.04.06 02:16:19.319,1.05794,1.05814,1.00,1.00
2018.04.06 02:16:19.422,1.05791,1.05814,1.25,1.50
2018.04.06 02:16:20.455,1.0579,1.05814,1.87,1.00
2018.04.06 02:16:20.813,1.05794,1.05814,1.00,1.00
2018.04.06 02:16:21.347,1.05794,1.05815,1.00,1.00
2018.04.06 02:16:22.131,1.05794,1.05817,1.00,3.19
2018.04.06 02:16:23.126,1.05794,1.05814,1.50,1.00
2018.04.06 02:16:23.688,1.05794,1.05816,1.00,1.00
2018.04.06 02:16:24.342,1.05794,1.05815,1.00,1.00
2018.04.06 02:16:24.916,1.05792,1.05815,1.51,1.69
2018.04.06 02:16:25.464,1.05792,1.05815,1.44,1.69
2018.04.06 02:16:31.258,1.05792,1.05815,1.12,1.69
2018.04.06 02:16:33.598,1.05793,1.05816,2.25,1.25
2018.04.06 02:16:33.650,1.05796,1.05816,1.50,1.25
2018.04.06 02:16:33.702,1.05797,1.0582,1.00,1.69
2018.04.06 02:16:34.326,1.05796,1.05819,1.69,1.00
2018.04.06 02:16:34.837,1.05796,1.05819,1.19,1.00
2018.04.06 02:16:38.282,1.05796,1.05819,1.50,1.00
2018.04.06 02:16:38.784,1.05796,1.0582,1.00,1.69
2018.04.06 02:16:39.481,1.05797,1.0582,1.00,1.87
2018.04.06 02:16:40.072,1.05797,1.0582,1.00,1.87
2018.04.06 02:16:40.626,1.05796,1.0582,1.00,1.87
2018.04.06 02:16:41.547,1.05796,1.0582,1.00,2.06
2018.04.06 02:16:43.023,1.05797,1.0582,1.00,2.06
2018.04.06 02:16:46.374,1.05796,1.0582,1.00,2.06
2018.04.06 02:16:46.894,1.05797,1.0582,1.00,1.69
2018.04.06 02:16:47.486,1.05797,1.05821,1.25,1.50
2018.04.06 02:16:47.537,1.05797,1.05821,1.69,1.12
2018.04.06 02:16:47.639,1.05797,1.05821,2.44,1.25
2018.04.06 02:16:48.248,1.05797,1.05821,1.19,1.25
2018.04.06 02:16:49.570,1.05797,1.05821,3.37,1.25
2018.04.06 02:16:51.324,1.05797,1.05821,3.19,1.25
2018.04.06 02:16:55.100,1.05797,1.05821,1.87,1.25
2018.04.06 02:16:56.792,1.058,1.05822,1.00,1.00
2018.04.06 02:16:58.455,1.05802,1.05822,1.00,1.00
2018.04.06 02:16:58.994,1.05801,1.05822,1.00,1.00
2018.04.06 02:17:00.372,1.05801,1.05823,1.50,1.00
2018.04.06 02:17:16.276,1.05798,1.05821,1.69,1.69
2018.04.06 02:17:16.379,1.05801,1.05824,1.19,1.50
2018.04.06 02:17:17.715,1.05802,1.05824,1.19,1.00
2018.04.06 02:17:18.339,1.05802,1.05824,1.19,1.00
2018.04.06 02:17:19.397,1.05802,1.05824,1.19,1.00
2018.04.06 02:17:20.879,1.05802,1.05824,1.19,1.00
2018.04.06 02:17:44.515,1.05804,1.05824,1.00,1.00
2018.04.06 02:17:45.231,1.05805,1.05824,1.00,1.00
2018.04.06 02:17:48.253,1.05804,1.05824,1.50,1.00
2018.04.06 02:17:49.806,1.05804,1.05827,1.00,1.00
2018.04.06 02:17:50.448,1.05805,1.05827,1.00,1.50
2018.04.06 02:17:50.911,1.05804,1.05827,1.69,1.00
2018.04.06 02:17:51.234,1.05812,1.05832,1.25,1.56
2018.04.06 02:17:51.338,1.05809,1.05831,1.50,1.00
2018.04.06 02:17:51.867,1.0581,1.05832,1.00,1.50
2018.04.06 02:17:52.110,1.0581,1.05834,1.25,1.50
2018.04.06 02:17:52.214,1.05812,1.05834,1.50,1.50
2018.04.06 02:17:52.521,1.05812,1.05834,1.69,1.00
2018.04.06 02:17:53.161,1.05812,1.05834,2.25,1.00
2018.04.06 02:17:53.264,1.05814,1.05836,1.25,1.00
2018.04.06 02:17:54.093,1.05813,1.05835,1.19,1.00
2018.04.06 02:17:54.640,1.05813,1.05836,1.19,1.00
2018.04.06 02:17:55.708,1.05813,1.05836,1.00,1.00
2018.04.06 02:17:57.496,1.05812,1.05836,2.44,1.00
2018.04.06 02:17:58.573,1.05813,1.05836,1.00,1.00
2018.04.06 02:17:59.909,1.05813,1.05838,1.00,2.44
2018.04.06 02:18:00.449,1.05812,1.05838,1.69,1.69
2018.04.06 02:18:01.728,1.05813,1.05838,1.00,1.87
2018.04.06 02:18:02.551,1.05813,1.05838,1.25,1.50
2018.04.06 02:18:03.113,1.05814,1.05837,1.19,1.00
2018.04.06 02:18:03.423,1.05818,1.0584,1.19,1.00
2018.04.06 02:18:03.629,1.05818,1.05842,1.19,1.12
2018.04.06 02:18:04.291,1.05818,1.05842,1.50,1.00
2018.04.06 02:18:04.394,1.05817,1.05839,1.19,1.00
2018.04.06 02:18:04.498,1.05816,1.0584,1.12,1.19
2018.04.06 02:18:05.047,1.05816,1.05838,1.65,1.00
2018.04.06 02:18:05.482,1.05812,1.05835,1.15,1.69
2018.04.06 02:18:05.536,1.05811,1.05835,1.15,1.25
2018.04.06 02:18:06.631,1.05814,1.05837,1.15,1.25
2018.04.06 02:18:07.179,1.05814,1.05838,1.15,1.69
2018.04.06 02:18:08.778,1.05814,1.05836,1.15,1.25
2018.04.06 02:18:09.198,1.05819,1.05838,1.00,1.00
2018.04.06 02:18:09.608,1.05817,1.0584,1.59,1.00
2018.04.06 02:18:10.262,1.05816,1.05839,2.59,1.00
2018.04.06 02:18:10.797,1.05816,1.0584,1.84,1.50
2018.04.06 02:18:13.746,1.05817,1.05842,2.81,1.50
2018.04.06 02:18:13.849,1.05817,1.05842,1.87,1.69
2018.04.06 02:18:14.364,1.05817,1.05842,2.25,1.69
2018.04.06 02:18:15.017,1.05817,1.05842,3.00,1.69
2018.04.06 02:18:15.562,1.05817,1.05842,1.15,1.69
2018.04.06 02:18:16.069,1.05817,1.05841,1.65,1.00
2018.04.06 02:18:16.121,1.0582,1.05844,1.00,1.25
2018.04.06 02:18:16.223,1.05821,1.05844,1.30,1.25
2018.04.06 02:18:16.530,1.05819,1.05842,1.34,1.00
2018.04.06 02:18:16.875,1.05819,1.05844,1.87,1.50
2018.04.06 02:18:18.884,1.05821,1.05845,1.31,1.12
2018.04.06 02:18:18.986,1.05819,1.05843,1.87,1.00
2018.04.06 02:18:19.291,1.0582,1.05843,1.19,1.00
2018.04.06 02:18:20.361,1.05821,1.05843,1.44,1.00
2018.04.06 02:18:21.247,1.0582,1.05844,2.62,1.50
2018.04.06 02:18:21.298,1.0582,1.05844,1.87,1.69
2018.04.06 02:18:21.527,1.05816,1.05842,1.69,1.00
2018.04.06 02:18:21.784,1.05815,1.05842,2.81,1.00
2018.04.06 02:18:22.240,1.05816,1.05839,1.25,1.00
2018.04.06 02:18:22.291,1.05814,1.05839,1.25,1.25
2018.04.06 02:18:22.343,1.05815,1.05837,1.19,1.00
2018.04.06 02:18:22.596,1.05816,1.05839,1.69,1.00
2018.04.06 02:18:22.851,1.05816,1.05839,1.50,1.19
2018.04.06 02:18:22.902,1.05814,1.05837,2.62,1.19
2018.04.06 02:18:23.527,1.05814,1.05837,1.25,1.69
2018.04.06 02:18:24.635,1.05814,1.05837,1.00,1.00
2018.04.06 02:18:27.045,1.05814,1.05836,1.00,1.00
2018.04.06 02:18:27.671,1.05812,1.05835,1.00,1.00
2018.04.06 02:18:28.324,1.05812,1.05835,1.19,1.00
2018.04.06 02:18:29.760,1.05815,1.05838,1.00,1.87
2018.04.06 02:18:30.269,1.05815,1.05838,2.44,1.50
2018.04.06 02:18:32.393,1.05815,1.05838,1.50,1.00
2018.04.06 02:18:37.689,1.05815,1.05838,1.00,1.19
2018.04.06 02:18:37.895,1.05811,1.05836,3.56,1.50
2018.04.06 02:18:38.857,1.05811,1.05836,2.06,1.69
2018.04.06 02:18:40.218,1.05811,1.05836,2.06,1.69
2018.04.06 02:18:40.751,1.05811,1.05836,1.50,1.69
2018.04.06 02:18:41.079,1.05811,1.05832,1.37,1.00
2018.04.06 02:18:43.074,1.05811,1.05832,1.87,1.00
2018.04.06 02:18:43.608,1.0581,1.05832,2.81,1.00
2018.04.06 02:18:43.710,1.05811,1.05836,2.62,1.50
2018.04.06 02:18:45.959,1.05811,1.05836,1.25,1.69
2018.04.06 02:18:48.995,1.05811,1.05834,1.44,1.50
2018.04.06 02:18:49.528,1.05811,1.05834,1.00,1.00
2018.04.06 02:18:50.765,1.05811,1.05835,1.00,1.25
2018.04.06 02:18:51.280,1.05811,1.05834,1.00,1.00
2018.04.06 02:18:53.144,1.05811,1.05835,1.00,1.25
2018.04.06 02:18:54.665,1.05811,1.05836,1.25,1.31
2018.04.06 02:18:57.099,1.05814,1.05837,1.00,1.69
2018.04.06 02:18:57.204,1.05816,1.05839,3.19,1.00
2018.04.06 02:18:57.292,1.05818,1.05841,1.00,1.25
2018.04.06 02:18:57.446,1.05827,1.05852,1.69,1.25
2018.04.06 02:18:57.498,1.05828,1.05851,1.19,1.50
2018.04.06 02:18:57.701,1.05827,1.05853,3.94,1.50
2018.04.06 02:18:57.803,1.0583,1.05853,1.00,1.50
2018.04.06 02:18:57.854,1.05831,1.05853,1.19,1.00
2018.04.06 02:18:57.905,1.05834,1.05856,1.50,1.12
2018.04.06 02:18:58.040,1.05835,1.0586,1.25,1.50
2018.04.06 02:18:58.092,1.05838,1.05861,1.00,1.31
2018.04.06 02:18:58.903,1.05838,1.0586,1.00,1.25
2018.04.06 02:19:01.220,1.05838,1.05864,1.25,2.44
2018.04.06 02:19:01.820,1.05838,1.05864,2.61,2.25
2018.04.06 02:19:03.515,1.05838,1.05864,1.25,2.25
2018.04.06 02:19:05.422,1.05838,1.05864,2.42,2.06
2018.04.06 02:19:05.951,1.05839,1.05863,1.87,1.50
2018.04.06 02:19:07.902,1.0584,1.05861,1.00,1.19
2018.04.06 02:19:08.900,1.05839,1.05861,1.12,1.19
2018.04.06 02:19:10.317,1.0584,1.05861,1.00,1.19
2018.04.06 02:19:10.419,1.05838,1.05863,2.25,2.44
2018.04.06 02:19:10.623,1.05839,1.05863,1.12,4.31
2018.04.06 02:19:11.254,1.05838,1.05863,3.56,2.44
2018.04.06 02:19:11.757,1.05839,1.05863,1.12,3.37
2018.04.06 02:19:11.942,1.05839,1.05863,1.12,3.75
2018.04.06 02:19:15.300,1.05837,1.05862,1.00,2.44
2018.04.06 02:19:15.404,1.05833,1.05858,1.19,1.12
2018.04.06 02:19:15.506,1.05832,1.05857,1.25,1.19
2018.04.06 02:19:15.609,1.0583,1.05857,2.62,3.56
2018.04.06 02:19:16.436,1.0583,1.05857,2.81,3.94
2018.04.06 02:19:17.173,1.0583,1.05855,2.81,1.00
2018.04.06 02:19:17.275,1.05829,1.05855,2.62,1.25
2018.04.06 02:19:17.803,1.0583,1.05854,1.00,1.69
2018.04.06 02:19:17.905,1.05826,1.05853,2.44,2.06
2018.04.06 02:19:17.956,1.05826,1.05852,1.12,1.56
2018.04.06 02:19:20.779,1.05825,1.05851,1.00,2.81
2018.04.06 02:19:22.100,1.05825,1.05848,1.19,1.25
2018.04.06 02:19:22.307,1.05828,1.05853,1.00,1.87
2018.04.06 02:19:22.358,1.05831,1.05856,1.00,2.06
2018.04.06 02:19:22.410,1.05832,1.05859,1.69,1.44
2018.04.06 02:19:22.595,1.05835,1.0586,1.00,2.06
2018.04.06 02:19:22.647,1.05835,1.0586,1.25,1.69
2018.04.06 02:19:22.852,1.05837,1.0586,2.25,1.25
2018.04.06 02:19:23.160,1.05842,1.05862,1.00,1.31
2018.04.06 02:19:23.443,1.05839,1.05863,2.25,1.56
2018.04.06 02:19:23.890,1.0584,1.05863,1.00,1.19
2018.04.06 02:19:25.315,1.0584,1.05862,1.25,1.19
2018.04.06 02:19:25.675,1.05835,1.05859,2.70,1.00
2018.04.06 02:19:25.777,1.05835,1.05859,2.44,1.00
2018.04.06 02:19:25.931,1.05835,1.05859,2.81,1.00
2018.04.06 02:19:26.862,1.05835,1.0586,2.62,1.69
2018.04.06 02:19:27.169,1.05835,1.05857,1.50,1.31
2018.04.06 02:19:27.272,1.05832,1.05855,3.37,1.25
2018.04.06 02:19:27.582,1.05835,1.05857,1.00,1.00
2018.04.06 02:19:27.890,1.0584,1.0586,1.00,1.31
2018.04.06 02:19:28.281,1.05838,1.0586,1.00,1.31
2018.04.06 02:19:28.387,1.05839,1.0586,1.00,1.00
2018.04.06 02:19:28.491,1.05839,1.05864,1.25,1.69
2018.04.06 02:19:28.543,1.05842,1.05864,1.00,1.69
2018.04.06 02:19:28.594,1.05838,1.05864,2.44,1.87
2018.04.06 02:19:28.646,1.05838,1.05864,1.87,1.50
2018.04.06 02:19:29.190,1.05839,1.05864,1.44,2.81
2018.04.06 02:19:29.952,1.05839,1.05864,2.25,1.87
2018.04.06 02:19:33.217,1.05842,1.05864,1.95,2.62
2018.04.06 02:19:35.506,1.05842,1.05864,1.20,1.50
2018.04.06 02:19:36.492,1.05842,1.05866,2.14,1.69
2018.04.06 02:19:36.797,1.05846,1.05866,1.00,1.19
2018.04.06 02:19:36.898,1.05846,1.05866,1.00,1.00
2018.04.06 02:19:37.022,1.05845,1.05863,1.87,1.00
2018.04.06 02:19:37.074,1.05838,1.05859,1.25,1.81
2018.04.06 02:19:37.177,1.05839,1.05857,1.00,1.87
2018.04.06 02:19:37.484,1.0584,1.05857,1.00,1.87
2018.04.06 02:19:38.447,1.05839,1.05857,1.00,1.87
2018.04.06 02:19:38.686,1.05841,1.05859,1.00,1.50
2018.04.06 02:19:38.790,1.05842,1.0586,1.00,1.31
2018.04.06 02:19:39.251,1.05844,1.0586,1.00,1.31
2018.04.06 02:19:39.769,1.05843,1.0586,1.00,1.31
2018.04.06 02:19:39.923,1.05843,1.0586,1.00,1.25
2018.04.06 02:19:41.134,1.05844,1.05863,1.00,1.00
2018.04.06 02:19:41.238,1.05846,1.05863,1.00,1.00
2018.04.06 02:19:41.341,1.05848,1.05866,1.00,1.12
2018.04.06 02:19:45.315,1.05849,1.05866,1.00,1.00
2018.04.06 02:19:46.617,1.05848,1.05866,1.00,1.00
2018.04.06 02:19:50.982,1.05849,1.05866,1.00,1.00
2018.04.06 02:19:51.532,1.0585,1.05866,1.00,1.00
2018.04.06 02:19:56.676,1.0585,1.05863,1.00,1.00
2018.04.06 02:19:57.124,1.0585,1.05866,1.00,1.25
2018.04.06 02:19:59.956,1.05848,1.05866,1.00,1.25
2018.04.06 02:20:06.595,1.0585,1.05866,1.00,1.25
2018.04.06 02:20:11.535,1.0585,1.05864,1.00,1.00
2018.04.06 02:20:12.074,1.0585,1.05866,1.00,1.25
2018.04.06 02:20:13.374,1.05848,1.05866,1.00,1.25
2018.04.06 02:20:13.425,1.0585,1.05866,1.00,1.19
2018.04.06 02:20:13.732,1.05839,1.05859,1.00,2.81
2018.04.06 02:20:14.690,1.05839,1.05856,1.00,1.12
2018.04.06 02:20:15.429,1.05839,1.05858,1.00,1.44
2018.04.06 02:20:15.481,1.0584,1.05858,1.00,1.00
2018.04.06 02:20:15.788,1.05842,1.05859,1.00,1.00
2018.04.06 02:20:16.674,1.05841,1.05859,1.00,2.25
2018.04.06 02:20:17.206,1.05844,1.05861,1.00,2.25
2018.04.06 02:20:17.411,1.05845,1.05863,1.00,1.00
2018.04.06 02:20:17.695,1.05845,1.0586,1.00,1.00
2018.04.06 02:20:17.746,1.05843,1.05859,1.00,1.00
2018.04.06 02:20:17.849,1.05842,1.05857,1.00,1.00
2018.04.06 02:20:18.154,1.05844,1.05859,1.00,1.00
2018.04.06 02:20:18.205,1.05844,1.05861,1.00,1.00
2018.04.06 02:20:18.780,1.05845,1.05861,1.00,1.00
2018.04.06 02:20:19.375,1.05845,1.05863,1.00,1.87
2018.04.06 02:20:19.581,1.05845,1.0586,1.00,1.00
2018.04.06 02:20:20.100,1.05845,1.05861,1.00,1.00
2018.04.06 02:20:20.657,1.05845,1.0586,1.00,1.00
2018.04.06 02:20:21.200,1.05844,1.0586,1.00,1.00
2018.04.06 02:20:21.894,1.05844,1.05862,1.00,1.00
2018.04.06 02:20:22.416,1.05845,1.05862,1.00,1.00
2018.04.06 02:20:22.620,1.05845,1.05864,1.00,1.00
2018.04.06 02:20:23.413,1.05846,1.05864,1.00,1.00
2018.04.06 02:20:35.166,1.05848,1.05864,1.00,1.00
2018.04.06 02:20:37.213,1.05847,1.05864,1.00,1.00
2018.04.06 02:20:37.750,1.05846,1.05864,1.00,1.50
2018.04.06 02:20:38.292,1.05847,1.05863,1.00,1.00
2018.04.06 02:20:38.972,1.05846,1.05864,1.00,1.69
2018.04.06 02:20:39.808,1.05847,1.05864,1.00,1.25
2018.04.06 02:20:45.603,1.05848,1.05864,1.00,1.25
2018.04.06 02:20:48.486,1.05834,1.05852,1.00,1.00
2018.04.06 02:20:48.538,1.05834,1.05841,1.00,1.00
2018.04.06 02:20:48.590,1.05822,1.05836,2.25,1.25
2018.04.06 02:20:48.642,1.05822,1.05834,1.00,1.00
2018.04.06 02:20:48.694,1.05817,1.05832,1.00,1.00
2018.04.06 02:20:48.746,1.05821,1.05832,1.00,1.00
2018.04.06 02:20:48.798,1.05812,1.0583,2.44,1.50
2018.04.06 02:20:48.849,1.05814,1.05833,1.44,1.69
2018.04.06 02:20:49.132,1.05812,1.05833,1.25,1.25
2018.04.06 02:20:49.184,1.05811,1.0583,1.19,1.00
2018.04.06 02:20:49.339,1.05811,1.05834,1.19,1.00
2018.04.06 02:20:49.597,1.0581,1.05833,1.31,1.44
2018.04.06 02:20:50.169,1.0581,1.05834,1.31,4.12
2018.04.06 02:20:50.477,1.05808,1.05831,2.44,1.00
2018.04.06 02:20:50.529,1.05811,1.05834,1.19,1.50
2018.04.06 02:20:50.880,1.05809,1.05832,1.44,1.12
2018.04.06 02:20:52.612,1.0581,1.05834,1.19,3.75
2018.04.06 02:20:53.947,1.05808,1.05832,2.44,1.00
2018.04.06 02:20:55.632,1.05809,1.05831,1.44,1.00
2018.04.06 02:20:56.140,1.05808,1.05832,1.69,1.25
2018.04.06 02:20:57.705,1.05812,1.05832,1.00,1.25
2018.04.06 02:20:59.330,1.05812,1.05831,1.00,1.00
2018.04.06 02:20:59.788,1.05812,1.05835,1.00,2.44
2018.04.06 02:21:00.305,1.05812,1.05834,1.25,1.25
2018.04.06 02:21:00.408,1.05812,1.05832,1.25,1.25
2018.04.06 02:21:00.926,1.0581,1.05831,1.19,1.00
2018.04.06 02:21:01.448,1.05812,1.05834,1.25,1.12
2018.04.06 02:21:01.601,1.05812,1.05834,1.25,1.37
2018.04.06 02:21:02.139,1.05812,1.05834,1.25,1.44
2018.04.06 02:21:02.740,1.05812,1.05833,1.19,1.44
2018.04.06 02:21:03.249,1.05812,1.05833,1.19,1.12
2018.04.06 02:21:03.794,1.05812,1.05834,1.25,1.37
2018.04.06 02:21:04.224,1.05811,1.05835,1.19,2.06
2018.04.06 02:21:04.380,1.05809,1.05833,1.25,1.25
2018.04.06 02:21:04.483,1.05807,1.05831,1.12,1.00
2018.04.06 02:21:04.829,1.05811,1.05833,1.00,1.25
2018.04.06 02:21:05.367,1.0581,1.05834,1.69,1.50
2018.04.06 02:21:05.575,1.0581,1.05833,1.00,1.25
2018.04.06 02:21:05.738,1.05811,1.05835,1.00,1.12
2018.04.06 02:21:06.385,1.05812,1.05835,1.00,1.00
2018.04.06 02:21:07.843,1.05812,1.05837,1.00,2.44
2018.04.06 02:21:08.254,1.05814,1.05836,1.00,1.25
2018.04.06 02:21:08.581,1.05816,1.0584,1.00,2.44
2018.04.06 02:21:10.400,1.05817,1.0584,1.00,1.69
2018.04.06 02:21:10.726,1.05819,1.0584,1.00,2.25
2018.04.06 02:21:11.645,1.05819,1.0584,1.00,1.87
2018.04.06 02:21:12.351,1.05817,1.0584,1.00,1.69
2018.04.06 02:21:12.431,1.05815,1.0584,1.00,1.19
2018.04.06 02:21:14.015,1.05816,1.05839,1.00,1.44
2018.04.06 02:21:14.116,1.05814,1.05839,1.00,1.44
2018.04.06 02:21:14.219,1.05814,1.05835,1.00,1.00
2018.04.06 02:21:14.652,1.05816,1.05835,1.00,1.00
2018.04.06 02:21:14.773,1.05816,1.05839,1.00,1.44
2018.04.06 02:21:14.876,1.05816,1.05839,1.00,1.25
2018.04.06 02:21:15.883,1.05815,1.0584,1.00,1.87
2018.04.06 02:21:16.394,1.05814,1.0584,1.00,1.87
2018.04.06 02:21:17.920,1.05816,1.0584,1.00,1.44
2018.04.06 02:21:19.639,1.05816,1.0584,1.00,1.12
2018.04.06 02:21:20.149,1.05815,1.05841,1.00,2.81
2018.04.06 02:21:20.912,1.05815,1.05841,1.00,3.56
2018.04.06 02:21:24.682,1.05816,1.05839,1.00,1.12
2018.04.06 02:21:24.787,1.05814,1.05837,1.25,1.00
2018.04.06 02:21:25.967,1.05813,1.05837,1.25,1.50
2018.04.06 02:21:26.621,1.05814,1.05837,1.00,1.69
2018.04.06 02:21:27.172,1.05813,1.05837,1.00,1.69
2018.04.06 02:21:29.265,1.05813,1.05835,1.50,1.00
2018.04.06 02:21:29.876,1.05813,1.05837,1.50,1.69
2018.04.06 02:21:33.968,1.05813,1.05835,1.00,1.00
2018.04.06 02:21:34.496,1.05811,1.05835,5.62,1.00
2018.04.06 02:21:40.391,1.05812,1.05835,1.44,1.00
2018.04.06 02:21:40.986,1.05811,1.05835,3.37,1.00
2018.04.06 02:21:41.626,1.05813,1.05835,1.00,1.00
2018.04.06 02:21:42.669,1.05812,1.05835,1.50,1.00
2018.04.06 02:21:43.174,1.05813,1.05835,1.00,1.00
2018.04.06 02:21:43.502,1.05816,1.05835,1.00,1.00
2018.04.06 02:21:43.762,1.05813,1.05835,1.00,1.00
2018.04.06 02:21:45.533,1.05812,1.05835,1.50,1.00
2018.04.06 02:21:48.594,1.05814,1.05835,1.00,1.00
2018.04.06 02:21:49.114,1.05815,1.05835,1.00,1.00
2018.04.06 02:21:50.536,1.05818,1.05835,1.00,1.00
2018.04.06 02:21:50.792,1.05818,1.05838,1.00,1.00
2018.04.06 02:21:51.322,1.05819,1.05838,1.00,2.25
2018.04.06 02:21:52.341,1.05818,1.05838,1.00,1.50
2018.04.06 02:21:52.546,1.05821,1.05838,1.00,2.25
2018.04.06 02:21:52.649,1.05819,1.05839,1.00,2.06
2018.04.06 02:21:53.534,1.0582,1.05839,1.00,2.06
2018.04.06 02:21:55.105,1.05818,1.05839,1.25,2.06
2018.04.06 02:21:55.156,1.05819,1.05837,1.00,1.00
2018.04.06 02:21:56.759,1.05821,1.05837,1.00,1.00
2018.04.06 02:21:56.810,1.05821,1.05839,1.00,2.06
2018.04.06 02:21:56.861,1.05819,1.05839,1.00,2.06
2018.04.06 02:21:58.572,1.0582,1.05839,1.00,2.06
2018.04.06 02:21:59.379,1.05821,1.05839,1.00,2.06
2018.04.06 02:22:00.124,1.05819,1.05837,1.00,1.00
2018.04.06 02:22:01.446,1.05818,1.05837,1.00,1.00
2018.04.06 02:22:01.987,1.05819,1.05837,1.00,1.00
2018.04.06 02:22:02.798,1.05818,1.05837,1.00,1.00
2018.04.06 02:22:03.408,1.05819,1.05837,1.00,1.00
2018.04.06 02:22:05.633,1.05818,1.05838,1.00,1.00
2018.04.06 02:22:06.637,1.05819,1.05838,1.00,1.00
2018.04.06 02:22:07.603,1.05819,1.05837,1.00,1.00
2018.04.06 02:22:09.889,1.05816,1.05837,1.00,1.00
2018.04.06 02:22:10.394,1.05818,1.05837,1.00,1.00
2018.04.06 02:22:11.003,1.05819,1.05837,1.00,1.00
2018.04.06 02:22:11.589,1.05819,1.05838,1.00,1.00
2018.04.06 02:22:11.979,1.05817,1.05837,1.00,1.00
2018.04.06 02:22:12.481,1.05814,1.05837,2.44,1.00
2018.04.06 02:22:19.839,1.05816,1.05837,1.00,1.00
2018.04.06 02:22:22.275,1.05817,1.05837,1.00,1.00
2018.04.06 02:22:22.883,1.05816,1.05837,1.00,1.00
2018.04.06 02:22:25.383,1.05818,1.05837,1.00,1.00
2018.04.06 02:22:27.894,1.05823,1.05837,1.00,1.00
2018.04.06 02:22:27.945,1.05824,1.05839,1.00,1.25
2018.04.06 02:22:29.553,1.05825,1.05839,1.00,1.25
2018.04.06 02:22:30.055,1.05826,1.0584,1.00,1.19
2018.04.06 02:22:30.699,1.05827,1.0584,1.00,1.19
2018.04.06 02:22:31.206,1.05825,1.0584,1.00,1.19
2018.04.06 02:22:31.544,1.05827,1.05842,1.00,1.19
2018.04.06 02:22:31.698,1.0583,1.05845,1.00,1.00
2018.04.06 02:22:31.749,1.05829,1.05847,1.00,1.00
2018.04.06 02:22:31.801,1.05831,1.05849,1.50,1.00
2018.04.06 02:22:32.309,1.0583,1.0585,1.00,1.00
2018.04.06 02:22:33.057,1.05829,1.0585,2.06,1.00
2018.04.06 02:22:33.398,1.05837,1.05851,1.00,1.00
2018.04.06 02:22:33.929,1.05838,1.05852,1.00,1.00
2018.04.06 02:22:34.436,1.05837,1.05852,1.00,1.00
2018.04.06 02:22:34.993,1.05838,1.05852,1.00,1.00
2018.04.06 02:22:35.351,1.05834,1.05846,1.00,1.00
2018.04.06 02:22:35.402,1.05827,1.05845,1.00,1.00
2018.04.06 02:22:35.454,1.05824,1.05843,1.69,1.00
2018.04.06 02:22:35.505,1.05824,1.05845,1.19,1.00
2018.04.06 02:22:35.557,1.0582,1.05845,1.87,1.00
2018.04.06 02:22:35.729,1.05824,1.05847,1.00,1.00
2018.04.06 02:22:35.832,1.05825,1.0585,1.19,1.50
2018.04.06 02:22:35.985,1.0583,1.0585,1.00,1.50
2018.04.06 02:22:36.663,1.05831,1.0585,1.00,1.00
2018.04.06 02:22:36.997,1.05835,1.0585,1.00,1.00
2018.04.06 02:22:37.719,1.05835,1.05851,1.00,1.25
2018.04.06 02:22:38.446,1.05836,1.05851,1.00,1.25
2018.04.06 02:22:38.497,1.05836,1.05853,1.00,1.00
2018.04.06 02:22:38.549,1.05838,1.05853,1.00,1.00
2018.04.06 02:22:39.059,1.05837,1.05853,1.00,1.00
2018.04.06 02:22:39.634,1.05836,1.05853,1.00,1.00
2018.04.06 02:22:40.442,1.05834,1.05853,1.00,1.00
2018.04.06 02:22:40.494,1.05834,1.05853,1.00,1.19
2018.04.06 02:22:41.039,1.05833,1.05853,1.00,1.19
2018.04.06 02:22:41.360,1.05835,1.05852,1.00,1.19
2018.04.06 02:22:41.879,1.05836,1.0585,1.00,1.00
2018.04.06 02:22:42.422,1.05837,1.0585,1.00,1.00
2018.04.06 02:22:42.957,1.05838,1.05852,1.00,1.19
2018.04.06 02:22:44.645,1.05839,1.05853,1.00,1.19
2018.04.06 02:22:45.285,1.05836,1.05852,1.00,1.19
2018.04.06 02:22:45.462,1.05834,1.0585,1.00,1.00
2018.04.06 02:22:45.614,1.05836,1.0585,1.00,1.00
2018.04.06 02:22:45.766,1.05834,1.0585,1.00,1.00
2018.04.06 02:22:47.647,1.05835,1.0585,1.00,1.00
2018.04.06 02:22:48.190,1.05836,1.0585,1.00,1.00
2018.04.06 02:22:49.073,1.05828,1.05851,1.00,1.00
2018.04.06 02:22:50.962,1.05828,1.05852,1.50,1.00
2018.04.06 02:22:51.271,1.05836,1.05853,1.00,1.12
2018.04.06 02:22:51.937,1.05835,1.05853,1.00,1.25
2018.04.06 02:22:52.855,1.05836,1.05853,1.00,1.25
2018.04.06 02:22:53.367,1.05836,1.05852,1.00,1.00
2018.04.06 02:22:53.841,1.05838,1.05852,1.00,1.00
2018.04.06 02:22:54.041,1.05835,1.05852,1.00,1.00
2018.04.06 02:22:54.585,1.05834,1.05854,1.25,1.00
2018.04.06 02:22:55.177,1.05841,1.05854,1.00,1.00
2018.04.06 02:22:55.331,1.0584,1.05856,1.00,1.00
2018.04.06 02:22:55.974,1.05841,1.05856,1.00,1.00
2018.04.06 02:22:56.613,1.05841,1.05857,1.00,1.12
2018.04.06 02:22:56.767,1.05839,1.05857,1.00,1.12
2018.04.06 02:22:58.401,1.05843,1.0586,1.00,1.00
2018.04.06 02:22:58.552,1.05842,1.05863,1.31,1.00
2018.04.06 02:22:58.603,1.05843,1.05863,1.50,1.00
2018.04.06 02:22:58.655,1.05842,1.05861,1.00,1.00
2018.04.06 02:22:58.707,1.05838,1.05859,1.19,1.00
2018.04.06 02:22:58.864,1.05842,1.05861,1.00,1.00
2018.04.06 02:22:59.262,1.05844,1.05862,1.00,1.00
2018.04.06 02:22:59.414,1.05842,1.05864,1.69,1.00
2018.04.06 02:22:59.465,1.05851,1.05865,1.00,1.00
2018.04.06 02:22:59.977,1.0585,1.05865,1.00,1.00
2018.04.06 02:23:01.518,1.05849,1.05865,1.00,1.00
2018.04.06 02:23:01.843,1.05851,1.05866,1.00,1.00
2018.04.06 02:23:02.390,1.0585,1.05866,1.00,1.00
2018.04.06 02:23:02.744,1.05849,1.05863,1.00,1.00
2018.04.06 02:23:03.022,1.05849,1.05866,1.00,1.00
2018.04.06 02:23:03.623,1.0585,1.05866,1.00,1.00
2018.04.06 02:23:05.036,1.05848,1.05866,1.00,1.00
2018.04.06 02:23:05.577,1.05847,1.05866,1.00,1.00
2018.04.06 02:23:06.596,1.05849,1.05866,1.00,1.00
2018.04.06 02:23:07.100,1.05848,1.05866,1.00,1.00
2018.04.06 02:23:07.846,1.05849,1.05866,1.00,1.00
2018.04.06 02:23:08.364,1.05848,1.05866,1.00,1.25
2018.04.06 02:23:09.136,1.05848,1.05866,1.00,1.44
2018.04.06 02:23:09.675,1.05848,1.05866,1.00,1.25
2018.04.06 02:23:10.193,1.05847,1.05866,1.00,1.00
2018.04.06 02:23:10.616,1.05845,1.05864,1.00,1.19
2018.04.06 02:23:11.270,1.05846,1.05865,1.00,1.31
2018.04.06 02:23:12.394,1.05847,1.05865,1.00,1.19
2018.04.06 02:23:12.904,1.05846,1.05865,1.00,1.19
2018.04.06 02:23:13.526,1.05847,1.05865,1.00,1.19
2018.04.06 02:23:14.040,1.05846,1.05865,1.00,1.19
2018.04.06 02:23:15.404,1.05845,1.05865,1.00,1.19
2018.04.06 02:23:15.982,1.05848,1.05865,1.00,1.19
2018.04.06 02:23:16.185,1.05848,1.05866,1.00,1.00
2018.04.06 02:23:16.695,1.05848,1.05868,1.00,1.69
2018.04.06 02:23:17.870,1.05849,1.05868,1.00,1.69
2018.04.06 02:23:18.394,1.05849,1.05868,1.00,1.69
2018.04.06 02:23:19.086,1.0585,1.05868,1.00,1.25
2018.04.06 02:23:19.636,1.05849,1.05869,1.00,1.19
2018.04.06 02:23:20.641,1.0585,1.05869,1.00,1.19
2018.04.06 02:23:21.234,1.05849,1.05869,1.00,1.19
2018.04.06 02:23:21.797,1.0585,1.05869,1.00,1.19
2018.04.06 02:23:24.524,1.05849,1.05869,1.00,1.19
2018.04.06 02:23:27.595,1.0585,1.05868,1.00,1.25
2018.04.06 02:23:28.593,1.05849,1.05868,1.00,1.25
2018.04.06 02:23:29.112,1.0585,1.05868,1.00,1.25
2018.04.06 02:23:29.646,1.05849,1.05868,1.00,1.25
2018.04.06 02:23:30.645,1.0585,1.05868,1.00,1.25
2018.04.06 02:23:31.645,1.05849,1.05868,1.00,1.25
2018.04.06 02:23:32.530,1.0585,1.05868,1.00,1.25
2018.04.06 02:23:33.568,1.05849,1.05868,1.00,1.25
2018.04.06 02:23:34.534,1.0585,1.05868,1.00,1.25
2018.04.06 02:23:36.055,1.05849,1.05868,1.00,1.25
2018.04.06 02:23:36.584,1.0585,1.05868,1.00,1.25
2018.04.06 02:23:38.646,1.05849,1.0587,1.00,1.44
2018.04.06 02:23:40.859,1.05848,1.0587,1.00,1.44
2018.04.06 02:23:43.002,1.05849,1.0587,1.00,1.44
2018.04.06 02:23:51.168,1.0585,1.0587,1.00,1.62
2018.04.06 02:23:52.164,1.05849,1.0587,1.00,1.62
2018.04.06 02:23:52.694,1.0585,1.0587,1.00,1.44
2018.04.06 02:23:53.236,1.05849,1.0587,1.00,1.44
2018.04.06 02:23:54.604,1.0585,1.0587,1.00,1.44
2018.04.06 02:23:58.092,1.0585,1.0587,1.00,1.25
2018.04.06 02:24:00.156,1.05849,1.05869,1.00,1.19
2018.04.06 02:24:00.464,1.05847,1.05868,1.00,1.69
2018.04.06 02:24:00.715,1.05847,1.05866,1.00,1.00
2018.04.06 02:24:02.606,1.05846,1.05868,1.00,2.06
2018.04.06 02:24:03.107,1.05847,1.05868,1.00,2.06
2018.04.06 02:24:04.319,1.05846,1.05868,1.00,2.06
2018.04.06 02:24:04.641,1.05844,1.05861,1.00,1.00
2018.04.06 02:24:04.743,1.05839,1.05861,1.69,1.00
2018.04.06 02:24:05.203,1.05839,1.0586,1.50,1.19
2018.04.06 02:24:05.831,1.0584,1.05859,1.00,1.25
2018.04.06 02:24:06.350,1.05841,1.05859,1.00,1.50
2018.04.06 02:24:07.123,1.05842,1.05859,1.00,1.00
2018.04.06 02:24:07.277,1.0584,1.05859,1.25,1.50
2018.04.06 02:24:07.884,1.05839,1.05859,1.00,1.50
2018.04.06 02:24:09.299,1.05838,1.05859,1.19,1.00
2018.04.06 02:24:09.606,1.05845,1.05862,1.00,1.50
2018.04.06 02:24:10.457,1.05844,1.05862,1.25,1.50
2018.04.06 02:24:11.726,1.05845,1.05862,1.00,1.00
2018.04.06 02:24:12.235,1.05845,1.05863,1.00,1.00
2018.04.06 02:24:12.778,1.05846,1.05863,1.00,1.00
2018.04.06 02:24:12.829,1.05844,1.05863,1.25,1.00
2018.04.06 02:24:13.117,1.05847,1.05864,1.00,1.50
2018.04.06 02:24:13.618,1.05846,1.05864,1.00,1.00
2018.04.06 02:24:14.657,1.05847,1.05864,1.00,1.00
2018.04.06 02:24:15.531,1.05848,1.05864,1.00,1.00
2018.04.06 02:24:15.736,1.05848,1.05867,1.00,1.00
2018.04.06 02:24:16.450,1.05847,1.05867,1.00,1.00
2018.04.06 02:24:17.647,1.05848,1.05867,1.00,1.25
2018.04.06 02:24:18.492,1.05849,1.05867,1.00,1.25
2018.04.06 02:24:20.539,1.05848,1.05867,1.00,1.00
2018.04.06 02:24:21.092,1.05847,1.05867,1.00,1.00
2018.04.06 02:24:21.635,1.05848,1.05867,1.00,1.00
2018.04.06 02:24:23.639,1.05847,1.05867,1.00,1.25
2018.04.06 02:24:24.216,1.05848,1.05867,1.00,1.25
2018.04.06 02:24:24.751,1.05847,1.05867,1.00,1.00
2018.04.06 02:24:25.356,1.05846,1.05867,1.00,1.00
2018.04.06 02:24:26.639,1.05847,1.05867,1.00,1.00
2018.04.06 02:24:27.031,1.05849,1.05867,1.00,1.12
2018.04.06 02:24:27.237,1.05847,1.05867,1.00,1.25
2018.04.06 02:24:27.390,1.05848,1.05871,1.50,2.81
2018.04.06 02:24:27.493,1.05848,1.05869,1.00,1.44
2018.04.06 02:24:27.596,1.05844,1.05868,1.50,1.75
2018.04.06 02:24:27.647,1.05846,1.05868,1.00,1.75
2018.04.06 02:24:27.699,1.05844,1.05867,2.25,1.50
2018.04.06 02:24:27.847,1.05842,1.05865,1.69,1.12
2018.04.06 02:24:28.156,1.05845,1.05865,1.00,1.31
2018.04.06 02:24:28.693,1.05844,1.05865,1.00,1.31
2018.04.06 02:24:29.569,1.05845,1.05865,1.00,1.25
2018.04.06 02:24:30.074,1.05847,1.05866,1.00,1.00
2018.04.06 02:24:30.830,1.05846,1.05868,1.00,2.44
2018.04.06 02:24:31.793,1.05847,1.05867,1.00,1.69
2018.04.06 02:24:32.244,1.05845,1.05868,1.50,2.81
2018.04.06 02:24:34.524,1.05846,1.05865,1.00,1.25
2018.04.06 02:24:35.316,1.05846,1.05866,1.00,1.87
2018.04.06 02:24:38.527,1.05846,1.05865,1.00,1.00
2018.04.06 02:24:40.624,1.05845,1.05865,1.50,1.00
2018.04.06 02:24:41.150,1.05845,1.05866,1.50,2.25
2018.04.06 02:24:41.667,1.05845,1.05865,1.00,1.00
2018.04.06 02:24:42.894,1.05845,1.05866,1.00,2.25
2018.04.06 02:24:43.503,1.05845,1.05865,1.00,1.50
2018.04.06 02:24:44.077,1.05845,1.05866,1.00,2.06
2018.04.06 02:24:46.414,1.05841,1.05866,1.19,3.00
2018.04.06 02:24:46.943,1.05841,1.05865,1.69,1.00
2018.04.06 02:24:58.310,1.05841,1.05866,2.44,2.62
2018.04.06 02:25:02.463,1.05842,1.0586,1.25,1.00
2018.04.06 02:25:03.004,1.05841,1.05866,2.44,1.87
2018.04.06 02:25:03.886,1.05841,1.05866,2.44,1.69
2018.04.06 02:25:05.470,1.05844,1.05866,1.00,1.12
2018.04.06 02:25:07.074,1.05844,1.05867,1.25,1.31
2018.04.06 02:25:07.745,1.05845,1.05867,1.00,1.00
2018.04.06 02:25:08.899,1.05846,1.05867,1.00,1.00
2018.04.06 02:25:09.053,1.05847,1.0587,1.50,1.12
2018.04.06 02:25:10.593,1.05847,1.0587,1.00,1.50
2018.04.06 02:25:11.139,1.05847,1.0587,1.00,1.50
2018.04.06 02:25:11.637,1.0585,1.05873,1.19,1.50
2018.04.06 02:25:11.689,1.05854,1.05876,1.00,1.69
2018.04.06 02:25:12.192,1.05854,1.05877,1.32,1.00
2018.04.06 02:25:13.893,1.05854,1.05877,1.26,1.25
2018.04.06 02:25:18.487,1.05856,1.05878,1.75,1.00
2018.04.06 02:25:18.590,1.05857,1.05881,1.94,1.50
2018.04.06 02:25:19.121,1.05859,1.05884,1.44,4.87
2018.04.06 02:25:19.747,1.05858,1.05884,1.69,4.12
2018.04.06 02:25:21.045,1.05857,1.05884,2.62,3.37
2018.04.06 02:25:21.096,1.05857,1.05884,3.37,3.37
2018.04.06 02:25:21.637,1.0586,1.05884,1.19,3.00
2018.04.06 02:25:22.540,1.05857,1.05884,3.37,2.25
2018.04.06 02:25:24.205,1.0586,1.05884,1.19,3.94
2018.04.06 02:25:24.256,1.05856,1.05879,1.01,1.50
2018.04.06 02:25:24.567,1.05856,1.05877,1.19,1.12
2018.04.06 02:25:25.910,1.05856,1.05879,1.75,1.25
2018.04.06 02:25:26.014,1.05857,1.05881,1.94,1.25
2018.04.06 02:25:26.431,1.05857,1.05882,1.94,1.37
2018.04.06 02:25:26.866,1.05857,1.05882,1.44,1.56
2018.04.06 02:25:26.918,1.05853,1.0588,5.44,1.69
2018.04.06 02:25:27.582,1.05853,1.05878,1.69,1.44
2018.04.06 02:25:29.192,1.05854,1.05877,1.31,1.25
2018.04.06 02:25:29.843,1.05854,1.05877,1.31,2.25
2018.04.06 02:25:30.498,1.05854,1.05877,1.31,1.25
2018.04.06 02:25:30.572,1.05854,1.05877,1.19,1.25
2018.04.06 02:25:31.110,1.05854,1.05877,1.31,1.25
2018.04.06 02:25:31.239,1.05854,1.05877,1.25,1.25
2018.04.06 02:25:31.822,1.05854,1.05877,1.25,1.87
2018.04.06 02:25:32.119,1.05854,1.05877,1.56,1.00
2018.04.06 02:25:32.812,1.05854,1.05877,1.56,1.87
2018.04.06 02:25:33.516,1.05854,1.05877,1.19,1.81
2018.04.06 02:25:33.722,1.05851,1.05874,2.06,1.00
2018.04.06 02:25:33.824,1.05851,1.05874,2.06,1.50
2018.04.06 02:25:36.343,1.05851,1.05874,1.64,1.00
2018.04.06 02:25:37.525,1.05851,1.05874,1.31,1.00
2018.04.06 02:25:38.577,1.05851,1.05874,1.31,1.37
2018.04.06 02:25:39.085,1.05851,1.05874,1.31,1.50
2018.04.06 02:25:42.379,1.05851,1.05874,1.51,1.50
2018.04.06 02:25:42.710,1.05851,1.05872,1.19,1.00
2018.04.06 02:25:42.811,1.05848,1.05871,1.82,1.00
2018.04.06 02:25:43.116,1.05847,1.05869,1.56,1.00
2018.04.06 02:25:43.268,1.05845,1.05869,1.01,1.50
2018.04.06 02:25:43.890,1.05844,1.05868,2.32,1.00
2018.04.06 02:25:44.450,1.05844,1.05866,1.56,1.00
2018.04.06 02:25:44.501,1.05844,1.05866,1.19,1.00
2018.04.06 02:25:45.126,1.05844,1.05867,1.19,1.00
2018.04.06 02:25:45.178,1.05848,1.05871,1.00,1.50
2018.04.06 02:25:45.688,1.05849,1.05871,1.10,1.00
2018.04.06 02:25:46.204,1.0585,1.05872,1.00,1.00
2018.04.06 02:25:47.241,1.0585,1.05872,1.10,1.19
2018.04.06 02:25:47.343,1.05848,1.0587,1.00,1.25
2018.04.06 02:25:47.394,1.05848,1.0587,1.10,1.31
2018.04.06 02:25:47.445,1.05848,1.0587,1.19,1.12
2018.04.06 02:25:47.496,1.05844,1.05867,2.32,1.50
2018.04.06 02:25:47.598,1.05844,1.05867,1.19,1.50
2018.04.06 02:25:47.700,1.05844,1.05866,1.00,1.19
2018.04.06 02:25:48.215,1.05844,1.05866,1.19,1.00
2018.04.06 02:25:48.767,1.05846,1.05866,1.19,1.00
2018.04.06 02:25:48.973,1.05846,1.0587,1.44,2.25
2018.04.06 02:25:49.274,1.05849,1.05871,1.19,1.00
2018.04.06 02:25:49.377,1.05852,1.05875,1.00,2.25
2018.04.06 02:25:49.429,1.05852,1.05875,1.19,2.25
2018.04.06 02:25:49.965,1.05852,1.05875,3.45,1.50
2018.04.06 02:25:51.158,1.05852,1.05875,1.57,1.50
2018.04.06 02:25:51.261,1.05852,1.05875,1.29,1.50
2018.04.06 02:25:54.419,1.05852,1.05875,1.19,1.50
2018.04.06 02:25:56.919,1.05856,1.05879,1.50,2.81
2018.04.06 02:25:57.233,1.05853,1.05874,1.29,1.00
2018.04.06 02:25:57.768,1.05851,1.05875,1.82,1.50
2018.04.06 02:25:58.306,1.05851,1.05874,1.82,1.00
2018.04.06 02:25:59.344,1.05851,1.05875,1.82,1.50
2018.04.06 02:25:59.999,1.05851,1.05874,1.82,1.00
2018.04.06 02:26:00.659,1.05851,1.05875,1.82,1.50
2018.04.06 02:26:01.317,1.05851,1.05874,1.82,1.00
2018.04.06 02:26:02.617,1.05851,1.05873,1.82,1.00
2018.04.06 02:26:03.169,1.05852,1.05875,1.82,1.50
2018.04.06 02:26:03.221,1.05851,1.05876,1.26,1.00
2018.04.06 02:26:03.376,1.05851,1.05876,1.76,1.12
2018.04.06 02:26:04.668,1.05849,1.05872,2.70,1.50
2018.04.06 02:26:04.981,1.05852,1.05875,1.19,1.25
2018.04.06 02:26:05.391,1.05852,1.05875,1.25,1.00
2018.04.06 02:26:05.443,1.05852,1.05875,1.00,1.31
2018.04.06 02:26:05.670,1.05849,1.05871,1.19,1.00
2018.04.06 02:26:05.722,1.05849,1.05873,1.26,1.00
2018.04.06 02:26:05.773,1.05849,1.05873,1.26,1.00
2018.04.06 02:26:05.980,1.05852,1.05875,1.25,1.00
2018.04.06 02:26:07.606,1.05848,1.05873,1.95,1.50
2018.04.06 02:26:07.916,1.05851,1.05873,1.87,1.00
2018.04.06 02:26:08.462,1.0585,1.0587,1.44,1.87
2018.04.06 02:26:08.568,1.05847,1.0587,1.51,1.87
2018.04.06 02:26:09.240,1.05847,1.0587,1.76,1.12
2018.04.06 02:26:09.600,1.05849,1.0587,1.19,1.00
2018.04.06 02:26:10.243,1.05849,1.05871,2.32,1.00
2018.04.06 02:26:10.782,1.05855,1.05871,1.25,1.00
2018.04.06 02:26:11.089,1.05854,1.05873,1.44,1.00
2018.04.06 02:26:11.994,1.05852,1.05875,1.69,1.00
2018.04.06 02:26:12.512,1.05854,1.05875,1.19,1.50
2018.04.06 02:26:12.933,1.05854,1.05873,1.19,1.00
2018.04.06 02:26:13.443,1.0585,1.05872,2.19,1.00
2018.04.06 02:26:38.366,1.0585,1.05872,1.69,1.00
2018.04.06 02:26:38.483,1.05849,1.05869,3.94,1.00
2018.04.06 02:26:38.535,1.05849,1.05869,1.19,1.00
2018.04.06 02:26:38.638,1.05846,1.05868,1.69,1.00
2018.04.06 02:26:38.690,1.05846,1.05869,1.25,1.00
2018.04.06 02:26:38.795,1.05844,1.05868,1.87,1.37
2018.04.06 02:26:39.114,1.05848,1.0587,1.19,1.00
2018.04.06 02:26:39.422,1.05849,1.0587,1.19,1.00
2018.04.06 02:26:41.662,1.0585,1.05873,1.87,1.00
2018.04.06 02:26:42.189,1.05851,1.05873,1.69,1.00
2018.04.06 02:26:56.215,1.05852,1.05875,1.00,1.00
2018.04.06 02:26:56.547,1.05852,1.05877,1.00,1.25
2018.04.06 02:26:57.914,1.05852,1.05876,1.00,1.00
2018.04.06 02:26:57.966,1.05851,1.05873,1.00,1.25
2018.04.06 02:26:58.274,1.05855,1.05878,1.19,1.00
2018.04.06 02:26:59.221,1.05855,1.05878,1.19,1.25
2018.04.06 02:27:00.860,1.05855,1.05878,1.19,1.00
2018.04.06 02:27:02.498,1.05855,1.05879,1.19,1.25
2018.04.06 02:27:03.154,1.05855,1.05879,1.19,1.44
2018.04.06 02:27:06.078,1.05856,1.0588,2.25,1.69
2018.04.06 02:27:06.233,1.05859,1.05882,1.69,1.50
2018.04.06 02:27:06.580,1.05859,1.05882,1.69,1.87
2018.04.06 02:27:06.631,1.05859,1.05882,1.44,2.62
2018.04.06 02:27:06.785,1.05855,1.05879,1.19,1.00
2018.04.06 02:27:07.686,1.05855,1.05879,1.19,2.44
2018.04.06 02:27:07.737,1.05855,1.05876,1.19,1.50
2018.04.06 02:27:07.838,1.05853,1.05876,1.00,1.00
2018.04.06 02:27:08.566,1.05853,1.05877,1.00,2.25
2018.04.06 02:27:11.344,1.05853,1.05873,1.00,1.00
2018.04.06 02:27:11.923,1.05853,1.05877,1.00,1.00
2018.04.06 02:27:12.524,1.05852,1.05877,1.50,1.50
2018.04.06 02:27:13.237,1.05852,1.05877,1.69,2.06
2018.04.06 02:27:14.043,1.05856,1.05877,1.00,2.06
2018.04.06 02:27:14.615,1.05852,1.05877,1.69,2.06
2018.04.06 02:27:15.313,1.05853,1.05877,1.00,2.06
2018.04.06 02:27:15.853,1.05852,1.05877,1.69,2.06
2018.04.06 02:27:21.701,1.0585,1.05877,2.44,3.00
2018.04.06 02:27:23.378,1.0585,1.05877,1.50,3.37
2018.04.06 02:27:26.754,1.05847,1.0587,1.00,1.50
2018.04.06 02:27:27.318,1.05847,1.05869,1.00,1.31
2018.04.06 02:27:27.873,1.05847,1.05868,1.00,1.00
2018.04.06 02:27:27.925,1.05844,1.05867,1.25,1.00
2018.04.06 02:27:28.641,1.05844,1.05867,1.19,2.25
2018.04.06 02:27:29.170,1.05845,1.05868,1.19,1.00
2018.04.06 02:27:29.707,1.05845,1.05867,1.19,1.00
2018.04.06 02:27:30.055,1.05845,1.05867,1.19,1.00
2018.04.06 02:27:30.107,1.05845,1.05867,1.19,1.00
2018.04.06 02:27:30.689,1.05843,1.05865,1.25,1.00
2018.04.06 02:27:31.234,1.05841,1.05864,1.87,1.00
2018.04.06 02:27:31.806,1.05841,1.05864,2.25,1.00
2018.04.06 02:27:34.771,1.05841,1.05864,1.44,1.00
2018.04.06 02:27:40.213,1.05841,1.05864,2.00,1.00
2018.04.06 02:27:40.551,1.05845,1.05867,1.19,1.00
2018.04.06 02:27:41.528,1.05844,1.05867,1.69,1.00
2018.04.06 02:27:48.638,1.05846,1.05868,1.44,1.00
2018.04.06 02:27:50.041,1.05846,1.05868,1.69,1.00
2018.04.06 02:27:50.566,1.05846,1.05869,1.69,1.87
2018.04.06 02:27:55.758,1.05846,1.05869,1.44,1.50
2018.04.06 02:27:55.912,1.05846,1.05867,1.19,1.00
2018.04.06 02:27:55.965,1.05846,1.05869,1.00,2.06
2018.04.06 02:27:56.069,1.05848,1.05871,1.19,1.69
2018.04.06 02:27:56.397,1.05852,1.05877,1.69,1.25
2018.04.06 02:27:57.561,1.05852,1.05877,2.25,1.25
2018.04.06 02:27:58.140,1.05853,1.05877,1.69,1.19
2018.04.06 02:27:58.680,1.05853,1.05877,1.69,1.12
2018.04.06 02:27:59.554,1.05853,1.05877,1.69,1.19
2018.04.06 02:28:01.097,1.05853,1.05877,1.19,1.25
2018.04.06 02:28:04.951,1.05852,1.05877,1.87,1.25
2018.04.06 02:28:05.423,1.05853,1.05877,2.00,1.25
2018.04.06 02:28:06.674,1.05856,1.0588,1.19,3.75
2018.04.06 02:28:07.284,1.05856,1.0588,1.19,3.56
2018.04.06 02:28:09.800,1.05856,1.0588,1.19,2.81
2018.04.06 02:28:12.090,1.05856,1.0588,1.19,1.87
2018.04.06 02:28:14.054,1.05853,1.0587,1.75,1.00
2018.04.06 02:28:14.875,1.05853,1.05871,1.75,1.00
2018.04.06 02:28:15.653,1.05853,1.0587,1.75,1.00
2018.04.06 02:28:16.525,1.05851,1.0587,1.19,1.00
2018.04.06 02:28:17.080,1.05848,1.05871,1.12,1.50
2018.04.06 02:28:17.594,1.05848,1.0587,1.12,1.00
2018.04.06 02:28:19.586,1.05851,1.0587,1.19,1.50
2018.04.06 02:28:20.171,1.0585,1.0587,1.00,1.50
2018.04.06 02:28:20.276,1.05847,1.0587,1.69,1.50
2018.04.06 02:28:21.316,1.05847,1.0587,1.31,1.00
2018.04.06 02:28:22.177,1.05847,1.0587,1.50,2.25
2018.04.06 02:28:22.714,1.05847,1.05869,1.00,1.00
2018.04.06 02:28:24.753,1.05851,1.05869,1.00,1.00
2018.04.06 02:28:25.216,1.05847,1.05869,1.00,1.00
2018.04.06 02:28:25.989,1.05847,1.0587,1.00,1.50
2018.04.06 02:28:28.616,1.05847,1.05871,1.00,3.00
2018.04.06 02:28:28.994,1.05847,1.05869,1.00,1.00
2018.04.06 02:28:30.653,1.05851,1.05869,1.00,1.00
2018.04.06 02:28:31.194,1.05847,1.05869,1.00,1.00
2018.04.06 02:28:39.828,1.05847,1.05868,1.00,1.00
2018.04.06 02:28:40.779,1.05847,1.05869,1.00,1.00
2018.04.06 02:28:42.738,1.05847,1.0587,1.25,3.00
2018.04.06 02:28:48.390,1.05847,1.05868,1.00,1.00
2018.04.06 02:28:49.750,1.05847,1.05869,2.62,1.00
2018.04.06 02:28:50.058,1.0585,1.0587,1.19,1.50
2018.04.06 02:28:50.403,1.05852,1.0587,1.44,1.00
2018.04.06 02:28:50.748,1.05855,1.05871,1.19,1.00
2018.04.06 02:28:51.388,1.05855,1.0587,1.44,1.00
2018.04.06 02:28:51.900,1.05855,1.0587,1.44,1.00
2018.04.06 02:28:52.639,1.05855,1.05871,1.44,1.00
2018.04.06 02:28:53.149,1.05855,1.0587,1.37,1.00
2018.04.06 02:28:56.643,1.05855,1.0587,1.19,1.00
2018.04.06 02:28:56.857,1.05851,1.05871,1.00,1.50
2018.04.06 02:28:57.374,1.0585,1.0587,1.25,2.25
2018.04.06 02:29:08.118,1.0585,1.05871,1.19,1.50
2018.04.06 02:29:08.562,1.05852,1.0587,1.50,1.00
2018.04.06 02:29:08.870,1.05852,1.0587,2.00,1.00
2018.04.06 02:29:09.392,1.05852,1.05871,2.44,1.00
2018.04.06 02:29:09.910,1.05852,1.0587,3.75,1.00
2018.04.06 02:29:11.366,1.05855,1.05871,1.19,1.00
2018.04.06 02:29:11.715,1.05857,1.05876,1.50,1.37
2018.04.06 02:29:11.768,1.05857,1.05878,2.25,1.00
2018.04.06 02:29:12.299,1.05857,1.05879,1.50,1.50
2018.04.06 02:29:14.060,1.05857,1.05879,1.37,1.00
2018.04.06 02:29:15.177,1.05857,1.05879,1.69,1.00
2018.04.06 02:29:17.134,1.05857,1.05879,1.62,1.00
2018.04.06 02:29:24.167,1.05857,1.0588,1.37,4.69
2018.04.06 02:29:24.880,1.05857,1.0588,1.37,4.87
2018.04.06 02:29:26.650,1.05857,1.0588,1.37,2.44
2018.04.06 02:29:27.466,1.05857,1.05878,1.37,1.00
2018.04.06 02:29:28.563,1.05857,1.05879,1.37,1.25
2018.04.06 02:29:29.091,1.05857,1.05878,1.37,1.00
2018.04.06 02:29:29.655,1.05857,1.05878,1.69,1.00
2018.04.06 02:29:30.164,1.05857,1.05877,1.50,1.00
2018.04.06 02:29:30.495,1.05857,1.05874,1.50,1.00
2018.04.06 02:29:30.924,1.05857,1.05877,1.50,1.00
2018.04.06 02:29:30.975,1.05854,1.05874,2.62,1.00
2018.04.06 02:29:31.028,1.05851,1.05874,3.19,2.25
2018.04.06 02:29:31.080,1.05851,1.05868,1.19,1.00
2018.04.06 02:29:31.132,1.05846,1.05866,1.87,1.87
2018.04.06 02:29:31.184,1.05846,1.05867,2.00,1.69
2018.04.06 02:29:31.339,1.05843,1.05865,1.19,1.50
2018.04.06 02:29:31.878,1.05847,1.0587,1.00,1.19
2018.04.06 02:29:31.980,1.05848,1.05871,1.19,1.00
2018.04.06 02:29:32.491,1.05848,1.05871,1.69,1.50
2018.04.06 02:29:33.716,1.05849,1.05869,1.19,1.00
2018.04.06 02:29:34.243,1.05849,1.05868,1.19,1.00
2018.04.06 02:29:34.853,1.05849,1.05868,1.25,1.00
2018.04.06 02:29:35.726,1.05849,1.05869,1.25,1.50
2018.04.06 02:29:36.208,1.05847,1.05868,1.25,1.12
2018.04.06 02:29:36.260,1.05847,1.05866,1.00,1.00
2018.04.06 02:29:36.861,1.05846,1.05865,1.25,1.00
2018.04.06 02:29:37.188,1.05849,1.05872,1.25,1.00
2018.04.06 02:29:38.019,1.05849,1.0587,1.25,1.00
2018.04.06 02:29:38.321,1.05845,1.05866,1.69,1.50
2018.04.06 02:29:38.847,1.05844,1.05865,1.69,2.44
2018.04.06 02:29:41.061,1.05844,1.05865,1.69,2.44
2018.04.06 02:29:41.681,1.05844,1.05864,1.87,1.00
2018.04.06 02:29:49.349,1.05844,1.05864,1.50,1.00
2018.04.06 02:29:49.900,1.05844,1.05865,1.50,1.50
2018.04.06 02:29:51.437,1.05845,1.05865,1.00,1.50
2018.04.06 02:29:52.047,1.05845,1.05864,1.00,1.00
2018.04.06 02:29:55.203,1.05845,1.05865,1.25,1.00
2018.04.06 02:29:58.881,1.05847,1.05868,1.00,2.25
2018.04.06 02:29:59.137,1.05851,1.05873,1.19,2.25
2018.04.06 02:29:59.715,1.05851,1.05872,1.87,1.00
2018.04.06 02:30:00.403,1.05851,1.05873,1.19,2.25
2018.04.06 02:30:00.961,1.05851,1.05872,1.19,1.00
2018.04.06 02:30:01.514,1.05851,1.05873,1.44,2.25
2018.04.06 02:30:02.176,1.05851,1.05873,1.19,2.44
2018.04.06 02:30:04.157,1.05851,1.05873,1.44,1.00
2018.04.06 02:30:04.667,1.05851,1.05873,1.44,1.69
2018.04.06 02:30:04.829,1.05851,1.05873,1.44,1.50
2018.04.06 02:30:05.367,1.05851,1.05872,1.19,1.00
2018.04.06 02:30:05.680,1.05851,1.0587,1.19,1.00
2018.04.06 02:30:06.193,1.05851,1.05872,1.19,1.00
2018.04.06 02:30:06.656,1.05851,1.05869,1.19,1.00
2018.04.06 02:30:06.758,1.05847,1.05865,1.25,1.50
2018.04.06 02:30:07.411,1.0585,1.05867,1.00,1.00
2018.04.06 02:30:07.462,1.05845,1.05867,1.69,1.00
2018.04.06 02:30:07.514,1.05845,1.05865,1.00,1.50
2018.04.06 02:30:07.718,1.05842,1.05864,1.25,1.00
2018.04.06 02:30:07.888,1.05842,1.05862,1.00,1.00
2018.04.06 02:30:08.349,1.05841,1.05859,1.00,1.00
2018.04.06 02:30:08.553,1.05839,1.05859,1.00,1.00
2018.04.06 02:30:09.365,1.05839,1.0586,1.00,1.00
2018.04.06 02:30:09.999,1.05839,1.05859,1.00,1.00
2018.04.06 02:30:10.545,1.05839,1.0586,1.00,1.00
2018.04.06 02:30:11.063,1.05839,1.05859,1.00,1.00
2018.04.06 02:30:17.668,1.05839,1.0586,1.00,1.00
2018.04.06 02:30:18.744,1.05838,1.0586,1.00,1.00
2018.04.06 02:30:19.437,1.05838,1.05859,1.00,1.12
2018.04.06 02:30:19.488,1.05835,1.05858,1.00,3.37
2018.04.06 02:30:19.540,1.05833,1.05857,1.00,1.56
2018.04.06 02:30:31.960,1.05833,1.05856,1.00,2.44
2018.04.06 02:30:36.556,1.05832,1.05856,1.00,3.19
2018.04.06 02:30:36.607,1.05832,1.05856,1.00,3.19
2018.04.06 02:30:36.918,1.05831,1.05853,1.00,1.31
2018.04.06 02:30:36.970,1.05829,1.05853,1.50,2.44
2018.04.06 02:30:37.488,1.0583,1.05852,1.00,1.19
2018.04.06 02:30:38.015,1.05829,1.0585,1.00,1.69
2018.04.06 02:30:39.314,1.05829,1.0585,1.00,1.69
2018.04.06 02:30:40.307,1.05829,1.05849,1.00,1.00
2018.04.06 02:30:41.094,1.05829,1.0585,1.00,1.69
2018.04.06 02:30:43.102,1.0583,1.0585,1.00,1.69
2018.04.06 02:30:43.675,1.05829,1.05849,1.00,1.00
2018.04.06 02:30:44.734,1.05829,1.0585,1.00,1.25
2018.04.06 02:30:45.550,1.05829,1.05849,1.00,1.00
2018.04.06 02:30:48.288,1.05827,1.05849,1.50,1.00
2018.04.06 02:30:49.263,1.05828,1.05849,1.00,1.00
2018.04.06 02:30:50.065,1.05828,1.0585,1.00,1.00
2018.04.06 02:30:51.085,1.05828,1.05849,1.00,1.00
2018.04.06 02:30:51.595,1.05829,1.05853,1.00,1.31
2018.04.06 02:30:52.059,1.05831,1.05855,1.00,3.94
2018.04.06 02:30:53.102,1.05831,1.05855,1.00,2.62
2018.04.06 02:30:53.328,1.05832,1.05855,1.00,1.69
2018.04.06 02:30:53.379,1.05833,1.05856,1.00,1.31
2018.04.06 02:30:53.499,1.05836,1.05858,1.00,1.00
2018.04.06 02:30:54.033,1.05835,1.05857,1.00,1.25
2018.04.06 02:30:55.285,1.05833,1.05857,3.00,1.69
2018.04.06 02:30:56.495,1.05834,1.05857,1.00,1.69
2018.04.06 02:30:56.546,1.05836,1.05858,1.50,1.00
2018.04.06 02:30:56.702,1.05839,1.05862,2.25,1.00
2018.04.06 02:30:57.162,1.05843,1.05862,1.00,1.50
2018.04.06 02:30:57.265,1.05843,1.05865,1.00,2.62
2018.04.06 02:30:57.795,1.05843,1.05865,1.00,1.50
2018.04.06 02:30:58.362,1.05842,1.05865,3.00,1.00
2018.04.06 02:30:58.566,1.05842,1.05867,1.69,1.00
2018.04.06 02:30:59.239,1.05842,1.05867,2.25,1.44
2018.04.06 02:31:00.099,1.05843,1.05867,1.00,1.25
2018.04.06 02:31:00.150,1.05847,1.05868,1.00,1.25
2018.04.06 02:31:00.305,1.05849,1.05873,1.50,1.87
2018.04.06 02:31:00.356,1.05851,1.05875,1.50,1.44
2018.04.06 02:31:01.113,1.05849,1.05874,1.00,1.69
2018.04.06 02:31:01.632,1.0585,1.05873,2.25,1.12
2018.04.06 02:31:01.734,1.05853,1.05876,1.00,1.87
2018.04.06 02:31:02.787,1.05852,1.05876,1.50,1.56
2018.04.06 02:31:03.666,1.05853,1.05876,1.00,1.62
2018.04.06 02:31:03.848,1.05851,1.05874,1.00,1.19
2018.04.06 02:31:04.380,1.0585,1.05875,1.69,1.62
2018.04.06 02:31:05.196,1.0585,1.05875,1.44,2.44
2018.04.06 02:31:05.707,1.05852,1.05875,2.25,1.62
2018.04.06 02:31:08.266,1.05852,1.05874,1.00,1.00
2018.04.06 02:31:10.109,1.05852,1.05875,1.19,1.87
2018.04.06 02:31:10.552,1.05852,1.05876,2.62,1.00
2018.04.06 02:31:11.126,1.05852,1.05875,2.62,1.50
2018.04.06 02:31:15.418,1.05852,1.05875,1.12,1.25
2018.04.06 02:31:16.442,1.05852,1.05875,1.37,1.25
2018.04.06 02:31:20.705,1.05852,1.05875,1.50,1.00
2018.04.06 02:31:22.601,1.05853,1.05875,1.00,1.00
2018.04.06 02:31:23.193,1.05852,1.05875,1.50,1.00
2018.04.06 02:31:23.988,1.05853,1.05875,1.00,1.25
2018.04.06 02:31:24.514,1.05853,1.05875,1.00,1.37
2018.04.06 02:31:25.531,1.05852,1.05876,2.62,1.44
2018.04.06 02:31:25.787,1.05855,1.05877,1.00,2.62
2018.04.06 02:31:25.839,1.05856,1.05877,1.00,2.81
2018.04.06 02:31:25.941,1.05854,1.05876,1.87,1.25
2018.04.06 02:31:26.746,1.05852,1.05877,2.62,2.25
2018.04.06 02:31:26.798,1.05853,1.05877,1.00,2.06
2018.04.06 02:31:26.900,1.05853,1.05877,1.50,1.31
2018.04.06 02:31:27.053,1.05853,1.05877,1.31,2.62
2018.04.06 02:31:27.624,1.05853,1.05876,2.25,1.44
2018.04.06 02:31:28.164,1.05854,1.05877,1.00,2.62
2018.04.06 02:31:28.688,1.05853,1.05877,1.50,2.62
2018.04.06 02:31:29.222,1.05853,1.05877,2.06,2.06
2018.04.06 02:31:30.038,1.05853,1.05877,2.06,2.62
2018.04.06 02:31:30.344,1.05856,1.05878,1.50,1.25
2018.04.06 02:31:30.867,1.05856,1.05879,2.44,1.00
2018.04.06 02:31:31.176,1.05857,1.05877,1.00,1.00
2018.04.06 02:31:31.329,1.05854,1.05877,2.06,2.25
2018.04.06 02:31:32.490,1.05855,1.05877,1.00,1.69
2018.04.06 02:31:33.189,1.05854,1.05877,2.06,1.00
2018.04.06 02:31:33.851,1.05855,1.05877,1.00,1.12
2018.04.06 02:31:41.429,1.05854,1.05877,1.12,1.00
2018.04.06 02:31:41.582,1.05856,1.05877,1.00,1.00
2018.04.06 02:31:42.137,1.05859,1.05877,1.00,1.00
2018.04.06 02:31:44.329,1.05858,1.05877,1.00,1.00
2018.04.06 02:31:44.535,1.05855,1.05877,1.69,1.00
2018.04.06 02:31:45.085,1.05856,1.05876,1.00,1.00
2018.04.06 02:31:45.770,1.05855,1.05876,1.69,1.25
2018.04.06 02:31:48.795,1.05855,1.05878,1.25,1.31
2018.04.06 02:31:49.234,1.05857,1.05877,1.00,1.25
2018.04.06 02:31:49.671,1.05859,1.05877,1.00,1.25
2018.04.06 02:31:50.877,1.05858,1.05877,1.00,1.25
2018.04.06 02:31:51.642,1.05859,1.05877,1.00,1.00
2018.04.06 02:31:59.454,1.05859,1.05877,1.00,1.19
2018.04.06 02:31:59.934,1.05859,1.05878,1.00,1.12
2018.04.06 02:32:00.438,1.05858,1.05878,1.00,1.12
2018.04.06 02:32:01.189,1.05858,1.05874,1.00,1.00
2018.04.06 02:32:01.684,1.05858,1.05878,1.00,1.12
2018.04.06 02:32:02.328,1.05856,1.05878,1.00,1.31
2018.04.06 02:32:02.431,1.05854,1.05875,1.00,1.00
2018.04.06 02:32:10.982,1.05852,1.05874,1.00,1.00
2018.04.06 02:32:24.798,1.05852,1.05874,1.87,1.00
2018.04.06 02:32:25.321,1.05852,1.05874,1.12,1.00
2018.04.06 02:32:25.841,1.05852,1.05874,1.19,1.00
2018.04.06 02:32:26.828,1.05852,1.05874,2.06,1.00
2018.04.06 02:32:27.384,1.05852,1.05874,2.06,1.00
2018.04.06 02:32:27.928,1.05852,1.05874,2.06,1.00
2018.04.06 02:32:28.506,1.05852,1.05874,2.06,1.00
2018.04.06 02:32:29.774,1.05853,1.05874,1.19,1.00
2018.04.06 02:32:30.321,1.05853,1.05874,1.19,1.00
2018.04.06 02:32:31.529,1.05854,1.05874,1.25,1.00
2018.04.06 02:32:32.515,1.05854,1.05874,1.19,1.00
2018.04.06 02:32:33.025,1.05854,1.05874,1.69,1.00
2018.04.06 02:32:33.596,1.05859,1.05876,1.00,1.00
2018.04.06 02:32:33.751,1.0586,1.05878,1.00,1.25
2018.04.06 02:32:33.803,1.05857,1.05877,1.00,1.00
2018.04.06 02:32:34.445,1.05856,1.05877,1.12,1.69
2018.04.06 02:32:35.647,1.05856,1.05877,1.31,1.69
2018.04.06 02:32:36.655,1.05856,1.05877,1.12,1.50
2018.04.06 02:32:38.645,1.05856,1.05877,1.25,1.69
2018.04.06 02:32:45.816,1.05855,1.05877,1.50,2.06
2018.04.06 02:32:45.918,1.05855,1.05877,1.00,2.06
2018.04.06 02:32:46.662,1.05854,1.05876,1.00,1.44
2018.04.06 02:32:47.410,1.05854,1.05876,1.00,1.44
2018.04.06 02:32:49.130,1.05853,1.05875,1.12,1.44
2018.04.06 02:32:49.707,1.05852,1.05874,1.50,1.19
2018.04.06 02:32:50.958,1.0585,1.05874,1.50,2.06
2018.04.06 02:32:51.618,1.05849,1.05872,1.00,1.50
2018.04.06 02:32:52.678,1.05849,1.05872,1.19,1.44
2018.04.06 02:32:53.241,1.05849,1.05872,2.44,1.87
2018.04.06 02:32:54.198,1.05849,1.05871,1.69,1.25
2018.04.06 02:32:54.689,1.05847,1.05868,1.00,1.00
2018.04.06 02:32:54.998,1.05846,1.05866,1.25,1.00
2018.04.06 02:32:55.528,1.05847,1.05866,1.00,1.50
2018.04.06 02:32:56.801,1.05846,1.05866,1.25,1.50
2018.04.06 02:32:57.330,1.05847,1.05866,1.00,1.00
2018.04.06 02:32:57.463,1.05847,1.05869,1.00,1.50
2018.04.06 02:32:58.219,1.05846,1.05868,1.25,1.00
2018.04.06 02:32:58.469,1.05848,1.05868,1.00,1.00
2018.04.06 02:32:59.043,1.05849,1.05868,1.00,1.00
2018.04.06 02:33:02.643,1.05849,1.05866,1.00,1.00
2018.04.06 02:33:03.185,1.05849,1.05868,1.00,1.00
2018.04.06 02:33:06.328,1.05846,1.05868,1.25,1.00
2018.04.06 02:33:08.648,1.05844,1.05866,1.00,2.06
2018.04.06 02:33:08.751,1.05839,1.05862,1.50,1.25
2018.04.06 02:33:09.007,1.05838,1.0586,1.25,1.00
2018.04.06 02:33:12.640,1.05838,1.05859,1.00,1.50
2018.04.06 02:33:12.998,1.05838,1.05861,1.00,1.25
2018.04.06 02:33:14.097,1.05838,1.05861,1.50,1.19
2018.04.06 02:33:16.606,1.05837,1.05861,2.25,1.19
2018.04.06 02:33:17.495,1.05839,1.05861,1.00,1.19
2018.04.06 02:33:17.889,1.05838,1.0586,1.00,1.19
2018.04.06 02:33:20.841,1.05837,1.05859,1.50,1.19
2018.04.06 02:33:22.045,1.05837,1.0586,1.50,1.25
2018.04.06 02:33:22.688,1.05838,1.0586,1.00,1.25
2018.04.06 02:33:24.637,1.05837,1.0586,1.50,1.25
2018.04.06 02:33:24.993,1.05839,1.0586,1.00,1.25
2018.04.06 02:33:25.533,1.05837,1.0586,1.50,1.25
2018.04.06 02:33:26.116,1.05837,1.0586,1.50,2.44
2018.04.06 02:33:34.896,1.05837,1.0586,2.25,3.19
2018.04.06 02:33:34.948,1.0584,1.0586,1.69,1.50
2018.04.06 02:33:35.000,1.05842,1.05864,1.00,1.62
2018.04.06 02:33:35.514,1.05843,1.05864,1.50,1.62
2018.04.06 02:33:39.311,1.05842,1.05864,1.00,1.19
2018.04.06 02:33:39.606,1.05843,1.05866,1.00,2.25
2018.04.06 02:33:40.214,1.05842,1.05865,1.00,1.50
2018.04.06 02:33:41.121,1.05842,1.05863,1.25,1.50
2018.04.06 02:33:41.632,1.05842,1.05862,1.25,1.00
2018.04.06 02:33:41.906,1.05842,1.05865,1.25,1.50
2018.04.06 02:33:43.635,1.05843,1.05865,1.00,1.00
2018.04.06 02:33:44.980,1.05843,1.05866,1.00,3.00
2018.04.06 02:33:45.694,1.05842,1.05865,1.25,1.00
2018.04.06 02:33:46.984,1.05842,1.05865,1.00,1.19
2018.04.06 02:33:47.540,1.05841,1.05865,1.00,1.19
2018.04.06 02:33:49.678,1.05842,1.05865,1.00,2.62
2018.04.06 02:33:53.601,1.05842,1.05865,1.00,2.44
2018.04.06 02:33:55.279,1.05843,1.05868,1.00,1.50
2018.04.06 02:33:55.372,1.05843,1.05867,1.00,2.06
2018.04.06 02:33:55.475,1.05844,1.05865,1.19,1.00
2018.04.06 02:33:55.527,1.05845,1.05868,1.19,1.00
2018.04.06 02:33:56.695,1.05846,1.05868,1.19,1.00
2018.04.06 02:33:57.732,1.05845,1.05868,1.69,1.00
2018.04.06 02:33:59.684,1.05847,1.05868,1.00,1.00
2018.04.06 02:34:07.655,1.05846,1.05866,1.00,1.00
2018.04.06 02:34:08.247,1.05846,1.05867,1.50,1.00
2018.04.06 02:34:09.892,1.05846,1.05866,1.50,1.00
2018.04.06 02:34:10.434,1.05846,1.05867,1.50,1.00
2018.04.06 02:34:11.224,1.05846,1.05866,1.50,1.00
2018.04.06 02:34:11.832,1.05846,1.05867,1.50,1.50
2018.04.06 02:34:12.644,1.05846,1.05869,1.50,1.12
2018.04.06 02:34:14.618,1.05846,1.05868,1.50,1.00
2018.04.06 02:34:17.613,1.05847,1.05868,1.00,1.00
2018.04.06 02:34:18.133,1.05848,1.05869,1.00,1.00
2018.04.06 02:34:18.235,1.05848,1.05871,1.50,1.00
2018.04.06 02:34:19.101,1.05848,1.05871,1.69,1.00
2018.04.06 02:34:21.669,1.0585,1.05871,1.00,1.00
2018.04.06 02:34:21.927,1.05848,1.05868,1.00,1.00
2018.04.06 02:34:22.030,1.05845,1.05868,1.50,2.25
2018.04.06 02:34:22.140,1.05845,1.05864,1.50,1.00
2018.04.06 02:34:22.243,1.05842,1.05865,1.50,2.44
2018.04.06 02:34:22.294,1.05842,1.05861,1.50,1.00
2018.04.06 02:34:22.933,1.05842,1.05862,1.50,2.25
2018.04.06 02:34:23.716,1.05842,1.05861,1.50,1.00
2018.04.06 02:34:25.030,1.05841,1.05861,1.00,1.00
2018.04.06 02:34:25.081,1.05839,1.05861,1.00,1.00
2018.04.06 02:34:26.714,1.05839,1.05862,1.00,1.69
2018.04.06 02:34:26.817,1.0584,1.05861,1.00,1.19
2018.04.06 02:34:26.920,1.05837,1.05861,1.00,1.87
2018.04.06 02:34:29.210,1.05837,1.05858,1.00,1.00
2018.04.06 02:34:32.787,1.05836,1.05858,1.50,1.00
2018.04.06 02:34:40.784,1.05836,1.05857,1.00,1.00
2018.04.06 02:34:40.938,1.05834,1.05857,1.50,1.19
2018.04.06 02:34:41.559,1.05834,1.05855,1.69,1.00
2018.04.06 02:34:42.151,1.05834,1.05856,1.69,1.25
2018.04.06 02:34:44.452,1.05834,1.05855,1.00,1.00
2018.04.06 02:34:45.767,1.05834,1.05854,1.00,1.00
2018.04.06 02:34:47.239,1.05831,1.05853,1.00,1.69
2018.04.06 02:34:47.293,1.05831,1.05849,1.00,1.00
2018.04.06 02:34:47.345,1.05831,1.05852,1.19,1.25
2018.04.06 02:34:47.872,1.05831,1.05853,1.37,1.50
2018.04.06 02:34:48.446,1.05831,1.05852,1.37,1.00
2018.04.06 02:34:48.498,1.05832,1.05855,1.19,2.62
2018.04.06 02:34:48.858,1.05831,1.05856,1.12,1.69
2018.04.06 02:34:49.531,1.05831,1.05856,1.44,1.69
2018.04.06 02:34:50.546,1.05831,1.05856,1.87,2.44
2018.04.06 02:34:51.085,1.05831,1.05856,2.62,2.62
2018.04.06 02:34:51.749,1.05831,1.05856,2.44,2.62
2018.04.06 02:34:52.365,1.05831,1.05856,2.62,2.62
2018.04.06 02:34:52.470,1.05832,1.05856,1.00,1.69
2018.04.06 02:34:55.001,1.05831,1.05854,1.69,1.19
2018.04.06 02:34:56.047,1.05832,1.05855,1.25,1.69
2018.04.06 02:34:59.116,1.05831,1.05854,1.50,1.19
2018.04.06 02:34:59.463,1.05833,1.05854,1.00,1.19
2018.04.06 02:35:00.292,1.05833,1.05855,1.25,1.69
2018.04.06 02:35:02.614,1.05833,1.05854,1.25,1.19
2018.04.06 02:35:06.330,1.05833,1.05854,1.87,1.19
2018.04.06 02:35:06.837,1.05833,1.05854,1.00,1.19
2018.04.06 02:35:07.358,1.05832,1.05854,1.00,1.69
2018.04.06 02:35:10.811,1.05832,1.05853,1.19,1.00
2018.04.06 02:35:11.344,1.05832,1.05854,1.19,1.25
2018.04.06 02:35:13.026,1.05832,1.05853,1.19,1.00
2018.04.06 02:35:13.559,1.05832,1.05854,1.44,1.00
2018.04.06 02:35:14.217,1.05832,1.05853,2.44,1.00
2018.04.06 02:35:14.758,1.05832,1.05854,1.00,1.69
2018.04.06 02:35:15.262,1.05832,1.05853,1.00,1.00
2018.04.06 02:35:17.717,1.05831,1.05854,1.00,3.19
2018.04.06 02:35:18.227,1.05831,1.05853,1.69,1.00
2018.04.06 02:35:18.796,1.05831,1.05853,1.00,1.00
2018.04.06 02:35:19.381,1.05831,1.05854,1.37,1.69
2018.04.06 02:35:19.947,1.05834,1.05853,1.00,1.00
2018.04.06 02:35:19.999,1.05834,1.05856,1.25,2.25
2018.04.06 02:35:20.407,1.05834,1.05853,1.00,1.00
2018.04.06 02:35:20.824,1.05835,1.05857,1.00,1.19
2018.04.06 02:35:21.065,1.05837,1.0586,1.00,2.06
2018.04.06 02:35:22.073,1.05837,1.0586,1.00,1.87
2018.04.06 02:35:22.652,1.05837,1.0586,1.00,2.06
2018.04.06 02:35:23.321,1.05837,1.0586,1.50,1.12
2018.04.06 02:35:24.142,1.05837,1.0586,1.50,2.25
2018.04.06 02:35:25.675,1.05834,1.05857,1.50,2.06
2018.04.06 02:35:26.263,1.05834,1.05856,1.00,1.69
2018.04.06 02:35:26.570,1.05834,1.05853,1.00,1.00
2018.04.06 02:35:27.165,1.05834,1.05854,1.00,1.00
2018.04.06 02:35:27.964,1.05834,1.05853,1.00,1.00
2018.04.06 02:35:28.565,1.05834,1.05854,1.00,1.50
2018.04.06 02:35:29.105,1.05834,1.05856,1.00,1.69
2018.04.06 02:35:29.706,1.05834,1.05856,1.00,1.25
2018.04.06 02:35:30.610,1.05834,1.05857,1.19,2.44
2018.04.06 02:35:30.954,1.05832,1.05855,1.87,1.00
2018.04.06 02:35:31.472,1.05832,1.05855,2.62,1.00
2018.04.06 02:35:33.962,1.05832,1.05855,2.62,1.00
2018.04.06 02:35:35.357,1.05833,1.05855,1.69,1.00
2018.04.06 02:35:36.967,1.05833,1.05855,1.19,1.25
2018.04.06 02:35:38.581,1.05833,1.05855,1.37,1.25
2018.04.06 02:35:40.164,1.05833,1.05855,1.87,1.25
2018.04.06 02:35:42.348,1.05833,1.05855,1.37,1.25
2018.04.06 02:35:43.662,1.05833,1.05855,1.69,1.25
2018.04.06 02:35:47.343,1.05833,1.05854,1.69,1.00
2018.04.06 02:35:47.895,1.05833,1.05855,1.19,1.25
2018.04.06 02:35:49.323,1.05833,1.05854,1.69,1.00
2018.04.06 02:35:49.902,1.05836,1.05855,1.00,1.25
2018.04.06 02:35:49.954,1.05835,1.05857,1.25,1.69
2018.04.06 02:35:50.058,1.05835,1.05853,1.00,1.00
2018.04.06 02:35:50.110,1.05833,1.05853,1.00,1.00
2018.04.06 02:35:50.161,1.05833,1.05855,1.00,1.25
2018.04.06 02:35:50.315,1.05834,1.05858,1.69,2.25
2018.04.06 02:35:50.367,1.05834,1.05856,1.25,1.00
2018.04.06 02:35:50.922,1.05833,1.05856,1.87,1.00
2018.04.06 02:35:52.628,1.05833,1.05856,1.87,1.00
2018.04.06 02:35:53.494,1.05836,1.05858,1.00,1.50
2018.04.06 02:35:53.802,1.05841,1.05864,1.00,2.44
2018.04.06 02:35:54.057,1.05841,1.05864,1.00,2.44
2018.04.06 02:35:54.501,1.05841,1.05864,1.00,2.62
2018.04.06 02:35:54.553,1.05839,1.05861,1.00,1.19
2018.04.06 02:35:55.104,1.05838,1.05862,1.50,1.19
2018.04.06 02:35:56.897,1.05841,1.05862,1.00,1.19
2018.04.06 02:35:57.434,1.05838,1.05862,1.50,1.19
2018.04.06 02:36:00.016,1.05837,1.05862,1.50,3.00
2018.04.06 02:36:08.853,1.05841,1.05862,1.00,1.69
2018.04.06 02:36:08.905,1.05841,1.05864,1.25,1.00
2018.04.06 02:36:09.759,1.05839,1.05863,1.19,1.00
2018.04.06 02:36:09.811,1.05838,1.05861,1.50,1.00
2018.04.06 02:36:10.334,1.05839,1.05863,1.00,1.19
2018.04.06 02:36:11.715,1.05839,1.05863,1.50,1.25
2018.04.06 02:36:11.767,1.05841,1.05865,1.00,1.69
2018.04.06 02:36:12.899,1.05841,1.05866,1.50,1.19
2018.04.06 02:36:14.062,1.05841,1.05866,1.50,1.87
2018.04.06 02:36:15.593,1.05844,1.05867,1.00,1.31
2018.04.06 02:36:15.646,1.05845,1.05867,1.00,1.12
2018.04.06 02:36:18.352,1.05844,1.05867,1.19,1.19
2018.04.06 02:36:18.874,1.05844,1.05867,1.25,1.00
2018.04.06 02:36:19.028,1.05841,1.05865,1.69,1.62
2018.04.06 02:36:19.494,1.05842,1.05866,1.25,1.00
2018.04.06 02:36:19.648,1.05843,1.05866,1.19,1.50
2018.04.06 02:36:28.151,1.05845,1.05869,1.25,1.50
2018.04.06 02:36:36.484,1.05845,1.05869,1.25,1.00
2018.04.06 02:36:37.038,1.05844,1.05869,3.19,1.19
2018.04.06 02:36:37.204,1.05845,1.05869,1.25,1.25
2018.04.06 02:36:37.546,1.05845,1.05869,1.25,1.19
2018.04.06 02:36:37.715,1.05845,1.05869,1.25,1.00
2018.04.06 02:36:37.969,1.05844,1.05869,3.19,1.69
2018.04.06 02:36:38.070,1.05844,1.05869,2.44,1.50
2018.04.06 02:36:38.692,1.05845,1.05869,1.25,1.37
2018.04.06 02:36:39.452,1.05845,1.05869,1.25,1.12
2018.04.06 02:36:42.017,1.05845,1.05869,1.25,1.37
2018.04.06 02:36:44.192,1.05844,1.05869,3.19,1.00
2018.04.06 02:36:44.390,1.05848,1.05871,1.00,1.69
2018.04.06 02:36:44.607,1.05855,1.05878,1.00,1.25
2018.04.06 02:36:44.815,1.05855,1.05878,1.44,2.04
2018.04.06 02:36:44.868,1.05852,1.05872,1.31,3.22
2018.04.06 02:36:44.923,1.0585,1.05872,2.25,1.75
2018.04.06 02:36:44.975,1.05849,1.05871,1.00,1.75
2018.04.06 02:36:45.512,1.05848,1.05872,1.00,1.94
2018.04.06 02:36:45.717,1.0585,1.05872,1.00,2.62
2018.04.06 02:36:46.219,1.05849,1.05871,1.00,1.19
2018.04.06 02:36:46.665,1.05849,1.0587,1.00,1.12
2018.04.06 02:36:46.717,1.05847,1.0587,1.00,3.94
2018.04.06 02:36:46.769,1.05844,1.05864,2.06,2.25
2018.04.06 02:36:46.928,1.05838,1.05861,1.50,1.31
2018.04.06 02:36:47.444,1.05837,1.0586,1.00,1.75
2018.04.06 02:36:48.219,1.05839,1.05861,1.00,1.56
2018.04.06 02:36:48.555,1.05842,1.05862,1.00,1.12
2018.04.06 02:36:48.760,1.05842,1.05864,1.00,1.87
2018.04.06 02:36:48.811,1.05844,1.05864,1.50,1.56
2018.04.06 02:36:48.915,1.05843,1.05864,2.25,1.19
2018.04.06 02:36:49.417,1.05844,1.05864,1.50,1.19
2018.04.06 02:36:53.924,1.05841,1.05864,1.50,1.81
2018.04.06 02:36:54.249,1.05838,1.05859,1.50,1.56
2018.04.06 02:36:54.301,1.0584,1.05861,1.00,1.75
2018.04.06 02:36:55.424,1.0584,1.05861,1.12,1.31
2018.04.06 02:36:57.945,1.05841,1.05864,1.00,2.06
2018.04.06 02:36:57.997,1.05842,1.05864,1.00,1.50
2018.04.06 02:36:58.049,1.0584,1.05864,1.00,1.50
2018.04.06 02:36:58.204,1.05842,1.05864,1.00,1.31
2018.04.06 02:37:02.794,1.05843,1.05866,1.00,2.25
2018.04.06 02:37:02.845,1.05843,1.05866,1.00,1.44
2018.04.06 02:37:03.050,1.05845,1.05869,1.00,2.06
2018.04.06 02:37:04.424,1.05845,1.0587,1.00,1.94
2018.04.06 02:37:08.306,1.05843,1.05866,1.12,1.25
2018.04.06 02:37:08.359,1.0584,1.05851,1.75,1.00
2018.04.06 02:37:08.415,1.05834,1.05851,1.00,1.00
2018.04.06 02:37:08.467,1.05832,1.05851,1.00,1.00
2018.04.06 02:37:08.519,1.0583,1.05851,1.50,1.00
2018.04.06 02:37:08.571,1.05828,1.05844,1.00,1.00
2018.04.06 02:37:08.699,1.05822,1.0584,1.00,1.00
2018.04.06 02:37:08.750,1.0582,1.05843,1.25,1.00
2018.04.06 02:37:08.957,1.05823,1.05847,1.19,1.00
2018.04.06 02:37:09.267,1.05825,1.05849,1.00,2.00
2018.04.06 02:37:09.575,1.05821,1.05845,1.87,1.19
2018.04.06 02:37:09.626,1.05827,1.05847,1.00,1.87
2018.04.06 02:37:09.678,1.05822,1.05845,1.00,1.19
2018.04.06 02:37:09.993,1.0582,1.05842,2.25,1.00
2018.04.06 02:37:10.305,1.05821,1.05842,1.19,1.00
2018.04.06 02:37:10.845,1.05821,1.05842,1.00,1.00
2018.04.06 02:37:11.145,1.05818,1.05839,1.00,1.00
2018.04.06 02:37:13.209,1.05817,1.0584,1.00,1.31
2018.04.06 02:37:13.874,1.05818,1.05843,1.00,5.06
2018.04.06 02:37:14.212,1.05821,1.05842,1.00,1.56
2018.04.06 02:37:14.264,1.05819,1.05845,1.00,2.25
2018.04.06 02:37:14.367,1.05818,1.05834,1.00,1.00
2018.04.06 02:37:14.450,1.05821,1.05842,1.00,1.25
2018.04.06 02:37:14.502,1.05819,1.05838,1.00,1.50
2018.04.06 02:37:14.820,1.05821,1.05839,1.00,1.31
2018.04.06 02:37:14.871,1.05814,1.05837,1.00,1.19
2018.04.06 02:37:14.923,1.0582,1.05838,1.00,1.19
2018.04.06 02:37:14.975,1.05816,1.05837,1.00,3.19
2018.04.06 02:37:15.028,1.05818,1.05835,1.00,1.00
2018.04.06 02:37:15.082,1.05816,1.05834,1.00,1.69
2018.04.06 02:37:15.137,1.05816,1.05834,1.00,1.69
2018.04.06 02:37:15.189,1.05816,1.05836,1.00,1.44
2018.04.06 02:37:15.241,1.0582,1.05837,1.00,2.25
2018.04.06 02:37:15.463,1.05814,1.05837,1.25,2.44
2018.04.06 02:37:15.565,1.05817,1.05832,1.00,1.00
2018.04.06 02:37:15.872,1.05811,1.05831,1.00,1.19
2018.04.06 02:37:15.923,1.05814,1.05831,1.00,1.19
2018.04.06 02:37:16.083,1.05812,1.05832,1.00,1.19
2018.04.06 02:37:16.135,1.05812,1.05833,1.00,1.00
2018.04.06 02:37:16.448,1.05816,1.05834,1.00,1.00
2018.04.06 02:37:16.653,1.05816,1.05836,1.00,1.69
2018.04.06 02:37:16.704,1.05818,1.05836,1.00,1.50
2018.04.06 02:37:17.299,1.05819,1.05836,1.00,1.00
2018.04.06 02:37:17.624,1.05819,1.05836,1.00,1.19
2018.04.06 02:37:17.675,1.05817,1.05835,1.00,1.19
2018.04.06 02:37:20.336,1.05818,1.05834,1.00,1.31
2018.04.06 02:37:20.388,1.05815,1.05834,1.00,1.31
2018.04.06 02:37:20.478,1.05815,1.05834,1.00,3.37
2018.04.06 02:37:20.788,1.05817,1.05834,1.00,1.12
2018.04.06 02:37:20.941,1.05817,1.05837,1.00,2.25
2018.04.06 02:37:21.411,1.05817,1.05837,1.00,2.06
2018.04.06 02:37:22.478,1.05818,1.05837,1.00,1.56
2018.04.06 02:37:23.358,1.05818,1.05836,1.00,1.56
2018.04.06 02:37:23.902,1.05818,1.05836,1.00,1.62
2018.04.06 02:37:24.118,1.05818,1.05836,1.00,1.75
2018.04.06 02:37:24.671,1.05818,1.05836,1.00,1.81
2018.04.06 02:37:25.227,1.05818,1.05836,1.00,1.75
2018.04.06 02:37:25.472,1.05816,1.05836,1.00,1.81
2018.04.06 02:37:25.523,1.05818,1.05836,1.00,1.81
2018.04.06 02:37:26.483,1.05818,1.05829,1.00,1.00
2018.04.06 02:37:26.590,1.05816,1.05829,1.00,1.00
2018.04.06 02:37:26.744,1.05819,1.05834,1.00,1.00
2018.04.06 02:37:26.796,1.05821,1.05833,1.00,1.00
2018.04.06 02:37:26.847,1.05823,1.05838,1.00,1.00
2018.04.06 02:37:26.950,1.05822,1.05842,1.00,1.63
2018.04.06 02:37:27.052,1.05825,1.05844,1.00,5.81
2018.04.06 02:37:27.647,1.05823,1.05843,1.00,1.50
2018.04.06 02:37:27.806,1.0582,1.05842,1.00,2.25
2018.04.06 02:37:28.025,1.05822,1.05841,1.00,1.88
2018.04.06 02:37:28.723,1.05823,1.05841,1.00,1.69
2018.04.06 02:37:28.775,1.0582,1.05842,1.00,1.13
2018.04.06 02:37:29.815,1.0582,1.05843,1.00,1.75
2018.04.06 02:37:31.562,1.05819,1.05839,1.00,1.13
2018.04.06 02:37:32.465,1.05821,1.05839,1.00,2.25
2018.04.06 02:37:36.756,1.05821,1.05838,1.00,1.19
2018.04.06 02:37:36.808,1.05823,1.05838,1.00,1.44
2018.04.06 02:37:36.860,1.0582,1.05839,1.00,1.50
2018.04.06 02:37:36.911,1.05825,1.05842,1.00,1.50
2018.04.06 02:37:37.163,1.05819,1.05839,1.00,1.00
2018.04.06 02:37:37.214,1.05823,1.05839,1.00,1.00
2018.04.06 02:37:37.266,1.05819,1.05839,1.00,1.00
2018.04.06 02:37:37.918,1.05819,1.05839,1.00,1.87
2018.04.06 02:37:38.525,1.05819,1.05839,1.00,2.06
2018.04.06 02:37:39.218,1.05819,1.05839,1.00,2.06
2018.04.06 02:37:41.834,1.05823,1.0584,1.00,1.31
2018.04.06 02:37:44.203,1.05822,1.05838,1.00,1.25
2018.04.06 02:37:44.704,1.05821,1.05841,1.00,3.56
2018.04.06 02:37:44.756,1.05821,1.05841,1.00,3.00
2018.04.06 02:37:45.442,1.05821,1.05841,1.00,2.25
2018.04.06 02:37:45.494,1.05825,1.05842,1.00,1.00
2018.04.06 02:37:45.546,1.05824,1.05844,1.00,1.50
2018.04.06 02:37:46.179,1.05824,1.05843,1.00,1.00
2018.04.06 02:37:46.426,1.05826,1.05844,1.00,1.00
2018.04.06 02:37:46.736,1.05829,1.05849,1.00,2.06
2018.04.06 02:37:47.074,1.05828,1.05845,1.00,1.00
2018.04.06 02:37:47.478,1.05827,1.05845,1.00,1.38
2018.04.06 02:37:48.114,1.05827,1.05844,1.00,1.38
2018.04.06 02:37:48.367,1.05825,1.05844,1.00,2.25
2018.04.06 02:37:50.060,1.05825,1.05841,1.00,1.19
2018.04.06 02:37:50.112,1.05823,1.0584,1.00,2.19
2018.04.06 02:37:50.473,1.0582,1.05838,1.00,1.94
2018.04.06 02:37:51.038,1.05819,1.05836,1.00,1.19
2018.04.06 02:37:52.292,1.05819,1.05837,1.00,4.31
2018.04.06 02:37:52.814,1.05818,1.05837,1.00,4.31
2018.04.06 02:37:53.420,1.05818,1.05835,1.00,1.25
2018.04.06 02:37:54.933,1.05819,1.05835,1.00,1.00
2018.04.06 02:37:57.428,1.05819,1.05836,1.00,1.31
2018.04.06 02:37:58.237,1.05819,1.05836,1.00,1.69
2018.04.06 02:37:58.838,1.05819,1.05836,1.00,1.12
2018.04.06 02:38:07.741,1.05819,1.05836,1.00,1.87
2018.04.06 02:38:10.088,1.05821,1.05836,1.00,1.00
2018.04.06 02:38:10.191,1.05825,1.05842,1.00,1.12
2018.04.06 02:38:11.158,1.05825,1.05842,1.00,1.31
2018.04.06 02:38:11.716,1.05825,1.05842,1.00,1.12
2018.04.06 02:38:16.934,1.05825,1.05838,1.00,1.00
2018.04.06 02:38:17.494,1.05825,1.05842,1.00,1.31
2018.04.06 02:38:18.321,1.05825,1.05842,1.00,1.25
2018.04.06 02:38:21.806,1.05825,1.05842,1.00,1.31
2018.04.06 02:38:22.331,1.05825,1.05842,1.00,1.12
2018.04.06 02:38:23.068,1.05825,1.05842,1.00,1.31
2018.04.06 02:38:23.577,1.05825,1.05842,1.00,1.25
2018.04.06 02:38:24.166,1.05825,1.05842,1.00,1.44
2018.04.06 02:38:24.736,1.05825,1.05842,1.00,1.12
2018.04.06 02:38:24.787,1.05827,1.05842,1.00,1.00
2018.04.06 02:38:24.838,1.05827,1.05844,1.00,1.69
2018.04.06 02:38:24.942,1.05829,1.05846,1.00,1.44
2018.04.06 02:38:25.479,1.05828,1.05846,1.00,1.44
2018.04.06 02:38:25.787,1.05829,1.05846,1.00,1.63
2018.04.06 02:38:26.314,1.05829,1.05846,1.00,1.69
2018.04.06 02:38:26.825,1.05829,1.05846,1.00,1.38
2018.04.06 02:38:27.391,1.05829,1.05846,1.00,1.88
2018.04.06 02:38:28.216,1.05829,1.05846,1.00,2.06
2018.04.06 02:38:28.766,1.05829,1.05846,1.00,1.38
2018.04.06 02:38:29.480,1.05829,1.05846,1.00,1.44
2018.04.06 02:38:31.822,1.05829,1.05846,1.00,1.38
2018.04.06 02:38:32.335,1.05829,1.05846,1.00,1.38
2018.04.06 02:38:33.086,1.05829,1.05846,1.00,1.12
2018.04.06 02:38:33.393,1.05832,1.05849,1.00,1.25
2018.04.06 02:38:33.701,1.05835,1.05851,1.00,1.44
2018.04.06 02:38:34.354,1.05835,1.05852,1.00,2.06
2018.04.06 02:38:34.864,1.05835,1.05852,1.00,2.81
2018.04.06 02:38:35.925,1.05835,1.05852,1.00,1.50
2018.04.06 02:38:36.495,1.05835,1.05852,1.00,1.69
2018.04.06 02:38:36.901,1.05835,1.05852,1.00,1.12
2018.04.06 02:38:37.200,1.05835,1.05852,1.00,2.06
2018.04.06 02:38:37.261,1.05835,1.05852,1.00,1.87
2018.04.06 02:38:37.720,1.05835,1.05852,1.00,1.31
2018.04.06 02:38:37.904,1.05835,1.05852,1.00,1.31
2018.04.06 02:38:38.076,1.05835,1.05852,1.00,1.63
2018.04.06 02:38:38.535,1.05836,1.05852,1.00,1.00
2018.04.06 02:38:38.997,1.05836,1.05854,1.00,2.44
2018.04.06 02:38:39.202,1.05836,1.05855,1.00,4.50
2018.04.06 02:38:39.981,1.05836,1.05854,1.00,3.38
2018.04.06 02:38:40.339,1.05836,1.05854,1.00,1.56
2018.04.06 02:38:40.507,1.05836,1.05854,1.00,2.81
2018.04.06 02:38:40.712,1.05836,1.05853,1.00,1.19
2018.04.06 02:38:41.084,1.05838,1.05855,1.00,1.88
2018.04.06 02:38:41.927,1.05837,1.05855,1.00,1.13
2018.04.06 02:38:43.273,1.05837,1.05854,1.00,1.19
2018.04.06 02:38:45.664,1.05839,1.05856,1.00,1.13
2018.04.06 02:38:46.217,1.05838,1.05856,1.00,1.88
2018.04.06 02:38:50.098,1.05837,1.05857,1.00,3.38
2018.04.06 02:38:50.404,1.05839,1.05857,1.00,3.56
2018.04.06 02:38:52.419,1.05839,1.05857,1.00,2.81
2018.04.06 02:38:52.903,1.05842,1.05857,1.00,1.69
2018.04.06 02:38:53.162,1.0584,1.05857,1.00,1.69
2018.04.06 02:38:54.142,1.05845,1.05859,1.00,1.00
2018.04.06 02:38:54.299,1.05843,1.05862,1.00,2.81
2018.04.06 02:38:54.412,1.05844,1.0586,1.00,1.13
2018.04.06 02:38:58.762,1.05844,1.0586,1.00,2.06
2018.04.06 02:38:59.097,1.05842,1.0586,1.00,2.00
2018.04.06 02:39:00.235,1.05842,1.05858,1.00,2.25
2018.04.06 02:39:00.290,1.05839,1.05856,1.00,1.94
2018.04.06 02:39:02.073,1.05837,1.05854,1.00,1.50
2018.04.06 02:39:04.533,1.05838,1.05854,1.00,1.31
2018.04.06 02:39:05.162,1.05836,1.05854,1.00,2.62
2018.04.06 02:39:05.214,1.05837,1.05854,1.00,2.06
2018.04.06 02:39:06.444,1.05839,1.05854,1.00,1.25
2018.04.06 02:39:06.599,1.0584,1.05858,1.00,2.06
2018.04.06 02:39:06.652,1.05843,1.05858,1.00,1.19
2018.04.06 02:39:06.704,1.05842,1.0586,1.00,1.25
2018.04.06 02:39:06.756,1.05845,1.05861,1.00,1.63
2018.04.06 02:39:07.014,1.05843,1.05859,1.00,1.12
2018.04.06 02:39:07.180,1.05843,1.05859,1.00,1.37
2018.04.06 02:39:07.994,1.05843,1.05859,1.00,1.44
2018.04.06 02:39:09.990,1.05844,1.05859,1.00,1.37
2018.04.06 02:39:10.880,1.05843,1.05859,1.00,1.37
2018.04.06 02:39:12.022,1.05844,1.05859,1.00,1.37
2018.04.06 02:39:12.578,1.05844,1.05859,1.00,1.63
2018.04.06 02:39:13.074,1.05842,1.05859,1.00,1.63
2018.04.06 02:39:13.618,1.05843,1.05859,1.00,1.63
2018.04.06 02:39:14.120,1.05842,1.05859,1.00,1.63
2018.04.06 02:39:14.710,1.05839,1.05859,1.00,1.63
2018.04.06 02:39:20.213,1.05839,1.05859,1.00,1.63
2018.04.06 02:39:20.719,1.05839,1.05859,1.00,1.56
2018.04.06 02:39:21.259,1.05839,1.05859,1.00,1.63
2018.04.06 02:39:21.980,1.05839,1.05859,1.00,1.56
2018.04.06 02:39:22.495,1.05838,1.05857,1.00,1.44
2018.04.06 02:39:24.858,1.05838,1.05858,1.25,1.25
2018.04.06 02:39:24.909,1.0584,1.05858,1.00,1.00
2018.04.06 02:39:25.130,1.05839,1.05861,1.50,1.25
2018.04.06 02:39:25.233,1.05839,1.05861,1.50,1.38
2018.04.06 02:39:25.336,1.0584,1.05861,1.00,1.44
2018.04.06 02:39:25.541,1.0584,1.05861,1.00,1.38
2018.04.06 02:39:25.694,1.0584,1.05861,1.00,1.44
2018.04.06 02:39:26.225,1.05841,1.05861,1.00,1.38
2018.04.06 02:39:26.740,1.05842,1.05861,1.00,1.38
2018.04.06 02:39:26.938,1.0584,1.05861,1.00,1.50
2018.04.06 02:39:27.704,1.0584,1.05861,1.00,1.50
2018.04.06 02:39:28.130,1.05842,1.05861,1.00,1.19
2018.04.06 02:39:28.336,1.05842,1.05862,1.19,1.50
2018.04.06 02:39:28.910,1.05843,1.05862,1.25,1.44
2018.04.06 02:39:29.456,1.05844,1.05862,1.00,1.00
2018.04.06 02:39:29.978,1.05843,1.05865,1.25,2.81
2018.04.06 02:39:30.521,1.05843,1.05865,1.25,3.56
2018.04.06 02:39:31.099,1.05843,1.05865,1.25,4.31
2018.04.06 02:39:32.221,1.05843,1.05865,1.25,4.31
2018.04.06 02:39:33.141,1.05842,1.05864,1.19,1.56
2018.04.06 02:39:33.682,1.05842,1.05864,1.19,1.56
2018.04.06 02:39:34.246,1.05842,1.05864,1.69,1.69
2018.04.06 02:39:36.431,1.05842,1.05863,1.69,1.44
2018.04.06 02:39:36.995,1.05842,1.05863,1.69,1.44
2018.04.06 02:39:37.548,1.05842,1.05863,1.69,1.38
2018.04.06 02:39:38.314,1.05842,1.05863,1.69,1.44
2018.04.06 02:39:38.824,1.05842,1.05865,1.69,2.06
2018.04.06 02:39:39.822,1.05842,1.05865,1.19,1.94
2018.04.06 02:39:40.325,1.05842,1.05863,1.69,1.00
2018.04.06 02:39:40.886,1.05842,1.05865,1.19,1.94
2018.04.06 02:39:41.593,1.05842,1.05857,1.19,1.00
2018.04.06 02:39:42.133,1.05842,1.05865,1.19,2.44
2018.04.06 02:39:43.155,1.05842,1.05865,1.19,2.44
2018.04.06 02:39:43.667,1.05842,1.05865,1.19,1.69
2018.04.06 02:39:44.252,1.05842,1.05864,1.19,2.06
2018.04.06 02:39:47.393,1.0584,1.05864,1.87,2.06
2018.04.06 02:39:47.943,1.0584,1.05864,1.87,2.00
2018.04.06 02:39:48.463,1.0584,1.05864,2.62,1.69
2018.04.06 02:39:48.977,1.05841,1.05863,1.00,1.44
2018.04.06 02:39:49.586,1.05841,1.05863,1.00,1.25
2018.04.06 02:39:50.134,1.05841,1.05864,1.50,1.56
2018.04.06 02:39:50.794,1.05842,1.05864,1.00,1.31
2018.04.06 02:39:51.348,1.05842,1.05864,1.00,1.56
2018.04.06 02:39:51.890,1.05842,1.05864,1.00,1.63
2018.04.06 02:39:52.479,1.05842,1.05864,1.00,1.56
2018.04.06 02:39:53.238,1.05842,1.05864,1.00,1.31
2018.04.06 02:39:58.420,1.05842,1.05864,1.00,1.56
2018.04.06 02:39:59.102,1.05842,1.05864,1.00,1.44
2018.04.06 02:39:59.204,1.05842,1.05865,1.50,2.25
2018.04.06 02:39:59.734,1.05842,1.05865,1.50,2.81
2018.04.06 02:40:00.776,1.05842,1.05864,1.00,1.44
2018.04.06 02:40:01.283,1.0584,1.05863,1.25,1.44
2018.04.06 02:40:01.812,1.0584,1.05863,1.19,1.87
2018.04.06 02:40:02.817,1.05841,1.05864,1.25,1.31
2018.04.06 02:40:03.436,1.05841,1.05864,1.19,1.31
2018.04.06 02:40:04.188,1.05841,1.05864,1.19,2.81
2018.04.06 02:40:04.504,1.0584,1.05865,1.50,2.44
2018.04.06 02:40:05.016,1.05842,1.05865,3.19,1.31
2018.04.06 02:40:06.196,1.05842,1.05865,3.00,1.25
2018.04.06 02:40:08.006,1.05842,1.05865,3.75,2.06
2018.04.06 02:40:08.367,1.05843,1.05865,1.19,1.69
2018.04.06 02:40:08.418,1.05843,1.05865,1.19,2.06
2018.04.06 02:40:10.508,1.05843,1.05865,1.19,1.19
2018.04.06 02:40:11.241,1.05842,1.05865,3.00,1.63
2018.04.06 02:40:13.475,1.05843,1.05865,1.19,1.63
2018.04.06 02:40:14.014,1.05843,1.05865,1.19,1.63
2018.04.06 02:40:15.207,1.05842,1.05865,3.00,1.56
2018.04.06 02:40:18.311,1.05842,1.05865,1.50,2.06
2018.04.06 02:40:18.931,1.05842,1.05864,1.50,1.31
2018.04.06 02:40:19.253,1.05842,1.05864,1.50,1.63
2018.04.06 02:40:19.414,1.05842,1.05864,1.50,1.25
2018.04.06 02:40:19.997,1.05842,1.05864,1.50,1.31
2018.04.06 02:40:20.312,1.05837,1.05861,1.31,1.63
2018.04.06 02:40:20.567,1.05836,1.05859,1.19,1.56
2018.04.06 02:40:21.319,1.05836,1.05858,1.37,1.25
2018.04.06 02:40:23.617,1.05836,1.05859,1.69,1.00
2018.04.06 02:40:23.923,1.05839,1.05859,1.00,1.00
2018.04.06 02:40:24.513,1.05839,1.05862,1.25,3.19
2018.04.06 02:40:25.646,1.05838,1.05861,1.69,1.37
2018.04.06 02:40:29.185,1.05838,1.05855,1.50,1.00
2018.04.06 02:40:29.703,1.05838,1.05862,1.50,1.69
2018.04.06 02:40:30.460,1.05838,1.05862,1.87,1.50
2018.04.06 02:40:30.987,1.05839,1.05862,1.25,1.00
2018.04.06 02:40:33.376,1.05838,1.05862,3.00,1.00
2018.04.06 02:40:33.428,1.05842,1.05864,1.00,1.31
2018.04.06 02:40:33.941,1.05841,1.05863,1.12,1.13
2018.04.06 02:40:34.446,1.05841,1.05863,1.12,1.44
2018.04.06 02:40:34.978,1.05841,1.05863,1.12,1.13
2018.04.06 02:40:36.033,1.05841,1.05863,1.12,1.44
2018.04.06 02:40:37.099,1.05841,1.05863,1.12,1.13
2018.04.06 02:40:37.642,1.05841,1.05863,1.12,1.31
2018.04.06 02:40:38.154,1.05841,1.05863,1.12,1.13
2018.04.06 02:40:40.845,1.05842,1.05863,1.00,1.25
2018.04.06 02:40:42.395,1.05841,1.05863,1.87,1.25
2018.04.06 02:40:43.073,1.05842,1.05863,1.00,1.69
2018.04.06 02:40:44.513,1.05841,1.05863,2.62,1.25
2018.04.06 02:40:45.108,1.05842,1.05863,1.00,1.25
2018.04.06 02:40:45.903,1.05841,1.05863,2.62,1.25
2018.04.06 02:40:46.452,1.05842,1.05863,1.50,1.13
2018.04.06 02:40:47.020,1.05841,1.05864,2.62,1.88
2018.04.06 02:40:47.796,1.05842,1.05864,1.00,1.88
2018.04.06 02:40:49.257,1.05842,1.05864,1.00,2.06
2018.04.06 02:40:49.726,1.05842,1.05864,1.00,2.25
2018.04.06 02:40:51.566,1.05842,1.05864,1.50,2.63
2018.04.06 02:40:52.072,1.05842,1.05864,1.00,2.44
2018.04.06 02:40:52.754,1.05842,1.05864,1.50,2.63
2018.04.06 02:40:54.671,1.05842,1.05864,1.00,2.25
2018.04.06 02:40:55.180,1.05842,1.05864,1.50,2.25
2018.04.06 02:40:55.483,1.05842,1.05864,1.50,2.63
2018.04.06 02:40:55.534,1.05842,1.05864,1.50,2.25
2018.04.06 02:40:56.499,1.05842,1.05864,1.00,2.63
2018.04.06 02:40:58.311,1.05841,1.05863,1.00,1.81
2018.04.06 02:40:58.537,1.05841,1.05864,1.00,2.06
2018.04.06 02:40:59.263,1.05841,1.05859,1.00,1.00
2018.04.06 02:40:59.832,1.05841,1.05863,1.00,1.25
2018.04.06 02:41:04.391,1.05841,1.05863,1.00,2.06
2018.04.06 02:41:04.445,1.05838,1.05862,1.00,1.31
2018.04.06 02:41:04.649,1.05838,1.05862,1.75,1.31
2018.04.06 02:41:04.999,1.05838,1.05862,2.00,1.50
2018.04.06 02:41:05.505,1.05838,1.05862,2.00,1.31
2018.04.06 02:41:06.323,1.05838,1.05862,2.00,1.50
2018.04.06 02:41:07.031,1.05838,1.05862,2.00,1.31
2018.04.06 02:41:10.642,1.05842,1.05862,1.75,1.00
2018.04.06 02:41:10.695,1.05843,1.05865,1.94,1.00
2018.04.06 02:41:10.746,1.05845,1.05869,2.25,1.00
2018.04.06 02:41:10.798,1.05845,1.05869,1.50,1.19
2018.04.06 02:41:10.901,1.05845,1.05865,1.25,1.00
2018.04.06 02:41:11.056,1.05845,1.05868,1.25,1.69
2018.04.06 02:41:11.362,1.05845,1.05868,1.25,2.06
2018.04.06 02:41:11.942,1.05845,1.05868,1.25,1.87
2018.04.06 02:41:12.096,1.05842,1.05868,1.88,2.63
2018.04.06 02:41:12.644,1.05842,1.05867,1.44,2.00
2018.04.06 02:41:13.185,1.05842,1.05867,1.50,1.81
2018.04.06 02:41:16.633,1.05842,1.05867,1.69,1.69
2018.04.06 02:41:19.816,1.05843,1.05867,1.44,1.69
2018.04.06 02:41:20.317,1.05843,1.05868,1.00,1.75
2018.04.06 02:41:20.855,1.05844,1.05869,1.00,2.06
2018.04.06 02:41:21.820,1.05843,1.05869,1.50,2.81
2018.04.06 02:41:22.349,1.05844,1.05868,1.37,1.81
2018.04.06 02:41:23.334,1.05844,1.05868,1.69,2.00
2018.04.06 02:41:23.843,1.05844,1.05868,2.25,1.88
2018.04.06 02:41:24.544,1.05844,1.05868,2.25,2.00
2018.04.06 02:41:25.004,1.05846,1.05868,1.00,1.31
2018.04.06 02:41:25.896,1.05844,1.05868,2.06,1.31
2018.04.06 02:41:26.516,1.05844,1.05868,2.25,1.31
2018.04.06 02:41:28.039,1.05845,1.05868,1.00,1.19
2018.04.06 02:41:30.207,1.05844,1.05868,2.25,1.19
2018.04.06 02:41:30.814,1.05845,1.05868,1.00,1.19
2018.04.06 02:41:31.338,1.05844,1.05868,2.25,1.19
2018.04.06 02:41:32.207,1.05845,1.05868,1.00,1.19
2018.04.06 02:41:32.591,1.05851,1.05869,1.00,1.25
2018.04.06 02:41:32.642,1.05848,1.05871,1.50,2.06
2018.04.06 02:41:33.104,1.05849,1.05871,1.50,1.69
2018.04.06 02:41:33.535,1.05849,1.0587,1.00,2.06
2018.04.06 02:41:34.047,1.05849,1.05872,1.00,2.06
2018.04.06 02:41:34.628,1.05849,1.05872,1.00,2.25
2018.04.06 02:41:34.961,1.05851,1.05872,1.00,3.00
2018.04.06 02:41:35.482,1.05851,1.05871,1.00,1.75
2018.04.06 02:41:35.998,1.05851,1.05872,1.00,1.50
2018.04.06 02:41:37.170,1.05851,1.05872,1.00,1.88
2018.04.06 02:41:38.031,1.05851,1.05872,1.00,1.63
2018.04.06 02:41:38.665,1.05849,1.05872,1.00,1.69
2018.04.06 02:41:38.718,1.05849,1.05869,1.00,1.19
2018.04.06 02:41:38.769,1.05846,1.05869,1.00,2.81
2018.04.06 02:41:39.395,1.05846,1.05867,1.00,1.56
2018.04.06 02:41:40.818,1.05846,1.05867,1.00,1.31
2018.04.06 02:41:42.341,1.05846,1.05867,1.00,1.50
2018.04.06 02:41:42.970,1.05846,1.05867,1.00,1.31
2018.04.06 02:41:43.589,1.05846,1.05867,1.00,1.50
2018.04.06 02:41:44.583,1.05843,1.05867,1.00,1.50
2018.04.06 02:41:45.109,1.05844,1.05867,1.00,2.25
2018.04.06 02:41:45.211,1.05844,1.05867,1.00,1.69
2018.04.06 02:41:45.723,1.05844,1.05867,1.00,3.19
2018.04.06 02:41:47.906,1.05844,1.05866,1.00,1.50
2018.04.06 02:41:48.420,1.05844,1.05866,1.00,1.50
2018.04.06 02:41:50.423,1.05844,1.05866,1.00,1.50
2018.04.06 02:41:50.966,1.05844,1.05866,1.00,1.69
2018.04.06 02:41:51.314,1.05844,1.05861,1.00,1.00
2018.04.06 02:41:51.854,1.05844,1.05866,1.00,1.50
2018.04.06 02:41:51.905,1.05844,1.05866,1.00,1.31
2018.04.06 02:41:52.414,1.05844,1.05867,1.00,2.25
2018.04.06 02:41:52.938,1.05844,1.05867,1.19,1.87
2018.04.06 02:41:53.144,1.05844,1.05867,1.19,1.25
2018.04.06 02:41:53.896,1.05844,1.05866,1.19,1.00
2018.04.06 02:41:55.478,1.05844,1.05866,1.00,1.50
2018.04.06 02:41:56.794,1.05841,1.05862,1.00,1.00
2018.04.06 02:41:56.909,1.05838,1.05862,1.50,3.19
2018.04.06 02:41:57.117,1.05836,1.05858,1.19,1.25
2018.04.06 02:41:57.430,1.05836,1.05858,1.19,3.19
2018.04.06 02:41:57.737,1.05836,1.05859,1.19,3.56
2018.04.06 02:41:58.316,1.05838,1.05859,1.25,1.00
2018.04.06 02:41:58.819,1.05838,1.0586,1.25,1.00
2018.04.06 02:41:59.547,1.05838,1.05861,1.69,1.00
2018.04.06 02:42:01.533,1.05838,1.05862,1.69,1.31
2018.04.06 02:42:05.812,1.05838,1.05858,1.00,1.25
2018.04.06 02:42:06.147,1.05838,1.05861,1.19,1.50
2018.04.06 02:42:09.401,1.05838,1.05862,1.19,2.25
2018.04.06 02:42:10.257,1.05838,1.05862,1.19,1.31
2018.04.06 02:42:10.866,1.05838,1.05862,1.19,1.50
2018.04.06 02:42:16.378,1.05838,1.05857,1.19,1.00
2018.04.06 02:42:16.904,1.05838,1.05861,1.00,1.12
2018.04.06 02:42:17.623,1.05838,1.05861,1.00,1.44
2018.04.06 02:42:18.174,1.05838,1.05861,1.19,1.44
2018.04.06 02:42:20.016,1.05837,1.05861,1.69,1.00
2018.04.06 02:42:21.528,1.05837,1.05862,1.69,2.62
2018.04.06 02:42:22.768,1.05837,1.05862,1.69,1.25
2018.04.06 02:42:29.001,1.05839,1.05862,1.25,2.06
2018.04.06 02:42:29.527,1.05839,1.0586,1.00,1.00
2018.04.06 02:42:31.093,1.05839,1.05861,1.00,1.00
2018.04.06 02:42:31.636,1.05839,1.05862,1.00,1.50
2018.04.06 02:42:33.232,1.05839,1.0586,1.00,1.00
2018.04.06 02:42:39.206,1.05839,1.05862,1.25,1.00
2018.04.06 02:42:39.309,1.05836,1.05858,1.50,1.00
2018.04.06 02:42:39.360,1.05835,1.05857,1.19,1.50
2018.04.06 02:42:39.412,1.05835,1.05859,1.00,1.25
2018.04.06 02:42:39.464,1.05837,1.05859,1.00,1.25
2018.04.06 02:42:39.775,1.05839,1.05861,1.00,1.00
2018.04.06 02:42:40.325,1.05838,1.05861,1.12,1.00
2018.04.06 02:42:42.379,1.05838,1.05863,1.12,1.00
2018.04.06 02:42:45.237,1.05838,1.05863,1.69,2.06
2018.04.06 02:42:46.659,1.05838,1.05863,1.00,2.06
2018.04.06 02:42:48.375,1.05838,1.05863,1.69,1.31
2018.04.06 02:42:48.980,1.05839,1.05863,1.37,1.31
2018.04.06 02:42:52.925,1.05839,1.05863,1.00,1.00
2018.04.06 02:42:53.130,1.05845,1.05864,1.00,1.00
2018.04.06 02:42:53.182,1.05845,1.05868,1.50,1.50
2018.04.06 02:42:53.697,1.05845,1.05868,5.06,1.19
2018.04.06 02:42:54.281,1.05845,1.05868,5.06,1.25
2018.04.06 02:42:54.877,1.05845,1.05868,2.25,1.25
2018.04.06 02:42:55.707,1.05845,1.05868,3.00,1.31
2018.04.06 02:42:56.014,1.05839,1.05862,1.00,1.81
2018.04.06 02:42:56.825,1.05838,1.0586,1.00,1.81
2018.04.06 02:42:59.387,1.05834,1.05859,1.87,2.06
2018.04.06 02:43:00.186,1.05836,1.05859,1.00,1.56
2018.04.06 02:43:02.944,1.05836,1.05857,1.00,1.12
2018.04.06 02:43:03.262,1.05837,1.0586,1.25,1.50
2018.04.06 02:43:05.573,1.05838,1.0586,1.00,1.00
2018.04.06 02:43:05.629,1.05837,1.05854,1.00,1.00
2018.04.06 02:43:05.680,1.05834,1.05855,1.50,1.00
2018.04.06 02:43:05.883,1.05832,1.05854,1.25,1.00
2018.04.06 02:43:06.241,1.05832,1.05856,1.12,1.25
2018.04.06 02:43:06.895,1.05832,1.05856,1.25,1.31
2018.04.06 02:43:07.519,1.05832,1.05856,1.25,1.25
2018.04.06 02:43:10.856,1.05833,1.05856,1.00,1.25
2018.04.06 02:43:10.908,1.05836,1.05859,1.19,1.00
2018.04.06 02:43:11.010,1.05838,1.05862,1.00,2.81
2018.04.06 02:43:11.521,1.05839,1.05862,1.00,1.87
2018.04.06 02:43:12.068,1.05839,1.05862,1.00,1.87
2018.04.06 02:43:14.574,1.05838,1.05862,2.25,1.87
2018.04.06 02:43:14.677,1.05836,1.05859,1.50,2.06
2018.04.06 02:43:14.833,1.05838,1.05862,1.00,3.75
2018.04.06 02:43:15.139,1.05838,1.05862,1.00,3.00
2018.04.06 02:43:15.190,1.05838,1.05862,1.00,2.81
2018.04.06 02:43:15.407,1.05838,1.05862,1.00,3.19
2018.04.06 02:43:16.004,1.05838,1.05861,1.00,1.37
2018.04.06 02:43:17.339,1.05838,1.05862,1.25,1.87
2018.04.06 02:43:17.845,1.05836,1.05859,1.50,1.37
2018.04.06 02:43:18.563,1.05836,1.05859,1.50,1.37
2018.04.06 02:43:19.635,1.05836,1.05858,1.75,1.37
2018.04.06 02:43:20.212,1.05836,1.05858,1.75,2.25
2018.04.06 02:43:20.748,1.05836,1.05858,1.75,2.25
2018.04.06 02:43:23.160,1.05836,1.05855,1.75,1.00
2018.04.06 02:43:23.744,1.05836,1.05858,1.75,1.50
2018.04.06 02:43:24.502,1.05836,1.05858,1.75,1.50
2018.04.06 02:43:26.313,1.05834,1.05858,2.62,3.00
2018.04.06 02:43:26.416,1.05833,1.05858,2.00,1.50
2018.04.06 02:43:27.055,1.05833,1.05858,2.25,3.00
2018.04.06 02:43:27.486,1.05833,1.05858,2.25,3.00
2018.04.06 02:43:28.046,1.05833,1.05858,1.50,2.25
2018.04.06 02:43:28.369,1.05833,1.05858,2.25,2.06
2018.04.06 02:43:28.675,1.05833,1.05858,2.81,2.25
2018.04.06 02:43:29.827,1.05833,1.05858,2.81,2.25
2018.04.06 02:43:31.116,1.05833,1.05855,1.12,1.50
2018.04.06 02:43:31.168,1.05832,1.05854,1.56,1.00
2018.04.06 02:43:31.475,1.05828,1.05851,1.75,1.00
2018.04.06 02:43:31.733,1.0583,1.05853,1.50,1.12
2018.04.06 02:43:32.286,1.05829,1.05851,2.00,1.00
2018.04.06 02:43:37.633,1.05828,1.05851,1.69,1.00
2018.04.06 02:43:42.519,1.05829,1.05853,1.19,1.87
2018.04.06 02:43:43.296,1.05829,1.05853,1.19,1.25
2018.04.06 02:43:43.828,1.05829,1.05853,1.19,1.44
2018.04.06 02:43:43.930,1.05829,1.05853,1.75,1.44
2018.04.06 02:43:44.438,1.05829,1.05853,1.75,1.25
2018.04.06 02:43:45.189,1.05829,1.05853,1.50,1.25
2018.04.06 02:43:45.497,1.05828,1.05851,2.25,1.87
2018.04.06 02:43:46.938,1.05828,1.05851,2.25,1.00
2018.04.06 02:43:47.986,1.05828,1.05851,2.25,1.19
2018.04.06 02:43:48.496,1.05828,1.05851,2.25,1.00
2018.04.06 02:43:52.384,1.0583,1.05853,1.19,2.62
2018.04.06 02:43:53.528,1.05829,1.05852,1.50,1.19
2018.04.06 02:43:54.116,1.05829,1.05852,1.50,1.00
2018.04.06 02:43:54.627,1.05827,1.05851,3.00,1.50
2018.04.06 02:43:57.662,1.05827,1.05851,3.00,2.81
2018.04.06 02:43:57.766,1.05825,1.05848,1.19,2.06
2018.04.06 02:43:58.291,1.05823,1.05846,2.25,1.00
2018.04.06 02:43:59.508,1.05824,1.05846,1.00,1.25
2018.04.06 02:43:59.691,1.05822,1.05844,1.25,1.00
2018.04.06 02:43:59.743,1.05819,1.05843,1.50,1.87
2018.04.06 02:43:59.794,1.05819,1.05842,2.25,1.00
2018.04.06 02:44:00.459,1.05819,1.05843,2.25,1.69
2018.04.06 02:44:01.085,1.05817,1.05839,1.75,1.00
2018.04.06 02:44:01.136,1.05814,1.05838,2.44,2.44
2018.04.06 02:44:01.188,1.05815,1.05839,1.75,1.50
2018.04.06 02:44:01.341,1.05817,1.05841,1.50,1.87
2018.04.06 02:44:01.876,1.05816,1.05842,3.00,2.62
2018.04.06 02:44:02.181,1.05816,1.05838,1.19,1.50
2018.04.06 02:44:02.451,1.05812,1.05838,1.87,1.75
2018.04.06 02:44:02.553,1.05812,1.05834,1.25,1.31
2018.04.06 02:44:03.117,1.05811,1.05833,1.19,1.00
2018.04.06 02:44:03.811,1.0581,1.05833,2.44,1.00
2018.04.06 02:44:03.914,1.05812,1.05836,1.50,1.50
2018.04.06 02:44:04.068,1.05819,1.05841,1.00,1.00
2018.04.06 02:44:04.171,1.05818,1.05843,2.25,1.00
2018.04.06 02:44:04.427,1.05818,1.05842,1.50,1.31
2018.04.06 02:44:05.034,1.05818,1.05842,1.50,1.25
2018.04.06 02:44:05.573,1.05818,1.0584,1.19,1.00
2018.04.06 02:44:06.124,1.05815,1.05839,3.94,1.25
2018.04.06 02:44:06.671,1.05819,1.05841,1.00,1.44
2018.04.06 02:44:07.177,1.05818,1.05842,1.25,2.25
2018.04.06 02:44:07.865,1.05819,1.05842,1.00,2.44
2018.04.06 02:44:08.793,1.05819,1.05841,1.25,1.12
2018.04.06 02:44:09.244,1.05816,1.05839,2.44,1.25
2018.04.06 02:44:09.347,1.05816,1.05838,1.69,1.38
2018.04.06 02:44:09.450,1.05814,1.05835,1.19,1.00
2018.04.06 02:44:10.831,1.05814,1.05835,1.19,1.00
2018.04.06 02:44:12.106,1.05812,1.05835,1.19,1.00
2018.04.06 02:44:12.157,1.05814,1.05837,1.25,1.88
2018.04.06 02:44:13.149,1.05816,1.05837,1.19,1.00
2018.04.06 02:44:14.021,1.05815,1.05839,3.75,1.38
2018.04.06 02:44:14.364,1.05816,1.0584,1.69,1.69
2018.04.06 02:44:14.416,1.05816,1.0584,1.69,1.63
2018.04.06 02:44:14.724,1.05816,1.05841,2.44,1.00
2018.04.06 02:44:14.776,1.05816,1.05839,1.69,1.31
2018.04.06 02:44:15.383,1.05816,1.05839,1.69,1.12
2018.04.06 02:44:18.060,1.05816,1.05839,2.06,1.44
2018.04.06 02:44:18.264,1.05816,1.05842,4.87,3.94
2018.04.06 02:44:19.073,1.05817,1.05842,1.44,1.81
2018.04.06 02:44:19.762,1.05816,1.0584,1.87,1.38
2018.04.06 02:44:19.813,1.05816,1.0584,1.50,2.44
2018.04.06 02:44:19.865,1.05815,1.05837,1.12,1.37
2018.04.06 02:44:20.216,1.05808,1.05832,1.00,2.44
2018.04.06 02:44:20.472,1.05808,1.05833,1.50,1.50
2018.04.06 02:44:22.533,1.05809,1.05833,1.00,1.31
2018.04.06 02:44:24.608,1.05808,1.0583,1.50,1.56
2018.04.06 02:44:24.661,1.05806,1.05828,1.50,1.69
2018.04.06 02:44:24.917,1.05804,1.05827,1.12,1.31
2018.04.06 02:44:25.501,1.05805,1.05827,1.00,1.31
2018.04.06 02:44:26.256,1.05805,1.05827,1.00,1.25
2018.04.06 02:44:26.784,1.05808,1.05832,1.00,1.75
2018.04.06 02:44:27.143,1.05808,1.05831,1.50,1.31
2018.04.06 02:44:27.660,1.05809,1.05833,1.00,1.75
2018.04.06 02:44:28.957,1.05809,1.05833,1.00,1.81
2018.04.06 02:44:29.705,1.05809,1.05833,1.50,1.81
2018.04.06 02:44:30.239,1.05806,1.05831,2.44,1.56
2018.04.06 02:44:31.028,1.05806,1.0583,1.00,1.00
2018.04.06 02:44:31.081,1.05805,1.05829,3.00,1.69
2018.04.06 02:44:31.594,1.05803,1.05827,4.31,1.31
2018.04.06 02:44:31.907,1.05807,1.05831,1.00,2.00
2018.04.06 02:44:32.010,1.05809,1.05832,2.25,1.69
2018.04.06 02:44:32.518,1.0581,1.05831,1.00,1.19
2018.04.06 02:44:33.031,1.05809,1.05831,1.69,1.81
2018.04.06 02:44:33.732,1.05807,1.05829,1.00,1.38
2018.04.06 02:44:34.039,1.05805,1.05828,1.50,1.38
2018.04.06 02:44:34.565,1.05804,1.05827,1.12,1.25
2018.04.06 02:44:37.623,1.05804,1.05826,1.31,1.00
2018.04.06 02:44:38.169,1.05804,1.05827,1.31,1.25
2018.04.06 02:44:40.935,1.05804,1.05829,2.25,1.69
2018.04.06 02:44:42.039,1.05804,1.05829,1.87,1.50
2018.04.06 02:44:45.286,1.05808,1.05829,1.00,1.19
2018.04.06 02:44:45.490,1.05807,1.05831,1.00,1.69
2018.04.06 02:44:46.349,1.05808,1.0583,1.00,1.63
2018.04.06 02:44:59.416,1.05805,1.05828,1.00,1.00
2018.04.06 02:44:59.467,1.05804,1.05827,1.25,1.44
2018.04.06 02:45:00.922,1.05802,1.05825,1.87,1.00
2018.04.06 02:45:01.229,1.05802,1.05823,1.00,1.12
2018.04.06 02:45:01.332,1.058,1.05822,1.00,1.81
2018.04.06 02:45:01.383,1.058,1.05822,1.00,2.06
2018.04.06 02:45:01.510,1.05794,1.05818,1.00,2.44
2018.04.06 02:45:02.119,1.05793,1.05817,1.00,1.75
2018.04.06 02:45:02.277,1.05796,1.05818,1.12,1.12
2018.04.06 02:45:02.328,1.05798,1.05819,1.00,1.56
2018.04.06 02:45:03.498,1.05798,1.05822,1.50,3.19
2018.04.06 02:45:07.217,1.05796,1.05822,2.62,2.44
2018.04.06 02:45:07.835,1.05796,1.05822,2.62,3.19
2018.04.06 02:45:08.646,1.05796,1.05822,2.25,2.63
2018.04.06 02:45:09.156,1.05797,1.05821,1.25,1.31
2018.04.06 02:45:09.918,1.05797,1.05821,1.44,1.56
2018.04.06 02:45:10.092,1.05796,1.05818,1.31,1.19
2018.04.06 02:45:10.144,1.05795,1.05818,1.69,1.87
2018.04.06 02:45:10.198,1.05793,1.05816,1.00,1.81
2018.04.06 02:45:10.708,1.05792,1.05816,1.87,1.69
2018.04.06 02:45:11.214,1.05792,1.05816,1.87,1.69
2018.04.06 02:45:11.810,1.05792,1.05816,1.87,1.81
2018.04.06 02:45:14.752,1.05797,1.05819,1.00,1.56
2018.04.06 02:45:14.803,1.05796,1.05821,1.00,1.75
2018.04.06 02:45:15.135,1.05799,1.05821,1.00,2.44
2018.04.06 02:45:15.560,1.05796,1.05818,1.00,1.81
2018.04.06 02:45:16.124,1.05795,1.05818,1.50,1.12
2018.04.06 02:45:16.670,1.05795,1.05818,1.50,1.13
2018.04.06 02:45:17.256,1.05794,1.05818,3.94,1.13
2018.04.06 02:45:17.512,1.05796,1.05819,1.00,1.56
2018.04.06 02:45:17.890,1.05797,1.05821,1.00,2.06
2018.04.06 02:45:18.401,1.05796,1.0582,1.00,2.00
2018.04.06 02:45:18.660,1.05796,1.05819,1.00,2.81
2018.04.06 02:45:18.712,1.05794,1.05818,1.50,1.13
2018.04.06 02:45:19.879,1.05794,1.05819,1.25,2.06
2018.04.06 02:45:20.354,1.05797,1.05819,1.00,1.81
2018.04.06 02:45:24.979,1.05798,1.05817,1.00,1.38
2018.04.06 02:45:29.913,1.05793,1.05816,1.00,1.44
2018.04.06 02:45:29.965,1.05792,1.05814,1.00,1.19
2018.04.06 02:45:30.284,1.0579,1.05813,1.00,1.19
2018.04.06 02:45:30.593,1.05792,1.05816,1.00,1.31
2018.04.06 02:45:30.852,1.05794,1.05817,1.00,1.50
2018.04.06 02:45:31.365,1.05794,1.05816,1.00,1.63
2018.04.06 02:45:32.567,1.05794,1.05816,1.00,1.13
2018.04.06 02:45:37.149,1.05797,1.05818,1.00,1.50
2018.04.06 02:45:37.201,1.05797,1.05819,1.00,2.06
2018.04.06 02:45:37.251,1.05797,1.05819,1.00,2.44
2018.04.06 02:45:43.741,1.05794,1.05815,1.00,1.00
2018.04.06 02:45:43.792,1.05794,1.05815,1.00,1.31
2018.04.06 02:45:44.437,1.05794,1.05817,1.00,1.13
2018.04.06 02:45:44.540,1.05797,1.05819,1.00,2.63
2018.04.06 02:45:45.359,1.05797,1.0582,1.50,1.56
2018.04.06 02:45:45.514,1.05797,1.05819,1.00,2.00
2018.04.06 02:45:46.616,1.05797,1.05819,1.00,3.19
2018.04.06 02:45:53.565,1.05794,1.05817,2.25,1.38
2018.04.06 02:45:54.143,1.05795,1.05817,1.00,1.38
2018.04.06 02:46:00.168,1.05795,1.05818,1.00,1.50
2018.04.06 02:46:00.322,1.05798,1.05819,1.00,1.19
2018.04.06 02:46:01.334,1.05798,1.05819,1.00,1.00
2018.04.06 02:46:03.027,1.05798,1.0582,1.00,1.13
2018.04.06 02:46:03.354,1.05798,1.05819,1.00,1.69
2018.04.06 02:46:04.260,1.05796,1.05815,2.25,1.00
2018.04.06 02:46:04.363,1.05796,1.05814,1.00,1.38
2018.04.06 02:46:04.502,1.0579,1.05811,2.25,1.12
2018.04.06 02:46:04.554,1.0579,1.05813,1.00,1.88
2018.04.06 02:46:04.708,1.0579,1.05813,1.25,1.00
2018.04.06 02:46:04.912,1.05794,1.05816,1.50,1.88
2018.04.06 02:46:06.829,1.05793,1.05816,1.87,1.69
2018.04.06 02:46:07.378,1.05794,1.05816,1.00,1.69
2018.04.06 02:46:08.276,1.05793,1.05816,1.87,1.69
2018.04.06 02:46:08.841,1.05794,1.05816,1.00,1.69
2018.04.06 02:46:09.419,1.05793,1.05816,1.87,2.44
2018.04.06 02:46:11.927,1.05794,1.05816,1.00,1.63
2018.04.06 02:46:11.978,1.05792,1.05816,1.69,1.19
2018.04.06 02:46:12.081,1.05795,1.05816,1.00,1.31
2018.04.06 02:46:18.154,1.05795,1.05813,1.00,1.00
2018.04.06 02:46:18.736,1.05795,1.05816,1.00,1.19
2018.04.06 02:46:23.687,1.05795,1.05816,1.00,1.00
2018.04.06 02:46:23.739,1.05796,1.05818,1.00,1.13
2018.04.06 02:46:23.842,1.05797,1.0582,1.13,1.50
2018.04.06 02:46:23.894,1.058,1.05821,1.00,1.00
2018.04.06 02:46:23.997,1.05801,1.05824,1.00,1.87
2018.04.06 02:46:24.535,1.05802,1.05824,1.00,1.00
2018.04.06 02:46:25.245,1.05802,1.05826,1.50,1.50
2018.04.06 02:46:25.804,1.05802,1.05826,2.44,1.13
2018.04.06 02:46:26.590,1.05802,1.05826,2.81,1.44
2018.04.06 02:46:27.134,1.05802,1.05826,2.63,1.63
2018.04.06 02:46:27.928,1.05802,1.05825,1.69,1.12
2018.04.06 02:46:29.052,1.05802,1.05825,1.50,1.63
2018.04.06 02:46:29.681,1.05802,1.05825,1.69,1.31
2018.04.06 02:46:30.089,1.05801,1.05823,1.19,1.50
2018.04.06 02:46:30.141,1.05798,1.05821,1.25,1.25
2018.04.06 02:46:30.344,1.05797,1.05819,1.00,1.25
2018.04.06 02:46:30.697,1.05798,1.05821,1.00,1.25
2018.04.06 02:46:30.749,1.05798,1.05821,1.00,2.81
2018.04.06 02:46:31.260,1.05798,1.05821,1.00,2.63
2018.04.06 02:46:31.867,1.05798,1.05821,1.00,2.63
2018.04.06 02:46:32.096,1.05795,1.05817,1.00,1.31
2018.04.06 02:46:32.198,1.05793,1.05817,1.69,2.06
2018.04.06 02:46:32.300,1.05793,1.05817,1.69,2.81
2018.04.06 02:46:34.625,1.05793,1.05817,1.69,2.25
2018.04.06 02:46:35.235,1.05793,1.05817,1.69,2.81
2018.04.06 02:46:37.054,1.05793,1.05817,1.25,3.19
2018.04.06 02:46:37.593,1.05792,1.05817,1.19,3.56
2018.04.06 02:46:38.307,1.05792,1.05817,1.44,2.25
2018.04.06 02:46:40.183,1.05792,1.05817,2.06,1.38
2018.04.06 02:46:40.839,1.05794,1.05817,1.00,1.13
2018.04.06 02:46:41.873,1.05795,1.05817,1.00,1.13
2018.04.06 02:46:42.319,1.05795,1.05815,1.00,1.00
2018.04.06 02:46:42.673,1.05795,1.05817,1.00,1.00
2018.04.06 02:46:44.319,1.05795,1.05818,1.00,1.00
2018.04.06 02:46:44.885,1.05795,1.0582,1.69,1.69
2018.04.06 02:46:45.443,1.05795,1.05821,2.63,3.75
2018.04.06 02:46:45.993,1.05796,1.0582,1.00,1.19
2018.04.06 02:46:46.994,1.05796,1.05821,1.25,3.75
2018.04.06 02:46:47.610,1.05796,1.05821,1.00,2.81
2018.04.06 02:46:48.121,1.05796,1.0582,1.00,1.69
2018.04.06 02:46:48.701,1.05796,1.0582,1.00,1.69
2018.04.06 02:46:49.246,1.05796,1.05819,1.00,1.38
2018.04.06 02:46:49.757,1.05796,1.05819,1.00,1.13
2018.04.06 02:46:50.299,1.05796,1.0582,1.00,1.69
2018.04.06 02:46:53.888,1.05798,1.05821,1.00,1.50
2018.04.06 02:46:53.940,1.05799,1.05822,1.25,1.00
2018.04.06 02:46:54.044,1.05804,1.05827,1.50,1.00
2018.04.06 02:46:54.389,1.05808,1.05831,1.00,3.56
2018.04.06 02:46:54.830,1.05806,1.05829,1.00,1.63
2018.04.06 02:46:55.342,1.05806,1.05829,1.00,1.81
2018.04.06 02:46:55.641,1.05807,1.05829,1.00,1.00
2018.04.06 02:46:55.815,1.05809,1.05831,1.00,1.31
2018.04.06 02:46:57.118,1.05809,1.05833,1.00,1.88
2018.04.06 02:46:59.033,1.05809,1.05833,1.00,1.88
2018.04.06 02:47:00.004,1.05809,1.05833,1.00,1.69
2018.04.06 02:47:00.601,1.05809,1.05833,1.00,1.88
2018.04.06 02:47:01.230,1.05809,1.05832,1.00,1.81
2018.04.06 02:47:01.661,1.05809,1.05833,1.00,1.88
2018.04.06 02:47:02.185,1.05808,1.05833,3.00,3.00
2018.04.06 02:47:02.567,1.05806,1.0583,1.00,2.81
2018.04.06 02:47:03.138,1.05808,1.05829,1.00,1.12
2018.04.06 02:47:03.342,1.0581,1.05833,1.00,2.44
2018.04.06 02:47:03.890,1.0581,1.05834,1.00,3.75
2018.04.06 02:47:04.430,1.0581,1.05834,1.00,5.25
2018.04.06 02:47:05.229,1.0581,1.05833,1.00,2.25
2018.04.06 02:47:06.740,1.0581,1.05835,1.00,2.63
2018.04.06 02:47:07.271,1.0581,1.05835,1.00,1.88
2018.04.06 02:47:07.773,1.0581,1.05835,1.00,1.69
2018.04.06 02:47:07.927,1.05811,1.05835,1.00,1.31
2018.04.06 02:47:07.978,1.05811,1.05835,1.00,2.44
2018.04.06 02:47:08.284,1.05811,1.05834,1.00,1.94
2018.04.06 02:47:08.880,1.05811,1.05834,1.25,1.94
2018.04.06 02:47:09.278,1.05811,1.05834,1.25,1.94
2018.04.06 02:47:09.917,1.05811,1.05834,1.25,1.94
2018.04.06 02:47:12.405,1.05809,1.05834,1.00,1.94
2018.04.06 02:47:12.553,1.05809,1.05828,1.00,1.00
2018.04.06 02:47:13.093,1.05809,1.05834,1.00,1.94
2018.04.06 02:47:13.445,1.05809,1.05833,1.25,2.44
2018.04.06 02:47:16.658,1.05809,1.05833,1.25,2.44
2018.04.06 02:47:16.964,1.05808,1.05831,1.00,1.69
2018.04.06 02:47:20.886,1.05808,1.05829,1.50,1.44
2018.04.06 02:47:22.990,1.05807,1.05829,1.00,1.56
2018.04.06 02:47:24.008,1.05808,1.05829,1.00,1.56
2018.04.06 02:47:24.485,1.05808,1.05823,1.00,1.00
2018.04.06 02:47:24.984,1.05808,1.05829,1.00,1.56
2018.04.06 02:47:25.446,1.05806,1.05829,2.25,1.31
2018.04.06 02:47:26.140,1.05807,1.05827,1.00,1.00
2018.04.06 02:47:27.816,1.05806,1.05828,1.00,1.50
2018.04.06 02:47:28.332,1.05806,1.05828,1.00,1.75
2018.04.06 02:47:28.848,1.05806,1.05828,1.00,1.81
2018.04.06 02:47:30.330,1.05806,1.05828,1.00,1.75
2018.04.06 02:47:30.647,1.05808,1.05831,1.00,3.19
2018.04.06 02:47:30.699,1.0581,1.05833,1.00,2.81
2018.04.06 02:47:31.006,1.05814,1.05834,1.00,1.13
2018.04.06 02:47:31.554,1.05815,1.05837,1.00,1.69
2018.04.06 02:47:32.062,1.05815,1.05837,1.00,1.69
2018.04.06 02:47:32.524,1.05816,1.05837,1.00,2.06
2018.04.06 02:47:33.062,1.05816,1.05838,1.00,1.31
2018.04.06 02:47:33.586,1.05816,1.05838,1.25,1.63
2018.04.06 02:47:36.402,1.05816,1.05838,1.25,1.25
2018.04.06 02:47:36.454,1.05821,1.0584,1.00,1.12
2018.04.06 02:47:36.506,1.05819,1.05842,1.00,1.44
2018.04.06 02:47:36.609,1.05822,1.05844,1.00,2.25
2018.04.06 02:47:36.661,1.05824,1.05845,1.25,1.88
2018.04.06 02:47:36.764,1.05826,1.05847,1.00,2.63
2018.04.06 02:47:37.142,1.05827,1.05847,1.00,1.56
2018.04.06 02:47:37.246,1.05826,1.05847,1.25,1.88
2018.04.06 02:47:37.349,1.05828,1.05847,1.00,1.19
2018.04.06 02:47:37.503,1.05829,1.0585,1.00,1.50
2018.04.06 02:47:38.112,1.05828,1.05849,1.00,2.06
2018.04.06 02:47:38.418,1.05828,1.0585,1.00,1.69
2018.04.06 02:47:38.807,1.05828,1.0585,1.00,3.19
2018.04.06 02:47:39.011,1.05828,1.05849,1.00,1.25
2018.04.06 02:47:39.063,1.05827,1.05849,1.00,1.88
2018.04.06 02:47:39.372,1.05823,1.05845,1.00,1.94
2018.04.06 02:47:39.628,1.05826,1.05847,1.00,1.25
2018.04.06 02:47:40.146,1.05827,1.05849,1.25,1.69
2018.04.06 02:47:40.493,1.05826,1.05845,1.00,1.19
2018.04.06 02:47:40.699,1.05825,1.05847,1.00,1.12
2018.04.06 02:47:41.294,1.05826,1.05848,1.00,1.44
2018.04.06 02:47:42.997,1.05824,1.05847,1.00,1.31
2018.04.06 02:47:43.049,1.05822,1.05841,1.00,1.69
2018.04.06 02:47:43.103,1.05824,1.05843,1.00,1.19
2018.04.06 02:47:43.156,1.05822,1.05845,1.00,2.06
2018.04.06 02:47:43.207,1.05825,1.05845,1.00,1.12
2018.04.06 02:47:43.361,1.05821,1.05844,1.00,3.75
2018.04.06 02:47:43.413,1.05822,1.05843,1.00,1.44
2018.04.06 02:47:43.567,1.05824,1.05845,1.00,2.81
2018.04.06 02:47:44.465,1.05821,1.05844,1.00,1.19
2018.04.06 02:47:44.517,1.05823,1.05845,1.00,1.56
2018.04.06 02:47:45.027,1.05824,1.05845,1.00,3.00
2018.04.06 02:47:45.079,1.05824,1.05845,1.00,1.69
2018.04.06 02:47:45.869,1.05824,1.05844,1.00,1.00
2018.04.06 02:47:46.376,1.05825,1.05844,1.00,1.00
2018.04.06 02:47:46.941,1.05826,1.05844,1.00,1.00
2018.04.06 02:47:47.360,1.05822,1.05845,1.00,2.25
2018.04.06 02:47:47.412,1.05821,1.05843,1.00,1.19
2018.04.06 02:47:47.567,1.05822,1.05844,1.00,2.44
2018.04.06 02:47:47.724,1.05818,1.05841,1.50,1.69
2018.04.06 02:47:48.032,1.05823,1.05843,1.00,1.00
2018.04.06 02:47:48.623,1.05823,1.05844,1.00,1.12
2018.04.06 02:47:49.277,1.05823,1.05844,1.00,1.44
2018.04.06 02:47:50.400,1.05821,1.05843,1.50,1.19
2018.04.06 02:47:50.707,1.05825,1.05847,1.00,2.00
2018.04.06 02:47:51.537,1.05825,1.05846,1.00,1.44
2018.04.06 02:47:59.339,1.05825,1.05848,1.00,1.88
2018.04.06 02:48:00.052,1.05825,1.05849,1.00,2.44
2018.04.06 02:48:00.565,1.05825,1.05849,1.00,2.44
2018.04.06 02:48:01.560,1.05826,1.05848,1.00,1.56
2018.04.06 02:48:02.078,1.05825,1.05848,1.00,1.19
2018.04.06 02:48:02.231,1.05827,1.0585,1.00,2.81
2018.04.06 02:48:02.739,1.05827,1.0585,1.00,2.63
2018.04.06 02:48:03.334,1.05826,1.0585,1.00,2.63
2018.04.06 02:48:03.824,1.05826,1.0585,1.00,2.63
2018.04.06 02:48:04.464,1.05826,1.0585,1.00,2.63
2018.04.06 02:48:05.150,1.05825,1.0585,1.00,2.63
2018.04.06 02:48:08.175,1.05825,1.05849,1.00,1.13
2018.04.06 02:48:12.607,1.05826,1.0585,1.00,1.13
2018.04.06 02:48:12.710,1.05831,1.05855,1.62,1.50
2018.04.06 02:48:12.762,1.05834,1.05857,1.00,1.56
2018.04.06 02:48:13.126,1.05833,1.05854,1.00,1.38
2018.04.06 02:48:13.228,1.05833,1.05854,1.00,1.25
2018.04.06 02:48:13.382,1.05834,1.05854,1.00,1.63
2018.04.06 02:48:13.433,1.05832,1.05854,1.00,1.63
2018.04.06 02:48:13.850,1.05832,1.05854,1.00,1.25
2018.04.06 02:48:14.314,1.05833,1.05854,1.00,1.50
2018.04.06 02:48:14.851,1.05832,1.05855,1.00,1.56
2018.04.06 02:48:15.220,1.05832,1.05854,1.00,1.25
2018.04.06 02:48:15.273,1.05832,1.05855,1.00,2.44
2018.04.06 02:48:15.325,1.05833,1.05856,1.00,2.25
2018.04.06 02:48:15.377,1.05832,1.05855,1.19,1.00
2018.04.06 02:48:15.684,1.05833,1.05857,1.25,2.44
2018.04.06 02:48:16.460,1.05832,1.05857,1.69,1.56
2018.04.06 02:48:17.516,1.05832,1.05857,1.69,2.06
2018.04.06 02:48:18.025,1.05832,1.05857,1.69,2.06
2018.04.06 02:48:18.126,1.05832,1.05856,2.44,1.38
2018.04.06 02:48:18.687,1.05832,1.05857,1.69,2.81
2018.04.06 02:48:18.993,1.05832,1.05857,1.69,2.25
2018.04.06 02:48:19.109,1.05832,1.05857,1.69,2.63
2018.04.06 02:48:19.674,1.05833,1.05857,1.25,1.88
2018.04.06 02:48:19.980,1.05831,1.05853,1.50,1.25
2018.04.06 02:48:20.715,1.05831,1.05853,1.50,1.44
2018.04.06 02:48:22.647,1.05831,1.05854,1.00,1.50
2018.04.06 02:48:23.157,1.05832,1.05856,1.00,3.00
2018.04.06 02:48:23.705,1.05833,1.05855,1.00,1.44
2018.04.06 02:48:24.217,1.05833,1.05855,1.50,1.88
2018.04.06 02:48:24.756,1.05832,1.05855,1.25,1.63
2018.04.06 02:48:25.305,1.05832,1.05855,1.25,1.44
2018.04.06 02:48:26.585,1.05832,1.05855,1.19,2.06
2018.04.06 02:48:27.606,1.05832,1.05855,1.19,2.06
2018.04.06 02:48:28.256,1.05832,1.05855,1.19,2.06
2018.04.06 02:48:28.805,1.05832,1.05855,1.19,1.88
2018.04.06 02:48:29.579,1.05832,1.05857,1.19,3.19
2018.04.06 02:48:31.135,1.05831,1.05854,1.25,2.06
2018.04.06 02:48:31.187,1.05832,1.05856,1.00,4.13
2018.04.06 02:48:31.239,1.05833,1.05856,1.00,4.31
2018.04.06 02:48:31.342,1.05833,1.05856,1.00,3.94
2018.04.06 02:48:31.464,1.0583,1.05853,1.00,2.25
2018.04.06 02:48:31.727,1.05831,1.05855,1.69,1.13
2018.04.06 02:48:31.831,1.05832,1.05856,1.00,2.44
2018.04.06 02:48:31.985,1.05834,1.05857,1.50,1.44
2018.04.06 02:48:32.493,1.05834,1.05858,1.50,1.50
2018.04.06 02:48:33.028,1.05835,1.05858,1.00,2.25
2018.04.06 02:48:33.557,1.05835,1.05858,1.00,2.25
2018.04.06 02:48:34.228,1.05835,1.05858,1.00,1.88
2018.04.06 02:48:34.741,1.05834,1.05858,1.50,1.38
2018.04.06 02:48:35.180,1.05835,1.05858,1.00,1.69
2018.04.06 02:48:35.231,1.05834,1.05858,1.00,1.50
2018.04.06 02:48:35.540,1.0583,1.05854,1.50,1.37
2018.04.06 02:48:35.591,1.05829,1.05853,1.50,1.56
2018.04.06 02:48:36.230,1.05829,1.05851,1.00,1.31
2018.04.06 02:48:36.734,1.05829,1.05852,1.50,2.06
2018.04.06 02:48:37.127,1.05829,1.05851,1.00,1.75
2018.04.06 02:48:37.280,1.05826,1.05851,1.50,2.25
2018.04.06 02:48:37.794,1.05826,1.05851,1.50,2.25
2018.04.06 02:48:39.383,1.05826,1.05851,1.50,1.88
2018.04.06 02:48:40.112,1.05826,1.05851,1.50,1.88
2018.04.06 02:48:41.324,1.05826,1.05851,1.50,2.63
2018.04.06 02:48:41.846,1.05826,1.05851,1.50,2.63
2018.04.06 02:48:42.193,1.05826,1.05846,1.50,1.00
2018.04.06 02:48:42.729,1.05826,1.05847,1.50,1.00
2018.04.06 02:48:43.273,1.05826,1.05851,1.50,2.25
2018.04.06 02:48:44.087,1.05827,1.0585,1.00,1.50
2018.04.06 02:48:44.610,1.05826,1.0585,1.50,1.50
2018.04.06 02:48:46.104,1.05827,1.05851,1.00,3.19
2018.04.06 02:48:50.509,1.05827,1.05848,1.00,1.25
2018.04.06 02:48:51.045,1.05827,1.05848,1.00,1.44
2018.04.06 02:48:51.785,1.05827,1.05848,1.00,1.12
2018.04.06 02:48:52.440,1.05826,1.05849,1.00,2.06
2018.04.06 02:48:54.590,1.05826,1.05849,1.50,1.88
2018.04.06 02:48:54.641,1.05826,1.05848,1.50,1.25
2018.04.06 02:48:56.607,1.05826,1.0585,1.50,1.44
2018.04.06 02:48:56.762,1.05828,1.05851,1.50,3.19
2018.04.06 02:48:57.222,1.05828,1.05851,1.50,1.50
2018.04.06 02:48:57.486,1.05829,1.05853,1.00,3.56
2018.04.06 02:48:57.796,1.05829,1.0585,1.50,1.50
2018.04.06 02:48:58.382,1.05828,1.0585,2.25,1.31
2018.04.06 02:48:59.370,1.05828,1.05851,1.00,2.06
2018.04.06 02:49:01.040,1.05828,1.0585,1.00,1.50
2018.04.06 02:49:01.545,1.05828,1.05851,1.00,3.19
2018.04.06 02:49:01.988,1.05826,1.05842,1.50,1.00
2018.04.06 02:49:02.643,1.05826,1.05851,1.00,3.00
2018.04.06 02:49:06.764,1.05826,1.0585,1.50,1.50
2018.04.06 02:49:07.294,1.05827,1.05851,1.00,3.00
2018.04.06 02:49:08.668,1.05827,1.05846,1.00,1.00
2018.04.06 02:49:08.978,1.05826,1.05845,1.00,1.31
2018.04.06 02:49:09.790,1.05826,1.05849,1.00,2.06
2018.04.06 02:49:10.303,1.05826,1.05849,1.00,2.63
2018.04.06 02:49:11.105,1.05827,1.05849,1.00,1.12
2018.04.06 02:49:11.639,1.05826,1.05849,3.19,1.12
2018.04.06 02:49:12.676,1.05826,1.05849,1.50,1.31
2018.04.06 02:49:13.231,1.05826,1.05849,1.50,1.50
2018.04.06 02:49:13.512,1.05826,1.05849,1.50,1.12
2018.04.06 02:49:14.022,1.05826,1.05849,1.50,1.50
2018.04.06 02:49:14.381,1.05826,1.05845,1.50,1.00
2018.04.06 02:49:14.842,1.05823,1.05846,1.50,1.44
2018.04.06 02:49:14.894,1.05822,1.05844,1.00,1.19
2018.04.06 02:49:15.211,1.0582,1.05843,1.50,2.00
2018.04.06 02:49:15.849,1.05818,1.05841,1.50,1.19
2018.04.06 02:49:17.727,1.05818,1.05841,1.50,1.19
2018.04.06 02:49:18.094,1.05816,1.05842,1.00,2.63
2018.04.06 02:49:19.890,1.05816,1.05842,1.00,2.63
2018.04.06 02:49:20.008,1.05818,1.05841,1.00,1.56
2018.04.06 02:49:20.324,1.05816,1.0584,2.25,1.25
2018.04.06 02:49:20.376,1.05816,1.05839,1.00,1.19
2018.04.06 02:49:20.683,1.05813,1.05836,1.00,1.69
2018.04.06 02:49:20.940,1.05813,1.05837,1.87,1.50
2018.04.06 02:49:21.043,1.05816,1.05839,1.00,1.31
2018.04.06 02:49:22.119,1.05816,1.0584,1.50,1.69
2018.04.06 02:49:24.688,1.05815,1.05839,1.50,1.19
2018.04.06 02:49:25.382,1.05816,1.0584,1.00,1.69
2018.04.06 02:49:35.604,1.05816,1.05839,1.00,2.63
2018.04.06 02:49:36.144,1.05816,1.05838,1.00,1.25
2018.04.06 02:49:38.248,1.05816,1.05838,1.00,1.31
2018.04.06 02:49:38.503,1.05814,1.05838,1.25,1.25
2018.04.06 02:49:38.835,1.05814,1.05838,1.19,1.31
2018.04.06 02:49:38.937,1.05814,1.05838,1.25,1.25
2018.04.06 02:49:39.451,1.05814,1.05838,1.19,1.31
2018.04.06 02:49:39.979,1.05814,1.05839,1.25,1.69
2018.04.06 02:49:43.155,1.05814,1.05837,1.25,1.00
2018.04.06 02:49:43.681,1.05815,1.05836,1.25,1.25
2018.04.06 02:49:44.217,1.05815,1.05837,1.25,1.87
2018.04.06 02:49:44.756,1.05815,1.05836,1.25,1.25
2018.04.06 02:49:48.957,1.05814,1.05836,1.50,1.00
2018.04.06 02:49:53.468,1.05814,1.05838,2.25,1.25
2018.04.06 02:49:53.520,1.05817,1.0584,1.00,2.06
2018.04.06 02:50:00.628,1.05816,1.0584,1.50,2.06
2018.04.06 02:50:01.142,1.05816,1.0584,1.50,1.87
2018.04.06 02:50:02.518,1.05816,1.05839,1.88,1.00
2018.04.06 02:50:03.583,1.0582,1.0584,1.00,1.00
2018.04.06 02:50:03.945,1.0582,1.0584,1.69,1.31
2018.04.06 02:50:03.998,1.05823,1.05845,1.00,1.00
2018.04.06 02:50:04.809,1.05822,1.05845,1.25,1.00
2018.04.06 02:50:05.112,1.05822,1.05845,1.25,1.37
2018.04.06 02:50:05.495,1.05822,1.05847,1.69,3.56
2018.04.06 02:50:05.798,1.05822,1.05844,1.50,1.12
2018.04.06 02:50:05.850,1.05819,1.0584,1.00,1.25
2018.04.06 02:50:06.005,1.05819,1.05839,1.75,1.00
2018.04.06 02:50:06.488,1.05819,1.05842,1.75,1.00
2018.04.06 02:50:07.080,1.0582,1.05843,1.50,1.69
2018.04.06 02:50:07.132,1.0582,1.05842,1.00,1.19
2018.04.06 02:50:07.387,1.0582,1.05842,1.00,2.63
2018.04.06 02:50:07.559,1.05818,1.05842,1.00,2.63
2018.04.06 02:50:08.246,1.05818,1.05842,1.00,2.63
2018.04.06 02:50:10.922,1.05818,1.05842,1.00,2.63
2018.04.06 02:50:11.127,1.05818,1.05842,1.50,1.69
2018.04.06 02:50:11.808,1.05818,1.05842,1.50,1.69
2018.04.06 02:50:12.405,1.05818,1.05842,1.50,1.50
2018.04.06 02:50:12.766,1.05818,1.05842,1.50,1.69
2018.04.06 02:50:13.966,1.05818,1.05842,1.50,2.06
2018.04.06 02:50:14.780,1.05818,1.05842,1.50,2.06
2018.04.06 02:50:14.992,1.05816,1.05841,2.44,2.06
2018.04.06 02:50:15.529,1.05817,1.05841,1.00,3.56
2018.04.06 02:50:15.838,1.05816,1.05837,1.00,1.75
2018.04.06 02:50:16.770,1.05816,1.05837,1.00,2.00
2018.04.06 02:50:17.327,1.05813,1.05837,2.06,1.75
2018.04.06 02:50:18.089,1.05815,1.05837,1.00,1.75
2018.04.06 02:50:18.628,1.05813,1.05837,2.06,1.81
2018.04.06 02:50:21.075,1.05813,1.05838,1.13,3.19
2018.04.06 02:50:25.364,1.05813,1.05838,1.44,2.44
2018.04.06 02:50:33.936,1.05813,1.05838,1.31,3.19
2018.04.06 02:50:33.988,1.05815,1.05838,1.12,1.50
2018.04.06 02:50:35.517,1.05815,1.05839,1.12,2.44
2018.04.06 02:50:36.114,1.05815,1.05838,1.12,1.00
2018.04.06 02:50:37.194,1.05815,1.05839,1.12,2.25
2018.04.06 02:50:37.927,1.05815,1.05838,1.12,1.25
2018.04.06 02:50:38.588,1.05815,1.05839,1.12,2.44
2018.04.06 02:50:42.164,1.05815,1.05837,1.12,1.00
2018.04.06 02:50:42.703,1.05815,1.05838,1.12,1.00
2018.04.06 02:50:51.375,1.05815,1.05839,1.31,2.44
2018.04.06 02:50:51.789,1.05815,1.05838,1.50,1.00
2018.04.06 02:50:55.193,1.05815,1.05838,1.38,1.00
2018.04.06 02:50:56.186,1.05815,1.05838,1.38,1.50
2018.04.06 02:50:56.723,1.05815,1.05838,1.44,1.00
2018.04.06 02:50:57.310,1.05815,1.05838,1.88,1.50
2018.04.06 02:50:57.466,1.0581,1.05832,1.12,1.50
2018.04.06 02:50:57.517,1.0581,1.05832,1.87,1.00
2018.04.06 02:50:58.113,1.05812,1.05833,1.19,1.50
2018.04.06 02:50:58.326,1.05812,1.05835,1.19,1.13
2018.04.06 02:50:58.875,1.05812,1.05835,1.19,1.38
2018.04.06 02:50:59.432,1.05812,1.05835,1.19,1.13
2018.04.06 02:51:01.295,1.05812,1.05835,1.50,1.38
2018.04.06 02:51:02.546,1.05812,1.05835,1.50,1.25
2018.04.06 02:51:03.065,1.05812,1.05835,1.50,1.38
2018.04.06 02:51:04.135,1.05811,1.05836,1.75,1.44
2018.04.06 02:51:04.645,1.05811,1.05836,2.06,1.38
2018.04.06 02:51:05.250,1.05811,1.05836,2.00,1.56
2018.04.06 02:51:05.916,1.05811,1.05836,1.75,1.63
2018.04.06 02:51:05.967,1.05811,1.05835,2.25,1.56
2018.04.06 02:51:06.069,1.05811,1.05835,2.44,1.44
2018.04.06 02:51:06.473,1.05811,1.05835,2.25,1.44
2018.04.06 02:51:06.626,1.05811,1.05835,2.25,1.25
2018.04.06 02:51:07.151,1.05812,1.05835,1.50,1.44
2018.04.06 02:51:08.150,1.05811,1.05835,2.25,1.13
2018.04.06 02:51:08.655,1.05811,1.05835,2.63,1.44
2018.04.06 02:51:08.861,1.05811,1.05836,2.25,2.25
2018.04.06 02:51:09.397,1.05813,1.05837,1.19,1.00
2018.04.06 02:51:09.608,1.05814,1.0584,1.25,3.37
2018.04.06 02:51:13.348,1.05814,1.05838,1.00,1.69
2018.04.06 02:51:13.676,1.05814,1.05836,1.00,1.31
2018.04.06 02:51:21.601,1.05814,1.05838,1.00,2.81
2018.04.06 02:51:21.704,1.05811,1.05837,1.50,1.31
2018.04.06 02:51:22.694,1.0581,1.05836,1.69,2.06
2018.04.06 02:51:29.204,1.0581,1.05827,1.69,1.00
2018.04.06 02:51:29.745,1.0581,1.05835,1.69,1.25
2018.04.06 02:51:34.641,1.05811,1.05835,1.00,1.25
2018.04.06 02:51:36.954,1.05811,1.05833,1.00,1.00
2018.04.06 02:51:37.493,1.05811,1.05835,1.00,1.25
2018.04.06 02:51:39.566,1.05812,1.05835,1.00,1.00
2018.04.06 02:51:40.799,1.05813,1.05835,1.00,1.00
2018.04.06 02:51:52.115,1.05813,1.05836,1.00,1.00
2018.04.06 02:51:52.319,1.05813,1.05839,1.69,3.75
2018.04.06 02:51:55.979,1.05813,1.05839,1.87,2.25
2018.04.06 02:51:57.442,1.05814,1.05839,1.50,1.00
2018.04.06 02:51:59.044,1.05817,1.0584,1.69,1.69
2018.04.06 02:52:00.249,1.05822,1.0584,1.00,1.00
2018.04.06 02:52:00.300,1.05824,1.05845,1.00,3.00
2018.04.06 02:52:00.455,1.05824,1.05847,1.19,1.50
2018.04.06 02:52:01.631,1.05824,1.05848,1.44,1.00
2018.04.06 02:52:05.731,1.05823,1.05848,1.69,1.69
2018.04.06 02:52:06.405,1.05823,1.05846,2.44,1.00
2018.04.06 02:52:07.067,1.05824,1.05846,1.00,1.50
2018.04.06 02:52:08.859,1.05824,1.05844,1.00,1.00
2018.04.06 02:52:09.170,1.05827,1.05844,1.00,1.00
2018.04.06 02:52:09.221,1.05824,1.05845,1.00,1.00
2018.04.06 02:52:09.732,1.05824,1.05847,1.50,1.50
2018.04.06 02:52:10.367,1.05824,1.05848,1.00,1.69
2018.04.06 02:52:18.311,1.05824,1.05847,1.50,1.50
2018.04.06 02:52:19.843,1.05824,1.05847,1.69,1.50
2018.04.06 02:52:21.131,1.05824,1.05847,3.00,1.00
2018.04.06 02:52:22.004,1.05824,1.0584,2.44,1.00
2018.04.06 02:52:22.566,1.05824,1.0585,2.25,2.25
2018.04.06 02:52:25.834,1.05825,1.05849,1.69,1.00
2018.04.06 02:52:30.645,1.05825,1.05848,3.19,1.00
2018.04.06 02:52:38.312,1.05825,1.05849,2.06,1.00
2018.04.06 02:52:39.324,1.05828,1.0585,1.50,1.00
2018.04.06 02:52:39.857,1.05829,1.05849,1.50,1.00
2018.04.06 02:52:41.848,1.05829,1.05847,1.00,1.00
2018.04.06 02:52:42.351,1.05829,1.05846,1.00,1.00
2018.04.06 02:52:42.859,1.05829,1.05847,1.00,1.00
2018.04.06 02:52:43.038,1.05829,1.05849,1.00,1.00
2018.04.06 02:52:44.592,1.05829,1.0585,1.00,1.00
2018.04.06 02:52:47.964,1.05829,1.05849,1.50,1.00
2018.04.06 02:52:55.198,1.05829,1.0585,1.00,1.25
2018.04.06 02:52:55.762,1.05828,1.0585,2.25,1.00
2018.04.06 02:52:57.844,1.05829,1.05849,1.00,1.00
2018.04.06 02:52:58.361,1.05828,1.05849,1.00,1.00
2018.04.06 02:52:59.122,1.05828,1.05849,1.00,2.06
2018.04.06 02:52:59.720,1.05828,1.05846,1.00,1.00
2018.04.06 02:53:00.305,1.05827,1.05847,1.00,1.25
2018.04.06 02:53:01.477,1.05828,1.05849,1.00,2.81
2018.04.06 02:53:02.031,1.05827,1.05849,1.50,1.56
2018.04.06 02:53:03.955,1.05828,1.05849,1.00,2.81
2018.04.06 02:53:04.815,1.05827,1.05849,1.50,1.62
2018.04.06 02:53:05.464,1.05828,1.05849,1.00,2.06
2018.04.06 02:53:09.317,1.05825,1.05849,1.00,1.87
2018.04.06 02:53:11.117,1.05825,1.05849,1.00,2.06
2018.04.06 02:53:14.427,1.05825,1.05847,1.00,1.31
2018.04.06 02:53:17.123,1.05825,1.05842,1.00,1.00
2018.04.06 02:53:17.724,1.05825,1.05847,1.00,1.31
2018.04.06 02:53:25.752,1.05825,1.05847,1.00,1.12
2018.04.06 02:53:29.822,1.05825,1.05847,1.00,1.31
2018.04.06 02:53:35.648,1.05822,1.05847,1.19,1.31
2018.04.06 02:53:36.624,1.05821,1.05844,1.00,1.50
2018.04.06 02:53:36.804,1.05826,1.0585,1.00,1.50
2018.04.06 02:53:36.908,1.05826,1.0585,1.19,1.69
2018.04.06 02:53:37.442,1.05824,1.05849,1.75,1.50
2018.04.06 02:53:38.264,1.05824,1.05849,1.75,1.50
2018.04.06 02:53:41.514,1.05824,1.0585,1.99,1.50
2018.04.06 02:53:42.085,1.05824,1.05849,1.12,1.00
2018.04.06 02:53:42.456,1.05824,1.0585,1.87,1.00
2018.04.06 02:53:43.895,1.05827,1.05849,1.00,1.00
2018.04.06 02:53:45.004,1.05825,1.05849,1.25,1.69
2018.04.06 02:53:45.506,1.05825,1.05849,1.19,1.25
2018.04.06 02:53:46.997,1.05825,1.05849,1.19,1.44
2018.04.06 02:53:47.722,1.05825,1.05849,1.19,1.37
2018.04.06 02:53:51.854,1.05825,1.05849,1.19,1.00
2018.04.06 02:53:52.398,1.05825,1.05849,1.19,1.19
2018.04.06 02:53:52.925,1.05825,1.05849,1.19,1.00
2018.04.06 02:53:53.477,1.05825,1.05849,1.19,1.19
2018.04.06 02:53:54.004,1.05825,1.05849,1.19,1.00
2018.04.06 02:53:55.088,1.05825,1.05849,1.19,1.19
2018.04.06 02:53:55.592,1.05825,1.05849,1.19,1.12
2018.04.06 02:53:55.780,1.05825,1.05849,1.50,1.00
2018.04.06 02:53:55.883,1.05828,1.05851,1.25,1.00
2018.04.06 02:53:57.173,1.05828,1.05851,1.50,1.00
2018.04.06 02:53:58.194,1.05829,1.05846,1.19,1.00
2018.04.06 02:53:58.734,1.05829,1.05852,1.19,1.44
2018.04.06 02:53:59.581,1.05829,1.05852,1.19,1.25
2018.04.06 02:54:00.159,1.05829,1.05852,1.19,1.44
2018.04.06 02:54:00.707,1.05829,1.05852,1.19,1.25
2018.04.06 02:54:00.759,1.05829,1.05849,1.19,1.00
2018.04.06 02:54:01.253,1.05829,1.05852,1.19,1.44
2018.04.06 02:54:01.979,1.05829,1.05852,1.19,1.25
2018.04.06 02:54:02.062,1.05829,1.05852,1.50,1.25
2018.04.06 02:54:06.360,1.05829,1.05854,1.50,1.50
2018.04.06 02:54:06.977,1.05829,1.05853,1.50,1.25
2018.04.06 02:54:22.979,1.05831,1.05856,1.19,1.87
2018.04.06 02:54:23.031,1.05831,1.05855,1.50,1.00
2018.04.06 02:54:23.343,1.05832,1.05857,1.31,1.87
2018.04.06 02:54:23.844,1.05832,1.05857,1.75,2.25
2018.04.06 02:54:24.148,1.05832,1.05857,2.06,2.44
2018.04.06 02:54:24.249,1.05832,1.05857,2.06,2.25
2018.04.06 02:54:24.789,1.05832,1.05857,2.06,2.44
2018.04.06 02:54:24.969,1.05832,1.05857,2.06,2.25
2018.04.06 02:54:25.532,1.05832,1.05857,2.00,2.62
2018.04.06 02:54:25.583,1.05832,1.05857,2.25,2.44
2018.04.06 02:54:25.743,1.05831,1.05857,5.06,2.25
2018.04.06 02:54:26.229,1.05833,1.05857,1.75,2.44
2018.04.06 02:54:26.434,1.05832,1.05857,1.87,1.50
2018.04.06 02:54:26.845,1.05832,1.05857,1.75,1.87
2018.04.06 02:54:27.153,1.05831,1.05857,2.81,1.50
2018.04.06 02:54:27.607,1.05831,1.05856,2.81,1.44
2018.04.06 02:54:27.911,1.05831,1.05856,3.37,1.37
2018.04.06 02:54:28.975,1.05833,1.05856,1.75,1.37
2018.04.06 02:54:29.597,1.05831,1.05855,2.25,1.44
2018.04.06 02:54:30.279,1.05831,1.05855,2.25,1.37
2018.04.06 02:54:30.582,1.05831,1.05855,1.75,1.37
2018.04.06 02:54:31.997,1.05831,1.05855,1.75,1.37
2018.04.06 02:54:33.055,1.05831,1.05855,1.75,1.37
2018.04.06 02:54:34.099,1.05831,1.05855,1.75,1.37
2018.04.06 02:54:35.327,1.05831,1.05855,1.75,1.37
2018.04.06 02:54:47.030,1.05831,1.05855,1.19,1.00
2018.04.06 02:54:47.717,1.05831,1.05854,1.19,1.25
2018.04.06 02:54:48.234,1.05828,1.05853,1.75,1.00
2018.04.06 02:55:01.336,1.0583,1.05855,1.19,1.25
2018.04.06 02:55:02.063,1.05829,1.05855,2.25,1.87
2018.04.06 02:55:05.443,1.0583,1.05854,1.00,3.00
2018.04.06 02:55:05.962,1.0583,1.05854,1.00,3.75
2018.04.06 02:55:07.421,1.0583,1.05854,1.00,2.25
2018.04.06 02:55:10.795,1.0583,1.05854,1.00,2.81
2018.04.06 02:55:21.158,1.05831,1.05854,1.00,2.44
2018.04.06 02:55:21.888,1.0583,1.05854,1.50,1.69
2018.04.06 02:55:22.486,1.05831,1.05854,1.00,1.69
2018.04.06 02:55:23.587,1.05832,1.05853,1.00,1.44
2018.04.06 02:55:24.474,1.05831,1.05854,1.00,1.69
2018.04.06 02:55:25.191,1.05832,1.05853,1.00,1.44
2018.04.06 02:55:28.063,1.05831,1.05854,1.00,1.69
2018.04.06 02:55:28.545,1.05828,1.05854,1.69,1.69
2018.04.06 02:55:28.993,1.05828,1.05854,1.25,1.25
2018.04.06 02:55:37.455,1.05828,1.05853,2.44,1.00
2018.04.06 02:55:38.098,1.05828,1.05855,1.25,1.19
2018.04.06 02:55:38.763,1.05828,1.05853,2.44,1.00
2018.04.06 02:55:39.490,1.05828,1.05853,1.25,2.25
2018.04.06 02:55:40.792,1.05828,1.05853,1.25,2.25
2018.04.06 02:55:41.404,1.05828,1.05853,1.25,2.25
2018.04.06 02:55:49.862,1.05828,1.05853,1.75,2.62
2018.04.06 02:55:49.914,1.0583,1.05854,1.19,1.00
2018.04.06 02:55:49.966,1.05833,1.05856,1.25,1.00
2018.04.06 02:55:50.019,1.05833,1.05856,1.50,1.00
2018.04.06 02:55:50.122,1.05833,1.05858,2.62,1.00
2018.04.06 02:55:50.275,1.05836,1.0586,1.25,1.00
2018.04.06 02:55:50.748,1.05836,1.0586,1.25,1.37
2018.04.06 02:55:51.178,1.05837,1.05861,1.25,1.87
2018.04.06 02:55:52.536,1.05836,1.05861,1.19,1.87
2018.04.06 02:55:55.323,1.05836,1.05861,1.19,1.69
2018.04.06 02:55:55.375,1.05836,1.05861,1.19,1.50
2018.04.06 02:55:55.581,1.05836,1.05861,1.19,1.87
2018.04.06 02:55:56.268,1.05836,1.05861,1.19,1.87
2018.04.06 02:56:02.683,1.05836,1.05861,1.19,1.87
2018.04.06 02:56:05.804,1.05836,1.05861,1.19,1.87
2018.04.06 02:56:07.128,1.05836,1.05861,1.19,1.37
2018.04.06 02:56:08.645,1.05839,1.05862,1.00,3.56
2018.04.06 02:56:11.086,1.05839,1.05862,1.00,2.81
2018.04.06 02:56:16.177,1.05839,1.05862,1.00,2.44
2018.04.06 02:56:16.444,1.05839,1.05862,1.00,2.81
2018.04.06 02:56:16.940,1.05839,1.05862,1.00,2.81
2018.04.06 02:56:39.867,1.05838,1.05863,1.00,1.56
2018.04.06 02:56:40.020,1.05838,1.05863,1.00,1.37
2018.04.06 02:56:40.185,1.05838,1.05863,1.00,1.44
2018.04.06 02:56:40.545,1.05838,1.05863,1.00,1.37
2018.04.06 02:56:40.729,1.05838,1.05863,1.00,1.44
2018.04.06 02:56:41.320,1.05838,1.05863,1.00,1.56
2018.04.06 02:56:41.858,1.05838,1.05863,1.00,1.62
2018.04.06 02:56:42.217,1.05838,1.05863,1.00,1.37
2018.04.06 02:56:42.371,1.05838,1.05863,1.00,1.19
2018.04.06 02:56:42.724,1.05838,1.05863,1.00,1.37
2018.04.06 02:56:42.938,1.05838,1.05863,1.00,1.62
2018.04.06 02:56:43.640,1.05838,1.05863,1.00,1.56
2018.04.06 02:56:52.856,1.05838,1.05863,1.00,1.37
2018.04.06 02:56:53.637,1.05838,1.05863,1.00,1.37
2018.04.06 02:56:58.969,1.05838,1.05864,1.00,2.25
2018.04.06 02:56:59.073,1.05839,1.05864,1.00,1.44
2018.04.06 02:56:59.367,1.05839,1.05864,1.50,1.37
2018.04.06 02:56:59.899,1.05839,1.05865,1.50,1.37
2018.04.06 02:57:00.417,1.0584,1.05863,1.00,1.44
2018.04.06 02:57:00.898,1.0584,1.05863,1.00,1.37
2018.04.06 02:57:02.930,1.0584,1.05863,1.00,1.44
2018.04.06 02:57:03.504,1.0584,1.05863,1.00,1.56
2018.04.06 02:57:04.026,1.0584,1.05863,1.00,1.19
2018.04.06 02:57:04.901,1.0584,1.05863,1.00,1.37
2018.04.06 02:57:05.574,1.0584,1.05863,1.00,1.69
2018.04.06 02:57:06.469,1.0584,1.05862,1.00,1.44
2018.04.06 02:57:06.986,1.0584,1.05862,1.00,1.25
2018.04.06 02:57:07.090,1.05836,1.05859,1.00,1.00
2018.04.06 02:57:07.193,1.05837,1.05859,1.00,1.87
2018.04.06 02:57:07.245,1.05833,1.05858,1.00,1.19
2018.04.06 02:57:07.373,1.05835,1.05858,1.00,1.19
2018.04.06 02:57:07.892,1.05835,1.05859,1.00,1.75
2018.04.06 02:57:08.491,1.05834,1.05859,1.50,2.19
2018.04.06 02:57:10.082,1.05835,1.0586,1.00,3.00
2018.04.06 02:57:13.509,1.05832,1.05857,1.00,3.56
2018.04.06 02:57:13.919,1.05835,1.05858,1.00,1.69
2018.04.06 02:57:14.022,1.05836,1.05861,1.19,1.00
2018.04.06 02:57:14.585,1.05836,1.05862,1.69,1.25
2018.04.06 02:57:14.781,1.05837,1.0586,1.25,1.00
2018.04.06 02:57:19.820,1.05838,1.05863,1.00,1.31
2018.04.06 02:57:20.410,1.05838,1.05864,1.25,3.19
2018.04.06 02:57:22.886,1.05838,1.05863,1.00,1.87
2018.04.06 02:57:23.668,1.05838,1.05863,1.00,1.50
2018.04.06 02:57:25.694,1.05838,1.05863,1.25,1.56
2018.04.06 02:57:31.503,1.05839,1.05864,1.00,2.44
2018.04.06 02:57:32.014,1.05838,1.05864,1.69,2.06
2018.04.06 02:57:34.710,1.05838,1.05864,1.69,2.81
2018.04.06 02:57:35.262,1.05838,1.05864,1.69,2.81
2018.04.06 02:57:35.386,1.05838,1.05861,1.00,1.00
2018.04.06 02:57:35.694,1.05842,1.05865,1.00,1.00
2018.04.06 02:57:37.765,1.05845,1.05867,1.00,1.62
2018.04.06 02:57:38.274,1.05846,1.05869,1.00,1.44
2018.04.06 02:57:41.625,1.05846,1.05869,1.50,1.00
2018.04.06 02:57:47.937,1.05846,1.05873,1.69,3.56
2018.04.06 02:57:48.446,1.05847,1.05873,1.00,3.56
2018.04.06 02:57:49.318,1.05847,1.05873,1.00,3.56
2018.04.06 02:57:52.305,1.05847,1.05873,1.00,3.56
2018.04.06 02:57:55.202,1.05847,1.05873,1.00,2.62
2018.04.06 02:57:56.166,1.05848,1.05873,1.00,2.62
2018.04.06 02:57:56.774,1.05848,1.05873,1.00,2.62
2018.04.06 02:57:58.311,1.05848,1.05873,1.00,2.62
2018.04.06 02:58:00.066,1.05848,1.05873,1.00,3.37
2018.04.06 02:58:05.763,1.05848,1.05873,1.00,2.62
2018.04.06 02:58:09.694,1.05848,1.05873,1.00,1.87
2018.04.06 02:58:12.097,1.05849,1.05874,1.19,1.00
2018.04.06 02:58:12.404,1.05851,1.05876,1.19,1.37
2018.04.06 02:58:12.984,1.05851,1.05876,1.19,1.87
2018.04.06 02:58:14.621,1.05851,1.05876,1.69,1.87
2018.04.06 02:58:15.296,1.05851,1.05876,1.69,1.87
2018.04.06 02:58:16.636,1.05849,1.05873,1.69,1.19
2018.04.06 02:58:16.687,1.05848,1.05872,1.19,1.12
2018.04.06 02:58:16.740,1.05848,1.0587,1.00,1.50
2018.04.06 02:58:19.022,1.05848,1.0587,1.00,1.31
2018.04.06 02:58:20.845,1.05848,1.0587,1.00,1.12
2018.04.06 02:58:22.661,1.05848,1.0587,1.00,1.44
2018.04.06 02:58:22.802,1.05848,1.0587,1.00,1.25
2018.04.06 02:58:22.853,1.05848,1.05865,1.00,1.00
2018.04.06 02:58:23.365,1.05848,1.0587,1.00,1.25
2018.04.06 02:58:23.737,1.05848,1.0587,1.00,1.44
2018.04.06 02:58:23.788,1.05848,1.0587,1.00,1.25
2018.04.06 02:58:24.265,1.05848,1.0587,1.00,1.44
2018.04.06 02:58:24.422,1.05848,1.0587,1.00,1.25
2018.04.06 02:58:25.119,1.05846,1.0587,1.00,1.87
2018.04.06 02:58:25.273,1.05844,1.05869,1.69,1.44
2018.04.06 02:58:26.598,1.05844,1.0587,1.19,2.44
2018.04.06 02:58:34.058,1.05844,1.0587,1.19,2.25
2018.04.06 02:58:34.701,1.05844,1.0587,1.19,3.94
2018.04.06 02:58:39.458,1.05846,1.0587,1.00,3.19
2018.04.06 02:58:40.066,1.05844,1.0587,1.19,3.19
2018.04.06 02:58:44.780,1.05844,1.0587,1.69,3.75
2018.04.06 02:58:49.113,1.05846,1.0587,1.00,2.25
2018.04.06 02:58:49.652,1.05844,1.0587,1.19,2.25
2018.04.06 02:58:54.702,1.05846,1.0587,1.00,1.50
2018.04.06 02:58:55.260,1.05846,1.0587,1.00,1.31
2018.04.06 02:58:55.565,1.05848,1.05871,1.00,1.19
2018.04.06 02:58:55.880,1.0585,1.05871,1.00,1.19
2018.04.06 02:58:56.524,1.05849,1.05871,1.50,1.19
2018.04.06 02:58:58.230,1.05849,1.05874,1.50,3.19
2018.04.06 02:59:04.664,1.05849,1.05872,1.50,1.44
2018.04.06 02:59:05.268,1.0585,1.05872,1.00,1.19
2018.04.06 02:59:05.370,1.05849,1.05872,1.50,1.56
2018.04.06 02:59:05.422,1.05847,1.05871,1.00,1.31
2018.04.06 02:59:05.524,1.05845,1.0587,1.50,1.44
2018.04.06 02:59:06.365,1.05844,1.05869,1.50,1.56
2018.04.06 02:59:15.609,1.05844,1.0587,1.19,3.19
2018.04.06 02:59:15.864,1.05847,1.0587,1.00,2.25
2018.04.06 02:59:15.967,1.05847,1.0587,1.00,2.25
2018.04.06 02:59:16.203,1.05845,1.05869,2.44,1.00
2018.04.06 02:59:25.859,1.05845,1.05869,1.69,1.44
2018.04.06 02:59:26.420,1.05845,1.05869,1.69,1.25
2018.04.06 02:59:27.964,1.05845,1.05869,1.69,1.44
2018.04.06 02:59:28.066,1.05845,1.05864,1.69,1.00
2018.04.06 02:59:28.618,1.05845,1.05869,1.69,1.25
2018.04.06 02:59:28.773,1.05844,1.05868,1.00,1.19
2018.04.06 02:59:29.083,1.05843,1.05868,2.44,1.75
2018.04.06 02:59:30.249,1.05845,1.05868,1.00,2.44
2018.04.06 02:59:30.639,1.05843,1.05868,2.25,2.81
2018.04.06 02:59:35.817,1.05843,1.05868,1.50,1.87
2018.04.06 02:59:35.971,1.05844,1.05869,1.25,1.50
2018.04.06 02:59:36.734,1.05844,1.05869,1.25,1.69
2018.04.06 02:59:37.273,1.05844,1.05869,1.25,1.31
2018.04.06 02:59:37.397,1.05846,1.05869,1.00,1.31
2018.04.06 02:59:38.961,1.05843,1.05869,1.19,2.25
2018.04.06 02:59:44.730,1.05842,1.05869,2.62,1.50
2018.04.06 02:59:49.094,1.05845,1.05869,1.00,1.50
2018.04.06 02:59:49.681,1.05842,1.05869,2.62,1.50
2018.04.06 02:59:52.703,1.05844,1.05869,1.00,2.44
2018.04.06 02:59:53.244,1.05842,1.05869,3.37,2.44
2018.04.06 02:59:53.577,1.05846,1.05869,1.00,2.44
2018.04.06 02:59:53.738,1.05844,1.05869,1.00,2.44
2018.04.06 02:59:57.084,1.05842,1.05869,1.69,2.81
2018.04.06 02:59:58.626,1.05844,1.05868,1.00,1.81
