2013.01.08 17:00:03.307,1.2562,1.25653,4.05,1.13
2013.01.08 17:00:07.443,1.2562,1.25653,1.88,1.13
2013.01.08 17:00:08.357,1.25629,1.25657,1.13,1.13
2013.01.08 17:00:08.545,1.25627,1.25658,2.85,1.65
2013.01.08 17:00:08.613,1.25627,1.25658,2.48,1.65
2013.01.08 17:00:08.745,1.25624,1.25661,5.11,1.04
2013.01.08 17:00:08.813,1.25624,1.2566,3.75,1.67
2013.01.08 17:00:08.993,1.25624,1.25658,3.98,1.13
2013.01.08 17:00:09.773,1.25624,1.25658,2.48,1.73
2013.01.08 17:00:10.133,1.25624,1.25658,2.25,2.22
2013.01.08 17:00:10.650,1.25623,1.25657,2.40,2.48
2013.01.08 17:00:10.776,1.25623,1.25654,2.40,1.73
2013.01.08 17:00:16.824,1.25623,1.25659,2.40,3.23
2013.01.08 17:00:16.956,1.25624,1.25659,1.13,3.23
2013.01.08 17:00:17.083,1.25624,1.25659,1.13,3.23
2013.01.08 17:00:20.337,1.25625,1.25659,2.48,1.73
2013.01.08 17:00:20.523,1.25622,1.25656,2.40,1.73
2013.01.08 17:00:27.384,1.25624,1.25656,1.13,1.50
2013.01.08 17:00:27.502,1.25623,1.25656,2.40,1.73
2013.01.08 17:00:27.683,1.25625,1.25656,1.73,1.50
2013.01.08 17:00:27.742,1.25625,1.25656,1.73,1.50
2013.01.08 17:00:27.861,1.25625,1.25656,1.73,1.50
2013.01.08 17:00:28.042,1.25625,1.25659,1.73,1.73
2013.01.08 17:00:28.553,1.25631,1.25659,1.13,1.73
2013.01.08 17:00:29.112,1.25633,1.25667,1.50,1.73
2013.01.08 17:00:29.173,1.25634,1.25667,1.28,1.73
2013.01.08 17:00:33.120,1.25633,1.25667,3.98,1.73
2013.01.08 17:00:33.245,1.25634,1.25672,3.08,1.73
2013.01.08 17:00:33.553,1.25634,1.25665,1.50,1.73
2013.01.08 17:00:33.673,1.25634,1.25665,1.50,1.50
2013.01.08 17:00:34.100,1.25628,1.25665,3.75,2.25
2013.01.08 17:00:34.784,1.25622,1.25656,1.13,2.48
2013.01.08 17:00:35.096,1.25608,1.25639,1.65,1.96
2013.01.08 17:00:35.237,1.25616,1.25646,1.13,1.50
2013.01.08 17:00:35.308,1.25616,1.25646,2.25,1.50
2013.01.08 17:00:35.493,1.25616,1.25647,3.00,3.00
2013.01.08 17:00:35.553,1.25616,1.25647,2.78,3.23
2013.01.08 17:00:36.173,1.25615,1.25647,1.65,1.73
2013.01.08 17:00:36.232,1.25615,1.25647,1.65,1.73
2013.01.08 17:00:36.292,1.25615,1.25647,1.65,2.00
2013.01.08 17:00:36.354,1.25613,1.25647,2.55,1.25
2013.01.08 17:00:36.672,1.25611,1.25647,1.65,1.25
2013.01.08 17:00:41.723,1.25611,1.25643,1.65,1.73
2013.01.08 17:00:42.024,1.25624,1.25649,2.10,2.25
2013.01.08 17:00:42.143,1.25624,1.25652,1.73,1.50
2013.01.08 17:00:42.204,1.25624,1.25652,1.50,1.73
2013.01.08 17:00:42.818,1.25624,1.25651,2.40,1.73
2013.01.08 17:00:43.474,1.25619,1.25653,1.65,2.29
2013.01.08 17:00:46.832,1.25618,1.25644,1.50,2.10
2013.01.08 17:00:47.012,1.25622,1.25644,1.13,1.20
2013.01.08 17:00:47.389,1.25622,1.25653,1.13,1.73
2013.01.08 17:00:47.452,1.25622,1.25653,1.13,1.73
2013.01.08 17:00:47.959,1.25622,1.25652,1.13,1.45
2013.01.08 17:00:48.311,1.25622,1.2565,1.13,3.81
2013.01.08 17:00:48.432,1.25614,1.25642,4.13,1.13
2013.01.08 17:00:48.551,1.2561,1.25638,1.47,1.59
2013.01.08 17:00:48.611,1.2561,1.25638,1.32,1.59
2013.01.08 17:00:48.671,1.25609,1.25632,2.07,1.38
2013.01.08 17:00:49.032,1.25601,1.2563,1.65,1.38
2013.01.08 17:00:49.613,1.256,1.2563,1.13,1.38
2013.01.08 17:00:49.981,1.25596,1.25629,2.40,1.14
2013.01.08 17:00:52.026,1.25591,1.25625,1.50,1.67
2013.01.08 17:00:52.564,1.2559,1.25625,2.25,1.36
2013.01.08 17:00:56.354,1.25591,1.25623,3.23,1.61
2013.01.08 17:00:56.422,1.25591,1.25622,2.25,1.73
2013.01.08 17:00:56.488,1.25591,1.25622,2.25,1.73
2013.01.08 17:00:59.682,1.25588,1.2562,1.13,1.73
2013.01.08 17:00:59.813,1.25587,1.2562,2.40,1.30
2013.01.08 17:01:00.501,1.25587,1.25623,2.48,1.73
2013.01.08 17:01:00.741,1.25587,1.2562,2.25,1.21
2013.01.08 17:01:00.921,1.25587,1.25623,2.48,1.73
2013.01.08 17:01:02.282,1.25587,1.25618,2.25,1.73
2013.01.08 17:01:05.042,1.25588,1.25625,1.73,1.73
2013.01.08 17:01:05.481,1.25598,1.25627,2.25,1.73
2013.01.08 17:01:05.782,1.25597,1.25629,2.25,1.35
2013.01.08 17:01:06.141,1.25602,1.25629,1.50,1.35
2013.01.08 17:01:06.687,1.25602,1.25629,1.50,1.35
2013.01.08 17:01:07.052,1.25602,1.25634,1.50,2.30
2013.01.08 17:01:07.913,1.25602,1.25634,1.50,2.30
2013.01.08 17:01:08.152,1.25602,1.25634,1.50,1.47
2013.01.08 17:01:08.951,1.25602,1.25638,1.50,3.43
2013.01.08 17:01:09.012,1.25599,1.25638,1.50,1.50
2013.01.08 17:01:09.131,1.25598,1.25629,1.50,1.73
2013.01.08 17:01:09.251,1.25598,1.25629,1.50,1.73
2013.01.08 17:01:09.311,1.25598,1.25629,1.50,1.73
2013.01.08 17:01:10.131,1.25599,1.25632,1.50,1.73
2013.01.08 17:01:10.492,1.25595,1.25625,1.13,1.81
2013.01.08 17:01:10.935,1.25593,1.25629,2.48,1.73
2013.01.08 17:01:12.472,1.25594,1.25629,2.48,1.73
2013.01.08 17:01:15.211,1.25594,1.25624,2.48,1.50
2013.01.08 17:01:15.273,1.25591,1.25624,2.40,1.73
2013.01.08 17:01:15.650,1.25591,1.25622,2.40,1.34
2013.01.08 17:01:15.714,1.25591,1.25623,2.40,1.73
2013.01.08 17:01:43.412,1.25594,1.25624,1.50,1.73
2013.01.08 17:01:45.053,1.25594,1.25628,1.50,1.43
2013.01.08 17:01:45.122,1.25593,1.25628,1.50,1.43
2013.01.08 17:01:45.254,1.25587,1.25627,3.30,1.43
2013.01.08 17:01:45.564,1.25591,1.25622,1.50,1.52
2013.01.08 17:01:46.003,1.25586,1.2562,2.40,1.13
2013.01.08 17:01:46.312,1.25596,1.2562,1.50,1.38
2013.01.08 17:01:46.451,1.25595,1.2562,1.50,1.25
2013.01.08 17:01:46.654,1.25596,1.25622,1.50,1.20
2013.01.08 17:01:46.845,1.25596,1.25624,1.50,2.60
2013.01.08 17:01:50.152,1.25596,1.25624,1.50,1.85
2013.01.08 17:01:50.455,1.25599,1.25623,1.50,1.89
2013.01.08 17:01:50.642,1.25598,1.25622,1.50,2.07
2013.01.08 17:01:50.951,1.25598,1.25625,1.50,3.03
2013.01.08 17:01:51.251,1.25593,1.25625,1.50,3.03
2013.01.08 17:01:53.793,1.25594,1.25625,1.50,2.40
2013.01.08 17:01:54.211,1.25594,1.25625,1.50,1.34
2013.01.08 17:02:01.822,1.25596,1.25622,1.50,1.79
2013.01.08 17:02:02.432,1.25596,1.25625,1.50,1.38
2013.01.08 17:02:11.402,1.25596,1.25625,1.50,2.13
2013.01.08 17:02:11.462,1.25593,1.25625,1.50,2.13
2013.01.08 17:02:12.021,1.25596,1.25625,1.50,1.29
2013.01.08 17:02:12.530,1.25593,1.25625,1.50,1.29
2013.01.08 17:02:18.871,1.25588,1.25615,1.50,2.34
2013.01.08 17:02:18.990,1.25588,1.25615,1.50,2.34
2013.01.08 17:02:19.051,1.25587,1.25615,1.50,1.59
2013.01.08 17:02:19.352,1.25583,1.25616,2.25,1.62
2013.01.08 17:02:22.436,1.25586,1.25617,1.50,2.82
2013.01.08 17:02:22.663,1.25588,1.25617,1.50,2.82
2013.01.08 17:02:22.731,1.25588,1.25617,1.50,2.67
2013.01.08 17:02:22.911,1.25589,1.25617,1.50,1.47
2013.01.08 17:02:23.231,1.25589,1.25617,1.50,1.47
2013.01.08 17:02:23.532,1.25589,1.25617,1.50,1.47
2013.01.08 17:02:28.292,1.25589,1.25621,2.25,1.20
2013.01.08 17:02:29.052,1.2559,1.25622,1.50,1.73
2013.01.08 17:02:29.113,1.25589,1.25619,2.25,1.95
2013.01.08 17:02:31.032,1.25589,1.25621,1.50,1.20
2013.01.08 17:02:31.153,1.25589,1.25621,1.50,1.20
2013.01.08 17:02:31.213,1.25589,1.25624,1.50,1.13
2013.01.08 17:02:31.451,1.25589,1.25624,1.50,1.88
2013.01.08 17:02:31.773,1.25589,1.25625,1.50,1.27
2013.01.08 17:02:32.331,1.25589,1.25618,1.50,1.50
2013.01.08 17:02:32.452,1.25589,1.25616,1.50,1.88
2013.01.08 17:02:32.631,1.25588,1.25611,2.25,1.73
2013.01.08 17:02:48.573,1.25588,1.25612,1.50,2.33
2013.01.08 17:02:48.811,1.25588,1.25614,1.50,1.13
2013.01.08 17:02:49.324,1.25588,1.25614,1.50,1.13
2013.01.08 17:02:54.291,1.25588,1.25614,1.50,1.13
2013.01.08 17:02:54.804,1.25588,1.25614,1.50,1.13
2013.01.08 17:02:55.651,1.25588,1.25614,1.50,3.38
2013.01.08 17:02:55.835,1.25589,1.25614,1.50,2.40
2013.01.08 17:02:55.961,1.25589,1.25614,1.50,2.40
2013.01.08 17:02:56.383,1.25589,1.25614,1.50,1.13
2013.01.08 17:02:56.683,1.25587,1.25615,1.88,1.95
2013.01.08 17:02:58.731,1.25585,1.25615,1.65,1.13
2013.01.08 17:02:58.913,1.25585,1.25621,1.88,1.73
2013.01.08 17:03:02.982,1.25589,1.25621,1.50,1.73
2013.01.08 17:03:05.752,1.25589,1.25621,1.50,1.73
2013.01.08 17:03:05.915,1.25589,1.25621,1.50,1.73
2013.01.08 17:03:06.843,1.25589,1.25621,1.50,1.73
2013.01.08 17:03:09.421,1.25589,1.25621,1.50,1.73
2013.01.08 17:03:09.649,1.25589,1.25621,1.50,1.73
2013.01.08 17:03:17.872,1.2559,1.25622,1.13,1.73
2013.01.08 17:03:17.991,1.2559,1.25625,1.13,1.73
2013.01.08 17:03:20.812,1.25592,1.25628,1.73,1.73
2013.01.08 17:03:21.512,1.25592,1.25628,1.73,1.50
2013.01.08 17:03:21.572,1.25597,1.25628,1.35,1.50
2013.01.08 17:03:21.691,1.25597,1.25628,2.10,1.50
2013.01.08 17:03:21.752,1.25597,1.25628,1.88,1.73
2013.01.08 17:03:22.113,1.25595,1.25626,1.13,1.35
2013.01.08 17:03:22.542,1.25593,1.25625,1.73,1.73
2013.01.08 17:03:23.193,1.25593,1.25625,1.73,1.73
2013.01.08 17:03:23.336,1.25599,1.25625,1.13,1.73
2013.01.08 17:03:23.895,1.25599,1.25625,1.35,1.50
2013.01.08 17:03:31.201,1.25594,1.25623,1.50,1.50
2013.01.08 17:03:31.322,1.25588,1.25623,2.40,1.73
2013.01.08 17:03:31.562,1.25591,1.25623,1.13,1.73
2013.01.08 17:03:31.842,1.25594,1.25623,1.13,1.73
2013.01.08 17:03:37.673,1.25591,1.25621,1.28,1.50
2013.01.08 17:03:37.792,1.25591,1.25621,1.05,1.73
2013.01.08 17:03:50.932,1.25589,1.25621,1.65,1.73
2013.01.08 17:03:51.066,1.25589,1.25621,1.73,1.50
2013.01.08 17:03:51.492,1.25593,1.25621,1.13,1.50
2013.01.08 17:03:51.883,1.25596,1.25625,1.50,1.73
2013.01.08 17:03:52.730,1.25595,1.25629,1.13,1.88
2013.01.08 17:03:52.813,1.25592,1.25627,1.28,1.88
2013.01.08 17:03:57.742,1.25595,1.25626,1.13,2.25
2013.01.08 17:03:58.315,1.25595,1.25627,1.13,1.50
2013.01.08 17:04:07.763,1.25592,1.25621,1.50,1.73
2013.01.08 17:04:08.392,1.25589,1.25621,2.25,1.73
2013.01.08 17:04:08.471,1.25589,1.25621,2.48,1.50
2013.01.08 17:04:08.942,1.25592,1.25625,1.35,2.25
2013.01.08 17:04:11.002,1.25592,1.25626,1.13,1.43
2013.01.08 17:04:12.572,1.25589,1.25625,1.73,1.73
2013.01.08 17:04:14.155,1.25593,1.25624,1.13,1.50
2013.01.08 17:04:14.222,1.25589,1.25624,1.73,1.50
2013.01.08 17:04:14.284,1.25591,1.25626,1.13,5.18
2013.01.08 17:04:14.619,1.25588,1.25616,3.75,1.01
2013.01.08 17:04:15.153,1.25588,1.25616,1.50,1.01
2013.01.08 17:04:16.193,1.25588,1.25616,1.50,1.16
2013.01.08 17:04:28.375,1.25588,1.25616,1.50,2.48
2013.01.08 17:04:28.943,1.25589,1.25619,1.50,2.18
2013.01.08 17:04:29.061,1.25594,1.25619,1.13,2.18
2013.01.08 17:04:29.184,1.25594,1.25623,2.78,1.63
2013.01.08 17:04:29.252,1.25592,1.25627,2.48,1.73
2013.01.08 17:04:29.432,1.25597,1.25629,1.88,2.48
2013.01.08 17:04:29.491,1.25597,1.25632,1.88,1.73
2013.01.08 17:04:29.911,1.25603,1.25637,2.63,1.36
2013.01.08 17:04:30.032,1.25607,1.25641,1.13,1.13
2013.01.08 17:04:30.352,1.25606,1.25643,1.13,2.86
2013.01.08 17:04:30.711,1.25605,1.25637,1.65,2.48
2013.01.08 17:04:33.678,1.25607,1.25636,1.65,1.73
2013.01.08 17:04:33.803,1.25611,1.25639,1.50,1.36
2013.01.08 17:04:33.873,1.25609,1.25641,1.13,1.73
2013.01.08 17:04:33.933,1.25613,1.25642,1.50,2.48
2013.01.08 17:04:34.481,1.25615,1.25643,1.50,2.93
2013.01.08 17:04:34.822,1.25616,1.25643,1.50,2.93
2013.01.08 17:04:35.157,1.25618,1.25652,1.50,2.76
2013.01.08 17:04:37.252,1.25618,1.25648,1.50,1.56
2013.01.08 17:04:41.103,1.25615,1.25647,2.25,1.56
2013.01.08 17:04:41.292,1.25622,1.25652,1.50,2.02
2013.01.08 17:04:58.215,1.25622,1.25653,1.50,1.42
2013.01.08 17:04:58.285,1.25622,1.25653,1.50,1.13
2013.01.08 17:04:58.793,1.2562,1.25652,1.50,1.13
2013.01.08 17:05:00.442,1.25621,1.25654,1.13,1.41
2013.01.08 17:05:00.801,1.25621,1.25655,1.50,2.61
2013.01.08 17:05:02.442,1.25619,1.25655,1.50,2.61
2013.01.08 17:05:02.562,1.25619,1.25655,1.50,2.61
2013.01.08 17:05:03.065,1.25624,1.25655,1.50,1.86
2013.01.08 17:05:04.232,1.25623,1.25655,1.50,1.72
2013.01.08 17:05:04.435,1.25621,1.25655,1.50,1.72
2013.01.08 17:05:04.561,1.25621,1.25653,1.50,1.27
2013.01.08 17:05:06.332,1.25621,1.25653,1.50,1.27
2013.01.08 17:05:07.742,1.2562,1.25653,1.50,1.27
2013.01.08 17:05:08.732,1.25621,1.25653,1.50,1.27
2013.01.08 17:05:09.370,1.25621,1.25653,1.50,1.29
2013.01.08 17:05:09.732,1.2562,1.2565,1.50,1.29
2013.01.08 17:05:12.452,1.25618,1.25648,1.50,2.58
2013.01.08 17:05:40.159,1.2561,1.25645,1.50,1.13
2013.01.08 17:05:40.482,1.25614,1.25642,1.50,1.08
2013.01.08 17:05:40.662,1.25615,1.25648,1.50,2.18
2013.01.08 17:05:42.453,1.25611,1.25645,1.50,2.18
2013.01.08 17:05:52.141,1.25614,1.25645,1.50,1.43
2013.01.08 17:05:56.744,1.25615,1.25648,1.50,1.60
2013.01.08 17:05:59.803,1.25617,1.25648,1.50,1.60
2013.01.08 17:06:15.146,1.25617,1.25648,1.50,1.71
2013.01.08 17:06:15.791,1.25617,1.25645,1.50,1.56
2013.01.08 17:06:18.743,1.25611,1.25644,1.65,1.56
2013.01.08 17:06:25.132,1.25613,1.25644,1.65,1.36
2013.01.08 17:06:26.641,1.25612,1.25644,1.65,1.36
2013.01.08 17:06:29.313,1.25612,1.25644,1.50,1.35
2013.01.08 17:06:29.436,1.25612,1.25644,1.50,1.58
2013.01.08 17:06:30.162,1.25613,1.25644,1.50,1.58
2013.01.08 17:06:38.772,1.25613,1.25644,1.50,1.80
2013.01.08 17:06:39.291,1.2561,1.25644,2.25,1.80
2013.01.08 17:06:42.036,1.2561,1.25644,2.25,1.94
2013.01.08 17:06:42.283,1.25613,1.25644,1.50,1.94
2013.01.08 17:06:51.391,1.25611,1.25644,1.50,1.71
2013.01.08 17:06:54.612,1.2561,1.25641,2.25,1.13
2013.01.08 17:06:54.673,1.25613,1.25641,1.13,1.13
2013.01.08 17:06:55.353,1.25614,1.25641,1.13,1.13
2013.01.08 17:07:00.251,1.25613,1.25641,1.13,1.13
2013.01.08 17:07:00.372,1.25611,1.25641,1.50,1.13
2013.01.08 17:07:00.897,1.25612,1.25641,1.88,1.13
2013.01.08 17:07:01.022,1.25613,1.25641,1.13,1.13
2013.01.08 17:07:01.636,1.25615,1.25641,1.50,1.13
2013.01.08 17:07:01.911,1.2561,1.25641,3.00,1.13
2013.01.08 17:07:05.342,1.25613,1.25641,1.50,1.13
2013.01.08 17:07:05.463,1.25614,1.25641,1.50,1.13
2013.01.08 17:07:21.495,1.25613,1.25641,1.13,1.13
2013.01.08 17:07:21.562,1.25613,1.25641,1.13,1.49
2013.01.08 17:07:21.682,1.2561,1.25641,2.25,1.49
2013.01.08 17:07:25.941,1.2561,1.25639,1.88,1.49
2013.01.08 17:07:26.463,1.25613,1.25639,1.13,1.49
2013.01.08 17:07:29.459,1.25613,1.25639,1.13,1.49
2013.01.08 17:07:30.731,1.25613,1.25639,1.13,1.49
2013.01.08 17:07:34.861,1.25613,1.25639,1.13,1.49
2013.01.08 17:07:39.474,1.25613,1.25639,1.13,1.49
2013.01.08 17:07:44.525,1.25613,1.25639,1.13,1.49
2013.01.08 17:07:50.012,1.2561,1.25639,1.50,1.49
2013.01.08 17:07:50.472,1.25607,1.25636,2.25,2.10
2013.01.08 17:07:50.773,1.25607,1.25635,1.50,2.40
2013.01.08 17:07:52.253,1.25595,1.25624,1.50,1.63
2013.01.08 17:07:54.033,1.25589,1.25624,1.88,1.14
2013.01.08 17:07:54.222,1.25589,1.25625,1.88,1.35
2013.01.08 17:08:02.494,1.25597,1.25622,1.50,1.13
2013.01.08 17:08:05.228,1.25592,1.25619,1.50,1.10
2013.01.08 17:08:05.293,1.25589,1.2562,1.13,1.62
2013.01.08 17:08:05.913,1.25589,1.2562,1.13,1.62
2013.01.08 17:08:06.389,1.25589,1.2562,1.13,1.65
2013.01.08 17:08:06.741,1.2559,1.25624,1.13,3.34
2013.01.08 17:08:07.042,1.2559,1.25624,1.13,1.08
2013.01.08 17:08:07.161,1.2559,1.25624,1.13,1.08
2013.01.08 17:08:07.804,1.25594,1.25619,1.50,1.08
2013.01.08 17:08:09.433,1.25586,1.25617,1.50,1.13
2013.01.08 17:08:09.563,1.25586,1.25617,1.50,1.56
2013.01.08 17:08:09.802,1.25587,1.2562,1.50,1.71
2013.01.08 17:08:10.357,1.2559,1.2562,1.50,1.71
2013.01.08 17:08:10.481,1.25591,1.2562,1.50,1.71
2013.01.08 17:08:17.338,1.25591,1.2562,1.50,1.35
2013.01.08 17:08:18.231,1.25591,1.2562,1.50,1.35
2013.01.08 17:09:05.133,1.25591,1.2562,1.50,1.35
2013.01.08 17:09:06.954,1.25591,1.2562,1.50,1.35
2013.01.08 17:09:07.052,1.25591,1.2562,1.50,1.35
2013.01.08 17:09:21.361,1.25597,1.25629,1.50,1.87
2013.01.08 17:09:21.422,1.25597,1.25629,1.50,1.35
2013.01.08 17:09:21.481,1.25598,1.25629,1.50,1.35
2013.01.08 17:09:21.541,1.25598,1.25629,1.50,1.13
2013.01.08 17:09:21.862,1.25598,1.25629,1.50,1.13
2013.01.08 17:09:22.172,1.25607,1.2563,1.50,1.35
2013.01.08 17:09:22.232,1.25607,1.25635,1.50,2.48
2013.01.08 17:10:06.564,1.25607,1.2564,1.65,1.86
2013.01.08 17:10:17.332,1.25608,1.2564,1.13,1.64
2013.01.08 17:10:19.236,1.25607,1.25639,1.65,1.73
2013.01.08 17:10:19.365,1.25606,1.25639,1.65,1.73
2013.01.08 17:10:22.053,1.25605,1.2564,1.13,1.73
2013.01.08 17:10:32.387,1.25606,1.2564,1.13,1.73
2013.01.08 17:10:32.852,1.25611,1.25641,1.35,1.64
2013.01.08 17:10:33.762,1.25611,1.2564,1.13,1.73
2013.01.08 17:10:34.313,1.25607,1.25637,1.35,1.50
2013.01.08 17:10:34.672,1.2561,1.25636,1.13,1.50
2013.01.08 17:10:47.522,1.25611,1.2564,1.13,2.85
2013.01.08 17:10:58.223,1.25607,1.25644,1.13,3.00
2013.01.08 17:10:59.558,1.25607,1.25644,1.13,1.80
2013.01.08 17:11:00.311,1.25607,1.25644,1.13,1.80
2013.01.08 17:11:01.966,1.25607,1.25645,1.13,1.13
2013.01.08 17:11:07.072,1.25606,1.25638,1.50,1.74
2013.01.08 17:11:07.852,1.25606,1.25638,1.50,1.13
2013.01.08 17:11:08.182,1.25606,1.25638,1.50,1.13
2013.01.08 17:11:14.503,1.25605,1.25637,1.13,1.73
2013.01.08 17:11:14.803,1.25605,1.25636,1.13,1.73
2013.01.08 17:11:14.862,1.25605,1.25636,1.13,1.73
2013.01.08 17:11:15.832,1.25602,1.25631,1.50,1.13
2013.01.08 17:11:15.952,1.25602,1.25631,1.50,1.13
2013.01.08 17:11:16.073,1.25602,1.25631,1.50,1.13
2013.01.08 17:11:16.612,1.256,1.25633,1.73,1.13
2013.01.08 17:11:16.671,1.25601,1.2564,1.13,1.13
2013.01.08 17:11:16.732,1.25601,1.2564,1.13,1.13
2013.01.08 17:11:19.262,1.25601,1.2564,1.13,1.13
2013.01.08 17:11:26.743,1.25604,1.25637,1.13,1.25
2013.01.08 17:11:27.052,1.25605,1.25637,1.13,1.25
2013.01.08 17:11:27.452,1.25599,1.25637,3.38,1.25
2013.01.08 17:11:27.515,1.25602,1.2564,2.40,1.13
2013.01.08 17:11:27.784,1.25599,1.25638,1.88,1.36
2013.01.08 17:11:27.972,1.256,1.25639,1.13,1.73
2013.01.08 17:11:31.212,1.256,1.2564,1.13,3.60
2013.01.08 17:11:31.422,1.256,1.25639,1.13,1.73
2013.01.08 17:11:37.634,1.256,1.25638,1.35,1.73
2013.01.08 17:11:40.995,1.25606,1.25639,1.35,1.50
2013.01.08 17:11:42.152,1.25606,1.25639,1.35,1.50
2013.01.08 17:11:50.042,1.25603,1.2564,1.50,1.73
2013.01.08 17:11:53.002,1.25614,1.25644,1.13,2.55
2013.01.08 17:11:53.182,1.25607,1.25644,3.23,2.55
2013.01.08 17:11:53.242,1.25608,1.25644,1.50,2.55
2013.01.08 17:11:53.302,1.25609,1.25648,1.50,1.47
2013.01.08 17:11:53.394,1.25609,1.25651,1.50,2.48
2013.01.08 17:11:53.451,1.25609,1.25651,1.50,2.48
2013.01.08 17:11:59.434,1.25618,1.25651,1.65,2.48
2013.01.08 17:11:59.562,1.25621,1.25658,2.48,1.58
2013.01.08 17:11:59.684,1.25621,1.25655,2.25,1.56
2013.01.08 17:11:59.869,1.25619,1.25652,1.50,1.73
2013.01.08 17:11:59.992,1.25619,1.25652,1.50,1.73
2013.01.08 17:12:02.067,1.25614,1.25653,1.88,2.78
2013.01.08 17:12:10.802,1.25614,1.25652,1.88,1.73
2013.01.08 17:12:11.352,1.25614,1.25653,1.88,2.78
2013.01.08 17:12:15.162,1.25617,1.25653,1.28,2.03
2013.01.08 17:12:18.543,1.25614,1.25651,1.65,1.13
2013.01.08 17:12:44.882,1.25614,1.25652,1.50,1.73
2013.01.08 17:12:47.287,1.25614,1.2565,1.50,1.73
2013.01.08 17:12:47.851,1.25614,1.25653,1.50,3.36
2013.01.08 17:12:48.602,1.25607,1.25641,1.50,1.38
2013.01.08 17:12:48.842,1.25605,1.25639,1.50,1.13
2013.01.08 17:12:48.902,1.25605,1.25639,1.50,1.13
2013.01.08 17:12:50.727,1.25606,1.25639,1.50,1.13
2013.01.08 17:12:52.036,1.25607,1.25639,1.50,1.13
2013.01.08 17:12:52.162,1.25607,1.25637,1.50,2.55
2013.01.08 17:12:52.462,1.25605,1.25637,1.13,2.33
2013.01.08 17:12:52.522,1.25608,1.25643,1.73,1.73
2013.01.08 17:12:52.587,1.25608,1.25643,1.73,1.73
2013.01.08 17:12:53.552,1.25608,1.25643,1.50,1.73
2013.01.08 17:12:53.907,1.25608,1.25643,1.50,1.73
2013.01.08 17:13:19.872,1.25608,1.25643,1.50,1.73
2013.01.08 17:13:20.703,1.25608,1.2564,1.50,1.13
2013.01.08 17:13:21.082,1.25608,1.2564,1.50,1.13
2013.01.08 17:13:21.874,1.25608,1.2564,1.50,1.13
2013.01.08 17:13:23.342,1.25608,1.2564,1.50,1.13
2013.01.08 17:13:24.522,1.25609,1.2564,1.50,1.13
2013.01.08 17:13:25.703,1.25609,1.2564,1.50,1.13
2013.01.08 17:13:32.589,1.25612,1.25641,1.50,1.13
2013.01.08 17:13:54.083,1.25612,1.25641,1.50,1.13
2013.01.08 17:13:54.504,1.25612,1.25641,1.50,1.13
2013.01.08 17:13:56.742,1.25612,1.25643,1.50,1.27
2013.01.08 17:13:59.336,1.25612,1.25643,1.50,1.27
2013.01.08 17:14:02.683,1.25612,1.25643,1.50,1.27
2013.01.08 17:14:03.222,1.25612,1.25643,1.50,1.27
2013.01.08 17:14:04.066,1.25612,1.25643,1.50,1.27
2013.01.08 17:14:04.602,1.25612,1.25643,1.50,1.27
2013.01.08 17:14:07.421,1.25612,1.25643,1.50,1.27
2013.01.08 17:14:07.633,1.25612,1.25643,1.50,1.27
2013.01.08 17:14:08.023,1.25612,1.25643,1.50,1.27
2013.01.08 17:14:12.263,1.25612,1.25641,1.50,1.13
2013.01.08 17:14:12.585,1.25612,1.25641,1.50,1.13
2013.01.08 17:14:13.212,1.25612,1.25641,1.50,1.13
2013.01.08 17:14:28.166,1.25611,1.25642,1.50,1.13
2013.01.08 17:14:29.046,1.25611,1.25642,1.50,1.13
2013.01.08 17:14:35.982,1.25611,1.25642,1.50,1.13
2013.01.08 17:15:02.575,1.25611,1.25642,1.50,1.13
2013.01.08 17:15:14.015,1.25611,1.25642,1.50,1.13
2013.01.08 17:15:19.955,1.25611,1.25642,1.50,1.13
2013.01.08 17:15:20.674,1.25611,1.25642,2.25,1.13
2013.01.08 17:15:21.153,1.25611,1.2564,1.50,1.13
2013.01.08 17:15:23.001,1.25612,1.25643,1.50,1.42
2013.01.08 17:15:30.165,1.25614,1.25643,1.50,1.65
2013.01.08 17:15:30.478,1.25611,1.25639,1.50,1.69
2013.01.08 17:15:30.603,1.25612,1.25639,1.50,1.13
2013.01.08 17:15:31.023,1.25617,1.25645,2.25,1.13
2013.01.08 17:15:31.503,1.25619,1.25645,1.13,1.13
2013.01.08 17:15:35.273,1.25617,1.25645,2.25,1.13
2013.01.08 17:15:36.492,1.25619,1.25645,1.13,1.13
2013.01.08 17:15:37.153,1.25617,1.25645,2.25,1.13
2013.01.08 17:15:37.463,1.25616,1.25645,1.50,1.88
2013.01.08 17:15:37.702,1.25613,1.25645,1.50,1.13
2013.01.08 17:15:38.155,1.25612,1.25644,1.50,1.41
2013.01.08 17:15:38.283,1.25612,1.25645,1.50,1.13
2013.01.08 17:15:38.342,1.25612,1.25645,1.50,1.13
2013.01.08 17:15:38.596,1.25615,1.25646,1.50,1.13
2013.01.08 17:15:43.632,1.25619,1.25646,1.13,1.13
2013.01.08 17:16:12.484,1.2562,1.25653,1.13,1.13
2013.01.08 17:16:12.793,1.25629,1.25659,1.50,1.03
2013.01.08 17:16:17.966,1.25629,1.25659,1.50,1.03
2013.01.08 17:16:18.293,1.25629,1.25659,1.50,1.03
2013.01.08 17:16:19.002,1.25629,1.2566,1.50,1.35
2013.01.08 17:16:19.182,1.25632,1.25667,1.13,2.48
2013.01.08 17:16:19.602,1.25629,1.25664,1.50,1.73
2013.01.08 17:16:19.663,1.25629,1.2566,1.50,1.13
2013.01.08 17:16:19.854,1.25625,1.25663,1.50,2.25
2013.01.08 17:16:19.923,1.25625,1.25656,1.50,1.43
2013.01.08 17:16:19.982,1.25625,1.25665,1.50,2.10
2013.01.08 17:16:20.463,1.2563,1.25666,1.50,2.48
2013.01.08 17:16:26.624,1.2563,1.25659,1.50,1.13
2013.01.08 17:16:27.004,1.2563,1.25659,1.50,1.35
2013.01.08 17:16:30.463,1.2563,1.25669,1.50,3.90
2013.01.08 17:16:40.763,1.2563,1.25669,1.50,3.90
2013.01.08 17:16:45.273,1.2563,1.25669,1.50,3.90
2013.01.08 17:16:47.152,1.2563,1.25669,1.50,3.90
2013.01.08 17:16:47.594,1.2563,1.25662,1.50,1.13
2013.01.08 17:16:47.824,1.25629,1.25659,1.50,1.35
2013.01.08 17:16:47.908,1.25629,1.25659,1.50,1.35
2013.01.08 17:16:48.454,1.25628,1.25655,1.50,1.13
2013.01.08 17:16:49.123,1.25624,1.25655,1.50,1.13
2013.01.08 17:16:50.143,1.25624,1.25655,1.50,1.13
2013.01.08 17:16:52.862,1.25624,1.25655,1.50,1.13
2013.01.08 17:16:56.924,1.25619,1.25655,1.65,1.13
2013.01.08 17:16:57.284,1.2562,1.25655,1.50,1.13
2013.01.08 17:16:57.343,1.2562,1.25658,1.73,1.88
2013.01.08 17:17:00.132,1.25626,1.25656,1.73,1.65
2013.01.08 17:17:03.543,1.25626,1.25655,1.73,1.04
2013.01.08 17:17:04.673,1.25626,1.25656,1.73,1.04
2013.01.08 17:17:05.982,1.25626,1.25655,1.73,1.04
2013.01.08 17:17:06.102,1.25626,1.25655,1.73,1.04
2013.01.08 17:17:07.465,1.25626,1.25658,1.73,1.73
2013.01.08 17:17:10.152,1.25626,1.25658,1.73,1.73
2013.01.08 17:17:11.714,1.25626,1.25654,1.73,1.50
2013.01.08 17:17:11.892,1.25626,1.25653,1.73,1.13
2013.01.08 17:17:12.192,1.25626,1.25652,1.50,1.13
2013.01.08 17:17:12.312,1.25621,1.25652,1.88,1.88
2013.01.08 17:17:13.243,1.25625,1.25659,1.13,1.73
2013.01.08 17:17:13.542,1.25624,1.25657,1.65,1.73
2013.01.08 17:17:13.736,1.25625,1.25657,1.13,1.50
2013.01.08 17:17:14.254,1.25625,1.25658,1.13,1.73
2013.01.08 17:17:14.513,1.25625,1.25657,1.13,1.50
2013.01.08 17:17:14.693,1.25625,1.25657,1.13,1.50
2013.01.08 17:17:15.752,1.25625,1.25657,1.13,1.50
2013.01.08 17:17:16.450,1.25625,1.25655,1.13,1.50
2013.01.08 17:17:16.752,1.25625,1.25651,1.13,1.13
2013.01.08 17:17:16.813,1.25621,1.25651,1.13,1.13
2013.01.08 17:17:21.662,1.2562,1.25653,1.13,1.73
2013.01.08 17:17:21.723,1.25624,1.25657,1.73,1.94
2013.01.08 17:17:29.703,1.25624,1.25658,1.73,1.88
2013.01.08 17:17:31.664,1.25624,1.25658,1.73,1.13
2013.01.08 17:17:34.084,1.25624,1.25658,1.73,1.13
2013.01.08 17:17:34.784,1.25624,1.25658,1.73,1.88
2013.01.08 17:17:35.325,1.25624,1.25654,1.50,1.13
2013.01.08 17:17:35.871,1.25624,1.25658,1.73,1.35
2013.01.08 17:17:36.562,1.25625,1.25657,1.13,1.50
2013.01.08 17:17:58.425,1.25625,1.25661,1.13,1.13
2013.01.08 17:17:59.544,1.25625,1.25658,1.13,1.73
2013.01.08 17:18:01.845,1.25625,1.25658,1.13,1.73
2013.01.08 17:18:02.729,1.25625,1.25657,1.13,1.04
2013.01.08 17:18:06.295,1.25625,1.25657,1.13,1.50
2013.01.08 17:18:06.457,1.25625,1.25657,1.13,1.50
2013.01.08 17:18:11.667,1.25624,1.25657,1.73,1.65
2013.01.08 17:18:11.926,1.25624,1.25659,1.73,1.13
2013.01.08 17:18:12.757,1.25628,1.25656,1.13,1.50
2013.01.08 17:18:12.837,1.25629,1.2566,1.65,1.73
2013.01.08 17:18:14.706,1.25629,1.2566,1.65,1.73
2013.01.08 17:18:20.075,1.2563,1.25666,1.13,1.73
2013.01.08 17:18:23.605,1.25629,1.25667,1.65,1.47
2013.01.08 17:18:23.995,1.25632,1.25666,1.13,1.73
2013.01.08 17:18:24.874,1.25632,1.25668,1.13,2.48
2013.01.08 17:18:25.125,1.25632,1.25668,1.13,2.48
2013.01.08 17:18:25.954,1.25632,1.25666,1.13,1.73
2013.01.08 17:18:26.457,1.25629,1.25664,1.65,1.73
2013.01.08 17:18:27.154,1.25629,1.2566,1.65,1.73
2013.01.08 17:18:28.394,1.25629,1.2566,1.50,1.13
2013.01.08 17:18:28.756,1.25629,1.25663,1.73,1.13
2013.01.08 17:18:29.314,1.25629,1.25663,1.73,1.13
2013.01.08 17:18:30.764,1.25629,1.2566,1.73,1.65
2013.01.08 17:18:31.004,1.25629,1.2566,1.50,1.88
2013.01.08 17:18:31.064,1.25629,1.2566,1.50,1.88
2013.01.08 17:18:34.287,1.25629,1.2566,1.73,1.65
2013.01.08 17:18:34.534,1.25629,1.2566,1.50,1.88
2013.01.08 17:18:35.062,1.25629,1.2566,1.50,2.16
2013.01.08 17:18:35.897,1.25629,1.2566,1.50,1.13
2013.01.08 17:18:36.575,1.25629,1.25662,1.73,1.28
2013.01.08 17:18:36.694,1.25629,1.2566,1.50,1.88
2013.01.08 17:18:37.306,1.25629,1.2566,1.50,1.88
2013.01.08 17:18:39.844,1.25629,1.25659,1.50,1.26
2013.01.08 17:18:49.935,1.25629,1.25661,1.50,1.13
2013.01.08 17:18:54.059,1.25629,1.2566,1.50,1.35
2013.01.08 17:18:54.425,1.25628,1.25668,1.13,1.45
2013.01.08 17:18:54.486,1.25632,1.25669,1.13,1.88
2013.01.08 17:18:54.735,1.25628,1.25665,1.13,1.73
2013.01.08 17:18:55.106,1.25628,1.25661,1.13,1.26
2013.01.08 17:19:01.135,1.25625,1.2566,2.10,1.73
2013.01.08 17:19:09.704,1.25626,1.2566,1.13,1.73
2013.01.08 17:19:10.271,1.25626,1.2566,1.13,1.73
2013.01.08 17:19:10.334,1.25626,1.25662,1.13,1.13
2013.01.08 17:19:18.685,1.25626,1.25662,1.13,1.13
2013.01.08 17:19:18.810,1.25627,1.25662,1.50,1.13
2013.01.08 17:19:18.934,1.25627,1.25663,1.73,1.13
2013.01.08 17:19:19.475,1.25633,1.25663,1.73,1.13
2013.01.08 17:19:21.024,1.2563,1.25662,1.50,1.13
2013.01.08 17:19:21.564,1.2563,1.25662,1.50,1.13
2013.01.08 17:19:21.684,1.2563,1.25664,2.48,1.13
2013.01.08 17:19:22.254,1.2563,1.25664,2.48,1.13
2013.01.08 17:19:29.714,1.2563,1.25667,1.65,1.73
2013.01.08 17:19:30.290,1.25633,1.25669,1.88,2.25
2013.01.08 17:19:36.984,1.2563,1.25667,2.40,1.56
2013.01.08 17:19:37.235,1.25634,1.25669,1.50,2.25
2013.01.08 17:19:39.205,1.2563,1.25666,1.65,1.35
2013.01.08 17:19:40.334,1.25629,1.25666,1.88,1.35
2013.01.08 17:19:49.526,1.25632,1.25663,1.50,1.13
2013.01.08 17:19:49.906,1.25635,1.25666,1.88,1.13
2013.01.08 17:19:50.536,1.25635,1.25666,1.50,1.13
2013.01.08 17:19:51.975,1.25632,1.25663,1.50,1.13
2013.01.08 17:20:00.696,1.25631,1.25661,1.50,1.13
2013.01.08 17:20:00.816,1.25633,1.25664,1.73,1.13
2013.01.08 17:20:09.748,1.25629,1.25661,1.50,1.13
2013.01.08 17:20:10.114,1.25629,1.25661,1.50,1.41
2013.01.08 17:20:12.782,1.25629,1.25658,1.50,1.13
2013.01.08 17:20:13.094,1.25631,1.25658,2.25,1.13
2013.01.08 17:20:13.634,1.25633,1.25668,1.88,3.08
2013.01.08 17:20:21.523,1.25632,1.25665,1.13,1.73
2013.01.08 17:20:22.914,1.25633,1.25668,1.88,3.08
2013.01.08 17:20:27.145,1.25633,1.25668,1.13,3.08
2013.01.08 17:20:31.625,1.25633,1.25669,1.88,1.13
2013.01.08 17:20:33.855,1.25634,1.25669,1.13,1.13
2013.01.08 17:20:35.175,1.25633,1.25669,1.88,1.13
2013.01.08 17:20:45.465,1.25633,1.25668,1.88,2.18
2013.01.08 17:20:45.724,1.25633,1.25669,2.63,1.13
2013.01.08 17:20:47.034,1.2563,1.25667,1.13,1.47
2013.01.08 17:20:47.336,1.25628,1.25664,3.98,1.13
2013.01.08 17:20:47.874,1.25631,1.25664,1.50,1.13
2013.01.08 17:20:48.391,1.25632,1.25665,1.50,1.13
2013.01.08 17:20:48.574,1.25634,1.25665,2.48,1.13
2013.01.08 17:20:49.114,1.25635,1.25665,1.73,1.13
2013.01.08 17:20:54.934,1.25634,1.25665,1.73,1.13
2013.01.08 17:20:57.305,1.25635,1.25665,1.73,1.13
2013.01.08 17:21:01.557,1.25638,1.25667,1.50,1.13
2013.01.08 17:21:12.380,1.25638,1.25672,1.50,1.13
2013.01.08 17:21:15.045,1.25638,1.25672,1.50,1.13
2013.01.08 17:21:15.593,1.25637,1.25672,2.25,1.13
2013.01.08 17:21:16.134,1.25638,1.25672,1.50,1.13
2013.01.08 17:21:20.020,1.25639,1.25672,2.39,1.13
2013.01.08 17:21:22.135,1.25639,1.25672,2.25,1.13
2013.01.08 17:21:26.938,1.25639,1.25672,2.25,1.13
2013.01.08 17:21:29.616,1.25639,1.25667,1.64,1.73
2013.01.08 17:21:29.918,1.25634,1.25659,2.48,1.13
2013.01.08 17:21:29.986,1.25631,1.2566,1.73,1.13
2013.01.08 17:21:30.045,1.25631,1.25666,1.50,2.10
2013.01.08 17:21:30.106,1.25631,1.25666,1.50,2.10
2013.01.08 17:21:30.177,1.25633,1.25666,1.73,2.10
2013.01.08 17:21:30.244,1.25632,1.25666,1.73,2.10
2013.01.08 17:21:46.215,1.25635,1.25664,1.13,1.50
2013.01.08 17:22:02.804,1.25635,1.25665,1.13,1.50
2013.01.08 17:22:25.121,1.25635,1.25666,1.13,1.73
2013.01.08 17:22:33.134,1.25639,1.25672,1.73,1.50
2013.01.08 17:22:33.435,1.25639,1.25668,1.50,1.56
2013.01.08 17:22:33.495,1.25639,1.25669,1.50,1.56
2013.01.08 17:22:33.555,1.25639,1.25675,1.73,1.50
2013.01.08 17:22:35.065,1.2564,1.25674,1.88,1.73
2013.01.08 17:23:21.778,1.25642,1.25679,1.73,2.78
2013.01.08 17:23:22.215,1.25647,1.25681,1.50,1.41
2013.01.08 17:23:23.529,1.25643,1.25681,4.50,1.41
2013.01.08 17:23:27.575,1.25644,1.25676,1.50,1.73
2013.01.08 17:23:59.535,1.25643,1.25676,2.25,1.13
2013.01.08 17:24:01.627,1.25641,1.25671,1.73,1.13
2013.01.08 17:24:01.688,1.25641,1.25671,1.50,1.13
2013.01.08 17:24:01.815,1.25639,1.25671,1.50,1.13
2013.01.08 17:24:01.936,1.25637,1.2567,2.25,1.32
2013.01.08 17:24:02.356,1.25636,1.25671,3.38,1.13
2013.01.08 17:24:02.475,1.25637,1.25671,2.48,1.13
2013.01.08 17:24:03.015,1.2564,1.25672,1.73,1.13
2013.01.08 17:24:03.546,1.2564,1.25671,3.23,1.13
2013.01.08 17:24:22.746,1.25641,1.25676,1.13,1.13
2013.01.08 17:24:39.135,1.25642,1.25676,1.13,1.13
2013.01.08 17:24:39.807,1.25642,1.25676,1.13,1.13
2013.01.08 17:24:41.345,1.25642,1.25676,1.13,1.13
2013.01.08 17:24:42.120,1.25642,1.25676,1.13,1.13
2013.01.08 17:24:42.649,1.25642,1.25676,1.13,1.13
2013.01.08 17:24:43.464,1.25642,1.25676,1.13,1.13
2013.01.08 17:24:57.494,1.25642,1.25676,1.13,1.13
2013.01.08 17:24:57.795,1.2565,1.25679,1.13,1.13
2013.01.08 17:24:59.602,1.25648,1.2568,1.88,1.35
2013.01.08 17:25:00.356,1.25649,1.2568,1.13,1.35
2013.01.08 17:25:02.514,1.25649,1.2568,1.13,1.35
2013.01.08 17:25:11.064,1.25647,1.2568,1.50,1.35
2013.01.08 17:25:11.619,1.25642,1.25672,1.50,1.13
2013.01.08 17:25:11.928,1.25642,1.25672,1.50,1.78
2013.01.08 17:25:12.451,1.25638,1.25672,1.50,1.78
2013.01.08 17:25:13.564,1.25642,1.25672,1.50,1.78
2013.01.08 17:25:13.685,1.25641,1.25672,1.50,1.78
2013.01.08 17:25:14.196,1.25637,1.25672,2.25,1.78
2013.01.08 17:25:29.305,1.25635,1.25665,1.50,1.13
2013.01.08 17:25:29.425,1.25635,1.25664,1.50,1.59
2013.01.08 17:25:29.557,1.25634,1.25668,1.13,1.13
2013.01.08 17:25:30.065,1.25641,1.25667,1.13,1.13
2013.01.08 17:25:47.246,1.25641,1.25676,1.13,1.13
2013.01.08 17:25:47.775,1.25641,1.25676,1.13,1.13
2013.01.08 17:25:55.717,1.25641,1.25676,1.50,1.13
2013.01.08 17:26:01.445,1.25645,1.25676,1.50,1.13
2013.01.08 17:26:02.397,1.2564,1.25676,2.10,1.13
2013.01.08 17:26:04.697,1.25637,1.2567,3.38,1.73
2013.01.08 17:26:04.755,1.25637,1.25668,3.15,1.73
2013.01.08 17:26:04.814,1.25637,1.25668,3.00,1.73
2013.01.08 17:26:04.996,1.25637,1.25668,1.50,1.73
2013.01.08 17:26:05.115,1.25634,1.25669,4.73,1.13
2013.01.08 17:26:05.175,1.25638,1.25674,1.73,1.73
2013.01.08 17:26:05.536,1.2564,1.25676,1.73,1.50
2013.01.08 17:26:06.055,1.25639,1.25674,1.73,1.50
2013.01.08 17:26:09.386,1.25639,1.25671,4.73,1.50
2013.01.08 17:26:09.505,1.25639,1.25671,3.98,1.73
2013.01.08 17:26:09.986,1.25638,1.2567,1.73,1.50
2013.01.08 17:26:11.034,1.25637,1.2567,1.88,1.50
2013.01.08 17:26:31.907,1.25637,1.2567,3.98,1.50
2013.01.08 17:26:32.087,1.25637,1.2567,3.98,1.50
2013.01.08 17:26:33.177,1.25638,1.2567,1.73,1.50
2013.01.08 17:26:39.475,1.25638,1.2567,1.73,1.50
2013.01.08 17:26:59.585,1.25635,1.25671,1.65,1.73
2013.01.08 17:27:01.245,1.25635,1.25671,1.50,1.73
2013.01.08 17:27:02.146,1.25635,1.25671,1.50,1.73
2013.01.08 17:27:08.515,1.25635,1.25673,2.25,2.42
2013.01.08 17:27:09.395,1.25635,1.25673,2.25,2.42
2013.01.08 17:27:09.515,1.25637,1.25672,1.73,1.35
2013.01.08 17:27:13.460,1.25636,1.25673,3.23,1.35
2013.01.08 17:27:16.495,1.25642,1.25677,1.73,1.73
2013.01.08 17:27:17.253,1.25643,1.25677,1.50,1.73
2013.01.08 17:27:17.716,1.25643,1.25679,1.50,1.50
2013.01.08 17:27:18.672,1.25644,1.2568,1.50,1.73
2013.01.08 17:27:19.206,1.25643,1.25677,2.25,1.13
2013.01.08 17:27:19.266,1.25642,1.25677,1.13,1.13
2013.01.08 17:27:23.145,1.25641,1.25672,1.13,1.13
2013.01.08 17:27:38.906,1.25638,1.25672,1.73,1.65
2013.01.08 17:27:38.966,1.25635,1.25671,1.13,1.50
2013.01.08 17:27:39.026,1.25635,1.25671,1.13,1.73
2013.01.08 17:27:47.495,1.25637,1.25672,1.73,1.28
2013.01.08 17:27:52.187,1.25643,1.25672,1.35,1.13
2013.01.08 17:27:52.319,1.25643,1.25672,1.35,1.13
2013.01.08 17:27:54.166,1.2564,1.25671,1.50,1.50
2013.01.08 17:27:54.225,1.2564,1.25671,1.50,1.73
2013.01.08 17:27:54.785,1.2564,1.25672,1.73,2.03
2013.01.08 17:27:57.624,1.25641,1.25677,1.73,1.35
2013.01.08 17:28:09.183,1.25643,1.25678,1.50,1.13
2013.01.08 17:28:35.695,1.2564,1.25676,1.73,1.35
2013.01.08 17:28:35.756,1.25638,1.25673,1.73,1.13
2013.01.08 17:28:35.877,1.25636,1.2567,1.50,1.49
2013.01.08 17:28:35.995,1.25636,1.2567,1.73,1.13
2013.01.08 17:28:44.208,1.25635,1.2567,1.73,1.88
2013.01.08 17:29:23.025,1.25638,1.25672,2.25,2.70
2013.01.08 17:29:23.265,1.25639,1.25673,1.50,1.13
2013.01.08 17:29:28.075,1.25638,1.25673,1.50,1.13
2013.01.08 17:29:28.787,1.25638,1.25673,1.50,1.13
2013.01.08 17:29:57.256,1.25641,1.25672,1.50,1.29
2013.01.08 17:30:01.000,1.25646,1.25675,1.50,1.44
2013.01.08 17:30:01.247,1.25646,1.25675,1.50,1.44
2013.01.08 17:30:02.006,1.25639,1.25671,1.50,1.29
2013.01.08 17:30:05.026,1.25635,1.25664,1.50,1.27
2013.01.08 17:30:05.506,1.25634,1.25667,1.50,1.73
2013.01.08 17:30:05.687,1.25634,1.25666,2.25,1.32
2013.01.08 17:30:05.926,1.25634,1.25672,2.25,1.54
2013.01.08 17:30:06.166,1.25635,1.25666,1.50,1.61
2013.01.08 17:30:07.806,1.25634,1.2567,2.25,1.54
2013.01.08 17:30:07.986,1.25634,1.25673,2.48,1.13
2013.01.08 17:30:10.615,1.25634,1.2567,1.73,2.55
2013.01.08 17:30:29.258,1.25638,1.25672,1.65,1.13
2013.01.08 17:30:31.517,1.25638,1.25672,1.65,1.88
2013.01.08 17:30:31.649,1.25638,1.25671,1.65,3.00
2013.01.08 17:30:48.965,1.25637,1.25673,1.65,1.13
2013.01.08 17:30:50.309,1.25639,1.25673,1.50,1.13
2013.01.08 17:30:52.926,1.25639,1.25673,2.25,1.13
2013.01.08 17:31:01.595,1.25639,1.25672,1.50,1.13
2013.01.08 17:31:02.525,1.25636,1.25672,1.88,1.13
2013.01.08 17:31:05.159,1.25636,1.25672,1.13,1.13
2013.01.08 17:31:18.726,1.25642,1.25678,1.13,1.73
2013.01.08 17:31:19.026,1.25639,1.25675,1.13,1.29
2013.01.08 17:31:19.545,1.25643,1.25676,1.13,2.03
2013.01.08 17:31:41.336,1.25637,1.25673,1.13,1.13
2013.01.08 17:31:42.064,1.2564,1.25673,1.50,1.13
2013.01.08 17:31:48.508,1.25637,1.25673,1.13,1.13
2013.01.08 17:31:48.816,1.25639,1.25673,1.73,1.13
2013.01.08 17:31:52.565,1.25639,1.25673,1.73,1.13
2013.01.08 17:32:01.296,1.25642,1.25675,1.13,1.88
2013.01.08 17:32:02.317,1.25642,1.25675,1.13,1.88
2013.01.08 17:32:06.957,1.25642,1.25675,1.13,1.13
2013.01.08 17:32:07.017,1.2564,1.25674,1.13,1.20
2013.01.08 17:32:07.146,1.2564,1.25674,1.13,1.35
2013.01.08 17:32:07.266,1.25638,1.25676,1.50,2.03
2013.01.08 17:32:07.506,1.25638,1.25678,1.50,2.48
2013.01.08 17:32:10.256,1.25638,1.25677,1.50,2.48
2013.01.08 17:32:18.276,1.25638,1.25674,1.50,1.50
2013.01.08 17:32:19.677,1.25638,1.25676,1.50,1.50
2013.01.08 17:32:37.393,1.25638,1.2567,1.50,1.13
2013.01.08 17:32:40.265,1.25638,1.2567,1.50,1.13
2013.01.08 17:32:44.618,1.25638,1.2567,1.50,1.71
2013.01.08 17:32:44.738,1.25638,1.25672,1.50,1.13
2013.01.08 17:32:52.206,1.25643,1.25677,1.50,2.48
2013.01.08 17:32:52.421,1.25643,1.25677,1.50,2.48
2013.01.08 17:32:56.176,1.25643,1.25674,1.50,1.13
2013.01.08 17:32:56.481,1.25643,1.25674,1.50,1.20
2013.01.08 17:32:56.546,1.25643,1.25677,1.50,2.48
2013.01.08 17:33:00.826,1.25643,1.25677,1.50,3.23
2013.01.08 17:33:01.798,1.25643,1.25677,1.50,1.73
2013.01.08 17:33:12.389,1.25643,1.2568,1.50,3.23
2013.01.08 17:33:23.109,1.25641,1.25679,1.50,1.73
2013.01.08 17:33:36.687,1.25641,1.25674,1.50,1.13
2013.01.08 17:33:37.045,1.25641,1.25666,1.50,1.43
2013.01.08 17:33:47.450,1.25639,1.25665,1.50,1.43
2013.01.08 17:33:49.456,1.25636,1.25665,1.50,2.18
2013.01.08 17:33:49.575,1.25636,1.25665,1.50,2.18
2013.01.08 17:33:50.586,1.25636,1.25667,1.50,1.13
2013.01.08 17:33:50.886,1.25633,1.25665,1.50,1.25
2013.01.08 17:33:51.632,1.25633,1.25667,1.50,1.85
2013.01.08 17:33:56.810,1.25633,1.25663,1.50,1.13
2013.01.08 17:34:03.275,1.25633,1.25666,1.50,1.02
2013.01.08 17:34:05.477,1.25633,1.25667,1.50,1.04
2013.01.08 17:34:06.877,1.25633,1.25666,1.50,1.04
2013.01.08 17:34:09.483,1.2563,1.25662,1.88,2.18
2013.01.08 17:34:09.547,1.2563,1.25662,1.65,2.18
2013.01.08 17:34:09.667,1.25631,1.25662,1.13,2.18
2013.01.08 17:34:09.726,1.25631,1.25662,1.13,2.18
2013.01.08 17:34:10.406,1.25631,1.25666,1.13,1.24
2013.01.08 17:34:11.466,1.25633,1.25666,1.50,1.24
2013.01.08 17:34:17.477,1.25631,1.25665,1.13,3.00
2013.01.08 17:34:20.278,1.25631,1.25662,1.13,1.73
2013.01.08 17:34:22.397,1.25626,1.25655,1.88,1.45
2013.01.08 17:34:22.516,1.25626,1.25659,1.88,2.10
2013.01.08 17:34:23.684,1.25626,1.25659,1.50,1.04
2013.01.08 17:34:23.796,1.25626,1.25659,1.88,1.04
2013.01.08 17:34:23.919,1.25626,1.25659,1.50,1.04
2013.01.08 17:34:26.475,1.25626,1.25655,1.50,1.13
2013.01.08 17:34:26.776,1.25626,1.25655,1.50,1.94
2013.01.08 17:34:30.256,1.25626,1.25655,1.50,1.94
2013.01.08 17:34:33.286,1.25626,1.25655,1.50,1.94
2013.01.08 17:34:33.488,1.25626,1.25655,1.50,1.94
2013.01.08 17:34:36.616,1.25623,1.25652,1.50,1.13
2013.01.08 17:34:38.317,1.25623,1.25652,1.50,1.13
2013.01.08 17:34:41.096,1.25623,1.25652,1.50,1.13
2013.01.08 17:34:41.337,1.25623,1.25654,1.73,1.13
2013.01.08 17:34:41.467,1.25623,1.25652,1.50,1.13
2013.01.08 17:34:43.756,1.25624,1.25652,1.50,1.13
2013.01.08 17:34:43.927,1.25624,1.25652,1.50,1.13
2013.01.08 17:34:48.159,1.25623,1.25652,1.50,1.13
2013.01.08 17:34:52.263,1.25623,1.25652,1.50,1.13
2013.01.08 17:35:13.163,1.25627,1.25656,2.25,1.13
2013.01.08 17:35:13.602,1.25629,1.25659,1.50,1.13
2013.01.08 17:35:16.352,1.2563,1.25659,1.79,1.13
2013.01.08 17:35:20.774,1.25632,1.25659,1.50,1.13
2013.01.08 17:35:20.893,1.25632,1.25661,1.50,1.13
2013.01.08 17:35:20.954,1.25632,1.25661,1.50,1.13
2013.01.08 17:35:21.132,1.25632,1.25661,1.50,1.13
2013.01.08 17:35:23.735,1.25633,1.25661,1.50,1.13
2013.01.08 17:35:24.682,1.25634,1.25667,1.56,1.13
2013.01.08 17:35:24.743,1.25634,1.25667,1.28,1.13
2013.01.08 17:35:24.862,1.25638,1.2567,1.88,1.35
2013.01.08 17:35:24.983,1.25634,1.2567,1.28,1.35
2013.01.08 17:35:25.863,1.25634,1.25669,1.28,1.35
2013.01.08 17:35:35.463,1.25634,1.25669,1.13,2.10
2013.01.08 17:35:40.023,1.25635,1.25669,1.13,1.35
2013.01.08 17:35:45.623,1.25633,1.25666,1.65,1.13
2013.01.08 17:35:49.723,1.25632,1.25666,1.50,1.13
2013.01.08 17:35:51.802,1.25632,1.25666,2.25,1.13
2013.01.08 17:35:53.832,1.25632,1.25666,1.50,1.13
2013.01.08 17:35:55.433,1.25644,1.25666,1.50,1.13
2013.01.08 17:35:55.792,1.25647,1.25679,1.50,1.32
2013.01.08 17:36:10.743,1.2565,1.25679,1.50,1.32
2013.01.08 17:36:11.461,1.2565,1.25678,1.50,1.80
2013.01.08 17:36:11.522,1.2565,1.25678,1.50,1.80
2013.01.08 17:36:15.784,1.2565,1.25681,1.50,1.73
2013.01.08 17:36:16.034,1.2565,1.25677,1.50,1.58
2013.01.08 17:36:30.452,1.25646,1.25675,1.50,1.01
2013.01.08 17:36:33.185,1.25652,1.25674,1.13,2.06
2013.01.08 17:36:33.374,1.25652,1.25679,1.82,1.20
2013.01.08 17:36:33.434,1.25652,1.25682,1.82,3.75
2013.01.08 17:36:33.673,1.25651,1.25682,1.28,2.25
2013.01.08 17:36:34.353,1.25651,1.25682,1.13,2.25
2013.01.08 17:36:34.439,1.25649,1.25682,1.50,1.73
2013.01.08 17:36:39.026,1.2565,1.25682,1.59,1.50
2013.01.08 17:36:41.773,1.25652,1.25681,1.73,1.50
2013.01.08 17:36:45.772,1.25655,1.25682,2.10,1.50
2013.01.08 17:36:46.693,1.25654,1.25681,1.73,1.50
2013.01.08 17:36:46.770,1.25653,1.25681,1.50,1.73
2013.01.08 17:36:47.312,1.25651,1.25681,1.50,1.73
2013.01.08 17:36:47.842,1.25653,1.25682,1.50,1.73
2013.01.08 17:36:48.501,1.25654,1.25682,1.50,1.73
2013.01.08 17:36:59.724,1.2565,1.25681,1.13,1.50
2013.01.08 17:37:00.264,1.2565,1.25682,1.88,1.50
2013.01.08 17:37:01.293,1.25656,1.25687,1.50,2.25
2013.01.08 17:37:02.461,1.25655,1.25683,1.13,1.50
2013.01.08 17:37:02.933,1.25655,1.25684,1.13,2.48
2013.01.08 17:37:03.174,1.25653,1.25684,1.65,1.73
2013.01.08 17:37:03.549,1.25651,1.25684,1.13,1.73
2013.01.08 17:37:05.873,1.25651,1.25684,1.13,1.73
2013.01.08 17:37:20.323,1.25648,1.25683,1.65,2.00
2013.01.08 17:37:29.945,1.25646,1.25683,2.63,2.75
2013.01.08 17:37:30.714,1.25652,1.25683,1.50,3.12
2013.01.08 17:37:30.953,1.25652,1.25683,1.50,2.85
2013.01.08 17:37:31.315,1.25651,1.25684,1.13,1.13
2013.01.08 17:37:31.384,1.25651,1.25683,1.13,1.73
2013.01.08 17:37:31.573,1.25651,1.25683,1.13,2.48
2013.01.08 17:37:32.413,1.25649,1.25683,1.13,2.48
2013.01.08 17:37:35.643,1.25648,1.25683,1.65,2.48
2013.01.08 17:37:35.763,1.25642,1.25681,2.63,1.73
2013.01.08 17:37:42.093,1.25647,1.25682,1.50,1.13
2013.01.08 17:37:58.232,1.25649,1.25683,1.50,1.88
2013.01.08 17:37:58.293,1.25649,1.25683,1.73,1.88
2013.01.08 17:38:01.752,1.25654,1.25683,1.50,1.88
2013.01.08 17:38:02.752,1.25651,1.25685,1.73,2.85
2013.01.08 17:38:08.893,1.25653,1.25686,1.65,2.48
2013.01.08 17:38:09.013,1.25654,1.25686,2.25,1.73
2013.01.08 17:38:09.076,1.25654,1.25685,2.48,1.50
2013.01.08 17:38:09.586,1.25654,1.25686,3.23,1.50
2013.01.08 17:38:21.590,1.25662,1.25685,1.50,1.50
2013.01.08 17:38:25.152,1.25661,1.25685,1.50,1.73
2013.01.08 17:39:18.292,1.25655,1.25687,1.50,1.73
2013.01.08 17:39:22.186,1.25652,1.25687,1.73,2.10
2013.01.08 17:39:22.312,1.25652,1.25686,1.50,1.58
2013.01.08 17:39:23.748,1.25653,1.25686,1.11,1.13
2013.01.08 17:39:31.954,1.25649,1.25686,3.23,1.88
2013.01.08 17:39:36.322,1.2565,1.25686,2.10,1.39
2013.01.08 17:39:37.102,1.25654,1.25687,1.13,2.74
2013.01.08 17:39:49.833,1.25655,1.25688,1.04,1.73
2013.01.08 17:39:49.953,1.25654,1.25688,1.13,1.73
2013.01.08 17:39:50.503,1.25653,1.25688,1.13,3.23
2013.01.08 17:39:52.572,1.25653,1.25688,1.13,3.23
2013.01.08 17:40:01.772,1.25654,1.2569,1.73,2.48
2013.01.08 17:40:02.134,1.25655,1.25689,1.50,3.23
2013.01.08 17:40:13.263,1.25653,1.25688,1.13,2.48
2013.01.08 17:40:13.574,1.25653,1.25688,1.88,2.25
2013.01.08 17:40:23.102,1.25657,1.25688,1.73,2.25
2013.01.08 17:40:27.997,1.25654,1.25688,1.99,2.48
2013.01.08 17:40:28.602,1.25654,1.25689,1.24,2.63
2013.01.08 17:40:35.514,1.25654,1.25688,1.24,2.48
2013.01.08 17:40:38.343,1.25654,1.25688,1.13,2.48
2013.01.08 17:40:38.482,1.25652,1.25688,1.88,2.48
2013.01.08 17:40:39.144,1.25654,1.25687,1.13,1.73
2013.01.08 17:40:39.764,1.25652,1.25687,1.88,1.73
2013.01.08 17:40:45.042,1.25654,1.25687,1.13,1.73
2013.01.08 17:40:45.672,1.25652,1.25688,1.88,2.48
2013.01.08 17:40:49.247,1.25653,1.25688,1.13,2.48
2013.01.08 17:40:50.502,1.25653,1.25688,1.13,2.48
2013.01.08 17:40:51.012,1.25653,1.25688,1.13,2.48
2013.01.08 17:40:54.074,1.25653,1.25688,1.24,2.48
2013.01.08 17:40:54.133,1.25653,1.25688,1.13,2.48
2013.01.08 17:40:54.742,1.25653,1.25688,1.13,2.48
2013.01.08 17:40:55.297,1.25653,1.25688,1.13,2.48
2013.01.08 17:40:57.703,1.25654,1.25689,1.09,3.23
2013.01.08 17:41:00.404,1.25659,1.25689,1.50,2.48
2013.01.08 17:41:01.414,1.2566,1.25689,1.13,1.13
2013.01.08 17:41:02.025,1.2566,1.25689,1.13,1.13
2013.01.08 17:41:05.932,1.25654,1.25689,1.13,1.13
2013.01.08 17:41:06.482,1.25657,1.25689,1.50,1.13
2013.01.08 17:41:07.632,1.25657,1.2569,1.65,2.48
2013.01.08 17:41:07.752,1.25657,1.2569,1.88,2.48
2013.01.08 17:41:09.926,1.25659,1.2569,1.13,2.48
2013.01.08 17:41:10.312,1.25662,1.2569,1.24,1.73
2013.01.08 17:41:17.784,1.25658,1.2569,1.88,2.48
2013.01.08 17:41:18.797,1.25659,1.2569,1.88,1.73
2013.01.08 17:41:54.793,1.25656,1.25691,2.12,1.73
2013.01.08 17:41:57.632,1.25656,1.2569,1.02,2.48
2013.01.08 17:42:00.882,1.25658,1.2569,1.62,2.48
2013.01.08 17:42:02.013,1.25656,1.2569,1.77,1.73
2013.01.08 17:42:04.033,1.25655,1.2569,1.65,1.73
2013.01.08 17:42:08.712,1.25654,1.2569,1.02,1.73
2013.01.08 17:42:09.723,1.25654,1.2569,1.02,1.73
2013.01.08 17:42:10.375,1.25654,1.2569,1.02,1.73
2013.01.08 17:42:11.133,1.25654,1.2569,1.02,1.73
2013.01.08 17:42:13.431,1.25654,1.2569,1.02,1.73
2013.01.08 17:42:14.754,1.25654,1.2569,1.02,1.84
2013.01.08 17:42:15.351,1.25655,1.2569,1.02,1.84
2013.01.08 17:42:16.148,1.25655,1.25688,1.02,1.09
2013.01.08 17:42:17.202,1.25656,1.25687,1.02,1.09
2013.01.08 17:42:17.853,1.25656,1.25686,1.02,1.09
2013.01.08 17:42:20.535,1.25656,1.25687,1.02,1.09
2013.01.08 17:42:21.062,1.25654,1.25687,1.65,1.09
2013.01.08 17:42:21.794,1.25653,1.25686,2.40,1.09
2013.01.08 17:42:24.543,1.25654,1.25691,3.90,1.73
2013.01.08 17:42:24.843,1.25661,1.25696,1.13,2.63
2013.01.08 17:42:25.602,1.25663,1.25696,1.73,2.40
2013.01.08 17:42:26.110,1.25663,1.25696,1.50,2.63
2013.01.08 17:42:26.812,1.25661,1.25691,1.50,1.73
2013.01.08 17:42:37.513,1.25661,1.25691,1.13,1.73
2013.01.08 17:42:38.083,1.25661,1.25691,1.24,1.73
2013.01.08 17:42:42.901,1.25661,1.25691,1.24,1.73
2013.01.08 17:42:43.853,1.25661,1.25691,1.24,1.73
2013.01.08 17:42:44.093,1.25659,1.25691,1.13,1.73
2013.01.08 17:42:55.413,1.25655,1.2569,1.88,3.98
2013.01.08 17:42:55.722,1.25652,1.25685,1.50,2.20
2013.01.08 17:42:57.183,1.25651,1.25685,2.25,1.60
2013.01.08 17:42:57.515,1.25651,1.25685,2.48,1.35
2013.01.08 17:43:00.312,1.25651,1.25685,2.25,2.01
2013.01.08 17:43:15.645,1.25651,1.25685,1.50,4.26
2013.01.08 17:43:15.714,1.25644,1.25675,1.73,1.13
2013.01.08 17:43:15.953,1.25645,1.25674,1.50,1.13
2013.01.08 17:43:42.974,1.25641,1.25678,3.00,2.19
2013.01.08 17:43:43.214,1.25644,1.25674,1.50,2.48
2013.01.08 17:43:43.335,1.25644,1.25673,1.50,2.25
2013.01.08 17:43:43.465,1.25639,1.25669,2.25,1.50
2013.01.08 17:43:43.713,1.25635,1.25661,2.25,1.03
2013.01.08 17:43:44.024,1.25631,1.25666,2.25,1.50
2013.01.08 17:43:45.972,1.25632,1.25661,1.50,1.20
2013.01.08 17:43:52.865,1.25626,1.25661,3.00,1.43
2013.01.08 17:43:52.993,1.25623,1.25658,1.50,2.81
2013.01.08 17:43:53.664,1.25623,1.25659,1.50,2.18
2013.01.08 17:43:53.903,1.25623,1.25659,1.50,1.43
2013.01.08 17:43:54.214,1.25623,1.25659,1.50,1.86
2013.01.08 17:43:56.394,1.25625,1.25658,1.50,1.43
2013.01.08 17:43:56.514,1.25625,1.25658,1.50,1.97
2013.01.08 17:43:56.753,1.25628,1.25662,1.50,1.63
2013.01.08 17:43:57.053,1.2563,1.25662,1.50,1.63
2013.01.08 17:43:57.973,1.2563,1.25664,1.50,2.18
2013.01.08 17:43:58.234,1.2563,1.25664,1.50,1.54
2013.01.08 17:43:58.793,1.2563,1.25666,1.50,3.23
2013.01.08 17:43:59.552,1.25629,1.25661,1.88,1.20
2013.01.08 17:44:01.723,1.2563,1.25665,1.50,1.73
2013.01.08 17:44:01.963,1.2563,1.25661,1.50,1.56
2013.01.08 17:44:02.477,1.2563,1.25661,2.25,1.56
2013.01.08 17:44:03.142,1.2563,1.25661,1.50,1.56
2013.01.08 17:44:04.173,1.25624,1.25659,3.00,1.13
2013.01.08 17:44:04.301,1.25624,1.25655,1.50,1.43
2013.01.08 17:44:13.248,1.25625,1.25655,1.50,1.43
2013.01.08 17:44:16.764,1.25624,1.25659,1.50,1.13
2013.01.08 17:44:20.186,1.25624,1.25655,1.50,1.59
2013.01.08 17:45:08.942,1.25624,1.2566,1.50,1.73
2013.01.08 17:45:09.015,1.25624,1.25655,1.50,1.61
2013.01.08 17:45:09.204,1.25624,1.25655,1.50,2.18
2013.01.08 17:45:09.385,1.25625,1.25658,1.50,1.13
2013.01.08 17:45:11.773,1.25625,1.25658,1.50,1.69
2013.01.08 17:45:11.834,1.25623,1.25654,1.50,1.54
2013.01.08 17:45:12.133,1.2562,1.25654,1.65,1.54
2013.01.08 17:45:12.254,1.2562,1.25652,1.65,1.54
2013.01.08 17:45:20.034,1.25614,1.25647,1.50,1.25
2013.01.08 17:45:20.154,1.25614,1.25644,1.50,1.13
2013.01.08 17:45:20.213,1.25615,1.25644,1.35,1.13
2013.01.08 17:45:20.516,1.25616,1.25649,2.01,1.50
2013.01.08 17:45:24.224,1.25616,1.25649,1.88,1.50
2013.01.08 17:45:24.283,1.25616,1.25643,1.13,1.89
2013.01.08 17:45:24.537,1.25616,1.25643,1.13,1.58
2013.01.08 17:45:24.723,1.25616,1.25646,2.10,1.80
2013.01.08 17:45:24.783,1.25617,1.25649,1.13,1.50
2013.01.08 17:45:25.094,1.25617,1.25648,1.13,2.02
2013.01.08 17:45:25.432,1.25617,1.25648,1.50,2.77
2013.01.08 17:45:26.331,1.25616,1.25648,1.13,2.77
2013.01.08 17:45:27.466,1.25613,1.25644,1.50,1.13
2013.01.08 17:45:34.182,1.25614,1.25644,1.50,1.13
2013.01.08 17:45:35.024,1.25613,1.25644,2.25,1.13
2013.01.08 17:45:35.324,1.25618,1.25648,1.50,1.35
2013.01.08 17:45:35.452,1.25618,1.25648,1.50,1.96
2013.01.08 17:45:35.694,1.25616,1.25648,1.88,1.96
2013.01.08 17:45:44.209,1.25616,1.25647,1.88,1.13
2013.01.08 17:45:44.453,1.25621,1.25648,1.50,1.96
2013.01.08 17:45:44.585,1.25621,1.25648,1.50,1.35
2013.01.08 17:46:00.674,1.25621,1.2565,1.50,1.45
2013.01.08 17:46:00.733,1.25618,1.2565,1.50,1.45
2013.01.08 17:46:00.983,1.25616,1.25648,2.03,1.45
2013.01.08 17:46:02.933,1.25618,1.25653,1.50,2.33
2013.01.08 17:46:29.733,1.25623,1.25656,1.50,1.85
2013.01.08 17:46:33.783,1.25623,1.25653,1.50,1.13
2013.01.08 17:46:34.335,1.25623,1.25656,1.50,1.10
2013.01.08 17:46:34.754,1.25623,1.25656,1.50,1.85
2013.01.08 17:47:53.493,1.25619,1.25652,1.50,1.13
2013.01.08 17:47:54.394,1.25619,1.25652,1.50,1.35
2013.01.08 17:47:54.513,1.25619,1.25649,1.50,1.08
2013.01.08 17:47:55.028,1.25618,1.25649,1.50,1.83
2013.01.08 17:47:55.794,1.25618,1.25649,1.50,1.83
2013.01.08 17:47:57.463,1.25618,1.25649,1.50,1.98
2013.01.08 17:48:00.612,1.25618,1.25649,1.50,1.98
2013.01.08 17:48:00.734,1.25618,1.25649,1.50,1.50
2013.01.08 17:48:01.165,1.25609,1.25649,1.50,1.88
2013.01.08 17:48:01.283,1.2561,1.25645,1.50,1.73
2013.01.08 17:48:01.822,1.25615,1.25652,1.13,1.88
2013.01.08 17:48:02.084,1.25615,1.25652,1.73,1.88
2013.01.08 17:48:13.719,1.2562,1.25651,1.35,2.01
2013.01.08 17:48:14.023,1.25623,1.25653,1.50,1.88
2013.01.08 17:48:57.778,1.25623,1.25657,1.88,1.88
2013.01.08 17:48:57.963,1.25624,1.25656,1.65,1.54
2013.01.08 17:48:58.266,1.25621,1.25657,1.65,1.54
2013.01.08 17:48:58.454,1.25621,1.25657,1.65,2.29
2013.01.08 17:49:04.924,1.25619,1.25649,2.10,1.26
2013.01.08 17:49:05.553,1.25619,1.25649,2.10,1.26
2013.01.08 17:49:05.774,1.25619,1.25652,2.10,1.50
2013.01.08 17:49:07.718,1.25622,1.25652,1.50,1.50
2013.01.08 17:49:19.937,1.25622,1.25657,1.50,1.73
2013.01.08 17:49:34.014,1.25623,1.25657,1.73,1.50
2013.01.08 17:49:34.194,1.25623,1.25656,1.50,1.07
2013.01.08 17:49:34.804,1.25623,1.25657,1.73,1.50
2013.01.08 17:49:35.045,1.25623,1.25656,1.50,1.02
2013.01.08 17:49:38.563,1.25623,1.25659,1.88,2.03
2013.01.08 17:49:38.750,1.25623,1.25657,1.65,1.61
2013.01.08 17:50:18.390,1.25623,1.25659,2.25,1.86
2013.01.08 17:50:22.241,1.25623,1.25656,1.50,1.32
2013.01.08 17:50:25.908,1.25628,1.25659,2.25,1.69
2013.01.08 17:50:26.046,1.25629,1.25661,1.50,1.88
2013.01.08 17:50:26.189,1.25629,1.25659,1.28,1.13
2013.01.08 17:50:28.134,1.25624,1.25659,1.65,1.35
2013.01.08 17:50:28.315,1.25623,1.25656,1.50,1.05
2013.01.08 17:50:28.748,1.25623,1.25654,1.50,1.13
2013.01.08 17:50:30.633,1.25625,1.25654,1.50,1.13
2013.01.08 17:50:30.695,1.25626,1.25654,1.50,1.13
2013.01.08 17:50:30.755,1.25629,1.25654,1.13,1.13
2013.01.08 17:50:30.877,1.25625,1.25654,1.50,1.13
2013.01.08 17:50:31.193,1.25623,1.25658,3.23,1.50
2013.01.08 17:50:33.224,1.25625,1.25656,1.50,1.05
2013.01.08 17:50:35.756,1.25624,1.25655,2.25,1.35
2013.01.08 17:50:37.784,1.25624,1.25655,1.50,1.35
2013.01.08 17:51:21.213,1.25623,1.25655,1.50,1.35
2013.01.08 17:51:31.642,1.25623,1.25654,1.50,1.13
2013.01.08 17:51:53.830,1.25622,1.25658,2.25,1.50
2013.01.08 17:52:19.933,1.25629,1.25658,1.50,1.50
2013.01.08 17:52:20.004,1.25624,1.25658,1.50,1.50
2013.01.08 17:52:20.124,1.25629,1.25658,1.65,1.13
2013.01.08 17:52:20.309,1.25632,1.25664,1.50,1.88
2013.01.08 17:52:20.733,1.25631,1.25664,1.28,1.73
2013.01.08 17:52:28.414,1.25626,1.25658,1.50,1.13
2013.01.08 17:52:28.473,1.25625,1.25658,1.88,1.13
2013.01.08 17:52:28.654,1.25625,1.2566,1.73,1.13
2013.01.08 17:52:28.713,1.25625,1.2566,1.50,1.74
2013.01.08 17:52:28.834,1.25625,1.25661,2.10,1.73
2013.01.08 17:52:29.016,1.25625,1.25661,2.25,1.50
2013.01.08 17:52:29.263,1.25626,1.25661,1.50,1.73
2013.01.08 17:52:30.613,1.25626,1.25657,1.13,1.35
2013.01.08 17:52:30.933,1.25623,1.25657,1.50,1.50
2013.01.08 17:52:31.823,1.25626,1.25657,1.50,1.50
2013.01.08 17:52:32.183,1.25629,1.25657,1.13,1.50
2013.01.08 17:52:35.053,1.25624,1.25657,1.73,1.50
2013.01.08 17:52:35.173,1.25624,1.25657,1.50,1.50
2013.01.08 17:52:43.935,1.25625,1.25657,1.50,1.50
2013.01.08 17:52:45.515,1.25624,1.25662,1.73,1.50
2013.01.08 17:52:45.633,1.25624,1.25662,1.73,1.50
2013.01.08 17:52:46.556,1.25624,1.25658,2.48,1.13
2013.01.08 17:52:55.184,1.25627,1.25662,1.50,1.35
2013.01.08 17:52:55.304,1.25629,1.25665,2.25,1.65
2013.01.08 17:52:55.493,1.25629,1.25664,2.03,1.38
2013.01.08 17:52:55.554,1.25629,1.25664,1.28,1.38
2013.01.08 17:52:55.734,1.25629,1.25665,1.88,2.18
2013.01.08 17:52:56.093,1.25629,1.25665,1.13,1.73
2013.01.08 17:52:56.393,1.25629,1.25662,1.13,2.48
2013.01.08 17:52:56.863,1.25629,1.25663,2.10,1.13
2013.01.08 17:53:00.266,1.25628,1.25662,1.13,1.73
2013.01.08 17:53:00.779,1.25628,1.25663,1.13,3.66
2013.01.08 17:53:03.316,1.25628,1.25663,1.13,2.63
2013.01.08 17:53:04.014,1.25624,1.25662,2.48,1.73
2013.01.08 17:53:04.074,1.25624,1.25662,2.25,1.73
2013.01.08 17:53:04.194,1.25628,1.25662,1.13,1.73
2013.01.08 17:53:04.974,1.25628,1.25663,1.13,1.13
2013.01.08 17:53:05.334,1.25625,1.25661,1.13,1.73
2013.01.08 17:53:05.534,1.25628,1.25661,1.13,1.50
2013.01.08 17:53:06.027,1.25624,1.25661,2.10,1.73
2013.01.08 17:53:18.054,1.25633,1.25663,1.86,1.13
2013.01.08 17:53:21.604,1.2563,1.25665,1.13,2.63
2013.01.08 17:53:21.671,1.2563,1.25665,1.13,2.63
2013.01.08 17:53:22.214,1.25629,1.25661,1.13,2.48
2013.01.08 17:54:08.993,1.25629,1.25664,1.35,1.88
2013.01.08 17:54:09.295,1.25624,1.25662,3.23,1.35
2013.01.08 17:54:12.303,1.25625,1.25658,1.50,1.13
2013.01.08 17:54:17.243,1.25622,1.25657,1.13,1.13
2013.01.08 17:54:18.377,1.25621,1.25659,1.50,2.48
2013.01.08 17:54:18.943,1.25618,1.25653,1.73,1.13
2013.01.08 17:54:19.265,1.25618,1.2565,1.50,1.13
2013.01.08 17:54:19.563,1.25618,1.25653,1.50,1.50
2013.01.08 17:54:28.274,1.2562,1.2566,1.50,1.73
2013.01.08 17:54:32.284,1.2562,1.25659,1.50,1.50
2013.01.08 17:54:32.344,1.2562,1.25659,1.50,1.50
2013.01.08 17:54:32.943,1.2562,1.25659,1.50,1.73
2013.01.08 17:54:33.473,1.25621,1.25659,1.50,1.73
2013.01.08 17:54:43.015,1.25625,1.25661,1.50,1.73
2013.01.08 17:54:43.314,1.25628,1.25663,1.50,1.13
2013.01.08 17:54:45.003,1.25623,1.25663,2.40,1.73
2013.01.08 17:54:58.744,1.25628,1.25663,1.50,1.13
2013.01.08 17:55:09.475,1.25628,1.25662,1.13,1.35
2013.01.08 17:55:09.834,1.25625,1.25663,1.65,1.13
2013.01.08 17:55:12.724,1.25629,1.25664,1.73,1.88
2013.01.08 17:55:12.784,1.25629,1.25664,1.73,1.13
2013.01.08 17:55:13.224,1.25629,1.25663,1.35,1.13
2013.01.08 17:55:13.283,1.25629,1.25663,1.13,1.74
2013.01.08 17:55:18.404,1.25622,1.25656,1.73,1.13
2013.01.08 17:55:23.966,1.25618,1.25656,1.65,1.35
2013.01.08 17:55:24.485,1.25621,1.25656,1.65,1.35
2013.01.08 17:55:29.928,1.2562,1.25656,1.65,1.20
2013.01.08 17:56:01.434,1.25617,1.25649,2.10,1.13
2013.01.08 17:56:02.124,1.25618,1.25649,1.50,1.13
2013.01.08 17:56:11.175,1.25619,1.25652,2.25,1.35
2013.01.08 17:56:44.876,1.25618,1.25652,1.50,1.35
2013.01.08 17:56:45.186,1.25617,1.2565,1.35,1.09
2013.01.08 17:56:45.504,1.25617,1.25648,1.35,1.50
2013.01.08 17:56:50.326,1.25617,1.25648,1.35,1.50
2013.01.08 17:56:50.455,1.25617,1.25651,1.35,1.50
2013.01.08 17:56:58.483,1.25617,1.25646,1.35,1.88
2013.01.08 17:56:59.985,1.25617,1.25646,1.35,1.73
2013.01.08 17:57:00.225,1.25617,1.2565,1.58,1.05
2013.01.08 17:57:03.253,1.25616,1.25656,1.73,1.73
2013.01.08 17:57:03.614,1.25617,1.25657,1.50,1.73
2013.01.08 17:57:04.527,1.25616,1.25651,1.50,1.50
2013.01.08 17:57:04.594,1.25616,1.25651,1.50,1.50
2013.01.08 17:57:04.656,1.25616,1.25649,1.50,1.13
2013.01.08 17:57:04.965,1.25616,1.25647,1.50,1.13
2013.01.08 17:57:05.535,1.25615,1.25647,1.35,1.13
2013.01.08 17:57:05.872,1.25616,1.25648,1.73,1.13
2013.01.08 17:57:05.935,1.25616,1.25651,1.73,1.13
2013.01.08 17:57:06.055,1.25616,1.25653,1.73,1.50
2013.01.08 17:57:06.175,1.25616,1.25652,1.73,1.13
2013.01.08 17:57:06.534,1.25615,1.25651,1.73,2.55
2013.01.08 17:57:09.094,1.25616,1.25652,1.58,1.13
2013.01.08 17:57:11.814,1.25617,1.25651,1.73,1.50
2013.01.08 17:57:12.054,1.25617,1.25655,1.73,1.13
2013.01.08 17:57:14.915,1.2562,1.25656,1.35,1.13
2013.01.08 17:57:15.313,1.25622,1.25657,1.50,2.25
2013.01.08 17:57:16.684,1.25621,1.25657,2.09,2.25
2013.01.08 17:57:19.257,1.25621,1.25657,1.50,2.48
2013.01.08 17:57:29.405,1.2562,1.25658,1.50,2.48
2013.01.08 17:57:30.055,1.2562,1.25657,1.28,1.13
2013.01.08 17:57:43.664,1.25618,1.25656,2.10,1.73
2013.01.08 17:57:44.024,1.25619,1.25656,1.13,1.73
2013.01.08 17:57:48.354,1.25621,1.25657,1.13,1.73
2013.01.08 17:58:01.163,1.25621,1.25658,1.88,1.13
2013.01.08 17:58:02.089,1.25621,1.25658,1.88,1.13
2013.01.08 17:58:05.663,1.25622,1.25657,1.13,1.13
2013.01.08 17:58:10.934,1.25622,1.25657,1.13,1.13
2013.01.08 17:58:24.334,1.25622,1.25657,1.13,1.13
2013.01.08 17:58:26.475,1.25621,1.25654,1.73,1.13
2013.01.08 17:58:26.535,1.25621,1.25654,1.50,1.13
2013.01.08 17:58:26.654,1.25621,1.25654,1.50,1.13
2013.01.08 17:58:30.416,1.25621,1.25655,1.73,1.13
2013.01.08 17:58:34.583,1.25621,1.25656,1.73,1.35
2013.01.08 17:58:37.227,1.25621,1.25656,1.50,1.35
2013.01.08 17:58:37.595,1.25621,1.25656,1.73,1.35
2013.01.08 17:58:43.254,1.25622,1.25657,1.13,1.28
2013.01.08 17:58:43.554,1.25622,1.25656,1.13,1.73
2013.01.08 17:58:44.110,1.25622,1.2565,1.13,1.50
2013.01.08 17:58:44.725,1.25622,1.2565,1.13,1.50
2013.01.08 17:58:45.034,1.25622,1.2565,1.13,1.50
2013.01.08 17:58:46.057,1.25625,1.25654,1.50,1.50
2013.01.08 17:58:46.660,1.25622,1.25654,1.88,1.50
2013.01.08 17:59:00.394,1.25622,1.2565,1.13,1.50
2013.01.08 17:59:01.419,1.25622,1.25655,1.13,1.73
2013.01.08 17:59:02.774,1.2562,1.25652,1.50,1.13
2013.01.08 17:59:03.445,1.25619,1.25654,1.73,1.13
2013.01.08 17:59:08.996,1.25621,1.25654,1.73,1.13
2013.01.08 17:59:09.607,1.25621,1.25655,1.73,1.13
2013.01.08 17:59:09.975,1.25624,1.25661,1.13,3.23
2013.01.08 17:59:10.093,1.25624,1.25661,1.13,3.23
2013.01.08 17:59:10.155,1.25624,1.25662,1.13,2.63
2013.01.08 17:59:10.394,1.25624,1.25662,1.13,2.63
2013.01.08 17:59:11.104,1.25624,1.25662,1.88,2.48
2013.01.08 17:59:11.825,1.25621,1.25661,1.13,1.73
2013.01.08 17:59:13.244,1.25621,1.25661,1.13,3.23
2013.01.08 17:59:38.153,1.25628,1.25657,1.01,1.50
2013.01.08 17:59:38.214,1.25633,1.25662,1.61,1.50
2013.01.08 17:59:38.456,1.25631,1.25656,1.01,1.13
2013.01.08 17:59:38.589,1.2562,1.25654,1.65,1.58
2013.01.08 17:59:38.774,1.2562,1.25655,1.73,1.88
2013.01.08 17:59:39.804,1.25618,1.25655,1.50,1.73
2013.01.08 17:59:39.996,1.25618,1.25655,1.50,1.73
2013.01.08 17:59:44.724,1.25616,1.25654,1.50,2.01
2013.01.08 17:59:48.804,1.25618,1.25655,1.50,1.50
2013.01.08 17:59:49.759,1.25616,1.25654,1.50,1.50
2013.01.08 17:59:52.952,1.25615,1.25649,1.35,1.50
2013.01.08 17:59:53.805,1.25614,1.25652,1.35,3.21
2013.01.08 17:59:54.160,1.25615,1.25652,1.35,2.18
2013.01.08 17:59:54.715,1.25615,1.25646,1.35,1.65
2013.01.08 17:59:55.264,1.25615,1.25647,1.35,2.33
2013.01.08 17:59:55.655,1.25615,1.25647,1.35,1.80
2013.01.08 17:59:55.834,1.25615,1.25649,1.35,1.73
2013.01.08 17:59:56.335,1.25615,1.25646,1.58,1.73
2013.01.08 17:59:56.675,1.25615,1.25646,1.35,1.73
2013.01.08 17:59:57.561,1.25615,1.25649,1.58,1.73
2013.01.08 17:59:58.114,1.25615,1.25646,1.35,1.73
2013.01.08 17:59:58.265,1.25614,1.25646,1.35,1.73
2013.01.08 17:59:58.805,1.25615,1.25649,1.35,1.73
2013.01.08 17:59:58.864,1.25615,1.25648,1.35,4.05
2013.01.08 17:59:58.984,1.25615,1.25648,1.35,1.13
2013.01.08 17:59:59.285,1.25614,1.2565,1.58,2.03
2013.01.08 17:59:59.825,1.25614,1.25647,1.35,2.03
