2016.03.23 22:00:00.170,1.12318,1.12351,0.10,0.75
2016.03.23 22:00:00.474,1.1232,1.12363,0.10,0.75
2016.03.23 22:00:00.995,1.1232,1.12364,0.10,0.75
2016.03.23 22:00:01.046,1.12318,1.12363,0.10,0.10
2016.03.23 22:00:02.523,1.1232,1.12365,0.10,0.75
2016.03.23 22:00:02.686,1.12318,1.12365,0.10,0.82
2016.03.23 22:00:03.039,1.12316,1.12361,0.10,0.10
2016.03.23 22:00:05.204,1.12311,1.12355,0.75,0.10
2016.03.23 22:00:05.356,1.12313,1.12358,0.10,0.10
2016.03.23 22:00:05.457,1.12309,1.12356,0.10,0.10
2016.03.23 22:00:05.989,1.12325,1.1237,0.10,1.57
2016.03.23 22:00:06.292,1.12337,1.12372,0.10,0.75
2016.03.23 22:00:06.343,1.12334,1.12372,0.10,0.75
2016.03.23 22:00:06.444,1.12336,1.12376,0.10,0.75
2016.03.23 22:00:06.647,1.1233,1.12372,0.75,0.10
2016.03.23 22:00:06.698,1.12325,1.12372,0.10,0.10
2016.03.23 22:00:06.749,1.12318,1.12359,0.75,0.10
2016.03.23 22:00:06.800,1.12312,1.12359,0.10,0.10
2016.03.23 22:00:06.902,1.1231,1.12355,0.10,0.10
2016.03.23 22:00:07.211,1.12315,1.12362,0.10,0.10
2016.03.23 22:00:08.090,1.12314,1.12366,0.10,0.75
2016.03.23 22:00:09.189,1.12311,1.12362,0.10,0.10
2016.03.23 22:00:13.753,1.12315,1.12362,0.75,0.10
2016.03.23 22:00:13.803,1.12318,1.1237,0.10,1.50
2016.03.23 22:00:14.124,1.12322,1.12372,0.10,1.50
2016.03.23 22:00:14.428,1.12328,1.12377,0.10,0.75
2016.03.23 22:00:14.959,1.12328,1.12378,0.10,0.75
2016.03.23 22:00:15.943,1.12328,1.12376,0.10,0.75
2016.03.23 22:00:16.310,1.12328,1.12378,0.10,1.50
2016.03.23 22:00:17.313,1.12328,1.12376,0.10,0.75
2016.03.23 22:00:17.415,1.12328,1.12378,0.10,1.50
2016.03.23 22:00:17.603,1.12328,1.12376,0.10,0.75
2016.03.23 22:00:18.135,1.12328,1.12372,0.10,0.75
2016.03.23 22:00:18.186,1.12326,1.12372,0.22,0.75
2016.03.23 22:00:19.863,1.12319,1.12373,0.10,0.82
2016.03.23 22:00:20.525,1.12323,1.12375,0.10,0.10
2016.03.23 22:00:21.928,1.12326,1.12376,0.10,0.75
2016.03.23 22:00:21.980,1.12326,1.12378,0.10,0.75
2016.03.23 22:00:22.857,1.12326,1.12373,0.10,0.75
2016.03.23 22:00:22.958,1.12321,1.12369,0.10,0.75
2016.03.23 22:00:23.059,1.12314,1.12368,0.75,0.75
2016.03.23 22:00:23.464,1.12314,1.12366,0.75,0.10
2016.03.23 22:00:23.767,1.12311,1.12367,0.10,0.10
2016.03.23 22:00:23.818,1.12309,1.12367,1.57,0.10
2016.03.23 22:00:24.071,1.12309,1.12358,0.75,0.10
2016.03.23 22:00:24.588,1.12309,1.12359,0.75,0.10
2016.03.23 22:00:25.339,1.12308,1.12363,1.57,0.10
2016.03.23 22:00:34.831,1.12308,1.12362,0.75,0.10
2016.03.23 22:00:36.037,1.12308,1.12363,0.82,0.82
2016.03.23 22:00:38.853,1.12309,1.12363,0.75,0.82
2016.03.23 22:00:38.903,1.12315,1.12363,0.75,0.10
2016.03.23 22:00:39.106,1.12316,1.12367,0.10,0.82
2016.03.23 22:00:41.075,1.12321,1.12363,0.15,0.75
2016.03.23 22:00:41.226,1.12322,1.12365,0.15,0.75
2016.03.23 22:00:41.378,1.12322,1.12362,0.15,0.75
2016.03.23 22:00:42.612,1.12321,1.12364,0.15,0.10
2016.03.23 22:00:43.514,1.12322,1.12362,0.15,0.75
2016.03.23 22:00:43.818,1.12322,1.12357,0.15,0.75
2016.03.23 22:00:47.889,1.12321,1.12358,0.15,0.10
2016.03.23 22:00:48.041,1.12321,1.1236,0.15,0.10
2016.03.23 22:00:49.205,1.12321,1.12358,0.15,0.75
2016.03.23 22:00:49.739,1.12321,1.12357,0.15,0.10
2016.03.23 22:00:50.561,1.12321,1.12361,0.15,0.10
2016.03.23 22:00:51.066,1.12322,1.12361,0.15,0.10
2016.03.23 22:00:51.584,1.12322,1.1236,0.15,0.75
2016.03.23 22:00:51.887,1.12322,1.12364,0.15,0.82
2016.03.23 22:00:52.342,1.12313,1.12357,0.10,0.75
2016.03.23 22:00:52.393,1.12302,1.12347,0.75,0.10
2016.03.23 22:00:52.444,1.12296,1.12347,0.10,0.10
2016.03.23 22:00:52.747,1.12299,1.1235,0.10,0.10
2016.03.23 22:00:53.840,1.12306,1.12357,0.10,0.10
2016.03.23 22:00:54.402,1.12303,1.12354,0.10,0.10
2016.03.23 22:00:54.705,1.12303,1.12352,0.10,0.75
2016.03.23 22:00:54.856,1.12299,1.12351,0.10,0.10
2016.03.23 22:00:55.957,1.12303,1.12354,0.10,0.82
2016.03.23 22:00:56.658,1.12303,1.12351,0.10,0.75
2016.03.23 22:00:56.809,1.12299,1.12351,0.10,0.75
2016.03.23 22:00:57.133,1.12299,1.12347,0.10,0.75
2016.03.23 22:00:57.234,1.12295,1.12347,0.10,0.75
2016.03.23 22:00:57.461,1.12299,1.1235,0.10,0.82
2016.03.23 22:00:58.016,1.12299,1.12348,0.10,0.75
2016.03.23 22:00:58.118,1.12295,1.12348,0.10,0.82
2016.03.23 22:00:58.420,1.12295,1.12345,0.10,0.75
2016.03.23 22:00:58.776,1.12295,1.12347,0.10,0.75
2016.03.23 22:00:59.216,1.12295,1.12345,0.10,0.75
2016.03.23 22:00:59.266,1.12292,1.12345,0.10,0.82
2016.03.23 22:01:00.650,1.12302,1.12353,0.10,0.75
2016.03.23 22:01:01.975,1.12302,1.12352,0.10,0.75
2016.03.23 22:01:02.076,1.12299,1.12352,0.10,0.82
2016.03.23 22:01:02.568,1.12299,1.12347,0.10,0.75
2016.03.23 22:01:02.669,1.12296,1.12347,0.10,0.82
2016.03.23 22:01:03.428,1.123,1.12351,0.10,0.10
2016.03.23 22:01:04.173,1.123,1.12347,0.10,0.75
2016.03.23 22:01:05.374,1.12296,1.12344,0.10,0.75
2016.03.23 22:01:07.243,1.12292,1.12343,0.10,0.10
2016.03.23 22:01:08.539,1.12292,1.1234,0.10,0.75
2016.03.23 22:01:10.564,1.12289,1.1234,0.10,0.82
2016.03.23 22:01:14.749,1.12289,1.12338,0.10,0.75
2016.03.23 22:01:16.056,1.12289,1.12339,0.10,0.75
2016.03.23 22:01:18.184,1.12289,1.12338,0.10,0.75
2016.03.23 22:01:20.475,1.12289,1.1234,0.10,0.10
2016.03.23 22:01:27.618,1.12289,1.12338,0.10,0.75
2016.03.23 22:01:32.135,1.12285,1.12337,0.10,0.10
2016.03.23 22:01:32.287,1.12285,1.12334,0.10,0.75
2016.03.23 22:01:41.540,1.12288,1.12337,0.75,0.10
2016.03.23 22:01:41.591,1.12289,1.12339,0.10,0.75
2016.03.23 22:01:41.895,1.12294,1.12339,0.10,0.75
2016.03.23 22:01:41.946,1.12294,1.12342,0.10,0.75
2016.03.23 22:01:42.129,1.1229,1.12338,0.10,0.75
2016.03.23 22:01:44.107,1.12288,1.12338,0.10,0.75
2016.03.23 22:01:46.205,1.12288,1.12339,0.82,0.10
2016.03.23 22:01:46.371,1.12291,1.12341,0.10,0.75
2016.03.23 22:01:46.698,1.12295,1.12343,0.10,0.75
2016.03.23 22:01:48.037,1.12295,1.12341,0.10,0.75
2016.03.23 22:01:48.088,1.12292,1.12341,0.10,0.75
2016.03.23 22:01:49.960,1.12292,1.12342,0.10,0.10
2016.03.23 22:01:50.061,1.12296,1.12347,0.10,0.82
2016.03.23 22:01:50.417,1.12296,1.12344,0.10,0.75
2016.03.23 22:01:50.518,1.12293,1.12344,0.10,0.82
2016.03.23 22:01:51.043,1.12287,1.12333,0.10,0.72
2016.03.23 22:01:51.144,1.12285,1.12333,0.75,0.72
2016.03.23 22:01:51.947,1.12286,1.12335,0.75,0.10
2016.03.23 22:01:52.048,1.12286,1.12337,0.82,0.82
2016.03.23 22:01:52.149,1.12289,1.12337,0.10,0.75
2016.03.23 22:01:53.051,1.12289,1.12334,0.10,0.75
2016.03.23 22:01:53.152,1.12285,1.12334,0.10,0.75
2016.03.23 22:01:55.946,1.12285,1.12331,0.10,0.75
2016.03.23 22:01:56.047,1.12285,1.12336,0.10,0.82
2016.03.23 22:02:02.194,1.12286,1.12336,0.75,0.82
2016.03.23 22:02:02.508,1.12293,1.12336,0.75,0.82
2016.03.23 22:02:02.827,1.12293,1.12338,0.75,0.10
2016.03.23 22:02:03.080,1.12293,1.12336,0.75,0.75
2016.03.23 22:02:03.393,1.12293,1.12334,0.75,0.10
2016.03.23 22:02:05.336,1.12293,1.12337,0.75,0.82
2016.03.23 22:02:07.331,1.12291,1.12337,0.75,0.82
2016.03.23 22:02:07.796,1.12293,1.12337,0.75,0.82
2016.03.23 22:02:09.245,1.12294,1.12337,0.75,0.82
2016.03.23 22:02:09.447,1.12292,1.12337,0.75,0.10
2016.03.23 22:02:10.192,1.12296,1.12337,0.75,0.10
2016.03.23 22:02:11.445,1.12294,1.12337,0.75,0.10
2016.03.23 22:02:11.950,1.12295,1.12337,0.75,0.10
2016.03.23 22:02:12.653,1.12294,1.12337,0.75,0.10
2016.03.23 22:02:15.362,1.12291,1.12337,0.75,0.10
2016.03.23 22:02:15.581,1.12294,1.12337,0.75,0.10
2016.03.23 22:02:19.574,1.12293,1.12337,0.75,0.10
2016.03.23 22:02:21.078,1.12293,1.1234,0.75,0.75
2016.03.23 22:02:21.680,1.12292,1.1234,0.75,0.75
2016.03.23 22:02:21.852,1.12294,1.1234,0.75,0.75
2016.03.23 22:02:22.532,1.12292,1.1234,0.75,0.75
2016.03.23 22:02:26.003,1.12292,1.12339,0.75,0.75
2016.03.23 22:02:27.291,1.12289,1.12339,0.10,0.75
2016.03.23 22:02:29.631,1.12292,1.12343,0.75,1.57
2016.03.23 22:02:30.466,1.12294,1.12343,0.75,0.82
2016.03.23 22:02:30.807,1.12297,1.12343,0.75,0.82
2016.03.23 22:02:31.205,1.12295,1.12343,0.75,0.82
2016.03.23 22:02:31.408,1.12297,1.12343,0.75,0.82
2016.03.23 22:02:32.664,1.12294,1.12343,0.75,0.82
2016.03.23 22:02:33.061,1.12296,1.12346,0.82,0.10
2016.03.23 22:02:33.847,1.12294,1.12341,0.75,0.10
2016.03.23 22:02:35.942,1.12291,1.12341,1.57,0.10
2016.03.23 22:02:36.574,1.12294,1.12341,0.75,0.10
2016.03.23 22:02:36.908,1.12291,1.12341,1.57,0.10
2016.03.23 22:02:41.302,1.12292,1.12341,0.75,0.10
2016.03.23 22:02:44.393,1.12291,1.12341,0.82,0.10
2016.03.23 22:02:44.495,1.12289,1.12338,0.75,0.10
2016.03.23 22:02:44.835,1.12291,1.12338,0.75,0.10
2016.03.23 22:02:47.042,1.12289,1.12338,0.75,0.10
2016.03.23 22:02:49.148,1.12292,1.12338,0.75,0.82
2016.03.23 22:02:49.698,1.12291,1.12338,0.75,0.10
2016.03.23 22:02:51.203,1.12292,1.12338,0.75,0.10
2016.03.23 22:02:52.090,1.12289,1.12338,0.75,0.10
2016.03.23 22:02:52.192,1.12292,1.12338,0.75,0.10
2016.03.23 22:02:52.429,1.12289,1.12338,0.75,0.10
2016.03.23 22:02:53.631,1.12288,1.12336,0.75,0.82
2016.03.23 22:02:54.134,1.12289,1.12336,0.75,0.82
2016.03.23 22:02:54.833,1.12292,1.12336,0.75,0.82
2016.03.23 22:02:54.941,1.12288,1.12336,0.75,0.82
2016.03.23 22:02:55.271,1.12285,1.12334,0.75,0.75
2016.03.23 22:02:55.328,1.12284,1.12331,0.82,0.75
2016.03.23 22:02:55.631,1.12283,1.12329,0.75,0.82
2016.03.23 22:02:56.163,1.12284,1.12328,0.75,0.75
2016.03.23 22:02:57.032,1.12283,1.12328,0.75,0.75
2016.03.23 22:02:59.803,1.12286,1.12328,0.75,0.75
2016.03.23 22:03:00.123,1.1228,1.12328,0.75,0.75
2016.03.23 22:03:00.372,1.12287,1.12328,0.75,0.75
2016.03.23 22:03:01.462,1.12287,1.12326,0.75,0.10
2016.03.23 22:03:01.913,1.12284,1.12326,0.75,0.10
2016.03.23 22:03:02.115,1.12287,1.12331,0.75,0.10
2016.03.23 22:03:02.772,1.12287,1.12329,0.75,0.75
2016.03.23 22:03:03.227,1.12285,1.12329,0.75,0.75
2016.03.23 22:03:03.611,1.12288,1.1233,0.75,0.75
2016.03.23 22:03:05.177,1.12285,1.1233,0.75,0.75
2016.03.23 22:03:07.090,1.12287,1.1233,0.75,0.75
2016.03.23 22:03:07.538,1.12284,1.1233,0.75,0.75
2016.03.23 22:03:08.032,1.12284,1.12333,0.75,0.82
2016.03.23 22:03:08.590,1.12287,1.12333,0.75,0.10
2016.03.23 22:03:09.094,1.12286,1.12333,0.75,0.10
2016.03.23 22:03:09.679,1.12287,1.12333,0.75,0.10
2016.03.23 22:03:10.237,1.1229,1.12333,0.75,0.10
2016.03.23 22:03:10.389,1.12286,1.1233,0.75,0.10
2016.03.23 22:03:10.440,1.12286,1.12326,0.75,0.10
2016.03.23 22:03:10.752,1.12289,1.12326,0.75,0.10
2016.03.23 22:03:11.370,1.12286,1.12326,0.75,0.10
2016.03.23 22:03:11.881,1.12287,1.12326,0.75,0.10
2016.03.23 22:03:11.982,1.12285,1.12326,0.75,0.10
2016.03.23 22:03:13.448,1.12283,1.12326,0.75,0.10
2016.03.23 22:03:13.650,1.12288,1.12326,0.75,0.10
2016.03.23 22:03:13.802,1.12285,1.12326,0.75,0.10
2016.03.23 22:03:14.218,1.12283,1.12326,0.75,0.10
2016.03.23 22:03:14.320,1.12286,1.12326,0.75,0.10
2016.03.23 22:03:14.774,1.12284,1.12326,0.75,0.10
2016.03.23 22:03:15.431,1.12286,1.12326,0.75,0.10
2016.03.23 22:03:15.734,1.12284,1.12326,0.75,0.10
2016.03.23 22:03:16.004,1.12286,1.12326,0.75,0.10
2016.03.23 22:03:16.307,1.12288,1.12326,0.75,0.10
2016.03.23 22:03:16.811,1.12289,1.12326,0.75,0.10
2016.03.23 22:03:16.862,1.12287,1.12326,0.75,0.10
2016.03.23 22:03:17.948,1.12284,1.12326,0.75,0.10
2016.03.23 22:03:18.050,1.12288,1.12326,0.75,0.10
2016.03.23 22:03:19.581,1.12291,1.12326,0.75,0.10
2016.03.23 22:03:20.133,1.12287,1.12326,0.75,0.10
2016.03.23 22:03:20.234,1.12287,1.12331,0.75,0.10
2016.03.23 22:03:20.285,1.12293,1.12331,0.75,0.10
2016.03.23 22:03:20.460,1.1229,1.12331,0.75,0.10
2016.03.23 22:03:20.614,1.12292,1.12331,0.75,0.10
2016.03.23 22:03:21.117,1.12293,1.12331,0.75,0.10
2016.03.23 22:03:21.420,1.12295,1.12331,0.75,0.10
2016.03.23 22:03:21.471,1.12293,1.12331,0.75,0.10
2016.03.23 22:03:22.222,1.12293,1.12335,0.75,0.10
2016.03.23 22:03:22.582,1.12296,1.12335,0.75,0.10
2016.03.23 22:03:22.684,1.12283,1.12335,0.10,0.10
2016.03.23 22:03:22.735,1.12283,1.12333,0.10,0.75
2016.03.23 22:03:23.038,1.12286,1.12324,0.75,0.10
2016.03.23 22:03:23.310,1.12286,1.12331,0.75,0.10
2016.03.23 22:03:25.192,1.12282,1.12331,0.10,0.10
2016.03.23 22:03:25.243,1.12281,1.12328,0.15,0.75
2016.03.23 22:03:25.548,1.12284,1.12322,0.75,0.10
2016.03.23 22:03:25.965,1.12284,1.12326,0.75,0.10
2016.03.23 22:03:26.217,1.12284,1.1233,0.75,0.10
2016.03.23 22:03:28.934,1.12289,1.1233,0.75,0.10
2016.03.23 22:03:29.287,1.12291,1.1233,0.75,0.10
2016.03.23 22:03:29.801,1.1229,1.1233,0.75,0.10
2016.03.23 22:03:31.689,1.12281,1.1233,0.10,0.10
2016.03.23 22:03:31.740,1.12281,1.12326,0.10,0.75
2016.03.23 22:03:32.088,1.12282,1.12317,0.10,0.10
2016.03.23 22:03:36.572,1.12282,1.12321,0.10,0.10
2016.03.23 22:03:37.878,1.12282,1.12318,0.10,0.10
2016.03.23 22:03:38.328,1.12282,1.12321,0.10,0.10
2016.03.23 22:03:47.013,1.12282,1.12317,0.10,0.10
2016.03.23 22:03:53.069,1.12282,1.12316,0.10,0.10
2016.03.23 22:03:53.170,1.12282,1.12318,0.10,0.10
2016.03.23 22:03:53.473,1.12284,1.12318,0.75,0.10
2016.03.23 22:03:55.046,1.12286,1.12318,0.75,0.10
2016.03.23 22:03:55.148,1.12286,1.12321,0.75,0.75
2016.03.23 22:03:55.199,1.12286,1.12323,0.75,0.10
2016.03.23 22:03:55.475,1.12284,1.12323,0.75,0.10
2016.03.23 22:03:56.226,1.12282,1.12323,0.82,0.10
2016.03.23 22:04:05.038,1.12283,1.12324,1.00,1.07
2016.03.23 22:04:07.222,1.12281,1.12327,1.07,1.75
2016.03.23 22:04:10.560,1.1228,1.12323,1.07,1.12
2016.03.23 22:04:11.349,1.12282,1.12323,1.10,1.07
2016.03.23 22:04:11.899,1.12283,1.12323,1.00,1.07
2016.03.23 22:04:13.300,1.12281,1.12326,1.07,1.75
2016.03.23 22:04:14.473,1.12283,1.12323,1.00,1.07
2016.03.23 22:04:14.975,1.12282,1.12323,1.10,1.07
2016.03.23 22:04:15.338,1.12282,1.12323,1.10,1.75
2016.03.23 22:04:17.032,1.12284,1.12323,1.00,1.75
2016.03.23 22:04:17.221,1.12281,1.12323,1.07,1.75
2016.03.23 22:04:18.002,1.12284,1.12323,1.00,1.75
2016.03.23 22:04:18.234,1.12281,1.12323,1.07,1.75
2016.03.23 22:04:20.754,1.12284,1.12323,1.00,1.75
2016.03.23 22:04:21.293,1.12283,1.12323,1.00,1.75
2016.03.23 22:04:25.262,1.12278,1.12323,1.07,1.75
2016.03.23 22:04:37.192,1.12279,1.12323,1.07,2.25
2016.03.23 22:04:47.099,1.12279,1.12324,1.07,1.75
2016.03.23 22:04:51.716,1.12274,1.12326,1.20,1.12
2016.03.23 22:04:53.235,1.12279,1.12323,1.07,1.75
2016.03.23 22:04:53.538,1.12276,1.12316,1.01,1.75
2016.03.23 22:04:53.880,1.12273,1.12313,1.01,1.75
2016.03.23 22:04:54.931,1.12277,1.12315,1.01,1.75
2016.03.23 22:04:55.601,1.12276,1.12314,1.01,1.75
2016.03.23 22:04:56.114,1.12271,1.12313,1.10,1.75
2016.03.23 22:04:57.145,1.12271,1.12311,1.03,1.50
2016.03.23 22:04:58.724,1.12265,1.12309,1.02,1.75
2016.03.23 22:04:59.259,1.12268,1.12308,1.03,1.50
2016.03.23 22:05:00.756,1.12268,1.12308,1.03,1.50
2016.03.23 22:05:01.277,1.12266,1.12308,1.02,1.50
2016.03.23 22:05:01.580,1.12238,1.12306,1.87,1.94
2016.03.23 22:05:02.088,1.12242,1.12303,1.20,1.12
2016.03.23 22:05:02.937,1.12242,1.12305,1.17,1.75
2016.03.23 22:05:03.551,1.12242,1.12303,1.18,1.75
2016.03.23 22:05:05.043,1.12242,1.12304,1.18,2.25
2016.03.23 22:05:07.443,1.12241,1.12303,1.19,3.00
2016.03.23 22:05:08.551,1.12241,1.12303,1.19,3.00
2016.03.23 22:05:08.753,1.1224,1.12304,2.00,1.12
2016.03.23 22:05:09.764,1.12246,1.12307,1.11,1.75
2016.03.23 22:05:12.299,1.12245,1.12303,1.11,1.75
2016.03.23 22:05:16.466,1.12248,1.12303,1.18,1.50
2016.03.23 22:05:16.668,1.12245,1.12303,1.81,2.25
2016.03.23 22:05:17.208,1.12242,1.12299,1.82,1.12
2016.03.23 22:05:17.576,1.12242,1.12299,1.82,1.75
2016.03.23 22:05:20.604,1.12246,1.12302,1.14,1.75
2016.03.23 22:05:20.770,1.12246,1.12301,1.16,1.75
2016.03.23 22:05:21.411,1.12244,1.123,1.17,1.75
2016.03.23 22:05:22.941,1.12243,1.12301,1.80,1.75
2016.03.23 22:05:22.992,1.12243,1.12301,1.81,2.25
2016.03.23 22:05:26.482,1.12239,1.12298,2.07,1.00
2016.03.23 22:05:26.993,1.1225,1.12297,1.04,1.10
2016.03.23 22:05:27.541,1.1225,1.12297,1.05,1.10
2016.03.23 22:05:30.854,1.12251,1.12296,1.05,1.00
2016.03.23 22:05:31.506,1.12251,1.12296,1.06,1.75
2016.03.23 22:05:33.822,1.12251,1.12296,1.06,1.07
2016.03.23 22:05:37.523,1.12252,1.12295,1.00,1.10
2016.03.23 22:05:38.470,1.12252,1.12295,1.00,1.50
2016.03.23 22:05:43.653,1.12251,1.12295,1.00,1.50
2016.03.23 22:05:44.253,1.12251,1.12295,1.19,1.50
2016.03.23 22:05:44.304,1.12251,1.12295,1.26,1.00
2016.03.23 22:05:44.355,1.12254,1.12303,1.25,1.50
2016.03.23 22:05:44.406,1.12254,1.12303,1.32,1.10
2016.03.23 22:05:44.507,1.12256,1.12305,1.07,1.00
2016.03.23 22:05:44.810,1.12262,1.12307,1.00,1.57
2016.03.23 22:05:45.328,1.1226,1.12305,1.00,1.00
2016.03.23 22:05:45.833,1.12259,1.12304,1.00,1.00
2016.03.23 22:05:45.883,1.12257,1.12302,1.10,1.00
2016.03.23 22:05:46.187,1.1226,1.12305,1.00,1.12
2016.03.23 22:05:46.763,1.12258,1.12305,1.00,1.12
2016.03.23 22:05:48.500,1.12256,1.12303,1.00,1.10
2016.03.23 22:05:49.497,1.12258,1.12305,1.00,1.12
2016.03.23 22:05:50.574,1.1226,1.12306,1.00,1.07
2016.03.23 22:05:50.877,1.1226,1.12305,1.00,1.75
2016.03.23 22:05:51.225,1.12249,1.12293,1.50,1.00
2016.03.23 22:05:51.528,1.12249,1.1229,1.50,1.00
2016.03.23 22:05:51.984,1.12252,1.1229,1.12,1.00
2016.03.23 22:05:52.504,1.12252,1.12289,1.12,1.00
2016.03.23 22:05:52.917,1.12253,1.12293,1.00,1.00
2016.03.23 22:05:52.968,1.12253,1.12293,1.12,1.00
2016.03.23 22:05:53.271,1.12253,1.1229,1.12,1.00
2016.03.23 22:05:53.935,1.12253,1.12293,1.12,1.00
2016.03.23 22:05:54.245,1.12253,1.12291,1.12,1.00
2016.03.23 22:05:54.346,1.12253,1.12293,1.12,1.00
2016.03.23 22:05:54.784,1.12253,1.1229,1.12,1.00
2016.03.23 22:05:55.289,1.12253,1.12291,1.12,1.00
2016.03.23 22:05:55.592,1.12253,1.12289,1.12,1.00
2016.03.23 22:05:55.693,1.12253,1.12291,1.12,1.00
2016.03.23 22:05:56.795,1.12253,1.12297,1.12,1.00
2016.03.23 22:05:57.470,1.12253,1.12296,1.12,1.00
2016.03.23 22:05:57.928,1.12253,1.12296,1.00,1.00
2016.03.23 22:05:58.534,1.12253,1.12297,1.00,1.50
2016.03.23 22:05:59.300,1.12253,1.12286,1.00,1.00
2016.03.23 22:06:01.326,1.12253,1.12286,1.57,1.00
2016.03.23 22:06:01.579,1.12256,1.12292,1.00,1.00
2016.03.23 22:06:01.630,1.12258,1.12292,1.00,1.00
2016.03.23 22:06:01.933,1.1226,1.12292,1.07,1.00
2016.03.23 22:06:02.672,1.1226,1.12292,1.00,1.00
2016.03.23 22:06:02.823,1.12262,1.12292,1.00,1.00
2016.03.23 22:06:03.130,1.12266,1.12292,1.00,1.00
2016.03.23 22:06:03.282,1.12263,1.12292,1.00,1.00
2016.03.23 22:06:03.383,1.12265,1.12292,1.00,1.00
2016.03.23 22:06:03.979,1.12265,1.12293,1.10,1.00
2016.03.23 22:06:05.075,1.12265,1.12293,2.06,1.00
2016.03.23 22:06:05.176,1.12271,1.12305,1.10,1.00
2016.03.23 22:06:05.278,1.12267,1.12304,1.00,1.00
2016.03.23 22:06:05.380,1.12265,1.12304,1.00,1.00
2016.03.23 22:06:05.582,1.12267,1.12305,1.00,1.00
2016.03.23 22:06:06.092,1.12266,1.12305,1.00,1.00
2016.03.23 22:06:06.570,1.12268,1.12305,1.00,1.00
2016.03.23 22:06:07.079,1.12268,1.12304,1.00,1.00
2016.03.23 22:06:09.200,1.1227,1.12307,1.00,1.00
2016.03.23 22:06:11.162,1.12267,1.12307,1.00,1.00
2016.03.23 22:06:11.529,1.12269,1.12307,1.00,1.00
2016.03.23 22:06:12.638,1.12267,1.12307,1.00,1.00
2016.03.23 22:06:13.152,1.12268,1.12307,1.00,1.00
2016.03.23 22:06:13.910,1.12267,1.12307,1.00,1.00
2016.03.23 22:06:14.487,1.12263,1.12307,1.00,1.00
2016.03.23 22:06:14.639,1.12257,1.12307,1.00,1.50
2016.03.23 22:06:14.740,1.12259,1.12307,1.00,1.00
2016.03.23 22:06:15.065,1.12268,1.12307,1.00,1.00
2016.03.23 22:06:15.167,1.12266,1.12307,1.00,1.00
2016.03.23 22:06:15.893,1.12268,1.12307,1.00,1.00
2016.03.23 22:06:16.888,1.12269,1.12307,1.00,1.00
2016.03.23 22:06:17.424,1.12268,1.12307,1.00,1.00
2016.03.23 22:06:17.761,1.12266,1.12307,1.00,1.00
2016.03.23 22:06:18.205,1.12268,1.12307,1.00,1.00
2016.03.23 22:06:19.440,1.12266,1.12307,1.00,1.00
2016.03.23 22:06:21.301,1.12268,1.12307,1.00,1.00
2016.03.23 22:06:23.306,1.12269,1.12307,1.00,1.00
2016.03.23 22:06:23.508,1.12263,1.12307,1.50,1.00
2016.03.23 22:06:23.610,1.12259,1.12308,1.00,1.07
2016.03.23 22:06:23.812,1.12268,1.12308,1.00,1.00
2016.03.23 22:06:24.409,1.12268,1.12307,1.00,1.00
2016.03.23 22:06:26.056,1.12269,1.12307,1.00,1.00
2016.03.23 22:06:26.164,1.12265,1.12307,1.00,1.00
2016.03.23 22:06:27.267,1.12267,1.12307,1.00,1.00
2016.03.23 22:06:28.101,1.12262,1.12307,1.00,1.00
2016.03.23 22:06:28.253,1.12258,1.12306,1.00,1.00
2016.03.23 22:06:28.304,1.12258,1.12306,1.00,1.07
2016.03.23 22:06:28.625,1.12264,1.12308,1.00,1.07
2016.03.23 22:06:28.929,1.12267,1.12308,1.00,1.00
2016.03.23 22:06:29.244,1.12266,1.12305,1.00,1.00
2016.03.23 22:06:30.236,1.12268,1.12305,1.00,1.00
2016.03.23 22:06:30.337,1.12265,1.12305,1.00,1.00
2016.03.23 22:06:30.646,1.12267,1.12305,1.00,1.00
2016.03.23 22:06:31.202,1.12268,1.12305,1.00,1.00
2016.03.23 22:06:31.719,1.12268,1.12306,1.00,1.00
2016.03.23 22:06:31.770,1.12266,1.12306,1.00,1.00
2016.03.23 22:06:33.070,1.12261,1.12306,1.10,1.00
2016.03.23 22:06:33.273,1.12255,1.12299,1.50,1.00
2016.03.23 22:06:33.475,1.12255,1.12303,2.25,1.00
2016.03.23 22:06:33.728,1.12255,1.12312,2.25,1.10
2016.03.23 22:06:33.920,1.12255,1.1231,1.00,1.00
2016.03.23 22:06:36.047,1.12255,1.12309,1.00,1.00
2016.03.23 22:06:36.230,1.12255,1.12312,1.00,1.00
2016.03.23 22:06:36.441,1.12255,1.1231,1.00,1.00
2016.03.23 22:06:37.933,1.12255,1.1231,1.19,1.50
2016.03.23 22:06:38.236,1.12268,1.1231,1.00,1.00
2016.03.23 22:06:38.338,1.12266,1.1231,1.00,1.00
2016.03.23 22:06:38.918,1.12268,1.1231,1.00,1.00
2016.03.23 22:06:40.346,1.12268,1.12309,1.00,1.00
2016.03.23 22:06:41.129,1.12267,1.12309,1.00,1.00
2016.03.23 22:06:42.049,1.12269,1.12309,1.00,1.00
2016.03.23 22:06:42.432,1.12272,1.12309,1.00,1.00
2016.03.23 22:06:42.533,1.12268,1.12309,1.00,1.00
2016.03.23 22:06:44.482,1.12268,1.1231,1.00,1.00
2016.03.23 22:06:45.406,1.12267,1.1231,1.00,1.00
2016.03.23 22:06:45.850,1.12263,1.1231,1.00,1.00
2016.03.23 22:06:46.001,1.12267,1.12315,1.00,1.00
2016.03.23 22:06:46.593,1.12266,1.12316,1.50,1.00
2016.03.23 22:06:48.198,1.12266,1.12321,1.50,1.87
2016.03.23 22:06:51.004,1.12268,1.12321,1.00,1.87
2016.03.23 22:06:51.528,1.12268,1.12321,1.00,1.07
2016.03.23 22:06:51.983,1.12268,1.12316,1.00,1.00
2016.03.23 22:06:52.520,1.12268,1.12316,1.00,1.07
2016.03.23 22:06:52.723,1.12268,1.12319,1.00,1.10
2016.03.23 22:06:54.170,1.1227,1.12319,1.00,1.10
2016.03.23 22:06:54.673,1.12269,1.12319,1.00,1.10
2016.03.23 22:06:55.080,1.12272,1.12321,1.00,1.07
2016.03.23 22:06:56.952,1.12269,1.12321,1.00,1.07
2016.03.23 22:06:57.053,1.12267,1.12321,1.50,1.07
2016.03.23 22:06:57.809,1.1227,1.12318,1.00,1.00
2016.03.23 22:06:58.349,1.1227,1.12317,1.00,1.00
2016.03.23 22:06:58.930,1.12269,1.12317,1.00,1.00
2016.03.23 22:06:59.812,1.1227,1.12317,1.00,1.00
2016.03.23 22:07:00.371,1.12269,1.12317,1.00,1.00
2016.03.23 22:07:02.529,1.12268,1.12317,1.00,1.00
2016.03.23 22:07:04.859,1.12269,1.12317,1.00,1.00
2016.03.23 22:07:06.389,1.12272,1.12317,1.00,1.00
2016.03.23 22:07:06.490,1.1227,1.12317,1.00,1.00
2016.03.23 22:07:07.024,1.12268,1.12317,2.32,1.00
2016.03.23 22:07:07.641,1.12268,1.12317,2.25,1.00
2016.03.23 22:07:07.742,1.1227,1.12317,1.00,1.00
2016.03.23 22:07:08.113,1.1227,1.12314,1.00,1.00
2016.03.23 22:07:09.349,1.12268,1.12314,1.00,1.00
2016.03.23 22:07:10.475,1.1227,1.12314,1.00,1.00
2016.03.23 22:07:11.444,1.12267,1.12314,1.00,1.00
2016.03.23 22:07:11.951,1.12268,1.12314,1.00,1.00
2016.03.23 22:07:14.538,1.1227,1.12314,1.00,1.00
2016.03.23 22:07:14.640,1.12268,1.12314,1.00,1.00
2016.03.23 22:07:16.691,1.1227,1.12314,1.00,1.00
2016.03.23 22:07:17.892,1.12267,1.12314,2.25,1.00
2016.03.23 22:07:18.044,1.1227,1.12314,1.00,1.00
2016.03.23 22:07:18.146,1.1227,1.12317,1.00,1.00
2016.03.23 22:07:21.523,1.12272,1.12317,1.00,1.00
2016.03.23 22:07:21.719,1.1227,1.12317,1.50,1.00
2016.03.23 22:07:23.564,1.12267,1.12318,1.50,1.00
2016.03.23 22:07:24.697,1.12269,1.12318,1.00,1.00
2016.03.23 22:07:25.001,1.12271,1.12318,1.00,1.00
2016.03.23 22:07:25.525,1.12272,1.12318,1.00,1.00
2016.03.23 22:07:27.137,1.12271,1.12318,1.00,1.00
2016.03.23 22:07:28.143,1.12273,1.12317,1.00,1.00
2016.03.23 22:07:28.446,1.12275,1.12318,1.00,1.00
2016.03.23 22:07:30.680,1.12274,1.12317,1.10,1.00
2016.03.23 22:07:32.593,1.12273,1.12317,1.50,1.00
2016.03.23 22:07:32.897,1.12282,1.12317,1.00,1.00
2016.03.23 22:07:33.457,1.12283,1.12318,1.00,1.00
2016.03.23 22:07:33.796,1.12286,1.12318,1.00,1.00
2016.03.23 22:07:34.112,1.12289,1.12318,1.00,1.00
2016.03.23 22:07:34.415,1.12286,1.12318,1.00,1.00
2016.03.23 22:07:34.573,1.12286,1.12325,1.00,1.00
2016.03.23 22:07:34.624,1.12289,1.12325,1.00,1.00
2016.03.23 22:07:37.022,1.12283,1.12325,1.00,1.25
2016.03.23 22:07:37.124,1.12285,1.12325,1.00,1.00
2016.03.23 22:07:37.427,1.12283,1.12323,1.00,1.10
2016.03.23 22:07:37.945,1.12284,1.12323,1.00,1.10
2016.03.23 22:07:40.687,1.12283,1.12323,1.00,1.10
2016.03.23 22:07:41.794,1.12285,1.12325,1.00,1.57
2016.03.23 22:07:42.671,1.12286,1.12325,1.00,1.07
2016.03.23 22:07:43.309,1.12285,1.12325,1.00,1.07
2016.03.23 22:07:43.985,1.12283,1.12325,1.00,1.07
2016.03.23 22:07:44.490,1.12284,1.12325,1.00,1.07
2016.03.23 22:07:44.951,1.1228,1.12322,1.00,1.00
2016.03.23 22:07:45.179,1.12282,1.12322,1.00,1.00
2016.03.23 22:07:47.849,1.12282,1.12322,1.00,1.12
2016.03.23 22:07:48.153,1.12285,1.12322,1.00,1.12
2016.03.23 22:07:48.608,1.12285,1.12322,1.00,1.00
2016.03.23 22:07:49.144,1.12286,1.12322,1.00,1.00
2016.03.23 22:07:49.357,1.12284,1.12322,1.00,1.00
2016.03.23 22:07:52.327,1.12285,1.12322,1.00,1.00
2016.03.23 22:07:53.180,1.12288,1.12322,1.00,1.00
2016.03.23 22:07:53.984,1.12285,1.12322,1.00,1.00
2016.03.23 22:07:54.397,1.12288,1.12323,1.00,1.00
2016.03.23 22:07:54.498,1.12288,1.12325,1.00,1.00
2016.03.23 22:07:54.549,1.12284,1.12325,1.00,1.00
2016.03.23 22:07:55.408,1.12288,1.12325,1.00,1.00
2016.03.23 22:07:55.738,1.12285,1.12325,1.00,1.00
2016.03.23 22:07:56.243,1.12288,1.12332,1.00,1.50
2016.03.23 22:07:56.395,1.1229,1.12332,1.00,1.50
2016.03.23 22:07:56.805,1.12293,1.12332,1.00,1.00
2016.03.23 22:07:57.343,1.12294,1.12332,1.00,1.00
2016.03.23 22:07:57.394,1.12292,1.12332,1.00,1.00
2016.03.23 22:07:57.495,1.12289,1.12332,1.00,1.50
2016.03.23 22:07:57.596,1.12285,1.12324,1.07,1.00
2016.03.23 22:07:58.118,1.12286,1.12324,1.00,1.00
2016.03.23 22:07:58.169,1.12286,1.12326,1.00,1.00
2016.03.23 22:07:58.220,1.12283,1.12326,1.00,1.00
2016.03.23 22:07:58.388,1.12283,1.12324,1.00,1.00
2016.03.23 22:07:58.716,1.12281,1.12326,1.07,1.00
2016.03.23 22:07:59.291,1.12281,1.12326,1.00,1.00
2016.03.23 22:08:00.718,1.12281,1.12324,1.00,1.00
2016.03.23 22:08:01.045,1.12283,1.12324,1.00,1.00
2016.03.23 22:08:02.198,1.12281,1.12324,1.00,1.00
2016.03.23 22:08:02.350,1.12283,1.12324,1.00,1.00
2016.03.23 22:08:03.519,1.12283,1.12323,1.50,1.00
2016.03.23 22:08:04.398,1.12284,1.12323,1.00,1.00
2016.03.23 22:08:06.407,1.12283,1.12323,1.50,1.00
2016.03.23 22:08:06.660,1.1228,1.12323,1.10,1.00
2016.03.23 22:08:07.638,1.12281,1.12323,1.00,1.00
2016.03.23 22:08:08.248,1.12279,1.12323,1.00,1.50
2016.03.23 22:08:09.269,1.1228,1.12312,1.00,1.00
2016.03.23 22:08:12.319,1.12281,1.12312,1.00,1.00
2016.03.23 22:08:13.883,1.1228,1.12312,1.00,1.00
2016.03.23 22:08:19.340,1.1228,1.12314,1.00,1.00
2016.03.23 22:08:19.724,1.12276,1.12314,1.12,1.00
2016.03.23 22:08:19.775,1.12282,1.12313,1.10,1.00
2016.03.23 22:08:19.876,1.12285,1.12321,1.50,1.00
2016.03.23 22:08:19.978,1.12285,1.12321,1.07,1.00
2016.03.23 22:08:20.028,1.12288,1.12321,1.00,1.00
2016.03.23 22:08:20.180,1.1229,1.12329,1.12,1.00
2016.03.23 22:08:20.281,1.1229,1.12329,1.75,1.00
2016.03.23 22:08:20.804,1.12295,1.12328,1.10,1.00
2016.03.23 22:08:21.122,1.12295,1.12328,1.75,1.00
2016.03.23 22:08:24.358,1.12294,1.12331,2.25,1.00
2016.03.23 22:08:33.491,1.12301,1.12331,1.00,1.00
2016.03.23 22:08:33.593,1.12299,1.12331,1.10,1.00
2016.03.23 22:08:34.410,1.12299,1.12336,1.10,1.00
2016.03.23 22:08:34.461,1.12301,1.12336,1.00,1.00
2016.03.23 22:08:37.325,1.123,1.12336,1.00,1.00
2016.03.23 22:08:37.649,1.12305,1.12336,1.10,1.00
2016.03.23 22:08:38.257,1.12306,1.12336,1.00,1.00
2016.03.23 22:08:39.036,1.12306,1.12342,1.00,1.00
2016.03.23 22:08:40.178,1.12308,1.12342,1.00,1.00
2016.03.23 22:08:40.419,1.12305,1.12342,1.10,1.00
2016.03.23 22:08:42.173,1.12307,1.12342,1.00,1.00
2016.03.23 22:08:42.376,1.12305,1.12342,1.10,1.00
2016.03.23 22:08:43.330,1.12305,1.12341,1.10,1.00
2016.03.23 22:08:43.381,1.12303,1.12341,1.00,1.00
2016.03.23 22:08:43.886,1.12304,1.12341,1.00,1.00
2016.03.23 22:08:47.508,1.12303,1.12341,1.00,1.00
2016.03.23 22:08:48.895,1.12303,1.12339,1.00,1.00
2016.03.23 22:08:52.149,1.12305,1.12339,1.00,1.00
2016.03.23 22:08:58.508,1.12307,1.12339,1.00,1.00
2016.03.23 22:08:58.880,1.12311,1.12339,1.00,1.00
2016.03.23 22:08:58.932,1.12311,1.12342,1.00,1.00
2016.03.23 22:08:58.983,1.12309,1.12342,1.00,1.00
2016.03.23 22:08:59.488,1.12308,1.12342,1.00,1.00
2016.03.23 22:09:01.274,1.1231,1.12342,1.00,1.00
2016.03.23 22:09:01.729,1.12303,1.12342,1.00,1.00
2016.03.23 22:09:03.067,1.12303,1.12342,1.00,1.19
2016.03.23 22:09:03.126,1.12292,1.12329,1.00,1.00
2016.03.23 22:09:03.177,1.12278,1.12329,1.00,1.94
2016.03.23 22:09:03.228,1.12277,1.1232,1.00,1.00
2016.03.23 22:09:03.531,1.12272,1.12311,1.00,1.00
2016.03.23 22:09:03.834,1.12267,1.12307,1.00,1.00
2016.03.23 22:09:04.046,1.1227,1.12307,1.00,1.00
2016.03.23 22:09:04.918,1.1227,1.12307,1.00,1.19
2016.03.23 22:09:05.623,1.1227,1.12303,1.00,1.00
2016.03.23 22:09:05.674,1.12267,1.12303,1.00,1.00
2016.03.23 22:09:06.433,1.12268,1.12304,1.00,1.10
2016.03.23 22:09:06.537,1.12265,1.12304,1.00,1.10
2016.03.23 22:09:08.039,1.12265,1.12304,1.00,1.12
2016.03.23 22:09:08.588,1.12264,1.12304,1.00,1.31
2016.03.23 22:09:10.390,1.12264,1.12299,1.00,1.00
2016.03.23 22:09:12.601,1.12263,1.12299,1.00,1.00
2016.03.23 22:09:12.944,1.12265,1.12299,1.00,1.00
2016.03.23 22:09:15.157,1.12263,1.12299,1.00,1.00
2016.03.23 22:09:15.658,1.12264,1.12299,1.00,1.00
2016.03.23 22:09:16.339,1.1226,1.12299,1.00,1.00
2016.03.23 22:09:16.561,1.12264,1.12299,1.00,1.00
2016.03.23 22:09:19.512,1.12264,1.123,1.00,1.00
2016.03.23 22:09:20.450,1.12261,1.12295,1.00,1.00
2016.03.23 22:09:21.655,1.12258,1.12295,1.00,1.00
2016.03.23 22:09:23.087,1.12257,1.12295,1.00,1.25
2016.03.23 22:09:26.112,1.12257,1.12294,1.00,1.00
2016.03.23 22:09:26.162,1.1226,1.12294,1.00,1.00
2016.03.23 22:09:26.739,1.1226,1.12293,1.00,1.00
2016.03.23 22:09:31.940,1.1226,1.12291,1.00,1.00
2016.03.23 22:09:32.947,1.12257,1.12291,1.00,1.00
2016.03.23 22:09:33.207,1.1226,1.12291,1.00,1.00
2016.03.23 22:09:33.610,1.12258,1.12291,1.00,1.00
2016.03.23 22:09:34.164,1.12257,1.12291,1.00,1.00
2016.03.23 22:09:34.715,1.12256,1.12291,1.00,1.00
2016.03.23 22:09:35.162,1.12258,1.12291,1.00,1.00
2016.03.23 22:09:36.027,1.12259,1.12291,1.00,1.00
2016.03.23 22:09:36.554,1.12258,1.12291,1.00,1.00
2016.03.23 22:09:36.908,1.12256,1.12291,1.00,1.00
2016.03.23 22:09:38.809,1.12254,1.12291,1.00,1.00
2016.03.23 22:09:40.251,1.12254,1.12291,1.00,1.19
2016.03.23 22:09:42.800,1.12255,1.12291,1.00,1.19
2016.03.23 22:09:42.851,1.12255,1.12285,1.00,1.00
2016.03.23 22:09:43.177,1.12237,1.12268,1.00,2.06
2016.03.23 22:09:43.228,1.12234,1.12268,1.00,1.31
2016.03.23 22:09:43.330,1.12228,1.12268,1.00,1.31
2016.03.23 22:09:43.381,1.12228,1.12258,1.00,1.00
2016.03.23 22:09:43.482,1.1222,1.12253,1.00,1.19
2016.03.23 22:09:43.584,1.12211,1.12253,1.50,1.31
2016.03.23 22:09:43.787,1.12213,1.12254,1.50,1.31
2016.03.23 22:09:49.820,1.12213,1.12252,1.50,1.19
2016.03.23 22:09:51.280,1.12214,1.12253,1.87,1.19
2016.03.23 22:09:51.382,1.12214,1.12253,2.25,1.19
2016.03.23 22:09:52.097,1.12214,1.12258,2.25,1.19
2016.03.23 22:10:00.641,1.12217,1.12257,1.00,1.25
2016.03.23 22:10:01.084,1.12212,1.12249,1.50,1.00
2016.03.23 22:10:01.135,1.12211,1.12249,1.12,1.00
2016.03.23 22:10:01.187,1.12211,1.12249,1.00,1.00
2016.03.23 22:10:01.692,1.12211,1.1225,1.00,1.00
2016.03.23 22:10:01.793,1.12207,1.1225,1.00,1.00
2016.03.23 22:10:02.273,1.12204,1.1225,1.57,1.00
2016.03.23 22:10:02.599,1.12204,1.1225,1.57,1.19
2016.03.23 22:10:04.659,1.12204,1.12247,1.07,1.00
2016.03.23 22:10:04.710,1.12204,1.12249,1.07,1.00
2016.03.23 22:10:04.761,1.1221,1.12249,1.00,1.00
2016.03.23 22:10:05.080,1.12213,1.12249,1.00,1.00
2016.03.23 22:10:13.992,1.12213,1.12236,1.00,1.00
2016.03.23 22:10:14.251,1.12196,1.12225,1.00,1.00
2016.03.23 22:10:14.302,1.1219,1.1224,2.25,1.50
2016.03.23 22:10:14.812,1.12191,1.12241,1.50,1.50
2016.03.23 22:10:15.015,1.12196,1.12241,1.00,1.00
2016.03.23 22:10:15.520,1.12197,1.1224,1.00,1.00
2016.03.23 22:10:15.902,1.122,1.1224,1.00,1.00
2016.03.23 22:10:16.667,1.12198,1.1224,1.00,1.00
2016.03.23 22:10:17.996,1.12199,1.1224,1.00,1.00
2016.03.23 22:10:18.523,1.12198,1.1224,1.00,1.00
2016.03.23 22:10:19.586,1.12198,1.12237,1.00,1.00
2016.03.23 22:10:20.485,1.12196,1.12237,1.00,1.00
2016.03.23 22:10:20.713,1.12198,1.12237,1.00,1.00
2016.03.23 22:10:22.286,1.122,1.12237,1.00,1.00
2016.03.23 22:10:22.488,1.12196,1.12237,1.00,1.00
2016.03.23 22:10:23.458,1.12199,1.12237,1.00,1.00
2016.03.23 22:10:23.997,1.12198,1.12237,1.00,1.00
2016.03.23 22:10:24.729,1.12198,1.12238,1.00,1.00
2016.03.23 22:10:27.748,1.12192,1.12238,1.00,1.00
2016.03.23 22:10:27.799,1.12192,1.12245,1.12,1.75
2016.03.23 22:10:27.900,1.12203,1.12244,1.00,1.19
2016.03.23 22:10:28.229,1.12202,1.12243,1.00,1.31
2016.03.23 22:10:28.933,1.12202,1.1224,1.00,1.00
2016.03.23 22:10:29.186,1.122,1.1224,1.00,1.00
2016.03.23 22:10:29.731,1.12198,1.1224,1.00,1.00
2016.03.23 22:10:29.984,1.12203,1.1224,1.00,1.00
2016.03.23 22:10:30.085,1.12197,1.1224,1.12,1.00
2016.03.23 22:10:30.136,1.12197,1.12244,1.12,1.19
2016.03.23 22:10:30.187,1.12197,1.12244,2.25,1.00
2016.03.23 22:10:30.237,1.12197,1.12247,2.25,1.00
2016.03.23 22:10:30.288,1.12211,1.12247,1.00,1.19
2016.03.23 22:10:30.953,1.1221,1.12247,1.00,1.19
2016.03.23 22:10:31.925,1.12213,1.12248,1.00,1.69
2016.03.23 22:10:34.917,1.12212,1.12248,1.00,1.69
2016.03.23 22:10:36.465,1.12209,1.12248,1.00,1.19
2016.03.23 22:10:36.667,1.12209,1.12253,1.10,1.19
2016.03.23 22:10:36.768,1.12216,1.12253,1.00,1.19
2016.03.23 22:10:37.071,1.12218,1.12253,1.00,1.19
2016.03.23 22:10:39.550,1.12214,1.12254,1.00,1.19
2016.03.23 22:10:39.652,1.12214,1.12254,1.00,1.19
2016.03.23 22:10:39.753,1.12221,1.12254,1.00,1.19
2016.03.23 22:10:40.934,1.12221,1.12252,1.00,1.19
2016.03.23 22:10:40.985,1.12218,1.12252,1.00,1.19
2016.03.23 22:10:41.086,1.12216,1.12252,1.00,1.19
2016.03.23 22:10:44.264,1.12216,1.1225,1.00,1.19
2016.03.23 22:10:44.365,1.12211,1.12248,1.00,1.19
2016.03.23 22:10:44.898,1.1221,1.12248,1.00,1.19
2016.03.23 22:10:45.588,1.12208,1.12248,1.00,1.19
2016.03.23 22:10:46.681,1.1221,1.12248,1.00,1.19
2016.03.23 22:10:48.478,1.12209,1.12248,1.00,1.19
2016.03.23 22:10:50.990,1.12208,1.12247,1.00,1.19
2016.03.23 22:10:51.531,1.12207,1.12247,1.00,1.19
2016.03.23 22:10:55.725,1.12206,1.12247,1.00,1.19
2016.03.23 22:10:56.817,1.12207,1.12247,1.00,1.19
2016.03.23 22:10:58.217,1.12206,1.12242,1.00,1.19
2016.03.23 22:10:58.268,1.12202,1.12239,1.00,1.31
2016.03.23 22:10:58.369,1.12198,1.12238,1.00,1.25
2016.03.23 22:10:58.874,1.12198,1.12238,1.00,1.76
2016.03.23 22:10:58.975,1.12191,1.12238,1.00,1.76
2016.03.23 22:10:59.228,1.12194,1.12238,1.00,1.76
2016.03.23 22:10:59.455,1.12192,1.12238,1.00,1.76
2016.03.23 22:10:59.959,1.12191,1.12238,1.07,1.69
2016.03.23 22:11:00.546,1.12193,1.12238,1.00,1.69
2016.03.23 22:11:00.960,1.12193,1.12234,1.00,1.00
2016.03.23 22:11:01.263,1.12192,1.12232,1.00,1.19
2016.03.23 22:11:01.768,1.12191,1.1223,1.00,1.19
2016.03.23 22:11:02.839,1.12189,1.12231,1.00,1.19
2016.03.23 22:11:03.415,1.1219,1.12229,1.00,1.25
2016.03.23 22:11:03.921,1.1219,1.12228,1.00,1.00
2016.03.23 22:11:04.604,1.12187,1.12228,1.00,1.00
2016.03.23 22:11:04.857,1.12191,1.12232,1.00,1.76
2016.03.23 22:11:05.290,1.12188,1.12232,1.12,1.10
2016.03.23 22:11:05.341,1.12193,1.12232,1.00,1.10
2016.03.23 22:11:05.644,1.12208,1.12246,1.00,1.19
2016.03.23 22:11:07.476,1.12211,1.12246,1.00,1.69
2016.03.23 22:11:07.578,1.12208,1.12245,1.00,1.25
2016.03.23 22:11:07.831,1.12205,1.12245,1.00,1.25
2016.03.23 22:11:08.134,1.12209,1.12245,1.00,1.25
2016.03.23 22:11:08.998,1.12207,1.12245,1.00,1.25
2016.03.23 22:11:09.251,1.12207,1.12243,1.00,1.00
2016.03.23 22:11:09.572,1.12209,1.12243,1.00,1.10
2016.03.23 22:11:09.774,1.12199,1.12243,1.00,1.10
2016.03.23 22:11:09.876,1.12199,1.12236,1.00,1.00
2016.03.23 22:11:10.180,1.12191,1.12228,1.00,1.12
2016.03.23 22:11:10.686,1.1219,1.12228,1.00,1.12
2016.03.23 22:11:11.191,1.12185,1.12228,1.00,1.12
2016.03.23 22:11:12.409,1.12184,1.12228,1.00,1.12
2016.03.23 22:11:15.994,1.12185,1.12228,1.00,1.12
2016.03.23 22:11:20.124,1.12185,1.12223,1.00,1.00
2016.03.23 22:11:20.443,1.12186,1.12218,1.00,1.00
2016.03.23 22:11:20.897,1.12187,1.12216,1.00,1.00
2016.03.23 22:11:21.817,1.12187,1.12215,1.00,1.00
2016.03.23 22:11:22.595,1.12187,1.12216,1.00,1.00
2016.03.23 22:11:23.106,1.12187,1.12215,1.00,1.00
2016.03.23 22:11:24.834,1.12188,1.12215,1.00,1.00
2016.03.23 22:11:25.054,1.12185,1.12215,1.50,1.00
2016.03.23 22:11:25.105,1.12185,1.12219,1.50,1.19
2016.03.23 22:11:25.206,1.12186,1.1222,1.50,1.00
2016.03.23 22:11:26.010,1.12188,1.1222,1.00,1.00
2016.03.23 22:11:26.618,1.12189,1.1222,1.00,1.00
2016.03.23 22:11:29.328,1.12188,1.12226,1.00,1.57
2016.03.23 22:11:29.430,1.12188,1.12232,1.00,1.00
2016.03.23 22:11:29.481,1.12192,1.12232,1.00,1.00
2016.03.23 22:11:29.532,1.12192,1.12236,1.00,1.00
2016.03.23 22:11:29.684,1.12196,1.12236,1.00,1.00
2016.03.23 22:11:29.987,1.12198,1.12236,1.00,1.00
2016.03.23 22:11:30.139,1.12196,1.12236,1.00,1.00
2016.03.23 22:11:30.994,1.12197,1.12236,1.00,1.00
2016.03.23 22:11:31.096,1.12197,1.12231,1.00,1.00
2016.03.23 22:11:31.431,1.12195,1.12225,1.00,1.00
2016.03.23 22:11:33.675,1.12192,1.12225,1.00,1.00
2016.03.23 22:11:33.827,1.12188,1.12227,1.69,1.07
2016.03.23 22:11:34.231,1.12192,1.12227,1.00,1.00
2016.03.23 22:11:36.317,1.12193,1.12227,1.00,1.00
2016.03.23 22:11:49.460,1.12193,1.12228,1.50,1.10
2016.03.23 22:11:57.968,1.12194,1.1223,1.00,1.12
2016.03.23 22:11:59.042,1.12194,1.1223,1.00,1.07
2016.03.23 22:11:59.576,1.12193,1.1223,1.00,1.07
2016.03.23 22:12:09.564,1.12194,1.12231,1.00,1.12
2016.03.23 22:12:10.154,1.12195,1.12231,1.00,1.12
2016.03.23 22:12:10.883,1.12194,1.1223,1.00,1.07
2016.03.23 22:12:12.163,1.12195,1.1223,1.00,1.57
2016.03.23 22:12:12.315,1.12194,1.12231,1.00,1.00
2016.03.23 22:12:14.854,1.12195,1.12229,1.00,1.00
2016.03.23 22:12:15.375,1.12195,1.1223,1.00,1.00
2016.03.23 22:12:15.678,1.12195,1.12232,1.00,1.00
2016.03.23 22:12:15.898,1.12195,1.12235,1.69,1.10
2016.03.23 22:12:16.050,1.12198,1.12243,1.00,1.75
2016.03.23 22:12:16.101,1.12198,1.12243,1.00,1.00
2016.03.23 22:12:16.253,1.12198,1.12239,1.00,1.00
2016.03.23 22:12:16.567,1.12198,1.12242,1.00,1.00
2016.03.23 22:12:18.012,1.12198,1.12241,1.00,1.00
2016.03.23 22:12:18.269,1.122,1.12246,1.00,1.26
2016.03.23 22:12:18.572,1.12202,1.12247,1.50,1.00
2016.03.23 22:12:18.891,1.122,1.12245,1.75,1.00
2016.03.23 22:12:20.734,1.12199,1.12245,1.75,1.00
2016.03.23 22:12:20.785,1.12203,1.12248,1.10,1.01
2016.03.23 22:12:20.836,1.12203,1.12248,1.75,1.00
2016.03.23 22:12:21.140,1.1221,1.12249,1.00,1.00
2016.03.23 22:12:21.318,1.12207,1.12249,1.07,1.00
2016.03.23 22:12:23.360,1.12207,1.12251,1.07,1.00
2016.03.23 22:12:25.498,1.12207,1.12252,1.07,1.00
2016.03.23 22:12:26.200,1.12205,1.12252,1.75,1.00
2016.03.23 22:12:30.913,1.12211,1.12251,1.07,1.00
2016.03.23 22:12:33.813,1.12211,1.12251,1.75,1.00
2016.03.23 22:12:33.915,1.12211,1.12254,1.75,1.00
2016.03.23 22:12:34.022,1.1221,1.12258,1.75,1.00
2016.03.23 22:12:34.925,1.1221,1.12257,1.75,1.00
2016.03.23 22:12:35.193,1.1221,1.12261,1.75,1.07
2016.03.23 22:12:40.602,1.12214,1.1226,1.50,1.00
2016.03.23 22:12:41.108,1.12216,1.12261,1.07,1.00
2016.03.23 22:12:42.033,1.12216,1.12264,1.07,1.10
2016.03.23 22:12:44.902,1.12215,1.12266,1.75,1.00
2016.03.23 22:12:45.004,1.12216,1.12269,1.75,1.00
2016.03.23 22:12:45.526,1.12223,1.12268,1.12,1.00
2016.03.23 22:12:46.057,1.12224,1.12269,1.07,1.00
2016.03.23 22:12:46.563,1.12223,1.12268,1.12,1.00
2016.03.23 22:12:48.664,1.12218,1.12268,1.12,1.50
2016.03.23 22:12:49.320,1.12219,1.12265,1.00,1.87
2016.03.23 22:12:49.522,1.12219,1.12265,1.00,1.57
2016.03.23 22:12:51.940,1.12219,1.12265,1.00,1.87
2016.03.23 22:12:52.395,1.12219,1.12265,1.10,1.57
2016.03.23 22:12:52.834,1.12219,1.12265,1.50,1.00
2016.03.23 22:12:53.343,1.12219,1.12266,1.50,1.00
2016.03.23 22:12:53.861,1.12219,1.12266,1.50,1.19
2016.03.23 22:12:54.164,1.12219,1.12261,1.57,1.00
2016.03.23 22:12:54.767,1.1222,1.12262,1.10,1.50
2016.03.23 22:12:55.097,1.12223,1.12262,1.00,1.00
2016.03.23 22:12:57.018,1.12223,1.12257,1.00,1.00
2016.03.23 22:12:57.127,1.12222,1.1226,1.00,1.00
2016.03.23 22:12:57.380,1.12222,1.12258,1.00,1.00
2016.03.23 22:12:57.606,1.12222,1.12261,1.00,1.50
2016.03.23 22:12:59.100,1.12221,1.12261,1.00,1.00
2016.03.23 22:13:02.063,1.12221,1.12261,1.00,1.12
2016.03.23 22:13:05.163,1.12219,1.12262,1.00,1.50
2016.03.23 22:13:10.192,1.12219,1.12262,1.00,1.10
2016.03.23 22:13:12.380,1.1222,1.12262,1.00,1.10
2016.03.23 22:13:12.901,1.12219,1.12262,1.00,1.10
2016.03.23 22:13:14.432,1.12219,1.12263,1.10,1.00
2016.03.23 22:13:15.178,1.1222,1.12263,1.00,1.00
2016.03.23 22:13:16.735,1.1222,1.12262,1.00,1.00
2016.03.23 22:13:17.292,1.1222,1.12263,1.00,1.10
2016.03.23 22:13:17.746,1.1222,1.12261,1.00,1.00
2016.03.23 22:13:18.770,1.1222,1.12262,1.00,1.00
2016.03.23 22:13:19.143,1.1222,1.12258,1.00,1.00
2016.03.23 22:13:19.782,1.12221,1.12258,1.00,1.10
2016.03.23 22:13:21.112,1.12221,1.12259,1.00,1.12
2016.03.23 22:13:21.314,1.1222,1.12259,1.00,1.10
2016.03.23 22:13:21.466,1.1222,1.12262,1.00,1.07
2016.03.23 22:13:22.178,1.12221,1.12262,1.00,1.07
2016.03.23 22:13:22.279,1.12221,1.12263,1.00,1.25
2016.03.23 22:13:22.784,1.1222,1.12262,1.00,1.00
2016.03.23 22:13:26.547,1.1222,1.12264,1.00,1.50
2016.03.23 22:13:28.869,1.1222,1.12263,1.00,1.00
2016.03.23 22:13:29.537,1.12221,1.12263,1.00,1.00
2016.03.23 22:13:30.042,1.12222,1.12263,1.00,1.00
2016.03.23 22:13:30.547,1.12222,1.12264,1.00,1.00
2016.03.23 22:13:31.122,1.12222,1.12263,1.00,1.00
2016.03.23 22:13:32.268,1.12222,1.12264,1.00,1.00
2016.03.23 22:13:33.683,1.12219,1.12264,1.50,1.50
2016.03.23 22:13:35.186,1.12224,1.12264,1.00,1.50
2016.03.23 22:13:35.808,1.12224,1.12263,1.00,1.00
2016.03.23 22:13:36.218,1.12216,1.12263,1.12,1.50
2016.03.23 22:13:46.171,1.12216,1.12263,1.12,1.69
2016.03.23 22:13:55.577,1.12219,1.12263,1.00,1.19
2016.03.23 22:13:59.014,1.12217,1.12262,1.07,1.19
2016.03.23 22:14:00.811,1.12216,1.12261,1.00,1.19
2016.03.23 22:14:01.066,1.12216,1.12261,1.00,1.25
2016.03.23 22:14:02.028,1.12216,1.12261,1.00,1.19
2016.03.23 22:14:15.432,1.12216,1.12261,1.00,1.25
2016.03.23 22:14:22.715,1.12216,1.12261,1.00,1.19
2016.03.23 22:14:23.220,1.12215,1.12262,1.00,1.19
2016.03.23 22:14:32.480,1.12215,1.12262,1.00,1.25
2016.03.23 22:14:32.696,1.12217,1.12262,1.00,1.25
2016.03.23 22:14:34.850,1.12219,1.12264,1.00,1.69
2016.03.23 22:14:35.385,1.1222,1.12265,1.00,1.69
2016.03.23 22:14:35.436,1.12215,1.12265,1.00,1.19
2016.03.23 22:14:35.970,1.12216,1.12267,1.00,1.19
2016.03.23 22:14:36.071,1.12218,1.12267,1.00,1.19
2016.03.23 22:14:36.363,1.12219,1.12271,1.07,1.19
2016.03.23 22:14:36.515,1.12222,1.12271,1.00,1.19
2016.03.23 22:14:36.566,1.12222,1.12271,1.07,1.19
2016.03.23 22:14:37.026,1.12222,1.12274,1.95,1.19
2016.03.23 22:14:37.077,1.12225,1.12274,1.00,1.19
2016.03.23 22:14:38.015,1.12225,1.12274,1.07,1.19
2016.03.23 22:14:41.726,1.12224,1.12275,1.12,1.00
2016.03.23 22:14:41.827,1.12224,1.12277,1.12,1.00
2016.03.23 22:14:41.978,1.12224,1.12278,1.12,1.19
2016.03.23 22:14:42.181,1.12224,1.12277,1.12,1.00
2016.03.23 22:14:42.685,1.12225,1.12278,1.07,1.25
2016.03.23 22:14:43.085,1.12225,1.12278,1.00,1.32
2016.03.23 22:14:48.133,1.12222,1.12277,1.45,1.10
2016.03.23 22:14:49.579,1.12222,1.12276,1.45,1.00
2016.03.23 22:14:50.237,1.12226,1.12277,1.00,1.57
2016.03.23 22:14:50.540,1.12225,1.12272,1.00,1.19
2016.03.23 22:14:50.641,1.12225,1.12272,1.00,1.50
2016.03.23 22:14:50.964,1.12225,1.12272,1.00,1.69
2016.03.23 22:14:51.269,1.12226,1.12259,1.00,1.50
2016.03.23 22:14:51.370,1.12221,1.12259,1.00,1.50
2016.03.23 22:14:55.207,1.12215,1.12253,1.00,1.00
2016.03.23 22:14:55.259,1.12204,1.12254,1.75,1.00
2016.03.23 22:14:55.361,1.12203,1.12251,1.37,1.00
2016.03.23 22:14:55.462,1.12203,1.1225,1.00,1.00
2016.03.23 22:14:55.564,1.122,1.12248,1.00,1.00
2016.03.23 22:14:56.088,1.12197,1.12248,1.57,1.00
2016.03.23 22:14:59.298,1.12197,1.12247,1.07,1.00
2016.03.23 22:14:59.349,1.12192,1.12247,2.25,1.00
2016.03.23 22:14:59.400,1.12192,1.12246,1.87,1.00
2016.03.23 22:15:00.843,1.12192,1.12247,1.87,1.00
2016.03.23 22:15:01.354,1.12192,1.12246,1.87,1.00
2016.03.23 22:15:01.405,1.12192,1.12242,1.87,1.00
2016.03.23 22:15:04.957,1.12192,1.12243,1.87,1.00
2016.03.23 22:15:06.436,1.12191,1.12242,1.37,1.00
2016.03.23 22:15:09.658,1.12191,1.12243,1.37,1.00
2016.03.23 22:15:10.743,1.12191,1.12242,1.37,1.00
2016.03.23 22:15:11.548,1.12191,1.12244,1.37,1.00
2016.03.23 22:15:13.498,1.12196,1.12244,1.00,1.00
2016.03.23 22:15:17.545,1.12196,1.12245,1.50,1.00
2016.03.23 22:15:18.252,1.12196,1.12244,1.50,1.00
2016.03.23 22:15:18.768,1.12196,1.12245,1.50,1.00
2016.03.23 22:15:19.338,1.12196,1.12244,1.50,1.00
2016.03.23 22:15:19.866,1.12196,1.12245,1.50,1.00
2016.03.23 22:15:20.397,1.12196,1.12244,1.50,1.00
2016.03.23 22:15:21.001,1.12196,1.12245,1.50,1.00
2016.03.23 22:15:21.763,1.12196,1.12247,1.50,1.00
2016.03.23 22:15:23.549,1.12196,1.12243,1.50,1.00
2016.03.23 22:15:24.075,1.12197,1.12243,1.00,1.00
2016.03.23 22:15:25.842,1.12197,1.12244,1.00,1.00
2016.03.23 22:15:26.689,1.12197,1.12243,1.00,1.00
2016.03.23 22:15:27.856,1.12197,1.12244,1.00,1.00
2016.03.23 22:15:28.592,1.12197,1.12245,1.00,1.00
2016.03.23 22:15:29.243,1.12197,1.12246,1.00,1.00
2016.03.23 22:15:29.771,1.12196,1.12241,1.50,1.00
2016.03.23 22:15:30.116,1.12189,1.12235,1.10,1.00
2016.03.23 22:15:30.167,1.12189,1.12235,1.00,2.14
2016.03.23 22:15:30.369,1.1219,1.12235,1.00,1.50
2016.03.23 22:15:30.900,1.1219,1.12234,1.00,1.00
2016.03.23 22:15:40.191,1.12189,1.12234,1.00,1.00
2016.03.23 22:15:40.563,1.12189,1.12237,1.00,1.00
2016.03.23 22:15:41.889,1.12189,1.12236,1.00,1.00
2016.03.23 22:15:42.765,1.12189,1.12237,1.00,1.00
2016.03.23 22:15:43.282,1.12188,1.12237,1.00,1.00
2016.03.23 22:15:43.791,1.12188,1.12236,1.00,1.00
2016.03.23 22:15:45.697,1.12188,1.12235,1.00,1.00
2016.03.23 22:15:46.448,1.1219,1.12235,1.00,1.00
2016.03.23 22:15:46.500,1.12191,1.12238,1.00,1.50
2016.03.23 22:15:46.551,1.12199,1.12238,1.00,1.50
2016.03.23 22:15:46.602,1.12199,1.12242,1.00,1.50
2016.03.23 22:15:46.652,1.12201,1.12242,1.00,1.00
2016.03.23 22:15:46.703,1.12201,1.12248,1.00,1.00
2016.03.23 22:15:46.754,1.12203,1.12248,1.00,1.00
2016.03.23 22:15:47.209,1.12201,1.12248,1.00,1.00
2016.03.23 22:15:48.297,1.12201,1.12249,1.50,1.00
2016.03.23 22:15:50.252,1.12202,1.12249,1.00,1.00
2016.03.23 22:15:51.017,1.12204,1.12249,1.00,1.00
2016.03.23 22:15:51.789,1.12204,1.1225,1.00,1.00
2016.03.23 22:15:55.766,1.12202,1.1225,1.00,1.00
2016.03.23 22:15:56.281,1.12202,1.12249,1.00,1.00
2016.03.23 22:16:00.942,1.12204,1.12249,1.00,1.00
2016.03.23 22:16:01.530,1.12204,1.1225,1.00,1.00
2016.03.23 22:16:01.982,1.12204,1.12244,1.00,1.00
2016.03.23 22:16:02.033,1.122,1.12244,1.50,1.69
2016.03.23 22:16:02.084,1.122,1.12236,1.00,1.00
2016.03.23 22:16:02.135,1.12194,1.12236,1.00,1.00
2016.03.23 22:16:02.236,1.12192,1.12228,1.00,1.00
2016.03.23 22:16:02.388,1.12182,1.12228,1.00,1.50
2016.03.23 22:16:02.574,1.12182,1.12228,1.00,1.87
2016.03.23 22:16:03.541,1.12183,1.12228,1.00,1.87
2016.03.23 22:16:06.093,1.12185,1.12228,1.00,1.12
2016.03.23 22:16:06.245,1.12185,1.12228,1.00,1.00
2016.03.23 22:16:06.449,1.12182,1.12232,1.50,1.00
2016.03.23 22:16:06.846,1.12184,1.12232,1.00,1.00
2016.03.23 22:16:07.298,1.12182,1.12232,1.50,1.00
2016.03.23 22:16:08.000,1.12182,1.12233,1.50,1.00
2016.03.23 22:16:08.051,1.12184,1.12233,1.00,1.00
2016.03.23 22:16:08.589,1.12183,1.12232,1.00,1.00
2016.03.23 22:16:08.902,1.12192,1.12233,1.00,1.00
2016.03.23 22:16:09.403,1.12192,1.12232,1.00,1.00
2016.03.23 22:16:10.137,1.12192,1.12233,1.00,1.00
2016.03.23 22:16:10.455,1.12194,1.12233,1.00,1.00
2016.03.23 22:16:11.243,1.12194,1.12238,1.00,1.57
2016.03.23 22:16:11.899,1.12191,1.12238,1.00,1.57
2016.03.23 22:16:12.562,1.12194,1.12238,1.00,1.57
2016.03.23 22:16:13.313,1.12194,1.12237,1.00,1.00
2016.03.23 22:16:14.316,1.12194,1.12238,1.00,1.57
2016.03.23 22:16:16.425,1.12194,1.12237,1.00,1.00
2016.03.23 22:16:16.585,1.12191,1.12237,1.00,1.00
2016.03.23 22:16:16.873,1.12193,1.12237,1.00,1.00
2016.03.23 22:16:18.026,1.12193,1.12238,1.00,1.57
2016.03.23 22:16:18.499,1.12195,1.12238,1.00,1.57
2016.03.23 22:16:20.369,1.12193,1.12238,1.00,1.57
2016.03.23 22:16:23.122,1.12193,1.12237,1.00,1.00
2016.03.23 22:16:24.597,1.12195,1.12237,1.00,1.00
2016.03.23 22:16:26.089,1.12193,1.12237,1.00,1.50
2016.03.23 22:16:30.323,1.12195,1.12237,1.00,1.00
2016.03.23 22:16:32.589,1.12194,1.12237,1.00,1.00
2016.03.23 22:16:38.465,1.12191,1.12237,1.00,1.00
2016.03.23 22:16:38.996,1.12192,1.12237,1.00,1.00
2016.03.23 22:16:39.234,1.12194,1.12237,1.00,1.00
2016.03.23 22:16:39.749,1.12194,1.12238,1.00,1.10
2016.03.23 22:16:41.418,1.12192,1.12238,1.00,1.00
2016.03.23 22:16:41.874,1.12194,1.12233,1.00,1.10
2016.03.23 22:16:41.975,1.12184,1.12232,1.00,1.50
2016.03.23 22:16:42.026,1.12184,1.12232,1.00,1.57
2016.03.23 22:16:42.329,1.12182,1.12227,1.00,1.07
2016.03.23 22:16:42.532,1.12179,1.12227,1.00,1.20
2016.03.23 22:16:42.634,1.12182,1.12227,1.00,1.07
2016.03.23 22:16:42.736,1.12178,1.12227,1.00,1.00
2016.03.23 22:16:43.551,1.12178,1.12231,1.10,1.50
2016.03.23 22:16:43.703,1.12181,1.12231,1.00,1.00
2016.03.23 22:16:44.022,1.12189,1.12236,1.00,1.00
2016.03.23 22:16:44.667,1.12189,1.12237,1.10,1.00
2016.03.23 22:16:45.172,1.12189,1.12242,1.10,1.19
2016.03.23 22:16:47.908,1.12194,1.12241,1.00,1.19
2016.03.23 22:17:01.543,1.12194,1.12244,1.00,1.26
2016.03.23 22:17:04.498,1.12194,1.12244,1.00,1.39
2016.03.23 22:17:07.150,1.12191,1.12244,1.00,1.39
2016.03.23 22:17:13.814,1.12189,1.12245,1.10,1.26
2016.03.23 22:17:18.153,1.12192,1.12244,1.00,1.26
2016.03.23 22:17:18.406,1.12189,1.12243,1.00,1.19
2016.03.23 22:17:18.712,1.12189,1.12245,1.00,1.76
2016.03.23 22:17:18.813,1.12195,1.12245,1.00,1.76
2016.03.23 22:17:21.238,1.12191,1.12245,1.00,1.26
2016.03.23 22:17:21.457,1.12189,1.12245,1.50,1.26
2016.03.23 22:17:21.968,1.1219,1.12245,1.00,1.26
2016.03.23 22:17:26.061,1.12189,1.12245,1.50,1.26
2016.03.23 22:17:29.869,1.12189,1.12245,1.50,1.94
2016.03.23 22:17:30.277,1.12189,1.12245,1.57,1.26
2016.03.23 22:17:35.867,1.12192,1.12245,1.00,1.76
2016.03.23 22:17:36.171,1.12192,1.12241,1.00,1.29
2016.03.23 22:17:36.390,1.12189,1.12241,1.00,1.29
2016.03.23 22:17:37.389,1.12192,1.12241,1.00,1.10
2016.03.23 22:17:38.203,1.12192,1.12242,1.00,1.00
2016.03.23 22:17:41.989,1.12192,1.12244,1.00,1.29
2016.03.23 22:18:01.921,1.12191,1.12245,1.00,1.26
2016.03.23 22:18:04.337,1.12193,1.12245,1.00,1.26
2016.03.23 22:18:04.852,1.12193,1.12245,1.00,1.26
2016.03.23 22:18:06.380,1.12194,1.12246,1.00,1.26
2016.03.23 22:18:06.534,1.122,1.1225,1.00,1.19
2016.03.23 22:18:06.585,1.122,1.1225,1.12,1.19
2016.03.23 22:18:06.787,1.12193,1.12251,1.95,1.19
2016.03.23 22:18:24.481,1.12193,1.12249,3.07,1.29
2016.03.23 22:18:28.341,1.12194,1.1225,1.82,1.07
2016.03.23 22:18:29.998,1.12194,1.1225,1.82,1.00
2016.03.23 22:18:32.956,1.12196,1.12251,1.82,1.00
2016.03.23 22:18:34.268,1.12194,1.12251,1.82,1.19
2016.03.23 22:18:34.604,1.12191,1.12244,2.38,1.50
2016.03.23 22:18:35.106,1.1219,1.12244,1.43,1.50
2016.03.23 22:18:35.512,1.1219,1.12242,1.07,1.50
2016.03.23 22:18:36.536,1.12189,1.12242,1.42,1.75
2016.03.23 22:18:46.614,1.12185,1.12239,1.30,1.75
2016.03.23 22:18:54.320,1.12186,1.12239,1.97,1.50
2016.03.23 22:19:05.786,1.12191,1.12242,1.34,1.50
2016.03.23 22:19:07.801,1.1219,1.12242,1.32,1.75
2016.03.23 22:19:08.305,1.12189,1.1224,1.25,1.75
2016.03.23 22:19:10.112,1.12187,1.1224,1.18,1.75
2016.03.23 22:19:10.416,1.12186,1.12236,1.16,1.75
2016.03.23 22:19:10.785,1.12184,1.12233,1.24,1.75
2016.03.23 22:19:15.416,1.1218,1.1223,1.58,1.50
2016.03.23 22:19:24.957,1.12179,1.12232,1.54,1.75
2016.03.23 22:19:25.059,1.12183,1.12232,1.27,1.12
2016.03.23 22:19:36.889,1.12181,1.12223,1.12,1.00
2016.03.23 22:19:36.990,1.12182,1.12223,1.12,1.00
2016.03.23 22:19:37.193,1.12181,1.12223,1.33,1.00
2016.03.23 22:19:37.749,1.12182,1.12223,1.04,1.50
2016.03.23 22:19:42.102,1.12182,1.12221,1.04,1.00
2016.03.23 22:19:42.650,1.12181,1.12221,1.08,1.00
2016.03.23 22:19:46.112,1.12181,1.1222,1.03,1.00
2016.03.23 22:19:46.517,1.12174,1.12217,1.05,1.00
2016.03.23 22:19:47.100,1.12171,1.12217,2.06,1.00
2016.03.23 22:20:00.715,1.12173,1.12219,1.46,1.10
2016.03.23 22:20:01.020,1.12174,1.12217,1.29,1.00
2016.03.23 22:20:01.222,1.12174,1.12217,1.15,1.00
2016.03.23 22:20:04.752,1.12173,1.12218,1.14,1.00
2016.03.23 22:20:05.308,1.12181,1.12218,1.24,1.00
2016.03.23 22:20:06.417,1.12181,1.12217,1.27,1.00
2016.03.23 22:20:07.439,1.12182,1.12218,1.25,1.00
2016.03.23 22:20:07.974,1.12182,1.12217,1.31,1.00
2016.03.23 22:20:08.832,1.12182,1.12217,1.07,1.00
2016.03.23 22:20:13.167,1.12174,1.12218,2.16,1.00
2016.03.23 22:20:13.370,1.12174,1.12216,2.24,1.00
2016.03.23 22:20:13.935,1.12174,1.12218,2.17,1.00
2016.03.23 22:20:14.957,1.12171,1.12217,2.59,1.00
2016.03.23 22:20:15.083,1.12171,1.12217,2.59,1.19
2016.03.23 22:20:15.287,1.1217,1.12218,1.53,1.00
2016.03.23 22:20:15.338,1.12169,1.12216,1.16,1.00
2016.03.23 22:20:15.845,1.12167,1.12215,1.58,1.00
2016.03.23 22:20:18.950,1.12167,1.12216,1.58,1.50
2016.03.23 22:20:21.077,1.12169,1.12219,1.90,1.10
2016.03.23 22:20:34.720,1.12169,1.12221,1.09,1.07
2016.03.23 22:20:35.237,1.12171,1.12221,1.09,1.00
2016.03.23 22:20:38.208,1.12172,1.12219,1.03,1.00
2016.03.23 22:20:52.383,1.12171,1.1222,1.15,1.00
2016.03.23 22:20:58.679,1.12177,1.1222,1.25,1.07
2016.03.23 22:21:08.547,1.12177,1.12222,1.28,1.12
2016.03.23 22:21:08.699,1.12177,1.12222,1.25,1.00
2016.03.23 22:21:09.247,1.12178,1.12221,1.98,1.00
2016.03.23 22:21:32.429,1.12177,1.12221,1.23,1.07
2016.03.23 22:21:32.949,1.12177,1.12221,1.23,1.00
2016.03.23 22:22:13.174,1.1217,1.1222,1.26,1.00
2016.03.23 22:22:23.954,1.12168,1.12219,1.97,1.00
2016.03.23 22:22:40.601,1.12177,1.12222,1.15,1.07
2016.03.23 22:22:41.195,1.12177,1.1222,1.22,1.00
2016.03.23 22:22:43.711,1.12177,1.12221,1.22,1.00
2016.03.23 22:22:46.124,1.12177,1.1222,1.22,1.00
2016.03.23 22:22:46.630,1.12169,1.1222,1.87,1.00
2016.03.23 22:22:48.292,1.12169,1.1222,1.90,1.00
2016.03.23 22:22:49.321,1.12169,1.12222,1.90,1.00
2016.03.23 22:22:52.755,1.12171,1.1222,1.52,1.00
2016.03.23 22:22:52.957,1.1217,1.12223,1.47,1.57
2016.03.23 22:22:58.356,1.12172,1.12223,1.34,1.10
2016.03.23 22:23:00.134,1.12173,1.12226,1.06,1.10
2016.03.23 22:23:04.515,1.12171,1.12225,1.93,1.00
2016.03.23 22:23:04.566,1.12171,1.12224,1.51,1.07
2016.03.23 22:23:05.153,1.12171,1.12227,1.28,3.00
2016.03.23 22:23:28.383,1.12181,1.12222,1.18,1.00
2016.03.23 22:23:36.092,1.12184,1.12225,1.07,1.00
2016.03.23 22:23:40.706,1.12184,1.12222,1.07,1.00
2016.03.23 22:23:44.141,1.1219,1.12226,1.07,1.00
2016.03.23 22:23:44.192,1.12187,1.12229,1.07,1.00
2016.03.23 22:23:44.345,1.12187,1.12222,1.20,1.00
2016.03.23 22:23:46.521,1.12185,1.12224,1.07,1.10
2016.03.23 22:23:52.432,1.12185,1.12224,1.07,1.57
2016.03.23 22:23:53.886,1.12185,1.1222,1.07,1.00
2016.03.23 22:23:56.442,1.1218,1.12222,1.36,1.12
2016.03.23 22:24:04.343,1.12179,1.12222,1.25,1.12
2016.03.23 22:24:10.529,1.12176,1.12222,1.00,1.20
2016.03.23 22:24:10.746,1.12176,1.12222,1.00,1.12
2016.03.23 22:24:13.456,1.12177,1.12222,1.00,1.12
2016.03.23 22:24:14.261,1.12179,1.1222,1.00,1.07
2016.03.23 22:24:15.317,1.12176,1.1222,1.50,1.07
2016.03.23 22:24:17.854,1.12175,1.1222,1.00,1.07
2016.03.23 22:24:17.952,1.12177,1.1222,1.00,1.07
2016.03.23 22:24:18.065,1.12173,1.1222,1.00,1.07
2016.03.23 22:24:18.116,1.12173,1.12222,1.00,1.10
2016.03.23 22:24:18.319,1.12181,1.12222,1.00,1.10
2016.03.23 22:24:18.681,1.12183,1.12223,1.00,1.07
2016.03.23 22:24:18.732,1.12179,1.12223,1.00,1.07
2016.03.23 22:24:19.113,1.12183,1.12223,1.00,1.07
2016.03.23 22:24:19.786,1.12182,1.12222,1.00,1.10
2016.03.23 22:24:21.177,1.12184,1.12222,1.00,1.57
2016.03.23 22:24:21.718,1.12183,1.12222,1.00,1.10
2016.03.23 22:24:22.255,1.12184,1.12222,1.00,1.10
2016.03.23 22:24:23.827,1.1218,1.12222,1.00,1.10
2016.03.23 22:24:24.044,1.12184,1.12222,1.00,1.10
2016.03.23 22:24:24.331,1.12182,1.12222,1.00,1.10
2016.03.23 22:24:24.692,1.12184,1.12223,1.00,1.07
2016.03.23 22:24:29.287,1.12185,1.12226,1.00,3.00
2016.03.23 22:24:32.885,1.12185,1.12213,1.00,1.00
2016.03.23 22:24:32.936,1.1218,1.12213,1.00,1.00
2016.03.23 22:24:33.088,1.1218,1.12209,1.50,1.00
2016.03.23 22:24:33.391,1.12184,1.12209,1.00,1.00
2016.03.23 22:24:33.924,1.12182,1.12208,1.00,1.00
2016.03.23 22:24:38.262,1.1218,1.12208,1.00,1.00
2016.03.23 22:24:38.364,1.12177,1.12208,1.00,1.00
2016.03.23 22:24:43.532,1.12177,1.12206,1.00,1.00
2016.03.23 22:24:44.062,1.12177,1.12205,1.00,1.00
2016.03.23 22:24:44.615,1.12177,1.12207,1.00,1.00
2016.03.23 22:24:44.862,1.1218,1.12207,1.00,1.00
2016.03.23 22:24:45.427,1.12181,1.12207,1.00,1.00
2016.03.23 22:24:49.219,1.12181,1.12212,1.00,1.10
2016.03.23 22:24:49.546,1.12183,1.12212,1.00,1.10
2016.03.23 22:24:56.947,1.12183,1.12217,1.00,3.07
2016.03.23 22:24:57.464,1.12176,1.12214,1.00,1.00
2016.03.23 22:24:57.515,1.12176,1.12214,1.00,2.25
2016.03.23 22:24:57.819,1.12171,1.12211,1.00,1.31
2016.03.23 22:24:57.870,1.12171,1.12211,1.00,1.94
2016.03.23 22:24:58.174,1.12174,1.12211,1.00,1.94
2016.03.23 22:24:58.755,1.12175,1.1221,1.00,1.69
2016.03.23 22:25:00.908,1.12172,1.1221,1.00,1.69
2016.03.23 22:25:01.460,1.12175,1.12209,1.00,1.12
2016.03.23 22:25:02.001,1.12174,1.12209,1.00,1.12
2016.03.23 22:25:06.014,1.12172,1.12209,1.00,1.12
2016.03.23 22:25:06.390,1.12169,1.1221,1.00,3.19
2016.03.23 22:25:06.686,1.12171,1.12196,1.00,1.00
2016.03.23 22:25:06.787,1.12169,1.12196,1.00,1.00
2016.03.23 22:25:06.838,1.12169,1.12191,1.00,1.00
2016.03.23 22:25:07.210,1.12169,1.12187,1.00,1.00
2016.03.23 22:25:07.312,1.12169,1.12189,1.00,1.00
2016.03.23 22:25:07.716,1.12169,1.12196,1.00,1.00
2016.03.23 22:25:07.818,1.12163,1.12197,1.00,1.00
2016.03.23 22:25:07.919,1.12163,1.12203,1.00,1.10
2016.03.23 22:25:08.021,1.12168,1.12205,1.00,1.07
2016.03.23 22:25:11.310,1.12165,1.12207,1.00,1.50
2016.03.23 22:25:11.362,1.12165,1.12205,1.00,1.75
2016.03.23 22:25:11.413,1.12161,1.12205,1.00,2.06
2016.03.23 22:25:11.514,1.12159,1.12204,1.00,2.00
2016.03.23 22:25:11.615,1.12159,1.122,1.00,1.75
2016.03.23 22:25:11.919,1.12161,1.122,1.00,1.75
2016.03.23 22:25:11.970,1.12159,1.122,1.00,1.75
2016.03.23 22:25:12.876,1.12167,1.12199,1.00,1.50
2016.03.23 22:25:13.853,1.12166,1.12201,1.00,1.75
2016.03.23 22:25:14.402,1.12167,1.12201,1.00,1.75
2016.03.23 22:25:14.954,1.12166,1.12202,1.00,3.00
2016.03.23 22:25:15.157,1.12164,1.12201,1.00,1.75
2016.03.23 22:25:15.838,1.12165,1.12201,1.00,1.75
2016.03.23 22:25:16.225,1.12168,1.12201,1.00,1.75
2016.03.23 22:25:16.934,1.12165,1.12201,1.00,2.25
2016.03.23 22:25:17.713,1.12168,1.12201,1.00,1.75
2016.03.23 22:25:17.815,1.12166,1.12201,1.00,3.00
2016.03.23 22:25:18.421,1.12167,1.12195,1.00,1.10
2016.03.23 22:25:18.917,1.12169,1.12195,1.00,1.10
2016.03.23 22:25:19.018,1.12165,1.12195,1.00,1.10
2016.03.23 22:25:19.367,1.12168,1.12196,1.00,1.07
2016.03.23 22:25:19.670,1.12171,1.12196,1.00,1.00
2016.03.23 22:25:20.446,1.12171,1.12197,1.00,1.00
2016.03.23 22:25:22.226,1.12172,1.12197,1.00,1.00
2016.03.23 22:25:26.066,1.12171,1.12197,1.00,1.00
2016.03.23 22:25:26.268,1.12169,1.12197,1.00,1.00
2016.03.23 22:25:26.370,1.12171,1.12197,1.00,1.00
2016.03.23 22:25:26.673,1.12172,1.122,1.00,1.00
2016.03.23 22:25:26.825,1.12169,1.122,1.00,1.00
2016.03.23 22:25:26.876,1.12169,1.12202,1.00,1.00
2016.03.23 22:25:27.132,1.12166,1.12202,1.00,1.00
2016.03.23 22:25:27.390,1.12171,1.12202,1.00,1.00
2016.03.23 22:25:27.903,1.12174,1.12202,1.00,1.00
2016.03.23 22:25:28.342,1.12171,1.12202,1.00,1.00
2016.03.23 22:25:31.578,1.12173,1.12202,1.00,1.00
2016.03.23 22:25:32.110,1.12171,1.12202,1.00,1.00
2016.03.23 22:25:32.414,1.12169,1.12202,1.00,1.00
2016.03.23 22:25:32.667,1.12171,1.12202,1.00,1.00
2016.03.23 22:25:33.117,1.12168,1.12202,1.00,1.00
2016.03.23 22:25:33.622,1.12171,1.12201,1.00,1.00
2016.03.23 22:25:38.501,1.12168,1.12201,1.00,1.00
2016.03.23 22:25:38.602,1.12172,1.12201,1.00,1.00
2016.03.23 22:25:38.800,1.1217,1.12201,1.00,1.00
2016.03.23 22:25:39.284,1.1217,1.12203,1.00,1.10
2016.03.23 22:25:39.789,1.12169,1.12203,1.00,1.10
2016.03.23 22:25:40.949,1.1217,1.12204,1.00,1.32
2016.03.23 22:25:41.469,1.1217,1.12202,1.00,1.00
2016.03.23 22:25:41.675,1.12172,1.12201,1.00,1.00
2016.03.23 22:25:41.726,1.12172,1.12204,1.00,1.76
2016.03.23 22:25:41.878,1.12169,1.12204,1.00,1.76
2016.03.23 22:25:42.874,1.12171,1.12204,1.00,1.57
2016.03.23 22:25:43.027,1.12171,1.12207,1.00,1.07
2016.03.23 22:25:43.539,1.12174,1.12207,1.00,1.00
2016.03.23 22:25:43.676,1.12172,1.12207,1.00,1.00
2016.03.23 22:25:50.270,1.12174,1.12207,1.00,1.00
2016.03.23 22:25:51.597,1.12171,1.12207,1.00,1.00
2016.03.23 22:25:51.808,1.12169,1.12207,1.00,1.00
2016.03.23 22:25:51.992,1.12172,1.12207,1.00,1.00
2016.03.23 22:25:52.651,1.12173,1.12207,1.00,1.00
2016.03.23 22:25:55.154,1.12173,1.12208,1.00,1.00
2016.03.23 22:25:55.863,1.12175,1.12208,1.00,1.00
2016.03.23 22:25:56.093,1.12172,1.12208,1.00,1.00
2016.03.23 22:25:56.423,1.12174,1.12208,1.00,1.00
2016.03.23 22:26:00.933,1.12176,1.12211,1.00,1.07
2016.03.23 22:26:00.983,1.12176,1.12211,1.00,1.00
2016.03.23 22:26:01.576,1.12175,1.12211,1.00,1.00
2016.03.23 22:26:02.232,1.12173,1.12211,1.00,1.00
2016.03.23 22:26:03.017,1.12175,1.12211,1.00,1.00
2016.03.23 22:26:06.339,1.12176,1.12211,1.00,1.00
2016.03.23 22:26:08.730,1.12175,1.12211,1.00,1.00
2016.03.23 22:26:09.491,1.12176,1.12211,1.00,1.00
2016.03.23 22:26:09.950,1.12176,1.12201,1.00,1.00
2016.03.23 22:26:10.322,1.12175,1.12188,1.00,1.00
2016.03.23 22:26:10.373,1.12172,1.12193,1.00,1.00
2016.03.23 22:26:10.626,1.12168,1.12192,1.00,1.00
2016.03.23 22:26:10.728,1.1217,1.12191,1.00,1.00
2016.03.23 22:26:10.830,1.12168,1.12192,1.00,1.00
2016.03.23 22:26:11.370,1.12167,1.12192,1.00,1.00
2016.03.23 22:26:13.020,1.12169,1.12192,1.00,1.00
2016.03.23 22:26:13.680,1.12172,1.12192,1.00,1.00
2016.03.23 22:26:13.910,1.1217,1.12192,1.00,1.00
2016.03.23 22:26:14.234,1.12168,1.12192,1.00,1.00
2016.03.23 22:26:14.764,1.12169,1.12192,1.00,1.00
2016.03.23 22:26:15.464,1.12172,1.12196,1.00,1.00
2016.03.23 22:26:15.868,1.12172,1.12198,1.00,1.00
2016.03.23 22:26:16.398,1.12173,1.12199,1.00,1.00
2016.03.23 22:26:18.862,1.12174,1.12199,1.00,1.00
2016.03.23 22:26:19.511,1.12173,1.12199,1.00,1.00
2016.03.23 22:26:20.579,1.12173,1.12204,1.00,1.00
2016.03.23 22:26:21.272,1.12172,1.12204,1.00,1.00
2016.03.23 22:26:22.189,1.12173,1.12204,1.00,1.00
2016.03.23 22:26:27.358,1.12175,1.12204,1.00,1.00
2016.03.23 22:26:28.081,1.12173,1.12204,1.00,1.00
2016.03.23 22:26:30.524,1.12174,1.12204,1.00,1.00
2016.03.23 22:26:30.626,1.12172,1.12203,1.00,1.00
2016.03.23 22:26:31.005,1.12172,1.12208,1.00,1.00
2016.03.23 22:26:32.530,1.12174,1.12208,1.00,1.00
2016.03.23 22:26:32.581,1.12174,1.12212,1.00,1.07
2016.03.23 22:26:33.146,1.12175,1.12212,1.00,1.07
2016.03.23 22:26:34.053,1.12164,1.12212,1.07,1.07
2016.03.23 22:26:40.938,1.12163,1.12206,1.12,1.00
2016.03.23 22:26:42.341,1.12163,1.12206,1.10,1.00
2016.03.23 22:26:42.597,1.12165,1.12207,1.00,1.00
2016.03.23 22:26:43.410,1.12169,1.12208,1.00,1.00
2016.03.23 22:26:43.714,1.12172,1.12211,1.00,1.00
2016.03.23 22:26:44.411,1.12175,1.12211,1.00,1.00
2016.03.23 22:26:44.587,1.12166,1.12211,1.50,1.07
2016.03.23 22:26:44.689,1.12169,1.12212,1.00,1.12
2016.03.23 22:26:45.002,1.12172,1.12205,1.00,1.00
2016.03.23 22:26:45.053,1.12169,1.12205,1.00,1.00
2016.03.23 22:26:45.615,1.12169,1.12203,1.00,1.00
2016.03.23 22:26:46.120,1.12168,1.12203,1.00,1.00
2016.03.23 22:26:47.469,1.1217,1.12203,1.00,1.00
2016.03.23 22:26:48.475,1.12167,1.12203,1.00,1.00
2016.03.23 22:26:48.526,1.12167,1.12205,1.00,1.00
2016.03.23 22:26:50.459,1.1217,1.12205,1.00,1.00
2016.03.23 22:26:50.561,1.12166,1.12205,1.00,1.00
2016.03.23 22:26:55.282,1.12165,1.12205,1.00,1.00
2016.03.23 22:27:02.654,1.12165,1.12204,1.00,1.00
2016.03.23 22:27:03.165,1.12165,1.12203,1.00,1.00
2016.03.23 22:27:12.644,1.12165,1.12205,1.00,1.00
2016.03.23 22:27:13.085,1.12167,1.12205,1.00,1.00
2016.03.23 22:27:13.412,1.12167,1.12203,1.00,1.00
2016.03.23 22:27:14.756,1.12167,1.12204,1.00,1.00
2016.03.23 22:27:15.101,1.12169,1.12204,1.00,1.00
2016.03.23 22:27:27.919,1.12168,1.12204,1.00,1.00
2016.03.23 22:27:31.001,1.12168,1.12207,1.00,1.00
2016.03.23 22:27:31.154,1.1217,1.12207,1.00,1.00
2016.03.23 22:27:31.490,1.12172,1.12208,1.00,1.10
2016.03.23 22:27:31.549,1.1217,1.12208,1.00,1.10
2016.03.23 22:27:36.184,1.1217,1.12209,1.00,1.00
2016.03.23 22:27:39.054,1.12172,1.12209,1.00,1.00
2016.03.23 22:27:39.155,1.1217,1.12209,1.00,1.00
2016.03.23 22:27:43.337,1.1217,1.1221,1.00,1.00
2016.03.23 22:27:45.549,1.1217,1.12211,1.00,1.10
2016.03.23 22:27:50.730,1.12169,1.12211,1.00,1.10
2016.03.23 22:27:54.104,1.12169,1.12211,1.00,1.75
2016.03.23 22:27:59.050,1.12167,1.12211,1.00,1.75
2016.03.23 22:27:59.311,1.12168,1.12215,1.00,2.25
2016.03.23 22:28:03.259,1.12165,1.12215,1.57,2.25
2016.03.23 22:28:03.562,1.12169,1.12216,1.00,1.75
2016.03.23 22:28:10.159,1.12167,1.12215,1.00,1.75
2016.03.23 22:28:10.976,1.12169,1.12215,1.00,1.75
2016.03.23 22:28:13.336,1.12169,1.12215,1.00,1.50
2016.03.23 22:28:14.998,1.1217,1.12215,1.00,1.50
2016.03.23 22:28:15.150,1.12168,1.12215,1.00,1.50
2016.03.23 22:28:18.189,1.12169,1.12215,1.00,2.25
2016.03.23 22:28:24.149,1.12171,1.12216,1.00,1.94
2016.03.23 22:28:28.471,1.12169,1.12216,1.00,1.94
2016.03.23 22:28:32.055,1.12167,1.12215,1.00,1.69
2016.03.23 22:28:35.038,1.12169,1.12215,1.00,1.69
2016.03.23 22:28:50.968,1.12169,1.12212,1.00,1.26
2016.03.23 22:28:56.138,1.12167,1.12213,1.00,1.26
2016.03.23 22:28:57.609,1.12169,1.12213,1.00,1.26
2016.03.23 22:29:08.558,1.12169,1.12207,1.00,1.19
2016.03.23 22:29:08.889,1.12169,1.12203,1.00,1.29
2016.03.23 22:29:09.251,1.12168,1.12206,1.00,1.31
2016.03.23 22:29:11.022,1.1217,1.12206,1.00,1.19
2016.03.23 22:29:14.882,1.12169,1.12206,1.00,1.19
2016.03.23 22:29:15.387,1.12168,1.12206,1.00,1.19
2016.03.23 22:29:17.960,1.12171,1.12206,1.00,1.19
2016.03.23 22:29:18.202,1.12173,1.12212,1.00,2.44
2016.03.23 22:29:18.253,1.12173,1.12212,1.00,1.19
2016.03.23 22:29:18.405,1.12171,1.12214,1.00,1.26
2016.03.23 22:29:18.709,1.1217,1.12217,1.00,3.19
2016.03.23 22:29:22.035,1.12165,1.12217,1.00,1.69
2016.03.23 22:29:22.086,1.1217,1.12217,1.00,1.19
2016.03.23 22:29:22.136,1.1217,1.12222,1.00,1.19
2016.03.23 22:29:22.187,1.12168,1.12222,1.75,1.19
2016.03.23 22:29:22.491,1.12175,1.12216,1.00,1.19
2016.03.23 22:29:22.797,1.12178,1.12216,1.00,1.19
2016.03.23 22:29:23.445,1.12179,1.12216,1.00,1.19
2016.03.23 22:29:24.357,1.12179,1.12221,1.00,2.81
2016.03.23 22:29:24.662,1.12181,1.12221,1.00,2.81
2016.03.23 22:29:25.443,1.12182,1.12221,1.00,1.76
2016.03.23 22:29:25.544,1.12169,1.12221,1.07,1.19
2016.03.23 22:29:25.645,1.12176,1.12221,1.00,1.76
2016.03.23 22:29:25.862,1.12174,1.12221,1.00,1.26
2016.03.23 22:29:26.285,1.12166,1.12221,1.57,1.76
2016.03.23 22:29:26.487,1.12168,1.12221,1.07,1.19
2016.03.23 22:29:26.790,1.12189,1.12221,1.00,1.19
2016.03.23 22:29:26.944,1.12186,1.12221,1.00,1.19
2016.03.23 22:29:27.298,1.12189,1.12221,1.00,1.19
2016.03.23 22:29:27.399,1.12187,1.12221,1.00,1.19
2016.03.23 22:29:27.558,1.1219,1.12221,1.00,1.19
2016.03.23 22:29:28.063,1.1219,1.12225,1.00,2.81
2016.03.23 22:29:28.379,1.12188,1.12225,1.00,3.56
2016.03.23 22:29:29.182,1.12186,1.12225,1.00,3.56
2016.03.23 22:29:30.178,1.12188,1.12225,1.00,3.56
2016.03.23 22:29:31.603,1.12186,1.12225,1.00,2.81
2016.03.23 22:29:31.907,1.12184,1.12219,1.00,1.26
2016.03.23 22:29:32.210,1.12181,1.12217,1.00,1.12
2016.03.23 22:29:32.464,1.12171,1.12217,1.00,1.12
2016.03.23 22:29:32.565,1.12171,1.12222,1.00,1.00
2016.03.23 22:29:32.668,1.12196,1.12226,1.00,1.26
2016.03.23 22:29:32.958,1.12199,1.12232,1.00,4.39
2016.03.23 22:29:33.009,1.12197,1.12232,1.00,4.39
2016.03.23 22:29:33.980,1.12193,1.12229,1.00,1.19
2016.03.23 22:29:34.132,1.12197,1.12229,1.00,1.19
2016.03.23 22:29:34.437,1.12198,1.12226,1.00,1.19
2016.03.23 22:29:34.748,1.12202,1.12226,1.00,1.19
2016.03.23 22:29:38.609,1.12203,1.12226,1.00,1.19
2016.03.23 22:29:39.111,1.12202,1.12226,1.00,1.19
2016.03.23 22:29:39.630,1.12203,1.12226,1.00,1.19
2016.03.23 22:29:40.668,1.12203,1.12215,1.00,1.00
2016.03.23 22:29:40.719,1.12201,1.12215,1.00,1.00
2016.03.23 22:29:40.921,1.12198,1.12214,1.00,1.50
2016.03.23 22:29:41.074,1.12198,1.12209,1.00,1.00
2016.03.23 22:29:41.685,1.12198,1.1221,1.00,1.00
2016.03.23 22:29:42.015,1.12199,1.1221,1.00,1.00
2016.03.23 22:29:43.266,1.12199,1.12206,1.00,1.00
2016.03.23 22:29:43.470,1.12197,1.12206,1.00,1.00
2016.03.23 22:29:44.000,1.12197,1.12207,1.00,1.00
2016.03.23 22:29:46.544,1.12197,1.12206,1.00,1.00
2016.03.23 22:29:47.053,1.12197,1.12207,1.00,1.00
2016.03.23 22:29:47.581,1.12197,1.12208,1.00,1.00
2016.03.23 22:29:54.656,1.12198,1.12208,1.00,1.00
2016.03.23 22:29:57.155,1.12198,1.12207,1.00,1.00
2016.03.23 22:30:06.322,1.12196,1.12207,1.00,1.00
2016.03.23 22:30:15.904,1.12196,1.12206,1.00,1.00
2016.03.23 22:30:16.394,1.12196,1.12208,1.00,1.00
2016.03.23 22:30:16.907,1.12196,1.12207,1.00,1.00
2016.03.23 22:30:17.819,1.12195,1.12205,1.00,1.00
2016.03.23 22:30:18.362,1.12196,1.12206,1.00,1.00
2016.03.23 22:30:18.863,1.12196,1.12207,1.00,1.00
2016.03.23 22:30:26.930,1.12196,1.12208,1.00,1.50
2016.03.23 22:30:36.367,1.12197,1.12208,1.00,1.50
2016.03.23 22:30:36.834,1.1218,1.12206,1.00,1.00
2016.03.23 22:30:37.037,1.1218,1.12203,1.00,1.00
2016.03.23 22:30:37.138,1.12177,1.12207,1.00,1.00
2016.03.23 22:30:37.189,1.12177,1.12203,1.00,1.00
2016.03.23 22:30:37.240,1.12173,1.12203,1.00,1.50
2016.03.23 22:30:37.342,1.1217,1.122,1.00,1.00
2016.03.23 22:30:37.645,1.12174,1.12197,1.00,1.00
2016.03.23 22:30:37.959,1.12176,1.12199,1.00,1.00
2016.03.23 22:30:39.207,1.12173,1.12199,1.00,1.00
2016.03.23 22:30:40.327,1.12167,1.12199,1.00,1.00
2016.03.23 22:30:40.532,1.12179,1.12199,1.00,1.00
2016.03.23 22:30:40.797,1.12177,1.12199,1.00,1.00
2016.03.23 22:30:40.849,1.12177,1.12197,1.00,1.00
2016.03.23 22:30:44.860,1.12177,1.12199,1.00,1.00
2016.03.23 22:30:45.437,1.12177,1.12207,1.00,1.19
2016.03.23 22:30:45.589,1.1218,1.1221,1.00,1.26
2016.03.23 22:30:46.646,1.1218,1.12204,1.00,1.00
2016.03.23 22:30:46.953,1.12178,1.12198,1.00,1.00
2016.03.23 22:30:50.097,1.12174,1.12198,1.00,1.00
2016.03.23 22:30:50.249,1.12172,1.12198,1.00,1.00
2016.03.23 22:30:50.351,1.12177,1.12198,1.00,1.00
2016.03.23 22:30:53.507,1.12174,1.12198,1.00,1.00
2016.03.23 22:30:53.762,1.12174,1.12196,1.00,1.00
2016.03.23 22:31:01.161,1.12174,1.12197,1.00,1.00
2016.03.23 22:31:11.177,1.12174,1.12196,1.00,1.00
2016.03.23 22:31:12.012,1.12171,1.12197,1.00,1.00
2016.03.23 22:31:12.114,1.12169,1.12197,1.00,1.00
2016.03.23 22:31:12.216,1.12169,1.12194,1.00,1.25
2016.03.23 22:31:12.589,1.12165,1.12194,1.00,1.19
2016.03.23 22:31:12.692,1.12163,1.12194,1.00,1.19
2016.03.23 22:31:12.793,1.12165,1.12194,1.00,1.19
2016.03.23 22:31:12.997,1.12166,1.12194,1.00,1.25
2016.03.23 22:31:15.333,1.1217,1.12195,1.00,1.19
2016.03.23 22:31:16.532,1.12164,1.12195,1.00,1.00
2016.03.23 22:31:16.634,1.12168,1.12195,1.50,1.00
2016.03.23 22:31:16.985,1.12179,1.12199,1.00,1.00
2016.03.23 22:31:17.514,1.1218,1.122,1.00,1.25
2016.03.23 22:31:19.266,1.12179,1.122,1.00,1.00
2016.03.23 22:31:19.912,1.1218,1.122,1.00,1.00
2016.03.23 22:31:22.876,1.12178,1.122,1.00,1.00
2016.03.23 22:31:23.385,1.12179,1.122,1.00,1.00
2016.03.23 22:31:24.206,1.12179,1.12201,1.00,1.00
2016.03.23 22:31:24.317,1.12179,1.12199,1.00,1.00
2016.03.23 22:31:26.725,1.12179,1.12198,1.00,1.00
2016.03.23 22:31:27.276,1.12175,1.12197,1.00,1.00
2016.03.23 22:31:29.319,1.12175,1.12196,1.00,1.00
2016.03.23 22:31:29.370,1.12177,1.12196,1.00,1.00
2016.03.23 22:31:35.099,1.12176,1.12196,1.00,1.00
2016.03.23 22:31:35.150,1.12176,1.12199,1.00,1.00
2016.03.23 22:31:35.252,1.12169,1.12201,2.25,1.00
2016.03.23 22:31:35.353,1.12169,1.12201,2.25,1.00
2016.03.23 22:31:35.454,1.12182,1.122,1.00,1.00
2016.03.23 22:31:35.959,1.12181,1.12198,1.00,1.00
2016.03.23 22:31:38.531,1.12182,1.12198,1.00,1.00
2016.03.23 22:31:41.267,1.12175,1.12198,1.00,1.00
2016.03.23 22:31:41.369,1.12167,1.12197,1.57,1.00
2016.03.23 22:31:41.622,1.12165,1.12197,1.57,1.00
2016.03.23 22:31:41.673,1.12165,1.12195,1.07,1.00
2016.03.23 22:31:42.257,1.12167,1.12195,1.00,1.00
2016.03.23 22:31:51.675,1.12167,1.12194,1.00,1.00
2016.03.23 22:31:51.902,1.12167,1.12196,1.00,1.00
2016.03.23 22:31:54.460,1.12167,1.12194,1.00,1.00
2016.03.23 22:31:56.107,1.12166,1.12194,1.00,1.00
2016.03.23 22:31:56.666,1.12165,1.12195,1.00,1.00
2016.03.23 22:31:56.904,1.12157,1.12193,1.00,1.00
2016.03.23 22:31:57.679,1.12159,1.12194,1.00,1.00
2016.03.23 22:31:58.187,1.12158,1.12194,1.00,1.00
2016.03.23 22:31:58.798,1.12158,1.12195,1.00,1.00
2016.03.23 22:32:00.276,1.12158,1.12179,1.00,1.19
2016.03.23 22:32:00.328,1.12156,1.12179,1.00,1.19
2016.03.23 22:32:00.379,1.12154,1.12179,1.00,1.19
2016.03.23 22:32:00.430,1.1214,1.1218,1.75,1.00
2016.03.23 22:32:00.560,1.12138,1.1218,1.00,1.00
2016.03.23 22:32:00.612,1.12141,1.12187,1.00,1.50
2016.03.23 22:32:00.664,1.12147,1.12187,1.00,1.00
2016.03.23 22:32:00.969,1.12151,1.12188,1.00,1.00
2016.03.23 22:32:01.475,1.12151,1.12189,1.00,1.00
2016.03.23 22:32:01.981,1.12148,1.12188,1.00,1.00
2016.03.23 22:32:02.375,1.12151,1.12187,1.00,1.00
2016.03.23 22:32:03.307,1.12151,1.12189,1.00,1.00
2016.03.23 22:32:03.409,1.12154,1.1219,1.00,1.00
2016.03.23 22:32:03.511,1.12151,1.1219,1.00,1.00
2016.03.23 22:32:03.612,1.12151,1.12188,1.00,1.00
2016.03.23 22:32:04.133,1.1215,1.12188,1.50,1.00
2016.03.23 22:32:04.465,1.12152,1.12188,1.00,1.00
2016.03.23 22:32:04.998,1.12153,1.12186,1.00,1.00
2016.03.23 22:32:05.250,1.12149,1.12186,1.00,1.00
2016.03.23 22:32:05.784,1.12149,1.12185,1.00,1.00
2016.03.23 22:32:06.345,1.1215,1.12185,1.00,1.00
2016.03.23 22:32:06.679,1.12148,1.12185,1.00,1.00
2016.03.23 22:32:07.137,1.12145,1.12185,1.50,1.00
2016.03.23 22:32:07.339,1.12149,1.12185,1.00,1.00
2016.03.23 22:32:07.599,1.1215,1.12187,1.00,1.00
2016.03.23 22:32:07.651,1.12152,1.12188,1.00,1.00
2016.03.23 22:32:07.954,1.12157,1.12186,1.00,1.00
2016.03.23 22:32:08.409,1.12157,1.12184,1.00,1.00
2016.03.23 22:32:09.416,1.12155,1.12184,1.00,1.00
2016.03.23 22:32:09.702,1.12155,1.12186,1.00,1.00
2016.03.23 22:32:10.207,1.12155,1.12184,1.00,1.00
2016.03.23 22:32:10.710,1.12155,1.12185,1.00,1.00
2016.03.23 22:32:23.552,1.12155,1.12186,1.00,1.00
2016.03.23 22:32:24.057,1.12155,1.12185,1.00,1.00
2016.03.23 22:32:25.534,1.1215,1.12185,1.00,1.00
2016.03.23 22:32:25.737,1.12161,1.12185,1.00,1.00
2016.03.23 22:32:26.051,1.12164,1.12185,1.00,1.00
2016.03.23 22:32:26.856,1.12164,1.12186,1.00,1.00
2016.03.23 22:32:27.058,1.12165,1.12189,1.00,1.00
2016.03.23 22:32:27.160,1.12169,1.12188,1.00,1.00
2016.03.23 22:32:27.464,1.12169,1.12186,1.00,1.00
2016.03.23 22:32:27.515,1.12163,1.12186,1.00,1.00
2016.03.23 22:32:28.033,1.12162,1.12186,1.00,1.00
2016.03.23 22:32:28.084,1.12164,1.12186,1.00,1.00
2016.03.23 22:32:28.690,1.12164,1.12185,1.00,1.00
2016.03.23 22:32:32.134,1.12163,1.12185,1.00,1.00
2016.03.23 22:32:32.665,1.12165,1.12185,1.00,1.00
2016.03.23 22:32:34.992,1.12161,1.12185,1.00,1.00
2016.03.23 22:32:35.245,1.12167,1.12188,1.00,1.00
2016.03.23 22:32:37.241,1.12167,1.12186,1.00,1.00
2016.03.23 22:32:42.364,1.12167,1.12187,1.00,1.00
2016.03.23 22:32:42.667,1.1217,1.12187,1.00,1.00
2016.03.23 22:32:43.778,1.1217,1.12186,1.00,1.00
2016.03.23 22:32:44.216,1.12172,1.12186,1.00,1.00
2016.03.23 22:32:46.955,1.12172,1.12187,1.00,1.00
2016.03.23 22:32:47.405,1.1217,1.12187,1.00,1.00
2016.03.23 22:32:47.692,1.1217,1.12184,1.00,1.00
2016.03.23 22:32:48.632,1.12168,1.12184,1.00,1.00
2016.03.23 22:32:48.684,1.12168,1.12188,1.00,1.00
2016.03.23 22:32:49.293,1.12168,1.12189,1.00,1.00
2016.03.23 22:32:56.096,1.1216,1.12189,1.00,1.00
2016.03.23 22:32:56.326,1.12168,1.12189,1.00,1.00
2016.03.23 22:32:58.198,1.12169,1.12189,1.00,1.00
2016.03.23 22:32:59.002,1.12168,1.12189,1.00,1.00
2016.03.23 22:32:59.726,1.12169,1.12189,1.00,1.00
2016.03.23 22:33:06.106,1.12169,1.12178,1.00,1.00
2016.03.23 22:33:06.586,1.12166,1.12178,1.00,1.00
2016.03.23 22:33:06.637,1.12166,1.12175,1.00,1.00
2016.03.23 22:33:10.082,1.12165,1.12175,1.00,1.00
2016.03.23 22:33:10.183,1.12165,1.12175,1.00,1.00
2016.03.23 22:33:10.504,1.12166,1.12175,1.00,1.00
2016.03.23 22:33:10.733,1.12165,1.12175,1.00,1.00
2016.03.23 22:33:15.457,1.12154,1.12175,1.00,1.00
2016.03.23 22:33:15.609,1.12147,1.12181,1.00,1.00
2016.03.23 22:33:15.710,1.12138,1.12171,1.07,1.00
2016.03.23 22:33:15.761,1.12134,1.12171,1.00,1.00
2016.03.23 22:33:15.913,1.12148,1.12171,1.00,1.00
2016.03.23 22:33:16.116,1.12144,1.12171,1.00,1.00
2016.03.23 22:33:16.318,1.12144,1.12168,1.00,1.00
2016.03.23 22:33:16.667,1.12148,1.12172,1.00,1.00
2016.03.23 22:33:16.971,1.12154,1.12171,1.00,1.00
2016.03.23 22:33:17.123,1.1215,1.12169,1.00,1.00
2016.03.23 22:33:17.651,1.12151,1.1217,1.00,1.00
2016.03.23 22:33:19.361,1.12151,1.12168,1.00,1.00
2016.03.23 22:33:21.394,1.12152,1.12168,1.00,1.00
2016.03.23 22:33:21.766,1.1215,1.12168,1.00,1.00
2016.03.23 22:33:21.822,1.1215,1.12165,1.00,1.00
2016.03.23 22:33:22.366,1.1215,1.12164,1.00,1.00
2016.03.23 22:33:23.071,1.1215,1.12165,1.00,1.00
2016.03.23 22:33:23.594,1.1215,1.12166,1.00,1.00
2016.03.23 22:33:24.131,1.1215,1.12165,1.00,1.00
2016.03.23 22:33:25.233,1.1215,1.12166,1.00,1.00
2016.03.23 22:33:32.176,1.12149,1.12166,1.00,1.00
2016.03.23 22:33:34.934,1.12152,1.12166,1.00,1.00
2016.03.23 22:33:37.246,1.12146,1.12166,1.00,1.00
2016.03.23 22:33:38.125,1.12147,1.12166,1.00,1.00
2016.03.23 22:33:38.226,1.12147,1.12168,1.00,1.00
2016.03.23 22:33:38.822,1.1215,1.12168,1.00,1.00
2016.03.23 22:33:40.561,1.1215,1.1217,1.00,1.00
2016.03.23 22:33:41.104,1.12149,1.12169,1.00,1.00
2016.03.23 22:33:41.533,1.12151,1.12169,1.00,1.00
2016.03.23 22:33:45.511,1.12149,1.12169,1.00,1.00
2016.03.23 22:33:46.091,1.12149,1.12167,1.00,1.00
2016.03.23 22:33:47.043,1.12148,1.12167,1.00,1.00
2016.03.23 22:33:49.046,1.12146,1.12167,1.00,1.00
2016.03.23 22:33:49.900,1.12142,1.12167,1.00,1.00
2016.03.23 22:33:50.153,1.12149,1.12167,1.00,1.00
2016.03.23 22:33:52.634,1.12151,1.12167,1.00,1.00
2016.03.23 22:33:52.980,1.12151,1.12169,1.00,1.00
2016.03.23 22:33:55.232,1.12151,1.12167,1.00,1.00
2016.03.23 22:33:56.184,1.12151,1.12168,1.00,1.00
2016.03.23 22:33:56.285,1.12148,1.12168,1.00,1.00
2016.03.23 22:33:56.803,1.12148,1.12167,1.00,1.00
2016.03.23 22:33:58.223,1.12153,1.12167,1.00,1.00
2016.03.23 22:33:59.125,1.12152,1.12171,1.00,1.00
2016.03.23 22:33:59.176,1.12152,1.12175,1.00,1.00
2016.03.23 22:33:59.690,1.12153,1.12176,1.00,1.00
2016.03.23 22:34:00.633,1.12153,1.12175,1.00,1.00
2016.03.23 22:34:02.179,1.12153,1.12179,1.00,1.00
2016.03.23 22:34:04.542,1.12153,1.12178,1.00,1.00
2016.03.23 22:34:05.858,1.12154,1.12178,1.00,1.00
2016.03.23 22:34:07.096,1.12154,1.12175,1.00,1.00
2016.03.23 22:34:07.399,1.12152,1.12175,1.00,1.00
2016.03.23 22:34:12.103,1.12152,1.12178,1.00,1.00
2016.03.23 22:34:14.980,1.12146,1.12178,1.00,1.00
2016.03.23 22:34:15.081,1.12154,1.12177,1.00,1.00
2016.03.23 22:34:16.760,1.12154,1.12178,1.00,1.00
2016.03.23 22:34:17.374,1.12154,1.12179,1.00,1.00
2016.03.23 22:34:18.183,1.12155,1.12179,1.00,1.00
2016.03.23 22:34:18.772,1.12154,1.1218,1.00,1.00
2016.03.23 22:34:18.836,1.12152,1.1218,1.00,1.00
2016.03.23 22:34:21.879,1.12152,1.1218,1.00,1.19
2016.03.23 22:34:23.449,1.12151,1.12179,1.00,1.19
2016.03.23 22:34:26.184,1.12149,1.12179,1.00,1.19
2016.03.23 22:34:27.287,1.12141,1.12171,1.00,1.00
2016.03.23 22:34:27.389,1.12141,1.1217,1.00,1.19
2016.03.23 22:34:27.441,1.12134,1.1217,1.00,1.19
2016.03.23 22:34:27.492,1.12134,1.12171,1.00,1.00
2016.03.23 22:34:27.543,1.12141,1.12171,1.00,1.00
2016.03.23 22:34:27.847,1.12144,1.12175,1.00,1.19
2016.03.23 22:34:28.923,1.12144,1.12176,1.00,1.19
2016.03.23 22:34:35.163,1.12144,1.12175,1.00,1.00
2016.03.23 22:34:35.214,1.12137,1.12175,1.00,1.00
2016.03.23 22:34:35.467,1.12145,1.12175,1.00,1.00
2016.03.23 22:34:37.444,1.12142,1.12175,1.00,1.00
2016.03.23 22:34:38.110,1.12142,1.12175,1.00,1.19
2016.03.23 22:34:43.215,1.12142,1.12177,1.00,1.10
2016.03.23 22:34:43.367,1.12144,1.12176,1.00,1.00
2016.03.23 22:34:43.469,1.12139,1.1218,1.00,1.56
2016.03.23 22:34:43.723,1.12151,1.12185,1.00,3.94
2016.03.23 22:34:44.029,1.12153,1.12185,1.00,2.81
2016.03.23 22:34:44.345,1.1215,1.12185,1.00,2.81
2016.03.23 22:34:44.446,1.12147,1.12183,1.00,1.32
2016.03.23 22:34:44.655,1.12147,1.1218,1.00,1.12
2016.03.23 22:34:44.808,1.12147,1.1218,1.00,1.25
2016.03.23 22:34:44.910,1.12151,1.12183,1.00,1.19
2016.03.23 22:34:45.113,1.12137,1.12184,1.07,1.19
2016.03.23 22:34:45.216,1.12154,1.12188,1.00,1.29
2016.03.23 22:34:45.884,1.12156,1.12188,1.00,1.19
2016.03.23 22:34:45.985,1.12156,1.12188,1.00,1.19
2016.03.23 22:34:46.137,1.12158,1.12192,1.00,1.19
2016.03.23 22:34:46.390,1.12158,1.12196,1.00,1.19
2016.03.23 22:34:46.441,1.12156,1.12196,1.00,1.19
2016.03.23 22:34:46.542,1.12159,1.12196,1.00,1.19
2016.03.23 22:34:47.531,1.12156,1.12196,1.00,1.00
2016.03.23 22:34:48.063,1.12156,1.12197,1.00,1.00
2016.03.23 22:34:48.302,1.12156,1.12199,1.00,1.00
2016.03.23 22:34:48.403,1.12158,1.12201,1.00,1.57
2016.03.23 22:34:49.003,1.12157,1.12201,1.00,1.57
2016.03.23 22:34:50.425,1.12157,1.122,1.00,1.00
2016.03.23 22:34:51.034,1.12157,1.12201,1.00,1.57
2016.03.23 22:34:52.434,1.12157,1.122,1.00,1.00
2016.03.23 22:34:52.818,1.12148,1.12188,1.50,1.50
2016.03.23 22:34:53.132,1.1216,1.12177,1.00,1.00
2016.03.23 22:34:53.684,1.12162,1.12177,1.00,1.00
2016.03.23 22:34:54.021,1.12162,1.12188,1.00,1.00
2016.03.23 22:34:54.072,1.12155,1.12188,1.00,1.00
2016.03.23 22:34:54.123,1.12155,1.12191,1.00,1.00
2016.03.23 22:34:54.276,1.12161,1.12191,1.00,1.00
2016.03.23 22:34:54.902,1.1216,1.12191,1.00,1.00
2016.03.23 22:34:55.055,1.1216,1.12195,1.00,1.07
2016.03.23 22:34:55.157,1.12165,1.12195,1.00,1.00
2016.03.23 22:35:00.146,1.12165,1.12198,1.00,1.10
2016.03.23 22:35:01.136,1.12165,1.12197,1.00,1.00
2016.03.23 22:35:03.925,1.12167,1.12197,1.00,1.50
2016.03.23 22:35:08.934,1.12167,1.12188,1.00,1.00
2016.03.23 22:35:09.244,1.12157,1.12177,1.00,1.00
2016.03.23 22:35:09.295,1.12157,1.12182,1.00,1.00
2016.03.23 22:35:09.346,1.12155,1.12183,1.00,1.00
2016.03.23 22:35:09.448,1.12155,1.12185,1.00,1.00
2016.03.23 22:35:09.953,1.12156,1.12186,1.00,1.00
2016.03.23 22:35:10.108,1.12152,1.12186,1.00,1.00
2016.03.23 22:35:10.210,1.12156,1.12186,1.00,1.00
2016.03.23 22:35:10.362,1.12156,1.1219,1.00,1.10
2016.03.23 22:35:10.868,1.12157,1.12192,1.00,1.07
2016.03.23 22:35:11.020,1.12155,1.12192,1.00,1.07
2016.03.23 22:35:11.071,1.12155,1.12188,1.00,1.00
2016.03.23 22:35:11.627,1.12155,1.12193,1.00,1.87
2016.03.23 22:35:12.738,1.12153,1.12193,1.00,1.12
2016.03.23 22:35:13.173,1.12155,1.12193,1.00,1.12
2016.03.23 22:35:18.380,1.1215,1.12192,1.00,1.07
2016.03.23 22:35:18.493,1.1215,1.12192,1.00,1.00
2016.03.23 22:35:18.695,1.12162,1.12192,1.00,1.00
2016.03.23 22:35:19.203,1.12162,1.12193,1.00,1.00
2016.03.23 22:35:19.506,1.12164,1.12193,1.00,1.00
2016.03.23 22:35:20.333,1.12163,1.12197,1.00,1.07
2016.03.23 22:35:22.863,1.12163,1.12179,1.00,1.00
2016.03.23 22:35:22.965,1.12159,1.12181,1.00,1.00
2016.03.23 22:35:23.117,1.12159,1.12183,1.00,1.00
2016.03.23 22:35:23.641,1.12159,1.12182,1.00,1.00
2016.03.23 22:35:28.665,1.12159,1.12185,1.00,1.00
2016.03.23 22:35:28.868,1.12159,1.12187,1.00,1.00
2016.03.23 22:35:28.969,1.12159,1.12191,1.00,1.50
2016.03.23 22:35:29.020,1.12164,1.12191,1.00,1.00
2016.03.23 22:35:29.277,1.12162,1.12191,1.00,1.00
2016.03.23 22:35:29.879,1.12162,1.12194,1.00,1.57
2016.03.23 22:35:31.653,1.12163,1.12194,1.00,1.07
2016.03.23 22:35:31.993,1.12166,1.12194,1.00,1.00
2016.03.23 22:35:32.511,1.12166,1.12195,1.00,1.50
2016.03.23 22:35:33.597,1.12163,1.12195,1.00,1.00
2016.03.23 22:35:34.101,1.12163,1.12194,1.00,1.00
2016.03.23 22:35:36.492,1.12161,1.12194,1.00,1.50
2016.03.23 22:35:39.332,1.12161,1.12195,1.00,1.50
2016.03.23 22:35:40.691,1.12161,1.12193,1.00,1.00
2016.03.23 22:35:52.442,1.1216,1.12194,1.00,1.07
2016.03.23 22:35:56.560,1.12163,1.12193,1.00,1.10
2016.03.23 22:35:56.762,1.12153,1.12193,1.00,1.10
2016.03.23 22:35:57.015,1.12153,1.12194,1.00,1.76
2016.03.23 22:35:57.674,1.12152,1.12194,1.00,1.76
2016.03.23 22:35:57.725,1.1215,1.12194,1.00,1.76
2016.03.23 22:36:07.154,1.1215,1.12191,1.00,1.26
2016.03.23 22:36:07.705,1.12151,1.12191,1.00,1.26
2016.03.23 22:36:08.504,1.12152,1.12191,1.00,1.26
2016.03.23 22:36:08.758,1.12147,1.12191,1.00,1.26
2016.03.23 22:36:08.809,1.12147,1.12192,1.00,1.69
2016.03.23 22:36:08.860,1.12154,1.12192,1.00,1.25
2016.03.23 22:36:09.163,1.12158,1.12192,1.00,1.00
2016.03.23 22:36:10.372,1.12151,1.12192,1.00,1.00
2016.03.23 22:36:10.940,1.12152,1.12192,1.00,1.25
2016.03.23 22:36:11.628,1.12151,1.12192,1.00,1.25
2016.03.23 22:36:11.679,1.12151,1.12192,1.00,1.32
2016.03.23 22:36:12.067,1.12148,1.12192,1.00,1.32
2016.03.23 22:36:14.924,1.1215,1.12192,1.00,1.32
2016.03.23 22:36:15.076,1.1215,1.12194,1.00,1.31
2016.03.23 22:36:15.228,1.12152,1.12194,1.00,1.31
2016.03.23 22:36:15.762,1.12154,1.12194,1.00,1.31
2016.03.23 22:36:16.508,1.12155,1.12194,1.00,1.31
2016.03.23 22:36:17.040,1.12154,1.12193,1.00,1.26
2016.03.23 22:36:17.242,1.1215,1.12193,1.00,1.69
2016.03.23 22:36:17.294,1.1215,1.12193,1.00,1.94
2016.03.23 22:36:17.629,1.12151,1.12187,1.00,3.19
2016.03.23 22:36:18.133,1.12152,1.1218,1.00,1.29
2016.03.23 22:36:19.185,1.1215,1.1218,1.00,1.29
2016.03.23 22:36:19.519,1.12152,1.1218,1.00,1.10
2016.03.23 22:36:19.621,1.12155,1.12186,1.00,1.07
2016.03.23 22:36:19.722,1.12153,1.12188,1.00,1.00
2016.03.23 22:36:19.874,1.12155,1.12193,1.00,1.94
2016.03.23 22:36:19.975,1.12152,1.12193,1.00,1.75
2016.03.23 22:36:21.856,1.12151,1.12193,1.00,1.75
2016.03.23 22:36:24.826,1.12146,1.12196,1.00,1.75
2016.03.23 22:36:25.070,1.12161,1.12197,1.00,1.75
2016.03.23 22:36:25.121,1.12165,1.12199,1.00,1.75
2016.03.23 22:36:25.223,1.12165,1.12202,1.00,2.44
2016.03.23 22:36:25.476,1.12167,1.12202,1.00,1.75
2016.03.23 22:36:25.527,1.12167,1.12202,1.00,1.10
2016.03.23 22:36:26.227,1.12168,1.12203,1.00,1.07
2016.03.23 22:36:26.480,1.12166,1.12203,1.00,1.07
2016.03.23 22:36:27.247,1.12165,1.12203,1.00,1.07
2016.03.23 22:36:28.211,1.12167,1.12203,1.00,1.07
2016.03.23 22:36:28.753,1.12166,1.12203,1.00,1.07
2016.03.23 22:36:29.332,1.12158,1.12203,1.00,1.07
2016.03.23 22:36:29.383,1.12158,1.12199,1.00,1.75
2016.03.23 22:36:29.436,1.12149,1.12199,1.00,1.75
2016.03.23 22:36:29.489,1.12149,1.12202,1.57,1.69
2016.03.23 22:36:29.591,1.12152,1.12202,1.00,1.69
2016.03.23 22:36:29.900,1.12166,1.12203,1.00,1.94
2016.03.23 22:36:30.052,1.12166,1.12206,1.00,1.94
2016.03.23 22:36:31.382,1.1216,1.12206,1.00,1.94
2016.03.23 22:36:31.638,1.12177,1.12208,1.00,1.94
2016.03.23 22:36:32.758,1.12177,1.12208,1.00,1.75
2016.03.23 22:36:34.497,1.12178,1.1221,1.00,2.44
2016.03.23 22:36:34.598,1.12178,1.1221,1.00,1.31
2016.03.23 22:36:41.271,1.12172,1.12211,1.00,1.94
2016.03.23 22:36:41.423,1.12164,1.12208,1.00,1.75
2016.03.23 22:36:41.647,1.12179,1.12208,1.00,1.75
2016.03.23 22:36:43.821,1.12171,1.12208,1.00,1.12
2016.03.23 22:36:48.569,1.12173,1.12211,1.00,1.94
2016.03.23 22:36:50.772,1.12172,1.12211,1.00,1.94
2016.03.23 22:36:55.141,1.12166,1.1221,1.00,3.19
2016.03.23 22:36:55.445,1.12165,1.1221,1.00,1.07
2016.03.23 22:36:55.496,1.12168,1.1221,1.00,1.07
2016.03.23 22:36:55.829,1.12179,1.12214,1.00,2.00
2016.03.23 22:36:57.032,1.12174,1.12214,1.00,2.00
2016.03.23 22:36:57.235,1.12172,1.12212,1.00,1.50
2016.03.23 22:36:57.774,1.1217,1.12214,1.00,2.00
2016.03.23 22:36:57.937,1.12173,1.12215,1.00,1.94
2016.03.23 22:36:57.988,1.12173,1.12216,1.00,3.19
2016.03.23 22:36:58.241,1.12175,1.12217,1.00,1.31
2016.03.23 22:37:00.092,1.12174,1.12216,1.00,1.26
2016.03.23 22:37:10.212,1.12175,1.12219,1.00,1.94
2016.03.23 22:37:10.829,1.12173,1.12219,1.00,1.94
2016.03.23 22:37:12.521,1.12172,1.12219,1.00,1.94
2016.03.23 22:37:12.969,1.12172,1.12219,1.00,1.94
2016.03.23 22:37:13.281,1.12172,1.12216,1.00,1.94
2016.03.23 22:37:13.685,1.12171,1.12208,1.00,1.29
2016.03.23 22:37:13.736,1.12164,1.12208,1.00,1.94
2016.03.23 22:37:13.837,1.12163,1.12205,1.00,1.94
2016.03.23 22:37:13.939,1.12163,1.12206,1.00,1.50
2016.03.23 22:37:14.160,1.12164,1.12209,1.10,1.00
2016.03.23 22:37:14.228,1.12161,1.12213,1.00,1.94
2016.03.23 22:37:14.279,1.12154,1.12204,1.75,1.31
2016.03.23 22:37:14.330,1.12164,1.12204,1.00,1.31
2016.03.23 22:37:14.432,1.12162,1.12204,1.00,1.31
2016.03.23 22:37:14.484,1.12162,1.12204,1.00,1.94
2016.03.23 22:37:14.992,1.12163,1.12204,1.00,1.94
2016.03.23 22:37:19.047,1.12159,1.12201,1.00,1.69
2016.03.23 22:37:22.438,1.12151,1.12202,1.37,1.94
2016.03.23 22:37:22.539,1.12157,1.12206,1.12,1.19
2016.03.23 22:37:22.591,1.1216,1.12212,1.25,1.75
2016.03.23 22:37:22.641,1.12171,1.12212,1.00,1.07
2016.03.23 22:37:22.957,1.12175,1.1221,1.00,1.75
2016.03.23 22:37:23.311,1.12172,1.1221,1.00,1.75
2016.03.23 22:37:24.010,1.12171,1.1221,1.00,1.75
2016.03.23 22:37:26.065,1.12156,1.12207,1.07,1.12
2016.03.23 22:37:26.363,1.12156,1.12207,1.10,1.00
2016.03.23 22:37:26.465,1.12157,1.12207,1.50,1.00
2016.03.23 22:37:26.769,1.12169,1.12213,1.00,1.10
2016.03.23 22:37:26.871,1.12167,1.12213,1.00,1.10
2016.03.23 22:37:28.683,1.12167,1.12212,1.00,1.00
2016.03.23 22:37:29.551,1.12166,1.12212,1.57,1.00
2016.03.23 22:37:31.857,1.12174,1.12213,1.19,1.10
2016.03.23 22:37:32.495,1.12175,1.12214,1.78,1.07
2016.03.23 22:37:32.798,1.12164,1.12211,2.43,1.12
2016.03.23 22:37:34.727,1.12165,1.12212,1.31,1.69
2016.03.23 22:37:35.030,1.12166,1.1221,1.73,1.75
2016.03.23 22:37:35.729,1.12169,1.1221,1.73,1.75
2016.03.23 22:37:36.628,1.12164,1.12214,1.93,1.94
2016.03.23 22:37:36.730,1.12166,1.12215,1.69,1.31
2016.03.23 22:37:36.781,1.12166,1.12215,1.88,1.00
2016.03.23 22:37:41.460,1.12175,1.12215,1.29,1.00
2016.03.23 22:37:42.431,1.12178,1.12215,1.07,2.25
2016.03.23 22:37:43.088,1.12177,1.12221,1.07,1.57
2016.03.23 22:37:43.190,1.12177,1.12223,1.07,1.07
2016.03.23 22:37:43.447,1.12175,1.12231,2.88,1.87
2016.03.23 22:37:43.700,1.12195,1.12234,1.00,2.25
2016.03.23 22:37:43.963,1.12195,1.12234,1.00,2.25
2016.03.23 22:37:44.508,1.12196,1.12234,1.00,2.25
2016.03.23 22:37:44.559,1.12194,1.12234,1.00,2.25
2016.03.23 22:37:44.862,1.12196,1.12234,1.00,1.00
2016.03.23 22:37:45.505,1.12196,1.12238,1.00,3.19
2016.03.23 22:37:45.707,1.12196,1.12234,1.00,1.19
2016.03.23 22:37:46.861,1.122,1.12234,1.00,1.19
2016.03.23 22:37:47.411,1.12199,1.12234,1.00,1.19
2016.03.23 22:37:50.375,1.12194,1.12234,1.00,1.19
2016.03.23 22:37:52.450,1.12197,1.12234,1.00,1.19
2016.03.23 22:37:54.540,1.12198,1.12234,1.00,1.19
2016.03.23 22:37:55.860,1.12195,1.12234,1.00,1.19
2016.03.23 22:37:57.006,1.12198,1.12234,1.00,1.19
2016.03.23 22:37:57.107,1.12194,1.12234,1.00,1.69
2016.03.23 22:37:57.158,1.12194,1.12213,1.00,1.19
2016.03.23 22:37:57.209,1.12187,1.12213,1.00,1.19
2016.03.23 22:37:57.260,1.12187,1.12208,1.00,1.19
2016.03.23 22:37:57.914,1.12187,1.12216,1.00,1.94
2016.03.23 22:38:03.213,1.12187,1.12216,1.00,1.94
2016.03.23 22:38:05.365,1.12186,1.12216,1.00,1.94
2016.03.23 22:38:07.301,1.12187,1.12216,1.00,1.94
2016.03.23 22:38:14.859,1.12187,1.12216,1.00,1.26
2016.03.23 22:38:23.689,1.12185,1.12216,1.10,1.26
2016.03.23 22:38:24.199,1.12186,1.12216,1.00,1.26
2016.03.23 22:38:24.790,1.12184,1.12216,1.07,1.26
2016.03.23 22:38:43.103,1.12183,1.12213,1.07,1.19
2016.03.23 22:38:43.255,1.12175,1.12213,1.07,2.00
2016.03.23 22:38:43.779,1.12173,1.1221,1.24,1.07
2016.03.23 22:38:44.094,1.12173,1.1221,1.24,1.26
2016.03.23 22:38:45.079,1.12173,1.1221,1.24,1.32
2016.03.23 22:38:47.619,1.12171,1.1221,1.24,1.26
2016.03.23 22:39:01.855,1.12169,1.1221,1.13,1.76
2016.03.23 22:39:02.361,1.12169,1.12209,1.06,1.26
2016.03.23 22:39:03.558,1.12167,1.12209,1.06,1.32
2016.03.23 22:39:10.308,1.12169,1.12206,1.08,1.07
2016.03.23 22:39:11.417,1.12172,1.12209,1.09,1.50
2016.03.23 22:39:11.569,1.12166,1.12215,1.06,1.29
2016.03.23 22:39:11.621,1.12166,1.12217,1.06,1.76
2016.03.23 22:39:12.036,1.12172,1.12221,1.03,1.01
2016.03.23 22:39:13.565,1.12173,1.1222,1.03,1.00
2016.03.23 22:39:13.616,1.12173,1.1222,1.03,1.31
2016.03.23 22:39:14.157,1.12165,1.12216,1.12,1.50
2016.03.23 22:39:15.338,1.12169,1.12215,1.02,1.00
2016.03.23 22:39:17.145,1.12169,1.12215,1.02,1.07
2016.03.23 22:39:18.211,1.12169,1.12217,1.02,1.31
2016.03.23 22:39:20.357,1.12167,1.12213,1.02,1.31
2016.03.23 22:39:20.459,1.12167,1.12213,1.02,1.19
2016.03.23 22:39:22.045,1.12166,1.12212,1.02,1.19
2016.03.23 22:39:22.197,1.12165,1.1221,1.02,1.57
2016.03.23 22:39:22.702,1.12169,1.12217,1.02,1.19
2016.03.23 22:39:23.872,1.12166,1.12213,1.02,1.26
2016.03.23 22:39:24.905,1.12165,1.1221,1.03,1.19
2016.03.23 22:39:26.810,1.12161,1.12206,1.03,1.01
2016.03.23 22:39:27.668,1.12161,1.12206,1.03,1.29
2016.03.23 22:39:28.213,1.12169,1.1221,1.03,2.44
2016.03.23 22:39:31.751,1.12169,1.12209,1.03,1.31
2016.03.23 22:39:34.268,1.12166,1.1221,1.03,1.69
2016.03.23 22:39:34.571,1.12171,1.12209,1.02,1.25
2016.03.23 22:39:34.774,1.12168,1.12213,1.02,1.00
2016.03.23 22:39:35.178,1.12166,1.12213,1.02,1.19
2016.03.23 22:39:35.712,1.12166,1.12212,1.03,1.19
2016.03.23 22:39:37.377,1.12159,1.12212,1.61,1.25
2016.03.23 22:39:41.128,1.12174,1.12219,1.03,2.06
2016.03.23 22:39:41.725,1.12174,1.12215,1.02,1.26
2016.03.23 22:39:45.838,1.12177,1.12215,1.01,1.00
2016.03.23 22:39:54.430,1.12171,1.1222,1.02,1.31
2016.03.23 22:39:54.583,1.12187,1.12221,1.00,1.57
2016.03.23 22:39:54.815,1.12187,1.12224,1.00,1.76
2016.03.23 22:39:54.917,1.1219,1.12224,1.00,1.76
2016.03.23 22:39:55.018,1.12188,1.12224,1.00,1.50
2016.03.23 22:39:56.016,1.12188,1.12225,1.00,1.50
2016.03.23 22:39:56.669,1.12188,1.12224,1.00,1.50
2016.03.23 22:39:59.554,1.12189,1.12224,1.00,1.00
2016.03.23 22:40:07.229,1.12184,1.12224,1.01,1.00
2016.03.23 22:40:07.281,1.12184,1.12227,1.01,1.07
2016.03.23 22:40:07.332,1.12189,1.12227,1.00,1.07
2016.03.23 22:40:07.635,1.12198,1.12227,1.00,1.07
2016.03.23 22:40:07.880,1.12198,1.12232,1.00,1.07
2016.03.23 22:40:07.932,1.122,1.12232,1.00,1.07
2016.03.23 22:40:07.983,1.122,1.12232,1.00,1.00
2016.03.23 22:40:08.361,1.122,1.12234,1.00,1.57
2016.03.23 22:40:25.148,1.12198,1.12234,1.00,1.00
2016.03.23 22:40:25.654,1.12197,1.12234,1.00,1.07
2016.03.23 22:40:25.842,1.12192,1.12234,1.00,1.07
2016.03.23 22:40:32.805,1.12192,1.12231,1.00,1.00
2016.03.23 22:40:33.346,1.1219,1.12231,1.01,1.00
2016.03.23 22:40:39.625,1.12188,1.12235,1.01,1.07
2016.03.23 22:40:42.868,1.12191,1.12235,1.00,1.07
2016.03.23 22:40:44.893,1.12191,1.12231,1.01,1.00
2016.03.23 22:40:45.762,1.12188,1.1223,1.01,1.00
2016.03.23 22:40:47.411,1.12184,1.12228,1.26,1.00
2016.03.23 22:40:47.749,1.12177,1.12224,1.02,1.07
2016.03.23 22:40:55.219,1.12179,1.12221,1.02,1.69
2016.03.23 22:40:58.717,1.12175,1.1222,1.12,1.19
2016.03.23 22:41:02.464,1.12175,1.12218,1.03,1.19
2016.03.23 22:41:05.224,1.12175,1.12214,1.02,1.00
2016.03.23 22:41:07.574,1.12168,1.12218,1.73,1.69
2016.03.23 22:41:08.104,1.12174,1.12218,1.03,1.50
2016.03.23 22:41:14.110,1.12176,1.12215,1.02,1.00
2016.03.23 22:41:19.860,1.12176,1.12216,1.02,1.10
2016.03.23 22:41:20.870,1.12177,1.12216,1.02,1.29
2016.03.23 22:41:20.972,1.12177,1.12216,1.02,1.10
2016.03.23 22:41:21.174,1.12169,1.12215,1.04,1.07
2016.03.23 22:41:31.059,1.12166,1.12215,1.00,1.82
2016.03.23 22:41:31.765,1.12164,1.12214,1.26,1.82
2016.03.23 22:41:31.816,1.12167,1.12216,1.00,1.12
2016.03.23 22:41:33.568,1.12159,1.12213,2.44,1.84
2016.03.23 22:41:33.670,1.12164,1.12216,1.69,2.84
2016.03.23 22:41:33.986,1.12174,1.12216,1.00,1.91
2016.03.23 22:41:38.978,1.12169,1.12216,1.07,1.91
2016.03.23 22:41:39.029,1.12177,1.12216,1.19,2.10
2016.03.23 22:41:39.080,1.12177,1.12215,1.94,1.19
2016.03.23 22:41:39.585,1.12183,1.12218,1.00,1.19
2016.03.23 22:41:41.634,1.12184,1.12221,1.00,1.00
2016.03.23 22:41:41.685,1.12184,1.12225,1.00,1.00
2016.03.23 22:41:41.837,1.12188,1.12225,1.00,1.00
2016.03.23 22:41:43.625,1.12189,1.12225,1.00,1.00
2016.03.23 22:41:43.727,1.12185,1.12225,1.00,1.00
2016.03.23 22:41:43.954,1.12191,1.12225,1.00,1.00
2016.03.23 22:41:44.056,1.12189,1.12225,1.00,1.00
2016.03.23 22:41:44.897,1.12191,1.12225,1.00,1.00
2016.03.23 22:41:51.087,1.12189,1.12225,1.00,1.00
2016.03.23 22:41:51.723,1.12189,1.12228,1.00,1.19
2016.03.23 22:41:51.875,1.12187,1.12228,1.00,1.19
2016.03.23 22:41:52.943,1.12185,1.12228,1.00,1.19
2016.03.23 22:41:56.777,1.12187,1.12228,1.00,1.19
2016.03.23 22:42:00.077,1.12182,1.12228,1.10,1.19
2016.03.23 22:42:05.408,1.12179,1.1222,2.44,1.19
2016.03.23 22:42:09.701,1.12177,1.12218,1.12,1.00
2016.03.23 22:42:09.752,1.12177,1.12218,1.00,1.00
2016.03.23 22:42:09.803,1.12177,1.12221,1.19,1.00
2016.03.23 22:42:09.854,1.12177,1.12225,1.19,1.10
2016.03.23 22:42:10.429,1.12179,1.12226,1.19,1.25
2016.03.23 22:42:11.112,1.12182,1.12226,1.00,1.25
2016.03.23 22:42:11.663,1.12182,1.12222,1.00,1.00
2016.03.23 22:42:21.471,1.12182,1.12219,1.00,1.00
2016.03.23 22:42:21.791,1.12181,1.12209,1.00,1.00
2016.03.23 22:42:26.152,1.12181,1.1221,1.00,1.00
2016.03.23 22:42:27.468,1.1218,1.1221,1.69,1.00
2016.03.23 22:42:28.042,1.1218,1.12206,1.00,1.00
2016.03.23 22:42:28.605,1.1218,1.12207,1.00,1.00
2016.03.23 22:42:31.703,1.12185,1.12207,1.19,1.00
2016.03.23 22:42:39.723,1.12181,1.12207,1.19,1.00
2016.03.23 22:42:40.265,1.12181,1.12205,1.19,1.00
2016.03.23 22:42:40.859,1.1218,1.12205,1.00,1.00
2016.03.23 22:42:41.399,1.12179,1.12207,1.00,1.00
2016.03.23 22:42:41.602,1.12179,1.12205,1.00,1.00
2016.03.23 22:42:41.703,1.12176,1.12204,1.00,1.00
2016.03.23 22:42:42.838,1.12171,1.12204,1.57,1.00
2016.03.23 22:42:42.889,1.12171,1.12216,1.50,2.10
2016.03.23 22:42:42.990,1.12171,1.12216,1.50,1.12
2016.03.23 22:42:43.445,1.12175,1.12217,1.00,1.50
2016.03.23 22:42:43.966,1.12174,1.12217,1.00,1.50
2016.03.23 22:42:45.787,1.12174,1.12217,1.19,1.50
2016.03.23 22:42:46.399,1.12174,1.12217,1.19,1.50
2016.03.23 22:42:46.916,1.12174,1.12217,1.19,1.50
2016.03.23 22:42:53.693,1.12173,1.12217,1.25,1.50
2016.03.23 22:42:56.426,1.12168,1.12217,1.26,1.10
2016.03.23 22:42:56.477,1.12173,1.12217,1.19,1.10
2016.03.23 22:42:57.024,1.12174,1.12217,1.19,1.10
2016.03.23 22:43:01.432,1.12171,1.12217,1.19,1.10
2016.03.23 22:43:01.584,1.12177,1.12217,1.00,1.10
2016.03.23 22:43:01.896,1.12175,1.12217,1.00,1.50
2016.03.23 22:43:04.366,1.12177,1.12218,1.00,1.75
2016.03.23 22:43:07.395,1.12175,1.12218,1.00,1.75
2016.03.23 22:43:14.990,1.12175,1.12216,1.00,1.75
2016.03.23 22:43:15.542,1.12174,1.12216,1.00,1.75
2016.03.23 22:43:15.643,1.12174,1.12217,1.00,1.12
2016.03.23 22:43:15.694,1.12177,1.12217,1.00,1.12
2016.03.23 22:43:24.905,1.12178,1.12219,1.00,1.75
2016.03.23 22:43:25.057,1.12178,1.12219,1.00,1.10
2016.03.23 22:43:28.103,1.12174,1.12224,1.00,2.44
2016.03.23 22:43:28.155,1.12174,1.12224,1.19,2.25
2016.03.23 22:43:28.676,1.12176,1.12224,1.00,2.25
2016.03.23 22:43:31.738,1.12175,1.12224,1.25,2.25
2016.03.23 22:43:32.387,1.12176,1.12224,1.00,2.25
2016.03.23 22:43:32.891,1.12175,1.12224,1.00,2.25
2016.03.23 22:43:33.042,1.12178,1.12224,1.00,2.25
2016.03.23 22:43:57.170,1.12177,1.12224,1.00,2.44
2016.03.23 22:43:58.081,1.12178,1.12223,1.00,1.12
2016.03.23 22:44:01.796,1.12178,1.12223,1.00,1.00
2016.03.23 22:44:08.005,1.12177,1.12223,1.00,1.25
2016.03.23 22:44:09.509,1.12177,1.12221,1.00,1.00
2016.03.23 22:44:09.813,1.12177,1.12218,1.50,1.50
2016.03.23 22:44:12.491,1.12177,1.12218,1.69,1.50
2016.03.23 22:44:14.344,1.12177,1.12218,1.69,1.10
2016.03.23 22:44:15.553,1.12177,1.12218,1.50,1.10
2016.03.23 22:44:18.022,1.12175,1.12218,1.25,1.57
2016.03.23 22:44:20.340,1.12172,1.12217,1.19,1.00
2016.03.23 22:44:20.542,1.12174,1.12217,1.19,1.00
2016.03.23 22:44:21.503,1.12171,1.12217,1.19,1.12
2016.03.23 22:44:28.644,1.12171,1.12215,1.25,1.07
2016.03.23 22:44:40.247,1.12171,1.12211,1.25,1.00
2016.03.23 22:44:41.634,1.12173,1.12211,1.00,1.00
2016.03.23 22:44:43.173,1.12173,1.12211,1.19,1.00
2016.03.23 22:44:43.477,1.12166,1.12212,1.19,1.00
2016.03.23 22:44:43.579,1.12171,1.12216,1.25,1.07
2016.03.23 22:44:44.086,1.12171,1.12216,1.25,1.00
2016.03.23 22:44:44.430,1.12171,1.12218,1.25,2.25
2016.03.23 22:44:44.964,1.12171,1.12219,1.25,1.10
2016.03.23 22:44:45.065,1.12171,1.12219,1.19,1.00
2016.03.23 22:44:45.571,1.12174,1.12224,1.19,1.00
2016.03.23 22:44:45.773,1.12171,1.12224,1.76,1.00
2016.03.23 22:44:45.874,1.12179,1.12224,1.00,1.00
2016.03.23 22:44:46.198,1.12182,1.12224,1.19,1.00
2016.03.23 22:44:46.741,1.12184,1.12224,1.00,1.00
2016.03.23 22:44:46.944,1.12179,1.12224,1.56,1.00
2016.03.23 22:44:46.995,1.12179,1.12232,2.06,2.25
2016.03.23 22:44:47.046,1.12179,1.12232,2.06,2.25
2016.03.23 22:44:47.097,1.12185,1.12231,1.25,1.50
2016.03.23 22:44:47.708,1.12181,1.12228,1.29,1.00
2016.03.23 22:44:48.452,1.12181,1.12228,1.19,1.10
2016.03.23 22:44:48.554,1.12178,1.12228,1.56,1.10
2016.03.23 22:44:48.655,1.12183,1.12231,1.26,1.00
2016.03.23 22:44:49.110,1.1218,1.1223,1.10,1.00
2016.03.23 22:44:49.212,1.12178,1.1223,1.00,1.07
2016.03.23 22:44:49.515,1.12182,1.12231,1.00,1.12
2016.03.23 22:44:49.824,1.12184,1.12231,1.00,1.12
2016.03.23 22:44:49.975,1.12178,1.12231,1.00,1.12
2016.03.23 22:44:50.077,1.1218,1.12232,1.37,1.00
2016.03.23 22:44:50.178,1.12185,1.12232,1.12,1.00
2016.03.23 22:44:50.281,1.12185,1.12231,1.10,1.00
2016.03.23 22:44:50.635,1.12181,1.12231,1.19,2.32
2016.03.23 22:44:50.687,1.12181,1.12231,1.00,2.32
2016.03.23 22:44:51.184,1.12184,1.12229,1.00,1.10
2016.03.23 22:44:52.025,1.12182,1.12229,1.00,1.10
2016.03.23 22:44:52.147,1.1218,1.12229,1.00,1.10
2016.03.23 22:44:52.198,1.12182,1.12231,1.19,1.07
2016.03.23 22:44:52.503,1.12188,1.12237,1.31,1.00
2016.03.23 22:44:52.705,1.12194,1.12239,1.19,1.00
2016.03.23 22:44:53.247,1.12194,1.12239,1.19,2.32
2016.03.23 22:44:53.776,1.12192,1.12236,1.19,1.00
2016.03.23 22:44:57.046,1.12193,1.12239,1.19,2.32
2016.03.23 22:44:57.097,1.12194,1.12239,1.19,1.50
2016.03.23 22:44:57.911,1.12194,1.12239,1.19,1.07
2016.03.23 22:44:59.372,1.12193,1.12237,1.19,1.19
2016.03.23 22:44:59.473,1.12192,1.1223,1.00,1.00
2016.03.23 22:44:59.524,1.12182,1.12229,1.19,1.10
2016.03.23 22:44:59.727,1.12192,1.1223,1.00,1.07
2016.03.23 22:45:00.080,1.1219,1.1223,1.00,1.07
2016.03.23 22:45:00.331,1.12187,1.1223,1.00,1.57
2016.03.23 22:45:02.145,1.12191,1.1223,1.00,1.07
2016.03.23 22:45:02.399,1.12187,1.1223,1.25,1.07
2016.03.23 22:45:02.501,1.12191,1.1223,1.00,1.07
2016.03.23 22:45:03.284,1.12189,1.1223,1.00,1.07
2016.03.23 22:45:03.693,1.12187,1.1223,1.25,1.07
2016.03.23 22:45:03.845,1.12186,1.1223,1.19,1.50
2016.03.23 22:45:05.825,1.12188,1.1223,1.00,1.50
2016.03.23 22:45:06.482,1.12186,1.1223,1.19,1.50
2016.03.23 22:45:06.968,1.12187,1.1223,1.00,1.69
2016.03.23 22:45:07.484,1.12184,1.12223,1.69,1.29
2016.03.23 22:45:09.113,1.12184,1.12214,1.19,1.00
2016.03.23 22:45:09.485,1.12187,1.12214,1.19,1.00
2016.03.23 22:45:10.191,1.12187,1.12219,1.19,1.00
2016.03.23 22:45:10.242,1.12179,1.12219,1.19,1.00
2016.03.23 22:45:10.394,1.12179,1.12214,1.19,1.00
2016.03.23 22:45:10.445,1.12174,1.12214,1.19,1.00
2016.03.23 22:45:12.640,1.12174,1.12212,1.19,1.00
2016.03.23 22:45:12.843,1.12174,1.12216,1.19,1.00
2016.03.23 22:45:13.253,1.12174,1.12214,1.19,1.00
2016.03.23 22:45:16.045,1.12174,1.12211,1.19,1.00
2016.03.23 22:45:17.369,1.12174,1.12213,1.19,1.00
2016.03.23 22:45:21.984,1.12174,1.12211,1.19,1.00
2016.03.23 22:45:34.378,1.12174,1.12212,1.19,1.00
2016.03.23 22:45:36.728,1.12175,1.12215,1.19,1.00
2016.03.23 22:45:37.612,1.12177,1.12215,1.19,1.00
2016.03.23 22:45:41.304,1.12177,1.12213,1.19,1.00
2016.03.23 22:45:44.212,1.12173,1.12213,1.00,1.00
2016.03.23 22:45:44.789,1.12173,1.12212,1.00,1.00
2016.03.23 22:45:44.952,1.12173,1.12214,1.00,1.00
2016.03.23 22:45:45.594,1.12173,1.12202,1.00,1.00
2016.03.23 22:45:45.645,1.12165,1.12202,1.57,1.19
2016.03.23 22:45:45.747,1.12165,1.122,1.00,1.19
2016.03.23 22:45:45.949,1.1216,1.122,1.00,1.26
2016.03.23 22:45:46.313,1.1216,1.12199,1.00,1.29
2016.03.23 22:45:46.364,1.12154,1.12199,1.00,1.29
2016.03.23 22:45:46.921,1.12153,1.12196,1.25,1.19
2016.03.23 22:45:47.419,1.12153,1.12193,1.00,1.19
2016.03.23 22:45:47.924,1.12154,1.1219,1.00,1.19
2016.03.23 22:45:48.119,1.12154,1.12195,1.00,1.25
2016.03.23 22:45:48.373,1.12151,1.122,1.19,1.69
2016.03.23 22:45:48.424,1.12147,1.12198,1.12,1.19
2016.03.23 22:45:48.475,1.12147,1.12198,1.00,1.19
2016.03.23 22:45:49.234,1.1215,1.12198,1.00,1.19
2016.03.23 22:45:51.537,1.12151,1.12198,1.00,1.19
2016.03.23 22:45:52.087,1.12151,1.12198,1.00,1.19
2016.03.23 22:45:52.391,1.12149,1.12194,1.00,1.00
2016.03.23 22:45:52.544,1.12146,1.12194,1.00,1.07
2016.03.23 22:45:53.006,1.12146,1.12194,1.00,1.10
2016.03.23 22:45:53.293,1.12149,1.12194,1.00,1.10
2016.03.23 22:45:56.168,1.12149,1.12195,1.00,1.25
2016.03.23 22:45:56.471,1.12152,1.12195,1.00,1.25
2016.03.23 22:46:00.474,1.12149,1.12195,1.00,1.25
2016.03.23 22:46:00.981,1.12149,1.12194,1.19,1.50
2016.03.23 22:46:03.477,1.12151,1.12194,1.00,1.50
2016.03.23 22:46:03.578,1.12153,1.12194,1.00,1.50
2016.03.23 22:46:07.062,1.12152,1.12194,1.00,1.00
2016.03.23 22:46:08.831,1.1215,1.12194,1.00,1.00
2016.03.23 22:46:09.563,1.12149,1.12194,1.00,1.00
2016.03.23 22:46:10.689,1.12149,1.12194,1.00,1.50
2016.03.23 22:46:10.992,1.12151,1.12194,1.00,1.50
2016.03.23 22:46:11.372,1.12154,1.12194,1.00,1.50
2016.03.23 22:46:11.940,1.12154,1.12195,1.00,1.26
2016.03.23 22:46:12.995,1.12154,1.12194,1.00,2.44
2016.03.23 22:46:14.526,1.12155,1.12193,1.00,1.69
2016.03.23 22:46:17.042,1.12153,1.12193,1.00,1.69
2016.03.23 22:46:17.585,1.12153,1.12196,1.00,2.06
2016.03.23 22:46:17.636,1.12157,1.12196,1.00,2.06
2016.03.23 22:46:18.170,1.12156,1.12196,1.00,1.31
2016.03.23 22:46:18.707,1.12157,1.12196,1.00,1.31
2016.03.23 22:46:19.240,1.12157,1.12196,1.00,1.31
2016.03.23 22:46:20.612,1.12156,1.12196,1.00,1.31
2016.03.23 22:46:21.227,1.1215,1.12196,1.19,1.31
2016.03.23 22:46:22.079,1.12152,1.12196,1.00,1.31
2016.03.23 22:46:22.212,1.1215,1.12196,1.00,1.31
2016.03.23 22:46:22.364,1.12152,1.12196,1.00,1.31
2016.03.23 22:46:22.673,1.12151,1.12194,1.00,2.44
2016.03.23 22:46:23.679,1.12153,1.12194,1.00,1.69
2016.03.23 22:46:23.911,1.1215,1.12194,1.00,1.69
2016.03.23 22:46:23.972,1.12153,1.12194,1.00,1.69
2016.03.23 22:46:24.131,1.12151,1.12194,1.00,1.69
2016.03.23 22:46:24.784,1.12153,1.12194,1.00,1.69
2016.03.23 22:46:25.080,1.1215,1.12194,1.00,1.69
2016.03.23 22:46:25.853,1.12146,1.12194,1.19,1.69
2016.03.23 22:46:26.004,1.12146,1.12191,1.19,1.50
2016.03.23 22:46:30.112,1.1214,1.12188,1.76,1.10
2016.03.23 22:46:30.811,1.12143,1.12188,1.00,1.10
2016.03.23 22:46:31.462,1.12141,1.12188,1.29,1.10
2016.03.23 22:46:32.713,1.12142,1.12187,1.25,1.00
2016.03.23 22:46:32.916,1.12142,1.12187,1.25,1.12
2016.03.23 22:46:35.698,1.12141,1.12187,1.19,1.00
2016.03.23 22:46:36.311,1.12143,1.12187,1.00,1.00
2016.03.23 22:46:37.034,1.12143,1.12183,1.00,1.00
2016.03.23 22:46:37.879,1.12142,1.12183,1.25,1.00
2016.03.23 22:46:38.245,1.12143,1.12183,1.19,1.00
2016.03.23 22:46:38.909,1.12143,1.12183,1.69,1.00
2016.03.23 22:46:39.611,1.12146,1.12182,1.31,1.00
2016.03.23 22:46:47.021,1.12146,1.12185,1.31,1.00
2016.03.23 22:46:57.487,1.1214,1.12185,1.10,1.00
2016.03.23 22:46:57.589,1.1214,1.12185,1.00,1.87
2016.03.23 22:46:57.906,1.12143,1.12186,1.00,1.12
2016.03.23 22:46:58.416,1.12143,1.12186,1.25,1.07
2016.03.23 22:47:00.271,1.1214,1.12186,1.19,1.07
2016.03.23 22:47:07.038,1.12144,1.12184,1.19,1.00
2016.03.23 22:47:16.659,1.12145,1.12184,1.00,1.00
2016.03.23 22:47:16.710,1.12141,1.12184,1.25,1.00
2016.03.23 22:47:17.289,1.12139,1.12184,1.19,1.07
2016.03.23 22:47:17.721,1.12139,1.12184,1.00,1.32
2016.03.23 22:47:23.195,1.12141,1.12184,1.00,1.32
2016.03.23 22:47:24.034,1.12139,1.12183,1.19,1.10
2016.03.23 22:47:24.347,1.12142,1.12184,2.44,1.00
2016.03.23 22:47:24.926,1.12148,1.12184,1.00,1.00
2016.03.23 22:47:25.587,1.12149,1.12184,1.00,1.00
2016.03.23 22:47:26.969,1.12149,1.12187,1.00,1.00
2016.03.23 22:47:32.992,1.12149,1.12181,1.00,1.00
2016.03.23 22:47:33.144,1.1214,1.12176,1.00,1.76
2016.03.23 22:47:33.195,1.1214,1.12176,1.00,2.00
2016.03.23 22:47:33.297,1.12133,1.12175,1.00,1.12
2016.03.23 22:47:33.517,1.12127,1.12172,1.00,1.12
2016.03.23 22:47:33.669,1.12126,1.1217,1.00,2.44
2016.03.23 22:47:33.922,1.12122,1.1217,1.50,2.44
2016.03.23 22:47:34.501,1.12121,1.12165,1.50,1.07
2016.03.23 22:47:35.172,1.12123,1.12165,1.00,1.07
2016.03.23 22:47:35.284,1.12121,1.12172,2.25,1.26
2016.03.23 22:47:35.385,1.12121,1.12171,1.19,1.75
2016.03.23 22:47:35.689,1.12121,1.12167,1.19,2.25
2016.03.23 22:47:35.992,1.12121,1.12163,1.50,1.69
2016.03.23 22:47:36.295,1.12122,1.12174,1.19,2.00
2016.03.23 22:47:36.347,1.12122,1.12174,1.19,2.00
2016.03.23 22:47:36.398,1.12121,1.12173,1.94,1.10
2016.03.23 22:47:36.500,1.1212,1.1217,2.51,1.50
2016.03.23 22:47:36.657,1.1212,1.12166,1.69,1.12
2016.03.23 22:47:36.708,1.12122,1.12166,1.00,1.75
2016.03.23 22:47:37.425,1.12126,1.12173,1.19,1.75
2016.03.23 22:47:37.476,1.12126,1.12173,1.19,1.75
2016.03.23 22:47:37.577,1.12132,1.12173,1.00,1.75
2016.03.23 22:47:37.628,1.12132,1.12173,1.00,1.50
2016.03.23 22:47:37.781,1.12134,1.12173,1.00,1.50
2016.03.23 22:47:38.111,1.12131,1.12173,1.19,1.69
2016.03.23 22:47:38.611,1.12131,1.12173,1.69,1.50
2016.03.23 22:47:38.992,1.12129,1.12174,1.19,1.75
2016.03.23 22:47:39.830,1.12129,1.12173,1.69,1.50
2016.03.23 22:47:40.134,1.12138,1.12178,1.19,1.00
2016.03.23 22:47:41.235,1.12143,1.12178,1.00,1.00
2016.03.23 22:47:41.861,1.12143,1.12179,1.00,1.00
2016.03.23 22:47:43.400,1.12143,1.12181,1.10,1.00
2016.03.23 22:47:47.450,1.12136,1.12181,1.01,1.00
2016.03.23 22:47:47.501,1.12134,1.12181,1.76,1.00
2016.03.23 22:47:47.703,1.12129,1.12182,1.39,1.75
2016.03.23 22:47:48.006,1.12129,1.1218,1.26,2.00
2016.03.23 22:47:48.238,1.12127,1.12178,1.34,1.50
2016.03.23 22:47:49.138,1.12128,1.12177,1.36,1.12
2016.03.23 22:47:49.704,1.12128,1.12178,1.36,1.50
2016.03.23 22:47:50.214,1.12128,1.12177,1.36,1.12
2016.03.23 22:47:51.162,1.12128,1.12178,1.36,1.50
2016.03.23 22:47:51.716,1.12128,1.12177,1.36,1.12
2016.03.23 22:47:52.021,1.12129,1.12178,1.29,1.50
2016.03.23 22:47:53.064,1.12132,1.12183,1.19,1.87
2016.03.23 22:47:53.115,1.12138,1.12183,1.19,1.10
2016.03.23 22:47:53.217,1.12143,1.12182,1.00,1.00
2016.03.23 22:47:54.420,1.12145,1.12182,1.00,1.25
2016.03.23 22:47:54.639,1.12147,1.12189,1.82,1.00
2016.03.23 22:47:54.740,1.12151,1.12189,1.39,1.00
2016.03.23 22:47:55.069,1.12153,1.12189,1.17,1.00
2016.03.23 22:47:55.372,1.12154,1.12196,1.76,1.00
2016.03.23 22:47:55.878,1.12155,1.12196,1.32,1.00
2016.03.23 22:48:01.540,1.12154,1.12197,1.26,1.00
2016.03.23 22:48:01.945,1.12159,1.12196,1.26,1.00
2016.03.23 22:48:02.752,1.12156,1.12196,1.76,1.00
2016.03.23 22:48:02.855,1.12156,1.12196,1.76,1.00
2016.03.23 22:48:03.057,1.12162,1.12196,1.19,1.00
2016.03.23 22:48:04.388,1.12171,1.12204,1.00,1.00
2016.03.23 22:48:04.490,1.12173,1.12203,1.19,1.00
2016.03.23 22:48:05.010,1.12173,1.12204,1.19,1.00
2016.03.23 22:48:05.462,1.12173,1.12208,1.19,1.00
2016.03.23 22:48:07.672,1.12169,1.12208,1.26,1.00
2016.03.23 22:48:11.144,1.12167,1.12208,1.19,1.50
2016.03.23 22:48:11.306,1.1216,1.12203,1.19,1.75
2016.03.23 22:48:12.097,1.12155,1.12203,1.19,1.75
2016.03.23 22:48:12.390,1.12154,1.12207,1.26,2.25
2016.03.23 22:48:12.592,1.12156,1.12208,1.26,1.50
2016.03.23 22:48:15.457,1.12156,1.12202,1.26,1.00
2016.03.23 22:48:16.909,1.12154,1.12203,2.89,1.00
2016.03.23 22:48:19.365,1.12158,1.12203,1.76,1.00
2016.03.23 22:48:20.922,1.12165,1.12203,1.00,1.00
2016.03.23 22:48:21.473,1.12166,1.12203,1.00,1.00
2016.03.23 22:48:22.023,1.12163,1.12203,1.26,1.00
2016.03.23 22:48:25.545,1.12165,1.12203,1.10,1.00
2016.03.23 22:48:28.906,1.12161,1.12197,1.07,1.00
2016.03.23 22:48:29.008,1.12153,1.12196,1.10,1.50
2016.03.23 22:48:29.211,1.1215,1.12192,1.25,1.12
2016.03.23 22:48:31.711,1.12145,1.12192,1.19,1.75
2016.03.23 22:48:36.943,1.12148,1.12192,1.19,1.75
2016.03.23 22:48:41.650,1.12145,1.12187,1.19,1.10
2016.03.23 22:48:42.308,1.12147,1.12187,1.19,1.50
2016.03.23 22:48:42.916,1.12151,1.12192,1.00,2.25
2016.03.23 22:48:43.068,1.12147,1.12191,1.26,1.50
2016.03.23 22:48:43.169,1.12147,1.12191,1.26,1.07
2016.03.23 22:48:45.043,1.1215,1.12185,1.19,1.00
2016.03.23 22:48:45.246,1.12143,1.12184,1.00,1.31
2016.03.23 22:48:45.398,1.12143,1.12173,1.00,1.00
2016.03.23 22:48:45.448,1.1214,1.12173,1.00,1.00
2016.03.23 22:48:45.499,1.1214,1.12182,1.00,2.06
2016.03.23 22:48:45.601,1.12139,1.12183,1.00,1.69
2016.03.23 22:48:45.652,1.12141,1.12183,1.00,1.69
2016.03.23 22:48:45.955,1.12146,1.12183,1.00,1.69
2016.03.23 22:48:47.664,1.12144,1.12183,1.00,1.69
2016.03.23 22:48:48.470,1.12144,1.12179,1.00,1.19
2016.03.23 22:48:48.521,1.12141,1.12179,1.00,1.19
2016.03.23 22:48:48.843,1.12136,1.12178,1.00,1.69
2016.03.23 22:48:48.996,1.12139,1.12178,1.00,1.19
2016.03.23 22:48:49.502,1.12138,1.12178,1.00,1.19
2016.03.23 22:48:50.563,1.12138,1.12178,1.00,1.00
2016.03.23 22:48:50.763,1.12133,1.12177,1.07,1.00
2016.03.23 22:48:50.814,1.12133,1.12183,1.07,1.69
2016.03.23 22:48:50.865,1.12143,1.12183,1.00,1.26
2016.03.23 22:48:51.017,1.12143,1.12182,1.00,1.10
2016.03.23 22:48:51.272,1.12147,1.12182,1.00,1.10
2016.03.23 22:48:51.632,1.12144,1.12183,1.00,1.07
2016.03.23 22:48:51.946,1.12146,1.12183,1.00,1.07
2016.03.23 22:48:52.703,1.12147,1.12183,1.00,1.07
2016.03.23 22:48:52.964,1.12145,1.12183,1.00,1.00
2016.03.23 22:48:53.520,1.12146,1.12183,1.00,1.00
2016.03.23 22:48:54.121,1.12146,1.12182,1.00,1.00
2016.03.23 22:48:54.669,1.12144,1.12182,1.00,1.00
2016.03.23 22:48:54.822,1.12136,1.12183,1.07,1.94
2016.03.23 22:48:54.974,1.12137,1.12181,1.00,1.31
2016.03.23 22:48:56.649,1.12138,1.12182,1.00,1.50
2016.03.23 22:49:07.339,1.12134,1.12181,1.00,1.31
2016.03.23 22:49:07.719,1.12133,1.12181,1.57,1.94
2016.03.23 22:49:08.241,1.12134,1.12177,1.10,1.75
2016.03.23 22:49:08.342,1.12136,1.12177,1.00,1.12
2016.03.23 22:49:10.298,1.12134,1.12177,1.00,1.12
2016.03.23 22:49:10.975,1.12137,1.12177,1.00,1.12
2016.03.23 22:49:11.501,1.12136,1.12177,1.00,1.12
2016.03.23 22:49:12.271,1.12138,1.12177,1.00,1.12
2016.03.23 22:49:22.843,1.12139,1.1218,1.00,1.75
2016.03.23 22:49:23.068,1.12139,1.1218,1.00,1.07
2016.03.23 22:49:24.039,1.12134,1.1218,1.76,1.07
2016.03.23 22:49:24.397,1.12144,1.1218,1.00,1.07
2016.03.23 22:49:26.459,1.12146,1.1218,1.00,1.07
2016.03.23 22:49:27.350,1.12137,1.1218,1.19,1.07
2016.03.23 22:49:31.902,1.1214,1.12185,1.00,1.10
2016.03.23 22:49:32.004,1.12147,1.12185,1.00,1.10
2016.03.23 22:49:33.298,1.12147,1.12188,1.00,1.07
2016.03.23 22:49:33.501,1.12149,1.1219,1.00,1.87
2016.03.23 22:49:33.664,1.12154,1.12195,1.00,1.10
2016.03.23 22:49:33.867,1.12156,1.12197,1.00,1.12
2016.03.23 22:49:33.939,1.12153,1.12197,1.00,1.12
2016.03.23 22:49:34.258,1.12153,1.12198,1.00,2.44
2016.03.23 22:49:34.713,1.12155,1.12198,1.00,1.69
2016.03.23 22:49:37.265,1.12152,1.12197,1.00,1.31
2016.03.23 22:49:37.367,1.12154,1.12196,1.00,1.76
2016.03.23 22:49:37.696,1.1215,1.12192,1.00,1.19
2016.03.23 22:49:38.002,1.12148,1.12188,1.00,1.19
2016.03.23 22:49:38.360,1.1215,1.12188,1.00,1.19
2016.03.23 22:49:50.254,1.12148,1.12188,1.00,1.19
2016.03.23 22:49:50.835,1.12149,1.12188,1.00,1.26
2016.03.23 22:49:55.518,1.12149,1.12187,1.00,1.19
2016.03.23 22:49:56.020,1.12149,1.12188,1.00,1.19
2016.03.23 22:49:58.801,1.1215,1.12188,1.00,1.19
2016.03.23 22:49:59.367,1.12151,1.12188,1.00,1.19
2016.03.23 22:50:00.935,1.1215,1.12188,1.00,1.19
2016.03.23 22:50:01.125,1.12159,1.12188,1.00,1.19
2016.03.23 22:50:01.259,1.1216,1.12199,1.10,1.75
2016.03.23 22:50:01.311,1.1216,1.12199,1.17,1.00
2016.03.23 22:50:01.463,1.12157,1.12205,1.75,1.19
2016.03.23 22:50:01.665,1.12158,1.12208,1.50,1.19
2016.03.23 22:50:02.224,1.12159,1.12208,1.12,1.00
2016.03.23 22:50:03.380,1.12157,1.12208,1.07,1.12
2016.03.23 22:50:03.432,1.12155,1.12202,1.57,1.19
2016.03.23 22:50:03.484,1.12155,1.12202,1.07,1.69
2016.03.23 22:50:03.535,1.12156,1.12202,1.00,1.19
2016.03.23 22:50:03.637,1.1216,1.12208,1.25,2.44
2016.03.23 22:50:03.940,1.12166,1.12208,1.10,1.00
2016.03.23 22:50:04.194,1.12163,1.12213,2.25,1.26
2016.03.23 22:50:04.365,1.12159,1.12209,1.76,1.07
2016.03.23 22:50:04.669,1.1216,1.12209,1.10,1.26
2016.03.23 22:50:08.304,1.12162,1.12209,1.00,1.26
2016.03.23 22:50:08.406,1.1216,1.12209,1.10,1.26
2016.03.23 22:50:08.648,1.12158,1.12209,1.25,1.31
2016.03.23 22:50:09.155,1.12158,1.12205,1.25,1.00
2016.03.23 22:50:09.909,1.12157,1.12205,1.50,1.00
2016.03.23 22:50:10.171,1.12159,1.12205,1.00,1.00
2016.03.23 22:50:10.721,1.12159,1.12205,1.07,1.00
2016.03.23 22:50:11.107,1.12162,1.1221,1.07,1.19
2016.03.23 22:50:11.210,1.12161,1.1221,1.31,1.25
2016.03.23 22:50:11.849,1.12166,1.12215,1.69,1.19
2016.03.23 22:50:13.428,1.12171,1.12215,1.00,1.00
2016.03.23 22:50:13.580,1.12173,1.12215,1.00,1.00
2016.03.23 22:50:13.681,1.12174,1.12223,1.10,1.19
2016.03.23 22:50:13.732,1.12174,1.12223,1.29,1.19
2016.03.23 22:50:15.953,1.12175,1.12212,1.00,1.19
2016.03.23 22:50:16.105,1.12166,1.12206,1.07,1.76
2016.03.23 22:50:16.156,1.12159,1.12199,1.10,1.00
2016.03.23 22:50:16.410,1.12153,1.12198,1.00,1.00
2016.03.23 22:50:19.396,1.12153,1.12199,1.00,1.00
2016.03.23 22:50:19.901,1.12153,1.12198,1.10,1.00
2016.03.23 22:50:21.789,1.12153,1.12199,1.00,1.00
2016.03.23 22:50:22.293,1.12153,1.12198,1.00,1.00
2016.03.23 22:50:28.694,1.12153,1.12199,1.00,1.00
2016.03.23 22:50:29.213,1.12153,1.12198,1.00,1.00
2016.03.23 22:50:29.747,1.12153,1.12199,1.00,1.00
2016.03.23 22:50:30.319,1.12153,1.12198,1.00,1.00
2016.03.23 22:50:31.722,1.12153,1.12199,1.00,1.00
2016.03.23 22:50:32.296,1.12153,1.12198,1.00,1.00
2016.03.23 22:50:32.902,1.12153,1.12199,1.00,1.00
2016.03.23 22:50:33.548,1.12153,1.12198,1.00,1.00
2016.03.23 22:50:34.150,1.12153,1.12199,1.00,1.00
2016.03.23 22:50:34.707,1.12153,1.12198,1.00,1.00
2016.03.23 22:50:35.006,1.12153,1.12196,1.00,1.00
2016.03.23 22:50:36.009,1.12153,1.12197,1.00,1.00
2016.03.23 22:50:41.076,1.12153,1.12197,1.00,1.37
2016.03.23 22:50:41.380,1.12147,1.12187,1.00,1.31
2016.03.23 22:50:41.593,1.12145,1.12187,1.00,2.06
2016.03.23 22:50:42.029,1.12147,1.12187,1.00,1.19
2016.03.23 22:50:44.154,1.12145,1.12187,1.00,1.69
2016.03.23 22:50:45.339,1.12146,1.12187,1.00,1.69
2016.03.23 22:50:45.591,1.12148,1.12187,1.00,1.19
2016.03.23 22:50:52.857,1.12146,1.12187,1.00,1.19
2016.03.23 22:50:53.439,1.12144,1.12184,1.00,1.19
2016.03.23 22:50:54.100,1.12145,1.12186,1.00,1.19
2016.03.23 22:50:56.759,1.12145,1.1218,1.00,1.00
2016.03.23 22:50:56.861,1.12145,1.12179,1.00,1.19
2016.03.23 22:50:56.962,1.12146,1.12183,1.00,1.19
2016.03.23 22:50:57.114,1.12146,1.12186,1.00,1.69
2016.03.23 22:50:59.793,1.12146,1.1218,1.00,1.00
2016.03.23 22:50:59.945,1.12142,1.12184,1.00,1.19
2016.03.23 22:50:59.995,1.12146,1.12186,1.00,1.31
2016.03.23 22:51:01.453,1.12145,1.12186,1.00,1.19
2016.03.23 22:51:02.003,1.12146,1.12187,1.00,1.19
2016.03.23 22:51:02.648,1.12144,1.12186,1.00,1.19
2016.03.23 22:51:02.850,1.12142,1.12186,1.00,1.69
2016.03.23 22:51:03.914,1.12142,1.12179,1.00,1.19
2016.03.23 22:51:04.420,1.12142,1.12181,1.00,1.19
2016.03.23 22:51:05.280,1.12141,1.12182,1.00,1.19
2016.03.23 22:51:05.331,1.12141,1.12184,1.00,1.25
2016.03.23 22:51:05.584,1.12143,1.12185,1.00,1.19
2016.03.23 22:51:12.859,1.12146,1.12185,1.00,1.19
2016.03.23 22:51:13.946,1.1214,1.12185,1.57,1.19
2016.03.23 22:51:14.047,1.12149,1.12185,1.19,1.00
2016.03.23 22:51:14.148,1.12142,1.12186,1.76,1.19
2016.03.23 22:51:14.300,1.12154,1.12187,1.00,1.19
2016.03.23 22:51:15.014,1.12155,1.12187,1.00,1.19
2016.03.23 22:51:15.267,1.12148,1.12187,1.26,1.19
2016.03.23 22:51:15.368,1.12149,1.12193,1.07,1.69
2016.03.23 22:51:15.617,1.12148,1.12193,1.00,1.19
2016.03.23 22:51:15.923,1.1215,1.12193,1.00,1.69
2016.03.23 22:51:16.929,1.12148,1.1219,1.00,1.19
2016.03.23 22:51:24.210,1.1215,1.12192,1.00,1.76
2016.03.23 22:51:25.219,1.12148,1.12189,1.07,1.19
2016.03.23 22:51:26.033,1.12149,1.12192,1.07,1.76
2016.03.23 22:51:26.832,1.12149,1.12192,1.10,1.29
2016.03.23 22:51:27.386,1.12149,1.12192,1.07,1.76
2016.03.23 22:51:27.889,1.12149,1.12192,1.10,1.29
2016.03.23 22:51:28.401,1.12147,1.12191,1.07,1.19
2016.03.23 22:51:28.553,1.12146,1.12191,1.07,1.69
2016.03.23 22:51:29.143,1.12149,1.12191,1.10,1.19
2016.03.23 22:51:29.692,1.12149,1.12192,1.07,1.29
2016.03.23 22:51:30.315,1.12149,1.12193,1.10,1.76
2016.03.23 22:51:30.896,1.12149,1.12192,1.07,1.76
2016.03.23 22:51:31.397,1.12149,1.12192,1.10,1.29
2016.03.23 22:51:31.898,1.12149,1.12192,1.07,1.76
2016.03.23 22:51:33.114,1.12149,1.12192,1.10,1.29
2016.03.23 22:51:33.641,1.12149,1.12192,1.07,1.29
2016.03.23 22:51:34.216,1.12149,1.12193,1.00,1.26
2016.03.23 22:51:35.758,1.12148,1.12194,1.00,1.69
2016.03.23 22:51:36.283,1.12148,1.1219,1.00,1.19
2016.03.23 22:51:36.667,1.12148,1.12185,1.00,1.19
2016.03.23 22:51:37.194,1.12146,1.12187,1.07,1.19
2016.03.23 22:51:37.347,1.12143,1.12188,1.07,1.19
2016.03.23 22:51:37.941,1.12146,1.1219,1.07,1.26
2016.03.23 22:51:40.063,1.12146,1.12183,1.07,1.19
2016.03.23 22:51:40.114,1.12144,1.12183,1.07,1.19
2016.03.23 22:51:40.215,1.12144,1.1218,1.07,1.00
2016.03.23 22:51:40.266,1.12144,1.12186,1.07,1.01
2016.03.23 22:51:44.249,1.12144,1.12184,1.07,1.19
2016.03.23 22:51:45.137,1.12144,1.12184,1.07,1.69
2016.03.23 22:51:45.289,1.12145,1.1219,1.07,2.14
2016.03.23 22:51:45.894,1.12145,1.1219,1.07,1.29
2016.03.23 22:52:02.763,1.12147,1.12188,1.07,1.19
2016.03.23 22:52:04.113,1.1214,1.12185,1.76,1.25
2016.03.23 22:52:04.620,1.1214,1.12184,1.26,1.00
2016.03.23 22:52:07.894,1.1214,1.12185,1.07,1.25
2016.03.23 22:52:12.778,1.1214,1.12178,1.07,1.00
2016.03.23 22:52:22.804,1.12136,1.12175,1.15,1.00
2016.03.23 22:52:26.847,1.12139,1.12181,2.07,1.00
2016.03.23 22:52:27.730,1.12146,1.12188,1.07,1.00
2016.03.23 22:52:29.290,1.12149,1.12188,1.00,1.00
2016.03.23 22:52:31.095,1.1215,1.12188,1.00,1.00
2016.03.23 22:52:37.722,1.1215,1.12189,1.10,1.00
2016.03.23 22:52:38.537,1.12149,1.12189,1.15,1.00
2016.03.23 22:52:43.345,1.12147,1.12189,1.82,1.00
2016.03.23 22:52:47.762,1.12148,1.1219,1.82,1.00
2016.03.23 22:52:49.689,1.12149,1.1219,1.65,1.00
2016.03.23 22:52:50.008,1.12153,1.1219,1.00,1.00
2016.03.23 22:52:50.889,1.12151,1.1219,1.10,1.00
2016.03.23 22:52:51.016,1.12153,1.1219,1.00,1.00
2016.03.23 22:52:52.015,1.12149,1.1219,1.34,1.00
2016.03.23 22:52:57.781,1.1215,1.12189,1.09,1.00
2016.03.23 22:53:17.809,1.12148,1.12189,1.07,1.00
2016.03.23 22:53:30.606,1.12152,1.12189,1.00,1.00
2016.03.23 22:53:33.157,1.12151,1.12189,1.10,1.00
2016.03.23 22:53:37.772,1.1215,1.1219,1.32,1.00
2016.03.23 22:53:45.737,1.12146,1.1219,1.82,1.19
2016.03.23 22:53:46.060,1.12143,1.12187,1.01,1.19
2016.03.23 22:53:46.591,1.12138,1.12182,1.18,1.00
2016.03.23 22:53:47.463,1.12143,1.12187,1.01,1.19
2016.03.23 22:53:56.466,1.1214,1.12181,1.67,1.00
2016.03.23 22:54:06.513,1.1215,1.12185,1.36,1.19
2016.03.23 22:54:10.170,1.1215,1.12185,1.36,1.00
2016.03.23 22:54:10.322,1.1215,1.12192,1.07,1.25
2016.03.23 22:54:10.423,1.12154,1.12192,1.00,1.25
2016.03.23 22:54:10.985,1.12155,1.12192,1.00,1.25
2016.03.23 22:54:11.982,1.12157,1.12192,1.00,1.00
2016.03.23 22:54:12.185,1.12154,1.12192,1.57,1.00
2016.03.23 22:54:12.286,1.12154,1.122,1.95,1.19
2016.03.23 22:54:12.337,1.12155,1.122,1.36,1.00
2016.03.23 22:54:12.641,1.1216,1.12199,1.00,1.00
2016.03.23 22:54:12.962,1.1216,1.12199,2.25,1.00
2016.03.23 22:54:15.760,1.1216,1.12199,1.07,1.00
2016.03.23 22:54:22.115,1.1216,1.12199,1.07,1.19
2016.03.23 22:54:24.893,1.12157,1.12198,1.07,1.19
2016.03.23 22:54:25.601,1.12163,1.12198,1.00,1.19
2016.03.23 22:54:26.575,1.1216,1.12198,1.07,1.19
2016.03.23 22:54:28.856,1.1216,1.12198,1.07,1.19
2016.03.23 22:54:29.722,1.12159,1.12198,1.07,1.19
2016.03.23 22:54:35.690,1.12151,1.12199,1.72,1.19
2016.03.23 22:54:41.632,1.12151,1.12196,1.83,1.25
2016.03.23 22:54:49.725,1.12159,1.12196,1.07,1.69
2016.03.23 22:55:01.611,1.12159,1.12195,1.07,1.19
2016.03.23 22:55:02.116,1.12159,1.12195,1.07,1.19
2016.03.23 22:55:04.933,1.12157,1.1219,1.07,1.19
2016.03.23 22:55:07.127,1.12155,1.1219,1.07,1.19
2016.03.23 22:55:19.099,1.12155,1.12185,1.57,1.19
2016.03.23 22:55:20.085,1.12155,1.1219,1.07,1.19
2016.03.23 22:55:21.658,1.12155,1.1219,1.07,1.19
2016.03.23 22:55:23.461,1.12155,1.1219,1.07,1.19
2016.03.23 22:55:31.525,1.12158,1.12187,1.07,1.19
2016.03.23 22:55:38.901,1.12158,1.12193,1.07,1.19
2016.03.23 22:56:04.584,1.12159,1.12192,1.07,1.19
2016.03.23 22:56:14.986,1.12158,1.12195,1.07,1.19
2016.03.23 22:56:15.553,1.12155,1.1219,1.07,1.19
2016.03.23 22:56:21.638,1.12156,1.1219,1.07,1.19
2016.03.23 22:56:33.463,1.12156,1.12189,1.07,1.19
2016.03.23 22:56:35.140,1.12158,1.12196,1.07,1.69
2016.03.23 22:56:50.424,1.12157,1.12198,1.17,1.00
2016.03.23 22:56:50.687,1.12167,1.12198,1.00,1.00
2016.03.23 22:56:50.991,1.12167,1.12196,1.00,1.19
2016.03.23 22:56:51.042,1.12162,1.12196,1.10,1.19
2016.03.23 22:56:51.093,1.12162,1.12188,1.07,1.19
2016.03.23 22:56:51.195,1.1216,1.122,1.07,1.94
2016.03.23 22:56:51.296,1.12154,1.122,1.07,2.44
2016.03.23 22:56:51.644,1.12154,1.12193,1.07,1.29
2016.03.23 22:56:53.978,1.12155,1.12193,1.07,1.19
2016.03.23 22:57:07.031,1.12152,1.12191,1.17,1.19
2016.03.23 22:57:09.553,1.12151,1.12191,1.15,1.19
2016.03.23 22:57:17.028,1.12152,1.12188,1.20,1.00
2016.03.23 22:57:18.156,1.12148,1.12188,1.20,1.19
2016.03.23 22:57:19.582,1.12145,1.12187,1.20,1.19
2016.03.23 22:57:30.234,1.1214,1.12187,1.32,1.76
2016.03.23 22:57:32.670,1.12153,1.12187,1.07,1.01
2016.03.23 22:57:43.579,1.12151,1.12188,1.18,1.19
2016.03.23 22:57:47.107,1.12151,1.12187,1.18,1.19
2016.03.23 22:57:48.712,1.12151,1.12189,1.18,1.00
2016.03.23 22:57:49.165,1.12151,1.12189,1.18,1.19
2016.03.23 22:57:50.910,1.12146,1.12188,1.15,2.06
2016.03.23 22:57:51.482,1.1214,1.12187,1.57,1.32
2016.03.23 22:57:52.924,1.12149,1.12187,1.29,1.94
2016.03.23 22:57:53.228,1.12147,1.12185,1.18,1.94
2016.03.23 22:57:57.396,1.1214,1.12184,1.32,1.94
2016.03.23 22:57:57.548,1.1214,1.12184,1.32,1.31
2016.03.23 22:57:59.599,1.12146,1.12185,1.26,1.29
2016.03.23 22:58:06.294,1.12145,1.12184,1.24,2.81
2016.03.23 22:58:07.696,1.12145,1.12185,1.20,2.44
2016.03.23 22:58:08.968,1.12145,1.12184,1.20,1.94
2016.03.23 22:58:09.532,1.12144,1.12183,1.16,1.69
2016.03.23 22:58:09.634,1.12138,1.12181,1.00,1.76
2016.03.23 22:58:09.888,1.12143,1.12181,1.00,1.26
2016.03.23 22:58:10.202,1.12145,1.12181,1.00,1.26
2016.03.23 22:58:10.522,1.12147,1.12183,1.00,2.44
2016.03.23 22:58:10.673,1.12144,1.12183,1.00,1.69
2016.03.23 22:58:11.482,1.12144,1.12183,1.00,2.25
2016.03.23 22:58:11.777,1.12147,1.12183,1.00,2.25
2016.03.23 22:58:11.979,1.12145,1.12183,1.00,1.10
2016.03.23 22:58:12.577,1.12144,1.12183,1.00,1.10
2016.03.23 22:58:12.729,1.12144,1.12183,1.00,1.50
2016.03.23 22:58:13.722,1.12145,1.12183,1.00,1.50
2016.03.23 22:58:14.134,1.12145,1.12183,1.00,1.10
2016.03.23 22:58:14.700,1.12144,1.12183,1.00,1.10
2016.03.23 22:58:22.753,1.12142,1.12183,1.00,1.00
2016.03.23 22:58:22.855,1.12143,1.12181,1.00,1.00
2016.03.23 22:58:23.309,1.12146,1.12182,1.00,1.10
2016.03.23 22:58:24.502,1.12145,1.12182,1.00,1.10
2016.03.23 22:58:25.272,1.12147,1.12182,1.00,1.10
2016.03.23 22:58:26.272,1.12145,1.12182,1.00,1.10
2016.03.23 22:58:26.726,1.12143,1.12181,1.50,1.00
2016.03.23 22:58:30.123,1.12141,1.12181,1.50,1.50
2016.03.23 22:58:30.667,1.12141,1.1218,1.50,1.00
2016.03.23 22:58:30.869,1.12141,1.12182,1.00,1.57
2016.03.23 22:58:36.186,1.12143,1.12182,1.00,1.57
2016.03.23 22:58:36.489,1.1215,1.12188,1.31,1.00
2016.03.23 22:58:36.793,1.12165,1.1221,1.69,1.00
2016.03.23 22:58:36.895,1.1217,1.12209,1.19,1.00
2016.03.23 22:58:37.081,1.1217,1.12214,1.19,1.00
2016.03.23 22:58:37.134,1.12165,1.12214,1.76,1.00
2016.03.23 22:58:37.236,1.12171,1.12214,1.29,1.00
2016.03.23 22:58:37.539,1.12176,1.12213,1.19,1.00
2016.03.23 22:58:38.049,1.12176,1.12212,1.19,1.00
2016.03.23 22:58:38.501,1.12176,1.1221,1.19,1.00
2016.03.23 22:58:41.118,1.12176,1.12212,1.19,1.00
2016.03.23 22:58:44.105,1.12176,1.12213,1.19,1.50
2016.03.23 22:58:44.156,1.12176,1.12202,1.19,1.00
2016.03.23 22:58:44.308,1.12153,1.12196,1.00,1.76
2016.03.23 22:58:44.359,1.12153,1.12192,1.00,1.00
2016.03.23 22:58:44.510,1.1215,1.12193,1.19,1.00
2016.03.23 22:58:44.700,1.12149,1.12195,1.19,1.00
2016.03.23 22:58:44.751,1.12149,1.12195,1.00,1.00
2016.03.23 22:58:45.080,1.12152,1.12198,1.00,1.00
2016.03.23 22:58:45.181,1.12152,1.12203,1.29,1.50
2016.03.23 22:58:45.849,1.12153,1.12203,1.19,1.07
2016.03.23 22:58:46.503,1.12151,1.12203,1.69,1.07
2016.03.23 22:58:47.031,1.12151,1.122,1.69,1.00
2016.03.23 22:58:47.387,1.12151,1.12199,1.19,1.00
2016.03.23 22:58:51.333,1.12153,1.12199,1.25,1.26
2016.03.23 22:58:51.636,1.12149,1.12191,1.19,1.00
2016.03.23 22:58:51.939,1.12151,1.12186,1.19,1.00
2016.03.23 22:58:52.141,1.12151,1.12188,1.19,1.00
2016.03.23 22:58:53.204,1.12148,1.12188,1.19,1.25
2016.03.23 22:58:53.406,1.1215,1.12189,1.19,1.00
2016.03.23 22:58:53.709,1.12151,1.12186,1.19,1.00
2016.03.23 22:58:54.558,1.12151,1.12189,1.19,1.00
2016.03.23 22:58:55.087,1.12155,1.1219,1.19,1.00
2016.03.23 22:58:55.481,1.12151,1.1219,1.19,1.00
2016.03.23 22:58:55.633,1.12136,1.12183,1.12,1.00
2016.03.23 22:58:55.683,1.12136,1.12181,1.12,1.00
2016.03.23 22:58:55.835,1.12123,1.12175,1.69,1.07
2016.03.23 22:58:56.066,1.12126,1.12175,1.00,1.57
2016.03.23 22:58:56.218,1.12126,1.12171,1.00,1.00
2016.03.23 22:58:56.522,1.12123,1.12171,1.19,1.00
2016.03.23 22:58:56.585,1.12123,1.12173,1.19,2.32
2016.03.23 22:58:57.329,1.12123,1.12171,1.19,1.00
2016.03.23 22:58:57.633,1.12136,1.1217,1.19,1.00
2016.03.23 22:58:57.810,1.12128,1.12174,1.69,1.00
2016.03.23 22:58:58.265,1.12127,1.12174,1.19,1.00
2016.03.23 22:58:58.467,1.12126,1.12174,1.19,1.00
2016.03.23 22:58:58.569,1.12128,1.12174,1.00,1.00
2016.03.23 22:58:58.619,1.12125,1.12171,1.19,1.00
2016.03.23 22:58:59.023,1.12124,1.12171,1.00,1.50
2016.03.23 22:58:59.074,1.12122,1.12171,1.00,1.50
2016.03.23 22:58:59.125,1.12122,1.12167,1.00,1.10
2016.03.23 22:58:59.428,1.12121,1.12165,1.25,1.00
2016.03.23 22:59:00.125,1.12118,1.12165,1.19,1.00
2016.03.23 22:59:00.227,1.12118,1.12161,1.19,1.00
2016.03.23 22:59:00.529,1.1212,1.12165,1.25,1.10
2016.03.23 22:59:00.580,1.1212,1.12165,1.19,1.10
2016.03.23 22:59:03.864,1.12119,1.12164,1.19,1.00
2016.03.23 22:59:05.632,1.12118,1.12165,1.19,1.00
2016.03.23 22:59:06.161,1.12119,1.12164,1.19,1.00
2016.03.23 22:59:06.705,1.1212,1.12165,1.19,1.50
2016.03.23 22:59:07.367,1.1214,1.12165,1.19,1.50
2016.03.23 22:59:07.518,1.12128,1.12165,1.29,1.00
2016.03.23 22:59:07.929,1.12131,1.12165,1.19,1.00
2016.03.23 22:59:07.989,1.12126,1.12164,1.19,1.00
2016.03.23 22:59:08.651,1.12124,1.12165,1.76,1.00
2016.03.23 22:59:09.514,1.12124,1.12164,1.26,1.00
2016.03.23 22:59:12.970,1.12126,1.12164,1.19,1.00
2016.03.23 22:59:15.262,1.12126,1.12163,1.19,1.00
2016.03.23 22:59:15.926,1.12126,1.12164,1.19,1.00
2016.03.23 22:59:16.479,1.12126,1.12163,1.69,1.00
2016.03.23 22:59:23.653,1.12126,1.12161,1.19,1.00
2016.03.23 22:59:25.257,1.12126,1.12162,1.19,1.00
2016.03.23 22:59:25.566,1.12133,1.12161,1.19,1.00
2016.03.23 22:59:26.625,1.12127,1.12161,1.19,1.00
2016.03.23 22:59:27.129,1.12127,1.12162,1.19,1.00
2016.03.23 22:59:30.838,1.12123,1.12162,1.19,1.00
2016.03.23 22:59:39.109,1.12123,1.12163,1.19,1.00
2016.03.23 22:59:43.704,1.12124,1.12162,1.19,1.00
2016.03.23 22:59:44.379,1.12124,1.12161,1.19,1.00
2016.03.23 22:59:47.111,1.12124,1.12162,1.19,1.00
2016.03.23 22:59:47.316,1.12142,1.12161,1.19,1.00
2016.03.23 22:59:47.417,1.12131,1.12162,1.69,1.00
2016.03.23 22:59:47.519,1.12131,1.12167,1.69,1.00
2016.03.23 22:59:48.118,1.12131,1.12168,1.69,1.00
2016.03.23 22:59:48.639,1.12132,1.12167,1.29,1.00
2016.03.23 22:59:49.171,1.12131,1.12168,1.76,1.00
2016.03.23 22:59:49.400,1.12131,1.12174,2.44,1.00
2016.03.23 22:59:49.753,1.12134,1.12173,3.19,1.00
2016.03.23 22:59:50.058,1.12135,1.12173,2.44,1.00
2016.03.23 22:59:51.925,1.12137,1.12174,1.26,1.00
2016.03.23 22:59:52.480,1.12135,1.12173,3.19,1.00
2016.03.23 22:59:56.021,1.12136,1.12175,1.31,1.00
