2017.01.26 21:00:00.187,1.03972,1.03995,0.75,0.75
2017.01.26 21:00:00.373,1.0397,1.03996,0.75,0.75
2017.01.26 21:00:00.440,1.03969,1.03992,0.75,0.75
2017.01.26 21:00:00.642,1.03968,1.03996,0.75,0.37
2017.01.26 21:00:00.894,1.03967,1.03994,0.75,0.37
2017.01.26 21:00:00.945,1.03967,1.03998,0.75,0.37
2017.01.26 21:00:01.240,1.03968,1.04001,1.50,1.87
2017.01.26 21:00:01.393,1.03968,1.03999,0.75,0.75
2017.01.26 21:00:01.444,1.03968,1.04001,1.50,0.75
2017.01.26 21:00:01.595,1.03968,1.03997,1.50,0.75
2017.01.26 21:00:01.970,1.03971,1.03993,0.75,0.75
2017.01.26 21:00:02.302,1.03973,1.03994,0.75,0.75
2017.01.26 21:00:02.555,1.03973,1.03997,0.75,0.75
2017.01.26 21:00:03.089,1.03973,1.03996,0.75,0.75
2017.01.26 21:00:03.621,1.03974,1.03996,0.75,0.75
2017.01.26 21:00:04.663,1.03973,1.03996,0.75,0.75
2017.01.26 21:00:06.350,1.03974,1.03997,1.12,0.75
2017.01.26 21:00:07.779,1.03975,1.03997,0.75,0.75
2017.01.26 21:00:08.194,1.03977,1.03998,0.75,0.75
2017.01.26 21:00:08.295,1.03975,1.03998,0.75,0.75
2017.01.26 21:00:08.397,1.03974,1.03996,0.75,0.75
2017.01.26 21:00:08.611,1.03972,1.03996,0.75,0.75
2017.01.26 21:00:08.791,1.03974,1.03995,0.75,0.75
2017.01.26 21:00:09.997,1.03973,1.03993,0.75,0.75
2017.01.26 21:00:10.512,1.03972,1.03993,0.75,0.75
2017.01.26 21:00:11.210,1.03972,1.03994,0.75,0.75
2017.01.26 21:00:11.466,1.03973,1.03996,0.75,2.25
2017.01.26 21:00:17.726,1.03974,1.03996,0.37,0.75
2017.01.26 21:00:17.979,1.03977,1.03997,0.37,0.75
2017.01.26 21:00:18.515,1.03977,1.03998,0.75,0.75
2017.01.26 21:00:23.049,1.03977,1.04,0.75,0.75
2017.01.26 21:00:23.729,1.03976,1.03999,0.75,0.75
2017.01.26 21:00:24.369,1.03977,1.03999,0.75,0.75
2017.01.26 21:00:25.129,1.03979,1.03999,0.37,0.75
2017.01.26 21:00:25.849,1.03978,1.03999,0.37,0.75
2017.01.26 21:00:26.052,1.03977,1.04001,1.12,0.75
2017.01.26 21:00:26.164,1.03979,1.04001,0.37,0.75
2017.01.26 21:00:26.215,1.03977,1.04001,1.87,0.75
2017.01.26 21:00:26.606,1.03978,1.03999,1.12,0.75
2017.01.26 21:00:28.269,1.03982,1.03999,0.37,0.75
2017.01.26 21:00:28.320,1.0398,1.03999,0.37,0.75
2017.01.26 21:00:30.029,1.03981,1.03999,0.37,0.75
2017.01.26 21:00:32.372,1.0398,1.04,0.37,0.75
2017.01.26 21:00:32.898,1.03981,1.04,0.37,0.75
2017.01.26 21:00:34.232,1.0398,1.04,0.37,0.75
2017.01.26 21:00:38.117,1.0398,1.04001,1.87,0.75
2017.01.26 21:00:38.219,1.0398,1.04004,1.87,0.75
2017.01.26 21:00:38.280,1.03983,1.04004,0.75,0.75
2017.01.26 21:00:38.858,1.03984,1.04004,0.75,0.75
2017.01.26 21:00:39.451,1.03984,1.04005,0.75,0.75
2017.01.26 21:00:41.224,1.0398,1.04004,0.75,0.75
2017.01.26 21:00:41.275,1.03982,1.04004,0.37,0.75
2017.01.26 21:00:42.349,1.03983,1.04004,0.37,0.75
2017.01.26 21:00:42.501,1.03983,1.04006,0.37,0.75
2017.01.26 21:00:42.705,1.03982,1.04004,1.12,0.75
2017.01.26 21:00:43.417,1.03984,1.04005,0.37,0.75
2017.01.26 21:00:44.054,1.03984,1.04004,0.37,0.75
2017.01.26 21:00:44.441,1.03982,1.04005,1.12,1.50
2017.01.26 21:00:44.972,1.03983,1.04005,0.75,0.75
2017.01.26 21:00:45.797,1.03985,1.04006,0.75,0.75
2017.01.26 21:00:45.999,1.03983,1.04006,0.75,0.75
2017.01.26 21:00:47.800,1.03982,1.04005,0.75,0.75
2017.01.26 21:00:48.362,1.03983,1.04005,0.37,0.75
2017.01.26 21:00:49.986,1.03983,1.04004,0.37,0.75
2017.01.26 21:00:58.712,1.03981,1.04004,1.50,0.75
2017.01.26 21:01:00.959,1.03982,1.04004,0.37,0.75
2017.01.26 21:01:04.893,1.03981,1.04004,1.12,0.75
2017.01.26 21:01:06.566,1.03981,1.04005,1.12,0.75
2017.01.26 21:01:06.617,1.03983,1.04004,0.75,0.75
2017.01.26 21:01:08.434,1.03982,1.04005,0.37,0.75
2017.01.26 21:01:08.737,1.03981,1.04002,0.75,0.75
2017.01.26 21:01:11.199,1.03981,1.04004,0.75,0.75
2017.01.26 21:01:12.472,1.03984,1.04006,0.37,0.75
2017.01.26 21:01:12.775,1.03993,1.04014,0.37,0.75
2017.01.26 21:01:12.876,1.03991,1.04015,0.75,0.75
2017.01.26 21:01:13.028,1.03993,1.04016,0.75,0.75
2017.01.26 21:01:15.671,1.03993,1.04015,0.75,0.75
2017.01.26 21:01:16.216,1.03994,1.04015,0.75,0.75
2017.01.26 21:01:24.015,1.03992,1.04015,0.75,0.75
2017.01.26 21:01:24.519,1.03993,1.04016,0.75,0.75
2017.01.26 21:01:33.964,1.03994,1.04016,0.37,0.75
2017.01.26 21:01:34.416,1.03997,1.04019,0.75,0.75
2017.01.26 21:01:35.086,1.03996,1.04019,0.75,0.75
2017.01.26 21:01:37.881,1.03996,1.04017,0.75,0.75
2017.01.26 21:01:39.757,1.03994,1.04017,2.25,0.75
2017.01.26 21:01:47.352,1.03994,1.04021,2.25,1.50
2017.01.26 21:01:47.403,1.03999,1.0402,0.75,0.75
2017.01.26 21:01:47.904,1.03999,1.04021,0.37,0.75
2017.01.26 21:01:48.414,1.03998,1.04019,1.12,0.75
2017.01.26 21:01:48.566,1.03996,1.0402,0.75,0.75
2017.01.26 21:01:48.668,1.03996,1.04018,0.75,0.75
2017.01.26 21:01:49.171,1.03997,1.04019,1.12,0.75
2017.01.26 21:01:49.891,1.03998,1.04019,0.75,0.75
2017.01.26 21:01:52.121,1.03997,1.04019,0.75,0.75
2017.01.26 21:01:52.524,1.03996,1.04017,0.75,0.75
2017.01.26 21:01:53.115,1.03995,1.04016,0.75,0.75
2017.01.26 21:01:54.744,1.03994,1.04018,1.12,0.75
2017.01.26 21:01:54.795,1.03996,1.04017,0.75,0.75
2017.01.26 21:01:55.604,1.03997,1.04018,0.75,0.75
2017.01.26 21:01:56.561,1.03996,1.04018,0.75,0.75
2017.01.26 21:01:57.100,1.03996,1.04017,0.75,0.75
2017.01.26 21:02:01.717,1.03996,1.04019,0.75,0.75
2017.01.26 21:02:04.913,1.03996,1.04016,0.75,0.75
2017.01.26 21:02:05.261,1.03994,1.04015,0.75,0.75
2017.01.26 21:02:06.453,1.03994,1.04017,1.12,0.75
2017.01.26 21:02:06.663,1.03996,1.04018,0.75,0.75
2017.01.26 21:02:07.193,1.03995,1.04018,0.75,0.75
2017.01.26 21:02:07.513,1.03995,1.04016,0.75,0.75
2017.01.26 21:02:12.335,1.03996,1.04017,0.75,0.75
2017.01.26 21:02:12.436,1.03995,1.04019,0.75,0.75
2017.01.26 21:02:12.538,1.03997,1.04018,0.75,0.75
2017.01.26 21:02:13.469,1.03996,1.04018,0.75,0.75
2017.01.26 21:02:14.167,1.03995,1.04018,0.75,0.75
2017.01.26 21:02:17.462,1.03995,1.04019,0.75,0.75
2017.01.26 21:02:17.769,1.03997,1.04019,0.75,0.75
2017.01.26 21:02:21.884,1.03998,1.04019,0.75,0.75
2017.01.26 21:02:22.735,1.03997,1.04018,0.75,0.75
2017.01.26 21:02:22.933,1.03995,1.04019,1.12,0.75
2017.01.26 21:02:22.984,1.03997,1.04019,0.75,0.75
2017.01.26 21:02:23.388,1.03995,1.04019,0.75,0.75
2017.01.26 21:02:29.560,1.03996,1.04019,0.75,0.75
2017.01.26 21:02:30.067,1.03996,1.0402,0.75,0.75
2017.01.26 21:02:34.081,1.03997,1.0402,0.75,0.75
2017.01.26 21:02:34.182,1.03999,1.0402,0.37,0.75
2017.01.26 21:02:34.333,1.03999,1.04022,0.37,0.75
2017.01.26 21:02:34.643,1.03998,1.04019,0.75,0.75
2017.01.26 21:02:36.769,1.03998,1.04021,0.75,0.75
2017.01.26 21:02:51.178,1.04005,1.04025,0.75,0.37
2017.01.26 21:02:51.481,1.04013,1.04033,0.37,0.75
2017.01.26 21:02:51.734,1.04009,1.04032,1.50,0.75
2017.01.26 21:02:52.313,1.0401,1.04032,0.75,0.75
2017.01.26 21:02:52.909,1.04011,1.04032,0.37,0.75
2017.01.26 21:02:53.104,1.04014,1.04032,0.37,0.75
2017.01.26 21:02:53.154,1.04012,1.04032,1.12,0.75
2017.01.26 21:02:53.730,1.04013,1.04032,0.37,0.75
2017.01.26 21:02:54.266,1.04012,1.04032,1.12,0.75
2017.01.26 21:02:54.830,1.04013,1.04032,0.37,0.75
2017.01.26 21:02:55.833,1.04013,1.04034,0.37,0.75
2017.01.26 21:02:56.431,1.04013,1.04033,0.37,0.75
2017.01.26 21:02:57.090,1.04013,1.04032,0.37,0.75
2017.01.26 21:02:58.858,1.04013,1.04033,0.37,0.75
2017.01.26 21:03:03.532,1.04012,1.04033,0.75,0.75
2017.01.26 21:03:03.855,1.04011,1.04031,0.37,0.75
2017.01.26 21:03:03.941,1.04008,1.04031,0.75,0.75
2017.01.26 21:03:04.104,1.04008,1.04029,0.75,0.75
2017.01.26 21:03:05.873,1.04008,1.04031,0.75,0.75
2017.01.26 21:03:06.122,1.0401,1.04031,0.75,0.75
2017.01.26 21:03:07.633,1.04008,1.04031,0.75,0.75
2017.01.26 21:03:12.248,1.04007,1.04031,0.75,0.75
2017.01.26 21:03:12.307,1.04005,1.04027,0.75,0.75
2017.01.26 21:03:12.531,1.04003,1.04027,0.75,1.50
2017.01.26 21:03:12.683,1.04003,1.04025,0.75,0.75
2017.01.26 21:03:13.187,1.04004,1.04025,0.75,0.75
2017.01.26 21:03:13.288,1.04003,1.04027,0.75,0.75
2017.01.26 21:03:13.416,1.04005,1.04026,0.75,0.75
2017.01.26 21:03:14.466,1.04002,1.04026,0.75,0.37
2017.01.26 21:03:14.519,1.04002,1.04023,0.75,0.75
2017.01.26 21:03:14.625,1.04,1.04023,0.75,1.50
2017.01.26 21:03:14.676,1.03999,1.0402,0.75,0.75
2017.01.26 21:03:14.878,1.03999,1.04022,0.75,1.12
2017.01.26 21:03:15.093,1.04001,1.04022,0.75,0.37
2017.01.26 21:03:15.446,1.04001,1.04024,0.75,0.75
2017.01.26 21:03:16.428,1.04,1.04024,0.75,0.75
2017.01.26 21:03:16.479,1.04001,1.04022,0.75,0.75
2017.01.26 21:03:16.782,1.04001,1.04024,0.75,0.75
2017.01.26 21:03:16.968,1.04003,1.04024,0.75,0.75
2017.01.26 21:03:20.334,1.03998,1.04023,0.75,0.75
2017.01.26 21:03:20.536,1.03998,1.04021,0.75,0.75
2017.01.26 21:03:20.883,1.04,1.04023,0.75,0.75
2017.01.26 21:03:29.114,1.03998,1.04023,0.75,0.75
2017.01.26 21:03:29.164,1.03997,1.0402,0.75,0.75
2017.01.26 21:03:29.366,1.03995,1.04019,0.75,0.75
2017.01.26 21:03:30.939,1.03997,1.04019,0.75,0.75
2017.01.26 21:03:42.812,1.03995,1.04019,0.75,0.75
2017.01.26 21:03:43.037,1.03996,1.04017,0.75,0.75
2017.01.26 21:03:46.114,1.03996,1.04018,0.75,0.75
2017.01.26 21:03:46.529,1.03994,1.04015,0.75,0.75
2017.01.26 21:03:46.731,1.03992,1.04014,0.75,0.75
2017.01.26 21:03:47.271,1.03994,1.04015,0.75,0.75
2017.01.26 21:03:48.964,1.03993,1.04014,0.75,0.75
2017.01.26 21:03:49.267,1.03991,1.04014,0.75,0.75
2017.01.26 21:03:49.318,1.0399,1.04012,0.75,0.37
2017.01.26 21:03:49.470,1.0399,1.04014,0.75,0.75
2017.01.26 21:03:49.520,1.03992,1.04013,0.75,0.75
2017.01.26 21:03:50.129,1.03993,1.04014,0.75,0.75
2017.01.26 21:03:51.721,1.03992,1.04014,0.75,0.75
2017.01.26 21:03:57.860,1.03993,1.04016,0.75,1.12
2017.01.26 21:03:58.012,1.03997,1.04017,0.37,0.37
2017.01.26 21:03:58.063,1.03998,1.04021,0.75,0.75
2017.01.26 21:03:58.367,1.03998,1.04019,0.75,0.75
2017.01.26 21:03:59.073,1.03997,1.04018,0.75,0.75
2017.01.26 21:03:59.579,1.03997,1.04019,0.75,0.75
2017.01.26 21:04:04.991,1.03996,1.04019,1.00,1.00
2017.01.26 21:04:05.142,1.03994,1.04018,1.00,1.00
2017.01.26 21:04:05.414,1.03993,1.04016,1.00,1.00
2017.01.26 21:04:07.313,1.03991,1.04016,1.00,1.00
2017.01.26 21:04:08.565,1.03989,1.04014,1.00,1.00
2017.01.26 21:04:09.000,1.03992,1.04014,1.00,1.00
2017.01.26 21:04:10.093,1.03991,1.04014,1.00,1.00
2017.01.26 21:04:10.144,1.0399,1.04016,1.00,1.00
2017.01.26 21:04:10.310,1.03992,1.04015,1.00,1.00
2017.01.26 21:04:11.098,1.03991,1.04015,1.00,1.00
2017.01.26 21:04:11.617,1.0399,1.04015,1.00,1.00
2017.01.26 21:04:11.922,1.03988,1.04014,1.12,1.00
2017.01.26 21:04:12.472,1.03988,1.04013,1.12,1.00
2017.01.26 21:04:15.113,1.0399,1.04013,1.00,1.00
2017.01.26 21:04:21.172,1.03989,1.04012,1.12,1.00
2017.01.26 21:04:27.901,1.03989,1.04014,1.12,1.00
2017.01.26 21:04:28.423,1.03989,1.04014,1.37,1.00
2017.01.26 21:04:35.077,1.03989,1.04014,1.00,1.00
2017.01.26 21:04:40.725,1.03989,1.04014,1.37,1.00
2017.01.26 21:04:49.022,1.03989,1.04014,1.12,1.00
2017.01.26 21:04:51.210,1.0399,1.04014,1.00,1.00
2017.01.26 21:04:52.023,1.0399,1.04015,1.00,1.00
2017.01.26 21:04:55.373,1.03989,1.04014,1.12,1.00
2017.01.26 21:05:04.424,1.03989,1.04012,1.12,1.00
2017.01.26 21:05:10.606,1.03988,1.04014,1.50,1.00
2017.01.26 21:05:12.736,1.03989,1.04012,1.12,1.00
2017.01.26 21:05:13.181,1.03989,1.04012,1.75,1.00
2017.01.26 21:05:29.036,1.03989,1.04012,1.50,1.00
2017.01.26 21:05:29.555,1.03989,1.04012,1.12,1.00
2017.01.26 21:05:34.298,1.03987,1.0401,2.25,1.00
2017.01.26 21:05:45.791,1.03987,1.0401,1.12,1.00
2017.01.26 21:05:46.463,1.03986,1.0401,1.00,1.00
2017.01.26 21:05:50.216,1.03985,1.04012,1.00,1.00
2017.01.26 21:05:50.267,1.03987,1.04011,1.00,1.00
2017.01.26 21:05:50.376,1.03986,1.04013,1.50,1.00
2017.01.26 21:05:53.295,1.03987,1.04013,1.00,1.00
2017.01.26 21:05:53.833,1.03988,1.04013,1.00,1.00
2017.01.26 21:06:14.299,1.03987,1.04014,1.00,1.50
2017.01.26 21:06:14.551,1.03987,1.04011,1.00,1.00
2017.01.26 21:06:18.579,1.03988,1.04013,1.00,1.00
2017.01.26 21:06:18.833,1.0399,1.04012,1.00,1.00
2017.01.26 21:06:19.202,1.03988,1.04012,1.00,1.00
2017.01.26 21:06:19.829,1.03989,1.04012,1.00,1.00
2017.01.26 21:06:23.796,1.03988,1.04011,1.00,1.50
2017.01.26 21:06:23.943,1.03987,1.04009,1.00,1.00
2017.01.26 21:06:23.994,1.03985,1.0401,1.00,1.50
2017.01.26 21:06:28.125,1.03988,1.0401,1.00,1.00
2017.01.26 21:06:28.175,1.03988,1.04012,1.00,1.00
2017.01.26 21:06:28.762,1.03989,1.04012,1.00,1.00
2017.01.26 21:06:42.870,1.03988,1.04012,1.00,1.00
2017.01.26 21:06:43.463,1.03988,1.04011,1.00,1.00
2017.01.26 21:06:45.374,1.03988,1.04011,1.37,1.00
2017.01.26 21:06:50.937,1.03988,1.04012,1.75,1.00
2017.01.26 21:07:00.511,1.03986,1.04011,2.92,1.00
2017.01.26 21:07:00.612,1.03986,1.04011,1.00,1.00
2017.01.26 21:07:03.148,1.03987,1.04011,1.00,1.00
2017.01.26 21:07:03.199,1.03987,1.04011,1.37,1.00
2017.01.26 21:07:03.312,1.03987,1.04013,1.75,1.50
2017.01.26 21:07:12.372,1.03988,1.04011,1.75,1.00
2017.01.26 21:07:13.742,1.03988,1.0401,1.75,1.00
2017.01.26 21:07:14.590,1.03987,1.04012,1.75,1.00
2017.01.26 21:07:15.120,1.03988,1.04013,1.75,1.00
2017.01.26 21:07:16.124,1.03987,1.04012,2.25,1.00
2017.01.26 21:07:16.874,1.03987,1.04011,2.17,1.00
2017.01.26 21:07:22.024,1.03987,1.04011,1.37,1.00
2017.01.26 21:07:22.075,1.03987,1.04011,1.00,1.00
2017.01.26 21:07:23.813,1.03986,1.04011,1.87,1.00
2017.01.26 21:07:24.562,1.03987,1.04012,1.00,1.00
2017.01.26 21:07:29.715,1.03986,1.04011,1.12,1.00
2017.01.26 21:07:29.879,1.03986,1.04009,1.12,1.00
2017.01.26 21:07:32.454,1.03986,1.0401,1.12,1.00
2017.01.26 21:07:33.195,1.03987,1.0401,1.00,1.00
2017.01.26 21:07:38.278,1.03987,1.04012,1.00,1.00
2017.01.26 21:07:38.836,1.03987,1.0401,1.00,1.00
2017.01.26 21:07:40.022,1.03988,1.04011,1.00,1.00
2017.01.26 21:07:41.016,1.03989,1.04012,1.00,1.00
2017.01.26 21:07:41.684,1.03988,1.04012,1.00,1.00
2017.01.26 21:07:42.285,1.03987,1.04012,1.50,1.00
2017.01.26 21:07:47.453,1.03986,1.04011,1.75,1.00
2017.01.26 21:07:48.010,1.03986,1.04009,2.25,1.00
2017.01.26 21:07:51.205,1.03986,1.0401,2.25,1.00
2017.01.26 21:07:51.762,1.03986,1.04011,2.25,1.00
2017.01.26 21:07:53.932,1.03986,1.0401,3.00,1.00
2017.01.26 21:07:54.513,1.03988,1.04011,1.37,1.00
2017.01.26 21:07:55.531,1.03987,1.04012,2.25,1.00
2017.01.26 21:07:55.913,1.03987,1.0401,2.25,1.00
2017.01.26 21:07:57.648,1.03987,1.0401,1.50,1.00
2017.01.26 21:07:59.736,1.03987,1.04012,1.00,1.00
2017.01.26 21:08:02.155,1.03988,1.04012,1.00,1.00
2017.01.26 21:08:02.714,1.03987,1.04012,1.50,1.00
2017.01.26 21:08:03.246,1.03987,1.0401,1.50,1.00
2017.01.26 21:08:12.300,1.03986,1.04009,2.62,1.00
2017.01.26 21:08:13.168,1.03987,1.0401,1.00,1.00
2017.01.26 21:08:13.369,1.03986,1.04012,1.00,1.00
2017.01.26 21:08:13.420,1.03988,1.04011,1.00,1.00
2017.01.26 21:08:15.113,1.03986,1.04011,1.00,1.00
2017.01.26 21:08:16.050,1.03988,1.04011,1.00,1.00
2017.01.26 21:08:24.895,1.03986,1.04012,1.00,1.00
2017.01.26 21:08:24.996,1.03984,1.04011,1.12,1.12
2017.01.26 21:08:25.147,1.03986,1.04011,1.00,1.00
2017.01.26 21:08:25.572,1.03987,1.0401,1.37,1.00
2017.01.26 21:08:27.616,1.03987,1.04011,1.37,1.00
2017.01.26 21:08:28.212,1.03987,1.04012,1.87,1.00
2017.01.26 21:08:28.561,1.0399,1.04014,1.00,1.00
2017.01.26 21:08:28.662,1.03991,1.04016,1.00,1.00
2017.01.26 21:08:28.865,1.03991,1.04014,1.00,1.00
2017.01.26 21:08:29.891,1.03989,1.04014,1.00,1.00
2017.01.26 21:08:30.074,1.03989,1.04012,1.00,1.00
2017.01.26 21:08:30.578,1.0399,1.04013,1.00,1.00
2017.01.26 21:08:30.737,1.0399,1.04015,1.00,1.00
2017.01.26 21:08:46.009,1.03987,1.04013,1.87,1.00
2017.01.26 21:08:46.212,1.03985,1.04011,2.17,1.00
2017.01.26 21:08:46.762,1.03986,1.04009,1.50,1.00
2017.01.26 21:08:47.019,1.03984,1.04008,1.00,1.00
2017.01.26 21:08:47.532,1.03983,1.04008,1.00,1.00
2017.01.26 21:08:47.633,1.03986,1.04008,1.00,1.00
2017.01.26 21:08:47.734,1.03985,1.0401,1.00,1.00
2017.01.26 21:08:48.448,1.03986,1.0401,1.00,1.00
2017.01.26 21:08:49.287,1.03985,1.0401,1.12,1.00
2017.01.26 21:08:49.790,1.03986,1.04009,1.12,1.00
2017.01.26 21:08:50.970,1.03986,1.0401,1.12,1.00
2017.01.26 21:08:51.122,1.03987,1.04012,1.87,1.00
2017.01.26 21:08:51.651,1.03988,1.04013,1.87,1.00
2017.01.26 21:08:56.671,1.03988,1.04013,2.62,1.00
2017.01.26 21:08:57.555,1.03988,1.04012,1.12,1.00
2017.01.26 21:08:58.980,1.03988,1.04013,1.87,1.00
2017.01.26 21:09:03.914,1.03988,1.04014,1.12,1.50
2017.01.26 21:09:04.249,1.03989,1.04012,1.00,1.00
2017.01.26 21:09:04.813,1.0399,1.04013,1.00,1.00
2017.01.26 21:09:05.653,1.0399,1.04013,1.37,1.00
2017.01.26 21:09:05.962,1.03991,1.04019,2.62,1.00
2017.01.26 21:09:06.013,1.03991,1.04019,2.62,1.50
2017.01.26 21:09:06.164,1.03991,1.04014,1.37,1.00
2017.01.26 21:09:06.501,1.03991,1.04014,1.37,1.00
2017.01.26 21:09:06.959,1.03989,1.04014,1.37,1.00
2017.01.26 21:09:07.815,1.03989,1.04014,1.00,1.00
2017.01.26 21:09:08.360,1.03989,1.04013,1.00,1.00
2017.01.26 21:09:10.256,1.03989,1.04012,1.00,1.00
2017.01.26 21:09:10.757,1.0399,1.04014,1.00,1.00
2017.01.26 21:09:11.285,1.03991,1.04014,1.00,1.00
2017.01.26 21:09:13.359,1.03992,1.04015,1.00,1.12
2017.01.26 21:09:14.049,1.0399,1.04015,1.12,1.12
2017.01.26 21:09:15.046,1.03989,1.04014,1.00,1.00
2017.01.26 21:09:15.731,1.03989,1.04014,1.37,1.00
2017.01.26 21:09:16.391,1.03989,1.04014,1.37,1.00
2017.01.26 21:09:18.561,1.03989,1.04014,1.00,1.00
2017.01.26 21:09:32.035,1.0399,1.04015,1.00,1.00
2017.01.26 21:09:32.398,1.0399,1.04013,1.00,1.00
2017.01.26 21:09:33.226,1.0399,1.04012,1.00,1.00
2017.01.26 21:09:34.136,1.03988,1.04013,1.00,1.00
2017.01.26 21:09:34.709,1.03989,1.04012,1.00,1.00
2017.01.26 21:09:34.816,1.03987,1.04013,1.00,1.00
2017.01.26 21:09:34.974,1.03989,1.04012,1.00,1.00
2017.01.26 21:09:36.397,1.0399,1.04013,1.00,1.00
2017.01.26 21:09:45.202,1.03989,1.04012,1.00,1.00
2017.01.26 21:09:45.656,1.03987,1.0401,1.00,1.00
2017.01.26 21:09:48.022,1.03988,1.04012,1.00,1.00
2017.01.26 21:09:48.134,1.03989,1.04015,1.00,1.50
2017.01.26 21:09:48.185,1.03993,1.04015,1.00,1.00
2017.01.26 21:09:49.103,1.03995,1.04015,1.00,1.00
2017.01.26 21:09:49.448,1.03995,1.04015,1.50,1.00
2017.01.26 21:09:49.605,1.03998,1.04019,1.00,1.00
2017.01.26 21:09:49.912,1.03998,1.04021,1.00,1.00
2017.01.26 21:09:50.014,1.03998,1.04024,1.00,1.50
2017.01.26 21:09:50.217,1.03996,1.04019,1.37,1.00
2017.01.26 21:09:53.529,1.03996,1.04021,1.37,1.00
2017.01.26 21:09:54.122,1.04003,1.04023,1.37,1.00
2017.01.26 21:09:54.240,1.04007,1.04029,1.37,1.00
2017.01.26 21:09:54.493,1.04005,1.04031,1.00,1.00
2017.01.26 21:09:54.544,1.04006,1.04029,1.00,1.00
2017.01.26 21:09:54.745,1.04004,1.04028,2.62,1.00
2017.01.26 21:09:55.292,1.04003,1.04027,2.25,1.00
2017.01.26 21:09:55.795,1.04003,1.04028,2.25,1.00
2017.01.26 21:09:56.564,1.04004,1.04027,1.50,1.00
2017.01.26 21:09:57.341,1.04004,1.04027,1.50,1.00
2017.01.26 21:09:58.925,1.04004,1.04027,2.25,1.00
2017.01.26 21:09:59.026,1.04006,1.0403,1.37,1.00
2017.01.26 21:09:59.536,1.04005,1.0403,1.87,1.00
2017.01.26 21:10:00.650,1.04005,1.04029,1.00,1.50
2017.01.26 21:10:00.701,1.04003,1.04028,1.00,1.12
2017.01.26 21:10:00.867,1.03999,1.04027,1.00,1.00
2017.01.26 21:10:00.918,1.03998,1.04022,1.50,1.00
2017.01.26 21:10:01.437,1.03998,1.04023,1.50,1.00
2017.01.26 21:10:04.224,1.03999,1.04023,1.12,1.00
2017.01.26 21:10:04.528,1.04004,1.04027,1.12,1.00
2017.01.26 21:10:08.722,1.04003,1.04026,1.37,1.00
2017.01.26 21:10:09.107,1.04004,1.04025,1.50,1.00
2017.01.26 21:10:09.774,1.04003,1.04025,1.12,1.00
2017.01.26 21:10:15.564,1.04004,1.04025,1.00,1.00
2017.01.26 21:10:16.521,1.04004,1.04027,1.00,1.00
2017.01.26 21:10:18.100,1.04003,1.04028,1.37,1.00
2017.01.26 21:10:18.150,1.04003,1.04026,1.87,1.00
2017.01.26 21:10:19.386,1.04003,1.04027,1.37,1.00
2017.01.26 21:10:19.761,1.04006,1.04029,1.37,1.00
2017.01.26 21:10:20.926,1.04004,1.04028,1.37,1.00
2017.01.26 21:10:21.545,1.04005,1.04028,1.37,1.00
2017.01.26 21:10:22.127,1.04004,1.04029,1.87,1.00
2017.01.26 21:10:22.178,1.04004,1.04027,1.87,1.00
2017.01.26 21:10:23.229,1.04004,1.04027,1.37,1.00
2017.01.26 21:10:23.280,1.04005,1.04029,1.75,1.00
2017.01.26 21:10:23.381,1.04005,1.04031,3.37,1.50
2017.01.26 21:10:23.546,1.04008,1.04031,1.87,1.00
2017.01.26 21:10:24.162,1.04008,1.0403,1.37,1.00
2017.01.26 21:10:24.521,1.04008,1.0403,1.37,1.00
2017.01.26 21:10:25.232,1.04007,1.0403,1.37,1.00
2017.01.26 21:10:25.516,1.04007,1.0403,1.87,1.00
2017.01.26 21:10:25.985,1.04007,1.04032,1.37,1.00
2017.01.26 21:10:26.359,1.04006,1.0403,1.12,1.00
2017.01.26 21:10:26.522,1.04005,1.04027,1.37,1.00
2017.01.26 21:10:26.825,1.04002,1.04028,1.00,1.00
2017.01.26 21:10:28.072,1.04002,1.04026,1.50,1.00
2017.01.26 21:10:28.543,1.04005,1.04026,1.12,1.00
2017.01.26 21:10:29.056,1.04002,1.04025,3.00,1.00
2017.01.26 21:10:29.107,1.04002,1.04027,1.50,1.00
2017.01.26 21:10:29.645,1.04002,1.04026,1.50,1.00
2017.01.26 21:10:31.935,1.04002,1.04026,2.25,1.00
2017.01.26 21:10:32.702,1.04002,1.04026,3.00,1.00
2017.01.26 21:10:33.489,1.04002,1.04026,2.25,1.00
2017.01.26 21:10:34.181,1.04002,1.04025,1.50,1.00
2017.01.26 21:10:34.809,1.04002,1.04027,2.25,1.00
2017.01.26 21:10:35.026,1.04002,1.04025,2.25,1.00
2017.01.26 21:10:35.555,1.04002,1.04026,1.50,1.00
2017.01.26 21:10:37.020,1.04002,1.04026,1.50,1.00
2017.01.26 21:10:37.611,1.04001,1.04024,1.75,1.00
2017.01.26 21:10:39.642,1.04,1.04024,1.87,1.00
2017.01.26 21:10:40.680,1.04,1.04023,2.62,1.00
2017.01.26 21:10:44.674,1.04002,1.04025,1.87,1.00
2017.01.26 21:10:45.200,1.04002,1.04025,2.62,1.00
2017.01.26 21:10:45.284,1.04002,1.04027,1.87,1.00
2017.01.26 21:10:51.086,1.04002,1.04028,3.37,1.00
2017.01.26 21:10:51.237,1.04006,1.04029,1.12,1.00
2017.01.26 21:10:51.545,1.04006,1.04027,1.12,1.00
2017.01.26 21:10:53.010,1.04004,1.04026,1.12,1.00
2017.01.26 21:10:53.061,1.04001,1.04026,1.37,1.00
2017.01.26 21:10:53.702,1.04001,1.04026,1.87,1.00
2017.01.26 21:10:54.411,1.04001,1.04026,1.37,1.00
2017.01.26 21:10:54.653,1.04001,1.04024,1.00,1.00
2017.01.26 21:10:54.805,1.04001,1.04024,1.37,1.00
2017.01.26 21:10:54.908,1.04001,1.04026,1.37,1.00
2017.01.26 21:10:55.161,1.03999,1.04024,1.37,1.00
2017.01.26 21:10:55.533,1.03997,1.04022,1.37,1.00
2017.01.26 21:10:56.897,1.03998,1.04023,1.37,1.00
2017.01.26 21:10:57.201,1.03999,1.04024,1.37,1.00
2017.01.26 21:10:58.951,1.03997,1.04024,1.00,1.00
2017.01.26 21:10:59.465,1.03996,1.04024,1.50,1.00
2017.01.26 21:11:00.383,1.03998,1.04026,1.00,1.00
2017.01.26 21:11:00.686,1.03996,1.04023,2.62,1.00
2017.01.26 21:11:01.235,1.03996,1.04022,1.87,1.00
2017.01.26 21:11:03.607,1.03997,1.04022,1.37,1.00
2017.01.26 21:11:03.910,1.03996,1.04023,3.00,1.00
2017.01.26 21:11:04.518,1.03996,1.04022,2.25,1.00
2017.01.26 21:11:05.133,1.03996,1.04022,2.25,1.00
2017.01.26 21:11:05.713,1.03996,1.04022,3.00,1.00
2017.01.26 21:11:06.466,1.03996,1.04022,3.00,1.00
2017.01.26 21:11:06.842,1.03996,1.04022,3.00,1.00
2017.01.26 21:11:10.837,1.03999,1.04023,1.37,1.00
2017.01.26 21:11:10.938,1.03996,1.04023,1.50,1.00
2017.01.26 21:11:11.141,1.03998,1.04021,1.37,1.00
2017.01.26 21:11:11.343,1.03997,1.04023,1.37,1.00
2017.01.26 21:11:11.444,1.03997,1.04021,1.37,1.00
2017.01.26 21:11:13.568,1.03994,1.04021,1.87,1.00
2017.01.26 21:11:13.619,1.03994,1.04021,1.00,1.00
2017.01.26 21:11:13.670,1.03992,1.04021,4.50,1.00
2017.01.26 21:11:14.111,1.03995,1.04021,1.00,1.00
2017.01.26 21:11:14.540,1.03992,1.04021,1.00,1.00
2017.01.26 21:11:14.692,1.03992,1.04019,1.00,1.00
2017.01.26 21:11:15.000,1.03992,1.04017,1.00,1.00
2017.01.26 21:11:15.522,1.03991,1.04017,1.12,1.00
2017.01.26 21:11:16.573,1.03992,1.04017,1.00,1.00
2017.01.26 21:11:17.970,1.03988,1.04017,3.37,1.00
2017.01.26 21:11:18.802,1.03988,1.04016,2.62,1.00
2017.01.26 21:11:20.014,1.03989,1.04019,1.37,1.00
2017.01.26 21:11:20.281,1.03992,1.0402,1.00,2.25
2017.01.26 21:11:20.986,1.03992,1.04019,1.00,1.00
2017.01.26 21:11:21.137,1.03989,1.04019,1.37,1.00
2017.01.26 21:11:21.320,1.03989,1.04015,1.87,1.00
2017.01.26 21:11:21.522,1.03989,1.04019,1.87,1.00
2017.01.26 21:11:22.067,1.03989,1.04018,1.87,1.00
2017.01.26 21:11:23.847,1.03994,1.04018,1.00,1.00
2017.01.26 21:11:25.864,1.03993,1.04018,1.00,1.00
2017.01.26 21:11:26.167,1.03994,1.04016,1.00,1.00
2017.01.26 21:11:26.614,1.03994,1.04015,1.00,2.85
2017.01.26 21:11:26.817,1.03992,1.04013,1.00,1.00
2017.01.26 21:11:27.189,1.03992,1.04013,1.00,1.37
2017.01.26 21:11:27.341,1.03992,1.04013,1.00,1.00
2017.01.26 21:11:30.987,1.03992,1.04015,1.00,1.12
2017.01.26 21:11:31.038,1.03994,1.04016,1.00,1.00
2017.01.26 21:11:31.089,1.03994,1.04018,1.00,1.00
2017.01.26 21:11:31.594,1.03993,1.04019,3.00,1.00
2017.01.26 21:11:32.268,1.03993,1.04018,2.25,1.00
2017.01.26 21:11:36.417,1.03994,1.04018,1.37,1.00
2017.01.26 21:11:36.519,1.03994,1.04018,1.00,1.00
2017.01.26 21:11:37.351,1.03995,1.04018,1.00,1.00
2017.01.26 21:11:41.564,1.03994,1.04018,1.12,1.00
2017.01.26 21:11:42.295,1.03995,1.04018,1.87,1.00
2017.01.26 21:11:43.165,1.03994,1.04018,1.50,1.00
2017.01.26 21:11:44.313,1.03995,1.04017,1.00,1.00
2017.01.26 21:11:44.818,1.03994,1.04017,1.00,1.00
2017.01.26 21:11:45.546,1.03994,1.04016,1.37,1.00
2017.01.26 21:11:45.676,1.03997,1.04017,1.00,1.00
2017.01.26 21:11:45.727,1.03997,1.04019,1.00,1.50
2017.01.26 21:11:45.829,1.03995,1.04019,1.12,1.00
2017.01.26 21:11:45.930,1.03995,1.04019,1.87,1.00
2017.01.26 21:11:46.032,1.03994,1.04019,1.37,1.50
2017.01.26 21:11:46.192,1.03994,1.04016,2.62,1.00
2017.01.26 21:11:46.718,1.03994,1.04015,1.37,1.00
2017.01.26 21:11:50.186,1.03994,1.04018,1.37,1.00
2017.01.26 21:11:50.275,1.03999,1.04019,1.00,1.00
2017.01.26 21:11:50.599,1.04,1.04021,1.00,1.00
2017.01.26 21:11:50.779,1.04,1.04023,1.00,1.00
2017.01.26 21:11:51.031,1.04,1.04021,1.00,1.00
2017.01.26 21:11:52.271,1.04001,1.04023,1.00,1.00
2017.01.26 21:11:52.817,1.04002,1.04023,1.00,1.00
2017.01.26 21:11:53.587,1.04002,1.04024,1.00,1.00
2017.01.26 21:11:53.638,1.04002,1.04022,1.00,1.00
2017.01.26 21:11:53.790,1.04,1.04022,3.37,1.00
2017.01.26 21:11:53.841,1.04,1.04022,2.62,1.00
2017.01.26 21:11:54.533,1.04002,1.04022,1.00,1.00
2017.01.26 21:11:55.262,1.04002,1.04022,1.37,1.00
2017.01.26 21:11:55.684,1.04,1.04022,1.50,1.00
2017.01.26 21:11:57.334,1.04,1.04021,1.37,1.00
2017.01.26 21:11:58.765,1.04,1.04022,1.37,1.00
2017.01.26 21:12:00.228,1.04,1.04022,1.00,1.00
2017.01.26 21:12:01.017,1.04,1.04022,1.37,1.00
2017.01.26 21:12:01.557,1.04,1.04022,1.87,1.00
2017.01.26 21:12:01.790,1.03993,1.0402,2.25,1.00
2017.01.26 21:12:02.093,1.03993,1.04018,1.37,1.00
2017.01.26 21:12:02.410,1.03991,1.04016,2.25,1.00
2017.01.26 21:12:09.615,1.03991,1.04015,2.17,1.00
2017.01.26 21:12:10.020,1.0399,1.04014,1.87,1.00
2017.01.26 21:12:10.071,1.0399,1.04014,1.50,1.00
2017.01.26 21:12:10.602,1.0399,1.04014,1.50,1.00
2017.01.26 21:12:10.805,1.03988,1.04014,1.12,1.00
2017.01.26 21:12:11.258,1.03988,1.04014,1.37,1.00
2017.01.26 21:12:11.562,1.03992,1.04015,1.00,1.00
2017.01.26 21:12:11.943,1.0399,1.04013,1.50,1.00
2017.01.26 21:12:12.818,1.0399,1.04012,1.50,1.00
2017.01.26 21:12:15.001,1.03989,1.04012,1.87,1.00
2017.01.26 21:12:15.585,1.03989,1.04013,1.87,1.00
2017.01.26 21:12:15.786,1.0399,1.04015,1.50,1.00
2017.01.26 21:12:16.351,1.03992,1.04014,1.00,1.00
2017.01.26 21:12:16.889,1.03992,1.04014,1.37,1.00
2017.01.26 21:12:17.067,1.03992,1.04016,1.37,1.00
2017.01.26 21:12:17.233,1.03991,1.04015,1.37,1.00
2017.01.26 21:12:17.490,1.03991,1.04013,1.37,1.00
2017.01.26 21:12:18.055,1.0399,1.04013,1.50,1.00
2017.01.26 21:12:18.358,1.03991,1.04014,1.37,1.00
2017.01.26 21:12:18.546,1.03989,1.04014,1.75,1.00
2017.01.26 21:12:18.597,1.03991,1.04014,1.37,1.00
2017.01.26 21:12:19.238,1.03991,1.04014,1.37,1.00
2017.01.26 21:12:19.750,1.0399,1.04014,1.50,1.00
2017.01.26 21:12:20.218,1.0399,1.04014,1.50,1.00
2017.01.26 21:12:20.763,1.03989,1.04014,3.00,1.00
2017.01.26 21:12:21.299,1.03989,1.04015,1.87,1.00
2017.01.26 21:12:21.406,1.03989,1.04013,1.12,1.00
2017.01.26 21:12:22.541,1.03989,1.04012,1.12,1.00
2017.01.26 21:12:23.064,1.0399,1.04012,1.00,1.00
2017.01.26 21:12:29.045,1.03987,1.04012,1.37,1.00
2017.01.26 21:12:30.186,1.03986,1.0401,1.50,1.00
2017.01.26 21:12:32.276,1.03984,1.0401,3.37,1.00
2017.01.26 21:12:32.328,1.03984,1.04007,1.50,1.00
2017.01.26 21:12:32.531,1.03986,1.04009,1.12,1.00
2017.01.26 21:12:33.093,1.03987,1.04008,1.87,1.00
2017.01.26 21:12:33.374,1.03987,1.04008,1.37,1.00
2017.01.26 21:12:33.683,1.03983,1.04008,3.37,1.00
2017.01.26 21:12:33.848,1.03984,1.04006,1.37,1.00
2017.01.26 21:12:35.986,1.03985,1.04007,1.12,1.00
2017.01.26 21:12:36.189,1.03985,1.04009,1.50,1.00
2017.01.26 21:12:36.731,1.03984,1.04009,2.62,1.00
2017.01.26 21:12:37.384,1.03985,1.04009,1.00,1.00
2017.01.26 21:12:38.400,1.03984,1.04008,1.87,1.00
2017.01.26 21:12:38.916,1.03984,1.04007,1.87,1.00
2017.01.26 21:12:39.271,1.03986,1.04009,1.00,1.00
2017.01.26 21:12:39.785,1.03986,1.04008,1.12,1.00
2017.01.26 21:12:44.414,1.03986,1.04009,1.12,1.00
2017.01.26 21:12:44.465,1.03986,1.04007,1.12,1.00
2017.01.26 21:12:44.525,1.03986,1.04009,1.12,1.00
2017.01.26 21:12:49.097,1.03986,1.04009,1.50,1.00
2017.01.26 21:12:54.892,1.03987,1.04007,1.00,1.00
2017.01.26 21:12:55.474,1.03987,1.04008,1.00,1.00
2017.01.26 21:12:55.927,1.0399,1.04009,1.00,1.00
2017.01.26 21:12:56.382,1.0399,1.0401,1.37,1.00
2017.01.26 21:12:56.982,1.03991,1.04011,1.37,1.00
2017.01.26 21:12:57.568,1.03987,1.04012,2.62,1.00
2017.01.26 21:12:58.024,1.03987,1.04009,1.87,1.00
2017.01.26 21:12:58.126,1.03987,1.04009,1.12,1.00
2017.01.26 21:12:58.627,1.03987,1.04008,1.12,1.00
2017.01.26 21:12:59.178,1.03987,1.04009,1.12,1.00
2017.01.26 21:12:59.235,1.03987,1.04011,1.12,1.50
2017.01.26 21:12:59.796,1.03987,1.0401,1.12,1.00
2017.01.26 21:13:00.786,1.03986,1.0401,2.25,1.00
2017.01.26 21:13:02.179,1.03986,1.04011,2.25,1.00
2017.01.26 21:13:02.764,1.03987,1.04012,1.50,1.00
2017.01.26 21:13:05.009,1.03986,1.04009,1.87,1.00
2017.01.26 21:13:05.721,1.03986,1.04008,1.50,1.00
2017.01.26 21:13:06.656,1.03988,1.04011,1.00,1.00
2017.01.26 21:13:07.009,1.03986,1.04009,1.50,1.00
2017.01.26 21:13:07.717,1.03986,1.0401,1.50,1.00
2017.01.26 21:13:11.931,1.03986,1.04009,1.50,1.00
2017.01.26 21:13:12.274,1.03991,1.04012,1.00,1.00
2017.01.26 21:13:12.476,1.0399,1.04014,1.50,1.00
2017.01.26 21:13:12.831,1.03992,1.04014,1.00,1.00
2017.01.26 21:13:13.259,1.03996,1.04015,1.00,1.00
2017.01.26 21:13:13.411,1.03996,1.04017,1.00,1.00
2017.01.26 21:13:13.716,1.03997,1.04017,1.37,1.00
2017.01.26 21:13:13.767,1.03997,1.0402,1.37,1.00
2017.01.26 21:13:14.618,1.03996,1.04018,2.25,1.00
2017.01.26 21:13:15.807,1.03995,1.04019,2.25,1.00
2017.01.26 21:13:16.110,1.03993,1.04015,1.37,1.00
2017.01.26 21:13:16.161,1.03992,1.04015,1.12,1.00
2017.01.26 21:13:16.673,1.03992,1.04014,1.00,1.00
2017.01.26 21:13:18.329,1.03991,1.04014,1.00,1.00
2017.01.26 21:13:20.188,1.03991,1.04012,1.00,1.00
2017.01.26 21:13:20.627,1.03988,1.04011,1.50,1.00
2017.01.26 21:13:20.794,1.03992,1.04011,1.00,1.00
2017.01.26 21:13:21.318,1.03991,1.04011,1.00,1.00
2017.01.26 21:13:25.235,1.03989,1.04011,1.00,1.00
2017.01.26 21:13:25.790,1.03988,1.04011,1.50,1.00
2017.01.26 21:13:26.321,1.0399,1.04011,1.00,1.00
2017.01.26 21:13:26.372,1.03987,1.04011,1.37,1.00
2017.01.26 21:13:26.473,1.03986,1.0401,1.00,1.00
2017.01.26 21:13:26.725,1.03984,1.04008,1.12,1.00
2017.01.26 21:13:27.068,1.03985,1.0401,1.00,1.00
2017.01.26 21:13:27.619,1.03984,1.0401,1.12,1.00
2017.01.26 21:13:28.278,1.03985,1.0401,1.00,1.00
2017.01.26 21:13:30.109,1.03985,1.04008,1.00,1.00
2017.01.26 21:13:31.047,1.03985,1.0401,1.00,1.00
2017.01.26 21:13:31.300,1.03984,1.04008,1.12,1.00
2017.01.26 21:13:32.716,1.03983,1.04008,1.12,1.00
2017.01.26 21:13:33.120,1.03981,1.04007,1.00,1.00
2017.01.26 21:13:33.698,1.0398,1.04006,1.50,1.00
2017.01.26 21:13:34.228,1.03981,1.04005,1.00,1.00
2017.01.26 21:13:34.946,1.0398,1.04005,1.00,1.00
2017.01.26 21:13:35.596,1.03981,1.04005,1.00,1.00
2017.01.26 21:13:36.671,1.0398,1.04005,1.00,1.00
2017.01.26 21:13:37.766,1.03981,1.04005,1.00,1.00
2017.01.26 21:13:39.124,1.0398,1.04005,1.00,1.00
2017.01.26 21:13:39.625,1.03981,1.04005,1.00,1.00
2017.01.26 21:13:39.676,1.0398,1.04008,1.50,1.00
2017.01.26 21:13:39.827,1.03983,1.04009,1.00,1.00
2017.01.26 21:13:40.134,1.03981,1.04007,3.37,1.00
2017.01.26 21:13:40.236,1.03981,1.04006,1.75,1.00
2017.01.26 21:13:42.256,1.03984,1.04007,1.00,1.00
2017.01.26 21:13:42.307,1.03985,1.0401,1.00,1.00
2017.01.26 21:13:42.459,1.03987,1.0401,1.00,1.00
2017.01.26 21:13:42.510,1.03987,1.04012,1.37,1.00
2017.01.26 21:13:42.712,1.03987,1.0401,1.50,1.00
2017.01.26 21:13:43.409,1.03986,1.04009,1.75,1.00
2017.01.26 21:13:43.999,1.03986,1.0401,2.25,1.00
2017.01.26 21:13:45.777,1.0399,1.04011,1.00,1.00
2017.01.26 21:13:46.230,1.0399,1.04009,1.00,1.00
2017.01.26 21:13:46.777,1.03988,1.0401,1.12,1.00
2017.01.26 21:13:47.343,1.03988,1.04009,1.12,1.00
2017.01.26 21:13:50.540,1.03989,1.0401,1.00,1.00
2017.01.26 21:13:50.591,1.03989,1.04012,1.00,1.00
2017.01.26 21:13:50.943,1.03986,1.0401,1.75,1.00
2017.01.26 21:13:51.471,1.03984,1.04009,1.75,1.00
2017.01.26 21:13:51.572,1.03983,1.04008,1.00,1.00
2017.01.26 21:13:51.674,1.03985,1.04007,1.00,1.00
2017.01.26 21:13:52.656,1.03983,1.04006,1.00,1.00
2017.01.26 21:13:52.971,1.03985,1.04005,1.00,1.00
2017.01.26 21:13:53.021,1.03985,1.04007,1.00,1.00
2017.01.26 21:13:54.698,1.03984,1.04007,1.00,1.00
2017.01.26 21:13:55.779,1.03982,1.04006,1.75,1.00
2017.01.26 21:13:56.280,1.03983,1.04005,1.50,1.00
2017.01.26 21:13:57.651,1.03982,1.04007,1.75,1.00
2017.01.26 21:13:58.054,1.03983,1.04005,1.50,1.00
2017.01.26 21:13:58.734,1.03983,1.04006,2.25,1.00
2017.01.26 21:14:01.187,1.03983,1.04005,2.25,1.00
2017.01.26 21:14:01.490,1.03981,1.04004,1.50,1.00
2017.01.26 21:14:02.118,1.03981,1.04005,1.00,1.00
2017.01.26 21:14:02.843,1.03981,1.04006,1.50,1.00
2017.01.26 21:14:03.221,1.03981,1.04004,2.25,1.00
2017.01.26 21:14:03.323,1.03982,1.04006,1.00,1.00
2017.01.26 21:14:07.636,1.03981,1.04006,1.00,1.00
2017.01.26 21:14:12.939,1.03981,1.04005,1.50,1.00
2017.01.26 21:14:13.469,1.03981,1.04004,1.00,1.00
2017.01.26 21:14:14.405,1.03981,1.04005,1.00,1.00
2017.01.26 21:14:14.979,1.03982,1.04006,1.50,1.00
2017.01.26 21:14:15.516,1.03983,1.04007,1.12,1.00
2017.01.26 21:14:16.602,1.03982,1.04006,1.50,1.00
2017.01.26 21:14:17.388,1.03981,1.04005,1.75,1.00
2017.01.26 21:14:22.394,1.0398,1.04004,1.75,1.00
2017.01.26 21:14:22.648,1.03979,1.04004,1.00,1.00
2017.01.26 21:14:22.799,1.03979,1.04002,1.00,1.00
2017.01.26 21:14:25.147,1.03979,1.04004,1.00,1.00
2017.01.26 21:14:27.581,1.03979,1.04003,1.00,1.00
2017.01.26 21:14:28.427,1.03978,1.04003,1.87,1.00
2017.01.26 21:14:30.243,1.0398,1.04005,1.00,1.00
2017.01.26 21:14:30.655,1.03979,1.04002,1.00,1.00
2017.01.26 21:14:31.077,1.03977,1.04,2.25,1.00
2017.01.26 21:14:32.314,1.03978,1.03999,1.12,1.00
2017.01.26 21:14:32.908,1.03975,1.04,2.25,1.00
2017.01.26 21:14:36.588,1.03975,1.04,1.87,1.00
2017.01.26 21:14:37.197,1.03976,1.04,1.00,1.00
2017.01.26 21:14:38.823,1.03976,1.03997,1.00,1.00
2017.01.26 21:14:39.506,1.03975,1.03997,1.00,1.00
2017.01.26 21:14:43.225,1.03974,1.03997,1.12,1.00
2017.01.26 21:14:47.150,1.03973,1.03999,3.00,1.00
2017.01.26 21:14:50.015,1.03974,1.03997,1.12,1.00
2017.01.26 21:14:50.933,1.03974,1.03998,1.12,1.00
2017.01.26 21:14:51.460,1.03975,1.03998,1.00,1.00
2017.01.26 21:14:58.218,1.03976,1.03998,1.00,1.00
2017.01.26 21:14:58.421,1.03977,1.04001,1.00,1.00
2017.01.26 21:14:59.017,1.03976,1.04001,1.50,1.00
2017.01.26 21:14:59.120,1.03976,1.03999,1.00,1.00
2017.01.26 21:15:00.129,1.03976,1.04001,1.00,1.00
2017.01.26 21:15:00.705,1.03976,1.04,1.00,1.00
2017.01.26 21:15:01.264,1.03976,1.04001,1.50,1.00
2017.01.26 21:15:01.315,1.03976,1.03999,1.50,1.00
2017.01.26 21:15:02.651,1.03976,1.04001,1.50,1.00
2017.01.26 21:15:05.466,1.03976,1.04002,1.50,1.00
2017.01.26 21:15:06.075,1.03977,1.04002,1.00,1.00
2017.01.26 21:15:08.524,1.03976,1.04002,1.50,1.00
2017.01.26 21:15:14.741,1.03975,1.04002,2.25,1.00
2017.01.26 21:15:16.261,1.03976,1.04002,1.00,1.00
2017.01.26 21:15:18.014,1.03978,1.04002,1.00,1.00
2017.01.26 21:15:22.232,1.03977,1.04002,1.00,1.00
2017.01.26 21:15:22.748,1.03978,1.04002,1.00,1.00
2017.01.26 21:15:24.622,1.03976,1.04002,1.00,1.00
2017.01.26 21:15:25.617,1.03978,1.04002,1.00,1.00
2017.01.26 21:15:37.953,1.03976,1.04002,1.00,1.00
2017.01.26 21:15:38.543,1.03976,1.04001,1.00,1.00
2017.01.26 21:15:40.977,1.03978,1.04001,1.00,1.00
2017.01.26 21:15:47.724,1.03976,1.04001,1.00,1.00
2017.01.26 21:15:50.478,1.03978,1.04001,1.00,1.00
2017.01.26 21:16:09.819,1.03976,1.04001,1.50,1.00
2017.01.26 21:16:16.665,1.03976,1.04001,1.50,1.00
2017.01.26 21:16:17.203,1.03972,1.03999,3.00,1.00
2017.01.26 21:16:17.254,1.03968,1.03997,1.00,1.00
2017.01.26 21:16:17.305,1.03967,1.03993,1.12,1.00
2017.01.26 21:16:17.951,1.03966,1.03992,1.00,1.00
2017.01.26 21:16:18.296,1.03967,1.03994,1.00,1.00
2017.01.26 21:16:18.813,1.03968,1.03994,1.00,1.00
2017.01.26 21:16:19.086,1.03971,1.03997,1.00,1.75
2017.01.26 21:16:19.188,1.03972,1.04,1.00,2.25
2017.01.26 21:16:19.714,1.03972,1.03998,1.50,1.00
2017.01.26 21:16:20.234,1.03972,1.03999,1.50,1.00
2017.01.26 21:16:23.481,1.03971,1.03997,3.00,1.00
2017.01.26 21:16:24.058,1.03974,1.03998,1.00,1.00
2017.01.26 21:16:25.266,1.03971,1.03994,1.75,1.00
2017.01.26 21:16:25.367,1.03962,1.03988,3.00,1.37
2017.01.26 21:16:25.446,1.03962,1.03986,1.87,1.00
2017.01.26 21:16:25.716,1.03963,1.03986,1.00,1.00
2017.01.26 21:16:26.225,1.03962,1.03986,1.00,1.00
2017.01.26 21:16:26.522,1.03959,1.03986,1.87,1.00
2017.01.26 21:16:26.716,1.03962,1.03986,1.00,1.00
2017.01.26 21:16:27.474,1.03963,1.03986,1.00,1.00
2017.01.26 21:16:28.970,1.03961,1.03986,1.00,1.00
2017.01.26 21:16:29.502,1.03961,1.03985,1.00,1.00
2017.01.26 21:16:32.417,1.03959,1.03985,1.12,1.00
2017.01.26 21:16:32.907,1.03959,1.03988,1.12,1.00
2017.01.26 21:16:33.059,1.03962,1.03989,1.00,1.00
2017.01.26 21:16:33.745,1.03963,1.03989,1.00,1.00
2017.01.26 21:16:34.709,1.03962,1.03989,1.00,1.00
2017.01.26 21:16:34.999,1.03959,1.03988,1.12,1.00
2017.01.26 21:16:35.050,1.03958,1.03986,4.12,1.00
2017.01.26 21:16:35.375,1.03957,1.03983,1.12,1.00
2017.01.26 21:16:40.119,1.03954,1.03983,1.87,1.00
2017.01.26 21:16:40.170,1.03954,1.0398,1.87,1.00
2017.01.26 21:16:40.389,1.03959,1.03986,1.00,1.00
2017.01.26 21:16:40.488,1.03961,1.03988,1.00,1.00
2017.01.26 21:16:40.792,1.03965,1.0399,1.00,1.00
2017.01.26 21:16:41.297,1.03964,1.0399,1.00,1.00
2017.01.26 21:16:44.987,1.03962,1.0399,1.50,1.00
2017.01.26 21:16:46.492,1.03962,1.03989,1.50,1.00
2017.01.26 21:16:47.056,1.03962,1.03988,1.50,1.00
2017.01.26 21:16:47.591,1.03962,1.03987,1.50,1.00
2017.01.26 21:16:52.189,1.03962,1.03989,1.50,1.00
2017.01.26 21:16:53.605,1.03962,1.0399,1.50,1.00
2017.01.26 21:16:53.656,1.0398,1.03992,1.00,1.00
2017.01.26 21:16:53.959,1.03993,1.04005,1.00,1.00
2017.01.26 21:16:54.526,1.03994,1.04005,1.00,1.50
2017.01.26 21:16:54.710,1.03991,1.04005,1.00,1.00
2017.01.26 21:16:55.563,1.03993,1.04005,1.00,2.25
2017.01.26 21:16:55.866,1.03998,1.04005,1.00,1.00
2017.01.26 21:16:56.169,1.04005,1.04009,1.00,1.00
2017.01.26 21:16:56.472,1.04008,1.04012,1.00,1.00
2017.01.26 21:16:56.523,1.04008,1.04019,1.00,1.00
2017.01.26 21:16:56.574,1.04006,1.0402,1.00,1.12
2017.01.26 21:16:57.338,1.04008,1.04021,1.00,1.87
2017.01.26 21:16:57.877,1.04007,1.0402,1.00,1.12
2017.01.26 21:16:58.556,1.04006,1.0402,1.00,1.12
2017.01.26 21:16:58.707,1.04003,1.04022,1.00,2.25
2017.01.26 21:16:58.758,1.04007,1.04021,1.00,1.37
2017.01.26 21:16:58.809,1.04005,1.04021,1.00,1.37
2017.01.26 21:16:59.129,1.04007,1.04021,1.00,1.37
2017.01.26 21:16:59.682,1.04006,1.04022,1.00,1.50
2017.01.26 21:17:00.172,1.04001,1.04017,1.00,1.00
2017.01.26 21:17:00.292,1.04002,1.04016,1.00,1.37
2017.01.26 21:17:00.595,1.04008,1.04019,1.00,1.00
2017.01.26 21:17:00.747,1.0401,1.04025,1.00,1.75
2017.01.26 21:17:00.798,1.04014,1.04027,1.00,1.75
2017.01.26 21:17:01.121,1.0402,1.0403,1.00,2.25
2017.01.26 21:17:01.172,1.04024,1.04037,1.00,1.00
2017.01.26 21:17:01.772,1.04023,1.04038,1.00,1.00
2017.01.26 21:17:02.305,1.04025,1.04038,1.00,1.00
2017.01.26 21:17:02.874,1.04024,1.04038,1.00,1.00
2017.01.26 21:17:06.144,1.04026,1.04038,1.00,1.00
2017.01.26 21:17:10.029,1.04023,1.04038,1.00,1.00
2017.01.26 21:17:10.993,1.04024,1.04038,1.00,1.00
2017.01.26 21:17:11.044,1.04024,1.04042,1.00,1.37
2017.01.26 21:17:11.263,1.04026,1.04043,1.00,2.25
2017.01.26 21:17:12.162,1.04028,1.04043,1.00,2.25
2017.01.26 21:17:12.263,1.04026,1.04043,1.00,1.00
2017.01.26 21:17:12.516,1.04024,1.04045,1.00,2.25
2017.01.26 21:17:12.617,1.04021,1.04041,1.00,1.00
2017.01.26 21:17:12.947,1.0402,1.04039,1.00,1.00
2017.01.26 21:17:13.495,1.04019,1.04039,1.00,1.00
2017.01.26 21:17:16.212,1.04019,1.04037,1.00,1.00
2017.01.26 21:17:17.688,1.04019,1.04038,1.00,1.00
2017.01.26 21:17:17.994,1.04023,1.04038,1.00,1.00
2017.01.26 21:17:20.836,1.04022,1.04038,1.00,1.00
2017.01.26 21:17:21.182,1.04024,1.04042,1.00,1.87
2017.01.26 21:17:22.277,1.04027,1.04042,1.00,1.37
2017.01.26 21:17:22.587,1.04029,1.04042,1.00,1.37
2017.01.26 21:17:23.096,1.0403,1.04043,1.00,1.50
2017.01.26 21:17:27.709,1.04027,1.04045,1.00,3.75
2017.01.26 21:17:28.229,1.04028,1.04045,1.00,3.00
2017.01.26 21:17:30.079,1.04026,1.04044,1.00,1.75
2017.01.26 21:17:34.815,1.04028,1.04043,1.00,1.00
2017.01.26 21:17:35.405,1.04029,1.04043,1.00,1.00
2017.01.26 21:17:36.066,1.04029,1.04045,1.00,1.37
2017.01.26 21:17:39.030,1.04027,1.04044,1.00,1.12
2017.01.26 21:17:39.145,1.04021,1.04043,1.00,1.00
2017.01.26 21:17:39.753,1.0402,1.04043,1.00,1.00
2017.01.26 21:17:41.975,1.04017,1.0404,1.00,1.00
2017.01.26 21:17:57.936,1.04015,1.04041,1.00,1.37
2017.01.26 21:17:57.987,1.04013,1.04041,1.00,1.37
2017.01.26 21:18:01.670,1.04013,1.04042,1.00,1.50
2017.01.26 21:18:02.646,1.04014,1.04041,1.00,1.00
2017.01.26 21:18:03.312,1.04015,1.04041,1.00,1.50
2017.01.26 21:18:08.984,1.04016,1.04041,1.00,1.00
2017.01.26 21:18:16.651,1.04016,1.04042,1.00,1.75
2017.01.26 21:18:19.632,1.04015,1.04042,1.00,1.50
2017.01.26 21:18:20.083,1.04017,1.04043,1.00,3.00
2017.01.26 21:18:27.554,1.04018,1.04042,1.00,1.50
2017.01.26 21:18:34.488,1.04017,1.04042,1.00,1.50
2017.01.26 21:18:37.557,1.04025,1.04042,1.00,1.50
2017.01.26 21:18:37.607,1.04026,1.04046,1.00,1.00
2017.01.26 21:18:37.769,1.04021,1.04045,1.00,1.00
2017.01.26 21:18:37.921,1.0402,1.04045,1.00,1.75
2017.01.26 21:18:38.137,1.0402,1.04045,1.00,1.12
2017.01.26 21:18:40.330,1.04021,1.04045,1.00,1.12
2017.01.26 21:18:46.024,1.04022,1.04046,1.00,1.50
2017.01.26 21:18:49.718,1.04021,1.04049,1.00,2.25
2017.01.26 21:18:49.769,1.04023,1.0405,1.00,1.75
2017.01.26 21:18:49.870,1.04023,1.04052,1.00,1.75
2017.01.26 21:18:49.972,1.04025,1.04052,1.00,1.75
2017.01.26 21:18:50.023,1.04026,1.04052,1.00,1.87
2017.01.26 21:18:53.542,1.04027,1.04054,1.00,1.75
2017.01.26 21:18:54.246,1.04029,1.04055,1.00,1.75
2017.01.26 21:18:55.375,1.04028,1.04055,1.00,1.75
2017.01.26 21:18:55.995,1.04029,1.04056,1.00,3.00
2017.01.26 21:18:57.841,1.0403,1.04055,1.00,2.25
2017.01.26 21:18:59.645,1.04031,1.04055,1.00,1.75
2017.01.26 21:19:00.020,1.04029,1.04052,1.00,1.12
2017.01.26 21:19:00.544,1.0403,1.04051,1.00,1.00
2017.01.26 21:19:01.434,1.0403,1.04052,1.00,1.12
2017.01.26 21:19:09.045,1.0403,1.04052,1.00,1.37
2017.01.26 21:19:13.746,1.04029,1.04054,1.00,1.75
2017.01.26 21:19:18.817,1.04031,1.04054,1.00,1.75
2017.01.26 21:19:23.595,1.0403,1.04055,1.00,1.75
2017.01.26 21:19:24.119,1.04031,1.04054,1.00,1.75
2017.01.26 21:19:24.634,1.04032,1.04054,1.00,1.75
2017.01.26 21:19:25.605,1.0403,1.04054,1.00,1.75
2017.01.26 21:19:26.123,1.04029,1.04052,1.00,1.75
2017.01.26 21:19:26.275,1.04029,1.04052,1.00,1.75
2017.01.26 21:19:28.162,1.04027,1.04051,1.00,1.75
2017.01.26 21:19:28.515,1.04025,1.04048,1.00,1.12
2017.01.26 21:19:28.768,1.04025,1.04048,1.00,1.37
2017.01.26 21:19:29.088,1.04027,1.04047,1.00,1.75
2017.01.26 21:19:29.405,1.04029,1.04051,1.00,4.05
2017.01.26 21:19:31.544,1.04028,1.04051,1.00,3.37
2017.01.26 21:19:32.730,1.04029,1.0405,1.00,1.75
2017.01.26 21:19:38.833,1.04028,1.04051,1.00,4.05
2017.01.26 21:19:49.149,1.04028,1.04047,1.00,1.00
2017.01.26 21:19:50.802,1.04027,1.04047,1.00,1.00
2017.01.26 21:19:50.908,1.04029,1.04047,1.00,1.00
2017.01.26 21:19:51.010,1.0403,1.04054,1.00,1.75
2017.01.26 21:19:51.440,1.04032,1.04056,1.00,2.25
2017.01.26 21:19:52.396,1.0403,1.04056,1.00,2.25
2017.01.26 21:20:01.624,1.04029,1.04055,1.00,1.75
2017.01.26 21:20:02.788,1.04031,1.04056,1.00,1.75
2017.01.26 21:20:03.329,1.04032,1.04056,1.00,1.75
2017.01.26 21:20:06.966,1.04032,1.04057,1.00,2.25
2017.01.26 21:20:15.753,1.04031,1.04054,1.00,1.50
2017.01.26 21:20:16.639,1.04031,1.04054,1.00,1.75
2017.01.26 21:20:17.172,1.0403,1.0405,1.00,1.00
2017.01.26 21:20:20.233,1.04027,1.0405,1.00,1.00
2017.01.26 21:20:20.299,1.04023,1.04045,1.00,1.05
2017.01.26 21:20:20.643,1.0402,1.04037,1.00,1.75
2017.01.26 21:20:20.785,1.0402,1.04039,1.00,1.00
2017.01.26 21:20:22.266,1.04021,1.04039,1.00,1.00
2017.01.26 21:20:22.367,1.0402,1.04044,1.00,1.50
2017.01.26 21:20:22.468,1.04022,1.04043,1.00,1.12
2017.01.26 21:20:23.978,1.04021,1.04043,1.00,1.12
2017.01.26 21:20:24.303,1.04021,1.04041,1.00,1.00
2017.01.26 21:20:24.818,1.04022,1.04044,1.00,1.50
2017.01.26 21:20:27.599,1.04021,1.04044,1.00,2.25
2017.01.26 21:20:27.851,1.04023,1.04047,1.00,2.25
2017.01.26 21:20:28.270,1.04019,1.04044,1.00,1.50
2017.01.26 21:20:28.320,1.04019,1.04036,1.00,1.00
2017.01.26 21:20:28.422,1.04017,1.0404,1.00,1.75
2017.01.26 21:20:28.523,1.04018,1.04035,1.00,1.00
2017.01.26 21:20:28.675,1.04019,1.04039,1.00,1.12
2017.01.26 21:20:29.211,1.04018,1.04039,1.00,1.12
2017.01.26 21:20:31.526,1.04018,1.04035,1.00,1.00
2017.01.26 21:20:32.114,1.04019,1.04043,1.00,2.25
2017.01.26 21:20:33.497,1.04021,1.04043,1.00,1.75
2017.01.26 21:20:33.801,1.04019,1.04039,1.00,1.00
2017.01.26 21:20:34.487,1.04019,1.04041,1.00,1.87
2017.01.26 21:20:34.638,1.04021,1.04042,1.00,1.50
2017.01.26 21:20:42.258,1.0402,1.0404,1.00,1.00
2017.01.26 21:20:42.648,1.04022,1.04046,1.00,1.75
2017.01.26 21:20:42.956,1.04024,1.04047,1.00,1.75
2017.01.26 21:20:43.280,1.04021,1.0404,1.00,1.00
2017.01.26 21:20:43.821,1.04023,1.04043,1.00,1.75
2017.01.26 21:20:54.366,1.04024,1.04043,1.00,1.50
2017.01.26 21:20:54.524,1.04023,1.04048,1.00,1.75
2017.01.26 21:20:54.626,1.04025,1.04048,1.00,1.75
2017.01.26 21:21:01.889,1.04023,1.04048,1.00,1.75
2017.01.26 21:21:01.990,1.04023,1.04043,1.00,1.00
2017.01.26 21:21:02.299,1.04021,1.04043,1.00,1.50
2017.01.26 21:21:04.137,1.04023,1.04045,1.00,2.25
2017.01.26 21:21:04.676,1.04024,1.04045,1.00,1.75
2017.01.26 21:21:07.885,1.04025,1.04047,1.00,1.12
2017.01.26 21:21:08.137,1.04025,1.04048,1.00,1.50
2017.01.26 21:21:12.084,1.04025,1.04048,1.00,2.17
2017.01.26 21:21:12.621,1.04025,1.04046,1.00,1.75
2017.01.26 21:21:16.078,1.04023,1.04046,1.00,1.75
2017.01.26 21:21:16.289,1.04023,1.04043,1.00,1.75
2017.01.26 21:21:16.943,1.04023,1.04042,1.00,1.75
2017.01.26 21:21:22.123,1.04025,1.04042,1.00,2.25
2017.01.26 21:21:22.292,1.04022,1.04045,1.00,1.00
2017.01.26 21:21:22.444,1.04021,1.04039,1.00,1.00
2017.01.26 21:21:22.495,1.04022,1.04042,1.00,1.12
2017.01.26 21:21:23.015,1.04022,1.04042,1.00,1.50
2017.01.26 21:21:26.854,1.04023,1.04042,1.00,1.50
2017.01.26 21:21:27.362,1.04022,1.04042,1.00,1.50
2017.01.26 21:21:29.285,1.04024,1.04045,1.00,1.75
2017.01.26 21:21:29.872,1.04023,1.04046,1.00,2.25
2017.01.26 21:21:35.437,1.04024,1.04046,1.00,2.25
2017.01.26 21:21:37.585,1.04024,1.04045,1.00,1.50
2017.01.26 21:21:37.787,1.04027,1.04049,1.00,1.00
2017.01.26 21:21:37.991,1.04031,1.04056,1.00,2.62
2017.01.26 21:21:38.094,1.04031,1.04059,1.00,1.50
2017.01.26 21:21:38.223,1.04034,1.04059,1.00,1.00
2017.01.26 21:21:38.545,1.04037,1.0406,1.00,2.25
2017.01.26 21:21:38.706,1.04035,1.0406,1.00,1.50
2017.01.26 21:21:38.757,1.04035,1.04057,1.00,1.00
2017.01.26 21:21:39.060,1.04033,1.04055,1.00,1.50
2017.01.26 21:21:45.128,1.04033,1.04055,1.00,1.75
2017.01.26 21:21:51.208,1.04032,1.04055,1.50,1.75
2017.01.26 21:21:51.737,1.04031,1.04051,1.00,1.75
2017.01.26 21:21:52.350,1.0403,1.04051,1.00,1.75
2017.01.26 21:22:03.130,1.04026,1.04048,1.00,1.05
2017.01.26 21:22:03.181,1.04025,1.04045,1.00,1.35
2017.01.26 21:22:03.515,1.04024,1.04042,1.00,1.75
2017.01.26 21:22:03.969,1.04024,1.04045,1.00,1.50
2017.01.26 21:22:04.513,1.04024,1.04042,1.00,1.00
2017.01.26 21:22:07.724,1.04024,1.04042,1.00,1.80
2017.01.26 21:22:07.775,1.04021,1.04043,1.00,2.85
2017.01.26 21:22:07.826,1.04019,1.04036,1.00,1.00
2017.01.26 21:22:07.927,1.04017,1.04035,1.00,1.00
2017.01.26 21:22:07.978,1.04018,1.04038,1.00,1.50
2017.01.26 21:22:09.896,1.0402,1.04038,1.00,1.50
2017.01.26 21:22:12.535,1.04022,1.04044,1.00,2.62
2017.01.26 21:22:12.687,1.04021,1.04046,1.00,2.25
2017.01.26 21:22:12.739,1.04023,1.04046,1.00,1.50
2017.01.26 21:22:13.042,1.04022,1.04042,1.00,1.42
2017.01.26 21:22:14.911,1.04021,1.04043,1.00,2.17
2017.01.26 21:22:20.944,1.04022,1.04042,1.00,1.42
2017.01.26 21:22:21.266,1.04024,1.04042,1.00,2.17
2017.01.26 21:22:25.970,1.04022,1.04045,1.00,1.75
2017.01.26 21:22:26.176,1.04026,1.04045,1.00,1.50
2017.01.26 21:22:26.378,1.0403,1.04051,1.00,1.00
2017.01.26 21:22:26.903,1.04031,1.04051,1.00,1.00
2017.01.26 21:22:41.326,1.04029,1.04051,1.00,1.00
2017.01.26 21:22:41.427,1.04028,1.04049,1.00,1.12
2017.01.26 21:22:41.799,1.04028,1.04045,1.00,1.00
2017.01.26 21:22:46.240,1.04028,1.04045,1.00,1.37
2017.01.26 21:22:46.291,1.04027,1.04045,1.00,1.12
2017.01.26 21:22:46.409,1.04024,1.04045,1.00,1.12
2017.01.26 21:22:46.561,1.04024,1.04044,1.00,1.37
2017.01.26 21:22:47.182,1.04023,1.04041,1.00,1.37
2017.01.26 21:22:57.002,1.04023,1.04041,1.00,1.12
2017.01.26 21:22:57.683,1.04023,1.04041,1.00,1.37
2017.01.26 21:23:02.056,1.04024,1.04043,1.00,1.87
2017.01.26 21:23:02.157,1.04022,1.04044,1.50,1.37
2017.01.26 21:23:02.208,1.04022,1.04045,1.50,1.00
2017.01.26 21:23:02.623,1.04024,1.04046,1.00,2.25
2017.01.26 21:23:03.131,1.04025,1.04046,1.00,2.25
2017.01.26 21:23:03.723,1.04024,1.04046,1.00,2.25
2017.01.26 21:23:09.225,1.04025,1.04048,1.00,1.75
2017.01.26 21:23:09.614,1.04027,1.04049,1.00,2.92
2017.01.26 21:23:29.088,1.04027,1.04048,1.00,1.00
2017.01.26 21:23:31.091,1.04028,1.04048,1.00,1.00
2017.01.26 21:23:31.610,1.04029,1.04048,1.00,1.00
2017.01.26 21:23:31.835,1.04027,1.04048,1.00,1.00
2017.01.26 21:23:51.239,1.04029,1.04051,1.00,1.42
2017.01.26 21:23:51.421,1.04028,1.04052,1.00,2.17
2017.01.26 21:23:51.472,1.0403,1.04052,1.00,2.17
2017.01.26 21:23:51.685,1.04027,1.04049,1.00,1.00
2017.01.26 21:23:51.735,1.04027,1.04047,1.00,1.00
2017.01.26 21:23:52.252,1.04027,1.04047,1.00,1.50
2017.01.26 21:23:56.875,1.04029,1.04051,1.00,1.42
2017.01.26 21:23:56.926,1.04029,1.04052,1.00,1.05
2017.01.26 21:23:57.129,1.04028,1.0405,1.00,1.75
2017.01.26 21:23:59.179,1.04029,1.04051,1.00,2.17
2017.01.26 21:23:59.331,1.04029,1.04051,1.00,1.05
2017.01.26 21:23:59.382,1.04031,1.04051,1.00,1.05
2017.01.26 21:24:10.048,1.04029,1.04052,1.00,1.80
2017.01.26 21:24:13.611,1.0403,1.04052,1.00,1.80
2017.01.26 21:24:14.201,1.04031,1.04052,1.00,1.80
2017.01.26 21:24:14.730,1.04032,1.04052,1.00,1.37
2017.01.26 21:24:16.111,1.0403,1.0405,1.00,1.00
2017.01.26 21:24:16.162,1.0403,1.0405,1.00,1.50
2017.01.26 21:24:16.840,1.04029,1.0405,1.00,1.50
2017.01.26 21:24:24.219,1.04025,1.04047,1.00,1.12
2017.01.26 21:24:24.270,1.04023,1.04047,1.00,1.87
2017.01.26 21:24:24.575,1.04023,1.04043,1.00,1.50
2017.01.26 21:24:39.557,1.04021,1.04043,1.50,2.17
2017.01.26 21:24:39.608,1.04019,1.04038,1.00,1.00
2017.01.26 21:24:40.162,1.0402,1.04038,1.00,1.00
2017.01.26 21:24:59.020,1.04021,1.0404,1.00,1.50
2017.01.26 21:24:59.704,1.04019,1.04038,1.00,1.12
2017.01.26 21:25:00.208,1.04018,1.0404,1.00,1.50
2017.01.26 21:25:02.251,1.0402,1.0404,1.00,1.50
2017.01.26 21:25:04.168,1.04021,1.04041,1.00,1.75
2017.01.26 21:25:04.757,1.04022,1.04041,1.00,1.75
2017.01.26 21:25:18.810,1.0402,1.04039,1.00,1.37
2017.01.26 21:25:32.270,1.04018,1.04039,1.50,1.37
2017.01.26 21:25:44.599,1.04018,1.04037,1.50,1.00
2017.01.26 21:25:44.701,1.04018,1.04037,1.00,1.37
2017.01.26 21:25:45.113,1.04016,1.04036,1.00,1.50
2017.01.26 21:25:46.239,1.04015,1.04036,1.00,1.50
2017.01.26 21:25:46.594,1.04014,1.04033,1.00,1.37
2017.01.26 21:25:47.414,1.04015,1.04033,1.00,2.17
2017.01.26 21:25:47.924,1.04016,1.04033,1.00,2.17
2017.01.26 21:25:48.812,1.04016,1.04037,1.00,1.75
2017.01.26 21:25:48.913,1.04017,1.04042,1.00,1.75
2017.01.26 21:25:49.028,1.04021,1.04041,1.00,1.00
2017.01.26 21:25:50.507,1.0402,1.04041,1.00,1.00
2017.01.26 21:25:50.557,1.04019,1.04037,1.00,1.00
2017.01.26 21:25:50.810,1.04014,1.04034,1.00,1.80
2017.01.26 21:25:50.912,1.04014,1.04032,1.00,1.37
2017.01.26 21:25:51.763,1.04015,1.0403,1.00,1.00
2017.01.26 21:25:52.034,1.0402,1.04042,1.00,1.42
2017.01.26 21:25:57.684,1.04017,1.04039,1.00,2.62
2017.01.26 21:25:58.005,1.0401,1.04026,1.00,1.50
2017.01.26 21:25:58.160,1.04006,1.04027,1.00,1.37
2017.01.26 21:25:58.665,1.04007,1.04027,1.00,1.37
2017.01.26 21:26:00.162,1.04007,1.04027,1.00,1.12
2017.01.26 21:26:11.263,1.04007,1.04029,1.00,2.62
2017.01.26 21:26:11.895,1.04009,1.04029,1.00,1.00
2017.01.26 21:26:12.046,1.04009,1.04032,1.00,1.05
2017.01.26 21:26:12.341,1.04011,1.04036,1.00,1.75
2017.01.26 21:26:12.543,1.04012,1.04036,1.00,1.00
2017.01.26 21:26:12.695,1.04012,1.04038,1.00,4.42
2017.01.26 21:26:12.957,1.04014,1.04037,1.00,1.80
2017.01.26 21:26:13.281,1.04013,1.04032,1.00,1.00
2017.01.26 21:26:13.433,1.04011,1.04032,1.00,1.00
2017.01.26 21:26:17.404,1.04012,1.04032,1.00,1.00
2017.01.26 21:26:17.949,1.04013,1.04032,1.00,1.00
2017.01.26 21:26:20.094,1.04013,1.04033,1.00,2.17
2017.01.26 21:26:20.997,1.04012,1.04033,1.00,2.17
2017.01.26 21:26:21.300,1.04007,1.04026,1.00,1.00
2017.01.26 21:26:21.937,1.04008,1.04026,1.00,1.00
2017.01.26 21:26:30.677,1.04007,1.04026,1.00,1.00
2017.01.26 21:26:31.444,1.04006,1.04026,1.00,1.00
2017.01.26 21:26:36.603,1.04006,1.04027,1.00,1.75
2017.01.26 21:26:47.482,1.04008,1.0403,1.00,2.55
2017.01.26 21:26:56.645,1.04008,1.04026,1.00,1.00
2017.01.26 21:26:58.035,1.04009,1.04031,1.00,1.75
2017.01.26 21:26:58.137,1.04008,1.04036,1.00,3.75
2017.01.26 21:26:58.188,1.04008,1.04036,1.00,1.50
2017.01.26 21:26:58.238,1.04011,1.04035,1.00,1.00
2017.01.26 21:26:58.542,1.0401,1.04037,1.00,1.12
2017.01.26 21:26:58.592,1.04012,1.04037,1.00,1.12
2017.01.26 21:26:59.128,1.04011,1.04038,1.00,2.25
2017.01.26 21:27:00.789,1.04012,1.04038,1.00,2.25
2017.01.26 21:27:01.384,1.04013,1.04038,1.00,1.50
2017.01.26 21:27:11.879,1.04013,1.04039,1.00,1.00
2017.01.26 21:27:12.660,1.04013,1.0404,1.00,1.87
2017.01.26 21:27:14.854,1.04013,1.04039,1.00,1.00
2017.01.26 21:27:22.106,1.04013,1.0404,1.00,2.62
2017.01.26 21:27:22.618,1.04013,1.04039,1.00,1.00
2017.01.26 21:27:22.898,1.04013,1.04035,1.00,1.12
2017.01.26 21:27:23.092,1.0401,1.04035,1.00,1.80
2017.01.26 21:27:23.593,1.04009,1.04032,1.00,1.00
2017.01.26 21:27:24.533,1.04009,1.04029,1.00,1.00
2017.01.26 21:27:24.852,1.04007,1.0403,1.00,2.17
2017.01.26 21:27:38.085,1.04007,1.0403,1.00,2.17
2017.01.26 21:27:38.136,1.04007,1.0403,1.00,2.17
2017.01.26 21:27:47.536,1.04008,1.0403,1.00,2.17
2017.01.26 21:27:47.788,1.0401,1.0403,1.00,1.00
2017.01.26 21:27:47.889,1.04008,1.0403,1.00,1.00
2017.01.26 21:27:53.345,1.04008,1.04031,1.00,2.17
2017.01.26 21:27:54.896,1.04007,1.04029,1.00,1.75
2017.01.26 21:28:09.135,1.04007,1.04029,1.00,1.75
2017.01.26 21:28:15.736,1.04006,1.04028,1.00,1.50
2017.01.26 21:28:16.040,1.04001,1.04021,1.00,1.12
2017.01.26 21:28:16.242,1.04003,1.04026,1.00,1.05
2017.01.26 21:28:16.343,1.04005,1.04026,1.00,1.05
2017.01.26 21:28:16.579,1.04005,1.04027,1.00,2.17
2017.01.26 21:28:16.745,1.04007,1.04028,1.00,1.75
2017.01.26 21:28:17.373,1.04006,1.0403,1.00,1.42
2017.01.26 21:28:17.470,1.04005,1.0403,1.50,1.00
2017.01.26 21:28:17.522,1.04009,1.0403,1.00,1.00
2017.01.26 21:28:18.195,1.0401,1.0403,1.00,1.00
2017.01.26 21:28:22.670,1.04009,1.0403,1.00,1.00
2017.01.26 21:28:23.327,1.04009,1.04029,1.00,1.00
2017.01.26 21:28:27.970,1.04008,1.04029,1.00,1.00
2017.01.26 21:28:32.465,1.04007,1.04029,1.00,1.00
2017.01.26 21:28:32.768,1.04006,1.04025,1.00,1.00
2017.01.26 21:28:38.517,1.04006,1.04029,1.00,1.00
2017.01.26 21:28:39.964,1.04006,1.04027,1.00,1.00
2017.01.26 21:28:40.379,1.04004,1.04022,1.00,1.12
2017.01.26 21:28:40.695,1.04004,1.04022,1.00,1.50
2017.01.26 21:28:47.444,1.04004,1.04026,1.00,1.75
2017.01.26 21:28:57.536,1.04003,1.04026,1.00,1.75
2017.01.26 21:28:58.043,1.04004,1.04025,1.00,1.50
2017.01.26 21:29:03.833,1.04003,1.04025,1.00,1.50
2017.01.26 21:29:03.884,1.04003,1.04022,1.00,1.37
2017.01.26 21:29:04.396,1.04003,1.04022,1.00,1.75
2017.01.26 21:29:04.549,1.04002,1.04023,1.00,1.00
2017.01.26 21:29:05.055,1.04001,1.04023,1.00,1.87
2017.01.26 21:29:05.663,1.04002,1.04023,1.00,1.12
2017.01.26 21:29:06.374,1.04001,1.04023,1.00,1.12
2017.01.26 21:29:06.425,1.04001,1.04021,1.00,1.00
2017.01.26 21:29:06.823,1.04001,1.04021,1.00,1.75
2017.01.26 21:29:08.718,1.03999,1.04022,1.00,1.75
2017.01.26 21:29:09.114,1.03996,1.04018,1.00,1.12
2017.01.26 21:29:09.317,1.04,1.04024,1.00,2.17
2017.01.26 21:29:09.468,1.03999,1.04024,1.00,1.42
2017.01.26 21:29:09.519,1.04001,1.04025,1.00,1.42
2017.01.26 21:29:09.620,1.04002,1.04028,1.00,3.37
2017.01.26 21:29:09.671,1.04002,1.04027,1.00,1.00
2017.01.26 21:29:11.915,1.04003,1.04027,1.00,1.50
2017.01.26 21:29:12.117,1.04005,1.04027,1.00,1.00
2017.01.26 21:29:12.643,1.04006,1.04027,1.00,1.00
2017.01.26 21:29:12.915,1.04004,1.04027,1.00,1.00
2017.01.26 21:29:13.016,1.04004,1.04024,1.00,1.00
2017.01.26 21:29:13.333,1.04003,1.04025,1.00,1.75
2017.01.26 21:29:22.066,1.04003,1.04028,1.00,2.25
2017.01.26 21:29:22.168,1.04005,1.04027,1.00,1.50
2017.01.26 21:29:22.703,1.04006,1.04027,1.00,1.50
2017.01.26 21:29:22.956,1.04008,1.04027,1.00,1.00
2017.01.26 21:29:23.108,1.04008,1.04032,1.00,1.37
2017.01.26 21:29:23.751,1.04009,1.04031,1.00,1.12
2017.01.26 21:29:31.646,1.04011,1.04034,1.00,1.42
2017.01.26 21:29:31.999,1.04011,1.04037,1.00,1.75
2017.01.26 21:29:32.050,1.04011,1.04039,1.00,1.75
2017.01.26 21:29:32.101,1.04016,1.04042,1.00,4.12
2017.01.26 21:29:32.202,1.04015,1.04042,1.50,2.25
2017.01.26 21:29:32.253,1.04015,1.04041,1.00,1.37
2017.01.26 21:29:32.304,1.04017,1.04041,1.00,1.37
2017.01.26 21:29:32.860,1.04017,1.04038,1.00,1.00
2017.01.26 21:29:32.961,1.04014,1.04037,1.00,1.37
2017.01.26 21:29:33.012,1.04012,1.04036,1.00,1.00
2017.01.26 21:29:33.215,1.04011,1.04035,1.00,1.75
2017.01.26 21:29:33.750,1.04013,1.04035,1.00,1.75
2017.01.26 21:29:36.916,1.04012,1.04035,1.00,1.75
2017.01.26 21:29:37.219,1.04012,1.04035,1.00,1.50
2017.01.26 21:29:37.477,1.04012,1.04034,1.00,1.50
2017.01.26 21:29:41.610,1.04014,1.04037,1.00,1.75
2017.01.26 21:29:42.120,1.04014,1.04037,1.00,1.37
2017.01.26 21:29:42.889,1.04012,1.04037,1.00,1.37
2017.01.26 21:29:42.991,1.0401,1.04033,1.00,1.00
2017.01.26 21:29:43.300,1.04011,1.04033,1.00,1.75
2017.01.26 21:29:43.853,1.04008,1.04027,1.00,1.05
2017.01.26 21:29:43.904,1.04003,1.04024,1.00,1.67
2017.01.26 21:29:43.955,1.04001,1.04023,1.00,2.17
2017.01.26 21:29:44.259,1.0399,1.04008,1.00,1.12
2017.01.26 21:29:44.411,1.03993,1.04018,1.00,1.75
2017.01.26 21:29:44.462,1.03997,1.0402,1.00,3.37
2017.01.26 21:29:44.513,1.03997,1.04021,1.00,1.42
2017.01.26 21:29:44.614,1.03997,1.04025,1.00,1.75
2017.01.26 21:29:44.665,1.03999,1.04026,1.00,2.17
2017.01.26 21:29:44.817,1.04003,1.04029,1.00,1.00
2017.01.26 21:29:45.059,1.04006,1.04029,1.00,1.00
2017.01.26 21:30:00.178,1.04005,1.04031,1.00,1.37
2017.01.26 21:30:00.628,1.04006,1.04032,1.00,1.00
2017.01.26 21:30:00.679,1.04006,1.04034,1.00,1.87
2017.01.26 21:30:00.780,1.04008,1.04034,1.00,1.87
2017.01.26 21:30:01.272,1.04008,1.04033,1.00,1.37
2017.01.26 21:30:02.859,1.04006,1.04034,1.00,2.62
2017.01.26 21:30:03.600,1.04007,1.04032,1.00,1.37
2017.01.26 21:30:03.980,1.04005,1.04032,1.00,1.37
2017.01.26 21:30:05.782,1.04004,1.04031,1.00,1.00
2017.01.26 21:30:07.668,1.04004,1.04031,1.00,1.87
2017.01.26 21:30:07.971,1.03998,1.04022,1.00,1.37
2017.01.26 21:30:08.512,1.03997,1.04021,1.00,1.37
2017.01.26 21:30:09.042,1.03996,1.04021,1.00,1.37
2017.01.26 21:30:09.662,1.03996,1.04021,1.00,1.12
2017.01.26 21:30:10.294,1.03996,1.04021,1.00,1.37
2017.01.26 21:30:10.382,1.03998,1.04027,1.00,1.00
2017.01.26 21:30:10.903,1.03999,1.04028,1.00,1.00
2017.01.26 21:30:10.953,1.04001,1.04028,1.00,1.50
2017.01.26 21:30:11.653,1.04002,1.04028,1.00,1.00
2017.01.26 21:30:11.754,1.04,1.04028,1.00,1.00
2017.01.26 21:30:14.512,1.04001,1.04027,1.00,1.00
2017.01.26 21:30:15.726,1.03999,1.04028,1.00,1.50
2017.01.26 21:30:15.776,1.03996,1.04024,1.00,1.37
2017.01.26 21:30:15.929,1.03993,1.0402,1.00,1.00
2017.01.26 21:30:15.980,1.03993,1.04025,1.00,1.00
2017.01.26 21:30:16.145,1.03997,1.04027,1.00,1.00
2017.01.26 21:30:16.487,1.03999,1.04026,1.00,1.00
2017.01.26 21:30:16.740,1.04,1.04028,1.00,1.00
2017.01.26 21:30:16.852,1.03998,1.04022,1.00,1.37
2017.01.26 21:30:16.903,1.03994,1.04021,1.00,1.37
2017.01.26 21:30:17.006,1.03992,1.04019,1.00,1.12
2017.01.26 21:30:17.305,1.03994,1.0402,1.00,1.12
2017.01.26 21:30:17.407,1.03996,1.04023,1.00,1.87
2017.01.26 21:30:17.710,1.03996,1.04021,1.00,1.12
2017.01.26 21:30:18.086,1.03994,1.04017,1.00,1.12
2017.01.26 21:30:18.645,1.03993,1.04017,1.00,1.37
2017.01.26 21:30:18.975,1.03991,1.04016,1.00,1.12
2017.01.26 21:30:19.184,1.03988,1.04017,1.00,1.87
2017.01.26 21:30:19.964,1.03988,1.04017,1.00,1.87
2017.01.26 21:30:20.118,1.03986,1.04012,1.00,1.37
2017.01.26 21:30:20.346,1.03984,1.04011,1.50,1.87
2017.01.26 21:30:20.598,1.03987,1.0401,1.00,1.37
2017.01.26 21:30:21.173,1.03987,1.0401,1.00,1.12
2017.01.26 21:30:21.707,1.03987,1.04012,1.50,1.37
2017.01.26 21:30:22.218,1.03987,1.04012,1.50,1.12
2017.01.26 21:30:22.832,1.03987,1.04012,1.50,1.37
2017.01.26 21:30:23.235,1.03987,1.04014,1.00,1.00
2017.01.26 21:30:32.920,1.03986,1.04013,1.00,1.00
2017.01.26 21:30:40.661,1.03985,1.04013,1.00,1.00
2017.01.26 21:30:40.865,1.03989,1.04013,1.00,1.00
2017.01.26 21:30:44.362,1.03989,1.04014,1.00,1.00
2017.01.26 21:30:44.686,1.03995,1.04018,1.00,1.00
2017.01.26 21:30:45.263,1.03996,1.0402,1.00,1.00
2017.01.26 21:30:54.343,1.03995,1.0402,1.12,1.00
2017.01.26 21:30:54.866,1.03996,1.0402,1.00,1.00
2017.01.26 21:31:07.741,1.03994,1.0402,1.12,1.00
2017.01.26 21:31:10.598,1.03995,1.04021,1.00,1.00
2017.01.26 21:31:10.651,1.03997,1.04023,1.37,1.00
2017.01.26 21:31:10.854,1.04001,1.04028,1.12,1.00
2017.01.26 21:31:10.956,1.04003,1.04028,1.00,1.00
2017.01.26 21:31:11.461,1.04003,1.04029,1.50,1.00
2017.01.26 21:31:14.108,1.04002,1.04029,1.00,1.00
2017.01.26 21:31:14.210,1.04001,1.04031,1.00,1.00
2017.01.26 21:31:14.261,1.04005,1.04031,1.37,1.00
2017.01.26 21:31:14.863,1.04005,1.04031,1.12,1.00
2017.01.26 21:31:17.991,1.04004,1.04032,2.25,1.00
2017.01.26 21:31:18.404,1.04003,1.04033,1.00,1.00
2017.01.26 21:31:18.534,1.03999,1.0403,1.00,1.00
2017.01.26 21:31:18.635,1.04,1.04028,1.00,1.00
2017.01.26 21:31:19.136,1.04001,1.04029,1.00,1.00
2017.01.26 21:31:24.146,1.04002,1.04028,1.00,1.00
2017.01.26 21:31:24.872,1.04001,1.04027,1.00,1.00
2017.01.26 21:31:36.014,1.04001,1.04028,1.00,1.00
2017.01.26 21:31:36.115,1.04001,1.0403,1.00,1.00
2017.01.26 21:31:36.433,1.04002,1.04028,1.00,1.00
2017.01.26 21:31:45.843,1.03999,1.04027,1.00,1.00
2017.01.26 21:31:45.894,1.03995,1.04027,1.00,1.00
2017.01.26 21:31:46.046,1.03994,1.04025,1.00,1.00
2017.01.26 21:31:46.970,1.03994,1.04024,1.00,1.00
2017.01.26 21:31:47.734,1.03993,1.04023,1.00,1.00
2017.01.26 21:31:47.936,1.03991,1.04022,1.00,1.00
2017.01.26 21:31:48.088,1.03991,1.0402,1.00,1.00
2017.01.26 21:31:48.391,1.03989,1.04016,1.00,1.00
2017.01.26 21:31:48.935,1.03988,1.04016,1.00,1.00
2017.01.26 21:31:49.483,1.03989,1.04017,1.00,1.00
2017.01.26 21:31:50.029,1.03989,1.04016,1.00,1.00
2017.01.26 21:31:58.452,1.0399,1.04017,1.00,1.00
2017.01.26 21:31:58.503,1.0399,1.04019,1.00,1.00
2017.01.26 21:31:58.604,1.03989,1.04021,1.00,1.00
2017.01.26 21:31:58.655,1.03991,1.0402,1.00,1.00
2017.01.26 21:32:13.217,1.03988,1.04019,1.00,1.12
2017.01.26 21:32:13.319,1.03989,1.04015,1.00,1.00
2017.01.26 21:32:13.521,1.03986,1.04015,1.00,1.00
2017.01.26 21:32:14.092,1.03985,1.04014,1.00,1.00
2017.01.26 21:32:17.728,1.03985,1.04015,1.00,1.00
2017.01.26 21:32:18.255,1.03989,1.04016,1.00,1.00
2017.01.26 21:32:18.306,1.03989,1.04018,1.50,1.00
2017.01.26 21:32:18.408,1.0399,1.04019,1.50,1.00
2017.01.26 21:32:18.919,1.03993,1.04019,1.00,1.00
2017.01.26 21:32:22.715,1.03996,1.04021,1.00,1.00
2017.01.26 21:32:23.223,1.03996,1.04022,1.00,1.00
2017.01.26 21:32:25.133,1.03991,1.04021,1.00,1.00
2017.01.26 21:32:25.572,1.0399,1.04018,1.00,1.00
2017.01.26 21:32:26.854,1.03991,1.0402,1.00,1.00
2017.01.26 21:32:27.385,1.0399,1.0402,1.00,1.00
2017.01.26 21:32:33.174,1.03991,1.04017,1.00,1.00
2017.01.26 21:32:42.103,1.03991,1.04018,1.00,1.00
2017.01.26 21:32:42.255,1.03992,1.0402,1.00,1.00
2017.01.26 21:32:42.356,1.0399,1.04022,1.00,1.12
2017.01.26 21:32:42.441,1.03989,1.04018,1.00,1.00
2017.01.26 21:32:42.491,1.03987,1.04019,1.00,1.37
2017.01.26 21:32:42.542,1.03987,1.04014,1.00,1.00
2017.01.26 21:32:42.593,1.03983,1.04014,1.50,1.87
2017.01.26 21:32:42.694,1.03985,1.04015,1.00,1.37
2017.01.26 21:32:42.745,1.03982,1.04016,1.00,1.00
2017.01.26 21:32:42.796,1.03986,1.04016,1.00,1.00
2017.01.26 21:32:43.342,1.03987,1.04016,1.00,1.00
2017.01.26 21:32:44.077,1.03985,1.04017,1.00,1.12
2017.01.26 21:32:44.604,1.03986,1.04017,1.00,1.00
2017.01.26 21:32:48.132,1.03986,1.04018,1.00,1.00
2017.01.26 21:32:55.419,1.03987,1.04016,1.00,1.00
2017.01.26 21:32:55.520,1.03985,1.04017,1.00,1.12
2017.01.26 21:32:55.658,1.03986,1.04015,1.00,1.00
2017.01.26 21:32:58.616,1.03987,1.04017,1.00,1.00
2017.01.26 21:32:58.667,1.03991,1.04017,1.12,1.00
2017.01.26 21:32:58.718,1.0399,1.04019,1.37,1.00
2017.01.26 21:32:58.819,1.03993,1.0402,1.12,1.00
2017.01.26 21:32:59.021,1.03991,1.04021,1.00,1.00
2017.01.26 21:32:59.123,1.03993,1.0402,1.00,1.00
2017.01.26 21:33:03.163,1.03991,1.04021,1.50,1.00
2017.01.26 21:33:03.911,1.03991,1.0402,1.50,1.00
2017.01.26 21:33:05.940,1.03991,1.04021,1.00,1.00
2017.01.26 21:33:06.550,1.0399,1.04021,1.50,1.00
2017.01.26 21:33:09.138,1.03992,1.04021,1.00,1.00
2017.01.26 21:33:13.417,1.03992,1.0402,1.50,1.00
2017.01.26 21:33:14.031,1.03993,1.04021,1.00,1.00
2017.01.26 21:33:16.255,1.03993,1.0402,1.00,1.00
2017.01.26 21:33:16.863,1.03992,1.04021,1.00,1.00
2017.01.26 21:33:24.758,1.03991,1.04021,1.00,1.00
2017.01.26 21:33:24.909,1.03987,1.0402,1.00,1.87
2017.01.26 21:33:25.012,1.03987,1.04015,1.00,1.00
2017.01.26 21:33:25.922,1.03988,1.04014,1.00,1.00
2017.01.26 21:33:33.263,1.03986,1.04017,1.00,1.12
2017.01.26 21:33:33.888,1.03986,1.04017,1.00,1.50
2017.01.26 21:33:34.548,1.03986,1.04017,1.00,1.12
2017.01.26 21:33:35.059,1.03986,1.04017,1.00,1.50
2017.01.26 21:33:35.817,1.03986,1.04017,1.00,1.12
2017.01.26 21:33:36.512,1.03986,1.04017,1.00,1.50
2017.01.26 21:33:36.657,1.03982,1.04013,1.50,1.00
2017.01.26 21:33:36.759,1.03982,1.04015,1.00,1.00
2017.01.26 21:33:37.288,1.03981,1.04015,1.50,1.00
2017.01.26 21:33:48.318,1.03985,1.04016,1.00,1.12
2017.01.26 21:33:48.943,1.03985,1.04015,1.00,1.00
2017.01.26 21:33:49.440,1.03984,1.04013,1.00,1.00
2017.01.26 21:34:04.478,1.03985,1.04011,1.00,1.00
2017.01.26 21:34:49.408,1.03981,1.04012,1.00,1.00
2017.01.26 21:34:49.618,1.03984,1.04012,1.00,1.00
2017.01.26 21:34:49.862,1.03986,1.04015,1.12,1.00
2017.01.26 21:34:49.913,1.03988,1.04015,1.12,1.00
2017.01.26 21:34:49.965,1.03986,1.04015,1.00,1.00
2017.01.26 21:34:50.066,1.03988,1.04015,1.00,1.00
2017.01.26 21:34:50.393,1.03991,1.04016,1.00,1.00
2017.01.26 21:34:50.627,1.03989,1.04016,1.00,1.00
2017.01.26 21:34:54.545,1.03987,1.04014,1.00,1.00
2017.01.26 21:34:54.647,1.03984,1.04015,1.00,1.00
2017.01.26 21:34:54.749,1.03986,1.04016,1.00,1.00
2017.01.26 21:34:55.293,1.0399,1.04016,1.00,1.00
2017.01.26 21:34:55.628,1.0399,1.04014,1.00,1.00
2017.01.26 21:34:56.736,1.0399,1.04015,1.00,1.00
2017.01.26 21:34:58.529,1.03984,1.04015,1.00,1.00
2017.01.26 21:34:58.731,1.03984,1.04013,1.00,1.00
2017.01.26 21:35:00.854,1.03985,1.04014,1.00,1.00
2017.01.26 21:35:04.410,1.03982,1.04013,1.00,1.00
2017.01.26 21:35:04.620,1.03982,1.0401,1.00,1.00
2017.01.26 21:35:05.569,1.03981,1.04011,1.00,1.00
2017.01.26 21:35:05.896,1.03981,1.04009,1.00,1.00
2017.01.26 21:35:07.255,1.0398,1.04009,1.00,1.00
2017.01.26 21:35:14.885,1.03981,1.04009,1.00,1.00
2017.01.26 21:35:15.533,1.0398,1.04009,1.00,1.00
2017.01.26 21:35:18.882,1.03981,1.04009,1.00,1.00
2017.01.26 21:35:27.613,1.03977,1.04008,1.87,1.00
2017.01.26 21:35:27.664,1.0398,1.04008,1.00,1.00
2017.01.26 21:35:27.917,1.03978,1.04008,1.00,1.00
2017.01.26 21:35:28.156,1.0398,1.04008,1.00,1.00
2017.01.26 21:35:33.446,1.0398,1.04009,1.00,1.00
2017.01.26 21:35:33.598,1.0398,1.04011,1.00,1.00
2017.01.26 21:35:34.288,1.03981,1.04011,1.00,1.00
2017.01.26 21:35:36.334,1.0398,1.04011,1.00,1.00
2017.01.26 21:35:36.385,1.0398,1.04009,1.00,1.00
2017.01.26 21:35:36.691,1.0398,1.04007,1.00,1.00
2017.01.26 21:35:38.515,1.03981,1.04007,1.00,1.00
2017.01.26 21:35:39.423,1.03981,1.04008,1.00,1.00
2017.01.26 21:35:39.726,1.04,1.04021,1.87,1.00
2017.01.26 21:35:39.778,1.04,1.04025,1.87,1.00
2017.01.26 21:35:39.879,1.04009,1.04026,1.00,1.00
2017.01.26 21:35:40.406,1.04009,1.04027,1.00,1.00
2017.01.26 21:35:40.884,1.04006,1.04027,1.00,1.00
2017.01.26 21:35:42.525,1.04006,1.04025,1.00,1.00
2017.01.26 21:35:42.626,1.04006,1.04027,1.00,1.00
2017.01.26 21:35:42.799,1.04004,1.04027,1.00,1.00
2017.01.26 21:35:43.244,1.04008,1.04027,1.00,1.00
2017.01.26 21:35:43.949,1.04008,1.04025,1.00,1.00
2017.01.26 21:35:44.151,1.04007,1.04028,1.00,1.00
2017.01.26 21:35:44.613,1.04005,1.04027,1.00,1.00
2017.01.26 21:35:45.032,1.04008,1.04027,1.00,1.00
2017.01.26 21:35:46.144,1.04004,1.04027,1.00,1.00
2017.01.26 21:35:46.925,1.04005,1.04027,1.00,1.00
2017.01.26 21:35:47.468,1.04005,1.04026,1.00,1.00
2017.01.26 21:35:47.519,1.04008,1.04027,1.00,1.00
2017.01.26 21:35:50.827,1.04006,1.04027,1.00,1.00
2017.01.26 21:35:50.878,1.04002,1.04027,1.00,1.00
2017.01.26 21:35:54.567,1.04004,1.04027,1.00,1.00
2017.01.26 21:35:54.669,1.04,1.04027,1.37,1.00
2017.01.26 21:35:54.917,1.04005,1.04027,1.00,1.00
2017.01.26 21:35:57.919,1.04001,1.04027,1.00,1.00
2017.01.26 21:35:58.460,1.04002,1.04027,1.00,1.00
2017.01.26 21:36:02.717,1.04003,1.04027,1.00,1.00
2017.01.26 21:36:05.065,1.04003,1.04029,1.00,1.00
2017.01.26 21:36:07.749,1.04003,1.04028,1.00,1.00
2017.01.26 21:36:07.915,1.04002,1.04026,1.00,1.00
2017.01.26 21:36:10.185,1.04001,1.04026,1.00,1.00
2017.01.26 21:36:11.535,1.04002,1.04026,1.00,1.00
2017.01.26 21:36:12.915,1.04003,1.04026,1.00,1.00
2017.01.26 21:36:22.634,1.04005,1.04026,1.00,1.00
2017.01.26 21:36:22.685,1.04005,1.04028,1.00,1.00
2017.01.26 21:36:26.154,1.04006,1.04028,1.00,1.00
2017.01.26 21:36:27.344,1.04008,1.04029,1.00,1.00
2017.01.26 21:36:27.547,1.0401,1.04032,1.00,1.00
2017.01.26 21:36:28.002,1.04013,1.04032,1.00,1.00
2017.01.26 21:36:31.266,1.04009,1.04032,1.00,1.00
2017.01.26 21:36:32.038,1.04012,1.04032,1.00,1.00
2017.01.26 21:36:33.154,1.04013,1.04032,1.00,1.00
2017.01.26 21:36:33.684,1.04012,1.04032,1.00,1.00
2017.01.26 21:36:35.018,1.04013,1.04032,1.00,1.00
2017.01.26 21:36:37.266,1.04012,1.04032,1.00,1.00
2017.01.26 21:36:38.017,1.04013,1.04032,1.00,1.00
2017.01.26 21:36:38.674,1.04012,1.04032,1.00,1.00
2017.01.26 21:36:39.336,1.04013,1.04032,1.00,1.00
2017.01.26 21:36:39.765,1.04009,1.04032,1.00,1.00
2017.01.26 21:36:39.919,1.04012,1.04032,1.00,1.00
2017.01.26 21:36:45.961,1.04006,1.04032,1.12,1.00
2017.01.26 21:36:46.013,1.04009,1.04033,1.00,1.00
2017.01.26 21:36:46.359,1.04023,1.04046,1.00,1.00
2017.01.26 21:36:46.664,1.04021,1.04047,1.37,1.00
2017.01.26 21:36:47.339,1.04026,1.04047,1.00,1.00
2017.01.26 21:36:54.094,1.04021,1.04047,1.37,1.00
2017.01.26 21:36:54.415,1.04022,1.04049,1.37,1.00
2017.01.26 21:36:57.589,1.04022,1.04048,1.37,1.00
2017.01.26 21:36:57.690,1.04021,1.04047,1.37,1.00
2017.01.26 21:36:58.280,1.04022,1.04046,1.00,1.00
2017.01.26 21:37:01.702,1.04021,1.04045,1.00,1.00
2017.01.26 21:37:01.753,1.04018,1.04045,1.00,1.00
2017.01.26 21:37:01.804,1.04016,1.04046,1.00,1.00
2017.01.26 21:37:02.117,1.04018,1.04046,1.00,1.37
2017.01.26 21:37:03.363,1.04016,1.04046,1.00,1.12
2017.01.26 21:37:03.566,1.04021,1.04046,1.00,1.00
2017.01.26 21:37:03.749,1.04018,1.04044,1.00,1.00
2017.01.26 21:37:05.009,1.04017,1.04042,1.00,1.00
2017.01.26 21:37:05.674,1.04016,1.04042,1.00,1.00
2017.01.26 21:37:06.751,1.04015,1.04042,1.12,1.00
2017.01.26 21:37:07.078,1.04021,1.04043,1.00,1.00
2017.01.26 21:37:07.180,1.04024,1.04048,1.00,1.00
2017.01.26 21:37:07.281,1.0402,1.0405,2.25,1.00
2017.01.26 21:37:07.484,1.04024,1.0405,1.00,1.00
2017.01.26 21:37:07.834,1.04025,1.04048,1.00,1.00
2017.01.26 21:37:08.027,1.04019,1.04047,1.00,1.00
2017.01.26 21:37:08.078,1.04015,1.04048,1.50,1.00
2017.01.26 21:37:08.230,1.04015,1.04044,1.50,1.00
2017.01.26 21:37:08.548,1.04019,1.04045,1.00,1.00
2017.01.26 21:37:08.700,1.0402,1.04049,1.00,1.00
2017.01.26 21:37:08.801,1.04017,1.04049,1.00,1.00
2017.01.26 21:37:08.852,1.04016,1.04049,1.00,1.37
2017.01.26 21:37:09.156,1.04016,1.04043,1.00,1.00
2017.01.26 21:37:09.671,1.04015,1.04043,1.00,1.00
2017.01.26 21:37:11.969,1.04015,1.04044,1.50,1.00
2017.01.26 21:37:13.028,1.04016,1.04044,1.00,1.00
2017.01.26 21:37:13.771,1.04018,1.04044,1.00,1.00
2017.01.26 21:37:14.321,1.04018,1.04043,1.00,1.00
2017.01.26 21:37:15.472,1.04016,1.04043,1.00,1.00
2017.01.26 21:37:15.978,1.04016,1.04042,1.00,1.00
2017.01.26 21:37:16.659,1.04017,1.04042,1.00,1.00
2017.01.26 21:37:17.319,1.04017,1.04043,1.00,1.00
2017.01.26 21:37:22.375,1.04017,1.04044,1.00,1.00
2017.01.26 21:37:22.566,1.04017,1.04042,1.00,1.00
2017.01.26 21:37:24.212,1.04015,1.04042,1.50,1.00
2017.01.26 21:37:25.865,1.04018,1.04042,1.00,1.00
2017.01.26 21:37:26.215,1.04016,1.04042,1.00,1.00
2017.01.26 21:37:26.764,1.04015,1.04042,1.00,1.00
2017.01.26 21:37:26.815,1.04018,1.04042,1.00,1.00
2017.01.26 21:37:27.588,1.04019,1.04042,1.00,1.00
2017.01.26 21:37:28.158,1.0402,1.04042,1.00,1.00
2017.01.26 21:37:28.908,1.04019,1.04042,1.00,1.00
2017.01.26 21:37:31.597,1.04019,1.04044,1.00,1.00
2017.01.26 21:37:32.144,1.04019,1.04043,1.00,1.00
2017.01.26 21:37:33.315,1.0402,1.04043,1.00,1.00
2017.01.26 21:37:35.458,1.04018,1.04043,1.00,1.00
2017.01.26 21:37:35.660,1.04015,1.04043,1.50,1.00
2017.01.26 21:37:35.766,1.04018,1.04043,1.00,1.00
2017.01.26 21:37:36.305,1.04019,1.04043,1.00,1.00
2017.01.26 21:37:39.238,1.04021,1.04043,1.00,1.00
2017.01.26 21:37:39.381,1.04018,1.04043,1.00,1.00
2017.01.26 21:37:39.432,1.04015,1.04043,2.25,1.00
2017.01.26 21:37:39.534,1.04017,1.04043,1.00,1.00
2017.01.26 21:37:39.635,1.04015,1.04043,1.50,1.00
2017.01.26 21:37:39.837,1.04017,1.04043,1.00,1.00
2017.01.26 21:37:40.376,1.04017,1.04044,1.00,1.00
2017.01.26 21:37:40.823,1.04017,1.04046,1.00,1.00
2017.01.26 21:37:41.572,1.04019,1.04045,1.00,1.00
2017.01.26 21:37:42.097,1.04018,1.04046,1.00,1.00
2017.01.26 21:37:43.444,1.04019,1.04046,1.00,1.00
2017.01.26 21:37:44.135,1.04019,1.04045,1.00,1.00
2017.01.26 21:37:44.679,1.04019,1.04046,1.00,1.00
2017.01.26 21:37:44.932,1.0402,1.04048,1.00,1.00
2017.01.26 21:37:44.983,1.04018,1.04048,1.00,1.00
2017.01.26 21:37:45.035,1.04022,1.04048,1.00,1.12
2017.01.26 21:37:45.785,1.04021,1.04047,1.00,1.00
2017.01.26 21:37:46.825,1.04018,1.04047,1.00,1.00
2017.01.26 21:37:46.955,1.0402,1.04047,1.00,1.00
2017.01.26 21:37:47.324,1.04017,1.04047,1.00,1.12
2017.01.26 21:37:47.425,1.04019,1.04049,1.00,1.87
2017.01.26 21:37:47.526,1.04017,1.04048,1.00,1.37
2017.01.26 21:37:47.627,1.04018,1.04045,1.00,1.00
2017.01.26 21:37:48.085,1.04015,1.04045,1.50,1.00
2017.01.26 21:37:48.237,1.04012,1.04045,1.00,1.00
2017.01.26 21:37:48.288,1.04012,1.04046,1.00,1.75
2017.01.26 21:37:49.206,1.04011,1.04043,1.00,1.12
2017.01.26 21:37:50.767,1.0401,1.04043,1.00,1.12
2017.01.26 21:37:51.104,1.04007,1.04037,1.00,1.00
2017.01.26 21:37:51.206,1.04005,1.04038,1.50,1.00
2017.01.26 21:37:51.358,1.04008,1.04039,1.00,1.00
2017.01.26 21:37:51.681,1.0401,1.04036,1.00,1.00
2017.01.26 21:37:51.984,1.0401,1.04039,1.00,1.37
2017.01.26 21:37:52.186,1.0401,1.04036,1.00,1.00
2017.01.26 21:37:52.390,1.04008,1.04035,1.00,1.00
2017.01.26 21:37:52.540,1.04007,1.04035,1.00,1.50
2017.01.26 21:37:53.054,1.04006,1.04032,1.00,1.00
2017.01.26 21:37:55.299,1.04007,1.04032,1.00,1.00
2017.01.26 21:37:55.350,1.04007,1.04034,1.00,1.00
2017.01.26 21:37:55.451,1.04007,1.04036,1.00,1.00
2017.01.26 21:37:55.704,1.04009,1.04039,1.00,1.00
2017.01.26 21:37:56.214,1.04009,1.04038,1.00,1.00
2017.01.26 21:38:00.950,1.04009,1.0404,1.00,1.00
2017.01.26 21:38:01.153,1.04011,1.04041,1.00,1.00
2017.01.26 21:38:01.203,1.0401,1.04043,1.50,1.00
2017.01.26 21:38:01.435,1.04011,1.04041,1.00,1.00
2017.01.26 21:38:02.819,1.04013,1.04043,1.00,1.00
2017.01.26 21:38:03.517,1.04013,1.04041,1.00,1.00
2017.01.26 21:38:03.568,1.04011,1.04041,1.00,1.00
2017.01.26 21:38:03.669,1.04011,1.04041,1.00,1.75
2017.01.26 21:38:03.720,1.04009,1.04037,1.00,1.12
2017.01.26 21:38:04.959,1.04009,1.04038,1.00,1.12
2017.01.26 21:38:05.475,1.0401,1.04038,1.00,1.12
2017.01.26 21:38:06.684,1.0401,1.04042,1.00,1.00
2017.01.26 21:38:06.886,1.04009,1.0404,1.00,1.00
2017.01.26 21:38:07.394,1.04009,1.04039,1.00,1.12
2017.01.26 21:38:09.091,1.04009,1.04037,1.00,1.00
2017.01.26 21:38:09.490,1.04009,1.04035,1.50,1.00
2017.01.26 21:38:10.945,1.04008,1.04036,1.00,1.00
2017.01.26 21:38:13.175,1.04007,1.04035,1.50,1.00
2017.01.26 21:38:13.831,1.04009,1.04036,1.00,1.00
2017.01.26 21:38:14.083,1.04009,1.04038,1.00,1.00
2017.01.26 21:38:15.531,1.04009,1.04039,1.00,1.00
2017.01.26 21:38:15.633,1.04007,1.04038,1.00,1.12
2017.01.26 21:38:15.888,1.04009,1.04034,1.00,1.00
2017.01.26 21:38:17.378,1.04011,1.04034,1.00,1.00
2017.01.26 21:38:17.726,1.04013,1.04039,1.00,1.50
2017.01.26 21:38:17.828,1.04014,1.04041,1.00,1.00
2017.01.26 21:38:18.111,1.04014,1.04039,1.00,1.00
2017.01.26 21:38:19.016,1.04012,1.04039,1.00,1.00
2017.01.26 21:38:19.566,1.04013,1.04039,1.00,1.00
2017.01.26 21:38:24.207,1.04014,1.0404,1.00,1.00
2017.01.26 21:38:24.763,1.04013,1.0404,1.00,1.00
2017.01.26 21:38:25.369,1.04011,1.04041,1.00,1.00
2017.01.26 21:38:27.057,1.04011,1.04042,1.00,1.00
2017.01.26 21:38:27.108,1.04014,1.04041,1.00,1.00
2017.01.26 21:38:27.160,1.04013,1.04043,1.50,1.00
2017.01.26 21:38:27.211,1.04014,1.04045,1.00,1.00
2017.01.26 21:38:27.263,1.0402,1.04044,1.00,1.00
2017.01.26 21:38:27.974,1.0402,1.04045,1.00,1.00
2017.01.26 21:38:28.512,1.04017,1.04046,1.00,1.00
2017.01.26 21:38:28.563,1.04015,1.04045,1.00,1.00
2017.01.26 21:38:29.089,1.04016,1.04044,1.00,1.00
2017.01.26 21:38:31.166,1.04016,1.04047,1.50,1.00
2017.01.26 21:38:31.268,1.04019,1.04045,1.00,1.00
2017.01.26 21:38:31.522,1.04017,1.04045,1.00,1.00
2017.01.26 21:38:34.981,1.04016,1.04045,1.00,1.50
2017.01.26 21:38:35.731,1.04015,1.04045,1.00,1.00
2017.01.26 21:38:38.232,1.04015,1.04046,1.00,1.87
2017.01.26 21:38:41.177,1.04015,1.04044,1.00,1.00
2017.01.26 21:38:41.911,1.04015,1.04043,1.00,1.00
2017.01.26 21:38:41.962,1.04013,1.04044,1.00,1.00
2017.01.26 21:38:42.063,1.04013,1.04042,1.00,1.00
2017.01.26 21:38:42.413,1.04014,1.04039,1.00,1.00
2017.01.26 21:38:43.531,1.04013,1.04041,1.00,1.00
2017.01.26 21:38:44.084,1.04013,1.04042,1.00,1.00
2017.01.26 21:38:44.908,1.04011,1.04044,1.00,1.00
2017.01.26 21:38:44.959,1.04011,1.0404,1.00,1.00
2017.01.26 21:38:45.061,1.04011,1.04042,1.00,1.12
2017.01.26 21:38:45.112,1.04009,1.04036,1.00,1.00
2017.01.26 21:38:45.163,1.04009,1.04039,1.00,1.00
2017.01.26 21:38:45.379,1.04008,1.04041,1.00,1.00
2017.01.26 21:38:45.524,1.04011,1.0404,1.00,1.00
2017.01.26 21:38:47.221,1.0401,1.04039,1.00,1.00
2017.01.26 21:38:47.496,1.0401,1.04041,1.00,1.00
2017.01.26 21:38:48.870,1.04011,1.0404,1.00,1.00
2017.01.26 21:38:50.211,1.04011,1.04038,1.00,1.00
2017.01.26 21:38:50.314,1.04008,1.0404,1.00,1.50
2017.01.26 21:38:52.724,1.0401,1.0404,1.00,1.00
2017.01.26 21:38:52.775,1.04008,1.0404,1.50,1.00
2017.01.26 21:38:54.391,1.04007,1.04041,1.00,1.50
2017.01.26 21:38:54.593,1.04007,1.04038,1.00,1.00
2017.01.26 21:38:55.114,1.04007,1.04037,1.00,1.00
2017.01.26 21:38:56.685,1.04006,1.04035,1.00,1.00
2017.01.26 21:38:57.094,1.04007,1.04033,1.00,1.00
2017.01.26 21:38:57.653,1.0401,1.04036,1.00,1.00
2017.01.26 21:38:57.754,1.0401,1.04039,1.00,1.00
2017.01.26 21:39:00.234,1.04007,1.04037,1.00,1.00
2017.01.26 21:39:00.585,1.04009,1.04037,1.00,1.00
2017.01.26 21:39:00.636,1.04006,1.04037,1.00,1.00
2017.01.26 21:39:00.838,1.04008,1.04036,1.00,1.00
2017.01.26 21:39:11.373,1.04006,1.04037,1.00,1.00
2017.01.26 21:39:11.911,1.04006,1.04036,1.00,1.00
2017.01.26 21:39:12.408,1.04006,1.04034,1.00,1.00
2017.01.26 21:39:12.831,1.04003,1.04032,1.00,1.37
2017.01.26 21:39:13.356,1.04002,1.04029,1.00,1.00
2017.01.26 21:39:15.331,1.04002,1.04029,1.00,1.87
2017.01.26 21:39:17.065,1.04002,1.04026,1.00,1.00
2017.01.26 21:39:19.542,1.04,1.04026,1.00,1.12
2017.01.26 21:39:23.602,1.04001,1.04029,1.00,1.00
2017.01.26 21:39:24.147,1.04,1.0403,1.00,1.37
2017.01.26 21:39:24.299,1.04,1.04027,1.00,1.50
2017.01.26 21:39:24.604,1.03999,1.04029,1.00,1.00
2017.01.26 21:39:24.655,1.03999,1.04031,1.00,1.00
2017.01.26 21:39:26.744,1.04,1.04031,1.00,1.00
2017.01.26 21:39:26.795,1.04001,1.04029,1.00,1.00
2017.01.26 21:39:27.099,1.04003,1.04027,1.00,1.00
2017.01.26 21:39:28.046,1.04003,1.04026,1.00,1.00
2017.01.26 21:39:28.589,1.04003,1.04027,1.00,1.00
2017.01.26 21:39:29.277,1.04003,1.04026,1.00,1.00
2017.01.26 21:39:29.854,1.04003,1.04027,1.00,1.50
2017.01.26 21:39:33.991,1.04001,1.04027,1.00,1.00
2017.01.26 21:39:34.092,1.04001,1.04029,1.00,1.00
2017.01.26 21:39:34.143,1.04001,1.04027,1.00,1.00
2017.01.26 21:39:34.396,1.04003,1.04031,1.00,1.50
2017.01.26 21:39:35.108,1.04003,1.04032,1.00,1.00
2017.01.26 21:39:35.311,1.04004,1.04034,1.00,1.00
2017.01.26 21:39:35.847,1.04005,1.04034,1.00,1.00
2017.01.26 21:39:36.456,1.04005,1.04034,1.37,1.00
2017.01.26 21:39:37.328,1.04005,1.04035,1.12,1.00
2017.01.26 21:39:37.379,1.04007,1.04036,1.12,1.00
2017.01.26 21:39:37.682,1.04013,1.04037,1.00,1.00
2017.01.26 21:39:37.733,1.04011,1.04039,1.00,1.50
2017.01.26 21:39:38.267,1.04012,1.04039,1.00,1.50
2017.01.26 21:39:39.300,1.04014,1.0404,1.00,1.00
2017.01.26 21:39:39.442,1.04013,1.04042,1.00,1.50
2017.01.26 21:39:39.984,1.04013,1.04041,1.00,1.00
2017.01.26 21:39:50.602,1.04016,1.0404,1.00,1.00
2017.01.26 21:39:54.714,1.04015,1.0404,1.00,1.00
2017.01.26 21:39:55.375,1.04014,1.04039,1.00,1.00
2017.01.26 21:39:59.612,1.04014,1.04043,1.00,1.00
2017.01.26 21:40:00.116,1.04014,1.04042,1.00,1.00
2017.01.26 21:40:03.061,1.04013,1.0404,1.00,1.00
2017.01.26 21:40:03.263,1.04011,1.04039,1.00,1.50
2017.01.26 21:40:03.516,1.04014,1.04038,1.00,1.00
2017.01.26 21:40:03.872,1.04015,1.04041,1.00,1.00
2017.01.26 21:40:04.075,1.04017,1.04041,1.00,1.00
2017.01.26 21:40:04.615,1.04016,1.04041,1.00,1.00
2017.01.26 21:40:06.981,1.04015,1.04045,1.00,1.00
2017.01.26 21:40:07.032,1.04016,1.04047,1.00,1.00
2017.01.26 21:40:07.083,1.04017,1.04049,1.00,1.00
2017.01.26 21:40:07.234,1.04017,1.04046,1.00,1.00
2017.01.26 21:40:07.566,1.04018,1.04044,1.00,1.00
2017.01.26 21:40:08.223,1.04018,1.04045,1.00,1.00
2017.01.26 21:40:08.765,1.04018,1.04046,1.00,1.00
2017.01.26 21:40:11.261,1.04018,1.04049,1.00,1.00
2017.01.26 21:40:11.616,1.04018,1.04047,1.87,1.00
2017.01.26 21:40:13.317,1.04018,1.04048,1.12,1.00
2017.01.26 21:40:13.621,1.0402,1.04046,1.00,1.00
2017.01.26 21:40:15.485,1.0402,1.04048,1.00,1.00
2017.01.26 21:40:15.536,1.04026,1.04052,1.00,1.00
2017.01.26 21:40:15.587,1.04024,1.04052,1.00,1.00
2017.01.26 21:40:15.688,1.04025,1.04054,1.00,1.00
2017.01.26 21:40:16.236,1.04025,1.04055,1.00,1.00
2017.01.26 21:40:16.531,1.04025,1.04053,1.00,1.00
2017.01.26 21:40:16.972,1.04023,1.04053,1.00,1.00
2017.01.26 21:40:17.073,1.04021,1.04053,1.00,1.12
2017.01.26 21:40:17.276,1.04021,1.0405,1.00,1.00
2017.01.26 21:40:17.579,1.04024,1.0405,1.00,1.00
2017.01.26 21:40:17.895,1.04022,1.04049,1.00,1.00
2017.01.26 21:40:17.946,1.04019,1.04049,1.00,1.00
2017.01.26 21:40:19.097,1.0402,1.04049,1.00,1.00
2017.01.26 21:40:19.454,1.0402,1.04047,1.00,1.00
2017.01.26 21:40:19.505,1.04018,1.04047,1.00,1.00
2017.01.26 21:40:20.065,1.04017,1.04046,1.00,1.00
2017.01.26 21:40:20.493,1.04019,1.04047,1.00,1.00
2017.01.26 21:40:20.879,1.04021,1.04047,1.00,1.00
2017.01.26 21:40:24.412,1.04019,1.04047,1.00,1.00
2017.01.26 21:40:24.463,1.04017,1.04046,1.00,1.00
2017.01.26 21:40:25.013,1.04017,1.04045,1.12,1.00
2017.01.26 21:40:25.248,1.04017,1.04047,1.00,1.00
2017.01.26 21:40:25.447,1.04019,1.04046,1.00,1.00
2017.01.26 21:40:25.549,1.04016,1.04046,1.50,1.00
2017.01.26 21:40:25.729,1.0402,1.04045,1.00,1.00
2017.01.26 21:40:29.685,1.04022,1.04046,1.00,1.00
2017.01.26 21:40:29.944,1.0402,1.04046,1.00,1.00
2017.01.26 21:40:31.412,1.04021,1.04046,1.00,1.00
2017.01.26 21:40:31.464,1.04022,1.04048,1.12,1.00
2017.01.26 21:40:31.565,1.04022,1.0405,1.50,1.00
2017.01.26 21:40:31.616,1.04025,1.0405,1.00,1.00
2017.01.26 21:40:32.985,1.04023,1.0405,1.00,1.00
2017.01.26 21:40:33.669,1.04023,1.04049,1.00,1.00
2017.01.26 21:40:34.005,1.04022,1.04051,1.50,1.00
2017.01.26 21:40:34.157,1.04025,1.04051,1.00,1.00
2017.01.26 21:40:34.207,1.04025,1.04053,1.00,1.00
2017.01.26 21:40:34.989,1.04025,1.04052,1.50,1.00
2017.01.26 21:40:43.587,1.04026,1.04054,1.00,1.00
2017.01.26 21:40:43.688,1.04028,1.04054,1.00,1.00
2017.01.26 21:40:44.421,1.04028,1.04055,1.00,1.00
2017.01.26 21:40:46.295,1.04029,1.04055,1.00,1.00
2017.01.26 21:40:46.346,1.04029,1.04057,1.00,1.50
2017.01.26 21:40:46.801,1.04029,1.04055,1.00,1.00
2017.01.26 21:40:47.394,1.04028,1.04055,1.00,1.50
2017.01.26 21:40:49.818,1.04028,1.04053,1.00,1.00
2017.01.26 21:40:50.366,1.04028,1.04054,1.00,1.00
2017.01.26 21:40:52.284,1.04028,1.04055,1.00,1.00
2017.01.26 21:40:55.088,1.04029,1.04055,1.12,1.00
2017.01.26 21:40:55.841,1.04028,1.04055,1.87,1.00
2017.01.26 21:40:56.637,1.04027,1.04056,1.00,1.00
2017.01.26 21:40:57.485,1.04027,1.04055,1.00,1.00
2017.01.26 21:40:58.272,1.04027,1.04054,1.00,1.00
2017.01.26 21:40:58.814,1.04028,1.04056,1.00,1.00
2017.01.26 21:40:59.064,1.04028,1.04058,1.00,1.50
2017.01.26 21:41:01.524,1.04028,1.04056,1.00,1.00
2017.01.26 21:41:03.416,1.04029,1.04056,1.00,1.00
2017.01.26 21:41:06.973,1.04029,1.04057,1.00,1.00
2017.01.26 21:41:07.024,1.04027,1.04056,1.00,1.00
2017.01.26 21:41:07.165,1.04024,1.04056,1.00,1.00
2017.01.26 21:41:07.217,1.04023,1.04055,2.25,1.00
2017.01.26 21:41:07.420,1.04028,1.04057,1.00,1.00
2017.01.26 21:41:07.916,1.04028,1.04059,1.00,1.00
2017.01.26 21:41:08.243,1.04028,1.04062,1.00,1.00
2017.01.26 21:41:08.346,1.04031,1.04062,1.37,1.00
2017.01.26 21:41:08.483,1.04035,1.04065,1.12,1.00
2017.01.26 21:41:08.874,1.04034,1.04061,1.37,1.00
2017.01.26 21:41:09.508,1.04035,1.0406,1.37,1.00
2017.01.26 21:41:09.559,1.04032,1.04059,1.12,1.00
2017.01.26 21:41:09.660,1.04032,1.0406,1.37,1.00
2017.01.26 21:41:10.127,1.04031,1.04059,1.00,1.00
2017.01.26 21:41:10.178,1.04028,1.04059,1.87,1.00
2017.01.26 21:41:10.495,1.04028,1.04057,1.37,1.00
2017.01.26 21:41:11.159,1.04029,1.04056,1.00,1.00
2017.01.26 21:41:13.580,1.04029,1.04058,1.00,1.00
2017.01.26 21:41:13.631,1.04031,1.04058,1.37,1.00
2017.01.26 21:41:14.166,1.04036,1.0406,1.00,1.00
2017.01.26 21:41:14.756,1.04035,1.04059,1.12,1.00
2017.01.26 21:41:14.857,1.04033,1.0406,1.00,1.00
2017.01.26 21:41:15.225,1.0403,1.04061,1.00,1.00
2017.01.26 21:41:15.352,1.04029,1.04058,1.87,1.00
2017.01.26 21:41:15.893,1.04031,1.04057,1.12,1.00
2017.01.26 21:41:16.416,1.04031,1.04058,1.12,1.00
2017.01.26 21:41:18.968,1.04032,1.04058,1.37,1.00
2017.01.26 21:41:19.296,1.04034,1.04061,1.37,1.00
2017.01.26 21:41:19.498,1.04037,1.04062,1.00,1.00
2017.01.26 21:41:19.850,1.04035,1.04064,1.12,1.00
2017.01.26 21:41:20.709,1.04035,1.04064,1.50,1.00
2017.01.26 21:41:21.255,1.04037,1.04063,1.12,1.00
2017.01.26 21:41:23.939,1.04039,1.04063,1.37,1.00
2017.01.26 21:41:24.142,1.04038,1.04066,1.37,1.00
2017.01.26 21:41:24.986,1.04039,1.04066,1.87,1.00
2017.01.26 21:41:25.570,1.04039,1.04066,1.87,1.00
2017.01.26 21:41:25.865,1.04037,1.04066,1.87,1.00
2017.01.26 21:41:26.939,1.04038,1.04066,1.00,1.00
2017.01.26 21:41:27.549,1.04037,1.04066,1.12,1.00
2017.01.26 21:41:34.203,1.04038,1.04066,1.00,1.00
2017.01.26 21:41:35.189,1.04036,1.04066,1.12,1.00
2017.01.26 21:41:35.415,1.04038,1.04066,1.00,1.00
2017.01.26 21:41:35.618,1.04038,1.04068,1.00,1.00
2017.01.26 21:41:36.134,1.04038,1.04069,1.00,1.50
2017.01.26 21:41:40.686,1.04036,1.04068,1.00,1.00
2017.01.26 21:41:40.787,1.04035,1.0407,1.00,1.12
2017.01.26 21:41:40.946,1.04035,1.04068,1.00,1.00
2017.01.26 21:41:41.249,1.04038,1.04067,1.50,1.12
2017.01.26 21:41:41.792,1.04037,1.04068,1.00,2.25
2017.01.26 21:41:42.205,1.04038,1.04069,1.00,1.00
2017.01.26 21:41:42.785,1.04038,1.04068,1.00,1.00
2017.01.26 21:41:45.315,1.04038,1.04069,1.00,1.00
2017.01.26 21:41:45.424,1.04037,1.04067,1.00,1.37
2017.01.26 21:41:45.677,1.04031,1.04063,1.50,1.75
2017.01.26 21:41:45.870,1.0403,1.04057,1.00,1.50
2017.01.26 21:41:46.022,1.0403,1.04059,1.00,2.25
2017.01.26 21:41:46.123,1.04032,1.04061,1.00,1.50
2017.01.26 21:41:46.450,1.04036,1.0406,1.00,1.00
2017.01.26 21:41:46.501,1.04036,1.04063,1.00,1.00
2017.01.26 21:41:47.324,1.04038,1.04068,1.00,2.25
2017.01.26 21:41:47.426,1.04037,1.0407,1.00,1.00
2017.01.26 21:41:47.477,1.04037,1.04072,1.00,1.00
2017.01.26 21:41:47.628,1.04042,1.04071,1.00,1.00
2017.01.26 21:41:48.371,1.04041,1.04071,1.00,1.00
2017.01.26 21:41:53.726,1.04041,1.04073,1.00,1.00
2017.01.26 21:41:53.956,1.04039,1.04074,1.00,2.25
2017.01.26 21:41:54.260,1.04041,1.04071,1.00,1.00
2017.01.26 21:41:54.447,1.04041,1.04074,1.00,1.50
2017.01.26 21:41:54.957,1.04041,1.04073,1.00,1.00
2017.01.26 21:41:58.517,1.04041,1.04071,1.00,1.00
2017.01.26 21:41:58.661,1.04041,1.04073,1.00,1.00
2017.01.26 21:41:58.712,1.04039,1.04073,1.00,1.00
2017.01.26 21:41:58.764,1.04039,1.04072,1.00,1.37
2017.01.26 21:41:59.127,1.04037,1.04067,1.00,1.00
2017.01.26 21:41:59.228,1.04035,1.04068,1.00,1.00
2017.01.26 21:41:59.279,1.04035,1.04063,1.00,1.00
2017.01.26 21:41:59.907,1.04034,1.04063,1.00,1.00
2017.01.26 21:42:00.317,1.04034,1.04061,1.00,1.00
2017.01.26 21:42:03.068,1.04033,1.04061,1.00,1.00
2017.01.26 21:42:03.404,1.04033,1.04058,1.00,1.00
2017.01.26 21:42:04.055,1.04032,1.04059,1.00,1.00
2017.01.26 21:42:08.230,1.04031,1.04059,1.00,1.00
2017.01.26 21:42:10.406,1.04032,1.0406,1.00,1.00
2017.01.26 21:42:10.507,1.04032,1.04065,1.00,1.12
2017.01.26 21:42:10.709,1.04034,1.04066,1.00,1.00
2017.01.26 21:42:10.760,1.04032,1.04067,1.00,1.00
2017.01.26 21:42:11.013,1.0403,1.04067,1.00,1.00
2017.01.26 21:42:12.328,1.04031,1.04068,1.00,1.50
2017.01.26 21:42:12.379,1.04029,1.04067,1.00,1.00
2017.01.26 21:42:14.257,1.04029,1.0406,1.00,1.00
2017.01.26 21:42:16.428,1.04029,1.04058,1.00,1.00
2017.01.26 21:42:17.016,1.04029,1.0406,1.00,1.00
2017.01.26 21:42:19.514,1.04029,1.04062,1.00,1.50
2017.01.26 21:42:20.134,1.04028,1.04062,1.00,1.00
2017.01.26 21:42:22.127,1.04028,1.04063,1.00,1.00
2017.01.26 21:42:22.977,1.04029,1.04063,1.00,1.00
2017.01.26 21:42:23.028,1.04031,1.04063,1.12,1.00
2017.01.26 21:42:23.339,1.04033,1.04062,1.37,1.00
2017.01.26 21:42:23.666,1.04031,1.04062,1.50,1.00
2017.01.26 21:42:26.415,1.04031,1.04062,1.87,1.00
2017.01.26 21:42:26.826,1.04045,1.04068,1.37,1.00
2017.01.26 21:42:26.877,1.04051,1.04074,1.12,1.00
2017.01.26 21:42:26.982,1.04048,1.04074,1.37,1.00
2017.01.26 21:42:27.134,1.04046,1.04073,1.12,1.00
2017.01.26 21:42:27.672,1.04045,1.04072,1.37,1.00
2017.01.26 21:42:28.252,1.04046,1.04072,1.00,1.00
2017.01.26 21:42:30.415,1.04045,1.04072,1.00,1.00
2017.01.26 21:42:31.061,1.04042,1.04072,1.00,1.00
2017.01.26 21:42:31.364,1.04039,1.04071,1.00,1.00
2017.01.26 21:42:31.895,1.04039,1.04069,1.00,1.00
2017.01.26 21:42:32.396,1.04039,1.04068,1.00,1.00
2017.01.26 21:42:34.573,1.04039,1.0407,1.50,1.00
2017.01.26 21:42:34.776,1.0404,1.04072,1.00,1.00
2017.01.26 21:42:35.163,1.04042,1.04072,1.00,1.00
2017.01.26 21:42:35.365,1.04043,1.04075,1.00,1.00
2017.01.26 21:42:35.467,1.04043,1.04073,1.00,1.00
2017.01.26 21:42:36.029,1.04042,1.04072,1.00,1.00
2017.01.26 21:42:36.762,1.04041,1.04073,2.25,1.00
2017.01.26 21:42:37.391,1.04042,1.04073,1.00,1.00
2017.01.26 21:42:37.572,1.0404,1.04074,1.50,1.00
2017.01.26 21:42:38.338,1.04041,1.04074,1.00,1.00
2017.01.26 21:42:38.710,1.04044,1.04075,1.37,1.00
2017.01.26 21:42:39.329,1.04044,1.04074,1.37,1.00
2017.01.26 21:42:40.405,1.04044,1.04074,1.37,1.00
2017.01.26 21:42:40.455,1.04044,1.04073,1.37,1.00
2017.01.26 21:42:40.506,1.04047,1.04075,1.37,1.00
2017.01.26 21:42:40.608,1.04054,1.04078,1.12,1.00
2017.01.26 21:42:40.659,1.04051,1.04077,1.37,1.00
2017.01.26 21:42:40.710,1.04048,1.04077,1.12,1.00
2017.01.26 21:42:40.987,1.04048,1.04075,1.12,1.00
2017.01.26 21:42:41.641,1.04048,1.04075,1.37,1.00
2017.01.26 21:42:42.663,1.04048,1.04075,1.12,1.00
2017.01.26 21:42:43.293,1.04047,1.04075,1.00,1.00
2017.01.26 21:42:47.519,1.04046,1.04075,1.50,1.00
2017.01.26 21:42:48.764,1.04047,1.04075,1.00,1.00
2017.01.26 21:42:49.337,1.04046,1.04075,1.50,1.00
2017.01.26 21:42:49.893,1.04047,1.04075,1.00,1.00
2017.01.26 21:42:51.085,1.04046,1.04075,1.50,1.00
2017.01.26 21:42:52.765,1.04047,1.04075,1.00,1.00
2017.01.26 21:42:53.307,1.04046,1.04075,1.50,1.00
2017.01.26 21:42:56.215,1.04047,1.04074,1.00,1.00
2017.01.26 21:42:56.886,1.04046,1.04074,1.00,1.00
2017.01.26 21:42:57.476,1.04052,1.04074,1.00,1.00
2017.01.26 21:42:57.863,1.0405,1.04074,1.12,1.00
2017.01.26 21:43:00.262,1.0405,1.04075,1.00,1.00
2017.01.26 21:43:00.313,1.04048,1.04073,1.12,1.00
2017.01.26 21:43:00.415,1.04044,1.04073,1.12,1.00
2017.01.26 21:43:00.869,1.04042,1.04068,1.50,1.00
2017.01.26 21:43:01.072,1.04044,1.04073,1.37,1.00
2017.01.26 21:43:01.122,1.04045,1.04073,1.37,1.00
2017.01.26 21:43:03.453,1.04044,1.04073,1.37,1.50
2017.01.26 21:43:03.554,1.04043,1.04073,1.37,1.00
2017.01.26 21:43:03.816,1.04045,1.04069,1.37,1.00
2017.01.26 21:43:03.867,1.04046,1.04072,1.37,1.50
2017.01.26 21:43:04.388,1.04047,1.04071,1.87,1.00
2017.01.26 21:43:05.142,1.04047,1.04071,1.00,1.00
2017.01.26 21:43:05.831,1.04047,1.04072,1.37,1.00
2017.01.26 21:43:06.373,1.04046,1.04074,1.37,1.50
2017.01.26 21:43:06.909,1.04046,1.04073,1.37,1.00
2017.01.26 21:43:07.443,1.04046,1.04073,1.50,1.00
2017.01.26 21:43:09.565,1.04044,1.04073,1.50,1.50
2017.01.26 21:43:09.771,1.0404,1.0407,1.50,1.00
2017.01.26 21:43:10.125,1.04037,1.04067,1.50,1.00
2017.01.26 21:43:10.810,1.04037,1.04066,1.00,1.00
2017.01.26 21:43:10.890,1.04037,1.04068,1.00,1.00
2017.01.26 21:43:11.104,1.04038,1.0407,1.00,1.00
2017.01.26 21:43:11.801,1.04037,1.04069,1.50,1.50
2017.01.26 21:43:12.016,1.04037,1.04067,1.50,1.00
2017.01.26 21:43:12.301,1.04037,1.04069,1.50,1.00
2017.01.26 21:43:12.453,1.04037,1.04067,1.50,1.00
2017.01.26 21:43:13.121,1.04038,1.04067,1.00,1.50
2017.01.26 21:43:13.814,1.04038,1.04066,1.00,1.00
2017.01.26 21:43:14.515,1.04038,1.04067,1.00,1.50
2017.01.26 21:43:15.363,1.04047,1.04072,1.00,1.00
2017.01.26 21:43:15.773,1.04045,1.04071,1.00,1.00
2017.01.26 21:43:15.976,1.04046,1.04073,1.00,1.50
2017.01.26 21:43:20.840,1.04046,1.04072,1.00,1.00
2017.01.26 21:43:21.143,1.04044,1.04072,1.50,1.50
2017.01.26 21:43:21.933,1.04046,1.04072,1.00,1.50
2017.01.26 21:43:22.467,1.04046,1.04071,1.00,1.00
2017.01.26 21:43:22.996,1.04046,1.04072,1.00,1.00
2017.01.26 21:43:23.465,1.04041,1.04072,1.50,1.00
2017.01.26 21:43:24.230,1.04042,1.04072,1.00,1.00
2017.01.26 21:43:24.786,1.04041,1.04072,1.50,1.00
2017.01.26 21:43:25.333,1.04042,1.04072,1.00,1.00
2017.01.26 21:43:26.334,1.04041,1.04072,1.50,1.00
2017.01.26 21:43:28.768,1.04042,1.04072,1.00,1.00
2017.01.26 21:43:29.487,1.04041,1.04072,1.50,1.00
2017.01.26 21:43:30.146,1.04042,1.04072,1.00,1.00
2017.01.26 21:43:31.733,1.04041,1.04072,1.50,1.00
2017.01.26 21:43:32.486,1.04042,1.04072,1.00,1.00
2017.01.26 21:43:32.809,1.04046,1.04072,1.00,1.00
2017.01.26 21:43:33.477,1.04045,1.04073,1.00,1.00
2017.01.26 21:43:34.481,1.04046,1.04072,1.00,1.00
2017.01.26 21:43:35.560,1.04046,1.04073,1.00,1.00
2017.01.26 21:43:37.870,1.04045,1.04073,1.00,1.00
2017.01.26 21:43:42.815,1.04046,1.04073,1.00,1.00
2017.01.26 21:43:43.430,1.04045,1.04073,1.00,1.00
2017.01.26 21:43:45.152,1.04045,1.04072,1.00,1.00
2017.01.26 21:43:45.744,1.04046,1.04072,1.00,1.00
2017.01.26 21:43:48.189,1.04046,1.04073,1.00,1.00
2017.01.26 21:43:48.610,1.04046,1.04071,1.00,1.00
2017.01.26 21:43:49.453,1.04046,1.04072,1.00,1.00
2017.01.26 21:43:50.056,1.04046,1.04073,1.00,1.00
2017.01.26 21:43:50.714,1.04046,1.04072,1.00,1.00
2017.01.26 21:43:54.832,1.04045,1.04072,1.00,1.00
2017.01.26 21:43:59.805,1.04046,1.04072,1.00,1.00
2017.01.26 21:44:03.933,1.04045,1.04072,1.00,1.00
2017.01.26 21:44:05.169,1.04045,1.04073,1.00,1.00
2017.01.26 21:44:05.713,1.04046,1.04074,1.00,1.00
2017.01.26 21:44:11.239,1.04046,1.04075,1.00,1.00
2017.01.26 21:44:12.800,1.04045,1.04075,1.50,1.00
2017.01.26 21:44:13.700,1.04046,1.04076,1.50,1.50
2017.01.26 21:44:15.323,1.04046,1.04075,1.50,1.00
2017.01.26 21:44:16.004,1.04045,1.04075,1.50,1.50
2017.01.26 21:44:17.584,1.04046,1.04075,1.00,1.50
2017.01.26 21:44:18.087,1.04046,1.04076,1.50,1.50
2017.01.26 21:44:18.669,1.04046,1.04075,1.50,1.00
2017.01.26 21:44:19.316,1.04046,1.04076,1.50,1.00
2017.01.26 21:44:22.015,1.04046,1.04075,1.50,1.00
2017.01.26 21:44:25.342,1.04051,1.04078,1.00,1.00
2017.01.26 21:44:25.393,1.04051,1.04081,1.00,1.00
2017.01.26 21:44:25.918,1.0405,1.0408,1.00,1.00
2017.01.26 21:44:28.483,1.04049,1.0408,1.00,1.00
2017.01.26 21:44:29.093,1.04049,1.04081,1.00,1.00
2017.01.26 21:44:34.053,1.04048,1.04081,1.50,1.00
2017.01.26 21:44:36.813,1.04049,1.04081,1.00,1.00
2017.01.26 21:44:39.501,1.04048,1.04081,1.50,1.00
2017.01.26 21:44:39.844,1.04052,1.0408,1.00,1.00
2017.01.26 21:44:50.081,1.04056,1.04086,1.00,1.00
2017.01.26 21:44:50.233,1.04054,1.04085,1.00,1.00
2017.01.26 21:44:50.741,1.04053,1.04084,1.00,1.00
2017.01.26 21:44:51.263,1.04053,1.04085,1.00,1.00
2017.01.26 21:45:00.363,1.04051,1.04085,1.00,1.12
2017.01.26 21:45:00.465,1.04049,1.04081,1.00,1.00
2017.01.26 21:45:01.019,1.04048,1.04081,1.00,1.00
2017.01.26 21:45:01.121,1.04046,1.04083,1.00,1.00
2017.01.26 21:45:01.731,1.04046,1.04084,1.50,1.00
2017.01.26 21:45:02.138,1.0405,1.04083,1.00,1.00
2017.01.26 21:45:08.186,1.04047,1.04084,1.00,1.00
2017.01.26 21:45:08.237,1.04047,1.04081,1.00,1.00
2017.01.26 21:45:08.338,1.04046,1.04086,1.50,1.50
2017.01.26 21:45:08.391,1.04051,1.04086,1.00,1.50
2017.01.26 21:45:08.819,1.04053,1.04087,1.00,1.75
2017.01.26 21:45:09.573,1.04054,1.04089,1.00,2.25
2017.01.26 21:45:11.133,1.04052,1.04088,1.00,3.00
2017.01.26 21:45:11.445,1.04052,1.04088,1.00,1.00
2017.01.26 21:45:13.833,1.04052,1.04089,1.00,1.00
2017.01.26 21:45:15.077,1.04052,1.04088,1.00,1.75
2017.01.26 21:45:15.769,1.04052,1.04088,1.00,1.75
2017.01.26 21:45:16.094,1.04053,1.04088,1.00,1.50
2017.01.26 21:45:19.788,1.04054,1.04089,1.00,2.25
2017.01.26 21:45:20.234,1.04056,1.04088,1.00,1.75
2017.01.26 21:45:20.587,1.04058,1.04088,1.00,1.75
2017.01.26 21:45:21.729,1.0406,1.04092,1.00,1.87
2017.01.26 21:45:21.881,1.0406,1.04094,1.00,1.50
2017.01.26 21:45:21.932,1.04062,1.04096,1.00,1.37
2017.01.26 21:45:22.034,1.0406,1.04096,1.00,1.00
2017.01.26 21:45:22.844,1.0406,1.04095,1.00,1.00
2017.01.26 21:45:25.138,1.0406,1.04096,1.00,1.12
2017.01.26 21:45:25.639,1.04059,1.04093,1.00,1.00
2017.01.26 21:45:25.841,1.04057,1.04093,1.00,1.00
2017.01.26 21:45:28.839,1.04058,1.04093,1.00,1.12
2017.01.26 21:45:29.443,1.04058,1.04094,1.00,1.75
2017.01.26 21:45:29.494,1.04058,1.04094,1.00,1.50
2017.01.26 21:45:30.110,1.04058,1.04093,1.00,1.00
2017.01.26 21:45:30.637,1.0406,1.04094,1.00,1.00
2017.01.26 21:45:30.739,1.04059,1.04096,1.00,1.00
2017.01.26 21:45:30.790,1.04062,1.04095,1.00,1.00
2017.01.26 21:45:30.992,1.0406,1.04095,1.00,1.00
2017.01.26 21:45:32.602,1.04061,1.04096,1.00,2.25
2017.01.26 21:45:33.044,1.04064,1.04095,1.00,1.00
2017.01.26 21:45:33.818,1.04059,1.04095,1.00,1.00
2017.01.26 21:45:33.970,1.04057,1.04091,1.00,1.00
2017.01.26 21:45:35.618,1.04058,1.04088,1.00,1.00
2017.01.26 21:45:35.922,1.04056,1.04088,1.50,1.00
2017.01.26 21:45:37.076,1.04056,1.04087,1.00,1.00
2017.01.26 21:45:37.344,1.04058,1.04086,1.00,1.00
2017.01.26 21:45:37.545,1.04056,1.04086,1.00,1.00
2017.01.26 21:45:38.071,1.04057,1.04086,1.00,1.00
2017.01.26 21:45:39.383,1.04055,1.04087,1.50,1.00
2017.01.26 21:45:39.535,1.04055,1.04085,1.00,1.00
2017.01.26 21:45:40.070,1.04054,1.04084,1.50,1.00
2017.01.26 21:45:40.585,1.04055,1.04085,1.00,1.00
2017.01.26 21:45:41.984,1.04057,1.04085,1.00,1.00
2017.01.26 21:45:44.345,1.04056,1.04085,1.00,1.00
2017.01.26 21:45:50.019,1.04058,1.04085,1.00,1.00
2017.01.26 21:45:51.679,1.04056,1.04085,1.00,1.00
2017.01.26 21:45:52.230,1.04057,1.04085,1.00,1.00
2017.01.26 21:45:57.392,1.04055,1.04086,1.00,1.00
2017.01.26 21:46:01.590,1.04055,1.04085,1.50,1.00
2017.01.26 21:46:01.792,1.04053,1.04085,1.00,1.00
2017.01.26 21:46:01.893,1.0405,1.04082,1.00,1.00
2017.01.26 21:46:02.348,1.04049,1.0408,1.00,1.00
2017.01.26 21:46:02.860,1.0405,1.04081,1.00,1.00
2017.01.26 21:46:04.099,1.04049,1.04081,1.50,1.00
2017.01.26 21:46:04.591,1.0405,1.04079,1.00,1.00
2017.01.26 21:46:05.215,1.0405,1.0408,1.00,1.00
2017.01.26 21:46:08.044,1.0405,1.04079,1.00,1.00
2017.01.26 21:46:08.348,1.04049,1.04076,1.00,1.00
2017.01.26 21:46:08.449,1.04046,1.04075,1.00,1.00
2017.01.26 21:46:12.969,1.04046,1.04076,1.87,1.00
2017.01.26 21:46:15.587,1.04049,1.04076,1.00,1.00
2017.01.26 21:46:15.818,1.04047,1.04075,1.00,1.00
2017.01.26 21:46:16.072,1.04045,1.04074,1.00,1.00
2017.01.26 21:46:16.904,1.04046,1.04074,1.00,1.00
2017.01.26 21:46:17.228,1.04046,1.04072,1.00,1.00
2017.01.26 21:46:17.808,1.04045,1.04073,1.00,1.00
2017.01.26 21:46:17.910,1.04046,1.04075,1.00,1.00
2017.01.26 21:46:18.446,1.04048,1.04077,1.00,1.00
2017.01.26 21:46:18.749,1.0405,1.04076,1.00,1.00
2017.01.26 21:46:19.356,1.04049,1.04076,1.00,1.00
2017.01.26 21:46:19.867,1.0405,1.04075,1.00,1.00
2017.01.26 21:46:20.307,1.0405,1.04077,1.00,1.00
2017.01.26 21:46:20.460,1.0405,1.04075,1.50,1.00
2017.01.26 21:46:21.097,1.0405,1.04074,1.00,1.00
2017.01.26 21:46:21.148,1.0405,1.04076,1.00,1.00
2017.01.26 21:46:21.249,1.04052,1.04078,1.00,1.00
2017.01.26 21:46:21.697,1.0405,1.04078,2.25,1.00
2017.01.26 21:46:21.748,1.04052,1.04078,1.00,1.00
2017.01.26 21:46:21.849,1.0405,1.04077,1.00,1.00
2017.01.26 21:46:22.491,1.04049,1.04077,1.00,1.00
2017.01.26 21:46:22.795,1.0405,1.04074,1.00,1.00
2017.01.26 21:46:22.947,1.04046,1.04074,1.00,1.00
2017.01.26 21:46:23.647,1.04045,1.04074,1.00,1.00
2017.01.26 21:46:23.850,1.04045,1.04072,1.00,1.00
2017.01.26 21:46:24.397,1.04046,1.04072,1.00,1.00
2017.01.26 21:46:26.881,1.04045,1.04072,1.00,1.00
2017.01.26 21:46:30.800,1.04046,1.04072,1.00,1.00
2017.01.26 21:46:31.410,1.04045,1.04072,1.00,1.00
2017.01.26 21:46:33.342,1.04046,1.04072,1.00,1.00
2017.01.26 21:46:34.730,1.04045,1.04072,1.00,1.00
2017.01.26 21:46:35.417,1.04042,1.04071,1.00,1.00
2017.01.26 21:46:35.931,1.04042,1.0407,1.00,1.00
2017.01.26 21:46:42.687,1.04041,1.0407,1.00,1.00
2017.01.26 21:46:43.675,1.04042,1.0407,1.00,1.00
2017.01.26 21:46:43.726,1.04042,1.04068,1.00,1.00
2017.01.26 21:46:46.420,1.04041,1.04068,1.00,1.00
2017.01.26 21:46:47.275,1.04042,1.04069,1.00,1.00
2017.01.26 21:46:47.868,1.04041,1.04069,1.00,1.00
2017.01.26 21:46:48.435,1.04042,1.04069,1.00,1.00
2017.01.26 21:46:49.549,1.04042,1.04068,1.00,1.00
2017.01.26 21:46:49.918,1.04042,1.04065,1.00,1.00
2017.01.26 21:46:50.268,1.04042,1.04063,1.00,1.00
2017.01.26 21:46:51.004,1.04042,1.04065,1.00,1.00
2017.01.26 21:46:51.689,1.04041,1.04065,1.00,1.00
2017.01.26 21:46:52.221,1.04042,1.04065,1.00,1.00
2017.01.26 21:46:52.805,1.04041,1.04065,1.00,1.00
2017.01.26 21:46:54.085,1.04041,1.04063,1.00,1.00
2017.01.26 21:46:55.817,1.04042,1.04063,1.00,1.00
2017.01.26 21:46:56.347,1.04042,1.04064,1.00,1.00
2017.01.26 21:46:56.910,1.04042,1.04063,1.00,1.00
2017.01.26 21:46:57.529,1.04042,1.04064,1.00,1.00
2017.01.26 21:46:58.341,1.04041,1.04064,1.00,1.00
2017.01.26 21:46:58.900,1.04042,1.04064,1.00,1.00
2017.01.26 21:46:59.451,1.04038,1.04064,1.37,1.00
2017.01.26 21:47:00.055,1.04038,1.04063,1.00,1.00
2017.01.26 21:47:00.595,1.04037,1.04063,1.00,1.00
2017.01.26 21:47:01.642,1.04037,1.04065,1.00,1.00
2017.01.26 21:47:01.693,1.04042,1.04064,1.00,1.00
2017.01.26 21:47:01.752,1.04042,1.04066,1.00,1.50
2017.01.26 21:47:02.508,1.04041,1.04065,1.00,1.00
2017.01.26 21:47:04.951,1.04042,1.04065,1.00,1.00
2017.01.26 21:47:05.268,1.0404,1.04065,1.00,1.00
2017.01.26 21:47:05.627,1.04044,1.04065,1.00,1.00
2017.01.26 21:47:05.810,1.04046,1.04068,1.00,1.00
2017.01.26 21:47:06.027,1.04042,1.04068,1.50,1.00
2017.01.26 21:47:06.537,1.04043,1.04067,1.00,1.00
2017.01.26 21:47:07.800,1.04041,1.04067,1.00,1.00
2017.01.26 21:47:08.326,1.04042,1.04066,1.00,1.00
2017.01.26 21:47:08.774,1.04042,1.04068,1.00,1.00
2017.01.26 21:47:09.191,1.04045,1.0407,1.00,1.00
2017.01.26 21:47:09.343,1.04045,1.04072,1.00,1.00
2017.01.26 21:47:09.444,1.04042,1.04071,1.00,1.00
2017.01.26 21:47:09.596,1.04047,1.04071,1.00,1.00
2017.01.26 21:47:09.919,1.04044,1.04071,1.00,1.00
2017.01.26 21:47:10.118,1.04046,1.04071,1.00,1.00
2017.01.26 21:47:10.460,1.04046,1.04069,1.00,1.00
2017.01.26 21:47:11.920,1.04045,1.04069,1.00,1.00
2017.01.26 21:47:15.767,1.04046,1.04069,1.00,1.00
2017.01.26 21:47:16.297,1.04045,1.0407,1.50,1.00
2017.01.26 21:47:16.500,1.04046,1.04074,1.87,1.00
2017.01.26 21:47:16.820,1.04045,1.04073,2.25,1.00
2017.01.26 21:47:17.409,1.04045,1.04072,1.50,1.00
2017.01.26 21:47:20.336,1.04045,1.04073,1.50,1.00
2017.01.26 21:47:20.658,1.04047,1.04074,1.00,1.00
2017.01.26 21:47:21.235,1.04048,1.04075,1.00,1.00
2017.01.26 21:47:21.740,1.04049,1.04075,1.50,1.00
2017.01.26 21:47:22.648,1.04048,1.04074,1.50,1.00
2017.01.26 21:47:25.555,1.04048,1.04076,1.00,1.00
2017.01.26 21:47:26.087,1.04049,1.04076,1.00,1.00
2017.01.26 21:47:26.188,1.04046,1.04076,1.50,1.00
2017.01.26 21:47:26.239,1.04047,1.04074,1.00,1.00
2017.01.26 21:47:27.129,1.04048,1.04074,1.00,1.00
2017.01.26 21:47:27.230,1.04046,1.04074,1.50,1.00
2017.01.26 21:47:28.752,1.04047,1.04074,1.00,1.00
2017.01.26 21:47:28.803,1.04047,1.04076,1.00,1.00
2017.01.26 21:47:30.758,1.04049,1.04076,1.00,1.00
2017.01.26 21:47:32.209,1.04049,1.04074,1.00,1.00
2017.01.26 21:47:32.716,1.04049,1.04075,1.00,1.00
2017.01.26 21:47:36.525,1.04048,1.04075,1.00,1.00
2017.01.26 21:47:37.134,1.04048,1.04076,1.50,1.00
2017.01.26 21:47:37.521,1.04046,1.04075,1.50,1.00
2017.01.26 21:47:37.679,1.04048,1.04075,1.00,1.00
2017.01.26 21:47:38.455,1.04049,1.04075,1.00,1.00
2017.01.26 21:47:38.904,1.0405,1.04078,1.00,1.00
2017.01.26 21:47:38.956,1.04048,1.04078,1.50,1.00
2017.01.26 21:47:39.058,1.04049,1.04076,1.00,1.00
2017.01.26 21:47:39.586,1.04048,1.04075,1.50,1.00
2017.01.26 21:47:39.931,1.0405,1.04075,1.00,1.00
2017.01.26 21:47:40.516,1.04049,1.04074,1.00,1.00
2017.01.26 21:47:41.037,1.04048,1.04074,1.00,1.00
2017.01.26 21:47:44.256,1.04047,1.04076,1.00,1.00
2017.01.26 21:47:44.927,1.04046,1.04076,1.00,1.00
2017.01.26 21:47:45.885,1.04047,1.04076,1.00,1.00
2017.01.26 21:47:50.047,1.04047,1.04077,1.00,1.00
2017.01.26 21:47:54.466,1.04046,1.04077,2.25,1.00
2017.01.26 21:47:59.289,1.04046,1.04075,1.00,1.00
2017.01.26 21:47:59.391,1.04044,1.04075,1.50,1.00
2017.01.26 21:47:59.441,1.04048,1.04075,1.00,1.00
2017.01.26 21:47:59.766,1.04049,1.04073,1.00,1.00
2017.01.26 21:48:01.740,1.04046,1.04074,1.00,1.00
2017.01.26 21:48:01.791,1.04044,1.04074,1.00,1.00
2017.01.26 21:48:01.943,1.0404,1.04067,1.00,1.00
2017.01.26 21:48:02.463,1.04039,1.04067,1.00,1.00
2017.01.26 21:48:02.716,1.04043,1.04072,1.00,1.00
2017.01.26 21:48:02.868,1.04046,1.04074,1.00,1.00
2017.01.26 21:48:03.182,1.04048,1.04072,1.00,1.00
2017.01.26 21:48:03.283,1.04043,1.04069,1.00,1.00
2017.01.26 21:48:03.334,1.04041,1.04069,1.00,1.50
2017.01.26 21:48:03.385,1.04041,1.04065,1.00,1.00
2017.01.26 21:48:03.689,1.04044,1.04069,1.00,1.00
2017.01.26 21:48:03.739,1.04046,1.0407,1.00,1.00
2017.01.26 21:48:04.246,1.04047,1.04071,1.50,1.00
2017.01.26 21:48:04.377,1.04041,1.0407,1.50,1.00
2017.01.26 21:48:04.428,1.04042,1.04067,1.00,1.00
2017.01.26 21:48:04.530,1.04037,1.04067,2.25,1.00
2017.01.26 21:48:04.631,1.04038,1.04064,1.00,1.00
2017.01.26 21:48:04.934,1.04046,1.04069,1.00,1.00
2017.01.26 21:48:04.985,1.04047,1.04071,1.00,1.00
2017.01.26 21:48:05.036,1.04049,1.04071,1.00,1.00
2017.01.26 21:48:05.087,1.04048,1.04073,1.00,1.00
2017.01.26 21:48:05.392,1.04049,1.04071,1.00,1.00
2017.01.26 21:48:05.443,1.04042,1.04071,1.00,1.00
2017.01.26 21:48:05.733,1.04042,1.04069,1.00,1.00
2017.01.26 21:48:06.207,1.04048,1.04069,1.00,1.00
2017.01.26 21:48:06.258,1.04042,1.04069,1.00,1.00
2017.01.26 21:48:06.388,1.0404,1.04066,1.00,1.00
2017.01.26 21:48:06.713,1.04044,1.0407,1.00,1.00
2017.01.26 21:48:06.814,1.04045,1.04072,1.50,1.00
2017.01.26 21:48:06.966,1.04042,1.04073,1.00,1.00
2017.01.26 21:48:07.017,1.04039,1.04069,1.50,1.00
2017.01.26 21:48:07.373,1.04039,1.04067,1.00,1.00
2017.01.26 21:48:07.983,1.04038,1.04067,1.00,1.00
2017.01.26 21:48:11.757,1.04039,1.04067,1.00,1.00
2017.01.26 21:48:12.303,1.04038,1.04067,1.00,1.00
2017.01.26 21:48:12.916,1.04039,1.04067,1.00,1.00
2017.01.26 21:48:15.818,1.04038,1.04067,1.00,1.00
2017.01.26 21:48:16.733,1.04039,1.04065,1.00,1.00
2017.01.26 21:48:16.784,1.04041,1.04068,1.00,1.00
2017.01.26 21:48:16.886,1.04039,1.04068,1.00,1.00
2017.01.26 21:48:16.937,1.04041,1.04068,1.00,1.00
2017.01.26 21:48:17.323,1.04042,1.0407,1.00,1.00
2017.01.26 21:48:17.832,1.04042,1.04069,1.00,1.00
2017.01.26 21:48:19.119,1.04043,1.04069,1.00,1.00
2017.01.26 21:48:21.062,1.04042,1.04069,1.00,1.00
2017.01.26 21:48:21.113,1.04038,1.04069,1.00,1.00
2017.01.26 21:48:21.215,1.04038,1.04066,1.00,1.00
2017.01.26 21:48:21.316,1.04039,1.04069,1.50,1.00
2017.01.26 21:48:21.901,1.04039,1.04068,1.00,1.00
2017.01.26 21:48:21.953,1.04041,1.04068,1.00,1.00
2017.01.26 21:48:22.588,1.04042,1.04068,1.00,1.00
2017.01.26 21:48:23.221,1.04041,1.04068,1.00,1.00
2017.01.26 21:48:23.742,1.04042,1.04068,1.00,1.00
2017.01.26 21:48:24.264,1.04041,1.04067,1.00,1.00
2017.01.26 21:48:24.682,1.04042,1.04069,1.00,1.00
2017.01.26 21:48:24.884,1.04041,1.04067,1.00,1.00
2017.01.26 21:48:26.177,1.04042,1.04067,1.00,1.00
2017.01.26 21:48:27.400,1.04041,1.04067,1.00,1.00
2017.01.26 21:48:27.602,1.04037,1.04067,1.00,1.00
2017.01.26 21:48:27.736,1.04037,1.04062,1.00,1.00
2017.01.26 21:48:27.787,1.04035,1.04062,1.00,1.00
2017.01.26 21:48:28.344,1.04034,1.04062,1.00,1.00
2017.01.26 21:48:28.686,1.04037,1.04064,1.00,1.00
2017.01.26 21:48:28.888,1.04038,1.04067,1.00,1.00
2017.01.26 21:48:29.432,1.04038,1.04066,1.00,1.00
2017.01.26 21:48:29.637,1.04034,1.04063,1.00,1.00
2017.01.26 21:48:29.890,1.04038,1.04064,1.00,1.00
2017.01.26 21:48:30.043,1.04034,1.04061,1.00,1.00
2017.01.26 21:48:30.195,1.04035,1.04067,1.00,1.00
2017.01.26 21:48:30.448,1.04031,1.04067,1.00,1.50
2017.01.26 21:48:30.549,1.04031,1.04065,1.00,1.00
2017.01.26 21:48:31.099,1.04031,1.04064,1.00,1.00
2017.01.26 21:48:31.434,1.04033,1.04062,1.00,1.00
2017.01.26 21:48:31.996,1.04032,1.04062,1.00,1.00
2017.01.26 21:48:32.922,1.04031,1.04062,1.00,1.00
2017.01.26 21:48:33.270,1.04031,1.0406,1.00,1.00
2017.01.26 21:48:33.691,1.04033,1.0406,1.00,1.00
2017.01.26 21:48:33.742,1.0403,1.0406,1.00,1.00
2017.01.26 21:48:34.168,1.0403,1.04058,1.00,1.00
2017.01.26 21:48:36.057,1.04031,1.04058,1.00,1.00
2017.01.26 21:48:37.630,1.0403,1.04058,1.00,1.00
2017.01.26 21:48:39.169,1.04031,1.04058,1.00,1.00
2017.01.26 21:48:40.731,1.0403,1.04058,1.00,1.00
2017.01.26 21:48:41.817,1.04031,1.04058,1.00,1.00
2017.01.26 21:48:42.336,1.0403,1.04058,1.00,1.00
2017.01.26 21:48:43.256,1.04029,1.04058,1.50,1.00
2017.01.26 21:48:43.307,1.04027,1.04058,1.00,1.00
2017.01.26 21:48:43.830,1.04028,1.04057,1.00,1.00
2017.01.26 21:48:44.401,1.04027,1.04057,1.00,1.00
2017.01.26 21:48:44.942,1.04028,1.04056,1.00,1.00
2017.01.26 21:48:45.496,1.04027,1.04056,1.00,1.00
2017.01.26 21:48:46.017,1.04028,1.04057,1.00,1.00
2017.01.26 21:48:46.614,1.04028,1.04058,1.00,1.00
2017.01.26 21:48:48.721,1.04027,1.04058,1.00,1.00
2017.01.26 21:48:49.336,1.04028,1.04058,1.00,1.00
2017.01.26 21:48:51.397,1.04027,1.04058,1.00,1.00
2017.01.26 21:48:51.894,1.0403,1.04058,1.00,1.00
2017.01.26 21:48:54.573,1.04031,1.04057,1.00,1.00
2017.01.26 21:48:54.624,1.04028,1.04057,1.00,1.00
2017.01.26 21:48:54.675,1.04032,1.04057,1.00,1.00
2017.01.26 21:48:55.229,1.04031,1.04058,1.00,1.00
2017.01.26 21:48:57.374,1.04032,1.04058,1.00,1.00
2017.01.26 21:48:58.368,1.04032,1.04057,1.00,1.00
2017.01.26 21:48:58.915,1.04031,1.04057,1.00,1.00
2017.01.26 21:48:59.444,1.04032,1.04057,1.00,1.00
2017.01.26 21:49:00.112,1.04027,1.04056,1.00,1.00
2017.01.26 21:49:01.669,1.04028,1.04055,1.00,1.00
2017.01.26 21:49:02.646,1.04024,1.0405,1.00,1.00
2017.01.26 21:49:02.772,1.04018,1.0405,1.00,1.50
2017.01.26 21:49:02.823,1.04018,1.04047,1.00,1.00
2017.01.26 21:49:02.975,1.04019,1.0405,1.00,1.00
2017.01.26 21:49:03.177,1.04019,1.04048,1.00,1.00
2017.01.26 21:49:03.856,1.04018,1.04048,1.00,1.00
2017.01.26 21:49:04.633,1.04019,1.04048,1.00,1.00
2017.01.26 21:49:06.856,1.04018,1.04048,1.00,1.00
2017.01.26 21:49:08.264,1.04019,1.04048,1.00,1.00
2017.01.26 21:49:08.751,1.04019,1.04048,1.75,1.00
2017.01.26 21:49:08.802,1.04023,1.0405,1.37,1.00
2017.01.26 21:49:08.903,1.04023,1.04052,1.12,1.00
2017.01.26 21:49:09.106,1.04023,1.0405,1.00,1.00
2017.01.26 21:49:09.359,1.04019,1.04048,1.00,1.00
2017.01.26 21:49:09.883,1.04018,1.04049,1.50,1.00
2017.01.26 21:49:09.984,1.04018,1.04049,1.00,1.00
2017.01.26 21:49:10.530,1.04018,1.0405,1.00,1.00
2017.01.26 21:49:11.095,1.04019,1.0405,1.00,1.00
2017.01.26 21:49:12.451,1.04018,1.0405,1.00,1.00
2017.01.26 21:49:13.042,1.04019,1.0405,1.00,1.00
2017.01.26 21:49:16.219,1.0402,1.0405,1.00,1.00
2017.01.26 21:49:16.320,1.04023,1.04054,1.00,1.00
2017.01.26 21:49:16.371,1.0403,1.04054,1.00,1.00
2017.01.26 21:49:16.673,1.04028,1.04056,1.00,1.00
2017.01.26 21:49:16.875,1.04028,1.04054,1.00,1.00
2017.01.26 21:49:17.385,1.04027,1.04053,1.00,1.00
2017.01.26 21:49:18.705,1.04025,1.04052,1.00,1.00
2017.01.26 21:49:18.806,1.04028,1.04054,1.00,1.00
2017.01.26 21:49:19.139,1.04031,1.04055,1.00,1.00
2017.01.26 21:49:20.212,1.04031,1.04054,1.00,1.00
2017.01.26 21:49:20.751,1.04031,1.04053,1.00,1.00
2017.01.26 21:49:21.461,1.04033,1.04053,1.00,1.00
2017.01.26 21:49:22.054,1.04034,1.04053,1.00,1.00
2017.01.26 21:49:22.156,1.04031,1.04053,1.00,1.00
2017.01.26 21:49:25.552,1.04032,1.04054,1.00,1.00
2017.01.26 21:49:25.653,1.04029,1.04055,1.50,1.00
2017.01.26 21:49:25.754,1.0403,1.04055,1.50,1.00
2017.01.26 21:49:31.182,1.04032,1.04055,1.00,1.00
2017.01.26 21:49:31.605,1.04033,1.04058,1.00,1.00
2017.01.26 21:49:33.915,1.04031,1.04057,1.00,1.00
2017.01.26 21:49:34.797,1.04031,1.04056,1.00,1.00
2017.01.26 21:49:35.307,1.04031,1.04055,1.00,1.00
2017.01.26 21:49:36.018,1.04029,1.04055,1.00,1.00
2017.01.26 21:49:38.528,1.0403,1.04055,1.00,1.00
2017.01.26 21:49:40.531,1.04029,1.04055,1.00,1.00
2017.01.26 21:49:41.417,1.0403,1.04055,1.00,1.00
2017.01.26 21:49:42.742,1.04031,1.0406,1.50,1.00
2017.01.26 21:49:42.844,1.04043,1.04064,1.87,1.00
2017.01.26 21:49:42.895,1.04046,1.04067,1.00,2.25
2017.01.26 21:49:42.946,1.04047,1.0407,1.37,1.00
2017.01.26 21:49:42.997,1.04048,1.04072,1.00,1.00
2017.01.26 21:49:43.048,1.04053,1.04074,1.00,1.00
2017.01.26 21:49:43.171,1.04048,1.04074,1.00,1.00
2017.01.26 21:49:43.222,1.04051,1.04073,1.00,1.00
2017.01.26 21:49:43.323,1.04049,1.04073,1.00,1.00
2017.01.26 21:49:43.425,1.04049,1.04071,1.00,1.00
2017.01.26 21:49:43.963,1.04049,1.0407,1.00,1.00
2017.01.26 21:49:44.769,1.04052,1.04075,1.00,1.00
2017.01.26 21:49:44.820,1.0405,1.04075,2.25,1.00
2017.01.26 21:49:44.922,1.04052,1.04076,1.00,1.00
2017.01.26 21:49:45.074,1.04056,1.04079,1.00,1.00
2017.01.26 21:49:45.384,1.04054,1.04077,1.00,1.00
2017.01.26 21:49:45.764,1.04056,1.04077,1.00,1.00
2017.01.26 21:49:47.200,1.04056,1.04078,1.00,1.00
2017.01.26 21:49:47.998,1.0406,1.04078,1.00,1.00
2017.01.26 21:49:48.048,1.04056,1.04078,1.00,1.00
2017.01.26 21:49:48.343,1.04052,1.04077,1.50,1.00
2017.01.26 21:49:48.394,1.04049,1.04077,1.00,1.00
2017.01.26 21:49:48.546,1.04048,1.04073,1.00,1.00
2017.01.26 21:49:48.647,1.04045,1.04073,1.00,1.00
2017.01.26 21:49:48.749,1.0404,1.04072,1.50,1.00
2017.01.26 21:49:49.002,1.04046,1.04072,1.00,1.00
2017.01.26 21:49:49.709,1.04047,1.04072,1.00,1.00
2017.01.26 21:49:51.318,1.04043,1.04072,1.00,1.00
2017.01.26 21:49:52.386,1.04042,1.04072,1.00,1.00
2017.01.26 21:49:52.899,1.04042,1.04071,1.00,1.00
2017.01.26 21:49:53.717,1.04042,1.0407,1.00,1.00
2017.01.26 21:49:54.312,1.04042,1.04069,1.00,1.00
2017.01.26 21:49:55.163,1.04042,1.0407,1.00,1.00
2017.01.26 21:49:56.775,1.04042,1.04071,1.00,1.00
2017.01.26 21:49:57.347,1.04042,1.04069,1.00,1.00
2017.01.26 21:50:00.178,1.04043,1.0407,1.00,1.00
2017.01.26 21:50:00.229,1.04041,1.0407,1.00,1.00
2017.01.26 21:50:00.501,1.04042,1.04073,1.50,1.00
2017.01.26 21:50:00.603,1.04046,1.04072,1.00,1.00
2017.01.26 21:50:01.131,1.04045,1.04072,1.00,1.00
2017.01.26 21:50:01.470,1.04045,1.0407,1.00,1.00
2017.01.26 21:50:01.521,1.04039,1.04069,1.00,1.00
2017.01.26 21:50:01.712,1.04036,1.04065,1.00,1.00
2017.01.26 21:50:01.763,1.04034,1.04065,1.00,1.00
2017.01.26 21:50:01.865,1.04037,1.04071,1.00,1.00
2017.01.26 21:50:02.068,1.04038,1.04069,1.87,1.00
2017.01.26 21:50:02.319,1.04034,1.04066,1.00,1.50
2017.01.26 21:50:02.623,1.04034,1.04064,1.00,1.00
2017.01.26 21:50:03.263,1.04033,1.04065,1.00,1.00
2017.01.26 21:50:03.365,1.04031,1.04065,1.00,1.00
2017.01.26 21:50:03.960,1.04031,1.04063,1.00,1.00
2017.01.26 21:50:04.296,1.04034,1.04063,1.00,1.00
2017.01.26 21:50:04.347,1.04035,1.04065,1.00,1.00
2017.01.26 21:50:04.398,1.04035,1.04068,1.50,1.00
2017.01.26 21:50:04.502,1.04038,1.04069,1.00,1.00
2017.01.26 21:50:04.604,1.04038,1.04071,1.00,1.00
2017.01.26 21:50:04.705,1.04038,1.04071,1.37,1.00
2017.01.26 21:50:05.109,1.04043,1.0407,1.00,1.00
2017.01.26 21:50:06.915,1.04045,1.0407,1.00,1.00
2017.01.26 21:50:07.343,1.04041,1.04068,1.00,1.00
2017.01.26 21:50:07.444,1.04034,1.04068,1.00,1.00
2017.01.26 21:50:07.546,1.04035,1.04066,1.00,1.00
2017.01.26 21:50:07.669,1.04035,1.04068,1.00,1.00
2017.01.26 21:50:07.770,1.04038,1.04068,1.00,1.00
2017.01.26 21:50:08.050,1.04038,1.04071,2.25,1.00
2017.01.26 21:50:08.101,1.04042,1.0407,1.00,1.00
2017.01.26 21:50:08.152,1.04035,1.04069,1.37,1.00
2017.01.26 21:50:08.203,1.04035,1.04067,1.00,1.00
2017.01.26 21:50:08.305,1.04031,1.04066,1.00,1.00
2017.01.26 21:50:08.356,1.04031,1.04062,1.00,1.00
2017.01.26 21:50:08.609,1.04037,1.0407,1.00,1.00
2017.01.26 21:50:08.710,1.04037,1.04071,1.50,1.00
2017.01.26 21:50:09.014,1.04036,1.04063,1.00,1.00
2017.01.26 21:50:09.216,1.04035,1.04065,1.00,1.00
2017.01.26 21:50:09.318,1.04036,1.04068,1.50,1.00
2017.01.26 21:50:09.470,1.04044,1.04068,1.00,1.00
2017.01.26 21:50:09.520,1.04035,1.04068,1.00,1.50
2017.01.26 21:50:09.622,1.04034,1.04065,1.00,1.00
2017.01.26 21:50:09.847,1.04031,1.04066,1.00,1.00
2017.01.26 21:50:10.100,1.04032,1.04063,1.00,1.00
2017.01.26 21:50:10.522,1.04031,1.04061,1.00,1.00
2017.01.26 21:50:10.918,1.04027,1.04061,1.00,1.00
2017.01.26 21:50:10.968,1.04027,1.04054,1.00,1.00
2017.01.26 21:50:11.019,1.04024,1.04053,1.00,1.00
2017.01.26 21:50:11.273,1.0402,1.04053,1.50,1.00
2017.01.26 21:50:11.640,1.04019,1.04046,1.00,1.00
2017.01.26 21:50:11.893,1.04019,1.04048,1.00,1.00
2017.01.26 21:50:11.994,1.0402,1.0405,1.00,1.00
2017.01.26 21:50:12.095,1.0402,1.04052,1.00,1.50
2017.01.26 21:50:12.247,1.04017,1.04051,1.00,1.00
2017.01.26 21:50:12.567,1.04018,1.04049,1.00,1.00
2017.01.26 21:50:13.113,1.04017,1.04049,1.00,1.00
2017.01.26 21:50:13.451,1.04009,1.0404,1.00,1.50
2017.01.26 21:50:13.754,1.0401,1.04038,1.00,1.00
2017.01.26 21:50:14.329,1.04009,1.04038,1.00,1.00
2017.01.26 21:50:14.874,1.0401,1.04038,1.00,1.00
2017.01.26 21:50:14.925,1.04006,1.04036,1.00,1.50
2017.01.26 21:50:14.976,1.04,1.04036,1.37,1.50
2017.01.26 21:50:15.078,1.03996,1.04035,1.00,1.00
2017.01.26 21:50:15.129,1.03996,1.04032,1.00,1.00
2017.01.26 21:50:15.230,1.03994,1.04032,1.00,1.50
2017.01.26 21:50:15.741,1.03992,1.04026,1.00,1.50
2017.01.26 21:50:16.044,1.03991,1.04022,1.00,1.50
2017.01.26 21:50:16.385,1.03995,1.04026,1.50,1.00
2017.01.26 21:50:16.948,1.03996,1.04026,1.00,1.00
2017.01.26 21:50:17.253,1.03996,1.04024,1.00,1.00
2017.01.26 21:50:19.501,1.03996,1.04025,1.00,1.00
2017.01.26 21:50:19.849,1.03996,1.04022,1.00,1.00
2017.01.26 21:50:20.218,1.03995,1.0402,1.00,1.00
2017.01.26 21:50:20.775,1.03996,1.0402,1.00,1.00
2017.01.26 21:50:21.382,1.03996,1.04021,1.00,1.00
2017.01.26 21:50:22.125,1.03995,1.04021,1.00,1.00
2017.01.26 21:50:22.765,1.03995,1.0402,1.00,1.00
2017.01.26 21:50:23.415,1.03994,1.0402,1.00,1.00
2017.01.26 21:50:24.008,1.03995,1.04018,1.00,1.00
2017.01.26 21:50:24.735,1.03995,1.04017,1.00,1.00
2017.01.26 21:50:25.187,1.03995,1.0402,1.00,1.00
2017.01.26 21:50:25.436,1.03994,1.04018,1.00,1.00
2017.01.26 21:50:25.712,1.03995,1.0402,1.50,1.00
2017.01.26 21:50:25.763,1.04001,1.04025,1.00,1.00
2017.01.26 21:50:25.815,1.04001,1.04028,1.00,1.00
2017.01.26 21:50:25.867,1.04001,1.0403,1.00,1.00
2017.01.26 21:50:25.968,1.04005,1.0403,1.00,1.00
2017.01.26 21:50:26.286,1.04001,1.04026,1.00,1.00
2017.01.26 21:50:26.994,1.04001,1.04028,1.00,1.00
2017.01.26 21:50:27.214,1.04001,1.04026,1.00,1.00
2017.01.26 21:50:27.783,1.04,1.04026,1.00,1.00
2017.01.26 21:50:28.223,1.04002,1.04026,1.00,1.00
2017.01.26 21:50:28.325,1.04001,1.04028,1.00,1.00
2017.01.26 21:50:28.956,1.04001,1.04029,1.00,1.00
2017.01.26 21:50:29.158,1.04001,1.04026,1.00,1.00
2017.01.26 21:50:30.195,1.03999,1.04026,1.00,1.00
2017.01.26 21:50:31.319,1.03999,1.04025,1.00,1.00
2017.01.26 21:50:31.832,1.03998,1.04025,1.00,1.00
2017.01.26 21:50:32.626,1.03999,1.04026,1.00,1.00
2017.01.26 21:50:32.744,1.03999,1.04028,1.00,1.00
2017.01.26 21:50:32.950,1.04,1.04026,1.00,1.00
2017.01.26 21:50:35.575,1.04,1.04029,1.00,1.00
2017.01.26 21:50:37.916,1.03999,1.04029,1.50,1.00
2017.01.26 21:50:38.494,1.04,1.04029,1.00,1.00
2017.01.26 21:50:39.125,1.03998,1.04029,1.00,1.00
2017.01.26 21:50:39.677,1.03999,1.04028,1.00,1.00
2017.01.26 21:50:39.987,1.03999,1.0403,1.00,1.00
2017.01.26 21:50:40.139,1.04001,1.0403,1.00,1.00
2017.01.26 21:50:40.190,1.04002,1.04032,1.00,1.50
2017.01.26 21:50:40.292,1.04002,1.04035,1.00,1.00
2017.01.26 21:50:40.822,1.04002,1.04034,1.00,1.00
2017.01.26 21:50:43.253,1.04001,1.04034,1.00,1.00
2017.01.26 21:50:43.778,1.04002,1.04034,1.00,1.00
2017.01.26 21:50:44.316,1.04001,1.04034,1.00,1.00
2017.01.26 21:50:44.852,1.04002,1.04034,1.00,1.00
2017.01.26 21:50:45.383,1.04001,1.04034,1.00,1.00
2017.01.26 21:50:46.087,1.04002,1.04034,1.00,1.00
2017.01.26 21:50:47.003,1.04001,1.04034,1.00,1.00
2017.01.26 21:50:48.765,1.04002,1.04034,1.00,1.00
2017.01.26 21:50:49.246,1.04002,1.04036,1.00,1.00
2017.01.26 21:50:51.369,1.04002,1.04034,1.00,1.00
2017.01.26 21:50:51.954,1.04001,1.04034,1.50,1.00
2017.01.26 21:50:52.542,1.04002,1.04034,1.00,1.00
2017.01.26 21:50:53.425,1.04002,1.04033,1.00,1.00
2017.01.26 21:50:53.975,1.04001,1.04033,1.00,1.00
2017.01.26 21:50:54.503,1.04002,1.04033,1.00,1.00
2017.01.26 21:50:55.255,1.04006,1.04036,1.00,1.00
2017.01.26 21:50:55.498,1.04003,1.04037,1.87,1.00
2017.01.26 21:50:55.701,1.04001,1.04036,1.50,1.00
2017.01.26 21:50:55.752,1.04002,1.04033,1.00,1.00
2017.01.26 21:50:56.207,1.04002,1.04035,1.00,1.00
2017.01.26 21:50:56.853,1.04001,1.04035,1.00,1.00
2017.01.26 21:50:58.596,1.04002,1.04035,1.00,1.00
2017.01.26 21:50:59.984,1.04001,1.04035,1.00,1.00
2017.01.26 21:51:00.616,1.04002,1.04035,1.00,1.00
2017.01.26 21:51:02.364,1.04001,1.04035,1.00,1.00
2017.01.26 21:51:02.893,1.04002,1.04035,1.00,1.00
2017.01.26 21:51:03.812,1.04001,1.04035,1.00,1.00
2017.01.26 21:51:04.232,1.04005,1.04035,1.00,1.00
2017.01.26 21:51:04.553,1.04002,1.04035,1.00,1.00
2017.01.26 21:51:04.638,1.04004,1.04035,1.00,1.00
2017.01.26 21:51:05.115,1.04008,1.04035,1.00,1.00
2017.01.26 21:51:05.773,1.04009,1.04035,1.00,1.00
2017.01.26 21:51:08.063,1.04006,1.04035,1.00,1.00
2017.01.26 21:51:08.843,1.04008,1.04035,1.00,1.00
2017.01.26 21:51:09.168,1.04006,1.04035,1.00,1.00
2017.01.26 21:51:10.675,1.04008,1.04035,1.00,1.00
2017.01.26 21:51:10.914,1.04006,1.04035,1.00,1.00
2017.01.26 21:51:11.521,1.04007,1.04035,1.00,1.00
2017.01.26 21:51:12.315,1.04005,1.04035,1.00,1.00
2017.01.26 21:51:15.579,1.04006,1.04035,1.00,1.00
2017.01.26 21:51:17.871,1.04006,1.04033,1.00,1.00
2017.01.26 21:51:18.697,1.04004,1.04033,1.00,1.00
2017.01.26 21:51:23.550,1.04001,1.04033,1.50,1.00
2017.01.26 21:51:24.045,1.04004,1.04033,1.00,1.00
2017.01.26 21:51:24.484,1.04004,1.04035,1.00,1.00
2017.01.26 21:51:24.636,1.04003,1.04037,1.00,1.00
2017.01.26 21:51:25.154,1.04006,1.04036,1.00,1.00
2017.01.26 21:51:26.047,1.04008,1.04036,1.00,1.00
2017.01.26 21:51:29.516,1.04006,1.04036,1.00,1.00
2017.01.26 21:51:31.022,1.04008,1.04037,1.00,1.00
2017.01.26 21:51:31.429,1.04008,1.04033,1.00,1.00
2017.01.26 21:51:32.015,1.04006,1.04033,1.00,1.00
2017.01.26 21:51:32.561,1.04008,1.04033,1.00,1.00
2017.01.26 21:51:33.430,1.04005,1.04033,1.50,1.00
2017.01.26 21:51:34.004,1.04007,1.04033,1.00,1.00
2017.01.26 21:51:34.055,1.04008,1.04035,1.00,1.00
2017.01.26 21:51:34.258,1.04006,1.04034,1.00,1.00
2017.01.26 21:51:34.980,1.04005,1.04034,1.00,1.00
2017.01.26 21:51:35.516,1.04006,1.04034,1.00,1.00
2017.01.26 21:51:42.591,1.04006,1.04032,1.00,1.00
2017.01.26 21:51:43.704,1.04008,1.04032,1.00,1.00
2017.01.26 21:51:43.805,1.04005,1.04032,1.00,1.00
2017.01.26 21:51:44.495,1.04006,1.04032,1.00,1.00
2017.01.26 21:51:45.209,1.04005,1.04031,1.00,1.00
2017.01.26 21:51:45.842,1.04009,1.04031,1.00,1.00
2017.01.26 21:51:46.472,1.04009,1.04032,1.00,1.00
2017.01.26 21:51:51.845,1.0401,1.04032,1.00,1.00
2017.01.26 21:51:52.039,1.04002,1.04032,1.50,1.00
2017.01.26 21:51:52.090,1.04,1.04031,1.00,1.00
2017.01.26 21:51:52.141,1.03997,1.04031,1.00,1.00
2017.01.26 21:51:52.293,1.03995,1.04026,1.00,1.00
2017.01.26 21:51:52.650,1.03995,1.04024,1.00,1.00
2017.01.26 21:51:52.888,1.03995,1.04026,1.00,1.00
2017.01.26 21:51:52.939,1.03997,1.04026,1.00,1.00
2017.01.26 21:51:53.050,1.03993,1.04028,2.62,1.00
2017.01.26 21:51:53.156,1.03994,1.04029,1.87,1.00
2017.01.26 21:51:53.673,1.03994,1.04029,1.37,1.00
2017.01.26 21:52:01.863,1.03994,1.04029,1.75,1.00
2017.01.26 21:52:11.729,1.03994,1.04028,2.25,1.00
2017.01.26 21:52:12.819,1.03994,1.04027,2.25,1.00
2017.01.26 21:52:13.866,1.03994,1.04025,1.75,1.00
2017.01.26 21:52:14.870,1.03994,1.04024,1.75,1.00
2017.01.26 21:52:15.552,1.03993,1.04025,2.25,1.00
2017.01.26 21:52:16.925,1.03994,1.04025,1.75,1.00
2017.01.26 21:52:17.248,1.03994,1.04025,1.87,1.00
2017.01.26 21:52:19.541,1.03994,1.04023,1.75,1.00
2017.01.26 21:52:19.744,1.03993,1.04022,1.00,1.00
2017.01.26 21:52:20.032,1.04002,1.04022,1.00,1.00
2017.01.26 21:52:20.570,1.04002,1.04023,1.00,1.00
2017.01.26 21:52:21.164,1.04002,1.04024,1.00,1.00
2017.01.26 21:52:22.273,1.04,1.04024,1.00,1.00
2017.01.26 21:52:22.374,1.03993,1.04024,1.50,1.00
2017.01.26 21:52:22.678,1.03998,1.04023,1.00,1.00
2017.01.26 21:52:23.180,1.03999,1.04023,1.00,1.00
2017.01.26 21:52:26.570,1.03999,1.04022,1.00,1.00
2017.01.26 21:52:28.289,1.03999,1.04021,1.00,1.00
2017.01.26 21:52:28.837,1.03998,1.04022,1.00,1.00
2017.01.26 21:52:29.415,1.03998,1.04023,1.00,1.00
2017.01.26 21:52:30.148,1.03999,1.04023,1.00,1.00
2017.01.26 21:52:30.460,1.03994,1.04023,1.00,1.00
2017.01.26 21:52:31.003,1.03993,1.04022,1.00,1.00
2017.01.26 21:52:31.054,1.03994,1.0402,1.00,1.00
2017.01.26 21:52:38.851,1.03993,1.0402,1.00,1.00
2017.01.26 21:52:39.389,1.03994,1.0402,1.00,1.00
2017.01.26 21:52:39.702,1.03994,1.04023,1.00,1.00
2017.01.26 21:52:40.224,1.03994,1.04022,1.00,1.00
2017.01.26 21:52:40.309,1.03994,1.0402,1.00,1.00
2017.01.26 21:52:41.037,1.03994,1.04019,1.00,1.00
2017.01.26 21:52:41.914,1.03993,1.04019,1.00,1.00
2017.01.26 21:52:42.464,1.03994,1.04019,1.00,1.00
2017.01.26 21:52:42.775,1.03993,1.04021,1.00,1.00
2017.01.26 21:52:42.826,1.03989,1.0402,1.00,1.00
2017.01.26 21:52:43.232,1.0399,1.04018,1.00,1.00
2017.01.26 21:52:44.029,1.03989,1.04019,1.00,1.00
2017.01.26 21:52:44.853,1.0399,1.04019,1.00,1.00
2017.01.26 21:52:45.681,1.03989,1.04019,1.00,1.00
2017.01.26 21:52:46.008,1.03991,1.04019,1.00,1.00
2017.01.26 21:52:46.516,1.03989,1.04019,1.50,1.00
2017.01.26 21:52:47.466,1.0399,1.0402,1.50,1.00
2017.01.26 21:52:47.929,1.0399,1.04018,1.50,1.00
2017.01.26 21:52:48.756,1.03991,1.04018,1.00,1.00
2017.01.26 21:52:49.308,1.0399,1.04018,1.50,1.00
2017.01.26 21:52:50.335,1.0399,1.04019,1.50,1.00
2017.01.26 21:52:50.837,1.03989,1.04018,1.00,1.00
2017.01.26 21:52:54.815,1.0399,1.04018,1.00,1.00
2017.01.26 21:52:56.620,1.03989,1.04018,1.00,1.00
2017.01.26 21:52:57.215,1.0399,1.04018,1.50,1.00
2017.01.26 21:52:59.364,1.03989,1.04018,1.50,1.00
2017.01.26 21:53:02.512,1.0399,1.04018,1.00,1.00
2017.01.26 21:53:08.814,1.03989,1.04018,1.00,1.00
2017.01.26 21:53:11.299,1.0399,1.04018,1.00,1.00
2017.01.26 21:53:12.814,1.03989,1.04018,1.50,1.00
2017.01.26 21:53:18.775,1.0399,1.04018,1.00,1.00
2017.01.26 21:53:22.814,1.03989,1.04018,1.50,1.00
2017.01.26 21:53:23.069,1.0399,1.0402,1.50,1.00
2017.01.26 21:53:23.120,1.03993,1.04022,1.00,1.00
2017.01.26 21:53:23.734,1.03994,1.04022,1.00,1.00
2017.01.26 21:53:25.752,1.03993,1.04022,1.00,1.00
2017.01.26 21:53:27.054,1.03994,1.04022,1.00,1.00
2017.01.26 21:53:28.154,1.0399,1.04022,1.00,1.00
2017.01.26 21:53:30.277,1.0399,1.04021,1.00,1.00
2017.01.26 21:53:32.043,1.0399,1.04021,1.37,1.00
2017.01.26 21:53:35.741,1.03989,1.0402,1.50,1.00
2017.01.26 21:53:36.799,1.0399,1.04021,1.37,1.00
2017.01.26 21:53:37.343,1.0399,1.04021,1.50,1.00
2017.01.26 21:53:37.773,1.03989,1.0402,1.00,1.00
2017.01.26 21:53:38.334,1.0399,1.04019,1.00,1.00
2017.01.26 21:53:39.893,1.03989,1.04019,1.00,1.00
2017.01.26 21:53:41.598,1.03989,1.0402,1.00,1.00
2017.01.26 21:53:41.649,1.03994,1.04023,1.00,1.00
2017.01.26 21:53:42.245,1.03994,1.04024,1.12,1.00
2017.01.26 21:53:44.208,1.03989,1.0402,1.12,1.00
2017.01.26 21:53:44.410,1.03984,1.04016,1.37,1.00
2017.01.26 21:53:44.461,1.03984,1.04016,1.00,1.00
2017.01.26 21:53:44.879,1.03984,1.04014,1.00,1.00
2017.01.26 21:53:45.258,1.03985,1.04016,1.00,1.00
2017.01.26 21:53:45.376,1.03989,1.04016,1.00,1.00
2017.01.26 21:53:45.926,1.03989,1.04015,1.00,1.00
2017.01.26 21:53:46.611,1.03988,1.04015,1.00,1.00
2017.01.26 21:53:47.151,1.03989,1.04014,1.00,1.00
2017.01.26 21:53:48.695,1.03988,1.04014,1.00,1.00
2017.01.26 21:53:50.822,1.03989,1.04014,1.00,1.00
2017.01.26 21:53:51.371,1.03988,1.04014,1.00,1.00
2017.01.26 21:53:51.895,1.03989,1.04014,1.00,1.00
2017.01.26 21:53:52.047,1.03989,1.04016,1.00,1.00
2017.01.26 21:53:52.209,1.03989,1.04014,1.00,1.00
2017.01.26 21:53:52.761,1.03988,1.04014,1.00,1.00
2017.01.26 21:53:53.291,1.03989,1.04014,1.00,1.00
2017.01.26 21:53:53.905,1.03988,1.04014,1.00,1.00
2017.01.26 21:53:54.924,1.03989,1.04014,1.00,1.00
2017.01.26 21:53:55.994,1.03988,1.04014,1.00,1.00
2017.01.26 21:53:56.293,1.03988,1.04016,1.00,1.00
2017.01.26 21:53:56.737,1.03989,1.04014,1.00,1.00
2017.01.26 21:53:57.374,1.03989,1.04015,1.00,1.00
2017.01.26 21:53:57.875,1.03988,1.04014,1.00,1.00
2017.01.26 21:53:59.662,1.03989,1.04014,1.00,1.00
2017.01.26 21:53:59.915,1.03988,1.04017,1.00,1.00
2017.01.26 21:54:00.019,1.0399,1.0402,1.00,1.00
2017.01.26 21:54:00.070,1.03989,1.0402,1.87,1.00
2017.01.26 21:54:00.121,1.03989,1.04022,1.50,1.00
2017.01.26 21:54:00.171,1.0399,1.04022,1.87,1.00
2017.01.26 21:54:00.497,1.03992,1.04018,1.00,1.00
2017.01.26 21:54:00.800,1.03992,1.04016,1.00,1.00
2017.01.26 21:54:00.851,1.03987,1.04016,1.00,1.00
2017.01.26 21:54:01.129,1.03988,1.04014,1.00,1.00
2017.01.26 21:54:01.983,1.03987,1.04014,1.00,1.00
2017.01.26 21:54:02.887,1.03988,1.04014,1.00,1.00
2017.01.26 21:54:03.515,1.03989,1.04014,1.00,1.00
2017.01.26 21:54:05.612,1.03988,1.04014,1.00,1.00
2017.01.26 21:54:07.332,1.03987,1.04014,1.00,1.00
2017.01.26 21:54:08.986,1.03988,1.04014,1.00,1.00
2017.01.26 21:54:09.741,1.03988,1.04013,1.00,1.00
2017.01.26 21:54:10.398,1.03987,1.04013,1.00,1.00
2017.01.26 21:54:14.132,1.03988,1.04013,1.00,1.00
2017.01.26 21:54:14.763,1.03987,1.04013,1.00,1.00
2017.01.26 21:54:15.362,1.03988,1.04013,1.00,1.00
2017.01.26 21:54:15.982,1.03987,1.04013,1.00,1.00
2017.01.26 21:54:16.673,1.03988,1.04013,1.00,1.00
2017.01.26 21:54:17.472,1.03988,1.04012,1.00,1.00
2017.01.26 21:54:20.813,1.03987,1.04012,1.00,1.00
2017.01.26 21:54:24.811,1.03988,1.04012,1.00,1.00
2017.01.26 21:54:26.945,1.03987,1.04012,1.00,1.00
2017.01.26 21:54:26.996,1.03987,1.04015,1.00,1.00
2017.01.26 21:54:27.567,1.03987,1.04014,1.50,1.00
2017.01.26 21:54:28.133,1.03988,1.04014,1.00,1.00
2017.01.26 21:54:32.307,1.03988,1.04015,1.50,1.00
2017.01.26 21:54:32.885,1.03988,1.04014,1.00,1.00
2017.01.26 21:54:32.937,1.03985,1.04014,1.00,1.00
2017.01.26 21:54:33.744,1.03985,1.04013,1.00,1.00
2017.01.26 21:54:34.383,1.03984,1.04013,1.00,1.00
2017.01.26 21:54:35.649,1.03985,1.04013,1.00,1.00
2017.01.26 21:54:37.762,1.03984,1.04013,1.00,1.00
2017.01.26 21:54:38.278,1.03985,1.04013,1.00,1.00
2017.01.26 21:54:41.766,1.03984,1.04013,1.00,1.00
2017.01.26 21:54:42.348,1.03985,1.04013,1.00,1.00
2017.01.26 21:54:45.402,1.03985,1.04015,1.00,1.00
2017.01.26 21:54:47.384,1.03985,1.04014,1.00,1.00
2017.01.26 21:54:48.105,1.03985,1.04012,1.00,1.00
2017.01.26 21:54:48.742,1.03984,1.04012,1.00,1.00
2017.01.26 21:54:49.472,1.03985,1.04012,1.00,1.00
2017.01.26 21:54:50.172,1.03984,1.04012,1.00,1.00
2017.01.26 21:54:50.851,1.03985,1.04012,1.00,1.00
2017.01.26 21:54:51.284,1.03988,1.04013,1.00,1.00
2017.01.26 21:54:51.386,1.03988,1.04015,1.00,1.00
2017.01.26 21:54:51.838,1.03988,1.04012,1.00,1.00
2017.01.26 21:54:52.155,1.03985,1.04012,1.00,1.00
2017.01.26 21:54:52.658,1.03985,1.04011,1.00,1.00
2017.01.26 21:54:54.534,1.03981,1.04011,1.50,1.00
2017.01.26 21:54:54.585,1.03981,1.04008,1.00,1.00
2017.01.26 21:54:54.639,1.03976,1.04008,1.00,1.00
2017.01.26 21:54:54.903,1.03969,1.04004,1.00,1.37
2017.01.26 21:54:54.954,1.03969,1.04004,1.00,1.75
2017.01.26 21:54:55.278,1.03969,1.03998,1.00,1.00
2017.01.26 21:54:55.788,1.03968,1.03998,1.00,1.00
2017.01.26 21:54:56.332,1.03969,1.03998,1.00,1.00
2017.01.26 21:54:57.124,1.03968,1.03998,1.00,1.00
2017.01.26 21:54:57.955,1.03969,1.03998,1.00,1.00
2017.01.26 21:54:58.616,1.03968,1.03998,1.00,1.00
2017.01.26 21:55:00.088,1.03969,1.03998,1.00,1.00
2017.01.26 21:55:00.743,1.03968,1.03998,1.00,1.00
2017.01.26 21:55:01.256,1.03969,1.03998,1.00,1.00
2017.01.26 21:55:02.054,1.03969,1.03997,1.00,1.00
2017.01.26 21:55:03.269,1.03964,1.03997,1.50,1.00
2017.01.26 21:55:03.320,1.03964,1.03995,1.00,1.00
2017.01.26 21:55:04.059,1.03964,1.03994,1.00,1.00
2017.01.26 21:55:06.199,1.03965,1.03994,1.00,1.00
2017.01.26 21:55:06.962,1.03968,1.03994,1.00,1.00
2017.01.26 21:55:07.816,1.03967,1.03994,1.00,1.00
2017.01.26 21:55:08.816,1.03968,1.03994,1.00,1.00
2017.01.26 21:55:12.427,1.03968,1.03995,1.00,1.00
2017.01.26 21:55:12.940,1.03967,1.03994,1.00,1.00
2017.01.26 21:55:13.600,1.03964,1.03994,1.00,1.00
2017.01.26 21:55:16.726,1.03963,1.03994,1.00,1.00
2017.01.26 21:55:17.252,1.03964,1.03994,1.00,1.00
2017.01.26 21:55:17.932,1.03963,1.03994,1.00,1.00
2017.01.26 21:55:20.374,1.03964,1.03994,1.00,1.00
2017.01.26 21:55:20.755,1.0396,1.03994,2.25,1.00
2017.01.26 21:55:20.856,1.03963,1.03993,1.00,1.00
2017.01.26 21:55:21.160,1.03963,1.03991,1.00,1.00
2017.01.26 21:55:22.238,1.03962,1.03991,1.00,1.00
2017.01.26 21:55:23.380,1.03963,1.03991,1.00,1.00
2017.01.26 21:55:23.966,1.03962,1.03991,1.00,1.00
2017.01.26 21:55:24.472,1.03963,1.03991,1.00,1.00
2017.01.26 21:55:25.787,1.03962,1.03991,1.00,1.00
2017.01.26 21:55:28.252,1.03963,1.03991,1.00,1.00
2017.01.26 21:55:28.657,1.03962,1.03989,1.00,1.00
2017.01.26 21:55:29.271,1.03963,1.03988,1.00,1.00
2017.01.26 21:55:29.816,1.03962,1.03988,1.00,1.00
2017.01.26 21:55:30.591,1.03963,1.03988,1.00,1.00
2017.01.26 21:55:31.174,1.03962,1.03988,1.00,1.00
2017.01.26 21:55:32.262,1.03963,1.03988,1.00,1.00
2017.01.26 21:55:32.902,1.03962,1.03988,1.00,1.00
2017.01.26 21:55:33.561,1.03963,1.03988,1.00,1.00
2017.01.26 21:55:34.818,1.03962,1.03988,1.00,1.00
2017.01.26 21:55:35.366,1.03963,1.03988,1.00,1.00
2017.01.26 21:55:36.510,1.03959,1.03988,1.00,1.00
2017.01.26 21:55:36.612,1.03963,1.03988,1.00,1.00
2017.01.26 21:55:37.438,1.03962,1.03988,1.00,1.00
2017.01.26 21:55:38.055,1.03963,1.03988,1.00,1.00
2017.01.26 21:55:38.105,1.03963,1.0399,1.00,1.00
2017.01.26 21:55:38.424,1.03963,1.03988,1.00,1.00
2017.01.26 21:55:38.959,1.03962,1.03988,1.00,1.00
2017.01.26 21:55:39.519,1.03963,1.03988,1.00,1.00
2017.01.26 21:55:40.122,1.03962,1.03988,1.00,1.00
2017.01.26 21:55:40.719,1.03963,1.03987,1.00,1.00
2017.01.26 21:55:40.770,1.03959,1.03987,1.00,1.00
2017.01.26 21:55:43.552,1.03959,1.03989,1.00,1.00
2017.01.26 21:55:43.785,1.03963,1.0399,1.00,1.00
2017.01.26 21:55:48.623,1.03963,1.03991,1.00,1.00
2017.01.26 21:55:49.023,1.03963,1.03988,1.00,1.00
2017.01.26 21:55:49.674,1.03962,1.03988,1.00,1.00
2017.01.26 21:55:50.233,1.03963,1.03988,1.00,1.00
2017.01.26 21:55:52.664,1.03958,1.03988,1.00,1.00
2017.01.26 21:55:52.816,1.03959,1.03986,1.00,1.00
2017.01.26 21:55:53.289,1.03959,1.03984,1.00,1.00
2017.01.26 21:55:54.313,1.03958,1.03984,1.00,1.00
2017.01.26 21:55:54.979,1.03959,1.03984,1.00,1.00
2017.01.26 21:55:55.131,1.03956,1.03986,1.00,1.50
2017.01.26 21:55:55.843,1.03955,1.03986,1.00,1.00
2017.01.26 21:55:57.146,1.03956,1.03986,1.00,1.00
2017.01.26 21:55:57.371,1.03955,1.03984,1.00,1.00
2017.01.26 21:55:57.714,1.03955,1.03982,1.00,1.00
2017.01.26 21:55:58.762,1.03956,1.03984,1.00,1.00
2017.01.26 21:55:58.956,1.03955,1.03986,1.00,1.00
2017.01.26 21:55:59.137,1.03955,1.03983,1.00,1.00
2017.01.26 21:55:59.803,1.03956,1.03983,1.00,1.00
2017.01.26 21:56:00.184,1.03956,1.03985,1.00,1.00
2017.01.26 21:56:00.236,1.03956,1.03983,1.00,1.00
2017.01.26 21:56:01.311,1.03955,1.03983,1.00,1.00
2017.01.26 21:56:01.935,1.03956,1.03983,1.00,1.00
2017.01.26 21:56:03.275,1.03955,1.03983,1.00,1.00
2017.01.26 21:56:03.590,1.03955,1.03981,1.00,1.00
2017.01.26 21:56:04.100,1.03956,1.0398,1.00,1.00
2017.01.26 21:56:04.614,1.03955,1.03982,1.00,1.00
2017.01.26 21:56:04.716,1.03956,1.03982,1.37,1.00
2017.01.26 21:56:04.818,1.03951,1.03982,1.12,1.00
2017.01.26 21:56:05.071,1.03953,1.03982,1.00,1.00
2017.01.26 21:56:05.431,1.03956,1.03983,1.00,1.00
2017.01.26 21:56:06.015,1.03955,1.03982,1.00,1.00
2017.01.26 21:56:06.532,1.03956,1.03982,1.00,1.00
2017.01.26 21:56:07.190,1.03956,1.03983,1.00,1.00
2017.01.26 21:56:07.726,1.03955,1.03983,1.00,1.00
2017.01.26 21:56:08.230,1.03956,1.03983,1.00,1.00
2017.01.26 21:56:08.738,1.03955,1.03984,1.00,1.00
2017.01.26 21:56:09.261,1.03956,1.03984,1.00,1.00
2017.01.26 21:56:13.626,1.03956,1.03983,1.00,1.00
2017.01.26 21:56:14.146,1.03956,1.03984,1.00,1.00
2017.01.26 21:56:18.529,1.03955,1.03984,1.00,1.00
2017.01.26 21:56:18.869,1.03956,1.03982,1.00,1.00
2017.01.26 21:56:20.125,1.03955,1.03982,1.00,1.00
2017.01.26 21:56:21.462,1.03956,1.03982,1.00,1.00
2017.01.26 21:56:21.664,1.03954,1.03982,1.00,1.00
2017.01.26 21:56:22.772,1.03952,1.03983,1.50,1.00
2017.01.26 21:56:22.874,1.03952,1.03981,1.00,1.00
2017.01.26 21:56:23.545,1.03951,1.03981,1.50,1.00
2017.01.26 21:56:24.259,1.03952,1.03981,1.00,1.00
2017.01.26 21:56:24.563,1.03954,1.03981,1.00,1.00
2017.01.26 21:56:24.867,1.03954,1.03984,1.00,1.00
2017.01.26 21:56:24.968,1.03956,1.03984,1.00,1.00
2017.01.26 21:56:25.722,1.03955,1.03984,1.50,1.00
2017.01.26 21:56:26.257,1.03956,1.03984,1.00,1.00
2017.01.26 21:56:26.763,1.03956,1.03985,1.00,1.00
2017.01.26 21:56:27.466,1.03954,1.03985,1.00,1.00
2017.01.26 21:56:28.570,1.03952,1.03984,1.00,1.00
2017.01.26 21:56:28.660,1.03955,1.03982,1.00,1.00
2017.01.26 21:56:28.711,1.03955,1.03985,1.50,1.00
2017.01.26 21:56:29.257,1.03956,1.03986,1.50,1.00
2017.01.26 21:56:33.356,1.03957,1.03986,1.00,1.00
2017.01.26 21:56:33.457,1.0396,1.03986,1.00,1.00
2017.01.26 21:56:34.158,1.03959,1.03986,1.00,1.00
2017.01.26 21:56:36.082,1.03959,1.03987,1.12,1.00
2017.01.26 21:56:36.816,1.03959,1.03986,1.00,1.00
2017.01.26 21:56:37.128,1.03958,1.03983,1.00,1.00
2017.01.26 21:56:37.616,1.03956,1.03983,1.50,1.00
2017.01.26 21:56:37.818,1.03954,1.03983,1.00,1.00
2017.01.26 21:56:37.970,1.03955,1.03985,1.00,1.00
2017.01.26 21:56:38.021,1.03952,1.03985,1.50,1.00
2017.01.26 21:56:39.528,1.03955,1.03985,1.00,1.00
2017.01.26 21:56:40.219,1.03956,1.03985,1.00,1.00
2017.01.26 21:56:40.613,1.03953,1.03984,1.00,1.00
2017.01.26 21:56:40.815,1.03956,1.03984,1.00,1.00
2017.01.26 21:56:41.119,1.03954,1.03984,1.00,1.00
2017.01.26 21:56:43.515,1.03955,1.03984,1.00,1.00
2017.01.26 21:56:43.802,1.03956,1.03985,1.37,1.00
2017.01.26 21:56:44.402,1.03955,1.03985,1.75,1.00
2017.01.26 21:56:45.357,1.03957,1.03986,1.37,1.00
2017.01.26 21:56:45.427,1.03953,1.03984,1.00,1.00
2017.01.26 21:56:45.957,1.03953,1.03985,1.00,1.00
2017.01.26 21:56:46.210,1.03955,1.03984,1.00,1.00
2017.01.26 21:56:46.713,1.03955,1.03985,1.00,1.00
2017.01.26 21:56:47.704,1.03957,1.03985,1.00,1.00
2017.01.26 21:56:48.667,1.03954,1.03985,1.00,1.00
2017.01.26 21:56:48.718,1.03952,1.03985,1.00,1.00
2017.01.26 21:56:48.972,1.03956,1.03985,1.00,1.00
2017.01.26 21:56:49.175,1.03954,1.03985,1.00,1.00
2017.01.26 21:56:49.226,1.03952,1.03985,1.00,1.00
2017.01.26 21:56:52.463,1.03954,1.03986,1.00,1.00
2017.01.26 21:56:52.767,1.03956,1.03986,1.00,1.00
2017.01.26 21:56:55.158,1.03957,1.03986,1.00,1.00
2017.01.26 21:56:55.669,1.03956,1.03986,1.00,1.00
2017.01.26 21:56:55.871,1.03954,1.03985,1.50,1.00
2017.01.26 21:56:56.378,1.03955,1.03985,1.00,1.00
2017.01.26 21:56:58.469,1.03952,1.03984,1.00,1.00
2017.01.26 21:56:59.073,1.03953,1.03983,1.00,1.00
2017.01.26 21:57:00.118,1.03951,1.03981,1.00,1.00
2017.01.26 21:57:00.220,1.03952,1.03985,1.00,1.00
2017.01.26 21:57:00.337,1.0396,1.03988,1.00,1.00
2017.01.26 21:57:00.863,1.03961,1.03989,1.00,1.00
2017.01.26 21:57:00.914,1.03959,1.03989,1.00,1.00
2017.01.26 21:57:01.369,1.03959,1.03992,1.00,1.00
2017.01.26 21:57:06.481,1.03961,1.03992,1.00,1.00
2017.01.26 21:57:06.871,1.03959,1.03993,1.50,1.00
2017.01.26 21:57:08.036,1.0396,1.03993,1.00,1.00
2017.01.26 21:57:08.576,1.03959,1.03993,1.00,1.00
2017.01.26 21:57:09.162,1.0396,1.03993,1.00,1.00
2017.01.26 21:57:09.797,1.03959,1.03993,1.50,1.00
2017.01.26 21:57:10.300,1.03959,1.03992,1.50,1.00
2017.01.26 21:57:11.448,1.0396,1.03992,1.00,1.00
2017.01.26 21:57:11.892,1.0396,1.03995,1.00,1.50
2017.01.26 21:57:13.112,1.03961,1.03993,1.00,1.50
2017.01.26 21:57:13.163,1.03957,1.03993,1.00,1.00
2017.01.26 21:57:13.513,1.03963,1.03994,1.00,1.00
2017.01.26 21:57:13.727,1.0396,1.03992,1.00,1.00
2017.01.26 21:57:13.828,1.0396,1.03994,1.00,1.00
2017.01.26 21:57:14.103,1.03963,1.03993,1.00,1.00
2017.01.26 21:57:14.154,1.03963,1.03995,1.00,1.00
2017.01.26 21:57:14.306,1.0396,1.03994,1.00,1.00
2017.01.26 21:57:16.232,1.03959,1.03994,1.00,1.00
2017.01.26 21:57:16.537,1.03961,1.03994,1.00,1.00
2017.01.26 21:57:17.616,1.0396,1.03994,1.00,1.00
2017.01.26 21:57:17.961,1.03958,1.03994,1.00,1.00
2017.01.26 21:57:18.165,1.03961,1.03994,1.00,1.00
2017.01.26 21:57:18.527,1.03959,1.03994,1.00,1.00
2017.01.26 21:57:22.926,1.03961,1.03993,1.00,1.00
2017.01.26 21:57:23.230,1.0396,1.03995,1.00,1.00
2017.01.26 21:57:23.907,1.03959,1.03995,2.25,1.00
2017.01.26 21:57:24.261,1.03957,1.03994,2.25,1.00
2017.01.26 21:57:25.037,1.03958,1.03994,1.00,1.00
2017.01.26 21:57:25.088,1.03959,1.03992,1.00,1.00
2017.01.26 21:57:25.191,1.0396,1.03994,1.00,1.00
2017.01.26 21:57:25.711,1.03958,1.03995,1.50,1.00
2017.01.26 21:57:28.228,1.03973,1.03994,1.00,1.00
2017.01.26 21:57:28.330,1.03966,1.03994,1.00,1.00
2017.01.26 21:57:28.432,1.03964,1.03994,1.00,1.00
2017.01.26 21:57:29.070,1.03963,1.03994,1.00,1.00
2017.01.26 21:57:29.920,1.03964,1.03994,1.00,1.00
2017.01.26 21:57:33.551,1.03962,1.03994,1.50,1.00
2017.01.26 21:57:34.915,1.03964,1.03994,1.00,1.00
2017.01.26 21:57:35.429,1.03963,1.03994,1.00,1.00
2017.01.26 21:57:36.521,1.03963,1.03993,1.00,1.00
2017.01.26 21:57:37.657,1.03962,1.03993,1.00,1.00
2017.01.26 21:57:38.778,1.03959,1.03993,1.00,1.00
2017.01.26 21:57:39.502,1.03959,1.03992,1.00,1.00
2017.01.26 21:57:39.668,1.03959,1.03989,1.00,1.00
2017.01.26 21:57:39.999,1.03962,1.03989,1.00,1.00
2017.01.26 21:57:40.209,1.0396,1.03989,1.00,1.00
2017.01.26 21:57:40.360,1.03958,1.0399,1.00,1.00
2017.01.26 21:57:40.663,1.03961,1.0399,1.00,1.00
2017.01.26 21:57:40.816,1.03956,1.03987,1.00,1.00
2017.01.26 21:57:40.968,1.03957,1.03984,1.00,1.00
2017.01.26 21:57:41.338,1.03955,1.03985,1.00,1.00
2017.01.26 21:57:41.557,1.03959,1.03986,1.00,1.00
2017.01.26 21:57:41.608,1.03955,1.03985,1.50,1.00
2017.01.26 21:57:42.167,1.03956,1.03984,1.00,1.00
2017.01.26 21:57:42.715,1.03956,1.03985,1.00,1.00
2017.01.26 21:57:43.383,1.03957,1.03985,1.00,1.00
2017.01.26 21:57:43.575,1.03955,1.03985,1.00,1.00
2017.01.26 21:57:44.663,1.03957,1.03985,1.00,1.00
2017.01.26 21:57:44.950,1.03955,1.03984,1.00,1.00
2017.01.26 21:57:45.156,1.03951,1.03984,1.00,1.00
2017.01.26 21:57:45.309,1.03951,1.03982,1.00,1.00
2017.01.26 21:57:45.528,1.03949,1.03982,1.00,1.00
2017.01.26 21:57:46.216,1.0395,1.03983,1.00,1.00
2017.01.26 21:57:46.423,1.0395,1.03981,1.00,1.00
2017.01.26 21:57:47.204,1.03949,1.03981,1.50,1.00
2017.01.26 21:57:50.946,1.0395,1.03981,1.00,1.00
2017.01.26 21:57:51.583,1.03951,1.03981,1.00,1.00
2017.01.26 21:57:53.768,1.03951,1.03982,1.00,1.00
2017.01.26 21:57:53.819,1.03949,1.03982,2.25,1.00
2017.01.26 21:57:55.338,1.03951,1.03982,1.00,1.00
2017.01.26 21:57:56.377,1.03951,1.03981,1.00,1.00
2017.01.26 21:57:56.428,1.03949,1.03981,1.50,1.00
2017.01.26 21:57:56.985,1.03948,1.0398,3.75,1.00
2017.01.26 21:57:57.604,1.03949,1.0398,1.00,1.00
2017.01.26 21:57:58.946,1.03948,1.0398,1.50,1.00
2017.01.26 21:58:00.142,1.03953,1.03981,1.50,1.50
2017.01.26 21:58:00.243,1.03953,1.03984,1.00,1.00
2017.01.26 21:58:00.333,1.03957,1.03989,1.00,1.00
2017.01.26 21:58:00.405,1.03959,1.03989,1.00,1.00
2017.01.26 21:58:00.456,1.03957,1.03991,1.50,1.00
2017.01.26 21:58:00.924,1.03958,1.03993,1.50,1.00
2017.01.26 21:58:02.528,1.03957,1.03994,1.50,1.00
2017.01.26 21:58:02.630,1.03959,1.03995,1.00,1.00
2017.01.26 21:58:03.017,1.03962,1.03996,1.00,1.00
2017.01.26 21:58:07.236,1.03963,1.03996,1.00,1.00
2017.01.26 21:58:07.287,1.03963,1.03998,1.00,1.00
2017.01.26 21:58:07.796,1.03963,1.03997,1.00,1.00
2017.01.26 21:58:13.745,1.03961,1.03997,1.00,1.00
2017.01.26 21:58:14.316,1.03961,1.03995,1.00,1.00
2017.01.26 21:58:14.486,1.03958,1.03995,1.00,1.00
2017.01.26 21:58:14.537,1.03957,1.03993,1.00,1.00
2017.01.26 21:58:14.587,1.03952,1.0399,1.50,1.00
2017.01.26 21:58:14.992,1.03954,1.0399,1.00,1.37
2017.01.26 21:58:16.273,1.03952,1.03991,2.25,1.50
2017.01.26 21:58:16.656,1.03953,1.03991,1.00,1.12
2017.01.26 21:58:17.065,1.03954,1.03989,1.00,1.00
2017.01.26 21:58:17.116,1.03949,1.03986,1.00,1.00
2017.01.26 21:58:17.167,1.03949,1.03988,1.00,2.62
2017.01.26 21:58:17.668,1.0395,1.03989,1.00,1.37
2017.01.26 21:58:17.719,1.03952,1.03989,1.00,1.37
2017.01.26 21:58:18.073,1.03948,1.03988,2.25,1.00
2017.01.26 21:58:18.168,1.03948,1.03985,2.25,1.00
2017.01.26 21:58:18.471,1.03947,1.03983,2.25,1.00
2017.01.26 21:58:19.018,1.03948,1.03983,2.25,1.00
2017.01.26 21:58:19.823,1.03947,1.03984,2.25,1.00
2017.01.26 21:58:20.337,1.03948,1.03984,2.25,1.00
2017.01.26 21:58:22.109,1.03948,1.03983,2.25,1.00
2017.01.26 21:58:22.702,1.03947,1.03983,2.25,1.00
2017.01.26 21:58:22.982,1.03944,1.03982,1.00,1.00
2017.01.26 21:58:23.033,1.03948,1.03984,2.25,1.00
2017.01.26 21:58:23.354,1.03948,1.03982,2.25,1.00
2017.01.26 21:58:23.467,1.03948,1.03984,2.25,1.50
2017.01.26 21:58:24.682,1.03947,1.03984,2.25,1.00
2017.01.26 21:58:25.036,1.03943,1.03985,1.00,1.00
2017.01.26 21:58:25.656,1.03944,1.03985,1.00,1.00
2017.01.26 21:58:25.808,1.03944,1.03987,1.50,1.00
2017.01.26 21:58:26.867,1.03944,1.03988,1.50,1.50
2017.01.26 21:58:27.750,1.03944,1.03987,1.00,1.00
2017.01.26 21:58:28.329,1.03944,1.03988,2.25,1.50
2017.01.26 21:58:28.919,1.03945,1.03988,1.00,1.50
2017.01.26 21:58:29.433,1.03944,1.03985,1.50,1.00
2017.01.26 21:58:29.964,1.03944,1.03984,1.00,1.00
2017.01.26 21:58:30.482,1.03944,1.03985,1.00,1.50
2017.01.26 21:58:31.313,1.03943,1.03985,1.00,1.00
2017.01.26 21:58:31.623,1.03944,1.03983,1.00,1.00
2017.01.26 21:58:32.214,1.03944,1.03984,1.00,1.50
2017.01.26 21:58:32.634,1.03948,1.03981,2.25,1.00
2017.01.26 21:58:32.685,1.03944,1.03983,1.00,1.12
2017.01.26 21:58:33.540,1.03943,1.03984,1.00,1.00
2017.01.26 21:58:34.275,1.03943,1.03983,1.00,1.00
2017.01.26 21:58:34.477,1.03943,1.03985,1.00,1.50
2017.01.26 21:58:34.923,1.03944,1.03987,1.00,1.00
2017.01.26 21:58:35.329,1.03944,1.03985,1.50,1.00
2017.01.26 21:58:36.915,1.03946,1.03989,1.00,1.00
2017.01.26 21:58:37.615,1.03946,1.0399,1.00,1.00
2017.01.26 21:58:37.666,1.03948,1.0399,1.00,1.00
2017.01.26 21:58:38.618,1.03947,1.0399,1.00,1.00
2017.01.26 21:58:46.265,1.03946,1.0399,1.00,1.00
2017.01.26 21:58:46.366,1.03944,1.03989,1.50,1.00
2017.01.26 21:58:46.518,1.03944,1.03987,1.50,1.00
2017.01.26 21:58:46.829,1.03944,1.03985,1.50,1.00
2017.01.26 21:58:47.716,1.03944,1.03986,1.00,1.00
2017.01.26 21:58:47.991,1.03944,1.0399,2.25,1.87
2017.01.26 21:58:48.044,1.03947,1.0399,1.00,1.00
2017.01.26 21:58:48.368,1.03949,1.03992,1.00,1.00
2017.01.26 21:58:48.520,1.03951,1.03995,1.00,1.00
2017.01.26 21:58:48.680,1.03951,1.03993,1.00,1.00
2017.01.26 21:58:48.934,1.03949,1.03992,1.00,1.00
2017.01.26 21:58:52.379,1.03949,1.03993,1.00,1.00
2017.01.26 21:58:52.430,1.03949,1.03995,1.00,1.00
2017.01.26 21:58:52.481,1.03951,1.03997,1.00,2.25
2017.01.26 21:58:53.003,1.03951,1.03997,1.00,1.00
2017.01.26 21:58:55.962,1.0395,1.03998,1.00,1.00
2017.01.26 21:58:57.891,1.0395,1.03995,1.00,1.00
2017.01.26 21:58:58.295,1.03949,1.03992,1.00,1.00
2017.01.26 21:58:58.921,1.03948,1.03992,1.00,1.00
2017.01.26 21:58:59.083,1.03948,1.03994,1.00,1.50
2017.01.26 21:58:59.623,1.03948,1.03993,1.00,1.00
2017.01.26 21:59:00.090,1.03945,1.03992,1.00,1.00
2017.01.26 21:59:00.141,1.03945,1.03991,1.00,1.37
2017.01.26 21:59:00.294,1.03944,1.03991,1.00,1.00
2017.01.26 21:59:00.523,1.03953,1.03995,1.50,1.50
2017.01.26 21:59:00.808,1.03952,1.03998,1.00,1.00
2017.01.26 21:59:01.060,1.03949,1.03998,1.12,1.00
2017.01.26 21:59:01.533,1.03952,1.03999,1.00,1.00
2017.01.26 21:59:01.883,1.03954,1.04002,1.00,1.75
2017.01.26 21:59:02.544,1.03955,1.04,0.75,0.37
2017.01.26 21:59:03.257,1.03956,1.04,0.75,0.37
2017.01.26 21:59:03.408,1.03958,1.04006,0.75,1.50
2017.01.26 21:59:04.197,1.03957,1.04005,0.75,0.75
2017.01.26 21:59:05.963,1.03953,1.03993,0.75,2.02
2017.01.26 21:59:06.267,1.03949,1.03977,0.37,0.37
2017.01.26 21:59:06.445,1.03947,1.03977,2.25,0.37
2017.01.26 21:59:06.497,1.03949,1.03996,0.75,0.75
2017.01.26 21:59:06.547,1.03951,1.03996,0.75,0.37
2017.01.26 21:59:06.598,1.03951,1.04001,0.75,1.12
2017.01.26 21:59:06.904,1.03954,1.04001,0.75,0.37
2017.01.26 21:59:07.207,1.03947,1.0398,2.25,0.75
2017.01.26 21:59:07.409,1.03943,1.0398,1.50,0.75
2017.01.26 21:59:08.667,1.03944,1.0398,0.75,0.75
2017.01.26 21:59:09.766,1.03943,1.0398,1.50,0.75
2017.01.26 21:59:09.817,1.03948,1.03982,2.25,1.12
2017.01.26 21:59:10.537,1.03947,1.03982,2.25,0.37
2017.01.26 21:59:11.129,1.03947,1.03983,2.25,0.75
2017.01.26 21:59:15.867,1.03948,1.03985,2.25,0.75
2017.01.26 21:59:15.918,1.03947,1.0399,2.25,0.75
2017.01.26 21:59:16.019,1.03951,1.03993,0.75,0.37
2017.01.26 21:59:16.121,1.03954,1.04003,0.75,0.75
2017.01.26 21:59:16.273,1.03958,1.04004,0.37,0.75
2017.01.26 21:59:17.239,1.03958,1.03995,0.75,1.35
2017.01.26 21:59:17.341,1.03948,1.03987,2.25,0.37
2017.01.26 21:59:17.492,1.03948,1.03989,2.62,0.37
2017.01.26 21:59:17.543,1.03948,1.03997,2.62,0.75
2017.01.26 21:59:17.593,1.03955,1.04002,0.37,1.12
2017.01.26 21:59:18.180,1.03959,1.04002,0.37,0.75
2017.01.26 21:59:18.697,1.03959,1.04005,0.37,0.75
2017.01.26 21:59:18.818,1.03959,1.04007,0.37,0.75
2017.01.26 21:59:24.166,1.03959,1.04009,0.37,1.12
2017.01.26 21:59:27.916,1.03963,1.0401,0.37,0.37
2017.01.26 21:59:28.608,1.03963,1.04011,0.37,2.25
2017.01.26 21:59:30.129,1.03963,1.04008,0.37,2.25
2017.01.26 21:59:30.433,1.03967,1.04008,0.37,1.50
2017.01.26 21:59:30.663,1.03962,1.04008,0.37,1.50
2017.01.26 21:59:31.305,1.03962,1.04009,0.37,0.75
2017.01.26 21:59:33.336,1.03962,1.03992,0.37,0.67
2017.01.26 21:59:33.640,1.03956,1.03994,0.37,0.37
2017.01.26 21:59:33.701,1.03947,1.03994,0.75,0.75
2017.01.26 21:59:37.112,1.03947,1.03983,0.75,0.75
2017.01.26 21:59:37.213,1.03947,1.0399,0.75,0.75
2017.01.26 21:59:37.362,1.03946,1.03996,1.87,0.67
2017.01.26 21:59:37.413,1.0395,1.0399,0.75,0.75
2017.01.26 21:59:37.514,1.03957,1.04002,0.75,0.75
2017.01.26 21:59:37.615,1.03957,1.04006,0.75,0.75
2017.01.26 21:59:37.717,1.03958,1.0401,0.75,0.75
2017.01.26 21:59:37.932,1.0396,1.0401,0.75,0.75
2017.01.26 21:59:42.071,1.03958,1.0401,0.75,1.50
2017.01.26 21:59:45.194,1.03961,1.0401,0.37,0.37
2017.01.26 21:59:45.310,1.03963,1.04015,0.75,0.37
2017.01.26 21:59:45.361,1.03971,1.04015,0.37,0.37
2017.01.26 21:59:45.462,1.03975,1.04023,0.37,0.37
2017.01.26 21:59:45.531,1.03976,1.04027,0.37,0.75
2017.01.26 21:59:45.638,1.03972,1.04022,0.37,0.37
2017.01.26 21:59:46.022,1.03972,1.04017,0.37,0.75
2017.01.26 21:59:46.173,1.03966,1.04017,0.37,1.12
2017.01.26 21:59:48.659,1.03942,1.04041,0.37,1.12
2017.01.26 21:59:48.760,1.03942,1.04031,0.37,0.37
2017.01.26 21:59:49.080,1.03949,1.04045,0.37,0.37
2017.01.26 21:59:49.605,1.03948,1.0404,0.37,0.37
2017.01.26 21:59:51.230,1.03951,1.04047,0.37,0.37
2017.01.26 21:59:52.476,1.0395,1.04039,0.37,0.37
2017.01.26 21:59:54.160,1.03926,1.04051,0.37,0.75
2017.01.26 21:59:55.232,1.03926,1.04045,0.37,0.75
2017.01.26 21:59:55.383,1.03922,1.04045,0.75,1.12
2017.01.26 21:59:56.027,1.0392,1.04045,0.75,1.12
2017.01.26 21:59:56.244,1.03918,1.04045,0.37,0.37
2017.01.26 21:59:56.294,1.03921,1.04045,1.12,0.37
2017.01.26 21:59:56.351,1.03923,1.0405,0.37,0.37
