2016.04.04 18:00:00.288,1.11301,1.11323,1.19,1.50
2016.04.04 18:00:01.992,1.113,1.11321,1.19,1.00
2016.04.04 18:00:02.865,1.113,1.11323,1.19,1.50
2016.04.04 18:00:03.741,1.113,1.11324,1.69,1.50
2016.04.04 18:00:04.509,1.11301,1.11323,1.19,1.00
2016.04.04 18:00:05.776,1.11303,1.11323,1.62,1.00
2016.04.04 18:00:06.302,1.11306,1.11323,1.00,1.00
2016.04.04 18:00:06.820,1.11303,1.11324,1.69,1.00
2016.04.04 18:00:07.416,1.11305,1.11323,1.31,1.00
2016.04.04 18:00:07.956,1.11305,1.11324,1.31,1.00
2016.04.04 18:00:08.570,1.11306,1.11323,1.19,1.00
2016.04.04 18:00:09.464,1.11302,1.11324,1.19,1.00
2016.04.04 18:00:09.983,1.11301,1.11325,1.69,1.50
2016.04.04 18:00:10.313,1.11301,1.11323,1.69,1.00
2016.04.04 18:00:10.618,1.11306,1.11323,1.19,1.00
2016.04.04 18:00:11.133,1.11303,1.11323,1.19,1.00
2016.04.04 18:00:11.641,1.11303,1.11324,1.19,1.00
2016.04.04 18:00:13.072,1.11303,1.11323,1.19,1.00
2016.04.04 18:00:13.747,1.11303,1.11324,1.19,1.00
2016.04.04 18:00:14.340,1.11303,1.11323,1.19,1.50
2016.04.04 18:00:17.082,1.11303,1.11323,1.25,1.00
2016.04.04 18:00:17.643,1.11303,1.11324,1.25,1.00
2016.04.04 18:00:17.822,1.11305,1.11324,1.00,1.00
2016.04.04 18:00:18.562,1.11303,1.11323,1.19,1.50
2016.04.04 18:00:26.374,1.11307,1.11323,1.00,1.00
2016.04.04 18:00:26.640,1.11304,1.11323,1.19,1.50
2016.04.04 18:00:29.767,1.11304,1.11324,1.19,1.00
2016.04.04 18:00:30.277,1.11304,1.11323,1.19,1.00
2016.04.04 18:00:32.216,1.11304,1.11324,1.19,1.00
2016.04.04 18:00:32.750,1.11304,1.11323,1.19,1.00
2016.04.04 18:00:33.319,1.11304,1.11324,1.19,1.00
2016.04.04 18:00:34.222,1.11304,1.11323,1.19,1.00
2016.04.04 18:00:36.559,1.11304,1.11323,1.25,1.50
2016.04.04 18:00:37.163,1.11306,1.11323,1.00,1.50
2016.04.04 18:00:37.929,1.11305,1.11323,1.00,1.00
2016.04.04 18:00:38.488,1.11304,1.11323,1.00,1.00
2016.04.04 18:00:38.843,1.11302,1.11323,1.00,1.50
2016.04.04 18:00:39.296,1.11305,1.11323,1.00,1.50
2016.04.04 18:00:39.593,1.11301,1.11323,1.50,1.00
2016.04.04 18:00:40.162,1.11301,1.11324,1.50,1.00
2016.04.04 18:00:40.286,1.11303,1.11324,1.00,1.00
2016.04.04 18:00:40.800,1.11302,1.11323,1.00,1.00
2016.04.04 18:00:41.451,1.11302,1.11324,1.00,1.00
2016.04.04 18:00:42.060,1.11303,1.11323,1.00,1.00
2016.04.04 18:00:42.578,1.11304,1.11323,1.00,1.00
2016.04.04 18:00:43.102,1.11304,1.11324,1.00,1.50
2016.04.04 18:00:43.637,1.11304,1.11323,1.00,1.00
2016.04.04 18:00:44.139,1.11305,1.11323,1.00,1.00
2016.04.04 18:00:44.660,1.11306,1.11323,1.00,1.00
2016.04.04 18:00:45.209,1.11305,1.11323,1.00,1.00
2016.04.04 18:00:46.843,1.11307,1.11323,1.00,1.00
2016.04.04 18:00:47.164,1.11305,1.11323,1.00,1.00
2016.04.04 18:00:47.670,1.11305,1.11324,1.00,1.50
2016.04.04 18:00:48.513,1.11305,1.11323,1.00,1.00
2016.04.04 18:00:49.073,1.11305,1.11324,1.00,1.50
2016.04.04 18:00:49.575,1.11305,1.11323,1.00,1.00
2016.04.04 18:00:50.078,1.11305,1.11324,1.00,1.00
2016.04.04 18:00:51.279,1.11305,1.11323,1.00,1.00
2016.04.04 18:00:51.794,1.11304,1.11324,1.00,1.50
2016.04.04 18:00:52.393,1.11304,1.11323,1.00,1.00
2016.04.04 18:00:53.015,1.11304,1.11324,1.00,1.50
2016.04.04 18:00:53.591,1.11307,1.11324,1.00,1.00
2016.04.04 18:00:53.655,1.11305,1.11324,1.00,1.00
2016.04.04 18:00:53.876,1.11307,1.11323,1.00,1.00
2016.04.04 18:00:54.028,1.11303,1.11323,1.00,1.00
2016.04.04 18:00:54.532,1.11303,1.11324,1.00,1.00
2016.04.04 18:00:54.583,1.11301,1.11324,1.00,1.00
2016.04.04 18:00:55.089,1.11302,1.11323,1.00,1.00
2016.04.04 18:00:55.564,1.11304,1.11323,1.00,1.00
2016.04.04 18:00:55.666,1.113,1.11323,2.25,1.00
2016.04.04 18:00:55.905,1.11303,1.11323,1.19,1.00
2016.04.04 18:00:56.158,1.11299,1.11323,1.75,1.00
2016.04.04 18:00:56.309,1.11298,1.11323,1.25,1.00
2016.04.04 18:00:56.714,1.11294,1.11319,1.00,1.00
2016.04.04 18:00:57.160,1.11293,1.11313,1.00,1.00
2016.04.04 18:00:57.897,1.11291,1.11316,1.00,1.31
2016.04.04 18:01:06.184,1.11291,1.11314,1.00,1.00
2016.04.04 18:01:06.693,1.11292,1.11318,1.25,1.50
2016.04.04 18:01:06.745,1.11291,1.11319,1.19,1.00
2016.04.04 18:01:06.795,1.11291,1.11319,1.00,1.19
2016.04.04 18:01:07.099,1.11291,1.1131,1.00,1.00
2016.04.04 18:01:07.251,1.11291,1.11313,1.00,1.00
2016.04.04 18:01:07.827,1.11291,1.11316,1.00,1.25
2016.04.04 18:01:09.704,1.11291,1.11313,1.00,1.00
2016.04.04 18:01:10.017,1.11291,1.11315,1.00,1.00
2016.04.04 18:01:13.867,1.11291,1.11314,1.00,1.00
2016.04.04 18:01:16.922,1.11291,1.11316,1.00,1.25
2016.04.04 18:01:19.115,1.11291,1.11317,1.19,1.00
2016.04.04 18:01:19.630,1.11291,1.11316,1.19,1.00
2016.04.04 18:01:20.703,1.11291,1.11315,1.19,1.00
2016.04.04 18:01:21.356,1.11291,1.11316,1.19,1.00
2016.04.04 18:01:22.660,1.11291,1.11319,1.19,1.00
2016.04.04 18:01:23.104,1.11293,1.1132,1.19,1.00
2016.04.04 18:01:23.205,1.11293,1.11322,1.19,1.00
2016.04.04 18:01:23.307,1.11293,1.1132,1.19,1.00
2016.04.04 18:01:23.560,1.11293,1.1132,1.19,1.00
2016.04.04 18:01:23.661,1.11293,1.11316,1.19,1.00
2016.04.04 18:01:23.951,1.11294,1.11322,1.25,1.50
2016.04.04 18:01:27.562,1.11291,1.11315,1.50,1.00
2016.04.04 18:01:27.886,1.11292,1.11311,1.00,1.00
2016.04.04 18:01:28.964,1.11289,1.11311,1.00,1.00
2016.04.04 18:01:29.324,1.11289,1.11308,1.00,1.00
2016.04.04 18:01:29.425,1.11284,1.11308,1.19,1.00
2016.04.04 18:01:35.532,1.11285,1.11311,1.19,1.00
2016.04.04 18:01:39.242,1.11284,1.11309,1.19,1.00
2016.04.04 18:01:40.152,1.11283,1.11308,1.19,1.00
2016.04.04 18:01:40.811,1.11283,1.11309,1.19,1.00
2016.04.04 18:01:44.116,1.11282,1.11308,1.69,1.00
2016.04.04 18:01:45.414,1.11283,1.11309,1.19,1.00
2016.04.04 18:01:45.673,1.11279,1.11305,1.19,1.00
2016.04.04 18:01:45.825,1.1128,1.11305,1.00,1.00
2016.04.04 18:01:46.291,1.11278,1.11301,1.00,1.00
2016.04.04 18:01:46.526,1.11278,1.11305,1.60,1.00
2016.04.04 18:01:46.678,1.1128,1.11305,1.19,1.00
2016.04.04 18:01:46.779,1.11284,1.11309,1.25,1.00
2016.04.04 18:01:46.881,1.11283,1.11312,2.44,1.50
2016.04.04 18:01:46.983,1.11283,1.11312,1.50,1.00
2016.04.04 18:01:47.236,1.1128,1.1131,1.25,1.00
2016.04.04 18:01:47.338,1.1128,1.1131,1.19,1.00
2016.04.04 18:01:47.853,1.1128,1.11308,1.19,1.00
2016.04.04 18:01:48.182,1.1128,1.11306,1.00,1.00
2016.04.04 18:01:48.591,1.11283,1.11306,1.12,1.00
2016.04.04 18:01:48.642,1.11283,1.1131,1.12,1.00
2016.04.04 18:01:48.745,1.11283,1.11308,1.12,1.00
2016.04.04 18:01:48.848,1.11283,1.11312,1.31,1.00
2016.04.04 18:01:49.310,1.11291,1.11313,1.19,1.00
2016.04.04 18:01:49.514,1.11291,1.11317,1.19,1.00
2016.04.04 18:01:50.044,1.11293,1.11317,1.19,1.00
2016.04.04 18:01:51.099,1.11296,1.11317,1.00,1.00
2016.04.04 18:01:51.150,1.11296,1.1132,1.00,1.00
2016.04.04 18:01:51.356,1.11296,1.11316,1.00,1.00
2016.04.04 18:01:51.407,1.11286,1.11316,1.75,1.00
2016.04.04 18:01:51.509,1.1129,1.11313,1.19,1.00
2016.04.04 18:01:51.610,1.11286,1.11316,2.00,1.00
2016.04.04 18:01:51.711,1.1129,1.11316,1.19,1.00
2016.04.04 18:01:55.423,1.11297,1.11316,1.19,1.00
2016.04.04 18:01:55.475,1.11297,1.1132,1.19,1.00
2016.04.04 18:01:57.895,1.113,1.1132,1.00,1.00
2016.04.04 18:01:57.946,1.11292,1.1132,1.94,1.00
2016.04.04 18:01:58.098,1.11289,1.11318,1.94,1.00
2016.04.04 18:01:58.338,1.11289,1.11318,1.00,1.00
2016.04.04 18:01:58.389,1.11285,1.11317,2.44,1.00
2016.04.04 18:01:59.534,1.11294,1.11317,1.19,1.00
2016.04.04 18:01:59.687,1.11294,1.1132,1.31,1.00
2016.04.04 18:02:00.461,1.113,1.1132,1.00,1.00
2016.04.04 18:02:01.540,1.11298,1.1132,1.25,1.00
2016.04.04 18:02:01.793,1.113,1.1132,1.00,1.00
2016.04.04 18:02:02.303,1.11297,1.1132,1.00,1.19
2016.04.04 18:02:02.505,1.11297,1.11317,1.00,1.00
2016.04.04 18:02:02.710,1.11297,1.11319,1.00,1.25
2016.04.04 18:02:03.013,1.11293,1.11319,1.25,1.25
2016.04.04 18:02:03.115,1.11295,1.11319,1.00,1.25
2016.04.04 18:02:03.658,1.11297,1.1132,1.00,1.19
2016.04.04 18:02:03.733,1.11293,1.1132,1.25,1.19
2016.04.04 18:02:05.556,1.11293,1.1132,1.00,1.00
2016.04.04 18:02:05.607,1.11289,1.1132,1.19,1.00
2016.04.04 18:02:05.659,1.11289,1.11318,1.19,1.00
2016.04.04 18:02:05.972,1.11289,1.11314,1.19,1.00
2016.04.04 18:02:06.811,1.11289,1.11314,1.19,1.00
2016.04.04 18:02:07.213,1.11286,1.11314,1.75,1.00
2016.04.04 18:02:07.314,1.11286,1.11311,1.75,1.00
2016.04.04 18:02:07.624,1.1129,1.11311,1.19,1.00
2016.04.04 18:02:07.675,1.1129,1.11317,1.19,1.00
2016.04.04 18:02:09.470,1.11293,1.11314,1.19,1.00
2016.04.04 18:02:09.971,1.11294,1.11313,1.25,1.00
2016.04.04 18:02:10.958,1.11297,1.11322,1.56,1.12
2016.04.04 18:02:11.262,1.11307,1.11323,1.19,1.00
2016.04.04 18:02:11.783,1.1131,1.11323,1.00,1.00
2016.04.04 18:02:12.034,1.11302,1.11324,1.31,1.00
2016.04.04 18:02:12.186,1.11301,1.11324,1.00,1.00
2016.04.04 18:02:12.651,1.11301,1.1132,1.00,1.00
2016.04.04 18:02:12.703,1.11291,1.1132,1.69,1.00
2016.04.04 18:02:12.938,1.1129,1.1132,2.00,1.00
2016.04.04 18:02:13.459,1.11293,1.1132,1.00,1.00
2016.04.04 18:02:14.012,1.11292,1.1132,1.12,1.00
2016.04.04 18:02:14.332,1.1129,1.1132,3.19,1.00
2016.04.04 18:02:14.636,1.11305,1.11322,1.19,1.00
2016.04.04 18:02:14.945,1.11313,1.11322,1.00,1.00
2016.04.04 18:02:16.754,1.11312,1.11322,1.00,1.00
2016.04.04 18:02:17.467,1.11312,1.11323,1.00,1.00
2016.04.04 18:02:17.518,1.11305,1.11323,1.19,1.00
2016.04.04 18:02:17.569,1.11316,1.11323,1.19,1.00
2016.04.04 18:02:17.822,1.11317,1.11344,1.19,1.57
2016.04.04 18:02:18.126,1.11317,1.11346,1.19,1.10
2016.04.04 18:02:18.278,1.11317,1.11348,3.94,1.00
2016.04.04 18:02:18.329,1.11317,1.1135,3.94,1.00
2016.04.04 18:02:18.531,1.11317,1.1135,2.25,1.12
2016.04.04 18:02:18.766,1.11317,1.11345,1.50,1.00
2016.04.04 18:02:18.867,1.11313,1.11345,1.19,1.00
2016.04.04 18:02:19.525,1.11313,1.11339,1.19,1.00
2016.04.04 18:02:19.883,1.1131,1.11339,1.00,1.00
2016.04.04 18:02:20.372,1.11307,1.11338,1.00,1.00
2016.04.04 18:02:21.839,1.11307,1.11338,1.00,1.19
2016.04.04 18:02:22.166,1.11311,1.1134,1.19,1.00
2016.04.04 18:02:22.267,1.11313,1.11342,1.19,1.00
2016.04.04 18:02:22.779,1.11314,1.11343,1.00,1.00
2016.04.04 18:02:23.299,1.11315,1.11343,1.00,1.00
2016.04.04 18:02:25.200,1.11313,1.11343,1.00,1.00
2016.04.04 18:02:28.421,1.11313,1.11341,1.25,1.00
2016.04.04 18:02:28.725,1.11309,1.11339,1.94,1.00
2016.04.04 18:02:29.257,1.11313,1.1134,1.00,1.00
2016.04.04 18:02:30.135,1.11313,1.1134,1.00,1.19
2016.04.04 18:02:31.074,1.11313,1.11343,1.00,1.37
2016.04.04 18:02:31.726,1.11308,1.11337,1.00,1.25
2016.04.04 18:02:32.077,1.1131,1.1134,1.00,1.19
2016.04.04 18:02:32.179,1.1131,1.1134,1.00,1.00
2016.04.04 18:02:32.535,1.1131,1.1134,1.19,1.00
2016.04.04 18:02:33.402,1.1131,1.1134,1.00,1.00
2016.04.04 18:02:36.350,1.1131,1.11339,1.00,1.00
2016.04.04 18:02:36.401,1.11306,1.11336,1.12,1.00
2016.04.04 18:02:36.804,1.11306,1.11333,1.00,1.00
2016.04.04 18:02:37.108,1.11306,1.11328,1.00,1.00
2016.04.04 18:02:37.361,1.11302,1.11326,1.25,1.00
2016.04.04 18:02:38.017,1.11302,1.1133,1.25,1.00
2016.04.04 18:02:39.675,1.11305,1.1133,1.19,1.00
2016.04.04 18:02:39.877,1.11308,1.11339,1.19,1.00
2016.04.04 18:02:39.928,1.11315,1.11339,1.00,1.00
2016.04.04 18:02:40.231,1.11319,1.11343,1.00,1.00
2016.04.04 18:02:40.769,1.11319,1.11347,1.00,1.00
2016.04.04 18:02:40.821,1.11321,1.11347,1.00,1.00
2016.04.04 18:02:41.072,1.11319,1.11347,1.00,1.50
2016.04.04 18:02:41.454,1.11322,1.11347,1.00,1.00
2016.04.04 18:02:41.716,1.11312,1.11343,1.00,1.19
2016.04.04 18:02:41.767,1.11312,1.11336,1.00,1.00
2016.04.04 18:02:42.019,1.1131,1.11336,1.00,1.00
2016.04.04 18:02:42.417,1.1131,1.11339,1.00,1.25
2016.04.04 18:02:43.333,1.11312,1.11339,1.00,1.25
2016.04.04 18:02:44.391,1.11312,1.11343,1.75,1.50
2016.04.04 18:02:44.499,1.11316,1.11343,1.19,1.50
2016.04.04 18:02:44.752,1.11315,1.11339,1.00,1.00
2016.04.04 18:02:44.803,1.11308,1.11339,1.75,1.00
2016.04.04 18:02:44.854,1.11312,1.11339,1.69,1.00
2016.04.04 18:02:44.905,1.11312,1.11341,1.69,1.00
2016.04.04 18:02:44.956,1.1131,1.11341,1.94,1.00
2016.04.04 18:02:45.007,1.11318,1.11341,1.00,1.00
2016.04.04 18:02:46.207,1.11321,1.11342,1.00,1.19
2016.04.04 18:02:46.258,1.11321,1.11343,1.19,1.00
2016.04.04 18:02:46.842,1.11319,1.11346,1.19,1.00
2016.04.04 18:02:48.180,1.1133,1.11349,1.19,1.00
2016.04.04 18:02:50.365,1.11321,1.11349,1.19,1.00
2016.04.04 18:02:50.466,1.11321,1.11349,1.19,1.19
2016.04.04 18:02:50.568,1.11326,1.11349,1.19,1.00
2016.04.04 18:02:50.721,1.11326,1.11351,1.19,1.00
2016.04.04 18:02:52.997,1.11322,1.11351,1.19,1.19
2016.04.04 18:02:54.924,1.11323,1.11343,1.19,1.50
2016.04.04 18:02:55.419,1.11326,1.11343,1.19,1.00
2016.04.04 18:02:56.073,1.11321,1.11343,1.00,1.00
2016.04.04 18:02:56.124,1.11318,1.11343,1.00,1.50
2016.04.04 18:02:56.327,1.11313,1.1134,1.19,1.00
2016.04.04 18:02:56.939,1.11311,1.1134,1.00,1.00
2016.04.04 18:02:56.990,1.11309,1.1134,2.62,1.00
2016.04.04 18:02:57.193,1.11311,1.1134,1.00,1.00
2016.04.04 18:02:57.561,1.11309,1.1134,2.62,1.00
2016.04.04 18:02:59.181,1.1131,1.1134,1.00,1.00
2016.04.04 18:02:59.803,1.11309,1.1134,2.62,1.00
2016.04.04 18:03:00.370,1.11309,1.11336,1.87,1.00
2016.04.04 18:03:00.903,1.1131,1.11336,1.00,1.00
2016.04.04 18:03:01.519,1.11309,1.11336,1.12,1.00
2016.04.04 18:03:01.846,1.1131,1.11339,1.19,1.00
2016.04.04 18:03:02.363,1.11313,1.11339,1.19,1.00
2016.04.04 18:03:03.098,1.11313,1.11339,1.00,1.00
2016.04.04 18:03:03.149,1.11309,1.11339,2.14,1.00
2016.04.04 18:03:03.200,1.11309,1.11339,1.31,1.00
2016.04.04 18:03:03.251,1.11311,1.11339,1.00,1.00
2016.04.04 18:03:03.503,1.11309,1.11339,2.06,1.00
2016.04.04 18:03:04.009,1.11309,1.11338,1.00,1.00
2016.04.04 18:03:04.818,1.11309,1.11339,1.00,1.25
2016.04.04 18:03:06.394,1.11314,1.11339,1.37,1.00
2016.04.04 18:03:06.750,1.11311,1.11339,1.00,1.00
2016.04.04 18:03:06.801,1.11309,1.11339,1.69,1.00
2016.04.04 18:03:08.001,1.11312,1.11339,1.00,1.00
2016.04.04 18:03:08.203,1.1131,1.11339,1.00,1.00
2016.04.04 18:03:08.735,1.11311,1.11339,1.00,1.00
2016.04.04 18:03:09.407,1.11306,1.11336,2.44,1.00
2016.04.04 18:03:09.803,1.11305,1.11331,1.94,1.00
2016.04.04 18:03:10.107,1.11305,1.11331,1.94,1.00
2016.04.04 18:03:10.410,1.11304,1.11328,1.94,1.00
2016.04.04 18:03:10.521,1.11303,1.11328,1.56,1.00
2016.04.04 18:03:11.045,1.11303,1.11328,1.19,1.00
2016.04.04 18:03:11.147,1.11303,1.11328,1.00,1.00
2016.04.04 18:03:11.463,1.113,1.11328,1.19,1.00
2016.04.04 18:03:12.805,1.113,1.11328,1.19,1.00
2016.04.04 18:03:13.793,1.11302,1.11328,1.69,1.00
2016.04.04 18:03:14.988,1.11307,1.11332,1.56,2.25
2016.04.04 18:03:15.463,1.11308,1.11329,1.31,1.00
2016.04.04 18:03:16.367,1.11306,1.11331,1.69,1.00
2016.04.04 18:03:16.418,1.11308,1.11332,1.31,2.25
2016.04.04 18:03:16.828,1.1131,1.11331,1.00,1.00
2016.04.04 18:03:19.302,1.11312,1.11331,1.00,1.00
2016.04.04 18:03:20.291,1.1131,1.11331,1.00,1.50
2016.04.04 18:03:21.053,1.11311,1.11329,1.00,1.00
2016.04.04 18:03:21.561,1.1131,1.11329,1.00,1.00
2016.04.04 18:03:21.662,1.11308,1.11329,1.12,1.00
2016.04.04 18:03:22.353,1.11306,1.11329,1.69,1.00
2016.04.04 18:03:23.554,1.11304,1.11329,1.94,1.00
2016.04.04 18:03:23.656,1.11306,1.11329,1.12,1.00
2016.04.04 18:03:24.181,1.11305,1.11329,1.25,1.00
2016.04.04 18:03:24.750,1.11303,1.11329,1.00,1.00
2016.04.04 18:03:24.970,1.11299,1.11329,3.19,1.00
2016.04.04 18:03:25.071,1.11307,1.11329,1.12,1.00
2016.04.04 18:03:25.123,1.11308,1.11334,1.00,1.00
2016.04.04 18:03:25.357,1.11302,1.11334,1.50,1.50
2016.04.04 18:03:25.692,1.11307,1.11334,1.00,1.00
2016.04.04 18:03:25.844,1.11306,1.11336,1.25,1.00
2016.04.04 18:03:25.895,1.11306,1.11338,1.69,1.00
2016.04.04 18:03:26.439,1.11306,1.11336,1.69,1.00
2016.04.04 18:03:27.020,1.11307,1.11339,1.19,1.00
2016.04.04 18:03:27.071,1.11307,1.11339,1.00,1.00
2016.04.04 18:03:27.122,1.11307,1.11337,1.00,1.00
2016.04.04 18:03:27.630,1.11306,1.11336,1.50,1.00
2016.04.04 18:03:28.162,1.11306,1.11339,1.50,1.69
2016.04.04 18:03:28.950,1.11308,1.11337,1.00,1.25
2016.04.04 18:03:29.052,1.11306,1.11337,1.50,1.25
2016.04.04 18:03:29.204,1.11311,1.11337,1.00,1.25
2016.04.04 18:03:32.802,1.11311,1.1134,1.00,1.00
2016.04.04 18:03:38.891,1.11311,1.11341,1.00,1.00
2016.04.04 18:03:51.811,1.11311,1.11341,1.00,1.19
2016.04.04 18:03:57.750,1.11311,1.1134,1.00,1.00
2016.04.04 18:03:57.801,1.11311,1.11342,1.00,1.00
2016.04.04 18:04:00.995,1.11311,1.11341,1.00,1.00
2016.04.04 18:04:01.500,1.11311,1.11342,1.00,1.00
2016.04.04 18:04:08.539,1.11311,1.11342,1.69,1.00
2016.04.04 18:04:10.552,1.11311,1.11341,1.69,1.00
2016.04.04 18:04:11.085,1.11311,1.11342,1.69,1.00
2016.04.04 18:04:11.404,1.11311,1.1134,1.69,1.00
2016.04.04 18:04:16.775,1.11308,1.11338,1.69,1.00
2016.04.04 18:04:16.826,1.11308,1.11338,1.31,1.87
2016.04.04 18:04:16.978,1.11302,1.11333,1.19,1.00
2016.04.04 18:04:17.029,1.11302,1.11333,1.19,1.00
2016.04.04 18:04:17.080,1.11302,1.1133,1.19,1.00
2016.04.04 18:04:17.805,1.11302,1.1133,1.19,1.00
2016.04.04 18:04:17.856,1.11302,1.11333,1.19,1.00
2016.04.04 18:04:18.985,1.11305,1.11334,1.56,1.00
2016.04.04 18:04:19.036,1.11308,1.11334,1.19,1.00
2016.04.04 18:04:19.137,1.11308,1.11339,1.25,1.00
2016.04.04 18:04:19.695,1.11308,1.11336,1.25,1.00
2016.04.04 18:04:19.929,1.11308,1.11339,1.25,1.00
2016.04.04 18:04:21.972,1.11306,1.11336,1.12,1.25
2016.04.04 18:04:22.288,1.11297,1.11327,2.81,1.00
2016.04.04 18:04:22.339,1.11297,1.11327,1.19,1.00
2016.04.04 18:04:23.306,1.11301,1.11327,1.19,1.00
2016.04.04 18:04:23.458,1.11301,1.1133,1.19,1.00
2016.04.04 18:04:23.509,1.11303,1.1133,1.00,1.00
2016.04.04 18:04:23.561,1.11303,1.11333,1.12,1.69
2016.04.04 18:04:24.388,1.11303,1.11333,1.50,1.50
2016.04.04 18:04:24.439,1.11305,1.11335,1.00,1.00
2016.04.04 18:04:24.764,1.11305,1.11333,1.19,1.00
2016.04.04 18:04:25.970,1.11305,1.11335,1.19,1.00
2016.04.04 18:04:29.380,1.11305,1.11334,1.69,1.00
2016.04.04 18:04:29.482,1.11305,1.11334,1.00,1.00
2016.04.04 18:04:29.583,1.11305,1.11332,1.00,1.00
2016.04.04 18:04:30.038,1.11305,1.11334,1.00,1.00
2016.04.04 18:04:31.159,1.11305,1.11332,1.00,1.00
2016.04.04 18:04:31.210,1.11303,1.11332,1.00,1.25
2016.04.04 18:04:31.261,1.11303,1.11329,1.00,1.00
2016.04.04 18:04:31.902,1.11302,1.11328,1.00,1.00
2016.04.04 18:04:32.358,1.11305,1.1133,1.00,1.00
2016.04.04 18:04:32.714,1.11308,1.1133,1.00,1.00
2016.04.04 18:04:32.816,1.11308,1.11333,1.00,1.00
2016.04.04 18:04:32.968,1.11308,1.11334,1.19,1.00
2016.04.04 18:04:33.120,1.11308,1.11338,1.19,1.00
2016.04.04 18:04:33.553,1.11308,1.11338,1.00,1.00
2016.04.04 18:04:34.111,1.11305,1.11335,1.25,1.00
2016.04.04 18:04:38.522,1.11304,1.11333,1.19,1.00
2016.04.04 18:04:38.867,1.11306,1.11331,1.19,1.00
2016.04.04 18:04:39.549,1.11305,1.11331,1.25,1.00
2016.04.04 18:04:39.720,1.11305,1.11334,1.25,1.00
2016.04.04 18:04:40.694,1.11305,1.11335,1.25,1.50
2016.04.04 18:04:42.792,1.11305,1.11332,1.25,1.00
2016.04.04 18:04:42.893,1.11301,1.11332,1.00,1.00
2016.04.04 18:04:42.995,1.11299,1.11329,1.00,1.00
2016.04.04 18:04:43.298,1.11299,1.11325,1.00,1.00
2016.04.04 18:04:43.349,1.11299,1.11329,1.00,1.50
2016.04.04 18:04:44.075,1.11302,1.11329,1.00,1.00
2016.04.04 18:04:44.328,1.11302,1.11331,1.00,1.25
2016.04.04 18:04:44.429,1.11304,1.11331,1.00,1.00
2016.04.04 18:04:44.581,1.11304,1.11335,1.00,1.25
2016.04.04 18:04:44.683,1.11307,1.11337,1.00,1.00
2016.04.04 18:04:47.180,1.11307,1.11336,1.00,1.00
2016.04.04 18:04:49.390,1.11307,1.11337,1.00,1.50
2016.04.04 18:04:50.147,1.11307,1.11337,1.19,1.50
2016.04.04 18:04:51.109,1.11308,1.11337,1.19,1.50
2016.04.04 18:04:51.713,1.11304,1.11335,1.69,1.00
2016.04.04 18:04:53.981,1.11304,1.11334,1.69,1.00
2016.04.04 18:04:54.155,1.11304,1.11336,1.69,1.00
2016.04.04 18:04:55.539,1.11304,1.11337,1.69,1.50
2016.04.04 18:05:01.690,1.11304,1.11337,1.19,1.50
2016.04.04 18:05:03.293,1.11309,1.11337,1.00,1.00
2016.04.04 18:05:03.697,1.1131,1.11335,1.00,1.00
2016.04.04 18:05:04.335,1.11309,1.11335,1.00,1.00
2016.04.04 18:05:05.456,1.11309,1.11335,1.69,1.00
2016.04.04 18:05:10.749,1.11309,1.11335,1.19,1.00
2016.04.04 18:05:11.613,1.11309,1.11337,1.19,1.12
2016.04.04 18:05:14.909,1.11309,1.11335,1.19,1.00
2016.04.04 18:05:15.138,1.11309,1.11338,1.19,1.50
2016.04.04 18:05:17.773,1.11309,1.11334,1.19,1.00
2016.04.04 18:05:17.976,1.11309,1.11334,1.00,1.00
2016.04.04 18:05:18.027,1.11302,1.11332,1.19,1.00
2016.04.04 18:05:18.891,1.11302,1.1133,1.19,1.00
2016.04.04 18:05:22.482,1.11302,1.1133,1.00,1.00
2016.04.04 18:05:22.634,1.11302,1.11332,1.00,1.50
2016.04.04 18:05:22.953,1.11302,1.11332,1.19,1.50
2016.04.04 18:05:23.054,1.11302,1.11332,1.19,1.00
2016.04.04 18:05:25.263,1.11299,1.11329,1.94,1.00
2016.04.04 18:05:25.567,1.11294,1.11323,1.19,1.00
2016.04.04 18:05:26.429,1.11293,1.11323,1.19,1.00
2016.04.04 18:05:29.105,1.11294,1.11324,1.19,1.00
2016.04.04 18:05:35.681,1.11293,1.11324,1.19,1.50
2016.04.04 18:05:35.833,1.11293,1.11319,1.69,1.00
2016.04.04 18:05:36.035,1.11293,1.11322,1.69,1.00
2016.04.04 18:05:36.706,1.11293,1.11324,1.19,1.00
2016.04.04 18:05:37.457,1.11293,1.11322,1.19,1.00
2016.04.04 18:05:37.966,1.11293,1.11324,1.19,1.50
2016.04.04 18:05:42.395,1.11294,1.11324,1.19,1.00
2016.04.04 18:05:42.944,1.11299,1.11324,1.19,1.00
2016.04.04 18:05:42.994,1.11299,1.11326,1.19,1.00
2016.04.04 18:05:44.159,1.11295,1.11326,1.69,1.00
2016.04.04 18:05:47.360,1.11295,1.11324,1.94,1.00
2016.04.04 18:05:48.343,1.11295,1.11327,2.44,1.00
2016.04.04 18:05:49.701,1.11295,1.11328,1.69,1.50
2016.04.04 18:05:49.803,1.11295,1.11325,1.25,1.12
2016.04.04 18:05:50.107,1.11289,1.11321,1.00,2.44
2016.04.04 18:05:50.259,1.11286,1.11319,1.69,1.31
2016.04.04 18:05:50.310,1.11286,1.11316,1.19,1.00
2016.04.04 18:05:50.698,1.11285,1.1131,1.00,1.25
2016.04.04 18:05:51.273,1.11284,1.1131,1.00,1.25
2016.04.04 18:05:51.481,1.11282,1.1131,1.00,1.25
2016.04.04 18:05:52.030,1.11282,1.11309,1.00,1.00
2016.04.04 18:05:52.081,1.11282,1.11305,1.00,1.00
2016.04.04 18:05:52.384,1.1128,1.11302,1.19,1.00
2016.04.04 18:05:52.636,1.1128,1.11304,1.19,1.00
2016.04.04 18:05:53.181,1.1128,1.11303,1.19,1.00
2016.04.04 18:05:53.728,1.1128,1.11305,1.19,1.00
2016.04.04 18:05:55.841,1.1128,1.11303,1.19,1.00
2016.04.04 18:05:56.044,1.1128,1.11305,1.19,1.00
2016.04.04 18:05:56.297,1.1128,1.11303,1.19,1.00
2016.04.04 18:06:00.475,1.11278,1.11304,1.19,1.00
2016.04.04 18:06:03.959,1.11278,1.11308,1.19,1.00
2016.04.04 18:06:04.212,1.11278,1.11303,1.19,1.00
2016.04.04 18:06:07.925,1.11278,1.11305,1.19,1.00
2016.04.04 18:06:08.374,1.11278,1.11308,1.19,1.00
2016.04.04 18:06:08.875,1.11278,1.11307,1.19,1.00
2016.04.04 18:06:09.441,1.11282,1.11307,1.00,1.00
2016.04.04 18:06:10.031,1.11282,1.11306,1.00,1.00
2016.04.04 18:06:10.133,1.11282,1.11303,1.00,1.00
2016.04.04 18:06:16.237,1.11282,1.11305,1.00,1.00
2016.04.04 18:06:17.509,1.11282,1.11307,1.00,1.00
2016.04.04 18:06:17.662,1.11282,1.11312,1.00,2.06
2016.04.04 18:06:18.607,1.11282,1.11306,1.00,1.00
2016.04.04 18:06:19.830,1.11282,1.11311,1.25,1.00
2016.04.04 18:06:19.931,1.11282,1.11309,1.25,1.00
2016.04.04 18:06:20.290,1.11282,1.11312,1.25,1.50
2016.04.04 18:06:20.392,1.11282,1.11307,1.25,1.00
2016.04.04 18:06:20.494,1.11282,1.11311,1.25,1.00
2016.04.04 18:06:21.403,1.11282,1.11309,1.25,1.00
2016.04.04 18:06:21.720,1.11282,1.11312,1.25,1.00
2016.04.04 18:06:24.259,1.11282,1.11307,1.25,1.00
2016.04.04 18:06:24.696,1.11282,1.11312,1.25,1.50
2016.04.04 18:06:24.798,1.11282,1.1131,1.25,1.00
2016.04.04 18:06:25.000,1.11282,1.11312,1.25,1.00
2016.04.04 18:06:25.405,1.11286,1.11313,1.00,1.00
2016.04.04 18:06:25.698,1.11286,1.11318,1.00,1.00
2016.04.04 18:06:25.949,1.11286,1.11312,1.00,1.00
2016.04.04 18:06:26.152,1.11283,1.11311,1.12,1.00
2016.04.04 18:06:26.356,1.11283,1.11308,1.12,1.00
2016.04.04 18:06:26.864,1.1128,1.11308,1.19,1.00
2016.04.04 18:06:28.171,1.1128,1.11309,1.69,1.00
2016.04.04 18:06:28.746,1.1128,1.11311,2.44,1.00
2016.04.04 18:06:29.278,1.1128,1.11308,1.69,1.00
2016.04.04 18:06:31.609,1.1128,1.11306,1.19,1.00
2016.04.04 18:06:32.568,1.1128,1.11308,1.19,1.00
2016.04.04 18:06:33.939,1.1128,1.1131,1.19,1.00
2016.04.04 18:06:34.597,1.1128,1.11309,1.19,1.00
2016.04.04 18:06:34.699,1.1128,1.11311,1.19,1.00
2016.04.04 18:06:38.628,1.1128,1.1131,1.19,1.00
2016.04.04 18:06:39.618,1.1128,1.11311,1.19,1.00
2016.04.04 18:06:43.481,1.1128,1.11309,1.19,1.00
2016.04.04 18:06:43.734,1.1128,1.11311,1.19,1.00
2016.04.04 18:06:47.442,1.1128,1.11309,1.19,1.00
2016.04.04 18:06:48.443,1.1128,1.11311,1.19,1.00
2016.04.04 18:06:51.514,1.11282,1.11314,1.19,1.25
2016.04.04 18:06:51.830,1.11282,1.11312,1.19,1.00
2016.04.04 18:06:55.062,1.11282,1.11315,1.19,2.44
2016.04.04 18:06:57.820,1.11282,1.11315,1.19,2.44
2016.04.04 18:07:03.619,1.11282,1.11315,1.31,1.19
2016.04.04 18:07:05.737,1.11282,1.11313,1.31,1.00
2016.04.04 18:07:05.952,1.11282,1.11309,1.31,1.00
2016.04.04 18:07:06.054,1.11282,1.11312,1.31,1.00
2016.04.04 18:07:06.578,1.11282,1.11313,1.31,1.00
2016.04.04 18:07:06.788,1.11282,1.1131,1.31,1.00
2016.04.04 18:07:07.729,1.11282,1.11312,1.31,1.00
2016.04.04 18:07:07.790,1.11282,1.11309,1.31,1.00
2016.04.04 18:07:08.471,1.11282,1.11307,1.31,1.00
2016.04.04 18:07:09.436,1.11282,1.11312,1.31,1.00
2016.04.04 18:07:09.697,1.11282,1.11315,1.31,1.69
2016.04.04 18:07:10.267,1.11282,1.11313,1.31,1.25
2016.04.04 18:07:10.522,1.11282,1.1131,1.31,1.00
2016.04.04 18:07:11.042,1.11282,1.11311,1.31,1.00
2016.04.04 18:07:11.558,1.11282,1.1131,1.31,1.00
2016.04.04 18:07:12.224,1.11282,1.11312,1.31,1.00
2016.04.04 18:07:12.447,1.11282,1.11309,1.31,1.00
2016.04.04 18:07:13.208,1.11282,1.11311,1.31,1.00
2016.04.04 18:07:13.512,1.11282,1.11314,1.31,1.19
2016.04.04 18:07:13.958,1.11282,1.11311,1.31,1.00
2016.04.04 18:07:15.143,1.11282,1.11311,1.31,1.00
2016.04.04 18:07:16.369,1.11282,1.1131,1.31,1.00
2016.04.04 18:07:17.483,1.11282,1.11314,1.31,1.19
2016.04.04 18:07:18.008,1.11282,1.1131,1.31,1.00
2016.04.04 18:07:18.588,1.11282,1.11307,1.31,1.00
2016.04.04 18:07:19.094,1.11282,1.11305,1.00,1.00
2016.04.04 18:07:19.248,1.11282,1.11309,1.00,1.00
2016.04.04 18:07:19.642,1.11282,1.11306,1.00,1.00
2016.04.04 18:07:20.019,1.11282,1.11309,1.00,1.00
2016.04.04 18:07:20.679,1.11282,1.11306,1.00,1.00
2016.04.04 18:07:20.730,1.1128,1.11306,1.00,1.00
2016.04.04 18:07:21.135,1.1128,1.11309,1.00,1.00
2016.04.04 18:07:21.545,1.1128,1.11307,1.00,1.00
2016.04.04 18:07:21.646,1.1128,1.1131,1.00,1.00
2016.04.04 18:07:21.697,1.11282,1.11313,1.00,1.25
2016.04.04 18:07:24.876,1.11282,1.11311,1.00,1.00
2016.04.04 18:07:25.499,1.11278,1.11311,1.37,1.50
2016.04.04 18:07:25.650,1.11281,1.11312,1.00,1.00
2016.04.04 18:07:26.477,1.11281,1.11313,1.00,1.25
2016.04.04 18:07:26.793,1.11279,1.11309,1.12,1.00
2016.04.04 18:07:27.165,1.11279,1.11311,1.12,1.00
2016.04.04 18:07:28.018,1.11279,1.1131,1.12,1.00
2016.04.04 18:07:28.705,1.11279,1.11311,1.12,1.00
2016.04.04 18:07:28.999,1.11283,1.11313,1.00,1.25
2016.04.04 18:07:30.896,1.11283,1.11312,1.00,1.00
2016.04.04 18:07:31.357,1.11283,1.11307,1.00,1.00
2016.04.04 18:07:31.679,1.11283,1.11313,1.00,1.25
2016.04.04 18:07:35.497,1.11283,1.11311,1.00,1.00
2016.04.04 18:07:35.846,1.11283,1.11307,1.00,1.00
2016.04.04 18:07:35.948,1.11283,1.11313,1.00,1.25
2016.04.04 18:07:36.468,1.11283,1.11312,1.00,1.00
2016.04.04 18:07:37.047,1.11283,1.11309,1.00,1.00
2016.04.04 18:07:37.729,1.11283,1.11313,1.00,1.19
2016.04.04 18:07:39.601,1.11279,1.11311,1.00,1.00
2016.04.04 18:07:39.760,1.11282,1.11314,1.00,1.19
2016.04.04 18:07:40.170,1.11279,1.11309,1.00,1.00
2016.04.04 18:07:40.490,1.11282,1.11311,1.00,1.00
2016.04.04 18:07:41.978,1.11283,1.11315,1.12,1.69
2016.04.04 18:07:42.770,1.11283,1.1131,1.12,1.00
2016.04.04 18:07:44.124,1.11283,1.11313,1.12,1.19
2016.04.04 18:07:49.596,1.11283,1.1131,1.12,1.00
2016.04.04 18:07:49.699,1.11283,1.11312,1.12,1.25
2016.04.04 18:07:49.801,1.11283,1.1131,1.12,1.00
2016.04.04 18:07:50.502,1.11283,1.11315,1.12,1.69
2016.04.04 18:07:50.939,1.11283,1.1131,1.12,1.00
2016.04.04 18:07:57.618,1.11283,1.11315,1.00,2.44
2016.04.04 18:07:58.090,1.11283,1.1131,1.00,1.00
2016.04.04 18:08:00.167,1.11283,1.11309,1.50,1.00
2016.04.04 18:08:00.583,1.11283,1.11315,1.50,1.69
2016.04.04 18:08:01.052,1.11283,1.1131,1.50,1.00
2016.04.04 18:08:01.356,1.1128,1.1131,1.00,1.00
2016.04.04 18:08:01.609,1.1128,1.11312,1.00,1.25
2016.04.04 18:08:01.944,1.1128,1.1131,1.00,1.00
2016.04.04 18:08:02.458,1.1128,1.11309,1.00,1.00
2016.04.04 18:08:02.760,1.11284,1.11314,1.00,1.69
2016.04.04 18:08:03.073,1.11284,1.1131,1.00,1.00
2016.04.04 18:08:04.134,1.11284,1.11314,1.00,2.44
2016.04.04 18:08:07.546,1.11284,1.1131,1.00,1.00
2016.04.04 18:08:07.947,1.11284,1.11314,1.00,1.69
2016.04.04 18:08:08.354,1.11281,1.11311,1.00,1.00
2016.04.04 18:08:08.506,1.11285,1.1131,1.00,1.00
2016.04.04 18:08:11.475,1.11285,1.11309,1.00,1.00
2016.04.04 18:08:11.627,1.11283,1.11309,1.00,1.00
2016.04.04 18:08:11.730,1.11283,1.11305,1.00,1.00
2016.04.04 18:08:11.781,1.11278,1.11305,1.25,1.00
2016.04.04 18:08:11.832,1.11278,1.11308,1.31,1.50
2016.04.04 18:08:11.934,1.11278,1.11306,1.50,1.00
2016.04.04 18:08:12.500,1.11274,1.11305,1.19,1.00
2016.04.04 18:08:13.131,1.11274,1.11301,1.19,1.00
2016.04.04 18:08:13.425,1.11274,1.11303,1.19,1.00
2016.04.04 18:08:13.679,1.11274,1.11306,1.19,1.50
2016.04.04 18:08:14.192,1.11274,1.11304,1.19,1.00
2016.04.04 18:08:14.509,1.11274,1.11301,1.19,1.00
2016.04.04 18:08:15.316,1.11274,1.11303,1.19,1.00
2016.04.04 18:08:15.538,1.11274,1.11301,1.19,1.00
2016.04.04 18:08:15.692,1.11274,1.11303,1.19,1.00
2016.04.04 18:08:16.216,1.11274,1.11304,1.19,1.00
2016.04.04 18:08:16.421,1.11274,1.113,1.19,1.00
2016.04.04 18:08:16.573,1.11273,1.11302,1.19,1.00
2016.04.04 18:08:17.003,1.11273,1.11299,1.19,1.00
2016.04.04 18:08:17.417,1.11273,1.11301,1.19,1.00
2016.04.04 18:08:17.932,1.11273,1.11302,1.19,1.00
2016.04.04 18:08:18.084,1.11273,1.113,1.19,1.00
2016.04.04 18:08:19.870,1.11273,1.11298,1.19,1.00
2016.04.04 18:08:20.386,1.11273,1.11297,1.19,1.00
2016.04.04 18:08:20.715,1.11273,1.113,1.19,1.00
2016.04.04 18:08:20.975,1.11273,1.11297,1.19,1.00
2016.04.04 18:08:21.477,1.11273,1.113,1.19,1.00
2016.04.04 18:08:22.311,1.11273,1.11303,1.69,1.12
2016.04.04 18:08:22.413,1.11276,1.11309,1.31,1.00
2016.04.04 18:08:22.464,1.11273,1.11305,1.94,1.00
2016.04.04 18:08:22.666,1.11276,1.11309,1.25,1.00
2016.04.04 18:08:22.717,1.11272,1.11305,1.94,1.00
2016.04.04 18:08:23.021,1.11275,1.113,1.19,1.00
2016.04.04 18:08:23.367,1.11275,1.11297,1.19,1.00
2016.04.04 18:08:24.846,1.11274,1.11297,1.19,1.00
2016.04.04 18:08:25.667,1.11274,1.11301,1.19,1.00
2016.04.04 18:08:26.263,1.11274,1.11302,1.19,1.00
2016.04.04 18:08:30.090,1.11274,1.113,1.19,1.00
2016.04.04 18:08:30.192,1.11274,1.11302,1.19,1.00
2016.04.04 18:08:32.953,1.11274,1.11299,1.19,1.00
2016.04.04 18:08:40.264,1.11276,1.11299,1.19,1.00
2016.04.04 18:08:42.973,1.11276,1.11301,1.19,1.00
2016.04.04 18:08:43.074,1.11276,1.11306,1.19,1.00
2016.04.04 18:08:43.125,1.11274,1.11306,1.19,1.00
2016.04.04 18:08:44.002,1.11277,1.11306,1.19,1.00
2016.04.04 18:08:47.289,1.11277,1.11309,1.69,1.00
2016.04.04 18:08:47.339,1.11277,1.11307,1.69,1.00
2016.04.04 18:08:47.441,1.11277,1.11307,1.25,1.00
2016.04.04 18:08:47.682,1.11274,1.11304,1.00,1.50
2016.04.04 18:08:49.738,1.11274,1.11302,1.00,1.00
2016.04.04 18:08:50.366,1.11274,1.11302,1.19,1.00
2016.04.04 18:08:50.417,1.11274,1.11304,1.19,1.00
2016.04.04 18:08:50.923,1.11274,1.11303,1.19,1.00
2016.04.04 18:08:51.437,1.11273,1.11297,1.19,1.00
2016.04.04 18:08:52.277,1.11273,1.11301,1.19,1.37
2016.04.04 18:08:56.694,1.11273,1.11297,1.19,1.00
2016.04.04 18:09:08.230,1.11274,1.11293,1.19,1.00
2016.04.04 18:09:08.331,1.1127,1.11293,1.19,1.00
2016.04.04 18:09:08.484,1.1127,1.11289,1.19,1.00
2016.04.04 18:09:08.535,1.11266,1.11289,1.19,1.00
2016.04.04 18:09:08.586,1.11266,1.11298,1.19,1.00
2016.04.04 18:09:08.637,1.11275,1.11301,1.19,1.75
2016.04.04 18:09:08.688,1.11275,1.11305,1.19,1.00
2016.04.04 18:09:08.789,1.11277,1.11307,1.19,1.12
2016.04.04 18:09:10.739,1.1128,1.11307,1.19,1.12
2016.04.04 18:09:23.107,1.1128,1.1131,1.69,1.50
2016.04.04 18:09:27.296,1.1128,1.11306,1.69,1.00
2016.04.04 18:09:27.501,1.1128,1.11308,1.69,1.00
2016.04.04 18:09:27.602,1.1128,1.1131,1.69,1.00
2016.04.04 18:09:28.535,1.1128,1.1131,1.19,1.50
2016.04.04 18:09:33.485,1.1128,1.1131,1.69,1.50
2016.04.04 18:09:43.401,1.11276,1.11308,1.12,1.00
2016.04.04 18:09:43.452,1.11273,1.11304,1.56,1.12
2016.04.04 18:09:46.058,1.11277,1.11307,1.00,1.00
2016.04.04 18:09:46.319,1.11277,1.11307,1.69,1.00
2016.04.04 18:09:48.275,1.11283,1.11307,1.19,1.00
2016.04.04 18:09:53.016,1.11273,1.11304,1.19,1.50
2016.04.04 18:09:54.157,1.11273,1.11304,1.19,1.00
2016.04.04 18:09:54.208,1.11276,1.11307,1.19,1.50
2016.04.04 18:09:54.463,1.11279,1.1131,1.31,1.00
2016.04.04 18:09:55.756,1.11279,1.11308,1.31,1.00
2016.04.04 18:09:57.511,1.11279,1.11308,2.06,1.00
2016.04.04 18:09:59.005,1.11279,1.11308,1.31,1.25
2016.04.04 18:10:04.515,1.11279,1.11307,1.12,1.19
2016.04.04 18:10:04.720,1.11274,1.11306,1.00,1.19
2016.04.04 18:10:04.771,1.11278,1.11307,1.00,1.19
2016.04.04 18:10:05.234,1.11278,1.11309,1.12,1.19
2016.04.04 18:10:08.574,1.11278,1.11309,1.12,1.19
2016.04.04 18:10:08.726,1.11278,1.11309,1.12,1.19
2016.04.04 18:10:09.454,1.11278,1.11309,1.12,1.19
2016.04.04 18:10:09.564,1.11278,1.11309,1.12,1.19
2016.04.04 18:10:09.784,1.11278,1.11309,1.12,1.19
2016.04.04 18:10:10.807,1.11278,1.11309,1.12,1.19
2016.04.04 18:10:11.678,1.11278,1.11309,1.12,1.19
2016.04.04 18:10:13.074,1.1128,1.11311,1.00,1.19
2016.04.04 18:10:22.229,1.1128,1.11313,1.00,1.31
2016.04.04 18:10:22.331,1.1128,1.11313,2.44,1.19
2016.04.04 18:10:32.956,1.11284,1.11314,1.00,1.19
2016.04.04 18:10:45.068,1.11281,1.11312,1.19,1.19
2016.04.04 18:10:45.278,1.11281,1.11308,1.19,1.00
2016.04.04 18:10:45.430,1.11278,1.11308,1.50,1.19
2016.04.04 18:10:46.178,1.11275,1.11307,1.19,1.19
2016.04.04 18:10:46.492,1.11275,1.11306,1.00,1.19
2016.04.04 18:10:46.594,1.11273,1.11302,1.00,1.19
2016.04.04 18:10:47.198,1.11268,1.11301,1.19,1.25
2016.04.04 18:10:57.419,1.11272,1.11302,1.19,1.00
2016.04.04 18:10:57.742,1.11274,1.11307,1.19,1.00
2016.04.04 18:11:01.734,1.11274,1.11307,1.19,1.19
2016.04.04 18:11:02.958,1.11278,1.11308,1.00,1.19
2016.04.04 18:11:16.431,1.1128,1.1131,1.00,1.19
2016.04.04 18:11:19.439,1.11276,1.11307,1.00,1.19
2016.04.04 18:11:19.715,1.11271,1.113,1.50,1.00
2016.04.04 18:11:20.544,1.11271,1.113,1.69,1.00
2016.04.04 18:11:24.617,1.11276,1.113,1.69,1.00
2016.04.04 18:11:24.668,1.11276,1.11306,2.06,1.00
2016.04.04 18:11:24.719,1.11279,1.11309,1.25,1.00
2016.04.04 18:11:25.225,1.11279,1.11308,1.25,1.00
2016.04.04 18:11:26.034,1.11276,1.11307,1.31,1.00
2016.04.04 18:11:29.194,1.11276,1.11302,1.31,1.00
2016.04.04 18:11:29.245,1.11272,1.11302,2.06,1.00
2016.04.04 18:11:29.405,1.11272,1.11299,1.69,1.00
2016.04.04 18:11:29.738,1.11272,1.11302,1.69,1.50
2016.04.04 18:11:32.389,1.11272,1.11301,1.69,1.00
2016.04.04 18:11:32.809,1.11275,1.11303,1.25,1.00
2016.04.04 18:11:33.042,1.11275,1.11305,1.25,1.00
2016.04.04 18:11:33.093,1.11276,1.11305,1.19,1.00
2016.04.04 18:11:36.726,1.11279,1.11305,1.19,1.50
2016.04.04 18:11:37.030,1.11279,1.113,1.19,1.00
2016.04.04 18:11:37.565,1.11279,1.11299,1.19,1.00
2016.04.04 18:11:39.957,1.11281,1.11305,1.19,1.87
2016.04.04 18:11:40.019,1.11281,1.11305,1.19,1.50
2016.04.04 18:11:43.988,1.11281,1.11309,1.19,1.00
2016.04.04 18:11:44.089,1.11279,1.11309,1.19,1.00
2016.04.04 18:11:57.717,1.11278,1.11309,1.00,1.50
2016.04.04 18:12:00.514,1.11278,1.11306,1.00,1.00
2016.04.04 18:12:02.708,1.11282,1.11306,1.00,1.00
2016.04.04 18:12:05.674,1.11282,1.11308,1.00,1.00
2016.04.04 18:12:22.966,1.11282,1.11309,1.00,1.00
2016.04.04 18:12:25.366,1.11282,1.1131,1.00,1.00
2016.04.04 18:12:25.883,1.11282,1.11309,1.00,1.00
2016.04.04 18:12:27.197,1.11284,1.11309,1.00,1.00
2016.04.04 18:12:28.895,1.11284,1.11314,1.00,1.00
2016.04.04 18:12:32.184,1.11284,1.11311,1.00,1.00
2016.04.04 18:12:34.098,1.11284,1.11308,1.00,1.00
2016.04.04 18:12:36.802,1.11284,1.11309,1.00,1.00
2016.04.04 18:12:39.372,1.11284,1.11311,1.00,1.00
2016.04.04 18:12:43.384,1.11281,1.11311,1.00,2.44
2016.04.04 18:12:43.435,1.11277,1.1131,1.50,1.12
2016.04.04 18:12:43.486,1.11274,1.11306,1.69,2.25
2016.04.04 18:12:43.792,1.11274,1.11303,1.19,1.00
2016.04.04 18:12:44.103,1.11273,1.11298,1.19,1.00
2016.04.04 18:12:46.183,1.11273,1.11299,1.19,1.00
2016.04.04 18:12:48.881,1.11273,1.11296,1.19,1.00
2016.04.04 18:12:50.158,1.11273,1.11295,1.19,1.00
2016.04.04 18:12:52.815,1.11273,1.11295,1.19,1.00
2016.04.04 18:12:53.856,1.11273,1.11296,1.19,1.00
2016.04.04 18:12:54.517,1.11273,1.11297,1.19,1.00
2016.04.04 18:12:57.079,1.11273,1.11298,1.19,1.00
2016.04.04 18:12:57.265,1.11273,1.113,1.19,1.00
2016.04.04 18:12:58.366,1.11273,1.11301,1.19,1.50
2016.04.04 18:12:58.787,1.11273,1.11301,1.19,1.00
2016.04.04 18:13:04.769,1.11276,1.11305,1.19,1.50
2016.04.04 18:13:04.870,1.11279,1.11308,1.00,1.00
2016.04.04 18:13:04.921,1.11279,1.11308,1.19,1.00
2016.04.04 18:13:06.790,1.11279,1.11308,1.00,1.00
2016.04.04 18:13:06.841,1.11276,1.11305,1.69,1.00
2016.04.04 18:13:07.145,1.11272,1.11298,1.19,1.00
2016.04.04 18:13:16.792,1.11269,1.11298,1.69,1.00
2016.04.04 18:13:19.762,1.11272,1.11298,1.19,1.00
2016.04.04 18:13:20.580,1.11269,1.11299,1.19,1.00
2016.04.04 18:13:22.689,1.11269,1.113,1.19,1.00
2016.04.04 18:13:23.392,1.11269,1.113,1.00,1.00
2016.04.04 18:13:27.094,1.11273,1.113,1.00,1.00
2016.04.04 18:13:27.613,1.11273,1.11299,1.00,1.00
2016.04.04 18:13:32.860,1.11273,1.11298,1.00,1.00
2016.04.04 18:13:33.127,1.11271,1.11298,1.00,1.00
2016.04.04 18:13:35.223,1.11271,1.11296,1.00,1.00
2016.04.04 18:13:35.324,1.11271,1.11299,1.50,1.00
2016.04.04 18:13:38.728,1.11273,1.11299,1.00,1.00
2016.04.04 18:13:38.779,1.11274,1.11302,1.00,1.25
2016.04.04 18:13:38.830,1.11279,1.11302,1.19,1.00
2016.04.04 18:13:39.197,1.11281,1.11309,1.00,1.19
2016.04.04 18:13:39.800,1.11281,1.11309,1.19,1.00
2016.04.04 18:13:40.731,1.11281,1.11306,1.19,1.00
2016.04.04 18:13:41.283,1.11281,1.11307,1.19,1.00
2016.04.04 18:13:46.648,1.11279,1.11307,1.12,1.00
2016.04.04 18:13:46.801,1.11275,1.11305,1.25,1.00
2016.04.04 18:13:47.342,1.11275,1.11302,1.00,1.00
2016.04.04 18:13:47.663,1.11275,1.11298,1.00,1.00
2016.04.04 18:13:47.815,1.11271,1.11299,1.50,1.00
2016.04.04 18:13:50.875,1.11271,1.11298,1.50,1.00
2016.04.04 18:13:53.502,1.11271,1.11297,1.00,1.00
2016.04.04 18:13:57.464,1.11271,1.11298,1.00,1.00
2016.04.04 18:14:10.411,1.11271,1.11299,1.00,1.00
2016.04.04 18:14:11.828,1.11274,1.11299,1.00,1.00
2016.04.04 18:14:11.879,1.11274,1.11301,1.00,1.25
2016.04.04 18:14:12.569,1.11274,1.11304,1.00,1.69
2016.04.04 18:14:15.469,1.11274,1.11301,1.00,1.00
2016.04.04 18:14:15.520,1.11274,1.11303,1.00,1.00
2016.04.04 18:14:16.171,1.11274,1.11302,1.00,1.00
2016.04.04 18:14:16.972,1.1127,1.11301,1.00,1.00
2016.04.04 18:14:18.264,1.11271,1.11301,1.00,1.00
2016.04.04 18:14:18.893,1.11273,1.11299,1.00,1.00
2016.04.04 18:14:20.861,1.11273,1.11302,1.00,1.00
2016.04.04 18:14:21.751,1.11273,1.11299,1.00,1.00
2016.04.04 18:14:29.584,1.11273,1.11301,1.00,1.00
2016.04.04 18:14:31.531,1.11273,1.11302,1.00,1.00
2016.04.04 18:14:36.732,1.11276,1.11302,1.00,1.00
2016.04.04 18:14:36.964,1.11279,1.11306,1.25,1.00
2016.04.04 18:14:37.015,1.11283,1.11306,1.00,1.00
2016.04.04 18:14:37.192,1.11279,1.11306,1.69,1.00
2016.04.04 18:14:37.243,1.1128,1.11306,1.00,1.19
2016.04.04 18:14:37.345,1.11276,1.11306,1.50,1.19
2016.04.04 18:14:37.396,1.11276,1.11298,1.00,1.00
2016.04.04 18:14:37.714,1.11272,1.11299,1.00,1.69
2016.04.04 18:14:42.419,1.11271,1.11299,1.00,1.19
2016.04.04 18:14:42.931,1.11272,1.11299,1.00,1.19
2016.04.04 18:14:42.982,1.11272,1.11296,1.00,1.00
2016.04.04 18:14:43.286,1.11273,1.11296,1.19,1.00
2016.04.04 18:14:43.338,1.11271,1.11303,1.19,1.00
2016.04.04 18:14:43.440,1.11271,1.11301,1.94,1.00
2016.04.04 18:14:43.745,1.11279,1.11304,1.00,1.25
2016.04.04 18:14:45.494,1.11278,1.11305,1.00,1.19
2016.04.04 18:14:46.422,1.1128,1.11304,1.00,1.25
2016.04.04 18:14:47.656,1.1128,1.11304,1.00,1.19
2016.04.04 18:14:47.721,1.11278,1.11304,1.00,1.19
2016.04.04 18:14:48.411,1.11279,1.11307,1.00,1.19
2016.04.04 18:14:48.563,1.11279,1.11307,1.00,1.00
2016.04.04 18:14:48.614,1.11277,1.11308,1.00,1.25
2016.04.04 18:14:49.244,1.11276,1.11308,1.00,1.25
2016.04.04 18:14:49.791,1.11276,1.11304,1.00,1.00
2016.04.04 18:14:50.408,1.11275,1.11304,1.00,1.00
2016.04.04 18:14:52.232,1.11276,1.11304,1.00,1.00
2016.04.04 18:14:54.630,1.11276,1.11308,1.00,1.69
2016.04.04 18:14:56.742,1.11278,1.11308,1.00,1.69
2016.04.04 18:14:57.083,1.11276,1.11302,1.00,1.00
2016.04.04 18:14:57.598,1.11277,1.11302,1.00,1.00
2016.04.04 18:15:02.393,1.11275,1.11302,1.50,1.00
2016.04.04 18:15:03.605,1.11277,1.11302,1.00,1.00
2016.04.04 18:15:03.808,1.11274,1.11304,1.12,1.25
2016.04.04 18:15:07.063,1.11274,1.11303,1.50,1.00
2016.04.04 18:15:07.523,1.11277,1.11304,1.25,1.69
2016.04.04 18:15:09.033,1.11277,1.11304,1.69,1.00
2016.04.04 18:15:11.393,1.11277,1.11307,2.81,1.25
2016.04.04 18:15:15.370,1.11282,1.11307,1.19,1.00
2016.04.04 18:15:15.818,1.11278,1.11307,1.69,1.00
2016.04.04 18:15:15.870,1.11278,1.11305,1.69,1.00
2016.04.04 18:15:16.892,1.11279,1.11307,1.19,1.00
2016.04.04 18:15:16.943,1.11282,1.11307,1.19,1.00
2016.04.04 18:15:17.468,1.11282,1.11306,1.19,1.00
2016.04.04 18:15:17.980,1.11282,1.11305,1.19,1.00
2016.04.04 18:15:18.535,1.11282,1.11306,1.19,1.00
2016.04.04 18:15:34.110,1.11288,1.11306,1.19,1.00
2016.04.04 18:15:34.161,1.11288,1.11308,1.19,1.00
2016.04.04 18:15:34.262,1.11288,1.11311,1.19,1.87
2016.04.04 18:15:34.415,1.11282,1.11311,1.19,1.87
2016.04.04 18:15:34.466,1.11282,1.11308,1.19,1.00
2016.04.04 18:15:34.770,1.11281,1.11303,1.19,1.00
2016.04.04 18:15:35.014,1.11281,1.11306,1.19,1.00
2016.04.04 18:15:38.338,1.11281,1.11309,1.19,1.00
2016.04.04 18:15:40.146,1.11284,1.11311,1.25,1.87
2016.04.04 18:15:40.517,1.11284,1.11308,1.25,1.00
2016.04.04 18:15:41.866,1.11284,1.11305,1.25,1.00
2016.04.04 18:15:42.170,1.11284,1.11307,1.19,1.00
2016.04.04 18:15:46.183,1.11283,1.11311,1.69,1.50
2016.04.04 18:15:52.759,1.11284,1.11308,1.19,1.00
2016.04.04 18:16:04.262,1.11286,1.1131,1.00,1.00
2016.04.04 18:16:07.215,1.11287,1.1131,1.00,1.00
2016.04.04 18:16:07.540,1.11284,1.1131,1.19,1.00
2016.04.04 18:16:09.776,1.11284,1.11308,1.19,1.00
2016.04.04 18:16:12.260,1.11281,1.11308,1.69,1.00
2016.04.04 18:16:12.564,1.11281,1.11303,1.69,1.00
2016.04.04 18:16:16.246,1.11279,1.11303,1.19,1.00
2016.04.04 18:16:17.584,1.1128,1.11305,1.25,1.00
2016.04.04 18:16:18.567,1.11277,1.11303,2.06,1.00
2016.04.04 18:16:19.220,1.11277,1.11302,2.06,1.00
2016.04.04 18:16:19.322,1.11274,1.11302,1.69,1.00
2016.04.04 18:16:19.589,1.11272,1.11293,1.19,1.00
2016.04.04 18:16:19.741,1.11271,1.11292,1.00,1.00
2016.04.04 18:16:20.619,1.11272,1.11292,1.00,1.00
2016.04.04 18:16:20.670,1.11272,1.11296,1.00,1.00
2016.04.04 18:16:20.823,1.11269,1.11296,1.00,1.00
2016.04.04 18:16:21.370,1.1127,1.11296,1.00,1.00
2016.04.04 18:16:24.021,1.11271,1.11296,1.00,1.00
2016.04.04 18:16:24.274,1.11268,1.11295,1.19,1.00
2016.04.04 18:16:24.426,1.11268,1.11293,1.19,1.00
2016.04.04 18:16:24.995,1.11266,1.11292,1.69,1.00
2016.04.04 18:16:25.526,1.11266,1.11293,1.19,1.12
2016.04.04 18:16:32.000,1.11266,1.1129,1.19,1.00
2016.04.04 18:16:32.361,1.11266,1.11295,1.19,1.00
2016.04.04 18:16:36.225,1.1127,1.11295,1.19,1.00
2016.04.04 18:16:36.428,1.1127,1.11297,1.19,1.00
2016.04.04 18:16:43.036,1.1127,1.11293,1.69,1.50
2016.04.04 18:16:49.836,1.1127,1.1129,1.19,1.00
2016.04.04 18:16:51.537,1.11266,1.11289,1.19,1.75
2016.04.04 18:16:52.458,1.11266,1.11288,1.69,1.50
2016.04.04 18:16:54.231,1.11266,1.11287,1.19,1.00
2016.04.04 18:16:55.140,1.1127,1.11287,1.00,1.00
2016.04.04 18:16:55.241,1.1127,1.11289,1.00,1.00
2016.04.04 18:16:55.512,1.11265,1.11293,1.19,1.00
2016.04.04 18:16:55.563,1.11265,1.11287,1.19,1.00
2016.04.04 18:16:55.665,1.11265,1.1129,1.19,1.12
2016.04.04 18:16:56.097,1.11267,1.11288,1.00,1.00
2016.04.04 18:16:56.418,1.11267,1.11288,1.19,1.00
2016.04.04 18:16:56.850,1.11267,1.11284,1.19,1.00
2016.04.04 18:16:56.904,1.11262,1.11284,1.19,1.00
2016.04.04 18:17:02.192,1.11266,1.11287,1.19,1.00
2016.04.04 18:17:02.294,1.11266,1.1129,1.19,1.50
2016.04.04 18:17:04.182,1.11263,1.1129,1.25,1.50
2016.04.04 18:17:04.485,1.11261,1.11287,1.19,1.00
2016.04.04 18:17:05.886,1.1126,1.11285,1.69,1.00
2016.04.04 18:17:06.903,1.1126,1.11287,1.69,1.00
2016.04.04 18:17:07.535,1.1126,1.11283,1.69,1.00
2016.04.04 18:17:13.080,1.11266,1.1129,1.19,1.00
2016.04.04 18:17:13.385,1.11266,1.11292,1.19,1.12
2016.04.04 18:17:13.839,1.1127,1.11292,1.19,1.00
2016.04.04 18:17:19.031,1.11263,1.11292,1.69,1.00
2016.04.04 18:17:19.081,1.11263,1.11289,1.69,1.00
2016.04.04 18:17:19.519,1.11263,1.11289,1.19,3.00
2016.04.04 18:17:19.570,1.11258,1.11289,2.44,3.00
2016.04.04 18:17:19.925,1.11263,1.11286,1.19,1.00
2016.04.04 18:17:20.230,1.11263,1.11282,1.19,1.00
2016.04.04 18:17:20.784,1.11263,1.11273,1.19,1.00
2016.04.04 18:17:20.835,1.11263,1.11279,1.19,1.00
2016.04.04 18:17:20.886,1.1126,1.11279,1.19,1.00
2016.04.04 18:17:22.320,1.1126,1.11284,1.19,1.00
2016.04.04 18:17:23.552,1.1126,1.11284,1.00,1.00
2016.04.04 18:17:23.603,1.11256,1.11284,1.19,1.00
2016.04.04 18:17:24.028,1.11256,1.11284,1.19,2.25
2016.04.04 18:17:24.349,1.11254,1.1128,1.69,1.00
2016.04.04 18:17:24.655,1.11254,1.11272,1.19,1.00
2016.04.04 18:17:27.368,1.11254,1.11275,1.19,1.00
2016.04.04 18:17:27.470,1.11254,1.11271,1.19,1.50
2016.04.04 18:17:27.937,1.11248,1.11271,1.19,1.00
2016.04.04 18:17:28.464,1.11248,1.11274,1.19,1.00
2016.04.04 18:17:32.980,1.11252,1.11274,1.19,1.00
2016.04.04 18:17:33.284,1.11252,1.11271,1.19,1.00
2016.04.04 18:17:34.001,1.11247,1.11271,1.69,1.00
2016.04.04 18:17:34.847,1.11251,1.11271,1.00,1.00
2016.04.04 18:17:35.853,1.11252,1.11271,1.00,1.00
2016.04.04 18:17:36.466,1.11251,1.11271,1.00,1.00
2016.04.04 18:17:37.407,1.11254,1.11271,1.19,1.00
2016.04.04 18:17:41.021,1.11249,1.11271,1.19,1.00
2016.04.04 18:17:41.072,1.11249,1.11274,1.19,1.00
2016.04.04 18:17:41.594,1.11256,1.11274,1.00,1.00
2016.04.04 18:17:42.237,1.11254,1.11274,1.00,1.00
2016.04.04 18:17:42.339,1.11257,1.11274,1.00,1.00
2016.04.04 18:17:44.949,1.11259,1.11274,1.00,1.00
2016.04.04 18:17:47.169,1.11261,1.11274,1.00,1.00
2016.04.04 18:17:51.154,1.11257,1.11278,1.00,1.00
2016.04.04 18:17:51.363,1.1126,1.11281,1.00,1.12
2016.04.04 18:17:51.659,1.11258,1.11281,1.00,1.12
2016.04.04 18:17:52.188,1.11257,1.11281,1.00,1.12
2016.04.04 18:17:53.199,1.11255,1.11284,1.00,2.25
2016.04.04 18:17:53.881,1.11258,1.11284,1.00,2.25
2016.04.04 18:17:53.932,1.11258,1.11284,1.00,1.87
2016.04.04 18:17:54.998,1.11256,1.11281,1.00,1.00
2016.04.04 18:17:55.332,1.11256,1.11284,1.00,1.12
2016.04.04 18:17:55.443,1.11259,1.11284,1.25,1.12
2016.04.04 18:17:55.746,1.11258,1.11282,1.19,1.00
2016.04.04 18:17:55.797,1.11258,1.11285,1.19,1.50
2016.04.04 18:17:58.579,1.11257,1.1128,1.19,1.00
2016.04.04 18:17:58.630,1.11257,1.1128,1.00,1.00
2016.04.04 18:17:58.827,1.11257,1.11276,1.00,1.00
2016.04.04 18:17:58.979,1.11252,1.11276,1.19,1.87
2016.04.04 18:18:02.985,1.11247,1.11272,1.19,1.00
2016.04.04 18:18:03.868,1.1125,1.11272,1.00,1.00
2016.04.04 18:18:06.073,1.11247,1.11272,1.19,1.00
2016.04.04 18:18:07.213,1.1125,1.11272,1.00,1.00
2016.04.04 18:18:07.714,1.11251,1.11273,1.00,1.00
2016.04.04 18:18:09.726,1.1125,1.11273,1.00,1.00
2016.04.04 18:18:10.179,1.11249,1.11273,1.19,1.00
2016.04.04 18:18:10.381,1.11249,1.11275,1.19,1.00
2016.04.04 18:18:14.241,1.11251,1.11277,1.19,1.75
2016.04.04 18:18:14.452,1.11251,1.11272,1.19,1.00
2016.04.04 18:18:18.853,1.11248,1.11272,1.25,1.00
2016.04.04 18:18:22.441,1.11248,1.11271,1.25,1.00
2016.04.04 18:18:23.339,1.11249,1.11271,1.00,1.00
2016.04.04 18:18:24.894,1.11249,1.1127,1.00,1.00
2016.04.04 18:18:26.132,1.11251,1.11268,1.00,1.00
2016.04.04 18:18:26.446,1.11251,1.11272,1.00,1.00
2016.04.04 18:18:29.765,1.11251,1.11261,1.00,1.00
2016.04.04 18:18:30.050,1.11249,1.11261,1.25,1.00
2016.04.04 18:18:37.294,1.11249,1.11268,1.25,1.00
2016.04.04 18:18:37.396,1.11249,1.11271,1.25,1.00
2016.04.04 18:18:37.447,1.11252,1.11271,1.00,1.00
2016.04.04 18:18:38.977,1.11254,1.11271,1.00,1.00
2016.04.04 18:18:39.816,1.11254,1.11274,1.00,1.50
2016.04.04 18:18:40.087,1.1125,1.11274,1.00,1.50
2016.04.04 18:18:40.597,1.11252,1.11274,1.00,1.00
2016.04.04 18:18:41.151,1.11252,1.11274,1.19,1.00
2016.04.04 18:18:41.455,1.11252,1.11269,1.19,1.00
2016.04.04 18:18:44.048,1.1125,1.11269,1.00,1.00
2016.04.04 18:18:44.808,1.11249,1.11269,1.25,1.00
2016.04.04 18:18:45.286,1.11251,1.11269,1.00,1.00
2016.04.04 18:18:49.259,1.11253,1.11269,1.00,1.00
2016.04.04 18:18:51.752,1.11244,1.11265,1.19,1.00
2016.04.04 18:18:52.617,1.1124,1.11265,1.19,1.00
2016.04.04 18:18:53.305,1.1124,1.11265,1.00,1.00
2016.04.04 18:18:53.357,1.1124,1.11263,1.00,1.00
2016.04.04 18:18:53.762,1.11237,1.11262,1.00,1.00
2016.04.04 18:18:54.148,1.11237,1.11259,1.00,1.00
2016.04.04 18:18:54.604,1.1124,1.11259,1.00,1.00
2016.04.04 18:18:56.055,1.11237,1.11259,1.19,1.00
2016.04.04 18:18:56.707,1.11237,1.11259,1.00,1.00
2016.04.04 18:18:56.809,1.11237,1.11256,1.00,1.00
2016.04.04 18:18:56.860,1.11233,1.11256,1.69,1.00
2016.04.04 18:18:59.139,1.11228,1.11256,1.19,1.12
2016.04.04 18:19:00.834,1.11228,1.11253,1.19,1.00
2016.04.04 18:19:07.688,1.11232,1.11256,1.19,1.12
2016.04.04 18:19:08.057,1.11237,1.11256,1.00,1.00
2016.04.04 18:19:08.709,1.11238,1.11256,1.00,1.00
2016.04.04 18:19:09.045,1.1124,1.11256,1.25,1.00
2016.04.04 18:19:12.685,1.11238,1.11256,1.00,1.00
2016.04.04 18:19:12.877,1.1124,1.11256,1.00,1.00
2016.04.04 18:19:17.445,1.1124,1.11248,1.00,1.00
2016.04.04 18:19:17.546,1.1124,1.11257,1.00,1.00
2016.04.04 18:19:23.759,1.11242,1.11257,1.00,1.00
2016.04.04 18:19:26.179,1.11241,1.11257,1.00,1.00
2016.04.04 18:19:26.859,1.11237,1.11257,1.00,1.00
2016.04.04 18:19:27.216,1.11237,1.11257,1.69,1.00
2016.04.04 18:19:27.634,1.11236,1.11257,1.00,1.00
2016.04.04 18:19:27.735,1.11237,1.11257,1.19,1.00
2016.04.04 18:19:28.292,1.11242,1.11257,1.00,1.00
2016.04.04 18:19:28.798,1.11241,1.11257,1.00,1.00
2016.04.04 18:19:29.304,1.11238,1.11257,1.19,1.00
2016.04.04 18:19:30.177,1.11241,1.11257,1.00,1.00
2016.04.04 18:19:30.683,1.1124,1.11257,1.25,1.00
2016.04.04 18:19:31.824,1.11241,1.11257,1.00,1.00
2016.04.04 18:19:32.340,1.11243,1.11257,1.00,1.00
2016.04.04 18:19:32.693,1.1124,1.11257,1.25,1.00
2016.04.04 18:19:32.998,1.11242,1.11257,1.19,1.00
2016.04.04 18:19:59.397,1.11239,1.11257,1.69,1.00
2016.04.04 18:19:59.499,1.11235,1.11257,1.19,1.00
2016.04.04 18:19:59.701,1.11235,1.11254,1.19,1.00
2016.04.04 18:19:59.752,1.11229,1.11254,1.19,1.00
2016.04.04 18:20:00.557,1.1123,1.11254,1.00,1.00
2016.04.04 18:20:00.709,1.1123,1.11254,1.19,1.00
2016.04.04 18:20:01.183,1.11232,1.11257,1.19,1.00
2016.04.04 18:20:04.234,1.11234,1.11257,1.19,1.00
2016.04.04 18:20:05.144,1.11229,1.11255,1.62,1.00
2016.04.04 18:20:05.665,1.11225,1.11255,1.19,1.00
2016.04.04 18:20:06.669,1.11226,1.11255,1.00,1.00
2016.04.04 18:20:07.170,1.11224,1.11255,1.31,1.00
2016.04.04 18:20:07.720,1.11226,1.11255,1.00,1.00
2016.04.04 18:20:08.155,1.11222,1.11255,1.56,1.00
2016.04.04 18:20:08.256,1.1123,1.1125,1.00,1.00
2016.04.04 18:20:08.711,1.11233,1.1125,1.00,1.00
2016.04.04 18:20:08.812,1.11231,1.1125,1.00,1.00
2016.04.04 18:20:10.233,1.1123,1.1125,1.00,1.00
2016.04.04 18:20:11.867,1.11227,1.1125,1.00,1.00
2016.04.04 18:20:14.849,1.1123,1.1125,1.00,1.00
2016.04.04 18:20:16.628,1.11229,1.1125,1.00,1.00
2016.04.04 18:20:17.207,1.1123,1.1125,1.00,1.00
2016.04.04 18:20:18.903,1.11231,1.1125,1.00,1.00
2016.04.04 18:20:20.347,1.11224,1.1125,1.31,1.00
2016.04.04 18:20:20.399,1.11227,1.1125,1.19,1.00
2016.04.04 18:20:20.551,1.11231,1.11254,1.00,1.00
2016.04.04 18:20:20.804,1.11235,1.11254,1.00,1.00
2016.04.04 18:20:21.108,1.11232,1.11254,1.00,1.00
2016.04.04 18:20:22.674,1.11235,1.11254,1.00,1.00
2016.04.04 18:20:23.079,1.11231,1.11254,1.00,1.00
2016.04.04 18:20:23.602,1.11227,1.11254,1.19,1.00
2016.04.04 18:20:28.978,1.1123,1.11254,1.19,1.00
2016.04.04 18:20:33.739,1.11231,1.11254,1.69,1.00
2016.04.04 18:20:51.566,1.11232,1.11254,1.19,1.00
2016.04.04 18:20:57.516,1.11233,1.11254,1.25,1.00
2016.04.04 18:20:59.063,1.11234,1.11254,1.00,1.00
2016.04.04 18:20:59.572,1.11232,1.11254,1.19,1.00
2016.04.04 18:21:00.378,1.11234,1.11254,1.00,1.00
2016.04.04 18:21:05.150,1.11235,1.11254,1.00,1.00
2016.04.04 18:21:06.198,1.11237,1.11254,1.00,1.00
2016.04.04 18:21:06.702,1.11236,1.11254,1.00,1.00
2016.04.04 18:21:08.086,1.11234,1.11254,1.25,1.00
2016.04.04 18:21:14.472,1.11235,1.11254,1.00,1.00
2016.04.04 18:21:17.298,1.11234,1.11254,1.25,1.00
2016.04.04 18:21:18.169,1.11236,1.11254,1.19,1.00
2016.04.04 18:21:18.220,1.11236,1.11259,1.19,1.00
2016.04.04 18:21:18.501,1.11242,1.11259,1.00,1.00
2016.04.04 18:21:19.092,1.1124,1.11259,1.00,1.00
2016.04.04 18:21:22.703,1.11238,1.11259,1.25,1.00
2016.04.04 18:21:24.683,1.11239,1.11259,1.00,1.00
2016.04.04 18:21:25.114,1.11238,1.11255,1.25,1.00
2016.04.04 18:21:29.332,1.1124,1.11255,1.00,1.00
2016.04.04 18:21:30.911,1.11238,1.11255,1.25,1.00
2016.04.04 18:21:32.864,1.11239,1.11255,1.00,1.00
2016.04.04 18:21:34.904,1.1124,1.11255,1.00,1.00
2016.04.04 18:21:36.901,1.11237,1.11255,1.00,1.00
2016.04.04 18:21:37.456,1.11239,1.11255,1.00,1.00
2016.04.04 18:21:40.742,1.11237,1.11255,1.00,1.00
2016.04.04 18:21:43.478,1.1124,1.11255,1.00,1.00
2016.04.04 18:21:44.062,1.11239,1.11255,1.00,1.00
2016.04.04 18:21:44.583,1.11238,1.11255,1.00,1.00
2016.04.04 18:21:45.017,1.11235,1.11255,1.00,1.00
2016.04.04 18:21:46.337,1.11237,1.11255,1.00,1.00
2016.04.04 18:21:49.015,1.11234,1.11255,1.25,1.00
2016.04.04 18:21:52.315,1.11237,1.11255,1.00,1.00
2016.04.04 18:21:52.717,1.11235,1.11255,1.00,1.00
2016.04.04 18:21:54.369,1.11237,1.11255,1.00,1.00
2016.04.04 18:21:58.053,1.11235,1.11255,1.00,1.00
2016.04.04 18:22:00.425,1.11236,1.11255,1.00,1.00
2016.04.04 18:22:03.850,1.11235,1.11255,1.00,1.00
2016.04.04 18:22:07.712,1.11233,1.11255,1.25,1.00
2016.04.04 18:22:08.264,1.11235,1.11255,1.00,1.00
2016.04.04 18:22:08.774,1.11234,1.11255,1.00,1.00
2016.04.04 18:22:12.308,1.11236,1.11255,1.00,1.00
2016.04.04 18:22:13.317,1.11237,1.11255,1.00,1.00
2016.04.04 18:22:14.186,1.11235,1.11255,1.00,1.00
2016.04.04 18:22:14.441,1.11237,1.11255,1.00,1.00
2016.04.04 18:22:14.695,1.11231,1.11255,1.00,1.00
2016.04.04 18:22:15.088,1.11233,1.11255,1.00,1.00
2016.04.04 18:22:18.999,1.11233,1.1125,1.00,1.00
2016.04.04 18:22:19.151,1.1123,1.1125,1.25,1.00
2016.04.04 18:22:21.630,1.11232,1.1125,1.19,1.00
2016.04.04 18:22:23.959,1.11228,1.1125,1.25,1.00
2016.04.04 18:22:24.117,1.11231,1.1125,1.00,1.00
2016.04.04 18:22:25.928,1.11232,1.1125,1.19,1.00
2016.04.04 18:22:26.592,1.11235,1.1125,1.00,1.00
2016.04.04 18:22:27.244,1.11232,1.1125,1.69,1.00
2016.04.04 18:22:28.822,1.11232,1.11247,1.69,1.00
2016.04.04 18:22:33.434,1.11232,1.1124,1.19,1.00
2016.04.04 18:22:33.784,1.11232,1.11247,1.19,1.00
2016.04.04 18:22:41.095,1.1123,1.11247,1.00,1.00
2016.04.04 18:22:41.739,1.11232,1.11247,1.00,1.00
2016.04.04 18:22:44.386,1.11231,1.11247,1.00,1.00
2016.04.04 18:22:44.888,1.11232,1.11247,1.00,1.00
2016.04.04 18:22:50.400,1.11226,1.11247,1.19,1.00
2016.04.04 18:22:50.451,1.11226,1.11247,1.00,1.00
2016.04.04 18:22:51.677,1.11221,1.11247,1.19,1.00
2016.04.04 18:22:52.132,1.11229,1.11247,1.00,1.00
2016.04.04 18:22:52.463,1.11231,1.11247,1.00,1.00
2016.04.04 18:22:52.565,1.11229,1.11247,1.00,1.00
2016.04.04 18:22:52.718,1.11229,1.11251,1.25,1.00
2016.04.04 18:22:57.083,1.1123,1.11251,1.00,1.00
2016.04.04 18:22:57.616,1.11228,1.11251,1.19,1.00
2016.04.04 18:23:00.807,1.1123,1.11251,1.00,1.00
2016.04.04 18:23:01.698,1.1123,1.11251,1.00,1.19
2016.04.04 18:23:02.807,1.11231,1.11251,1.00,1.19
2016.04.04 18:23:02.897,1.11229,1.11251,1.00,1.19
2016.04.04 18:23:05.259,1.11228,1.11251,1.00,1.19
2016.04.04 18:23:05.360,1.11232,1.11251,1.00,1.19
2016.04.04 18:23:05.664,1.11239,1.11251,1.19,1.00
2016.04.04 18:23:05.715,1.11239,1.11254,1.19,1.00
2016.04.04 18:23:06.497,1.11235,1.11254,1.00,1.00
2016.04.04 18:23:06.750,1.11233,1.11254,1.25,1.00
2016.04.04 18:23:07.544,1.11232,1.11254,1.00,1.19
2016.04.04 18:23:08.775,1.11236,1.11254,1.00,1.19
2016.04.04 18:23:11.079,1.11233,1.11254,1.00,1.19
2016.04.04 18:23:11.634,1.11233,1.11251,1.00,1.00
2016.04.04 18:23:12.836,1.11231,1.11251,1.00,1.00
2016.04.04 18:23:13.393,1.11233,1.11251,1.00,1.00
2016.04.04 18:23:13.943,1.11234,1.11251,1.00,1.00
2016.04.04 18:23:15.388,1.11236,1.11251,1.00,1.00
2016.04.04 18:23:16.318,1.11234,1.11251,1.00,1.00
2016.04.04 18:23:19.738,1.11233,1.11251,1.00,1.00
2016.04.04 18:23:20.615,1.11229,1.11251,1.00,1.00
2016.04.04 18:23:20.936,1.11231,1.11251,1.00,1.00
2016.04.04 18:23:22.074,1.11227,1.11251,1.19,1.00
2016.04.04 18:23:25.726,1.11227,1.11251,1.25,1.00
2016.04.04 18:23:26.283,1.11226,1.11251,1.31,1.00
2016.04.04 18:23:26.785,1.11228,1.11251,1.00,1.00
2016.04.04 18:23:35.283,1.11231,1.11251,1.00,1.00
2016.04.04 18:23:36.263,1.1123,1.11251,1.00,1.00
2016.04.04 18:23:38.338,1.11226,1.11251,1.00,1.25
2016.04.04 18:23:38.872,1.11227,1.11251,1.00,1.25
2016.04.04 18:23:39.671,1.11226,1.11251,1.00,1.69
2016.04.04 18:23:39.874,1.11221,1.11251,1.00,1.69
2016.04.04 18:23:40.202,1.11221,1.11251,1.00,1.19
2016.04.04 18:23:40.407,1.11224,1.11251,1.00,1.19
2016.04.04 18:23:40.644,1.1122,1.11251,1.00,1.19
2016.04.04 18:23:43.796,1.11221,1.11251,1.00,1.19
2016.04.04 18:23:44.916,1.1122,1.11251,1.00,1.19
2016.04.04 18:23:45.932,1.1122,1.11249,1.00,1.19
2016.04.04 18:23:47.982,1.11222,1.11249,1.00,1.19
2016.04.04 18:23:48.235,1.1122,1.11248,1.00,1.19
2016.04.04 18:23:48.337,1.1122,1.11244,1.00,1.19
2016.04.04 18:23:48.388,1.11218,1.11244,1.12,1.19
2016.04.04 18:23:48.633,1.1122,1.11244,1.00,1.19
2016.04.04 18:23:49.161,1.11219,1.11244,1.00,1.19
2016.04.04 18:23:49.712,1.1122,1.11244,1.00,1.19
2016.04.04 18:23:50.218,1.11219,1.11244,1.00,1.19
2016.04.04 18:23:50.886,1.1122,1.11244,1.00,1.19
2016.04.04 18:23:52.816,1.11222,1.11244,1.00,1.19
2016.04.04 18:23:53.046,1.11219,1.11244,1.00,1.19
2016.04.04 18:23:53.156,1.11222,1.11244,1.00,1.19
2016.04.04 18:23:55.182,1.11221,1.11244,1.00,1.19
2016.04.04 18:23:55.356,1.11221,1.11248,1.00,1.31
2016.04.04 18:23:55.508,1.11223,1.11248,1.00,1.19
2016.04.04 18:23:55.949,1.11226,1.11248,1.00,1.00
2016.04.04 18:23:56.052,1.11217,1.11248,2.25,1.00
2016.04.04 18:23:56.277,1.1123,1.11248,1.00,1.00
2016.04.04 18:23:56.779,1.11231,1.11248,1.00,1.00
2016.04.04 18:23:57.993,1.11231,1.11248,1.00,1.69
2016.04.04 18:23:58.497,1.11232,1.11248,1.00,1.69
2016.04.04 18:23:59.489,1.1123,1.11248,1.00,1.69
2016.04.04 18:23:59.590,1.11223,1.11248,1.00,1.69
2016.04.04 18:23:59.917,1.11227,1.11248,1.00,1.69
2016.04.04 18:24:02.350,1.11228,1.11248,1.00,1.69
2016.04.04 18:24:02.549,1.11226,1.11248,1.00,1.69
2016.04.04 18:24:03.966,1.11225,1.11248,1.00,1.69
2016.04.04 18:24:05.842,1.11227,1.11248,1.00,1.69
2016.04.04 18:24:06.631,1.11225,1.11248,1.00,1.69
2016.04.04 18:24:06.733,1.11227,1.11248,1.00,1.69
2016.04.04 18:24:07.395,1.1123,1.11248,1.00,1.69
2016.04.04 18:24:07.496,1.11227,1.11248,1.00,1.69
2016.04.04 18:24:07.826,1.11229,1.11248,1.00,1.69
2016.04.04 18:24:07.927,1.11227,1.11248,1.00,1.69
2016.04.04 18:24:08.434,1.11226,1.11248,1.00,1.69
2016.04.04 18:24:08.485,1.11222,1.11245,1.00,1.19
2016.04.04 18:24:08.944,1.1122,1.11245,1.00,1.19
2016.04.04 18:24:09.388,1.11223,1.11245,1.00,1.19
2016.04.04 18:24:09.489,1.1122,1.11245,1.00,1.19
2016.04.04 18:24:09.691,1.11227,1.11242,1.00,1.19
2016.04.04 18:24:10.000,1.1123,1.11242,1.00,1.19
2016.04.04 18:24:10.463,1.11227,1.11242,1.00,1.19
2016.04.04 18:24:12.714,1.11229,1.11242,1.00,1.19
2016.04.04 18:24:13.274,1.11229,1.11248,1.00,1.69
2016.04.04 18:24:13.795,1.11226,1.11248,1.00,1.69
2016.04.04 18:24:13.896,1.1123,1.11248,1.00,1.69
2016.04.04 18:24:14.240,1.11225,1.11248,1.00,1.69
2016.04.04 18:24:14.292,1.11225,1.11244,1.00,1.19
2016.04.04 18:24:14.444,1.11223,1.11244,1.00,1.19
2016.04.04 18:24:14.648,1.11226,1.11244,1.00,1.19
2016.04.04 18:24:14.851,1.11217,1.11244,1.50,1.19
2016.04.04 18:24:15.187,1.1123,1.11244,1.00,1.19
2016.04.04 18:24:17.971,1.11231,1.11244,1.00,1.19
2016.04.04 18:24:18.498,1.1123,1.11244,1.00,1.19
2016.04.04 18:24:20.676,1.11226,1.11244,1.00,1.19
2016.04.04 18:24:23.315,1.11225,1.11244,1.00,1.19
2016.04.04 18:24:23.717,1.11223,1.11244,1.00,1.19
2016.04.04 18:24:24.164,1.11223,1.11244,1.00,1.19
2016.04.04 18:24:25.845,1.11225,1.11244,1.00,1.19
2016.04.04 18:24:30.815,1.11225,1.1125,1.00,1.19
2016.04.04 18:24:31.466,1.11225,1.11244,1.00,1.00
2016.04.04 18:24:32.383,1.11226,1.11244,1.00,1.00
2016.04.04 18:24:32.485,1.11223,1.11244,1.25,1.00
2016.04.04 18:24:33.334,1.11224,1.11244,1.00,1.00
2016.04.04 18:24:34.678,1.11223,1.11244,1.25,1.00
2016.04.04 18:24:35.056,1.11223,1.11244,1.19,1.00
2016.04.04 18:24:35.581,1.11226,1.11244,1.00,1.00
2016.04.04 18:24:36.322,1.11218,1.11244,1.00,1.00
2016.04.04 18:24:36.524,1.11229,1.11244,1.00,1.00
2016.04.04 18:24:36.626,1.11227,1.11244,1.00,1.00
2016.04.04 18:24:36.879,1.11223,1.11244,1.00,1.00
2016.04.04 18:24:36.980,1.11223,1.11241,1.25,1.00
2016.04.04 18:24:37.498,1.11224,1.11241,1.00,1.00
2016.04.04 18:24:39.089,1.11223,1.11241,1.00,1.00
2016.04.04 18:24:39.498,1.11225,1.11241,1.00,1.00
2016.04.04 18:24:40.000,1.11224,1.11241,1.00,1.00
2016.04.04 18:24:40.468,1.11222,1.11241,1.00,1.00
2016.04.04 18:24:42.037,1.11225,1.11241,1.00,1.00
2016.04.04 18:24:42.369,1.11223,1.11241,1.19,1.00
2016.04.04 18:24:42.471,1.11222,1.11241,1.19,1.00
2016.04.04 18:24:44.043,1.11222,1.11241,1.00,1.00
2016.04.04 18:24:49.174,1.11225,1.11241,1.00,1.00
2016.04.04 18:24:51.333,1.11222,1.11241,1.25,1.00
2016.04.04 18:24:52.226,1.11217,1.11241,1.00,1.00
2016.04.04 18:24:52.277,1.11217,1.11237,1.50,1.25
2016.04.04 18:24:52.604,1.1122,1.11237,1.00,1.25
2016.04.04 18:24:55.650,1.11222,1.11237,1.00,1.25
2016.04.04 18:24:56.185,1.1122,1.11237,1.00,1.25
2016.04.04 18:24:57.518,1.11221,1.11237,1.00,1.25
2016.04.04 18:24:57.619,1.11218,1.11237,1.00,1.25
2016.04.04 18:24:57.872,1.11216,1.11237,1.00,1.25
2016.04.04 18:24:58.277,1.11218,1.11237,1.00,1.25
2016.04.04 18:24:58.429,1.11216,1.11237,1.00,1.25
2016.04.04 18:24:58.936,1.11215,1.11237,1.00,1.25
2016.04.04 18:24:59.445,1.11214,1.11237,1.00,1.25
2016.04.04 18:25:00.067,1.11212,1.11234,2.25,1.19
2016.04.04 18:25:00.270,1.11209,1.11234,1.00,1.19
2016.04.04 18:25:00.321,1.11209,1.11234,1.50,1.00
2016.04.04 18:25:00.568,1.11209,1.11234,1.94,1.00
2016.04.04 18:25:00.881,1.11216,1.11234,1.00,1.00
2016.04.04 18:25:01.033,1.11214,1.11234,1.25,1.00
2016.04.04 18:25:01.287,1.11212,1.11234,1.00,1.00
2016.04.04 18:25:01.804,1.1121,1.11234,1.25,1.00
2016.04.04 18:25:01.956,1.11206,1.11234,1.69,1.00
2016.04.04 18:25:02.205,1.11209,1.11234,1.19,1.00
2016.04.04 18:25:02.508,1.11213,1.11234,1.00,1.00
2016.04.04 18:25:02.873,1.11215,1.11234,1.00,1.00
2016.04.04 18:25:04.001,1.11214,1.11234,1.00,1.00
2016.04.04 18:25:04.812,1.11211,1.11234,1.25,1.00
2016.04.04 18:25:05.477,1.11212,1.11234,1.00,1.00
2016.04.04 18:25:06.006,1.11209,1.11234,1.00,1.00
2016.04.04 18:25:06.537,1.11208,1.11234,1.00,1.00
2016.04.04 18:25:07.314,1.11209,1.11234,1.25,1.25
2016.04.04 18:25:09.297,1.11209,1.11231,1.69,1.00
2016.04.04 18:25:09.870,1.1121,1.11231,1.00,1.00
2016.04.04 18:25:10.180,1.11216,1.11231,1.00,1.00
2016.04.04 18:25:10.490,1.11218,1.11231,1.00,1.00
2016.04.04 18:25:11.111,1.11219,1.11231,1.00,1.00
2016.04.04 18:25:11.376,1.11216,1.11231,1.00,1.00
2016.04.04 18:25:11.956,1.11215,1.11231,1.00,1.00
2016.04.04 18:25:12.480,1.11216,1.11231,1.00,1.00
2016.04.04 18:25:13.563,1.11217,1.11231,1.00,1.00
2016.04.04 18:25:14.464,1.11216,1.11231,1.00,1.00
2016.04.04 18:25:15.542,1.11215,1.11231,1.00,1.00
2016.04.04 18:25:15.918,1.11212,1.11231,1.00,1.19
2016.04.04 18:25:16.352,1.11214,1.11231,1.19,1.00
2016.04.04 18:25:16.901,1.11213,1.11231,1.00,1.00
2016.04.04 18:25:17.302,1.11211,1.11231,1.00,1.00
2016.04.04 18:25:17.454,1.11211,1.11229,1.00,1.00
2016.04.04 18:25:17.774,1.11214,1.11229,1.00,1.00
2016.04.04 18:25:18.623,1.11211,1.11229,1.00,1.00
2016.04.04 18:25:20.508,1.11212,1.11229,1.00,1.00
2016.04.04 18:25:20.734,1.11208,1.11229,1.00,1.00
2016.04.04 18:25:20.785,1.11208,1.11225,1.00,1.00
2016.04.04 18:25:21.208,1.11209,1.11232,1.00,1.19
2016.04.04 18:25:24.891,1.11211,1.11232,1.00,1.19
2016.04.04 18:25:25.573,1.11208,1.11232,1.00,1.19
2016.04.04 18:25:25.864,1.11203,1.11234,1.19,1.19
2016.04.04 18:25:25.916,1.11215,1.11234,1.00,1.19
2016.04.04 18:25:26.017,1.11215,1.11236,1.00,1.19
2016.04.04 18:25:26.119,1.11218,1.11239,1.00,1.69
2016.04.04 18:25:26.672,1.11218,1.11235,1.00,1.19
2016.04.04 18:25:26.773,1.11213,1.11235,1.00,1.19
2016.04.04 18:25:27.692,1.11214,1.11235,1.00,1.19
2016.04.04 18:25:27.813,1.11214,1.11238,1.00,1.25
2016.04.04 18:25:28.522,1.11213,1.11238,1.00,1.25
2016.04.04 18:25:29.067,1.11214,1.11238,1.00,1.25
2016.04.04 18:25:29.490,1.11214,1.11235,1.00,1.00
2016.04.04 18:25:29.952,1.11211,1.11235,1.25,1.00
2016.04.04 18:25:30.105,1.11211,1.11235,1.00,1.69
2016.04.04 18:25:30.762,1.11215,1.11232,1.00,1.31
2016.04.04 18:25:31.276,1.11214,1.11232,1.00,1.31
2016.04.04 18:25:33.035,1.11213,1.11232,1.00,1.31
2016.04.04 18:25:33.186,1.11214,1.11236,1.00,1.19
2016.04.04 18:25:33.493,1.11217,1.11236,1.00,1.19
2016.04.04 18:25:34.824,1.11218,1.11236,1.00,1.19
2016.04.04 18:25:38.641,1.11216,1.11236,1.00,1.19
2016.04.04 18:25:39.998,1.11216,1.11235,1.00,1.19
2016.04.04 18:25:40.100,1.11214,1.11235,1.00,1.19
2016.04.04 18:25:40.203,1.11217,1.11235,1.00,1.19
2016.04.04 18:25:40.533,1.11215,1.11233,1.00,1.19
2016.04.04 18:25:41.053,1.11214,1.11233,1.00,1.19
2016.04.04 18:25:41.736,1.11215,1.11233,1.00,1.69
2016.04.04 18:25:42.771,1.11215,1.11227,1.00,1.19
2016.04.04 18:25:42.822,1.11207,1.11227,1.00,1.19
2016.04.04 18:25:42.873,1.11207,1.11219,1.00,1.25
2016.04.04 18:25:42.974,1.11201,1.11217,1.00,1.00
2016.04.04 18:25:43.472,1.11202,1.1122,1.00,1.00
2016.04.04 18:25:43.876,1.11199,1.1122,1.00,1.00
2016.04.04 18:25:43.927,1.11199,1.11216,1.00,1.00
2016.04.04 18:25:44.231,1.11202,1.11216,1.00,1.00
2016.04.04 18:25:44.332,1.11201,1.11218,1.19,1.00
2016.04.04 18:25:45.021,1.11203,1.11218,1.00,1.00
2016.04.04 18:25:47.365,1.11203,1.11227,1.00,1.25
2016.04.04 18:25:48.651,1.11204,1.11227,1.00,1.25
2016.04.04 18:25:49.361,1.11203,1.11227,1.00,1.25
2016.04.04 18:25:50.142,1.11204,1.11227,1.00,1.25
2016.04.04 18:25:50.406,1.11203,1.11223,1.00,1.00
2016.04.04 18:25:50.457,1.11198,1.11223,1.00,1.19
2016.04.04 18:25:51.881,1.11198,1.11222,1.00,1.19
2016.04.04 18:25:53.562,1.112,1.11221,1.00,1.00
2016.04.04 18:25:54.111,1.11199,1.11222,1.00,1.19
2016.04.04 18:25:55.193,1.11193,1.11222,1.19,1.19
2016.04.04 18:25:55.295,1.11193,1.1122,1.00,1.19
2016.04.04 18:25:55.810,1.11194,1.1122,1.00,1.19
2016.04.04 18:25:57.175,1.11196,1.1122,1.00,1.19
2016.04.04 18:25:57.952,1.11194,1.1122,1.00,1.19
2016.04.04 18:26:01.164,1.11195,1.1122,1.00,1.19
2016.04.04 18:26:01.700,1.11194,1.1122,1.00,1.19
2016.04.04 18:26:02.920,1.11193,1.1122,1.00,1.19
2016.04.04 18:26:03.696,1.11194,1.1122,1.00,1.19
2016.04.04 18:26:03.872,1.11193,1.11222,1.00,1.19
2016.04.04 18:26:04.135,1.11195,1.11222,1.00,1.19
2016.04.04 18:26:04.430,1.11195,1.11222,1.19,1.00
2016.04.04 18:26:06.116,1.11195,1.11221,1.19,1.00
2016.04.04 18:26:06.177,1.11194,1.11209,1.19,1.00
2016.04.04 18:26:06.500,1.112,1.11209,1.19,1.00
2016.04.04 18:26:06.652,1.11195,1.11209,1.19,1.00
2016.04.04 18:26:06.855,1.1119,1.11209,1.19,1.00
2016.04.04 18:26:06.906,1.1119,1.11205,1.19,1.00
2016.04.04 18:26:07.209,1.11192,1.11213,1.19,1.00
2016.04.04 18:26:08.342,1.11191,1.11218,1.19,1.00
2016.04.04 18:26:10.590,1.11192,1.11218,1.00,1.19
2016.04.04 18:26:16.106,1.11191,1.11218,1.00,1.19
2016.04.04 18:26:17.325,1.11192,1.11218,1.00,1.19
2016.04.04 18:26:22.820,1.1119,1.11218,1.00,1.19
2016.04.04 18:26:25.155,1.11191,1.11221,1.00,1.19
2016.04.04 18:26:25.206,1.11191,1.11219,1.00,1.19
2016.04.04 18:26:35.270,1.11186,1.11219,1.19,1.69
2016.04.04 18:26:35.321,1.11193,1.11219,1.19,1.00
2016.04.04 18:26:35.372,1.11194,1.11222,1.19,1.69
2016.04.04 18:26:35.696,1.11199,1.11221,1.00,1.00
2016.04.04 18:26:36.007,1.11201,1.11221,1.00,1.00
2016.04.04 18:26:36.462,1.11203,1.11221,1.00,1.00
2016.04.04 18:26:37.341,1.11202,1.11221,1.00,1.00
2016.04.04 18:26:37.848,1.11201,1.11221,1.00,1.00
2016.04.04 18:26:38.021,1.11196,1.11221,1.19,1.00
2016.04.04 18:26:38.073,1.11199,1.11221,1.19,1.00
2016.04.04 18:26:38.508,1.11205,1.11221,1.00,1.00
2016.04.04 18:26:40.190,1.11205,1.11226,1.00,1.00
2016.04.04 18:26:40.342,1.11207,1.11226,1.00,1.00
2016.04.04 18:26:43.440,1.11204,1.11226,1.00,1.00
2016.04.04 18:26:44.659,1.11203,1.11228,1.25,1.50
2016.04.04 18:26:44.710,1.11203,1.11225,1.00,1.25
2016.04.04 18:26:44.761,1.11198,1.11225,1.25,1.25
2016.04.04 18:26:44.812,1.11198,1.11222,1.00,1.19
2016.04.04 18:26:45.172,1.11201,1.11222,1.00,1.31
2016.04.04 18:26:46.265,1.112,1.11225,1.00,1.25
2016.04.04 18:26:46.738,1.11195,1.11225,1.19,1.25
2016.04.04 18:26:47.265,1.11204,1.11225,1.00,1.25
2016.04.04 18:26:48.131,1.11207,1.11225,1.00,1.25
2016.04.04 18:26:49.597,1.11208,1.11225,1.00,1.25
2016.04.04 18:26:49.699,1.11206,1.11225,1.00,1.25
2016.04.04 18:26:51.592,1.11202,1.11225,1.00,1.25
2016.04.04 18:26:51.695,1.11202,1.11222,1.00,1.00
2016.04.04 18:26:51.999,1.11198,1.11224,1.00,1.19
2016.04.04 18:26:52.506,1.11199,1.11223,1.00,1.31
2016.04.04 18:26:54.529,1.11202,1.11223,1.00,1.31
2016.04.04 18:26:54.833,1.11203,1.11226,1.00,1.19
2016.04.04 18:26:54.884,1.11205,1.11226,1.00,1.19
2016.04.04 18:26:55.428,1.11203,1.11226,1.00,1.19
2016.04.04 18:26:56.522,1.112,1.11224,1.00,1.00
2016.04.04 18:26:57.336,1.11203,1.11224,1.00,1.00
2016.04.04 18:26:57.886,1.11203,1.11223,1.00,1.00
2016.04.04 18:26:58.021,1.11203,1.11227,1.00,1.19
2016.04.04 18:27:03.545,1.11201,1.11227,1.00,1.19
2016.04.04 18:27:07.822,1.11203,1.11227,1.00,1.19
2016.04.04 18:27:08.613,1.11205,1.11227,1.00,1.19
2016.04.04 18:27:09.759,1.11202,1.11227,1.00,1.19
2016.04.04 18:27:10.280,1.11203,1.11227,1.00,1.19
2016.04.04 18:27:15.085,1.11201,1.11227,1.00,1.19
2016.04.04 18:27:15.635,1.11204,1.11227,1.00,1.19
2016.04.04 18:27:16.559,1.11205,1.11227,1.00,1.19
2016.04.04 18:27:16.661,1.11203,1.11227,1.00,1.19
2016.04.04 18:27:16.712,1.11203,1.11227,1.19,1.00
2016.04.04 18:27:19.620,1.11206,1.11227,1.00,1.00
2016.04.04 18:27:20.122,1.11201,1.11227,1.19,1.00
2016.04.04 18:27:26.184,1.11207,1.1123,1.19,1.12
2016.04.04 18:27:31.008,1.11206,1.1123,1.00,1.19
2016.04.04 18:27:31.067,1.11203,1.11226,1.19,1.50
2016.04.04 18:27:33.969,1.11205,1.11226,1.25,1.00
2016.04.04 18:27:34.476,1.11209,1.11226,1.00,1.00
2016.04.04 18:27:34.578,1.11207,1.11226,1.00,1.00
2016.04.04 18:27:35.101,1.11206,1.11226,1.00,1.00
2016.04.04 18:27:35.645,1.11204,1.11226,1.19,1.00
2016.04.04 18:27:36.231,1.11202,1.11226,1.19,1.37
2016.04.04 18:27:37.084,1.11202,1.11222,1.69,1.00
2016.04.04 18:27:41.186,1.11203,1.11222,1.00,1.25
2016.04.04 18:27:41.287,1.112,1.11222,1.19,1.25
2016.04.04 18:27:41.801,1.11202,1.11225,1.00,1.19
2016.04.04 18:27:47.749,1.112,1.11225,1.19,1.19
2016.04.04 18:27:54.960,1.11198,1.11219,1.19,1.00
2016.04.04 18:27:59.620,1.11189,1.11219,2.06,1.19
2016.04.04 18:28:01.166,1.11195,1.11219,1.19,1.25
2016.04.04 18:28:01.268,1.11189,1.11219,2.06,1.19
2016.04.04 18:28:01.370,1.11189,1.11217,2.06,1.19
2016.04.04 18:28:01.674,1.11192,1.11217,1.00,2.06
2016.04.04 18:28:02.417,1.11196,1.11217,1.00,1.69
2016.04.04 18:28:03.931,1.11195,1.11217,1.00,1.69
2016.04.04 18:28:04.377,1.11195,1.11215,1.00,1.19
2016.04.04 18:28:05.068,1.11196,1.11215,1.00,1.19
2016.04.04 18:28:05.442,1.11196,1.1121,1.00,1.19
2016.04.04 18:28:05.570,1.11196,1.11217,1.00,1.19
2016.04.04 18:28:05.621,1.11191,1.11217,1.25,1.69
2016.04.04 18:28:05.823,1.11199,1.11217,1.00,1.69
2016.04.04 18:28:06.041,1.11196,1.11217,1.00,1.19
2016.04.04 18:28:07.144,1.11196,1.11217,1.25,1.00
2016.04.04 18:28:08.879,1.11199,1.11217,1.00,1.00
2016.04.04 18:28:09.449,1.112,1.11217,1.00,1.00
2016.04.04 18:28:13.061,1.11198,1.11217,1.00,1.00
2016.04.04 18:28:17.130,1.112,1.11217,1.00,1.00
2016.04.04 18:28:19.238,1.11199,1.11217,1.00,1.00
2016.04.04 18:28:19.788,1.11202,1.11217,1.00,1.00
2016.04.04 18:28:20.289,1.11201,1.11217,1.00,1.00
2016.04.04 18:28:23.677,1.11195,1.11217,1.19,1.00
2016.04.04 18:28:23.779,1.11199,1.11217,1.00,1.00
2016.04.04 18:28:24.101,1.11201,1.11217,1.00,1.00
2016.04.04 18:28:24.203,1.11199,1.11217,1.00,1.00
2016.04.04 18:28:24.754,1.112,1.11217,1.00,1.00
2016.04.04 18:28:26.699,1.11198,1.11217,1.00,1.00
2016.04.04 18:28:26.810,1.11201,1.11217,1.00,1.00
2016.04.04 18:28:28.283,1.11199,1.11217,1.00,1.00
2016.04.04 18:28:29.119,1.11201,1.11217,1.00,1.00
2016.04.04 18:28:42.210,1.11199,1.11217,1.00,1.00
2016.04.04 18:28:43.185,1.112,1.11225,1.00,2.44
2016.04.04 18:28:43.237,1.11202,1.11225,1.00,1.25
2016.04.04 18:28:43.859,1.11205,1.11225,1.00,1.25
2016.04.04 18:28:44.331,1.11203,1.11225,1.00,1.25
2016.04.04 18:28:44.381,1.11203,1.11225,1.00,1.19
2016.04.04 18:28:44.432,1.112,1.11225,1.00,1.19
2016.04.04 18:28:44.534,1.11198,1.11225,1.25,1.19
2016.04.04 18:28:44.636,1.11198,1.11221,1.25,1.00
2016.04.04 18:28:45.143,1.11199,1.11221,1.00,1.00
2016.04.04 18:28:47.065,1.11201,1.11221,1.00,1.00
2016.04.04 18:28:48.128,1.11201,1.11221,1.00,1.19
2016.04.04 18:28:49.801,1.11199,1.11221,1.00,1.19
2016.04.04 18:28:50.306,1.112,1.11221,1.00,1.19
2016.04.04 18:28:51.479,1.11202,1.11221,1.00,1.19
2016.04.04 18:28:52.306,1.11202,1.11221,1.00,1.00
2016.04.04 18:28:53.007,1.11203,1.11221,1.00,1.00
2016.04.04 18:28:54.098,1.11201,1.11221,1.00,1.00
2016.04.04 18:28:54.603,1.11202,1.11221,1.00,1.00
2016.04.04 18:28:54.866,1.112,1.11221,1.00,1.00
2016.04.04 18:28:55.228,1.11198,1.11221,1.25,1.00
2016.04.04 18:28:57.184,1.112,1.11221,1.00,1.00
2016.04.04 18:28:57.611,1.11198,1.11221,1.25,1.00
2016.04.04 18:28:59.164,1.112,1.11221,1.00,1.00
2016.04.04 18:29:00.029,1.11194,1.11221,1.69,1.00
2016.04.04 18:29:02.457,1.11194,1.11226,1.69,1.31
2016.04.04 18:29:02.710,1.11201,1.11226,1.00,1.19
2016.04.04 18:29:02.761,1.11201,1.11226,1.25,1.00
2016.04.04 18:29:03.046,1.11203,1.11226,1.00,1.00
2016.04.04 18:29:03.566,1.11202,1.11226,1.00,1.00
2016.04.04 18:29:04.214,1.11203,1.11226,1.00,1.00
2016.04.04 18:29:04.366,1.11201,1.11226,1.25,1.00
2016.04.04 18:29:04.429,1.11203,1.11226,1.00,1.00
2016.04.04 18:29:08.720,1.11201,1.11226,1.25,1.00
2016.04.04 18:29:09.528,1.11204,1.11226,1.00,1.00
2016.04.04 18:29:10.039,1.11203,1.11226,1.00,1.00
2016.04.04 18:29:11.147,1.11201,1.11226,1.25,1.00
2016.04.04 18:29:11.610,1.11203,1.11226,1.00,1.00
2016.04.04 18:29:14.659,1.11201,1.11226,1.25,1.00
2016.04.04 18:29:15.417,1.11201,1.11226,1.00,1.19
2016.04.04 18:29:15.469,1.11197,1.11226,1.19,1.19
2016.04.04 18:29:15.774,1.11193,1.11221,1.00,1.19
2016.04.04 18:29:19.655,1.11194,1.11221,1.00,1.19
2016.04.04 18:29:20.264,1.11193,1.11221,1.00,1.19
2016.04.04 18:29:20.599,1.11193,1.11223,1.25,1.00
2016.04.04 18:29:22.368,1.11195,1.11223,1.00,1.50
2016.04.04 18:29:22.469,1.11193,1.11223,1.25,1.50
2016.04.04 18:29:24.919,1.11194,1.11223,1.00,1.00
2016.04.04 18:29:25.021,1.11194,1.11215,1.00,1.00
2016.04.04 18:29:25.604,1.11191,1.11215,1.19,1.00
2016.04.04 18:29:36.895,1.11192,1.11212,1.19,1.00
2016.04.04 18:29:36.997,1.11191,1.11217,1.69,1.00
2016.04.04 18:29:37.099,1.11199,1.11217,1.19,1.00
2016.04.04 18:29:42.698,1.11199,1.11213,1.19,1.00
2016.04.04 18:29:42.850,1.11199,1.11217,1.19,1.50
2016.04.04 18:29:44.098,1.11199,1.11216,1.19,1.00
2016.04.04 18:29:44.149,1.11193,1.11216,1.19,1.00
2016.04.04 18:29:45.058,1.11193,1.11217,1.19,1.50
2016.04.04 18:29:45.857,1.11193,1.11213,1.19,1.00
2016.04.04 18:29:47.021,1.11193,1.11216,1.19,1.00
2016.04.04 18:29:51.899,1.11196,1.11216,1.00,1.00
2016.04.04 18:29:51.950,1.11201,1.1122,1.19,1.00
2016.04.04 18:29:52.456,1.11201,1.11221,1.19,1.00
2016.04.04 18:29:54.663,1.11201,1.11218,1.19,1.00
2016.04.04 18:29:58.241,1.11201,1.11221,1.19,1.50
2016.04.04 18:29:59.932,1.11201,1.11219,1.19,1.00
2016.04.04 18:30:00.483,1.11201,1.11218,1.19,1.00
2016.04.04 18:30:00.636,1.11201,1.1122,1.19,1.00
2016.04.04 18:30:00.987,1.11196,1.11217,1.19,1.00
2016.04.04 18:30:01.613,1.11196,1.11219,1.19,1.50
2016.04.04 18:30:01.664,1.11196,1.11216,1.19,1.00
2016.04.04 18:30:01.766,1.11196,1.1122,1.19,1.00
2016.04.04 18:30:04.857,1.11196,1.11219,1.19,1.00
2016.04.04 18:30:05.372,1.11196,1.1122,1.19,1.50
2016.04.04 18:30:09.956,1.11193,1.1122,1.19,1.50
2016.04.04 18:30:10.987,1.11192,1.11216,1.69,1.00
2016.04.04 18:30:11.212,1.11192,1.11219,1.69,1.00
2016.04.04 18:30:12.489,1.11192,1.11215,1.19,1.00
2016.04.04 18:30:12.821,1.11193,1.11215,1.19,1.00
2016.04.04 18:30:24.659,1.11196,1.11215,1.00,1.00
2016.04.04 18:30:25.203,1.11192,1.11215,1.69,1.00
2016.04.04 18:30:30.526,1.11191,1.11215,1.69,1.00
2016.04.04 18:30:42.915,1.11195,1.11215,1.00,1.00
2016.04.04 18:30:43.456,1.11193,1.11215,1.19,1.00
2016.04.04 18:30:48.476,1.11192,1.11215,1.69,1.00
2016.04.04 18:30:58.176,1.11192,1.11215,1.19,1.00
2016.04.04 18:31:00.047,1.11195,1.11215,1.00,1.00
2016.04.04 18:31:00.548,1.11193,1.11215,1.19,1.00
2016.04.04 18:31:02.715,1.11195,1.11215,1.00,1.00
2016.04.04 18:31:05.128,1.11196,1.11215,1.00,1.00
2016.04.04 18:31:05.179,1.11196,1.11218,1.00,1.00
2016.04.04 18:31:05.231,1.11198,1.11218,1.19,1.00
2016.04.04 18:31:05.796,1.11202,1.11218,1.19,1.00
2016.04.04 18:31:07.430,1.11198,1.11218,1.19,1.00
2016.04.04 18:31:07.970,1.11196,1.11218,1.19,1.00
2016.04.04 18:31:12.291,1.11198,1.11219,1.25,1.00
2016.04.04 18:31:17.831,1.11196,1.11222,1.19,1.00
2016.04.04 18:31:22.752,1.11197,1.11222,1.31,1.00
2016.04.04 18:31:26.865,1.11201,1.11222,1.19,1.00
2016.04.04 18:31:27.118,1.11201,1.11226,1.19,1.00
2016.04.04 18:31:33.795,1.11196,1.11226,1.69,1.00
2016.04.04 18:31:38.146,1.11199,1.11226,1.00,1.00
2016.04.04 18:31:40.100,1.11196,1.11226,1.69,1.00
2016.04.04 18:31:43.764,1.11197,1.11223,1.25,1.00
2016.04.04 18:31:46.066,1.11198,1.11223,1.00,1.00
2016.04.04 18:31:47.064,1.11196,1.11223,1.19,1.00
2016.04.04 18:31:51.763,1.11197,1.11223,1.19,1.00
2016.04.04 18:31:56.664,1.11198,1.11227,1.25,1.00
2016.04.04 18:32:08.734,1.112,1.11227,1.00,1.00
2016.04.04 18:32:11.711,1.11198,1.11227,1.25,1.00
2016.04.04 18:32:22.665,1.11197,1.11227,1.25,1.00
2016.04.04 18:32:27.607,1.11197,1.11227,1.19,1.00
2016.04.04 18:32:32.251,1.112,1.11227,1.19,1.00
2016.04.04 18:32:32.555,1.112,1.11231,1.19,1.00
2016.04.04 18:32:41.775,1.112,1.11228,1.19,1.00
2016.04.04 18:32:50.497,1.11201,1.11228,1.19,1.00
2016.04.04 18:32:55.422,1.11196,1.11228,1.25,1.19
2016.04.04 18:32:57.690,1.11203,1.11231,1.19,1.12
2016.04.04 18:32:58.009,1.1121,1.11231,1.19,1.00
2016.04.04 18:32:58.367,1.1121,1.11234,1.19,1.00
2016.04.04 18:32:58.631,1.1121,1.11228,1.19,1.00
2016.04.04 18:32:58.785,1.1121,1.11236,1.19,1.00
2016.04.04 18:32:59.305,1.1121,1.11234,1.19,1.37
2016.04.04 18:32:59.356,1.11205,1.11231,1.19,1.37
2016.04.04 18:32:59.407,1.11201,1.11231,1.69,1.94
2016.04.04 18:32:59.941,1.11203,1.11228,1.00,1.00
2016.04.04 18:33:02.517,1.11205,1.11228,1.00,1.00
2016.04.04 18:33:09.256,1.11204,1.11228,1.00,1.00
2016.04.04 18:33:12.638,1.11203,1.11228,1.00,1.00
2016.04.04 18:33:13.043,1.11203,1.11225,1.00,1.00
2016.04.04 18:33:13.681,1.11202,1.11225,1.25,1.00
2016.04.04 18:33:18.415,1.11197,1.11224,1.25,1.00
2016.04.04 18:33:18.466,1.112,1.11224,1.00,1.00
2016.04.04 18:33:18.574,1.11195,1.11224,1.69,1.00
2016.04.04 18:33:19.016,1.11199,1.11225,1.00,1.00
2016.04.04 18:33:22.688,1.11199,1.11228,1.00,1.00
2016.04.04 18:33:23.512,1.11199,1.11225,1.00,1.19
2016.04.04 18:33:24.354,1.11199,1.11226,1.00,1.19
2016.04.04 18:33:25.016,1.11198,1.11226,1.00,1.19
2016.04.04 18:33:30.015,1.11199,1.11226,1.00,1.19
2016.04.04 18:33:32.122,1.11203,1.11226,1.00,1.19
2016.04.04 18:33:32.642,1.11202,1.11226,1.00,1.19
2016.04.04 18:33:35.076,1.11198,1.11226,1.00,1.19
2016.04.04 18:33:35.134,1.11198,1.11228,1.19,1.19
2016.04.04 18:33:35.336,1.11205,1.11228,1.00,1.19
2016.04.04 18:33:37.984,1.11207,1.11228,1.00,1.19
2016.04.04 18:33:38.711,1.11205,1.11228,1.00,1.19
2016.04.04 18:33:44.428,1.11202,1.11228,1.25,1.19
2016.04.04 18:33:44.782,1.11204,1.11228,1.00,1.19
2016.04.04 18:33:44.884,1.11201,1.11228,1.19,1.19
2016.04.04 18:33:45.480,1.11203,1.11228,1.00,1.19
2016.04.04 18:33:46.014,1.11204,1.11228,1.00,1.19
2016.04.04 18:33:46.439,1.11202,1.11228,1.25,1.19
2016.04.04 18:33:50.309,1.11202,1.11225,1.25,1.00
2016.04.04 18:33:50.617,1.11205,1.11225,1.00,1.00
2016.04.04 18:33:50.668,1.11205,1.1123,1.00,1.31
2016.04.04 18:33:51.202,1.11204,1.11231,1.00,1.19
2016.04.04 18:33:58.514,1.11203,1.11231,1.00,1.19
2016.04.04 18:33:59.439,1.11205,1.11231,1.00,1.19
2016.04.04 18:34:03.034,1.11204,1.11231,1.00,1.19
2016.04.04 18:34:03.244,1.11202,1.11231,1.25,1.19
2016.04.04 18:34:05.788,1.11204,1.11231,1.00,1.19
2016.04.04 18:34:18.442,1.11207,1.11231,1.00,1.19
2016.04.04 18:34:19.003,1.11207,1.11232,1.00,1.69
2016.04.04 18:34:25.842,1.11204,1.11232,1.00,1.69
2016.04.04 18:34:30.012,1.11206,1.11232,1.00,1.69
2016.04.04 18:34:30.114,1.11202,1.11232,1.00,1.69
2016.04.04 18:34:30.316,1.11205,1.11232,1.00,1.69
2016.04.04 18:34:31.992,1.11203,1.11232,1.00,1.69
2016.04.04 18:34:32.093,1.11205,1.11232,1.00,1.69
2016.04.04 18:34:32.194,1.11201,1.11232,1.25,1.69
2016.04.04 18:34:33.543,1.11201,1.11231,1.19,1.19
2016.04.04 18:34:48.519,1.11201,1.11232,1.69,1.69
2016.04.04 18:34:57.523,1.11201,1.11231,1.19,1.19
2016.04.04 18:34:59.813,1.11203,1.11231,1.00,1.19
2016.04.04 18:35:02.973,1.11201,1.11231,1.19,1.19
2016.04.04 18:35:03.571,1.11201,1.11232,1.25,1.19
2016.04.04 18:35:06.857,1.11202,1.11232,1.00,1.19
2016.04.04 18:35:12.525,1.11202,1.11231,1.25,1.19
2016.04.04 18:35:14.275,1.11203,1.11235,1.19,1.31
2016.04.04 18:35:30.627,1.11209,1.11237,1.00,1.94
2016.04.04 18:35:35.618,1.11207,1.11237,1.19,1.69
2016.04.04 18:35:36.283,1.11209,1.11237,1.00,1.19
2016.04.04 18:35:36.802,1.1121,1.11235,1.00,1.19
2016.04.04 18:35:38.688,1.11211,1.11238,1.19,1.00
2016.04.04 18:35:39.295,1.1121,1.1124,1.69,1.19
2016.04.04 18:35:40.128,1.1121,1.11238,1.19,1.12
2016.04.04 18:35:40.239,1.11208,1.11237,1.19,1.00
2016.04.04 18:35:40.771,1.11207,1.11238,1.69,1.87
2016.04.04 18:35:43.546,1.11208,1.11238,1.00,1.25
2016.04.04 18:35:43.648,1.11208,1.11238,1.00,1.19
2016.04.04 18:35:44.197,1.11207,1.11237,1.31,1.19
2016.04.04 18:35:47.611,1.11208,1.11238,1.00,1.19
2016.04.04 18:35:47.813,1.11208,1.11238,1.19,1.19
2016.04.04 18:35:53.881,1.1121,1.11238,1.19,1.00
2016.04.04 18:35:55.068,1.1121,1.11239,1.69,1.25
2016.04.04 18:35:56.197,1.11214,1.11239,1.19,1.00
2016.04.04 18:35:56.741,1.11214,1.1124,1.19,1.00
2016.04.04 18:35:58.749,1.11214,1.11237,1.19,1.00
2016.04.04 18:35:58.800,1.11207,1.11234,1.00,1.19
2016.04.04 18:35:58.902,1.11207,1.11231,1.00,1.19
2016.04.04 18:35:58.953,1.11204,1.11231,1.19,1.19
2016.04.04 18:35:59.054,1.11203,1.11236,1.75,1.19
2016.04.04 18:35:59.588,1.11206,1.11238,1.12,1.19
2016.04.04 18:36:00.010,1.1121,1.11239,1.19,1.00
2016.04.04 18:36:00.518,1.1121,1.11243,1.69,2.44
2016.04.04 18:36:13.311,1.11217,1.11243,1.19,1.00
2016.04.04 18:36:23.321,1.11214,1.11243,1.19,1.00
2016.04.04 18:36:41.515,1.11213,1.11243,1.19,1.00
2016.04.04 18:36:42.619,1.11213,1.11242,1.19,1.00
2016.04.04 18:36:42.670,1.11213,1.1124,1.19,1.00
2016.04.04 18:36:47.223,1.11218,1.1124,1.19,1.12
2016.04.04 18:37:02.134,1.11218,1.11239,1.19,1.00
2016.04.04 18:37:16.292,1.11218,1.1124,1.19,1.12
2016.04.04 18:37:33.716,1.11214,1.11239,1.19,1.00
2016.04.04 18:37:34.243,1.11214,1.1124,1.19,1.00
2016.04.04 18:37:38.694,1.11208,1.11238,1.69,1.19
2016.04.04 18:37:52.020,1.11211,1.11238,1.00,1.19
2016.04.04 18:37:53.714,1.11211,1.11242,1.19,1.19
2016.04.04 18:37:55.172,1.11214,1.11243,1.00,1.19
2016.04.04 18:37:55.705,1.11214,1.11243,1.37,1.19
2016.04.04 18:38:00.152,1.11214,1.11245,2.06,1.19
2016.04.04 18:38:02.892,1.11214,1.11241,1.19,1.00
2016.04.04 18:38:04.945,1.11214,1.11244,2.06,1.19
2016.04.04 18:38:05.305,1.11214,1.11243,1.37,1.19
2016.04.04 18:38:12.684,1.11214,1.11244,2.06,1.19
2016.04.04 18:38:17.544,1.11217,1.11247,1.00,1.19
2016.04.04 18:38:21.346,1.11217,1.11247,1.25,1.19
2016.04.04 18:38:24.570,1.11217,1.11247,1.19,1.19
2016.04.04 18:38:26.309,1.11224,1.11247,1.19,1.00
2016.04.04 18:38:37.193,1.11224,1.11244,1.19,1.00
2016.04.04 18:38:37.446,1.11222,1.11244,1.19,1.37
2016.04.04 18:38:37.649,1.11217,1.11244,1.19,1.37
2016.04.04 18:38:38.019,1.11222,1.11244,1.19,1.37
2016.04.04 18:38:38.886,1.11222,1.11242,1.19,1.00
2016.04.04 18:38:39.838,1.11217,1.11242,1.19,1.00
2016.04.04 18:38:40.635,1.11216,1.11242,1.19,1.00
2016.04.04 18:38:58.539,1.11217,1.11242,1.19,1.00
2016.04.04 18:39:33.518,1.11216,1.11242,1.19,1.00
2016.04.04 18:39:38.887,1.11216,1.11244,1.19,1.00
2016.04.04 18:39:48.481,1.11217,1.11244,1.19,1.00
2016.04.04 18:39:54.892,1.11217,1.11247,1.19,1.50
2016.04.04 18:39:56.240,1.11217,1.11243,1.19,1.00
2016.04.04 18:39:56.957,1.11217,1.11242,1.19,1.00
2016.04.04 18:39:57.498,1.11216,1.11242,1.19,1.00
2016.04.04 18:39:57.809,1.11216,1.11238,1.19,1.00
2016.04.04 18:40:03.571,1.11217,1.11238,1.19,1.00
2016.04.04 18:40:04.093,1.11208,1.11233,1.19,1.00
2016.04.04 18:40:04.144,1.11207,1.11233,1.19,1.75
2016.04.04 18:40:04.689,1.11207,1.11232,1.19,1.00
2016.04.04 18:40:05.228,1.11207,1.11232,1.19,1.75
2016.04.04 18:40:07.633,1.11207,1.11234,1.19,1.00
2016.04.04 18:40:21.188,1.11213,1.11237,1.19,1.75
2016.04.04 18:40:21.582,1.11223,1.11238,1.19,1.00
2016.04.04 18:40:21.900,1.11223,1.11241,1.19,1.00
2016.04.04 18:40:23.620,1.11216,1.11237,1.19,1.00
2016.04.04 18:40:23.722,1.11216,1.11234,1.19,1.00
2016.04.04 18:40:23.977,1.11216,1.11239,1.19,1.12
2016.04.04 18:40:24.687,1.11214,1.11239,1.19,1.00
2016.04.04 18:40:26.171,1.11214,1.11241,1.19,1.00
2016.04.04 18:40:28.429,1.11219,1.11241,1.19,1.00
2016.04.04 18:40:28.836,1.11223,1.11241,1.19,1.00
2016.04.04 18:40:29.872,1.1122,1.11241,1.19,1.00
2016.04.04 18:40:29.974,1.1122,1.11244,1.19,1.00
2016.04.04 18:40:30.751,1.1122,1.11247,1.19,1.00
2016.04.04 18:40:30.853,1.11229,1.11247,1.19,1.00
2016.04.04 18:40:30.904,1.11229,1.1125,1.19,1.00
2016.04.04 18:40:30.955,1.11222,1.1125,1.00,1.00
2016.04.04 18:40:31.006,1.11219,1.11245,1.19,1.00
2016.04.04 18:40:31.328,1.11217,1.11241,1.19,1.00
2016.04.04 18:40:36.880,1.11211,1.11239,1.19,1.00
2016.04.04 18:40:37.397,1.11211,1.11235,1.19,1.00
2016.04.04 18:40:39.010,1.11218,1.11235,1.19,1.00
2016.04.04 18:40:39.061,1.11218,1.11239,1.19,1.50
2016.04.04 18:40:39.112,1.11211,1.11239,1.19,1.50
2016.04.04 18:40:40.254,1.11211,1.11236,1.19,1.00
2016.04.04 18:40:42.641,1.11208,1.11236,1.19,1.00
2016.04.04 18:40:43.270,1.11209,1.11236,1.19,1.00
2016.04.04 18:41:01.520,1.1121,1.11236,1.19,1.00
2016.04.04 18:41:15.953,1.1121,1.11239,1.19,1.37
2016.04.04 18:41:18.505,1.11217,1.11239,1.19,1.37
2016.04.04 18:41:18.809,1.11217,1.11242,1.19,1.00
2016.04.04 18:41:18.910,1.11225,1.11245,1.19,1.00
2016.04.04 18:41:18.961,1.11225,1.11249,1.19,1.00
2016.04.04 18:41:21.329,1.11221,1.11249,1.19,1.00
2016.04.04 18:41:21.380,1.11221,1.11246,1.19,1.00
2016.04.04 18:41:21.869,1.11218,1.11244,1.19,1.00
2016.04.04 18:41:39.487,1.11217,1.11244,1.19,1.00
2016.04.04 18:41:48.554,1.11218,1.11244,1.19,1.00
2016.04.04 18:41:57.552,1.11217,1.11244,1.19,1.00
2016.04.04 18:42:03.505,1.11218,1.11244,1.19,1.50
2016.04.04 18:42:18.170,1.11218,1.1124,1.19,1.00
2016.04.04 18:42:23.989,1.11218,1.11245,1.19,2.62
2016.04.04 18:42:33.497,1.11217,1.11245,1.19,1.87
2016.04.04 18:42:35.934,1.11224,1.11245,1.19,2.62
2016.04.04 18:42:36.328,1.11224,1.11243,1.19,1.00
2016.04.04 18:42:36.379,1.11218,1.11243,1.69,1.00
2016.04.04 18:42:36.583,1.11218,1.11245,1.69,2.62
2016.04.04 18:42:36.634,1.11218,1.1124,1.19,1.00
2016.04.04 18:42:36.939,1.1122,1.11237,1.19,1.00
2016.04.04 18:42:36.990,1.1122,1.11241,1.19,1.12
2016.04.04 18:42:37.444,1.11221,1.11244,1.19,1.00
2016.04.04 18:42:49.471,1.11227,1.11244,1.19,1.00
2016.04.04 18:42:49.725,1.11236,1.11258,1.19,1.00
2016.04.04 18:42:50.205,1.11235,1.1125,1.00,1.00
2016.04.04 18:42:50.256,1.11235,1.11256,1.00,1.00
2016.04.04 18:42:51.017,1.11236,1.11256,1.00,1.00
2016.04.04 18:42:53.116,1.11231,1.11256,1.19,1.00
2016.04.04 18:43:17.836,1.11237,1.11256,1.19,1.00
2016.04.04 18:43:23.131,1.11239,1.11256,1.19,1.00
2016.04.04 18:43:23.182,1.11239,1.11261,1.19,1.50
2016.04.04 18:43:23.735,1.11239,1.11261,1.19,1.50
2016.04.04 18:43:26.242,1.11239,1.11258,1.19,1.00
2016.04.04 18:43:28.655,1.11239,1.11261,1.19,1.50
2016.04.04 18:43:28.756,1.11242,1.11261,1.19,1.37
2016.04.04 18:43:28.908,1.11242,1.11265,1.19,1.00
2016.04.04 18:43:29.067,1.11242,1.11259,1.19,1.00
2016.04.04 18:43:29.287,1.11242,1.11266,1.19,1.00
2016.04.04 18:43:35.886,1.11246,1.11266,1.19,1.00
2016.04.04 18:43:41.451,1.11246,1.11268,1.19,1.00
2016.04.04 18:43:48.878,1.11241,1.11268,1.19,1.00
2016.04.04 18:43:48.980,1.11241,1.11265,1.19,1.00
2016.04.04 18:43:58.415,1.11242,1.11268,1.19,1.00
2016.04.04 18:44:01.190,1.11247,1.11268,1.19,1.00
2016.04.04 18:44:01.342,1.11247,1.11271,1.19,1.00
2016.04.04 18:44:01.444,1.1125,1.11268,1.19,1.00
2016.04.04 18:44:01.545,1.11247,1.11268,1.19,1.00
2016.04.04 18:44:01.647,1.11263,1.11273,1.00,1.12
2016.04.04 18:44:01.890,1.11269,1.11277,1.00,1.00
2016.04.04 18:44:01.941,1.11261,1.11284,1.25,1.00
2016.04.04 18:44:01.992,1.11269,1.11284,1.19,1.00
2016.04.04 18:44:02.043,1.11269,1.11286,1.19,1.00
2016.04.04 18:44:02.145,1.11269,1.11289,1.19,1.00
2016.04.04 18:44:02.196,1.11274,1.11289,1.19,1.00
2016.04.04 18:44:02.431,1.11274,1.11293,1.19,1.00
2016.04.04 18:44:02.482,1.11274,1.11297,1.19,1.00
2016.04.04 18:44:03.900,1.11274,1.11301,1.19,1.00
2016.04.04 18:44:06.498,1.1127,1.11298,1.69,1.00
2016.04.04 18:44:06.549,1.1127,1.11301,1.69,1.00
2016.04.04 18:44:06.745,1.1127,1.11299,1.69,1.00
2016.04.04 18:44:06.998,1.1127,1.11301,1.19,1.00
2016.04.04 18:44:08.725,1.1127,1.113,1.19,1.00
2016.04.04 18:44:11.717,1.1127,1.11299,1.19,1.00
2016.04.04 18:44:18.212,1.11271,1.11297,1.19,1.00
2016.04.04 18:44:18.263,1.11266,1.11297,1.69,1.37
2016.04.04 18:44:18.314,1.11266,1.11291,1.19,1.00
2016.04.04 18:44:18.365,1.1126,1.11291,1.31,1.00
2016.04.04 18:44:18.466,1.1126,1.11289,1.19,1.12
2016.04.04 18:44:18.568,1.11257,1.11288,1.69,1.00
2016.04.04 18:44:18.837,1.11262,1.11289,1.00,1.12
2016.04.04 18:44:19.185,1.11262,1.11289,1.19,1.12
2016.04.04 18:44:22.620,1.11262,1.11288,1.19,1.00
2016.04.04 18:44:23.362,1.11262,1.11287,1.19,1.00
2016.04.04 18:44:24.570,1.11262,1.11286,1.19,1.00
2016.04.04 18:44:25.918,1.11262,1.11289,1.19,1.12
2016.04.04 18:44:26.171,1.11261,1.11288,1.25,1.00
2016.04.04 18:44:26.431,1.1126,1.11285,1.69,1.00
2016.04.04 18:44:26.776,1.11264,1.11289,1.19,1.37
2016.04.04 18:44:26.826,1.11264,1.11289,1.19,1.00
2016.04.04 18:44:26.928,1.11262,1.11289,1.19,1.00
2016.04.04 18:44:28.465,1.11265,1.11289,1.00,1.00
2016.04.04 18:44:28.516,1.11262,1.11289,1.19,1.00
2016.04.04 18:44:29.092,1.11261,1.11288,1.69,1.00
2016.04.04 18:44:36.122,1.11262,1.11289,1.19,1.50
2016.04.04 18:44:36.663,1.11264,1.11289,1.00,1.50
2016.04.04 18:44:37.522,1.11263,1.11289,1.25,1.50
2016.04.04 18:44:38.940,1.11265,1.11289,1.00,1.50
2016.04.04 18:44:40.164,1.11263,1.11289,1.25,1.00
2016.04.04 18:44:41.861,1.11263,1.1129,1.25,1.00
2016.04.04 18:44:44.662,1.11263,1.1129,1.19,1.00
2016.04.04 18:44:45.398,1.11266,1.1129,1.19,1.00
2016.04.04 18:44:45.753,1.11262,1.1129,1.19,1.50
2016.04.04 18:44:46.670,1.11265,1.1129,1.00,1.00
2016.04.04 18:44:46.772,1.11262,1.1129,1.19,1.00
2016.04.04 18:44:47.208,1.11266,1.1129,1.00,1.00
2016.04.04 18:44:50.696,1.11267,1.1129,1.00,1.00
2016.04.04 18:44:51.027,1.11265,1.1129,1.00,1.00
2016.04.04 18:44:53.875,1.11265,1.11289,1.00,1.00
2016.04.04 18:44:54.455,1.11262,1.11289,1.19,1.00
2016.04.04 18:44:55.280,1.11262,1.11288,1.19,1.00
2016.04.04 18:44:55.381,1.11263,1.1129,1.25,1.50
2016.04.04 18:44:58.855,1.11265,1.1129,1.00,1.00
2016.04.04 18:44:59.007,1.11263,1.1129,1.25,1.50
2016.04.04 18:44:59.790,1.11262,1.11288,1.19,1.00
2016.04.04 18:45:00.024,1.11261,1.1129,1.19,1.00
2016.04.04 18:45:00.346,1.11261,1.11287,1.69,1.00
2016.04.04 18:45:00.597,1.11261,1.11287,1.25,1.00
2016.04.04 18:45:02.129,1.11277,1.11287,1.19,1.00
2016.04.04 18:45:02.230,1.11282,1.11294,1.19,1.00
2016.04.04 18:45:02.483,1.11284,1.11299,1.19,1.00
2016.04.04 18:45:02.585,1.11284,1.11307,1.19,1.50
2016.04.04 18:45:02.686,1.11284,1.11309,1.19,1.00
2016.04.04 18:45:02.788,1.11285,1.11312,1.19,1.00
2016.04.04 18:45:03.310,1.11288,1.11316,1.19,1.00
2016.04.04 18:45:03.684,1.11289,1.11316,1.00,1.00
2016.04.04 18:45:08.566,1.11289,1.11314,1.00,1.00
2016.04.04 18:45:08.869,1.11283,1.1131,1.19,1.00
2016.04.04 18:45:09.172,1.11283,1.11306,1.19,1.50
2016.04.04 18:45:09.939,1.11276,1.11306,1.69,2.25
2016.04.04 18:45:11.679,1.11276,1.11305,1.69,1.00
2016.04.04 18:45:12.202,1.11276,1.11306,2.44,1.00
2016.04.04 18:45:14.693,1.11283,1.11306,1.19,1.00
2016.04.04 18:45:18.095,1.11287,1.11306,1.19,1.00
2016.04.04 18:45:18.146,1.11287,1.11313,1.19,1.87
2016.04.04 18:45:18.197,1.11296,1.11313,1.19,1.00
2016.04.04 18:45:18.298,1.11296,1.11318,1.19,1.00
2016.04.04 18:45:24.460,1.11296,1.1132,1.19,1.00
2016.04.04 18:45:25.217,1.11298,1.1132,1.19,1.50
2016.04.04 18:45:25.319,1.11298,1.11323,1.19,1.00
2016.04.04 18:45:25.778,1.11319,1.11331,1.19,1.50
2016.04.04 18:45:25.829,1.11319,1.1134,1.19,1.00
2016.04.04 18:45:25.881,1.11326,1.1134,1.19,1.00
2016.04.04 18:45:26.084,1.11326,1.11343,1.19,1.00
2016.04.04 18:45:26.135,1.1132,1.11343,1.19,1.00
2016.04.04 18:45:27.328,1.11331,1.11343,1.00,1.00
2016.04.04 18:45:27.379,1.11331,1.11346,1.00,1.00
2016.04.04 18:45:27.430,1.11327,1.11354,1.19,1.00
2016.04.04 18:45:27.481,1.11341,1.11352,1.00,1.00
2016.04.04 18:45:27.532,1.11342,1.11356,1.00,1.50
2016.04.04 18:45:27.583,1.11338,1.11354,1.00,1.00
2016.04.04 18:45:27.685,1.11332,1.11354,1.00,1.19
2016.04.04 18:45:27.786,1.11328,1.1135,1.00,1.25
2016.04.04 18:45:28.441,1.11328,1.11353,1.00,1.00
2016.04.04 18:45:28.593,1.11326,1.11358,1.00,1.94
2016.04.04 18:45:28.645,1.11326,1.11358,1.00,1.37
2016.04.04 18:45:28.822,1.11326,1.11358,1.00,1.00
2016.04.04 18:45:29.668,1.11325,1.11357,1.00,1.00
2016.04.04 18:45:29.770,1.11319,1.11353,1.37,1.00
2016.04.04 18:45:29.831,1.11319,1.11352,1.00,1.12
2016.04.04 18:45:30.130,1.11324,1.11359,1.00,1.75
2016.04.04 18:45:30.232,1.11327,1.11359,1.00,1.19
2016.04.04 18:45:30.535,1.11327,1.11357,1.00,1.19
2016.04.04 18:45:30.687,1.11323,1.11356,1.00,1.31
2016.04.04 18:45:31.242,1.11322,1.1135,1.00,1.00
2016.04.04 18:45:32.297,1.11322,1.1135,1.00,1.19
2016.04.04 18:45:32.950,1.11322,1.11351,1.00,1.19
2016.04.04 18:45:33.001,1.11314,1.11351,1.19,1.19
2016.04.04 18:45:33.053,1.11314,1.11351,1.00,1.19
2016.04.04 18:45:33.154,1.11324,1.1135,1.19,1.19
2016.04.04 18:45:33.407,1.11326,1.11355,1.19,1.25
2016.04.04 18:45:33.849,1.11327,1.11357,1.00,1.31
2016.04.04 18:45:33.951,1.11328,1.11352,1.00,1.19
2016.04.04 18:45:34.153,1.11328,1.11357,1.00,2.00
2016.04.04 18:45:34.204,1.11318,1.11357,1.69,2.00
2016.04.04 18:45:34.255,1.11317,1.11355,1.19,1.94
2016.04.04 18:45:34.306,1.11315,1.11349,1.69,1.00
2016.04.04 18:45:34.650,1.11316,1.11352,1.19,1.94
2016.04.04 18:45:34.802,1.11319,1.11354,1.19,1.50
2016.04.04 18:45:34.954,1.1132,1.11356,1.56,1.56
2016.04.04 18:45:35.480,1.11318,1.11353,1.94,1.00
2016.04.04 18:45:35.532,1.11318,1.11353,1.56,1.37
2016.04.04 18:45:35.584,1.11313,1.11351,1.69,1.31
2016.04.04 18:45:36.109,1.11313,1.11348,1.69,1.00
2016.04.04 18:45:36.777,1.11313,1.1135,1.69,1.19
2016.04.04 18:45:37.347,1.1132,1.11352,1.69,1.56
2016.04.04 18:45:37.558,1.1132,1.11357,1.56,2.06
2016.04.04 18:45:37.609,1.1132,1.11357,1.94,1.69
2016.04.04 18:45:39.602,1.11342,1.11361,1.19,1.00
2016.04.04 18:45:39.653,1.11332,1.11362,1.31,1.37
2016.04.04 18:45:39.805,1.11332,1.11362,1.19,1.00
2016.04.04 18:45:39.856,1.1133,1.11362,1.19,1.50
2016.04.04 18:45:39.957,1.11326,1.1136,1.56,1.00
2016.04.04 18:45:40.361,1.11326,1.11358,1.19,1.00
2016.04.04 18:45:40.732,1.11323,1.11358,1.19,1.25
2016.04.04 18:45:42.653,1.11323,1.11357,1.19,1.00
2016.04.04 18:45:42.856,1.11336,1.11361,1.19,1.25
2016.04.04 18:45:43.397,1.11333,1.11362,1.19,1.19
2016.04.04 18:45:43.601,1.11339,1.11366,1.19,1.00
2016.04.04 18:45:43.703,1.11339,1.11368,1.56,1.25
2016.04.04 18:45:46.231,1.11338,1.11368,1.19,1.31
2016.04.04 18:45:47.231,1.11336,1.1137,1.69,2.00
2016.04.04 18:45:48.375,1.11336,1.11366,1.19,1.00
2016.04.04 18:45:48.426,1.11334,1.11366,1.19,1.19
2016.04.04 18:45:48.927,1.11332,1.11365,1.19,2.44
2016.04.04 18:45:49.324,1.11331,1.11362,1.25,1.19
2016.04.04 18:45:50.684,1.11326,1.11356,1.69,1.00
2016.04.04 18:45:51.203,1.11326,1.11358,1.19,1.69
2016.04.04 18:45:52.389,1.11323,1.11357,1.19,1.31
2016.04.04 18:45:52.845,1.11319,1.11352,1.19,1.69
2016.04.04 18:45:52.946,1.11311,1.11351,2.44,1.31
2016.04.04 18:45:53.459,1.11311,1.11351,1.19,2.44
2016.04.04 18:45:55.237,1.11312,1.11346,1.00,1.12
2016.04.04 18:45:55.985,1.11311,1.11347,1.00,2.25
2016.04.04 18:45:56.086,1.11311,1.11341,1.00,1.00
2016.04.04 18:45:56.289,1.11309,1.11346,1.50,1.75
2016.04.04 18:45:56.340,1.11309,1.11346,1.50,1.75
2016.04.04 18:45:56.391,1.11313,1.1135,1.00,2.25
2016.04.04 18:45:56.904,1.11309,1.11345,1.37,1.12
2016.04.04 18:45:56.955,1.11309,1.11345,1.00,1.00
2016.04.04 18:45:57.410,1.11309,1.11334,1.00,1.00
2016.04.04 18:45:57.512,1.11306,1.11333,1.00,1.00
2016.04.04 18:45:57.613,1.1131,1.11333,1.00,1.00
2016.04.04 18:45:57.715,1.11309,1.11341,1.75,1.00
2016.04.04 18:45:57.817,1.11309,1.11348,1.75,1.12
2016.04.04 18:45:58.327,1.11314,1.11348,1.19,1.12
2016.04.04 18:45:58.631,1.11314,1.1134,1.19,1.00
2016.04.04 18:45:58.733,1.11314,1.11347,1.19,1.00
2016.04.04 18:45:59.105,1.11315,1.11347,1.19,1.00
2016.04.04 18:45:59.207,1.11315,1.11347,1.19,1.00
2016.04.04 18:45:59.803,1.11314,1.11346,1.19,1.00
2016.04.04 18:45:59.907,1.11313,1.11347,1.69,1.69
2016.04.04 18:46:00.463,1.11316,1.11344,1.00,1.69
2016.04.04 18:46:00.817,1.11313,1.11344,1.00,2.44
2016.04.04 18:46:00.868,1.11313,1.11344,1.00,3.19
2016.04.04 18:46:00.919,1.11308,1.1134,1.75,1.19
2016.04.04 18:46:01.159,1.11307,1.11334,1.75,1.00
2016.04.04 18:46:01.466,1.11314,1.1134,1.94,1.00
2016.04.04 18:46:01.568,1.1131,1.11339,1.25,1.25
2016.04.04 18:46:02.024,1.11306,1.11333,1.19,1.00
2016.04.04 18:46:02.534,1.113,1.11332,1.69,1.00
2016.04.04 18:46:03.149,1.113,1.11331,1.69,1.00
2016.04.04 18:46:03.616,1.11319,1.11331,1.19,1.00
2016.04.04 18:46:03.717,1.1132,1.11335,1.19,1.00
2016.04.04 18:46:03.869,1.11314,1.11337,1.69,1.00
2016.04.04 18:46:03.980,1.11319,1.11337,1.19,1.00
2016.04.04 18:46:04.031,1.11319,1.11339,1.19,1.00
2016.04.04 18:46:04.082,1.11315,1.11339,1.19,1.00
2016.04.04 18:46:04.591,1.11315,1.11339,1.19,1.00
2016.04.04 18:46:14.421,1.11314,1.11339,1.00,1.00
2016.04.04 18:46:14.472,1.11316,1.11339,1.00,1.00
2016.04.04 18:46:14.573,1.11314,1.11339,1.00,1.00
2016.04.04 18:46:15.215,1.11313,1.11339,1.00,1.00
2016.04.04 18:46:15.997,1.11315,1.11339,1.00,1.00
2016.04.04 18:46:16.226,1.11313,1.11339,1.00,1.00
2016.04.04 18:46:16.429,1.11315,1.11339,1.00,1.00
2016.04.04 18:46:16.733,1.11316,1.11337,1.00,1.19
2016.04.04 18:46:16.936,1.11317,1.11339,1.00,1.19
2016.04.04 18:46:17.506,1.11316,1.1134,1.00,1.19
2016.04.04 18:46:19.613,1.11315,1.1134,1.00,1.19
2016.04.04 18:46:22.135,1.11317,1.11338,1.00,1.25
2016.04.04 18:46:24.464,1.11311,1.11338,1.00,1.25
2016.04.04 18:46:24.667,1.1131,1.1133,1.00,1.19
2016.04.04 18:46:25.192,1.11311,1.11332,1.00,1.19
2016.04.04 18:46:27.230,1.11312,1.11332,1.00,1.19
2016.04.04 18:46:27.383,1.11312,1.11332,1.69,1.00
2016.04.04 18:46:27.485,1.11313,1.11338,1.19,1.00
2016.04.04 18:46:27.687,1.11313,1.11334,1.19,1.00
2016.04.04 18:46:27.738,1.11313,1.11334,1.25,1.25
2016.04.04 18:46:27.993,1.11315,1.11339,1.00,1.69
2016.04.04 18:46:28.195,1.11312,1.11337,1.19,1.69
2016.04.04 18:46:28.706,1.11314,1.11337,1.00,1.19
2016.04.04 18:46:29.231,1.11313,1.11337,1.25,1.19
2016.04.04 18:46:29.282,1.11313,1.11337,1.19,1.19
2016.04.04 18:46:29.384,1.1131,1.11337,1.00,1.19
2016.04.04 18:46:29.486,1.1131,1.11333,1.00,1.00
2016.04.04 18:46:29.537,1.11303,1.11333,1.00,1.00
2016.04.04 18:46:29.802,1.11297,1.11327,2.44,1.00
2016.04.04 18:46:29.955,1.11296,1.11325,1.19,1.12
2016.04.04 18:46:30.058,1.11291,1.11322,1.19,1.00
2016.04.04 18:46:30.159,1.11291,1.11322,1.19,1.87
2016.04.04 18:46:30.463,1.11289,1.11318,1.19,1.00
2016.04.04 18:46:31.084,1.11287,1.11315,1.19,1.00
2016.04.04 18:46:31.236,1.11284,1.11315,1.31,1.00
2016.04.04 18:46:31.338,1.11283,1.11315,1.00,1.31
2016.04.04 18:46:32.630,1.1128,1.11312,1.69,1.00
2016.04.04 18:46:33.987,1.11296,1.11312,1.19,1.00
2016.04.04 18:46:34.038,1.11296,1.11315,1.19,1.50
2016.04.04 18:46:34.089,1.11291,1.11315,1.19,1.00
2016.04.04 18:46:34.140,1.11291,1.11319,1.19,1.00
2016.04.04 18:46:34.343,1.11292,1.11321,1.19,1.00
2016.04.04 18:46:34.444,1.11291,1.11321,1.19,1.00
2016.04.04 18:46:34.726,1.11288,1.11318,1.19,1.00
2016.04.04 18:46:35.094,1.11288,1.11318,1.00,1.25
2016.04.04 18:46:35.296,1.11285,1.11315,1.19,1.00
2016.04.04 18:46:35.675,1.11291,1.11321,1.37,2.06
2016.04.04 18:46:35.827,1.11306,1.11334,1.69,1.12
2016.04.04 18:46:35.929,1.11306,1.11336,1.94,1.00
2016.04.04 18:46:35.980,1.11307,1.11336,1.69,1.50
2016.04.04 18:46:36.081,1.11308,1.11338,1.31,1.00
2016.04.04 18:46:36.132,1.1131,1.11342,1.19,1.00
2016.04.04 18:46:36.536,1.11314,1.11342,1.69,1.00
2016.04.04 18:46:37.193,1.11314,1.11342,1.19,1.00
2016.04.04 18:46:39.047,1.11318,1.11342,1.19,1.00
2016.04.04 18:46:39.920,1.11315,1.11342,1.19,1.00
2016.04.04 18:46:40.355,1.11311,1.11342,1.31,1.00
2016.04.04 18:46:40.456,1.11308,1.11339,1.31,1.00
2016.04.04 18:46:42.503,1.11308,1.11338,1.31,1.00
2016.04.04 18:46:43.010,1.11308,1.11339,1.31,1.00
2016.04.04 18:46:43.255,1.11308,1.11338,1.19,1.12
2016.04.04 18:46:43.307,1.11305,1.11335,1.19,1.00
2016.04.04 18:46:43.459,1.11304,1.11333,1.25,1.00
2016.04.04 18:46:43.781,1.11301,1.11331,1.19,1.31
2016.04.04 18:46:44.085,1.11305,1.11332,1.19,1.12
2016.04.04 18:46:44.410,1.11305,1.11335,1.31,1.00
2016.04.04 18:46:45.412,1.11306,1.11337,1.25,1.19
2016.04.04 18:46:46.416,1.11306,1.11336,1.19,1.00
2016.04.04 18:46:46.721,1.11312,1.1134,1.19,1.50
2016.04.04 18:46:47.536,1.1131,1.1134,1.19,1.00
2016.04.04 18:46:47.637,1.11311,1.1134,1.19,1.00
2016.04.04 18:46:48.143,1.11312,1.1134,1.19,1.00
2016.04.04 18:46:48.395,1.11313,1.1134,1.00,1.00
2016.04.04 18:46:48.547,1.11311,1.1134,1.00,1.00
2016.04.04 18:46:49.048,1.11325,1.1134,1.00,1.00
2016.04.04 18:46:49.102,1.11325,1.11347,1.00,1.00
2016.04.04 18:46:49.203,1.11321,1.11348,1.00,1.19
2016.04.04 18:46:49.457,1.11325,1.11348,1.00,1.19
2016.04.04 18:46:49.508,1.11325,1.11348,1.50,1.00
2016.04.04 18:46:49.711,1.11323,1.11348,1.00,1.25
2016.04.04 18:46:53.334,1.11325,1.1135,1.00,1.87
2016.04.04 18:46:53.936,1.11326,1.1135,1.19,2.06
2016.04.04 18:46:57.625,1.11323,1.1135,1.19,1.00
2016.04.04 18:46:58.197,1.11326,1.1135,1.19,1.25
2016.04.04 18:46:59.684,1.11326,1.11347,1.19,1.00
2016.04.04 18:46:59.836,1.11321,1.11347,1.19,1.00
2016.04.04 18:47:00.190,1.11317,1.11347,1.19,1.69
2016.04.04 18:47:00.658,1.11316,1.11347,1.25,1.31
2016.04.04 18:47:00.911,1.11313,1.11344,1.94,1.00
2016.04.04 18:47:01.225,1.11318,1.11348,1.00,1.19
2016.04.04 18:47:04.353,1.11318,1.11347,1.19,1.00
2016.04.04 18:47:04.455,1.11318,1.11345,1.00,1.00
2016.04.04 18:47:04.506,1.11312,1.11345,2.44,1.87
2016.04.04 18:47:04.557,1.11312,1.11345,2.44,2.81
2016.04.04 18:47:07.554,1.1131,1.1134,1.19,1.00
2016.04.04 18:47:08.262,1.11314,1.1134,1.19,1.00
2016.04.04 18:47:08.570,1.1132,1.11344,1.19,1.00
2016.04.04 18:47:09.544,1.11318,1.11344,1.19,1.00
2016.04.04 18:47:10.179,1.11332,1.11346,1.19,1.37
2016.04.04 18:47:10.331,1.11332,1.11354,1.19,1.00
2016.04.04 18:47:10.382,1.11332,1.11358,1.19,1.50
2016.04.04 18:47:13.588,1.11338,1.11361,1.19,1.50
2016.04.04 18:47:13.934,1.11338,1.11365,1.69,2.25
2016.04.04 18:47:14.086,1.11338,1.11361,1.19,1.00
2016.04.04 18:47:14.893,1.11331,1.11361,2.44,1.00
2016.04.04 18:47:15.229,1.11331,1.11361,1.69,1.00
2016.04.04 18:47:17.175,1.11328,1.11358,1.69,1.00
2016.04.04 18:47:17.226,1.11328,1.11358,1.19,1.19
2016.04.04 18:47:17.429,1.11328,1.11358,1.00,1.19
2016.04.04 18:47:18.902,1.11324,1.11354,1.31,1.25
2016.04.04 18:47:19.104,1.11324,1.11354,2.06,1.00
2016.04.04 18:47:19.407,1.11324,1.11354,1.31,1.00
2016.04.04 18:47:19.986,1.11324,1.11354,1.00,1.19
2016.04.04 18:47:20.246,1.11322,1.11354,1.25,1.19
2016.04.04 18:47:20.555,1.11324,1.11354,1.00,1.19
2016.04.04 18:47:20.860,1.11324,1.11354,1.19,1.00
2016.04.04 18:47:25.168,1.11324,1.11354,1.69,1.00
2016.04.04 18:47:25.825,1.11325,1.11355,2.06,1.25
2016.04.04 18:47:26.280,1.11331,1.11359,1.00,1.19
2016.04.04 18:47:26.534,1.11329,1.11357,1.25,1.19
2016.04.04 18:47:28.474,1.11331,1.11357,1.00,1.19
2016.04.04 18:47:28.677,1.11331,1.11362,1.00,1.19
2016.04.04 18:47:29.228,1.11332,1.1136,1.00,1.19
2016.04.04 18:47:29.556,1.11334,1.1136,1.37,1.19
2016.04.04 18:47:29.658,1.11334,1.11364,1.75,1.19
2016.04.04 18:47:30.231,1.11334,1.11364,1.75,1.19
2016.04.04 18:47:30.677,1.11337,1.11362,1.19,1.00
2016.04.04 18:47:30.779,1.11334,1.11362,1.00,1.00
2016.04.04 18:47:30.982,1.11334,1.11362,1.00,1.19
2016.04.04 18:47:31.033,1.1133,1.11362,2.25,1.19
2016.04.04 18:47:31.084,1.1133,1.11361,1.50,1.19
2016.04.04 18:47:31.439,1.11327,1.11359,1.50,1.19
2016.04.04 18:47:31.540,1.11331,1.11362,1.00,1.31
2016.04.04 18:47:32.820,1.11331,1.11362,1.37,1.31
2016.04.04 18:47:32.922,1.1134,1.11368,1.19,1.19
2016.04.04 18:47:32.973,1.11338,1.11369,1.25,1.19
2016.04.04 18:47:33.554,1.11337,1.11369,1.00,1.56
2016.04.04 18:47:33.958,1.11337,1.11369,1.19,1.37
2016.04.04 18:47:34.501,1.11339,1.11369,1.19,1.00
2016.04.04 18:47:34.809,1.11346,1.11372,1.19,1.00
2016.04.04 18:47:39.225,1.11346,1.11372,1.00,1.19
2016.04.04 18:47:39.736,1.11345,1.11372,1.25,1.19
2016.04.04 18:47:41.378,1.11348,1.11372,1.00,1.19
2016.04.04 18:47:44.044,1.11345,1.11372,1.25,1.19
2016.04.04 18:47:44.095,1.11338,1.11369,1.69,1.31
2016.04.04 18:47:44.146,1.11338,1.11365,1.19,1.00
2016.04.04 18:47:44.502,1.1134,1.11366,1.19,1.00
2016.04.04 18:47:44.856,1.1134,1.11366,1.00,1.00
2016.04.04 18:47:45.059,1.1134,1.11366,1.19,1.00
2016.04.04 18:47:45.161,1.11341,1.11369,1.19,1.50
2016.04.04 18:47:46.760,1.11339,1.11369,2.06,1.00
2016.04.04 18:47:46.963,1.11346,1.11376,1.19,1.69
2016.04.04 18:47:47.064,1.11343,1.11373,1.31,1.00
2016.04.04 18:47:47.554,1.11343,1.11373,1.19,1.37
2016.04.04 18:47:48.102,1.11343,1.11369,1.19,1.00
2016.04.04 18:48:01.407,1.11344,1.1137,1.69,1.00
2016.04.04 18:48:01.711,1.11358,1.11381,1.69,1.00
2016.04.04 18:48:01.762,1.11358,1.11383,1.69,1.00
2016.04.04 18:48:01.813,1.11358,1.11386,1.19,1.00
2016.04.04 18:48:01.965,1.11365,1.11386,1.00,1.00
2016.04.04 18:48:02.495,1.11365,1.11387,1.00,1.00
2016.04.04 18:48:02.798,1.11359,1.11387,1.69,1.00
2016.04.04 18:48:03.285,1.11359,1.11373,1.19,1.00
2016.04.04 18:48:03.438,1.11359,1.11373,1.00,1.19
2016.04.04 18:48:03.539,1.11356,1.11376,1.00,1.50
2016.04.04 18:48:03.641,1.1135,1.11375,1.31,1.69
2016.04.04 18:48:03.701,1.11353,1.11375,1.00,1.19
2016.04.04 18:48:03.985,1.11355,1.11381,1.19,1.00
2016.04.04 18:48:04.036,1.11355,1.11383,1.19,1.00
2016.04.04 18:48:04.137,1.11355,1.11385,2.44,1.50
2016.04.04 18:48:05.758,1.11358,1.11373,1.19,1.00
2016.04.04 18:48:05.911,1.11357,1.11377,1.19,1.00
2016.04.04 18:48:06.013,1.11357,1.11379,1.19,1.50
2016.04.04 18:48:06.524,1.11358,1.11381,1.19,1.50
2016.04.04 18:48:08.142,1.11366,1.11381,1.19,1.50
2016.04.04 18:48:09.175,1.11362,1.11378,1.19,1.00
2016.04.04 18:48:11.341,1.11361,1.11378,1.19,1.00
2016.04.04 18:48:16.416,1.11357,1.11378,1.19,1.00
2016.04.04 18:48:20.353,1.1135,1.11378,1.19,1.00
2016.04.04 18:48:22.927,1.1135,1.11382,1.19,1.69
2016.04.04 18:48:25.123,1.11354,1.11382,1.00,1.19
2016.04.04 18:48:25.426,1.11351,1.11382,1.19,1.69
2016.04.04 18:48:25.795,1.11349,1.11377,1.31,1.25
2016.04.04 18:48:25.857,1.11347,1.11374,1.19,1.00
2016.04.04 18:48:36.769,1.11358,1.11374,1.19,1.50
2016.04.04 18:48:37.074,1.11364,1.11383,1.19,1.00
2016.04.04 18:48:37.583,1.11367,1.11383,1.00,1.00
2016.04.04 18:48:37.634,1.11367,1.11385,1.00,1.00
2016.04.04 18:48:38.033,1.11362,1.11385,1.00,1.00
2016.04.04 18:48:38.084,1.1136,1.11385,1.00,1.00
2016.04.04 18:48:38.135,1.11358,1.11385,1.00,1.00
2016.04.04 18:48:38.502,1.11357,1.11381,1.00,1.00
2016.04.04 18:48:40.042,1.11358,1.11381,1.00,1.00
2016.04.04 18:48:40.688,1.11352,1.11381,1.37,1.00
2016.04.04 18:48:40.789,1.1136,1.11385,1.12,1.00
2016.04.04 18:48:40.893,1.11362,1.11385,1.00,1.00
2016.04.04 18:48:41.095,1.1136,1.11385,1.00,1.00
2016.04.04 18:48:41.146,1.1136,1.11385,1.00,1.69
2016.04.04 18:48:41.248,1.11355,1.11381,1.00,1.12
2016.04.04 18:48:41.300,1.11353,1.11376,1.12,1.25
2016.04.04 18:48:41.852,1.11352,1.11373,1.00,1.19
2016.04.04 18:48:41.903,1.11345,1.11373,1.00,1.56
2016.04.04 18:48:42.445,1.11345,1.11372,1.00,1.31
2016.04.04 18:48:46.289,1.11347,1.11373,1.00,1.56
2016.04.04 18:48:46.815,1.11347,1.1137,1.00,1.00
2016.04.04 18:48:46.967,1.11345,1.1137,1.00,1.00
2016.04.04 18:48:47.069,1.11343,1.1137,1.00,1.00
2016.04.04 18:48:55.625,1.11344,1.1137,1.00,1.00
2016.04.04 18:48:55.727,1.11346,1.1137,1.00,1.00
2016.04.04 18:48:59.058,1.11346,1.11372,1.00,1.25
2016.04.04 18:49:00.605,1.11348,1.11372,1.00,1.25
2016.04.04 18:49:01.115,1.11347,1.11372,1.00,1.25
2016.04.04 18:49:01.812,1.11348,1.11372,1.00,1.25
2016.04.04 18:49:02.322,1.11347,1.11372,1.00,1.25
2016.04.04 18:49:02.920,1.11349,1.11372,1.00,1.25
2016.04.04 18:49:03.330,1.11347,1.11372,1.00,1.25
2016.04.04 18:49:03.872,1.11348,1.11372,1.00,1.25
2016.04.04 18:49:07.936,1.11347,1.11372,1.00,1.25
2016.04.04 18:49:09.694,1.1135,1.11372,1.00,1.19
2016.04.04 18:49:15.963,1.11351,1.11373,1.00,1.19
2016.04.04 18:49:16.311,1.11353,1.11373,1.00,1.19
2016.04.04 18:49:17.066,1.11351,1.11373,1.00,1.19
2016.04.04 18:49:17.568,1.11352,1.11373,1.00,1.19
2016.04.04 18:49:18.422,1.1135,1.11373,1.00,1.19
2016.04.04 18:49:18.625,1.11347,1.11372,1.00,1.19
2016.04.04 18:49:18.676,1.11347,1.11372,1.00,1.19
2016.04.04 18:49:18.828,1.11344,1.11369,1.00,1.19
2016.04.04 18:49:20.641,1.11344,1.11372,1.00,1.69
2016.04.04 18:49:24.462,1.11341,1.11372,1.50,1.69
2016.04.04 18:49:24.513,1.11345,1.11374,1.19,1.00
2016.04.04 18:49:24.564,1.11347,1.11378,1.19,1.50
2016.04.04 18:49:24.615,1.11351,1.1138,1.00,1.00
2016.04.04 18:49:24.666,1.11361,1.11381,1.00,1.00
2016.04.04 18:49:25.171,1.1136,1.11381,1.00,1.00
2016.04.04 18:49:25.812,1.11363,1.11381,1.00,1.00
2016.04.04 18:49:31.281,1.1136,1.11381,1.00,1.00
2016.04.04 18:49:38.787,1.11359,1.11381,1.00,1.00
2016.04.04 18:49:39.630,1.11359,1.11383,1.00,1.19
2016.04.04 18:49:40.341,1.11359,1.1138,1.00,1.19
2016.04.04 18:49:42.994,1.1136,1.1138,1.00,1.19
2016.04.04 18:49:43.297,1.11363,1.1138,1.00,1.19
2016.04.04 18:49:43.948,1.11366,1.1138,1.00,1.19
2016.04.04 18:49:43.999,1.11366,1.11384,1.00,1.25
2016.04.04 18:49:44.524,1.11367,1.11386,1.00,1.19
2016.04.04 18:49:49.460,1.11365,1.11386,1.00,1.19
2016.04.04 18:49:50.008,1.11367,1.11386,1.00,1.19
2016.04.04 18:49:50.463,1.11365,1.11386,1.00,1.19
2016.04.04 18:49:51.618,1.11366,1.11386,1.00,1.19
2016.04.04 18:49:52.181,1.11365,1.11386,1.00,1.19
2016.04.04 18:49:52.989,1.11364,1.11386,1.00,1.19
2016.04.04 18:49:56.132,1.11361,1.11386,1.50,1.19
2016.04.04 18:50:00.619,1.11363,1.11386,1.00,1.19
2016.04.04 18:50:00.935,1.11353,1.11375,1.00,1.19
2016.04.04 18:50:01.568,1.11352,1.11375,1.00,1.19
2016.04.04 18:50:02.768,1.11351,1.11375,1.50,1.19
2016.04.04 18:50:03.072,1.11351,1.11371,1.50,1.19
2016.04.04 18:50:03.609,1.11352,1.11371,1.00,1.19
2016.04.04 18:50:04.570,1.11352,1.11367,1.00,1.19
2016.04.04 18:50:04.722,1.11347,1.11367,1.00,1.19
2016.04.04 18:50:05.230,1.11346,1.11367,1.00,1.19
2016.04.04 18:50:06.951,1.11349,1.11367,1.00,1.19
2016.04.04 18:50:07.001,1.11349,1.11374,1.00,1.19
2016.04.04 18:50:07.163,1.11345,1.11374,1.00,1.19
2016.04.04 18:50:07.899,1.11347,1.11374,1.00,1.19
2016.04.04 18:50:15.819,1.11349,1.11374,1.00,1.19
2016.04.04 18:50:16.215,1.11349,1.11369,1.00,1.19
2016.04.04 18:50:16.519,1.1136,1.11374,1.00,1.19
2016.04.04 18:50:16.924,1.11356,1.11374,1.00,1.19
2016.04.04 18:50:18.823,1.11358,1.11374,1.00,1.19
2016.04.04 18:50:19.235,1.1136,1.11374,1.00,1.19
2016.04.04 18:50:21.870,1.11361,1.11374,1.00,1.19
2016.04.04 18:50:22.180,1.1136,1.11371,1.00,1.19
2016.04.04 18:50:22.231,1.11355,1.11371,1.00,1.19
2016.04.04 18:50:22.333,1.11358,1.11371,1.00,1.19
2016.04.04 18:50:22.384,1.11358,1.11376,1.00,1.19
2016.04.04 18:50:22.486,1.11352,1.11376,1.00,1.19
2016.04.04 18:50:22.752,1.1135,1.11376,1.00,1.19
2016.04.04 18:50:23.286,1.11349,1.11376,1.00,1.19
2016.04.04 18:50:23.600,1.11352,1.11376,1.00,1.19
2016.04.04 18:50:24.082,1.11354,1.11376,1.00,1.19
2016.04.04 18:50:24.632,1.11351,1.11376,1.12,1.19
2016.04.04 18:50:24.794,1.11353,1.11376,1.00,1.19
2016.04.04 18:50:25.403,1.11355,1.11376,1.00,1.19
2016.04.04 18:50:25.735,1.11355,1.11376,1.75,1.19
2016.04.04 18:50:27.938,1.11354,1.11376,1.00,1.19
2016.04.04 18:50:32.109,1.11355,1.11376,1.00,1.19
2016.04.04 18:50:32.261,1.11353,1.11376,1.00,1.19
2016.04.04 18:50:32.363,1.1135,1.11376,1.00,1.19
2016.04.04 18:50:32.675,1.11353,1.11376,1.00,1.19
2016.04.04 18:50:32.967,1.11353,1.11382,1.19,1.00
2016.04.04 18:50:33.190,1.11355,1.11384,1.19,1.00
2016.04.04 18:50:33.518,1.11359,1.11385,1.00,1.50
2016.04.04 18:50:34.478,1.11359,1.11385,1.00,2.44
2016.04.04 18:50:39.379,1.1136,1.11385,1.00,1.69
2016.04.04 18:50:41.499,1.11359,1.11385,1.00,1.69
2016.04.04 18:50:41.804,1.11363,1.11385,1.00,1.00
2016.04.04 18:50:42.117,1.11365,1.11385,1.00,1.00
2016.04.04 18:50:42.592,1.11367,1.11385,1.00,1.00
2016.04.04 18:50:43.218,1.11366,1.11385,1.00,1.00
2016.04.04 18:50:47.749,1.11364,1.11385,1.00,1.00
2016.04.04 18:50:48.002,1.11362,1.11385,1.00,1.00
2016.04.04 18:50:48.054,1.11362,1.11387,1.00,1.00
2016.04.04 18:50:48.106,1.1136,1.11384,1.00,1.19
2016.04.04 18:50:48.409,1.11363,1.11384,1.00,1.19
2016.04.04 18:50:50.755,1.11364,1.11386,1.00,1.00
2016.04.04 18:50:51.276,1.11363,1.11386,1.00,1.00
2016.04.04 18:50:56.049,1.11364,1.11386,1.00,1.00
2016.04.04 18:50:58.972,1.11362,1.11386,1.00,1.00
2016.04.04 18:50:59.518,1.11361,1.11386,1.50,1.00
2016.04.04 18:50:59.673,1.11363,1.11386,1.00,1.00
2016.04.04 18:50:59.876,1.11361,1.11386,1.50,1.00
2016.04.04 18:51:01.177,1.11363,1.11386,1.00,1.00
2016.04.04 18:51:01.731,1.11364,1.11386,1.00,1.00
2016.04.04 18:51:02.534,1.11363,1.11384,1.00,1.19
2016.04.04 18:51:02.841,1.1136,1.11384,1.00,1.19
2016.04.04 18:51:03.690,1.11362,1.11384,1.00,1.19
2016.04.04 18:51:06.975,1.1136,1.11384,1.00,1.19
2016.04.04 18:51:07.606,1.11357,1.11383,1.00,1.19
2016.04.04 18:51:08.405,1.11357,1.11383,1.00,1.00
2016.04.04 18:51:08.919,1.1136,1.11383,1.00,1.00
2016.04.04 18:51:11.670,1.1136,1.11381,1.00,1.19
2016.04.04 18:51:11.970,1.11357,1.11381,1.00,1.19
2016.04.04 18:51:12.639,1.11361,1.11381,1.00,1.19
2016.04.04 18:51:17.048,1.1136,1.11381,1.00,1.19
2016.04.04 18:51:23.060,1.11359,1.11381,1.00,1.19
2016.04.04 18:51:23.566,1.1136,1.11381,1.00,1.19
2016.04.04 18:51:25.524,1.11357,1.11381,1.00,1.19
2016.04.04 18:51:25.625,1.11361,1.11381,1.00,1.19
2016.04.04 18:51:26.076,1.11359,1.11381,1.00,1.19
2016.04.04 18:51:26.658,1.1136,1.11381,1.00,1.19
2016.04.04 18:51:27.181,1.11361,1.1138,1.00,1.19
2016.04.04 18:51:27.735,1.11359,1.1138,1.00,1.19
2016.04.04 18:51:27.937,1.11361,1.1138,1.00,1.19
2016.04.04 18:51:29.819,1.11362,1.1138,1.00,1.19
2016.04.04 18:51:30.479,1.11361,1.1138,1.00,1.19
2016.04.04 18:51:31.889,1.11363,1.1138,1.00,1.19
2016.04.04 18:51:32.449,1.11362,1.1138,1.00,1.19
2016.04.04 18:51:33.309,1.11364,1.1138,1.00,1.19
2016.04.04 18:51:34.229,1.11366,1.1138,1.00,1.19
2016.04.04 18:51:37.189,1.11364,1.11383,1.00,1.00
2016.04.04 18:51:37.442,1.11364,1.11382,1.00,1.19
2016.04.04 18:51:37.960,1.11363,1.11382,1.00,1.19
2016.04.04 18:51:38.518,1.11363,1.11382,1.00,1.19
2016.04.04 18:51:42.658,1.11362,1.11382,1.00,1.19
2016.04.04 18:51:45.551,1.11361,1.11382,1.00,1.19
2016.04.04 18:51:46.237,1.1136,1.11382,1.00,1.19
2016.04.04 18:51:46.619,1.11362,1.11382,1.00,1.19
2016.04.04 18:51:46.771,1.11359,1.11382,1.00,1.19
2016.04.04 18:51:47.174,1.11357,1.11382,1.00,1.19
2016.04.04 18:51:47.940,1.11358,1.11382,1.00,1.19
2016.04.04 18:51:49.057,1.11356,1.11382,1.00,1.19
2016.04.04 18:51:50.511,1.11358,1.11382,1.00,1.19
2016.04.04 18:51:52.053,1.1136,1.11382,1.00,1.19
2016.04.04 18:51:52.155,1.1136,1.11383,1.00,1.00
2016.04.04 18:51:55.233,1.11363,1.11383,1.00,1.00
2016.04.04 18:51:55.705,1.11363,1.11382,1.00,1.19
2016.04.04 18:51:55.756,1.11361,1.11382,1.00,1.19
2016.04.04 18:52:02.488,1.11363,1.11382,1.00,1.19
2016.04.04 18:52:02.590,1.11361,1.11382,1.00,1.19
2016.04.04 18:52:03.921,1.11358,1.11382,1.00,1.19
2016.04.04 18:52:04.026,1.1136,1.11382,1.00,1.19
2016.04.04 18:52:08.394,1.11361,1.11382,1.00,1.19
2016.04.04 18:52:10.007,1.1136,1.11382,1.00,1.19
2016.04.04 18:52:15.727,1.11361,1.11382,1.00,1.19
2016.04.04 18:52:33.506,1.11361,1.11384,1.00,1.50
2016.04.04 18:52:34.770,1.1136,1.11384,1.00,1.50
2016.04.04 18:52:37.207,1.11362,1.11384,1.00,1.00
2016.04.04 18:52:38.963,1.1136,1.11384,1.00,1.00
2016.04.04 18:52:40.186,1.11362,1.11384,1.00,1.00
2016.04.04 18:52:40.988,1.11361,1.11384,1.00,1.00
2016.04.04 18:52:45.807,1.11362,1.11384,1.00,1.00
2016.04.04 18:52:46.309,1.11361,1.11384,1.00,1.00
2016.04.04 18:52:49.197,1.11363,1.11384,1.00,1.00
2016.04.04 18:52:49.501,1.11366,1.11386,1.00,1.25
2016.04.04 18:52:49.603,1.11366,1.11388,1.00,1.50
2016.04.04 18:52:49.654,1.11369,1.11388,1.00,1.50
2016.04.04 18:52:49.871,1.11366,1.11388,1.00,1.00
2016.04.04 18:52:49.922,1.11366,1.11386,1.00,1.00
2016.04.04 18:52:50.077,1.11362,1.11386,1.00,1.19
2016.04.04 18:52:50.687,1.1136,1.11385,1.37,1.69
2016.04.04 18:52:51.371,1.11362,1.11385,1.00,1.25
2016.04.04 18:52:52.422,1.1136,1.11384,1.37,1.00
2016.04.04 18:52:52.694,1.1136,1.11382,1.00,1.00
2016.04.04 18:52:55.059,1.11358,1.11382,1.00,1.00
2016.04.04 18:52:57.988,1.11357,1.11382,1.00,1.00
2016.04.04 18:52:58.502,1.11358,1.11382,1.00,1.00
2016.04.04 18:52:59.017,1.11359,1.11382,1.00,1.00
2016.04.04 18:52:59.447,1.11357,1.11382,1.00,1.00
2016.04.04 18:52:59.651,1.1136,1.11382,1.00,1.00
2016.04.04 18:53:00.077,1.11358,1.11382,1.00,1.69
2016.04.04 18:53:01.173,1.11358,1.11381,1.00,1.19
2016.04.04 18:53:02.260,1.11359,1.11381,1.00,1.19
2016.04.04 18:53:02.769,1.11358,1.11381,1.00,1.19
2016.04.04 18:53:03.532,1.1136,1.11381,1.00,1.19
2016.04.04 18:53:03.835,1.11362,1.11381,1.00,1.19
2016.04.04 18:53:05.382,1.11361,1.11378,1.00,1.19
2016.04.04 18:53:05.636,1.11355,1.11375,1.50,1.25
2016.04.04 18:53:05.838,1.11364,1.11375,1.00,1.25
2016.04.04 18:53:06.064,1.11366,1.11382,1.00,1.19
2016.04.04 18:53:06.575,1.11369,1.11382,1.00,1.19
2016.04.04 18:53:07.574,1.11373,1.11382,1.00,1.19
2016.04.04 18:53:10.201,1.11372,1.11382,1.00,1.19
2016.04.04 18:53:18.793,1.11373,1.11382,1.00,1.19
2016.04.04 18:53:19.250,1.11375,1.11382,1.00,1.19
2016.04.04 18:53:20.476,1.11373,1.11382,1.00,1.19
2016.04.04 18:53:20.867,1.11371,1.11382,1.00,1.19
2016.04.04 18:53:20.918,1.11371,1.11387,1.00,1.69
2016.04.04 18:53:21.164,1.11371,1.11381,1.00,1.19
2016.04.04 18:53:21.566,1.11371,1.11387,1.00,1.69
2016.04.04 18:53:24.840,1.11369,1.11387,1.00,1.69
2016.04.04 18:53:25.629,1.11368,1.11388,1.12,1.00
2016.04.04 18:53:25.732,1.1137,1.11389,1.00,1.69
2016.04.04 18:53:25.783,1.1137,1.11389,1.00,1.00
2016.04.04 18:53:25.835,1.11381,1.1139,1.00,1.50
2016.04.04 18:53:26.038,1.11381,1.11392,1.00,1.50
2016.04.04 18:53:26.712,1.11378,1.11392,1.00,1.50
2016.04.04 18:53:32.055,1.11375,1.11392,1.00,1.50
2016.04.04 18:53:32.745,1.11375,1.1139,1.00,1.00
2016.04.04 18:53:35.044,1.11375,1.11391,1.00,1.00
2016.04.04 18:53:39.376,1.11372,1.11391,1.19,1.00
2016.04.04 18:53:39.579,1.11375,1.1139,1.00,1.00
2016.04.04 18:53:42.374,1.11377,1.1139,1.00,1.00
2016.04.04 18:53:43.176,1.11377,1.11388,1.00,1.00
2016.04.04 18:53:44.058,1.11377,1.1139,1.00,1.00
2016.04.04 18:53:44.607,1.11376,1.1139,1.00,1.00
2016.04.04 18:53:49.598,1.11375,1.1139,1.00,1.00
2016.04.04 18:53:50.651,1.11375,1.11389,1.00,1.00
2016.04.04 18:53:54.554,1.11378,1.11389,1.00,1.00
2016.04.04 18:53:54.669,1.11374,1.11389,1.25,1.00
2016.04.04 18:53:54.991,1.11378,1.11389,1.00,1.00
2016.04.04 18:53:55.092,1.11375,1.11389,1.00,1.00
2016.04.04 18:53:55.638,1.11374,1.11389,1.25,1.00
2016.04.04 18:53:56.232,1.11375,1.1139,1.00,1.00
2016.04.04 18:54:00.191,1.11373,1.1139,1.25,1.50
2016.04.04 18:54:00.295,1.11364,1.11387,2.62,1.19
2016.04.04 18:54:00.542,1.11364,1.11378,1.00,1.19
2016.04.04 18:54:00.596,1.11346,1.11374,1.75,1.00
2016.04.04 18:54:00.647,1.11346,1.11374,1.00,2.06
2016.04.04 18:54:00.954,1.11348,1.11372,1.00,1.19
2016.04.04 18:54:01.387,1.11344,1.11372,1.00,1.69
2016.04.04 18:54:04.573,1.11347,1.11372,1.00,1.69
2016.04.04 18:54:07.647,1.11344,1.11372,1.00,1.19
2016.04.04 18:54:07.749,1.11346,1.11372,1.00,1.19
2016.04.04 18:54:08.714,1.11345,1.11372,1.00,1.19
2016.04.04 18:54:14.575,1.11347,1.11369,1.00,1.25
2016.04.04 18:54:18.568,1.11347,1.11369,1.00,1.19
2016.04.04 18:54:20.627,1.11345,1.11366,1.00,1.00
2016.04.04 18:54:23.293,1.11346,1.11366,1.00,1.00
2016.04.04 18:54:23.952,1.11347,1.11366,1.00,1.00
2016.04.04 18:54:24.685,1.11346,1.11366,1.00,1.00
2016.04.04 18:54:27.677,1.11344,1.11366,1.00,1.00
2016.04.04 18:54:29.082,1.11346,1.11366,1.00,1.00
2016.04.04 18:54:29.564,1.11346,1.11366,1.00,1.19
2016.04.04 18:54:29.767,1.11341,1.11362,1.00,1.00
2016.04.04 18:54:30.349,1.11342,1.11362,1.00,1.00
2016.04.04 18:54:30.771,1.11344,1.11362,1.00,1.00
2016.04.04 18:54:40.672,1.11346,1.11362,1.00,1.00
2016.04.04 18:54:40.773,1.11341,1.11362,1.00,1.00
2016.04.04 18:54:41.095,1.11344,1.11362,1.00,1.00
2016.04.04 18:54:44.622,1.11343,1.11362,1.00,1.00
2016.04.04 18:54:44.925,1.11346,1.11362,1.00,1.00
2016.04.04 18:54:46.270,1.11343,1.11362,1.00,1.00
2016.04.04 18:54:46.320,1.11343,1.11359,1.00,1.00
2016.04.04 18:54:46.371,1.1134,1.11359,1.00,1.00
2016.04.04 18:54:46.808,1.11338,1.11359,1.50,1.00
2016.04.04 18:54:47.305,1.11344,1.11363,1.00,1.00
2016.04.04 18:54:47.810,1.11344,1.11359,1.00,1.00
2016.04.04 18:54:48.255,1.11346,1.11359,1.00,1.00
2016.04.04 18:54:50.092,1.11347,1.11359,1.00,1.00
2016.04.04 18:54:53.167,1.11343,1.11359,1.00,1.00
2016.04.04 18:54:53.679,1.11344,1.11359,1.00,1.00
2016.04.04 18:54:54.506,1.11344,1.11364,1.00,1.50
2016.04.04 18:54:59.880,1.11343,1.11364,1.00,1.00
2016.04.04 18:55:00.401,1.11344,1.11364,1.00,1.00
2016.04.04 18:55:00.926,1.11345,1.11364,1.00,1.00
2016.04.04 18:55:03.391,1.11343,1.11364,1.00,1.00
2016.04.04 18:55:03.921,1.11344,1.11364,1.00,1.00
2016.04.04 18:55:04.325,1.11342,1.11364,1.25,1.00
2016.04.04 18:55:04.495,1.11345,1.11364,1.00,1.00
2016.04.04 18:55:04.757,1.11343,1.11364,1.00,1.00
2016.04.04 18:55:08.282,1.11347,1.11364,1.00,1.00
2016.04.04 18:55:10.578,1.11344,1.11364,1.00,1.00
2016.04.04 18:55:10.629,1.11344,1.11364,1.00,1.19
2016.04.04 18:55:11.416,1.11342,1.11364,1.00,1.19
2016.04.04 18:55:12.188,1.11344,1.11363,1.00,1.00
2016.04.04 18:55:12.239,1.11344,1.11366,1.00,1.00
2016.04.04 18:55:12.762,1.11344,1.11367,1.00,1.50
2016.04.04 18:55:13.163,1.11344,1.11367,1.19,1.50
2016.04.04 18:55:14.046,1.11344,1.11369,1.19,1.50
2016.04.04 18:55:16.454,1.11344,1.11366,1.19,1.00
2016.04.04 18:55:17.661,1.11341,1.11368,1.69,1.00
2016.04.04 18:55:17.823,1.11351,1.11368,1.00,1.00
2016.04.04 18:55:18.366,1.1135,1.11369,1.00,1.50
2016.04.04 18:55:20.573,1.11351,1.11369,1.00,1.50
2016.04.04 18:55:24.854,1.11353,1.11369,1.00,1.00
2016.04.04 18:55:29.116,1.11353,1.11371,1.00,1.50
2016.04.04 18:55:29.345,1.11345,1.11371,1.19,1.50
2016.04.04 18:55:29.960,1.11346,1.1137,1.25,1.00
2016.04.04 18:55:31.317,1.11345,1.11371,1.19,1.50
2016.04.04 18:55:31.861,1.11345,1.11371,1.19,1.50
2016.04.04 18:55:33.229,1.11345,1.1137,1.19,1.00
2016.04.04 18:55:38.145,1.11347,1.11371,1.25,1.00
2016.04.04 18:55:38.695,1.11348,1.11371,1.00,1.00
2016.04.04 18:55:39.857,1.11341,1.11371,1.01,1.00
2016.04.04 18:55:39.914,1.11336,1.11369,1.19,1.00
2016.04.04 18:55:42.062,1.11337,1.11365,1.19,1.00
2016.04.04 18:55:42.777,1.11335,1.11362,1.31,1.00
2016.04.04 18:55:49.063,1.11337,1.11363,1.00,2.44
2016.04.04 18:55:49.654,1.11338,1.11363,1.00,2.44
2016.04.04 18:55:50.493,1.11337,1.11363,1.00,2.44
2016.04.04 18:55:50.797,1.11337,1.11363,1.19,1.50
2016.04.04 18:55:51.462,1.1134,1.11363,1.00,1.00
2016.04.04 18:55:51.716,1.11338,1.11363,1.00,1.00
2016.04.04 18:55:52.253,1.11338,1.11365,1.00,1.19
2016.04.04 18:55:54.210,1.1134,1.11365,1.00,1.19
2016.04.04 18:55:54.877,1.1134,1.11362,1.00,1.00
2016.04.04 18:55:55.788,1.11337,1.11362,1.25,1.00
2016.04.04 18:55:57.632,1.1134,1.11362,1.00,1.00
2016.04.04 18:55:57.943,1.11344,1.11362,1.00,1.00
2016.04.04 18:55:58.475,1.11343,1.11362,1.00,1.00
2016.04.04 18:55:59.175,1.11337,1.11362,1.19,1.00
2016.04.04 18:55:59.228,1.11337,1.11362,1.00,1.69
2016.04.04 18:55:59.279,1.11333,1.1136,1.00,1.19
2016.04.04 18:55:59.380,1.1133,1.11362,1.50,1.31
2016.04.04 18:55:59.482,1.11332,1.11359,1.19,1.19
2016.04.04 18:55:59.735,1.11332,1.11359,1.19,1.00
2016.04.04 18:56:00.049,1.11344,1.11359,1.00,1.00
2016.04.04 18:56:01.475,1.11342,1.11359,1.00,1.00
2016.04.04 18:56:01.914,1.11334,1.11359,1.00,1.00
2016.04.04 18:56:02.016,1.11334,1.11359,1.00,1.19
2016.04.04 18:56:03.005,1.11332,1.11359,1.00,1.69
2016.04.04 18:56:08.735,1.11333,1.11357,1.00,1.19
2016.04.04 18:56:14.569,1.11331,1.11357,1.00,1.19
2016.04.04 18:56:14.846,1.11331,1.11357,1.00,1.00
2016.04.04 18:56:15.957,1.11332,1.11352,1.00,1.00
2016.04.04 18:56:19.529,1.11331,1.11352,1.00,1.00
2016.04.04 18:56:26.590,1.11332,1.11352,1.00,1.00
2016.04.04 18:56:26.893,1.11332,1.11356,1.00,1.19
2016.04.04 18:56:37.511,1.11332,1.11356,1.00,1.25
2016.04.04 18:56:39.663,1.11332,1.11353,1.00,1.00
2016.04.04 18:56:39.917,1.11327,1.11352,1.00,1.19
2016.04.04 18:56:40.069,1.11326,1.11349,1.00,1.19
2016.04.04 18:56:40.372,1.11331,1.11352,1.00,1.69
2016.04.04 18:56:42.863,1.11329,1.11352,1.00,1.19
2016.04.04 18:56:42.914,1.11329,1.11355,1.00,1.37
2016.04.04 18:56:43.445,1.11329,1.11355,1.00,1.00
2016.04.04 18:56:46.063,1.11331,1.11355,1.00,1.00
2016.04.04 18:56:47.513,1.11331,1.11354,1.00,1.19
2016.04.04 18:56:49.720,1.11328,1.11351,1.00,1.19
2016.04.04 18:56:50.155,1.11331,1.11351,1.00,1.19
2016.04.04 18:56:50.687,1.11329,1.11351,1.00,1.19
2016.04.04 18:56:57.283,1.1133,1.11351,1.00,1.19
2016.04.04 18:57:00.583,1.11326,1.11351,1.00,1.19
2016.04.04 18:57:00.912,1.11329,1.11354,1.00,1.69
2016.04.04 18:57:00.963,1.11329,1.11354,1.19,1.00
2016.04.04 18:57:08.018,1.11331,1.11351,1.19,1.00
2016.04.04 18:57:09.265,1.1133,1.11355,1.19,1.00
2016.04.04 18:57:18.537,1.11329,1.11355,1.19,1.50
2016.04.04 18:57:49.995,1.11328,1.11355,1.25,1.19
2016.04.04 18:58:06.538,1.11328,1.11353,1.69,1.00
2016.04.04 18:58:10.875,1.11329,1.11355,1.19,1.00
2016.04.04 18:58:42.512,1.11328,1.11355,1.19,1.00
2016.04.04 18:58:46.615,1.11328,1.11352,1.19,1.00
2016.04.04 18:58:55.706,1.11324,1.11352,1.69,1.00
2016.04.04 18:58:59.202,1.11323,1.11352,1.19,1.19
2016.04.04 18:58:59.506,1.11326,1.11352,1.00,1.19
2016.04.04 18:59:00.153,1.11327,1.11352,1.00,1.19
2016.04.04 18:59:00.475,1.11329,1.11358,1.19,2.44
2016.04.04 18:59:00.782,1.11329,1.11356,1.19,1.00
2016.04.04 18:59:02.369,1.11327,1.11353,1.19,1.00
2016.04.04 18:59:03.489,1.11329,1.11356,1.19,1.00
2016.04.04 18:59:07.006,1.11329,1.11356,1.19,1.25
2016.04.04 18:59:09.120,1.11331,1.11356,1.00,1.25
2016.04.04 18:59:10.697,1.1133,1.11356,1.25,1.25
2016.04.04 18:59:14.358,1.11326,1.11356,1.19,1.69
2016.04.04 18:59:14.844,1.11326,1.11352,1.19,1.00
2016.04.04 18:59:16.668,1.11328,1.11355,1.19,1.12
2016.04.04 18:59:17.339,1.11331,1.11355,1.00,1.00
2016.04.04 18:59:17.855,1.11329,1.11355,1.19,1.00
2016.04.04 18:59:18.753,1.11328,1.11355,1.19,1.00
2016.04.04 18:59:19.311,1.11331,1.11355,1.00,1.00
2016.04.04 18:59:20.853,1.11332,1.11355,1.00,1.00
2016.04.04 18:59:21.079,1.1133,1.11355,1.00,1.00
2016.04.04 18:59:21.634,1.11331,1.11355,1.00,1.00
2016.04.04 18:59:21.929,1.11331,1.11359,1.00,1.19
2016.04.04 18:59:21.981,1.11331,1.11355,1.25,1.00
2016.04.04 18:59:22.407,1.11331,1.11355,1.19,1.00
2016.04.04 18:59:22.458,1.11331,1.1136,1.31,1.12
2016.04.04 18:59:22.874,1.11331,1.1136,1.31,1.19
2016.04.04 18:59:23.177,1.11335,1.11361,1.19,1.50
2016.04.04 18:59:23.709,1.11336,1.1136,1.19,1.00
2016.04.04 18:59:24.154,1.1133,1.11361,2.44,1.69
2016.04.04 18:59:25.291,1.1133,1.11359,1.25,1.69
2016.04.04 18:59:26.392,1.1133,1.11357,1.19,1.00
2016.04.04 18:59:27.446,1.11335,1.11357,1.00,1.00
2016.04.04 18:59:27.548,1.11333,1.11357,1.25,1.00
2016.04.04 18:59:29.864,1.11332,1.11357,1.00,1.19
2016.04.04 18:59:30.178,1.1133,1.11357,1.00,1.19
2016.04.04 18:59:30.229,1.11332,1.1136,1.56,1.50
2016.04.04 18:59:30.557,1.11341,1.11364,1.19,1.00
2016.04.04 18:59:30.658,1.11341,1.11364,1.00,1.19
2016.04.04 18:59:31.082,1.11342,1.1136,1.00,1.00
2016.04.04 18:59:31.344,1.1134,1.11367,1.00,1.69
2016.04.04 18:59:31.712,1.11341,1.11364,1.00,1.00
2016.04.04 18:59:31.876,1.11341,1.11366,1.00,1.00
2016.04.04 18:59:32.525,1.11344,1.11366,1.00,1.25
2016.04.04 18:59:32.839,1.11342,1.11366,1.00,1.25
2016.04.04 18:59:33.347,1.11343,1.11367,1.00,1.19
2016.04.04 18:59:34.392,1.11343,1.11367,1.00,1.69
2016.04.04 18:59:34.646,1.11343,1.11367,1.19,1.00
2016.04.04 18:59:34.798,1.11352,1.11367,1.00,1.00
2016.04.04 18:59:34.899,1.11349,1.11369,1.00,1.00
2016.04.04 18:59:35.128,1.11354,1.11369,1.00,1.00
2016.04.04 18:59:35.571,1.11353,1.11371,1.25,1.00
2016.04.04 18:59:35.833,1.11353,1.11374,1.25,1.00
2016.04.04 18:59:35.895,1.11356,1.11374,1.00,1.00
2016.04.04 18:59:36.449,1.11356,1.11375,1.00,1.00
2016.04.04 18:59:36.672,1.11352,1.11376,1.19,1.00
2016.04.04 18:59:36.723,1.11354,1.11376,1.19,1.00
2016.04.04 18:59:36.928,1.11355,1.11378,1.19,1.00
2016.04.04 18:59:37.642,1.11356,1.1138,1.19,1.00
2016.04.04 18:59:38.032,1.11361,1.11382,1.50,1.00
2016.04.04 18:59:38.235,1.11356,1.11383,2.44,1.00
2016.04.04 18:59:38.747,1.11356,1.11382,1.69,1.00
2016.04.04 18:59:39.854,1.11361,1.11382,1.00,1.00
2016.04.04 18:59:40.158,1.11357,1.11382,1.19,1.00
2016.04.04 18:59:40.719,1.11352,1.11369,1.00,1.00
2016.04.04 18:59:40.770,1.11349,1.11369,1.00,1.00
2016.04.04 18:59:40.821,1.11349,1.11366,1.00,1.00
2016.04.04 18:59:41.087,1.11342,1.11366,1.69,1.00
2016.04.04 18:59:41.239,1.11342,1.1137,2.06,1.00
2016.04.04 18:59:41.341,1.11342,1.1137,2.81,1.00
2016.04.04 18:59:41.649,1.11347,1.1137,1.19,1.00
2016.04.04 18:59:41.801,1.11347,1.11372,1.69,1.00
2016.04.04 18:59:42.054,1.11352,1.11376,1.19,1.50
2016.04.04 18:59:42.568,1.11347,1.11372,1.00,1.00
2016.04.04 18:59:42.619,1.1134,1.11372,2.44,1.00
2016.04.04 18:59:42.670,1.11339,1.11368,1.69,1.00
2016.04.04 18:59:42.772,1.11337,1.11368,1.19,1.25
2016.04.04 18:59:42.823,1.11335,1.11365,1.56,1.00
2016.04.04 18:59:43.125,1.11346,1.11365,1.19,1.00
2016.04.04 18:59:43.176,1.11346,1.1137,1.19,1.25
2016.04.04 18:59:43.227,1.11348,1.11372,1.19,1.00
2016.04.04 18:59:43.278,1.11348,1.11377,2.44,1.00
2016.04.04 18:59:43.329,1.11348,1.11377,1.69,1.19
2016.04.04 18:59:44.007,1.11348,1.11377,2.44,1.00
2016.04.04 18:59:44.509,1.11349,1.11378,1.31,1.00
2016.04.04 18:59:45.220,1.11351,1.1138,1.19,1.00
2016.04.04 18:59:46.093,1.11351,1.1138,1.25,1.00
2016.04.04 18:59:46.144,1.11358,1.1138,1.00,1.00
2016.04.04 18:59:46.245,1.11352,1.1138,1.19,1.50
2016.04.04 18:59:47.612,1.11355,1.1138,1.19,1.00
2016.04.04 18:59:47.663,1.11359,1.11383,1.31,1.00
2016.04.04 18:59:48.210,1.11361,1.11384,1.25,1.00
2016.04.04 18:59:48.261,1.11357,1.11384,1.50,1.25
2016.04.04 18:59:48.363,1.11353,1.11384,1.69,1.50
2016.04.04 18:59:48.414,1.11353,1.11384,1.31,1.50
2016.04.04 18:59:48.734,1.11356,1.11384,1.00,1.50
2016.04.04 18:59:49.037,1.11354,1.11381,1.00,1.00
2016.04.04 18:59:49.489,1.11352,1.11381,1.69,1.00
2016.04.04 18:59:49.692,1.1135,1.11381,1.00,1.00
2016.04.04 18:59:49.793,1.1135,1.11381,1.69,1.50
2016.04.04 18:59:50.102,1.11355,1.11379,1.25,1.00
2016.04.04 18:59:50.154,1.1135,1.11377,1.00,1.00
2016.04.04 18:59:50.256,1.11347,1.11372,1.00,1.00
2016.04.04 18:59:50.558,1.11347,1.11369,1.00,1.00
2016.04.04 18:59:50.660,1.11335,1.11363,1.00,1.00
2016.04.04 18:59:50.711,1.11331,1.11363,1.50,1.00
2016.04.04 18:59:51.223,1.11331,1.11364,1.50,1.31
2016.04.04 18:59:52.139,1.11331,1.11364,1.50,1.31
2016.04.04 18:59:52.501,1.11332,1.11362,1.00,1.19
2016.04.04 18:59:55.087,1.11333,1.1136,1.00,1.00
2016.04.04 18:59:55.189,1.11332,1.1136,1.00,1.19
2016.04.04 18:59:55.992,1.11328,1.1136,1.12,1.19
2016.04.04 18:59:56.537,1.11329,1.1136,1.00,1.19
2016.04.04 18:59:57.821,1.11329,1.1136,1.19,1.25
2016.04.04 18:59:58.357,1.11331,1.11362,1.00,1.19
2016.04.04 18:59:59.296,1.11334,1.11362,1.01,1.00
2016.04.04 18:59:59.448,1.11335,1.11365,1.94,1.00
2016.04.04 18:59:59.499,1.11335,1.11365,1.75,1.19
2016.04.04 18:59:59.600,1.11335,1.11364,1.12,1.19
