2017.03.07 21:00:00.024,1.09017,1.09041,0.75,1.12
2017.03.07 21:00:00.125,1.09019,1.09039,0.75,0.75
2017.03.07 21:00:00.623,1.09022,1.09035,0.75,0.75
2017.03.07 21:00:00.674,1.09021,1.09044,0.75,0.75
2017.03.07 21:00:00.725,1.09023,1.09044,0.75,0.75
2017.03.07 21:00:01.179,1.09022,1.09046,3.75,1.50
2017.03.07 21:00:01.229,1.09024,1.09045,0.75,0.75
2017.03.07 21:00:01.431,1.09024,1.09047,0.75,0.75
2017.03.07 21:00:02.888,1.09023,1.09046,0.75,0.75
2017.03.07 21:00:03.483,1.09022,1.09045,0.75,0.75
2017.03.07 21:00:05.217,1.09024,1.09045,0.75,0.75
2017.03.07 21:00:05.470,1.09024,1.09047,0.75,1.50
2017.03.07 21:00:05.737,1.09024,1.09045,0.75,0.75
2017.03.07 21:00:05.820,1.09023,1.09047,0.75,0.75
2017.03.07 21:00:07.298,1.09024,1.09048,0.75,0.75
2017.03.07 21:00:07.983,1.09026,1.09047,0.75,0.75
2017.03.07 21:00:10.620,1.09024,1.09048,0.75,0.75
2017.03.07 21:00:10.772,1.09027,1.09048,0.75,0.75
2017.03.07 21:00:12.154,1.09025,1.09049,0.75,0.75
2017.03.07 21:00:14.936,1.09026,1.09047,0.75,0.75
2017.03.07 21:00:19.147,1.09026,1.09049,0.75,1.12
2017.03.07 21:00:19.337,1.09033,1.09053,0.75,0.75
2017.03.07 21:00:19.388,1.09034,1.09055,0.75,0.75
2017.03.07 21:00:19.913,1.09034,1.09056,1.50,0.75
2017.03.07 21:00:20.580,1.09035,1.09056,0.75,0.75
2017.03.07 21:00:20.681,1.09039,1.09057,0.75,0.75
2017.03.07 21:00:21.024,1.09045,1.09063,0.75,0.75
2017.03.07 21:00:21.571,1.09045,1.09064,0.75,0.75
2017.03.07 21:00:22.212,1.09044,1.09064,0.75,0.75
2017.03.07 21:00:22.464,1.09044,1.09066,0.75,0.75
2017.03.07 21:00:22.970,1.09044,1.09067,0.75,0.75
2017.03.07 21:00:23.410,1.09045,1.09065,0.75,0.75
2017.03.07 21:00:23.511,1.09045,1.09067,0.75,0.75
2017.03.07 21:00:23.562,1.0905,1.09067,0.75,0.75
2017.03.07 21:00:23.612,1.09051,1.09069,0.75,0.75
2017.03.07 21:00:24.139,1.0905,1.09069,0.75,0.75
2017.03.07 21:00:24.497,1.0905,1.09071,0.75,0.75
2017.03.07 21:00:25.047,1.0905,1.0907,0.75,0.75
2017.03.07 21:00:25.343,1.09051,1.09072,0.75,0.75
2017.03.07 21:00:25.848,1.0905,1.09073,0.75,0.75
2017.03.07 21:00:26.392,1.09051,1.09074,0.75,1.50
2017.03.07 21:00:26.916,1.0905,1.09074,0.75,1.50
2017.03.07 21:00:27.459,1.09051,1.09074,0.75,1.50
2017.03.07 21:00:28.150,1.09051,1.09075,0.75,0.75
2017.03.07 21:00:28.788,1.09051,1.09074,0.75,0.75
2017.03.07 21:00:29.368,1.0905,1.09074,0.75,0.75
2017.03.07 21:00:29.900,1.09051,1.09074,0.75,0.75
2017.03.07 21:00:30.232,1.09051,1.09072,0.75,0.75
2017.03.07 21:00:30.857,1.0905,1.09072,0.75,0.75
2017.03.07 21:00:31.382,1.09051,1.09072,0.75,0.75
2017.03.07 21:00:31.916,1.0905,1.09072,0.75,0.75
2017.03.07 21:00:32.494,1.09051,1.09072,0.75,0.75
2017.03.07 21:00:35.353,1.0905,1.09072,0.75,0.75
2017.03.07 21:00:35.894,1.09051,1.09072,0.75,0.75
2017.03.07 21:00:36.505,1.0905,1.09072,0.75,0.75
2017.03.07 21:00:37.346,1.09051,1.09073,0.75,1.50
2017.03.07 21:00:37.926,1.0905,1.09073,1.50,1.50
2017.03.07 21:00:38.486,1.09051,1.09073,0.75,1.50
2017.03.07 21:00:40.347,1.09051,1.09072,0.75,0.75
2017.03.07 21:00:41.047,1.0905,1.09072,1.50,0.75
2017.03.07 21:00:41.728,1.09051,1.09073,0.75,0.75
2017.03.07 21:00:42.446,1.09051,1.09072,0.75,0.75
2017.03.07 21:00:46.136,1.09051,1.09073,0.75,0.75
2017.03.07 21:00:47.772,1.0905,1.09074,1.50,2.25
2017.03.07 21:00:48.391,1.09051,1.09073,0.75,0.75
2017.03.07 21:00:48.927,1.0905,1.09073,1.50,0.75
2017.03.07 21:00:50.699,1.09051,1.09073,0.75,0.75
2017.03.07 21:00:51.319,1.0905,1.09073,1.50,0.75
2017.03.07 21:00:52.319,1.09051,1.09073,0.75,0.75
2017.03.07 21:00:52.847,1.0905,1.09073,1.50,0.75
2017.03.07 21:00:53.389,1.09051,1.09073,0.75,0.75
2017.03.07 21:00:54.278,1.0905,1.09073,1.50,0.75
2017.03.07 21:00:56.289,1.09051,1.09073,0.75,0.75
2017.03.07 21:00:58.218,1.0905,1.09073,1.50,0.75
2017.03.07 21:00:59.306,1.09051,1.09073,0.75,0.75
2017.03.07 21:01:00.161,1.0905,1.09073,0.75,0.75
2017.03.07 21:01:00.741,1.0905,1.09074,0.75,0.75
2017.03.07 21:01:01.047,1.09052,1.09075,0.75,0.75
2017.03.07 21:01:03.521,1.0905,1.09075,0.75,0.75
2017.03.07 21:01:03.688,1.09051,1.09072,0.75,0.75
2017.03.07 21:01:07.824,1.09052,1.09074,0.75,0.75
2017.03.07 21:01:14.764,1.09052,1.09075,0.75,0.75
2017.03.07 21:01:14.865,1.09052,1.09077,0.75,0.75
2017.03.07 21:01:15.117,1.09053,1.09079,0.75,1.50
2017.03.07 21:01:15.218,1.09055,1.09078,0.75,0.75
2017.03.07 21:01:31.598,1.09055,1.09077,0.75,0.75
2017.03.07 21:01:31.699,1.09053,1.09078,1.12,0.75
2017.03.07 21:01:31.800,1.09054,1.0908,0.75,0.75
2017.03.07 21:01:31.901,1.09058,1.09081,0.75,0.75
2017.03.07 21:01:32.478,1.09059,1.09081,0.37,0.75
2017.03.07 21:01:35.341,1.09057,1.09081,0.75,0.75
2017.03.07 21:01:36.262,1.09056,1.09081,0.75,0.75
2017.03.07 21:01:47.063,1.09061,1.09083,1.42,0.75
2017.03.07 21:01:47.215,1.09066,1.0909,1.87,0.75
2017.03.07 21:01:47.569,1.09067,1.09088,1.87,0.75
2017.03.07 21:01:50.883,1.09068,1.09089,0.75,0.75
2017.03.07 21:01:51.392,1.09069,1.0909,1.12,0.75
2017.03.07 21:01:54.423,1.09069,1.09092,0.37,0.75
2017.03.07 21:02:04.911,1.09069,1.09091,0.37,0.75
2017.03.07 21:02:05.064,1.09069,1.09089,0.37,0.75
2017.03.07 21:02:05.115,1.09069,1.09091,0.37,0.75
2017.03.07 21:02:05.166,1.09066,1.09091,0.37,0.75
2017.03.07 21:02:05.679,1.09067,1.0909,0.75,0.75
2017.03.07 21:02:10.059,1.09066,1.0909,0.75,0.75
2017.03.07 21:02:10.110,1.09066,1.09088,1.12,0.75
2017.03.07 21:02:10.802,1.09067,1.09088,0.75,0.75
2017.03.07 21:02:12.014,1.09065,1.09089,0.75,0.75
2017.03.07 21:02:12.115,1.09066,1.09087,0.75,0.75
2017.03.07 21:02:12.623,1.09066,1.09086,0.75,0.75
2017.03.07 21:02:12.674,1.09064,1.09087,1.12,0.75
2017.03.07 21:02:12.826,1.09064,1.09085,1.12,0.75
2017.03.07 21:02:12.977,1.09062,1.09085,0.75,0.75
2017.03.07 21:02:14.970,1.09063,1.09086,0.75,0.75
2017.03.07 21:02:15.121,1.09065,1.09087,0.75,0.75
2017.03.07 21:02:15.428,1.09067,1.09088,0.75,0.75
2017.03.07 21:02:24.113,1.09066,1.0909,1.50,0.75
2017.03.07 21:02:24.164,1.09068,1.09089,0.75,0.75
2017.03.07 21:02:28.758,1.09067,1.09089,1.87,0.75
2017.03.07 21:02:33.727,1.09068,1.09089,0.75,0.75
2017.03.07 21:02:34.352,1.09069,1.09089,0.75,0.75
2017.03.07 21:02:36.248,1.09068,1.09089,1.12,0.75
2017.03.07 21:02:36.807,1.09069,1.09089,0.75,0.75
2017.03.07 21:02:37.437,1.09068,1.09089,1.12,0.75
2017.03.07 21:02:37.938,1.09069,1.09089,0.75,0.75
2017.03.07 21:02:39.461,1.09068,1.09089,0.75,0.75
2017.03.07 21:02:42.440,1.09069,1.09089,0.75,0.75
2017.03.07 21:02:43.459,1.09068,1.09089,0.75,0.75
2017.03.07 21:02:44.125,1.09069,1.09089,0.75,0.75
2017.03.07 21:02:46.521,1.09067,1.09089,2.62,0.75
2017.03.07 21:02:48.910,1.09068,1.0909,0.75,0.75
2017.03.07 21:02:49.061,1.0907,1.09091,0.37,0.75
2017.03.07 21:02:56.409,1.09069,1.09091,1.50,0.75
2017.03.07 21:02:58.136,1.09068,1.09091,0.75,1.12
2017.03.07 21:02:58.389,1.09062,1.09086,0.75,1.12
2017.03.07 21:02:58.440,1.09063,1.09084,0.75,0.75
2017.03.07 21:02:58.743,1.09062,1.09081,0.75,0.37
2017.03.07 21:03:00.129,1.09062,1.09083,0.75,1.12
2017.03.07 21:03:00.653,1.09062,1.09081,0.75,1.12
2017.03.07 21:03:00.721,1.09063,1.09084,0.75,0.75
2017.03.07 21:03:01.074,1.09064,1.09082,0.75,0.75
2017.03.07 21:03:01.125,1.09064,1.09084,0.75,1.12
2017.03.07 21:03:01.633,1.09063,1.09085,0.75,1.87
2017.03.07 21:03:02.143,1.09063,1.09084,0.75,0.75
2017.03.07 21:03:02.906,1.09063,1.09085,0.75,0.75
2017.03.07 21:03:03.314,1.09064,1.09087,0.75,0.75
2017.03.07 21:03:04.078,1.09065,1.09087,0.75,0.75
2017.03.07 21:03:04.614,1.09066,1.09087,0.75,0.75
2017.03.07 21:03:09.641,1.09064,1.09086,0.75,0.75
2017.03.07 21:03:18.208,1.09066,1.09087,0.75,0.75
2017.03.07 21:03:18.747,1.09065,1.09087,0.75,0.75
2017.03.07 21:03:29.587,1.09064,1.09086,0.75,0.75
2017.03.07 21:03:31.425,1.09064,1.09087,0.75,0.75
2017.03.07 21:03:34.695,1.09066,1.09087,0.75,0.75
2017.03.07 21:03:48.334,1.09064,1.09086,0.75,0.75
2017.03.07 21:03:48.485,1.09062,1.09086,2.25,0.75
2017.03.07 21:03:48.587,1.09064,1.09085,0.75,0.75
2017.03.07 21:03:53.223,1.09061,1.09084,0.75,0.75
2017.03.07 21:03:58.148,1.0906,1.09084,0.75,0.75
2017.03.07 21:03:58.198,1.09061,1.09082,0.75,1.12
2017.03.07 21:03:58.249,1.09058,1.09083,0.75,2.62
2017.03.07 21:03:58.401,1.09058,1.0908,0.75,0.75
2017.03.07 21:03:58.942,1.09057,1.0908,0.75,0.75
2017.03.07 21:04:00.544,1.09058,1.09081,0.75,0.75
2017.03.07 21:04:01.052,1.09057,1.09082,0.75,1.50
2017.03.07 21:04:07.201,1.09058,1.09082,1.00,1.50
2017.03.07 21:04:08.568,1.09056,1.09082,1.00,1.50
2017.03.07 21:04:16.828,1.09058,1.09082,1.00,1.00
2017.03.07 21:04:16.949,1.09059,1.09084,1.00,1.00
2017.03.07 21:04:18.022,1.0906,1.09082,1.00,1.00
2017.03.07 21:04:18.079,1.09061,1.09086,1.00,1.00
2017.03.07 21:04:18.599,1.09061,1.09087,1.00,1.00
2017.03.07 21:04:19.127,1.09062,1.09087,1.00,1.00
2017.03.07 21:04:20.661,1.09062,1.09086,1.00,1.00
2017.03.07 21:04:21.180,1.09063,1.09087,1.00,1.00
2017.03.07 21:04:21.725,1.09064,1.0909,1.00,2.62
2017.03.07 21:04:27.071,1.09066,1.0909,1.50,1.50
2017.03.07 21:04:27.122,1.09066,1.0909,1.50,1.00
2017.03.07 21:04:27.787,1.09067,1.09089,1.50,1.00
2017.03.07 21:04:28.448,1.09067,1.0909,1.00,1.00
2017.03.07 21:04:28.942,1.09069,1.09092,1.00,1.12
2017.03.07 21:04:29.581,1.0907,1.09092,1.00,1.00
2017.03.07 21:04:30.097,1.0907,1.09093,1.00,1.00
2017.03.07 21:04:30.735,1.09069,1.09093,1.00,1.00
2017.03.07 21:04:31.439,1.09069,1.09092,1.00,1.00
2017.03.07 21:04:31.988,1.09069,1.09093,1.00,1.00
2017.03.07 21:04:35.429,1.09069,1.09092,1.00,1.00
2017.03.07 21:04:36.090,1.09068,1.09092,1.00,1.00
2017.03.07 21:04:36.747,1.09068,1.09093,1.00,1.00
2017.03.07 21:04:37.357,1.09068,1.09092,1.00,1.00
2017.03.07 21:04:37.957,1.09068,1.09093,1.00,1.00
2017.03.07 21:04:38.858,1.09068,1.09092,1.00,1.00
2017.03.07 21:04:39.491,1.09068,1.09093,1.00,1.00
2017.03.07 21:04:40.446,1.09068,1.09092,1.00,1.00
2017.03.07 21:04:40.996,1.09068,1.09093,1.00,1.00
2017.03.07 21:04:43.450,1.09068,1.09092,1.00,1.00
2017.03.07 21:04:44.388,1.09068,1.09093,1.00,1.00
2017.03.07 21:04:47.449,1.09068,1.09092,1.00,1.00
2017.03.07 21:04:48.388,1.09068,1.09093,1.00,1.00
2017.03.07 21:04:49.807,1.09068,1.09092,1.00,1.00
2017.03.07 21:04:51.400,1.09068,1.09093,1.00,1.00
2017.03.07 21:04:52.390,1.09068,1.09092,1.00,1.00
2017.03.07 21:04:55.399,1.09068,1.09093,1.00,1.00
2017.03.07 21:04:55.940,1.09068,1.09092,1.00,1.00
2017.03.07 21:04:56.519,1.09068,1.09093,1.00,1.00
2017.03.07 21:04:57.518,1.09068,1.09092,1.00,1.00
2017.03.07 21:04:58.069,1.09068,1.09093,1.00,1.00
2017.03.07 21:04:58.991,1.09068,1.09092,1.00,1.00
2017.03.07 21:05:00.097,1.09068,1.09093,1.00,1.00
2017.03.07 21:05:00.738,1.09068,1.09092,1.00,1.00
2017.03.07 21:05:01.287,1.09068,1.09093,1.00,1.00
2017.03.07 21:05:01.811,1.09068,1.09092,1.00,1.00
2017.03.07 21:05:03.728,1.09068,1.09093,1.00,1.50
2017.03.07 21:05:06.766,1.09068,1.09089,1.00,1.00
2017.03.07 21:05:07.399,1.09068,1.0909,1.00,1.00
2017.03.07 21:05:08.358,1.09068,1.09089,1.00,1.00
2017.03.07 21:05:12.568,1.09068,1.0909,1.00,1.00
2017.03.07 21:05:15.946,1.09067,1.0909,1.00,1.00
2017.03.07 21:05:16.518,1.09066,1.0909,1.00,1.00
2017.03.07 21:05:17.717,1.09066,1.09089,1.00,1.00
2017.03.07 21:05:18.327,1.09066,1.0909,1.00,1.00
2017.03.07 21:05:18.960,1.09066,1.09089,1.00,1.00
2017.03.07 21:05:19.648,1.09066,1.0909,1.00,1.00
2017.03.07 21:05:20.348,1.09066,1.09089,1.00,1.00
2017.03.07 21:05:20.651,1.09068,1.09089,1.00,1.00
2017.03.07 21:05:21.317,1.09069,1.0909,1.00,1.00
2017.03.07 21:05:24.415,1.09069,1.09089,1.00,1.00
2017.03.07 21:05:25.619,1.09069,1.0909,1.00,1.00
2017.03.07 21:05:26.844,1.09069,1.09092,1.00,1.00
2017.03.07 21:05:27.075,1.09068,1.0909,1.00,1.00
2017.03.07 21:05:27.915,1.09067,1.09088,3.75,1.00
2017.03.07 21:05:30.998,1.09065,1.09088,2.25,1.00
2017.03.07 21:05:40.513,1.09065,1.09088,1.00,1.00
2017.03.07 21:05:41.055,1.09065,1.09089,1.00,1.50
2017.03.07 21:05:47.101,1.09064,1.09088,1.00,1.00
2017.03.07 21:05:47.303,1.09063,1.09085,1.00,1.00
2017.03.07 21:05:47.505,1.0906,1.09084,1.00,1.00
2017.03.07 21:05:47.556,1.09057,1.09084,1.00,1.00
2017.03.07 21:05:48.118,1.09057,1.09083,1.00,1.00
2017.03.07 21:05:48.371,1.09057,1.0908,1.00,1.00
2017.03.07 21:05:48.919,1.09056,1.0908,1.12,1.00
2017.03.07 21:05:49.467,1.09057,1.09081,1.00,1.00
2017.03.07 21:05:50.177,1.09055,1.0908,1.87,1.00
2017.03.07 21:05:50.814,1.09057,1.0908,1.00,1.00
2017.03.07 21:05:51.493,1.09055,1.0908,1.00,1.00
2017.03.07 21:05:52.435,1.09057,1.0908,1.00,1.00
2017.03.07 21:05:53.075,1.09057,1.09081,1.00,1.00
2017.03.07 21:05:53.476,1.09057,1.09079,2.25,1.00
2017.03.07 21:05:56.820,1.09056,1.09078,1.12,1.00
2017.03.07 21:05:57.747,1.09056,1.09077,1.50,1.00
2017.03.07 21:05:58.721,1.09056,1.09076,1.50,1.00
2017.03.07 21:06:00.049,1.09056,1.09077,1.50,1.00
2017.03.07 21:06:00.810,1.09056,1.09078,2.62,1.00
2017.03.07 21:06:01.470,1.09056,1.09077,2.62,1.00
2017.03.07 21:06:02.533,1.09057,1.09077,1.00,1.00
2017.03.07 21:06:04.388,1.09056,1.09077,2.62,1.00
2017.03.07 21:06:06.519,1.09057,1.09077,1.00,1.00
2017.03.07 21:06:07.614,1.09053,1.09075,2.25,1.00
2017.03.07 21:06:08.159,1.09053,1.09074,2.25,1.00
2017.03.07 21:06:18.106,1.09054,1.09077,1.87,1.00
2017.03.07 21:06:18.207,1.09059,1.0908,1.00,1.00
2017.03.07 21:06:18.313,1.09054,1.0908,1.87,1.50
2017.03.07 21:06:18.364,1.09056,1.0908,1.00,1.00
2017.03.07 21:06:18.415,1.09056,1.09076,1.00,1.00
2017.03.07 21:06:19.009,1.09056,1.09075,1.00,1.00
2017.03.07 21:06:19.593,1.09054,1.09075,1.37,1.00
2017.03.07 21:06:22.533,1.09056,1.09075,1.12,1.00
2017.03.07 21:06:23.051,1.09054,1.09075,1.50,1.00
2017.03.07 21:06:37.335,1.09055,1.09076,1.12,1.00
2017.03.07 21:06:43.225,1.09054,1.09075,2.25,1.00
2017.03.07 21:06:44.047,1.09055,1.09075,1.00,1.00
2017.03.07 21:06:44.579,1.09055,1.09076,1.12,1.00
2017.03.07 21:06:48.448,1.09054,1.09076,2.25,1.00
2017.03.07 21:06:48.999,1.09055,1.09076,1.00,1.00
2017.03.07 21:06:49.656,1.09054,1.09076,1.50,1.00
2017.03.07 21:06:51.765,1.09054,1.09076,2.25,1.00
2017.03.07 21:07:00.390,1.09054,1.09076,2.25,1.00
2017.03.07 21:07:02.907,1.09054,1.09075,2.25,1.00
2017.03.07 21:07:03.241,1.09053,1.09073,1.87,1.00
2017.03.07 21:07:05.342,1.09052,1.09072,1.50,1.00
2017.03.07 21:07:05.544,1.09045,1.09071,2.62,1.00
2017.03.07 21:07:05.618,1.09045,1.09071,2.25,1.00
2017.03.07 21:07:05.770,1.09044,1.09071,1.80,1.00
2017.03.07 21:07:05.871,1.09044,1.09069,1.80,1.00
2017.03.07 21:07:06.508,1.09044,1.0907,1.05,1.00
2017.03.07 21:07:08.036,1.09043,1.0907,1.42,1.00
2017.03.07 21:07:28.009,1.09043,1.0907,2.25,1.00
2017.03.07 21:07:28.351,1.09043,1.09068,2.25,1.00
2017.03.07 21:07:28.708,1.09043,1.09066,2.25,1.00
2017.03.07 21:07:30.707,1.09042,1.09064,2.25,1.00
2017.03.07 21:07:48.012,1.09042,1.09064,1.75,1.00
2017.03.07 21:07:48.669,1.09041,1.09063,1.75,1.00
2017.03.07 21:08:06.321,1.09042,1.09064,1.50,1.00
2017.03.07 21:08:06.624,1.09042,1.09063,2.25,1.00
2017.03.07 21:08:14.644,1.09042,1.09065,1.75,1.00
2017.03.07 21:08:14.898,1.09044,1.09067,1.42,1.00
2017.03.07 21:08:15.202,1.09044,1.09065,2.17,1.00
2017.03.07 21:08:22.335,1.09046,1.09064,1.00,1.00
2017.03.07 21:08:22.537,1.09046,1.09066,1.00,1.00
2017.03.07 21:08:23.069,1.09046,1.09065,1.00,1.00
2017.03.07 21:08:23.780,1.09046,1.09066,1.50,1.00
2017.03.07 21:08:23.831,1.09046,1.09068,1.50,1.00
2017.03.07 21:08:23.882,1.09049,1.09068,1.00,1.00
2017.03.07 21:08:24.390,1.0905,1.09067,1.00,1.00
2017.03.07 21:08:26.837,1.0905,1.09068,1.00,1.00
2017.03.07 21:08:35.063,1.09048,1.09068,1.00,1.00
2017.03.07 21:08:39.775,1.09047,1.09068,1.00,1.00
2017.03.07 21:08:39.877,1.09047,1.09068,1.87,1.00
2017.03.07 21:08:40.416,1.0905,1.09068,1.00,1.00
2017.03.07 21:08:41.030,1.09052,1.09068,1.00,1.00
2017.03.07 21:08:42.936,1.09051,1.09068,1.00,1.00
2017.03.07 21:08:43.438,1.09051,1.09069,1.00,1.00
2017.03.07 21:08:49.062,1.09047,1.09069,2.25,1.00
2017.03.07 21:08:57.679,1.09047,1.09068,2.25,1.00
2017.03.07 21:08:57.844,1.09047,1.09067,1.00,1.00
2017.03.07 21:08:58.102,1.09044,1.09065,1.75,1.00
2017.03.07 21:09:08.012,1.09047,1.09067,1.00,1.00
2017.03.07 21:09:08.063,1.09049,1.09067,1.12,1.00
2017.03.07 21:09:08.114,1.09049,1.09069,1.00,1.00
2017.03.07 21:09:08.476,1.09052,1.09073,1.75,1.00
2017.03.07 21:09:08.789,1.09063,1.0908,1.37,1.00
2017.03.07 21:09:08.890,1.09063,1.09082,1.50,1.00
2017.03.07 21:09:09.435,1.09063,1.09082,1.00,1.00
2017.03.07 21:09:10.816,1.09062,1.09082,3.75,1.00
2017.03.07 21:09:13.643,1.09062,1.09082,3.00,1.00
2017.03.07 21:09:13.693,1.09062,1.0908,2.25,1.00
2017.03.07 21:09:15.942,1.09062,1.09081,2.25,1.00
2017.03.07 21:09:18.151,1.09063,1.09083,1.12,1.00
2017.03.07 21:09:18.657,1.09063,1.09082,1.12,1.00
2017.03.07 21:09:28.087,1.09063,1.09082,2.25,1.00
2017.03.07 21:09:48.017,1.09063,1.09082,1.12,1.00
2017.03.07 21:09:58.319,1.09063,1.09081,1.87,1.00
2017.03.07 21:10:04.286,1.09063,1.09082,1.87,1.00
2017.03.07 21:10:04.846,1.09063,1.09081,1.87,1.00
2017.03.07 21:10:13.429,1.09063,1.09082,1.50,1.00
2017.03.07 21:10:14.326,1.09064,1.09082,1.00,1.00
2017.03.07 21:10:15.083,1.09063,1.09082,1.50,1.00
2017.03.07 21:10:17.228,1.09065,1.09082,1.00,1.00
2017.03.07 21:10:19.259,1.09064,1.09082,1.00,1.00
2017.03.07 21:10:19.309,1.09064,1.09084,1.00,1.00
2017.03.07 21:10:32.435,1.09063,1.09084,1.00,1.00
2017.03.07 21:10:34.284,1.09063,1.09083,1.00,1.00
2017.03.07 21:10:37.361,1.09062,1.09083,2.62,1.00
2017.03.07 21:10:37.971,1.09063,1.09083,1.00,1.00
2017.03.07 21:10:44.329,1.09064,1.09083,1.00,1.00
2017.03.07 21:10:45.082,1.09064,1.09082,1.00,1.00
2017.03.07 21:10:54.358,1.09065,1.09082,1.00,1.00
2017.03.07 21:10:54.690,1.09063,1.09082,1.00,1.00
2017.03.07 21:11:06.164,1.09064,1.09082,1.00,1.00
2017.03.07 21:11:09.696,1.09064,1.09081,1.00,1.00
2017.03.07 21:11:14.883,1.09064,1.09083,1.00,1.50
2017.03.07 21:11:20.279,1.09064,1.09085,1.00,1.50
2017.03.07 21:11:40.797,1.09064,1.09084,1.00,1.00
2017.03.07 21:11:53.137,1.09065,1.09084,1.00,1.00
2017.03.07 21:12:01.712,1.09063,1.09084,1.87,1.00
2017.03.07 21:12:02.192,1.09062,1.09082,1.00,1.00
2017.03.07 21:12:02.752,1.09061,1.09081,1.00,1.00
2017.03.07 21:12:13.342,1.09061,1.09082,1.00,1.00
2017.03.07 21:12:13.453,1.09061,1.09084,1.00,1.00
2017.03.07 21:12:13.756,1.09062,1.09082,1.00,1.00
2017.03.07 21:12:14.103,1.09062,1.0908,1.00,1.00
2017.03.07 21:12:14.847,1.09061,1.09079,1.00,1.00
2017.03.07 21:12:20.360,1.09062,1.09079,1.00,1.00
2017.03.07 21:12:20.613,1.0906,1.09078,1.00,1.00
2017.03.07 21:12:22.598,1.09059,1.09078,1.00,1.00
2017.03.07 21:12:23.152,1.09059,1.09077,1.00,1.00
2017.03.07 21:12:28.463,1.09058,1.09077,1.00,1.00
2017.03.07 21:12:36.311,1.09059,1.09077,1.00,1.00
2017.03.07 21:12:37.021,1.09059,1.09076,1.00,1.00
2017.03.07 21:12:37.731,1.09057,1.09076,1.00,1.00
2017.03.07 21:12:54.156,1.09055,1.09076,1.50,1.00
2017.03.07 21:13:00.045,1.09054,1.09076,1.00,1.00
2017.03.07 21:13:00.095,1.09053,1.09074,1.00,1.00
2017.03.07 21:13:00.798,1.09052,1.09073,1.00,1.00
2017.03.07 21:13:02.364,1.09052,1.09074,1.00,1.00
2017.03.07 21:13:02.737,1.09054,1.09073,1.00,1.00
2017.03.07 21:13:23.673,1.09053,1.09073,1.00,1.00
2017.03.07 21:13:55.551,1.09051,1.09074,1.87,1.00
2017.03.07 21:13:55.602,1.09052,1.09072,1.00,1.00
2017.03.07 21:13:55.703,1.09051,1.09074,1.50,1.00
2017.03.07 21:13:55.898,1.09052,1.09072,1.00,1.00
2017.03.07 21:13:56.484,1.09052,1.09071,1.00,1.00
2017.03.07 21:14:00.900,1.09054,1.09071,1.00,1.00
2017.03.07 21:14:08.301,1.09054,1.09072,1.00,1.00
2017.03.07 21:14:09.409,1.09055,1.09072,1.00,1.00
2017.03.07 21:14:09.939,1.09054,1.09071,1.00,1.00
2017.03.07 21:14:10.553,1.09055,1.09071,1.00,1.00
2017.03.07 21:14:10.857,1.09067,1.09081,1.00,1.00
2017.03.07 21:14:10.958,1.09067,1.09083,1.00,1.00
2017.03.07 21:14:11.591,1.09066,1.09082,1.12,1.00
2017.03.07 21:14:15.976,1.09066,1.09084,1.12,1.00
2017.03.07 21:14:16.027,1.09067,1.09086,1.00,1.50
2017.03.07 21:14:16.077,1.09069,1.09086,1.00,1.00
2017.03.07 21:14:16.482,1.09069,1.09084,1.00,1.00
2017.03.07 21:14:28.358,1.09069,1.09085,1.00,1.00
2017.03.07 21:14:36.432,1.09068,1.09085,1.00,1.00
2017.03.07 21:14:37.078,1.09069,1.09085,1.00,1.00
2017.03.07 21:14:38.189,1.09069,1.09089,1.00,1.00
2017.03.07 21:14:38.291,1.0907,1.09094,1.00,1.50
2017.03.07 21:14:38.875,1.0907,1.09093,1.00,1.12
2017.03.07 21:14:45.731,1.09069,1.09093,1.00,1.12
2017.03.07 21:14:49.265,1.0907,1.09093,1.00,1.12
2017.03.07 21:14:51.761,1.09068,1.09093,1.50,1.87
2017.03.07 21:14:51.915,1.09068,1.09093,1.00,2.25
2017.03.07 21:14:55.166,1.09068,1.0909,1.00,1.00
2017.03.07 21:14:57.745,1.09068,1.09091,1.00,1.12
2017.03.07 21:14:59.408,1.09068,1.0909,1.00,1.00
2017.03.07 21:15:00.164,1.09068,1.09092,1.00,1.37
2017.03.07 21:15:03.027,1.0907,1.09092,1.00,1.37
2017.03.07 21:15:16.277,1.09069,1.09093,1.00,1.50
2017.03.07 21:15:22.538,1.09068,1.09093,1.00,2.25
2017.03.07 21:15:26.475,1.09069,1.09093,1.00,2.25
2017.03.07 21:15:28.339,1.09066,1.09092,1.00,1.37
2017.03.07 21:15:28.542,1.09066,1.09089,1.00,1.00
2017.03.07 21:15:29.128,1.09066,1.09092,1.00,1.87
2017.03.07 21:15:29.947,1.09067,1.09092,1.00,1.87
2017.03.07 21:15:53.102,1.09067,1.09093,1.00,1.87
2017.03.07 21:15:55.132,1.09069,1.09093,1.00,1.50
2017.03.07 21:15:56.672,1.09068,1.09094,1.00,1.87
2017.03.07 21:15:57.445,1.0907,1.09094,1.00,1.87
2017.03.07 21:16:04.710,1.09069,1.09092,1.00,1.12
2017.03.07 21:16:12.609,1.09069,1.09093,1.00,1.12
2017.03.07 21:16:12.710,1.09067,1.09092,1.00,1.00
2017.03.07 21:16:13.440,1.09067,1.09093,1.00,1.00
2017.03.07 21:16:14.452,1.09067,1.09092,1.00,1.00
2017.03.07 21:16:14.502,1.09069,1.09093,1.00,1.12
2017.03.07 21:16:15.174,1.0907,1.09092,1.00,1.00
2017.03.07 21:16:19.308,1.0907,1.09093,1.00,1.12
2017.03.07 21:16:20.121,1.0907,1.09092,1.00,1.00
2017.03.07 21:16:21.378,1.0907,1.09093,1.00,1.00
2017.03.07 21:16:22.329,1.0907,1.09092,1.00,1.00
2017.03.07 21:16:22.928,1.0907,1.09093,1.00,1.00
2017.03.07 21:16:27.450,1.0907,1.09092,1.00,1.00
2017.03.07 21:16:27.916,1.09068,1.09092,1.00,1.00
2017.03.07 21:16:31.401,1.09068,1.09093,1.00,1.00
2017.03.07 21:16:35.435,1.09068,1.09092,1.00,1.00
2017.03.07 21:16:42.626,1.09068,1.09093,1.00,1.00
2017.03.07 21:16:43.748,1.09068,1.09092,1.00,1.00
2017.03.07 21:16:45.471,1.09068,1.09093,1.12,1.00
2017.03.07 21:16:46.428,1.09068,1.09092,1.00,1.00
2017.03.07 21:16:51.411,1.09068,1.09093,1.00,1.00
2017.03.07 21:16:52.410,1.09069,1.09096,1.00,1.12
2017.03.07 21:16:52.564,1.09071,1.09096,1.37,1.12
2017.03.07 21:16:52.868,1.09073,1.09096,1.37,1.00
2017.03.07 21:16:53.019,1.09071,1.09097,1.87,1.50
2017.03.07 21:17:00.477,1.09074,1.09097,1.00,1.50
2017.03.07 21:17:01.178,1.09074,1.09097,1.50,1.50
2017.03.07 21:17:01.373,1.09071,1.09097,2.25,1.50
2017.03.07 21:17:02.173,1.09071,1.09096,1.50,1.00
2017.03.07 21:17:07.797,1.09071,1.09097,1.00,1.00
2017.03.07 21:17:10.913,1.09071,1.09096,1.50,1.00
2017.03.07 21:17:38.782,1.0907,1.09095,2.25,1.00
2017.03.07 21:18:05.224,1.09071,1.09093,1.50,1.00
2017.03.07 21:18:22.564,1.09071,1.09092,1.50,1.00
2017.03.07 21:18:33.248,1.0907,1.09092,1.12,1.00
2017.03.07 21:18:33.858,1.09069,1.09091,1.00,1.00
2017.03.07 21:18:39.599,1.09068,1.09091,1.00,1.00
2017.03.07 21:18:39.914,1.0907,1.09091,1.00,1.00
2017.03.07 21:18:43.604,1.0907,1.09092,1.00,1.00
2017.03.07 21:18:45.228,1.0907,1.09093,1.12,1.00
2017.03.07 21:18:50.712,1.0907,1.09092,1.00,1.00
2017.03.07 21:19:02.135,1.0907,1.09093,1.00,1.00
2017.03.07 21:19:05.001,1.0907,1.09092,1.00,1.00
2017.03.07 21:19:06.747,1.0907,1.09091,1.00,1.00
2017.03.07 21:19:07.244,1.0907,1.09089,1.00,1.00
2017.03.07 21:19:17.321,1.0907,1.09093,1.00,1.00
2017.03.07 21:19:38.753,1.0907,1.09094,1.50,1.00
2017.03.07 21:19:39.700,1.09068,1.09094,1.50,1.00
2017.03.07 21:19:39.751,1.09067,1.09093,1.75,1.50
2017.03.07 21:19:39.821,1.09067,1.09092,1.00,1.37
2017.03.07 21:19:40.410,1.09067,1.09093,1.50,1.37
2017.03.07 21:19:41.071,1.09067,1.09093,1.50,1.00
2017.03.07 21:19:41.685,1.09067,1.09094,1.50,1.87
2017.03.07 21:19:44.838,1.09069,1.09094,1.00,1.12
2017.03.07 21:19:46.199,1.09072,1.09095,1.00,1.87
2017.03.07 21:19:46.579,1.09073,1.09091,1.00,1.00
2017.03.07 21:19:46.680,1.09073,1.09094,1.00,1.00
2017.03.07 21:19:47.319,1.09072,1.09094,1.00,1.00
2017.03.07 21:19:48.077,1.09073,1.09095,1.00,1.00
2017.03.07 21:19:48.618,1.09073,1.09094,1.00,1.00
2017.03.07 21:19:49.459,1.09073,1.09095,1.00,1.00
2017.03.07 21:19:50.931,1.09073,1.09094,1.00,1.00
2017.03.07 21:19:51.629,1.09073,1.09095,1.00,1.00
2017.03.07 21:19:53.228,1.09073,1.09094,1.00,1.00
2017.03.07 21:19:54.349,1.09073,1.09095,1.00,1.00
2017.03.07 21:19:55.391,1.09073,1.09094,1.00,1.00
2017.03.07 21:19:56.071,1.09073,1.09095,1.00,1.00
2017.03.07 21:19:59.467,1.09073,1.09094,1.00,1.00
2017.03.07 21:20:00.363,1.09073,1.09096,1.00,1.50
2017.03.07 21:20:04.787,1.09073,1.09097,1.00,1.12
2017.03.07 21:20:06.109,1.09073,1.09092,1.00,1.00
2017.03.07 21:20:08.426,1.09071,1.09092,1.50,1.00
2017.03.07 21:20:09.549,1.09071,1.0909,1.00,1.00
2017.03.07 21:20:11.200,1.09069,1.0909,1.00,1.00
2017.03.07 21:20:11.389,1.09067,1.09086,2.25,1.00
2017.03.07 21:20:11.443,1.09064,1.09086,1.50,1.50
2017.03.07 21:20:12.607,1.09063,1.09086,1.00,1.50
2017.03.07 21:20:12.708,1.09065,1.09088,1.00,1.00
2017.03.07 21:20:13.012,1.09067,1.09088,1.00,1.00
2017.03.07 21:20:13.316,1.09066,1.09085,1.00,1.00
2017.03.07 21:20:13.818,1.09067,1.09085,1.00,1.00
2017.03.07 21:20:16.246,1.09067,1.09084,1.00,1.00
2017.03.07 21:20:16.819,1.09066,1.09084,1.00,1.00
2017.03.07 21:20:17.378,1.09065,1.09084,1.00,1.00
2017.03.07 21:20:18.123,1.09065,1.09085,1.00,1.00
2017.03.07 21:20:20.169,1.09067,1.09083,1.00,1.00
2017.03.07 21:20:20.781,1.09067,1.09084,1.00,1.00
2017.03.07 21:20:23.513,1.09066,1.09084,1.00,1.00
2017.03.07 21:20:26.324,1.09066,1.09083,1.00,1.00
2017.03.07 21:20:32.157,1.09066,1.09082,1.00,1.00
2017.03.07 21:20:33.745,1.09066,1.09083,1.00,1.00
2017.03.07 21:20:33.846,1.09064,1.09083,1.00,1.00
2017.03.07 21:20:34.951,1.09061,1.09083,1.00,1.00
2017.03.07 21:20:35.053,1.09059,1.0908,1.00,1.00
2017.03.07 21:20:35.103,1.09057,1.0908,1.00,1.00
2017.03.07 21:20:35.356,1.09056,1.09078,1.00,1.00
2017.03.07 21:20:35.920,1.09057,1.09077,1.00,1.00
2017.03.07 21:20:37.355,1.09054,1.09076,1.00,1.00
2017.03.07 21:20:37.528,1.09054,1.09074,1.00,1.00
2017.03.07 21:20:37.579,1.09052,1.09073,1.00,1.50
2017.03.07 21:20:37.781,1.09051,1.09071,1.00,2.62
2017.03.07 21:20:37.883,1.09049,1.09071,1.00,3.00
2017.03.07 21:20:37.984,1.0905,1.0907,1.00,1.12
2017.03.07 21:20:38.035,1.09048,1.0907,1.50,1.12
2017.03.07 21:20:38.136,1.09048,1.09066,1.00,1.00
2017.03.07 21:20:38.481,1.09051,1.09067,1.00,1.00
2017.03.07 21:20:38.532,1.09049,1.09067,1.00,1.00
2017.03.07 21:20:39.356,1.09049,1.09069,1.00,1.50
2017.03.07 21:20:39.926,1.09049,1.09068,1.00,1.00
2017.03.07 21:20:41.513,1.0905,1.09068,1.00,1.00
2017.03.07 21:20:42.239,1.09051,1.09068,1.00,1.00
2017.03.07 21:20:43.660,1.09051,1.09069,1.00,1.00
2017.03.07 21:20:43.828,1.09051,1.09075,1.00,1.00
2017.03.07 21:20:43.879,1.09051,1.09073,1.00,1.00
2017.03.07 21:20:50.373,1.09052,1.09076,1.00,1.00
2017.03.07 21:20:51.223,1.09053,1.09076,1.00,1.00
2017.03.07 21:20:55.175,1.09054,1.09076,1.00,1.00
2017.03.07 21:20:55.346,1.09055,1.09079,1.00,1.12
2017.03.07 21:20:55.877,1.09056,1.09079,1.00,1.00
2017.03.07 21:20:59.451,1.09056,1.09081,1.00,1.50
2017.03.07 21:20:59.973,1.09057,1.09081,1.50,1.50
2017.03.07 21:21:20.868,1.09057,1.09082,1.00,1.00
2017.03.07 21:21:21.417,1.09057,1.09083,1.00,2.62
2017.03.07 21:21:27.589,1.09056,1.09083,1.00,1.87
2017.03.07 21:21:36.334,1.09058,1.09083,1.00,3.37
2017.03.07 21:21:36.852,1.09057,1.09083,1.00,3.37
2017.03.07 21:21:40.554,1.09059,1.09083,1.00,2.62
2017.03.07 21:21:41.142,1.09059,1.09082,1.00,1.00
2017.03.07 21:22:00.448,1.09066,1.09082,1.00,1.00
2017.03.07 21:22:00.499,1.09063,1.09084,1.00,1.37
2017.03.07 21:22:00.700,1.09068,1.0909,1.87,1.12
2017.03.07 21:22:00.751,1.09071,1.09094,1.00,1.75
2017.03.07 21:22:00.853,1.09071,1.09094,1.87,1.12
2017.03.07 21:22:00.903,1.09074,1.09094,1.00,1.12
2017.03.07 21:22:01.156,1.09075,1.09098,1.00,1.00
2017.03.07 21:22:01.660,1.09076,1.09099,1.00,1.00
2017.03.07 21:22:02.400,1.09075,1.09099,1.12,1.00
2017.03.07 21:22:04.292,1.09077,1.09099,1.00,1.00
2017.03.07 21:22:04.915,1.09078,1.09099,1.00,1.00
2017.03.07 21:22:08.388,1.09079,1.09099,1.00,1.00
2017.03.07 21:22:08.912,1.0908,1.09103,1.12,1.00
2017.03.07 21:22:09.114,1.09084,1.09103,1.00,1.00
2017.03.07 21:22:09.249,1.09084,1.09105,1.00,1.00
2017.03.07 21:22:09.887,1.09083,1.09105,1.00,1.00
2017.03.07 21:22:16.053,1.09082,1.09105,1.00,1.00
2017.03.07 21:22:16.104,1.09085,1.09108,1.00,1.00
2017.03.07 21:22:16.623,1.09084,1.09108,1.00,1.12
2017.03.07 21:22:17.183,1.09085,1.09108,1.00,1.12
2017.03.07 21:22:17.537,1.09084,1.09106,1.00,1.50
2017.03.07 21:22:17.935,1.09083,1.09103,1.00,1.00
2017.03.07 21:22:18.561,1.09081,1.09103,1.00,1.00
2017.03.07 21:22:19.109,1.09082,1.09103,1.00,1.00
2017.03.07 21:22:19.283,1.0908,1.09103,1.00,1.00
2017.03.07 21:22:19.751,1.09081,1.09103,1.37,1.00
2017.03.07 21:22:19.852,1.09083,1.09105,1.87,1.00
2017.03.07 21:22:19.904,1.09086,1.09105,1.00,1.00
2017.03.07 21:22:20.006,1.09085,1.09108,1.00,1.00
2017.03.07 21:22:21.572,1.09087,1.09108,1.00,1.00
2017.03.07 21:22:22.574,1.09085,1.09108,1.00,1.00
2017.03.07 21:22:23.191,1.09086,1.09108,1.00,1.00
2017.03.07 21:22:23.242,1.09088,1.09112,1.00,1.12
2017.03.07 21:22:23.293,1.09088,1.09112,1.37,1.12
2017.03.07 21:22:23.344,1.09088,1.09112,1.50,1.00
2017.03.07 21:22:23.496,1.09091,1.09112,1.00,1.00
2017.03.07 21:22:24.165,1.09091,1.09116,1.00,1.12
2017.03.07 21:22:24.947,1.09092,1.09116,1.00,1.00
2017.03.07 21:22:24.998,1.09092,1.09118,1.00,1.50
2017.03.07 21:22:25.150,1.09092,1.09116,1.00,1.00
2017.03.07 21:22:25.473,1.09092,1.09113,1.00,1.00
2017.03.07 21:22:25.575,1.09092,1.09116,1.00,1.00
2017.03.07 21:22:27.675,1.09092,1.09117,1.00,1.00
2017.03.07 21:22:28.460,1.09091,1.09115,1.00,1.00
2017.03.07 21:22:28.561,1.0909,1.09117,1.00,1.00
2017.03.07 21:22:28.611,1.0909,1.09113,1.00,1.00
2017.03.07 21:22:28.763,1.09088,1.09113,1.00,1.00
2017.03.07 21:22:29.015,1.09091,1.09113,1.37,1.00
2017.03.07 21:22:29.066,1.09094,1.09117,1.42,1.00
2017.03.07 21:22:29.168,1.09096,1.09115,1.00,1.12
2017.03.07 21:22:29.218,1.09092,1.09115,1.00,1.37
2017.03.07 21:22:29.269,1.09089,1.09111,1.00,1.87
2017.03.07 21:22:29.421,1.09086,1.0911,1.00,1.50
2017.03.07 21:22:29.825,1.09092,1.09116,1.00,1.50
2017.03.07 21:22:29.926,1.09092,1.09116,1.00,1.12
2017.03.07 21:22:30.742,1.09092,1.09117,1.00,1.00
2017.03.07 21:22:31.258,1.09092,1.09116,1.50,1.00
2017.03.07 21:22:31.778,1.09093,1.09117,1.00,1.00
2017.03.07 21:22:32.572,1.09093,1.09116,1.00,1.00
2017.03.07 21:22:33.297,1.09093,1.09117,1.00,1.00
2017.03.07 21:22:34.113,1.09093,1.09116,1.00,1.00
2017.03.07 21:22:34.651,1.09093,1.09117,1.00,1.00
2017.03.07 21:22:34.881,1.09091,1.09117,1.00,1.00
2017.03.07 21:22:35.388,1.09092,1.09118,1.00,1.12
2017.03.07 21:22:37.177,1.09092,1.09119,1.00,1.50
2017.03.07 21:22:37.700,1.09092,1.09118,1.00,1.00
2017.03.07 21:22:38.697,1.09092,1.09119,1.00,1.50
2017.03.07 21:22:39.395,1.09093,1.09119,1.00,1.50
2017.03.07 21:22:40.358,1.09093,1.09119,1.00,1.50
2017.03.07 21:22:44.725,1.09094,1.09119,1.00,1.37
2017.03.07 21:22:46.064,1.09092,1.09119,1.87,1.37
2017.03.07 21:22:48.484,1.09095,1.09119,1.00,1.37
2017.03.07 21:22:49.076,1.09094,1.09119,1.00,1.37
2017.03.07 21:22:49.960,1.09093,1.09118,1.12,1.12
2017.03.07 21:22:50.389,1.09095,1.09119,1.00,1.37
2017.03.07 21:22:50.490,1.09093,1.09119,1.12,1.37
2017.03.07 21:22:51.318,1.09094,1.09118,1.00,1.12
2017.03.07 21:22:52.047,1.09094,1.09119,1.00,1.12
2017.03.07 21:22:52.757,1.09094,1.09118,1.00,1.00
2017.03.07 21:22:54.428,1.09094,1.09119,1.00,1.12
2017.03.07 21:22:55.173,1.09095,1.09119,1.00,1.12
2017.03.07 21:22:55.676,1.09096,1.09118,1.00,1.00
2017.03.07 21:22:56.271,1.09095,1.09118,1.00,1.00
2017.03.07 21:22:56.779,1.09097,1.09119,1.00,1.00
2017.03.07 21:22:56.830,1.09097,1.09122,1.00,1.12
2017.03.07 21:22:57.032,1.09095,1.09122,1.87,1.12
2017.03.07 21:22:57.548,1.09096,1.09121,1.87,1.00
2017.03.07 21:22:58.148,1.09096,1.09122,1.00,1.12
2017.03.07 21:22:58.978,1.09096,1.09121,1.50,1.00
2017.03.07 21:23:00.399,1.09096,1.09122,1.12,1.50
2017.03.07 21:23:00.450,1.09096,1.09121,1.87,1.50
2017.03.07 21:23:00.551,1.09096,1.09122,1.12,1.12
2017.03.07 21:23:01.647,1.09096,1.09121,1.00,1.00
2017.03.07 21:23:02.229,1.09096,1.09122,1.00,1.12
2017.03.07 21:23:02.829,1.09096,1.09121,1.00,1.00
2017.03.07 21:23:03.498,1.09096,1.09122,1.00,1.50
2017.03.07 21:23:04.107,1.09096,1.09121,1.00,1.00
2017.03.07 21:23:04.698,1.09096,1.09122,1.00,1.50
2017.03.07 21:23:04.749,1.09094,1.09122,1.00,1.12
2017.03.07 21:23:05.258,1.09094,1.09121,1.00,1.00
2017.03.07 21:23:06.421,1.09094,1.09122,1.00,1.12
2017.03.07 21:23:06.930,1.09094,1.09121,1.00,1.00
2017.03.07 21:23:08.513,1.09093,1.09121,1.12,1.00
2017.03.07 21:23:09.019,1.09094,1.09121,1.00,1.50
2017.03.07 21:23:09.777,1.09094,1.09122,1.00,1.12
2017.03.07 21:23:10.629,1.09094,1.09121,1.00,1.00
2017.03.07 21:23:11.681,1.09094,1.09122,1.00,1.12
2017.03.07 21:23:12.401,1.09094,1.09121,1.00,1.00
2017.03.07 21:23:12.934,1.09095,1.09122,1.00,1.12
2017.03.07 21:23:13.947,1.09095,1.09121,1.00,1.00
2017.03.07 21:23:14.463,1.09096,1.09122,1.00,2.25
2017.03.07 21:23:15.413,1.09096,1.09122,1.00,1.50
2017.03.07 21:23:15.938,1.09096,1.09121,1.00,1.00
2017.03.07 21:23:16.415,1.09098,1.09121,1.00,1.00
2017.03.07 21:23:16.935,1.09097,1.09121,1.12,1.00
2017.03.07 21:23:17.451,1.09097,1.09122,1.12,1.00
2017.03.07 21:23:18.169,1.09098,1.09121,1.00,1.00
2017.03.07 21:23:18.748,1.09098,1.09122,1.50,1.00
2017.03.07 21:23:19.518,1.09098,1.09121,1.00,1.00
2017.03.07 21:23:20.028,1.09098,1.09122,1.00,1.00
2017.03.07 21:23:20.574,1.09098,1.09121,1.00,1.00
2017.03.07 21:23:21.118,1.09098,1.09122,1.00,1.00
2017.03.07 21:23:21.678,1.09098,1.09121,1.00,1.00
2017.03.07 21:23:21.996,1.09099,1.09122,1.00,1.00
2017.03.07 21:23:22.496,1.09101,1.09125,1.12,1.00
2017.03.07 21:23:22.547,1.09104,1.09127,1.00,1.00
2017.03.07 21:23:22.649,1.09104,1.09131,1.00,1.87
2017.03.07 21:23:22.801,1.09101,1.09131,1.37,1.87
2017.03.07 21:23:23.773,1.09102,1.09131,1.87,1.00
2017.03.07 21:23:23.925,1.091,1.09129,1.50,1.37
2017.03.07 21:23:25.918,1.09102,1.09125,1.12,1.00
2017.03.07 21:23:26.520,1.09102,1.09127,1.12,1.50
2017.03.07 21:23:27.929,1.09101,1.09126,1.37,1.50
2017.03.07 21:23:28.501,1.09101,1.09126,1.00,1.50
2017.03.07 21:23:29.541,1.09101,1.09127,1.00,1.50
2017.03.07 21:23:30.215,1.09101,1.09126,1.50,1.50
2017.03.07 21:23:30.580,1.09103,1.09126,1.00,1.00
2017.03.07 21:23:31.085,1.09102,1.09126,1.00,1.00
2017.03.07 21:23:32.618,1.09102,1.09127,1.00,1.00
2017.03.07 21:23:33.167,1.09102,1.09126,1.00,1.00
2017.03.07 21:23:33.615,1.09105,1.09126,1.50,1.12
2017.03.07 21:23:36.060,1.09106,1.09128,1.00,1.87
2017.03.07 21:23:42.972,1.09106,1.0913,1.00,1.37
2017.03.07 21:23:44.482,1.09105,1.0913,2.25,1.37
2017.03.07 21:23:46.911,1.09105,1.0913,2.25,1.12
2017.03.07 21:23:49.842,1.09104,1.09128,1.00,1.87
2017.03.07 21:23:52.662,1.09103,1.09126,1.00,1.37
2017.03.07 21:23:53.178,1.09104,1.09127,1.00,1.87
2017.03.07 21:23:54.043,1.09104,1.09126,1.00,1.37
2017.03.07 21:23:55.072,1.09104,1.09126,1.00,1.12
2017.03.07 21:23:55.224,1.09104,1.09128,1.00,1.87
2017.03.07 21:23:55.763,1.09106,1.09131,1.00,3.37
2017.03.07 21:23:56.268,1.09107,1.09128,1.00,1.12
2017.03.07 21:23:56.811,1.09107,1.09127,1.00,1.00
2017.03.07 21:23:57.504,1.09107,1.09128,1.00,1.12
2017.03.07 21:24:00.146,1.09107,1.09131,1.00,1.87
2017.03.07 21:24:00.316,1.09107,1.09131,1.00,1.12
2017.03.07 21:24:00.529,1.09107,1.09131,1.12,1.37
2017.03.07 21:24:01.139,1.09106,1.09128,1.87,1.00
2017.03.07 21:24:01.651,1.09106,1.09129,1.87,1.12
2017.03.07 21:24:02.309,1.09106,1.09128,1.87,1.00
2017.03.07 21:24:02.887,1.09106,1.09129,1.87,1.12
2017.03.07 21:24:03.630,1.09106,1.09128,1.87,1.00
2017.03.07 21:24:04.441,1.09106,1.09129,1.87,1.12
2017.03.07 21:24:05.730,1.09106,1.09128,1.87,1.00
2017.03.07 21:24:06.858,1.09106,1.09129,1.87,1.12
2017.03.07 21:24:08.439,1.09106,1.09128,1.87,1.00
2017.03.07 21:24:09.837,1.09106,1.09129,1.87,1.12
2017.03.07 21:24:10.887,1.09106,1.09128,1.87,1.00
2017.03.07 21:24:14.021,1.09106,1.09129,1.00,1.12
2017.03.07 21:24:14.540,1.09106,1.09128,1.00,1.12
2017.03.07 21:24:18.329,1.09108,1.09129,1.00,1.37
2017.03.07 21:24:18.431,1.09106,1.09129,2.25,1.37
2017.03.07 21:24:20.225,1.09107,1.09129,1.00,1.12
2017.03.07 21:24:20.326,1.09111,1.09135,1.00,1.12
2017.03.07 21:24:20.529,1.09108,1.09131,1.00,1.12
2017.03.07 21:24:20.630,1.09106,1.09131,1.87,1.00
2017.03.07 21:24:20.984,1.0911,1.09134,1.00,3.37
2017.03.07 21:24:21.035,1.0911,1.09134,1.00,1.00
2017.03.07 21:24:21.185,1.09107,1.09135,3.00,3.37
2017.03.07 21:24:21.488,1.09106,1.09129,1.00,1.37
2017.03.07 21:24:23.263,1.09106,1.09131,1.00,1.00
2017.03.07 21:24:23.633,1.09106,1.09131,1.00,1.37
2017.03.07 21:24:24.052,1.09106,1.09131,1.00,1.00
2017.03.07 21:24:25.130,1.09106,1.09132,1.00,1.00
2017.03.07 21:24:25.788,1.09106,1.09131,1.50,1.00
2017.03.07 21:24:26.429,1.09106,1.09132,1.50,1.00
2017.03.07 21:24:26.948,1.09106,1.09131,1.50,1.00
2017.03.07 21:24:27.818,1.09106,1.09132,1.00,1.00
2017.03.07 21:24:28.358,1.09106,1.09131,1.00,1.00
2017.03.07 21:24:29.288,1.09106,1.09132,1.00,1.00
2017.03.07 21:24:29.548,1.09106,1.09135,1.00,1.87
2017.03.07 21:24:39.822,1.09106,1.09131,1.00,1.00
2017.03.07 21:24:40.358,1.09105,1.09132,1.00,1.87
2017.03.07 21:24:40.680,1.09108,1.09134,1.00,1.37
2017.03.07 21:24:40.731,1.09108,1.09135,1.00,1.12
2017.03.07 21:24:41.249,1.09108,1.09134,1.00,1.00
2017.03.07 21:24:41.355,1.09103,1.09129,1.37,1.00
2017.03.07 21:24:41.405,1.09101,1.09129,1.87,1.37
2017.03.07 21:24:41.607,1.09103,1.09127,1.00,1.00
2017.03.07 21:24:41.709,1.09101,1.09128,1.00,1.00
2017.03.07 21:24:42.261,1.09102,1.09128,1.00,1.12
2017.03.07 21:24:44.712,1.09102,1.09127,1.00,1.00
2017.03.07 21:24:47.264,1.09101,1.09127,1.00,1.00
2017.03.07 21:24:47.316,1.09103,1.09129,1.00,1.12
2017.03.07 21:24:47.820,1.09103,1.0913,1.00,1.50
2017.03.07 21:24:49.030,1.09103,1.09129,1.00,1.00
2017.03.07 21:24:56.081,1.09103,1.0913,1.00,1.12
2017.03.07 21:24:56.418,1.09103,1.09128,1.00,1.00
2017.03.07 21:24:57.068,1.09104,1.09128,1.00,1.00
2017.03.07 21:25:00.452,1.09104,1.0913,1.00,1.12
2017.03.07 21:25:01.011,1.09104,1.09129,1.00,1.00
2017.03.07 21:25:01.539,1.09104,1.0913,1.00,1.12
2017.03.07 21:25:02.061,1.09104,1.09129,1.00,1.00
2017.03.07 21:25:02.711,1.09104,1.0913,1.00,1.12
2017.03.07 21:25:03.439,1.09104,1.09129,1.00,1.00
2017.03.07 21:25:04.809,1.09104,1.0913,1.00,1.12
2017.03.07 21:25:05.342,1.09104,1.09129,1.00,1.00
2017.03.07 21:25:06.443,1.09104,1.0913,1.00,1.12
2017.03.07 21:25:07.147,1.09104,1.09129,1.00,1.00
2017.03.07 21:25:07.754,1.09104,1.0913,1.00,1.12
2017.03.07 21:25:08.618,1.09104,1.09129,1.00,1.00
2017.03.07 21:25:09.200,1.09104,1.0913,1.00,1.12
2017.03.07 21:25:10.697,1.09104,1.09129,1.00,1.00
2017.03.07 21:25:11.489,1.09104,1.0913,1.00,1.12
2017.03.07 21:25:12.108,1.09105,1.09129,1.00,1.00
2017.03.07 21:25:12.637,1.09104,1.09129,1.00,1.00
2017.03.07 21:25:12.839,1.09104,1.09129,1.00,1.37
2017.03.07 21:25:13.012,1.09104,1.09129,1.00,1.12
2017.03.07 21:25:18.290,1.09104,1.09129,1.00,1.37
2017.03.07 21:25:20.351,1.09104,1.09129,1.00,1.50
2017.03.07 21:25:20.742,1.09102,1.09129,1.00,1.50
2017.03.07 21:25:24.189,1.09101,1.09127,1.50,1.12
2017.03.07 21:25:24.501,1.09097,1.09119,1.00,1.00
2017.03.07 21:25:25.018,1.09098,1.09121,1.00,1.37
2017.03.07 21:25:25.372,1.09098,1.09122,1.00,1.37
2017.03.07 21:25:26.144,1.091,1.09122,1.00,1.37
2017.03.07 21:25:26.668,1.091,1.09124,1.00,3.75
2017.03.07 21:25:31.993,1.091,1.09123,1.00,1.00
2017.03.07 21:25:33.772,1.09099,1.09123,1.00,1.00
2017.03.07 21:25:35.599,1.091,1.09123,1.00,1.00
2017.03.07 21:25:39.143,1.09098,1.09123,1.00,1.00
2017.03.07 21:25:44.408,1.091,1.09126,1.00,1.75
2017.03.07 21:25:44.459,1.09099,1.09126,1.00,1.12
2017.03.07 21:25:44.510,1.09102,1.09126,1.00,1.12
2017.03.07 21:25:44.762,1.09102,1.09128,1.00,1.00
2017.03.07 21:25:45.488,1.09102,1.09129,1.00,2.62
2017.03.07 21:25:46.691,1.09102,1.09129,1.00,2.25
2017.03.07 21:25:47.317,1.09103,1.09128,1.00,1.37
2017.03.07 21:25:51.416,1.09102,1.09126,1.00,1.00
2017.03.07 21:25:51.669,1.09102,1.09128,1.50,1.00
2017.03.07 21:25:53.226,1.09102,1.09127,1.50,1.00
2017.03.07 21:25:53.533,1.09102,1.09129,1.50,1.12
2017.03.07 21:25:53.742,1.09102,1.09128,1.50,1.75
2017.03.07 21:25:53.894,1.09101,1.09129,1.87,1.37
2017.03.07 21:25:53.945,1.09103,1.09129,1.00,1.37
2017.03.07 21:25:54.451,1.09104,1.0913,1.00,1.87
2017.03.07 21:25:56.141,1.09112,1.0913,1.00,1.87
2017.03.07 21:25:56.444,1.09114,1.0913,1.00,1.50
2017.03.07 21:25:56.996,1.09114,1.09129,1.00,1.00
2017.03.07 21:25:57.047,1.09114,1.09131,1.00,1.00
2017.03.07 21:26:00.378,1.09114,1.09132,1.00,1.12
2017.03.07 21:26:00.580,1.09112,1.09139,1.00,1.00
2017.03.07 21:26:00.782,1.0912,1.0914,1.00,1.12
2017.03.07 21:26:00.933,1.09112,1.09137,1.00,1.75
2017.03.07 21:26:00.984,1.09112,1.09134,1.00,1.37
2017.03.07 21:26:01.035,1.0911,1.09133,1.00,1.37
2017.03.07 21:26:01.136,1.09107,1.09134,1.00,2.25
2017.03.07 21:26:01.187,1.09107,1.09133,1.00,1.00
2017.03.07 21:26:01.238,1.09107,1.09133,1.50,1.75
2017.03.07 21:26:01.744,1.09108,1.09131,1.00,1.50
2017.03.07 21:26:02.742,1.09105,1.09133,1.00,1.75
2017.03.07 21:26:02.950,1.09108,1.09129,1.00,1.50
2017.03.07 21:26:03.455,1.09108,1.09129,1.00,1.37
2017.03.07 21:26:03.930,1.09106,1.09128,1.00,1.00
2017.03.07 21:26:03.980,1.09108,1.09128,1.00,1.12
2017.03.07 21:26:04.031,1.09106,1.09128,1.00,1.12
2017.03.07 21:26:04.634,1.09106,1.09129,1.00,1.12
2017.03.07 21:26:06.058,1.09106,1.09131,1.00,1.00
2017.03.07 21:26:06.617,1.09106,1.09132,1.50,1.87
2017.03.07 21:26:07.118,1.09106,1.09131,1.50,1.00
2017.03.07 21:26:08.397,1.09106,1.09132,1.50,1.12
2017.03.07 21:26:08.939,1.09107,1.09132,1.00,1.87
2017.03.07 21:26:11.050,1.09107,1.09132,1.00,1.00
2017.03.07 21:26:11.707,1.09107,1.09132,1.00,1.87
2017.03.07 21:26:11.758,1.09107,1.09132,1.00,1.12
2017.03.07 21:26:12.325,1.09107,1.09132,1.00,1.37
2017.03.07 21:26:12.526,1.09107,1.09128,1.00,1.00
2017.03.07 21:26:17.655,1.09107,1.0913,1.00,1.00
2017.03.07 21:26:21.277,1.09107,1.09128,1.00,1.00
2017.03.07 21:26:21.886,1.09107,1.09129,1.00,1.00
2017.03.07 21:26:25.878,1.09107,1.09128,1.00,1.00
2017.03.07 21:26:25.928,1.09107,1.0913,1.00,1.00
2017.03.07 21:26:28.682,1.09107,1.09129,1.00,1.00
2017.03.07 21:26:29.408,1.09106,1.09129,1.50,1.00
2017.03.07 21:26:38.332,1.09106,1.09128,1.50,1.00
2017.03.07 21:26:47.398,1.09106,1.09127,1.00,1.00
2017.03.07 21:26:47.937,1.09105,1.09127,1.00,1.00
2017.03.07 21:26:51.542,1.09105,1.09125,1.50,1.00
2017.03.07 21:26:53.164,1.09105,1.09122,1.00,1.00
2017.03.07 21:26:56.985,1.09105,1.09121,1.00,1.00
2017.03.07 21:27:00.751,1.09105,1.09122,1.00,1.00
2017.03.07 21:27:01.291,1.09105,1.09123,1.00,1.00
2017.03.07 21:27:01.937,1.09105,1.09124,1.00,1.00
2017.03.07 21:27:04.228,1.09108,1.09124,1.00,1.00
2017.03.07 21:27:04.759,1.09106,1.09124,1.00,1.00
2017.03.07 21:27:07.058,1.09104,1.09124,1.00,1.00
2017.03.07 21:27:07.546,1.09106,1.09124,1.00,1.00
2017.03.07 21:27:11.210,1.09106,1.09123,1.00,1.00
2017.03.07 21:27:14.768,1.09108,1.09123,1.00,1.00
2017.03.07 21:27:18.027,1.09108,1.09122,1.00,1.00
2017.03.07 21:27:18.078,1.09105,1.09121,1.00,1.00
2017.03.07 21:27:18.129,1.09102,1.09121,1.37,1.00
2017.03.07 21:27:18.180,1.09102,1.09119,1.37,1.00
2017.03.07 21:27:18.231,1.09099,1.09117,1.12,1.12
2017.03.07 21:27:18.433,1.09097,1.09115,1.00,1.00
2017.03.07 21:27:18.686,1.09095,1.09115,1.50,1.00
2017.03.07 21:27:19.269,1.09094,1.09115,1.00,1.00
2017.03.07 21:27:19.923,1.09094,1.09114,1.00,1.00
2017.03.07 21:27:22.814,1.09095,1.09119,1.00,1.00
2017.03.07 21:27:22.865,1.091,1.09121,1.00,1.00
2017.03.07 21:27:23.168,1.09102,1.09121,1.00,1.00
2017.03.07 21:27:25.486,1.09102,1.0912,1.00,1.00
2017.03.07 21:27:26.009,1.09101,1.09119,1.00,1.00
2017.03.07 21:27:26.130,1.09101,1.09121,1.00,1.00
2017.03.07 21:27:31.479,1.09102,1.09121,2.25,1.00
2017.03.07 21:27:32.064,1.09103,1.0912,3.00,1.00
2017.03.07 21:27:32.478,1.09103,1.09122,3.00,1.00
2017.03.07 21:27:32.528,1.09103,1.0912,1.00,1.00
2017.03.07 21:27:32.781,1.09101,1.09119,1.00,1.00
2017.03.07 21:27:33.894,1.091,1.09119,1.00,1.00
2017.03.07 21:27:36.099,1.091,1.09121,1.50,1.00
2017.03.07 21:27:36.402,1.09104,1.09121,1.00,1.00
2017.03.07 21:27:37.182,1.09104,1.09122,1.00,1.00
2017.03.07 21:27:38.422,1.09101,1.09122,1.00,1.00
2017.03.07 21:27:38.931,1.091,1.09121,1.00,1.00
2017.03.07 21:27:39.433,1.091,1.0912,1.00,1.00
2017.03.07 21:27:43.715,1.09101,1.0912,1.00,1.00
2017.03.07 21:27:49.032,1.09099,1.09119,1.00,1.00
2017.03.07 21:27:49.083,1.09094,1.09114,1.75,1.00
2017.03.07 21:27:49.387,1.0909,1.09108,1.00,1.00
2017.03.07 21:27:49.438,1.09088,1.09108,1.00,1.00
2017.03.07 21:27:49.614,1.09088,1.09106,1.00,1.00
2017.03.07 21:27:50.119,1.09088,1.09105,1.00,1.00
2017.03.07 21:27:50.472,1.09088,1.09107,1.00,1.00
2017.03.07 21:27:50.624,1.09089,1.09109,1.00,1.00
2017.03.07 21:27:50.725,1.09089,1.09111,1.00,1.00
2017.03.07 21:27:50.776,1.09091,1.0911,1.00,1.00
2017.03.07 21:27:51.457,1.0909,1.0911,1.50,1.00
2017.03.07 21:27:52.748,1.09089,1.0911,1.00,1.00
2017.03.07 21:27:53.498,1.09089,1.09109,1.00,1.00
2017.03.07 21:27:54.031,1.09089,1.09108,1.00,1.00
2017.03.07 21:27:54.414,1.09087,1.09108,1.00,1.00
2017.03.07 21:27:54.988,1.09088,1.09108,1.00,1.00
2017.03.07 21:27:56.298,1.09089,1.09108,1.00,1.00
2017.03.07 21:27:56.840,1.09088,1.09108,1.00,1.00
2017.03.07 21:27:58.528,1.09089,1.09108,1.00,1.00
2017.03.07 21:28:00.317,1.0909,1.09108,1.00,1.00
2017.03.07 21:28:00.469,1.09087,1.09107,1.50,1.00
2017.03.07 21:28:00.621,1.09089,1.09107,1.00,1.00
2017.03.07 21:28:01.164,1.09089,1.09108,1.00,1.00
2017.03.07 21:28:02.654,1.09088,1.09106,1.00,1.00
2017.03.07 21:28:06.968,1.09086,1.09106,1.00,1.00
2017.03.07 21:28:07.733,1.09087,1.09106,1.00,1.00
2017.03.07 21:28:08.028,1.09086,1.09108,1.00,1.00
2017.03.07 21:28:08.230,1.09089,1.0911,1.00,1.00
2017.03.07 21:28:08.739,1.09088,1.09109,1.00,1.00
2017.03.07 21:28:09.487,1.09087,1.09109,1.00,1.00
2017.03.07 21:28:10.526,1.09088,1.09109,1.00,1.00
2017.03.07 21:28:16.072,1.09087,1.09109,1.00,1.00
2017.03.07 21:28:16.930,1.09087,1.09107,1.00,1.00
2017.03.07 21:28:26.961,1.09088,1.09107,1.00,1.00
2017.03.07 21:28:27.508,1.09087,1.09107,1.00,1.00
2017.03.07 21:28:44.764,1.09087,1.09108,1.00,1.00
2017.03.07 21:28:48.459,1.09088,1.09108,1.00,1.00
2017.03.07 21:28:53.189,1.09089,1.09108,1.00,1.00
2017.03.07 21:28:54.591,1.09087,1.09108,1.00,1.00
2017.03.07 21:28:57.300,1.09087,1.09109,1.00,1.00
2017.03.07 21:28:58.243,1.09088,1.09109,1.50,1.00
2017.03.07 21:28:58.756,1.09088,1.0911,1.50,1.00
2017.03.07 21:29:00.097,1.09088,1.09109,1.00,1.00
2017.03.07 21:29:00.847,1.09089,1.09109,1.00,1.00
2017.03.07 21:29:08.808,1.09088,1.09109,1.12,1.00
2017.03.07 21:29:11.021,1.09089,1.09109,1.00,1.00
2017.03.07 21:29:11.176,1.0909,1.09111,1.00,1.00
2017.03.07 21:29:11.810,1.09091,1.09111,1.00,1.00
2017.03.07 21:29:11.911,1.09088,1.0911,1.12,1.00
2017.03.07 21:29:12.012,1.09087,1.09108,1.50,1.00
2017.03.07 21:29:12.620,1.09089,1.09107,1.00,1.00
2017.03.07 21:29:21.015,1.0909,1.09109,1.00,1.00
2017.03.07 21:29:21.167,1.09089,1.09112,2.25,1.00
2017.03.07 21:29:21.218,1.09091,1.09112,1.00,1.00
2017.03.07 21:29:21.521,1.09088,1.09108,1.00,1.00
2017.03.07 21:29:21.930,1.09086,1.09104,1.00,1.00
2017.03.07 21:29:22.436,1.09085,1.09103,1.00,1.00
2017.03.07 21:29:22.970,1.09086,1.09104,1.00,1.00
2017.03.07 21:29:31.014,1.09087,1.09105,1.00,1.00
2017.03.07 21:29:31.065,1.09087,1.09107,1.00,1.00
2017.03.07 21:29:31.594,1.09088,1.09105,1.00,1.00
2017.03.07 21:29:31.918,1.09087,1.09103,1.00,1.00
2017.03.07 21:29:32.019,1.09083,1.09103,1.00,1.00
2017.03.07 21:29:32.161,1.09082,1.09101,1.50,1.00
2017.03.07 21:29:32.747,1.09083,1.09101,1.00,1.00
2017.03.07 21:29:33.232,1.09085,1.09102,1.00,1.00
2017.03.07 21:29:33.333,1.09085,1.09107,1.00,1.00
2017.03.07 21:29:33.929,1.09086,1.09107,1.00,1.00
2017.03.07 21:29:36.394,1.09087,1.09107,1.00,1.00
2017.03.07 21:29:37.331,1.09088,1.09108,1.00,1.00
2017.03.07 21:29:37.533,1.0909,1.09111,1.12,1.00
2017.03.07 21:29:37.584,1.09092,1.09115,1.12,1.00
2017.03.07 21:29:37.635,1.09095,1.09115,1.37,1.00
2017.03.07 21:29:37.888,1.09093,1.09116,2.62,1.00
2017.03.07 21:29:38.143,1.09096,1.09116,1.05,1.00
2017.03.07 21:29:38.295,1.09098,1.09119,1.00,1.00
2017.03.07 21:29:38.396,1.09098,1.09119,1.50,1.00
2017.03.07 21:29:41.067,1.09098,1.09122,1.50,1.37
2017.03.07 21:29:41.263,1.09103,1.09128,2.92,1.00
2017.03.07 21:29:41.314,1.09108,1.0913,2.17,1.37
2017.03.07 21:29:41.365,1.09107,1.09132,2.92,1.00
2017.03.07 21:29:41.466,1.09109,1.09133,1.00,1.50
2017.03.07 21:29:41.923,1.09107,1.09132,1.75,1.75
2017.03.07 21:29:42.226,1.09112,1.09133,1.00,1.75
2017.03.07 21:29:42.491,1.09109,1.09132,1.37,1.75
2017.03.07 21:29:43.225,1.09111,1.09135,1.00,2.25
2017.03.07 21:29:43.276,1.09112,1.09137,1.67,1.75
2017.03.07 21:29:43.327,1.09117,1.09139,1.00,1.12
2017.03.07 21:29:43.428,1.0912,1.09139,1.12,1.12
2017.03.07 21:29:43.681,1.09119,1.09143,1.75,1.87
2017.03.07 21:29:43.838,1.09118,1.09143,1.00,1.87
2017.03.07 21:29:44.421,1.09114,1.0914,2.25,1.00
2017.03.07 21:29:45.156,1.09115,1.09136,1.50,1.00
2017.03.07 21:29:45.663,1.09115,1.09135,1.00,1.00
2017.03.07 21:29:47.432,1.09113,1.09135,1.12,1.00
2017.03.07 21:29:47.857,1.09115,1.09135,1.00,1.00
2017.03.07 21:29:48.527,1.09113,1.09135,1.00,1.00
2017.03.07 21:29:49.038,1.09114,1.09135,1.00,1.00
2017.03.07 21:29:51.271,1.09114,1.09135,1.87,1.00
2017.03.07 21:29:51.589,1.09118,1.09135,1.00,1.00
2017.03.07 21:29:53.515,1.09117,1.09135,1.00,1.00
2017.03.07 21:29:54.021,1.09116,1.09134,1.00,1.00
2017.03.07 21:29:54.072,1.09116,1.09136,1.00,1.00
2017.03.07 21:29:54.366,1.09118,1.09136,1.00,1.00
2017.03.07 21:29:54.570,1.09116,1.09136,1.50,1.00
2017.03.07 21:29:55.119,1.09115,1.09136,1.00,1.00
2017.03.07 21:29:55.170,1.09118,1.09134,1.00,1.00
2017.03.07 21:29:55.221,1.09116,1.09134,1.00,1.00
2017.03.07 21:29:55.931,1.09116,1.09135,1.00,1.00
2017.03.07 21:29:56.581,1.09116,1.09134,1.00,1.00
2017.03.07 21:29:56.937,1.09116,1.09136,1.00,1.00
2017.03.07 21:29:57.448,1.09117,1.09136,1.00,1.00
2017.03.07 21:29:59.126,1.09117,1.09135,1.00,1.00
2017.03.07 21:29:59.697,1.09117,1.09136,1.00,1.00
2017.03.07 21:30:00.209,1.09116,1.09136,1.00,1.00
2017.03.07 21:30:00.520,1.09116,1.09134,1.00,1.00
2017.03.07 21:30:00.722,1.09116,1.09136,1.00,1.00
2017.03.07 21:30:00.926,1.09118,1.09135,1.00,1.00
2017.03.07 21:30:01.179,1.09116,1.09136,1.00,1.00
2017.03.07 21:30:01.663,1.09118,1.09136,1.00,1.00
2017.03.07 21:30:02.789,1.09116,1.09136,1.00,1.00
2017.03.07 21:30:02.891,1.09121,1.09141,1.87,1.50
2017.03.07 21:30:03.194,1.09126,1.09144,1.50,1.00
2017.03.07 21:30:03.768,1.09127,1.09144,1.00,1.00
2017.03.07 21:30:04.614,1.09127,1.09143,1.00,1.00
2017.03.07 21:30:04.717,1.09123,1.09143,1.00,1.00
2017.03.07 21:30:04.970,1.09125,1.09144,1.00,1.00
2017.03.07 21:30:05.227,1.09118,1.0914,1.00,1.00
2017.03.07 21:30:05.279,1.09118,1.09138,1.00,1.00
2017.03.07 21:30:05.532,1.09115,1.09138,1.00,1.00
2017.03.07 21:30:05.894,1.09115,1.09136,1.00,1.00
2017.03.07 21:30:06.247,1.09113,1.09138,1.00,1.50
2017.03.07 21:30:06.298,1.0911,1.09137,1.00,1.50
2017.03.07 21:30:06.349,1.09108,1.09135,1.50,1.37
2017.03.07 21:30:06.680,1.09114,1.09135,1.00,1.00
2017.03.07 21:30:06.842,1.09112,1.09135,1.00,1.00
2017.03.07 21:30:07.044,1.09114,1.09136,1.00,1.00
2017.03.07 21:30:07.400,1.09116,1.09136,1.00,1.00
2017.03.07 21:30:07.451,1.09114,1.09136,1.50,1.00
2017.03.07 21:30:08.028,1.09113,1.09136,1.00,1.00
2017.03.07 21:30:08.554,1.09113,1.09135,1.00,1.00
2017.03.07 21:30:09.315,1.09114,1.09135,1.00,1.00
2017.03.07 21:30:09.849,1.09113,1.09136,1.00,1.00
2017.03.07 21:30:10.440,1.09112,1.09136,1.50,1.00
2017.03.07 21:30:10.989,1.09113,1.09136,1.00,1.00
2017.03.07 21:30:11.712,1.09117,1.09137,1.12,1.00
2017.03.07 21:30:12.066,1.09115,1.09138,1.87,1.00
2017.03.07 21:30:12.218,1.09115,1.09138,2.62,1.00
2017.03.07 21:30:12.789,1.09118,1.09137,1.00,1.00
2017.03.07 21:30:13.234,1.09118,1.09139,1.00,1.00
2017.03.07 21:30:14.703,1.09117,1.09139,1.12,1.00
2017.03.07 21:30:15.261,1.09118,1.09139,1.00,1.00
2017.03.07 21:30:19.088,1.09117,1.09139,1.12,1.00
2017.03.07 21:30:19.271,1.09117,1.09141,1.12,1.00
2017.03.07 21:30:19.882,1.09118,1.09141,1.00,1.00
2017.03.07 21:30:20.217,1.09118,1.09139,1.00,1.00
2017.03.07 21:30:20.442,1.09118,1.09141,1.50,1.00
2017.03.07 21:30:20.960,1.09119,1.0914,1.00,1.00
2017.03.07 21:30:21.531,1.09118,1.09141,1.50,1.00
2017.03.07 21:30:21.909,1.09119,1.09143,1.00,1.00
2017.03.07 21:30:22.536,1.09118,1.09143,1.50,1.00
2017.03.07 21:30:23.402,1.09119,1.09143,1.00,1.00
2017.03.07 21:30:25.570,1.09118,1.09143,1.50,1.00
2017.03.07 21:30:26.166,1.09119,1.09143,1.00,1.00
2017.03.07 21:30:27.404,1.09118,1.09143,3.00,1.00
2017.03.07 21:30:27.943,1.09119,1.09143,1.00,1.00
2017.03.07 21:30:28.139,1.09118,1.09141,3.00,1.50
2017.03.07 21:30:28.444,1.09117,1.09139,1.50,1.50
2017.03.07 21:30:29.028,1.09118,1.09138,1.50,1.50
2017.03.07 21:30:29.530,1.09118,1.09139,1.00,1.00
2017.03.07 21:30:30.066,1.09117,1.09139,1.50,1.00
2017.03.07 21:30:30.392,1.09119,1.09139,1.00,1.00
2017.03.07 21:30:31.754,1.09121,1.09139,1.00,2.25
2017.03.07 21:30:32.399,1.0912,1.09139,1.00,2.25
2017.03.07 21:30:34.298,1.09121,1.09139,1.00,2.25
2017.03.07 21:30:34.865,1.0912,1.09139,1.00,2.25
2017.03.07 21:30:35.525,1.09121,1.09139,1.00,2.25
2017.03.07 21:30:36.186,1.0912,1.09139,1.00,2.25
2017.03.07 21:30:37.875,1.09118,1.09139,1.00,2.25
2017.03.07 21:30:38.606,1.09122,1.09138,1.87,1.00
2017.03.07 21:30:38.860,1.09122,1.09141,1.50,1.00
2017.03.07 21:30:38.932,1.09116,1.09141,1.00,1.00
2017.03.07 21:30:38.984,1.09114,1.09141,1.00,1.37
2017.03.07 21:30:39.035,1.09111,1.0914,2.62,1.12
2017.03.07 21:30:39.086,1.09112,1.09135,1.00,1.00
2017.03.07 21:30:39.439,1.0911,1.09134,1.00,1.00
2017.03.07 21:30:39.648,1.09107,1.09133,1.00,1.50
2017.03.07 21:30:39.699,1.09107,1.0913,1.00,1.00
2017.03.07 21:30:39.750,1.09104,1.0913,1.00,1.00
2017.03.07 21:30:39.902,1.09104,1.09128,1.50,1.00
2017.03.07 21:30:40.434,1.09108,1.09129,1.00,1.00
2017.03.07 21:30:41.045,1.09107,1.09129,1.00,1.00
2017.03.07 21:30:41.554,1.09106,1.09129,1.00,1.00
2017.03.07 21:30:42.224,1.09107,1.0913,1.00,1.00
2017.03.07 21:30:43.212,1.09106,1.0913,1.50,1.00
2017.03.07 21:30:43.728,1.09107,1.09131,1.00,1.00
2017.03.07 21:30:44.032,1.09113,1.09135,1.00,1.00
2017.03.07 21:30:44.335,1.09116,1.09136,1.00,1.00
2017.03.07 21:30:44.895,1.09115,1.09136,1.00,1.00
2017.03.07 21:30:45.452,1.09116,1.09137,1.00,1.00
2017.03.07 21:30:45.991,1.09115,1.09137,1.50,1.00
2017.03.07 21:30:46.764,1.09116,1.09137,1.50,1.00
2017.03.07 21:30:47.430,1.09115,1.09137,1.00,1.00
2017.03.07 21:30:47.760,1.09117,1.09137,1.00,1.00
2017.03.07 21:30:48.289,1.09116,1.09137,1.00,1.00
2017.03.07 21:30:48.807,1.09117,1.09137,1.00,1.00
2017.03.07 21:30:49.411,1.09116,1.09137,1.00,1.00
2017.03.07 21:30:49.988,1.09117,1.09137,1.00,1.00
2017.03.07 21:30:51.010,1.09116,1.09137,1.00,1.00
2017.03.07 21:30:51.544,1.09117,1.09137,1.00,1.00
2017.03.07 21:30:51.821,1.09114,1.09137,2.62,1.00
2017.03.07 21:30:52.074,1.09114,1.09139,1.00,1.00
2017.03.07 21:30:52.125,1.09113,1.09136,1.00,1.00
2017.03.07 21:30:52.521,1.09113,1.09134,1.00,1.00
2017.03.07 21:30:52.572,1.09109,1.09133,1.00,1.00
2017.03.07 21:30:52.724,1.0911,1.0913,1.00,1.00
2017.03.07 21:30:53.027,1.09112,1.09131,1.00,1.00
2017.03.07 21:30:53.591,1.09112,1.09132,1.00,1.00
2017.03.07 21:30:55.579,1.09112,1.09133,1.00,1.00
2017.03.07 21:30:58.240,1.09111,1.09133,1.00,1.00
2017.03.07 21:31:03.120,1.0911,1.09133,1.00,1.00
2017.03.07 21:31:03.629,1.0911,1.09132,1.00,1.00
2017.03.07 21:31:09.047,1.0911,1.09133,1.00,1.00
2017.03.07 21:31:11.683,1.09109,1.09131,1.00,1.00
2017.03.07 21:31:12.291,1.0911,1.09132,1.00,1.00
2017.03.07 21:31:12.952,1.0911,1.09133,1.00,1.00
2017.03.07 21:31:16.361,1.0911,1.09132,1.00,1.00
2017.03.07 21:31:18.492,1.09109,1.09133,1.00,1.00
2017.03.07 21:31:19.850,1.09108,1.09133,1.00,1.00
2017.03.07 21:31:21.563,1.09108,1.09134,2.25,1.00
2017.03.07 21:31:21.924,1.0911,1.09133,1.00,1.00
2017.03.07 21:31:25.463,1.09109,1.09133,1.00,1.00
2017.03.07 21:31:26.214,1.09109,1.09134,1.50,1.00
2017.03.07 21:31:26.755,1.0911,1.09134,1.00,1.00
2017.03.07 21:31:27.587,1.0911,1.09133,1.00,1.00
2017.03.07 21:31:29.344,1.09109,1.09133,1.00,1.00
2017.03.07 21:31:36.787,1.0911,1.09133,1.00,1.00
2017.03.07 21:31:41.693,1.0911,1.09134,1.00,1.00
2017.03.07 21:31:42.098,1.09109,1.09132,1.00,1.00
2017.03.07 21:31:42.865,1.0911,1.09131,1.00,1.00
2017.03.07 21:31:43.427,1.09109,1.09131,1.00,1.00
2017.03.07 21:31:44.128,1.0911,1.09131,1.00,1.00
2017.03.07 21:31:46.719,1.09109,1.09131,1.00,1.00
2017.03.07 21:31:47.389,1.09108,1.0913,1.50,1.00
2017.03.07 21:32:00.409,1.09109,1.0913,1.00,1.00
2017.03.07 21:32:01.350,1.09111,1.0913,1.87,1.00
2017.03.07 21:32:01.870,1.0911,1.0913,1.12,1.00
2017.03.07 21:32:02.161,1.0911,1.09132,1.87,1.00
2017.03.07 21:32:02.670,1.0911,1.09133,1.87,1.00
2017.03.07 21:32:03.449,1.0911,1.09133,1.12,1.00
2017.03.07 21:32:03.956,1.09109,1.09133,1.50,1.00
2017.03.07 21:32:04.510,1.09108,1.09133,1.50,1.50
2017.03.07 21:32:05.118,1.09109,1.09133,1.50,1.50
2017.03.07 21:32:05.219,1.0911,1.09133,1.37,1.50
2017.03.07 21:32:05.691,1.09111,1.09131,1.12,1.00
2017.03.07 21:32:05.969,1.09109,1.09131,1.50,1.00
2017.03.07 21:32:06.119,1.09109,1.09133,1.50,1.50
2017.03.07 21:32:06.631,1.09109,1.09132,1.50,1.00
2017.03.07 21:32:08.002,1.0911,1.09132,1.00,1.00
2017.03.07 21:32:08.612,1.0911,1.09131,1.00,1.00
2017.03.07 21:32:09.411,1.09109,1.09131,1.87,1.00
2017.03.07 21:32:10.038,1.0911,1.09131,1.00,1.00
2017.03.07 21:32:10.591,1.09109,1.09131,1.00,1.00
2017.03.07 21:32:17.470,1.09109,1.09129,1.00,1.00
2017.03.07 21:32:17.572,1.09109,1.09131,1.00,1.50
2017.03.07 21:32:20.263,1.09109,1.09129,1.00,1.00
2017.03.07 21:32:25.091,1.09108,1.09129,1.00,1.00
2017.03.07 21:32:26.638,1.09108,1.09129,1.87,1.00
2017.03.07 21:32:27.390,1.09109,1.09129,1.00,1.00
2017.03.07 21:32:33.331,1.09109,1.0913,1.00,1.50
2017.03.07 21:32:33.382,1.0911,1.09132,1.12,1.00
2017.03.07 21:32:33.433,1.09112,1.09132,1.00,1.00
2017.03.07 21:32:33.585,1.09112,1.09135,1.00,1.50
2017.03.07 21:32:35.389,1.09111,1.09135,1.00,1.50
2017.03.07 21:32:38.746,1.09112,1.09135,1.00,1.50
2017.03.07 21:32:38.797,1.09112,1.09132,1.00,1.00
2017.03.07 21:32:43.697,1.09113,1.09132,1.12,1.00
2017.03.07 21:32:45.541,1.09116,1.09132,1.00,1.00
2017.03.07 21:32:46.799,1.09116,1.09134,1.00,1.00
2017.03.07 21:32:47.358,1.09116,1.09135,1.00,1.50
2017.03.07 21:32:58.715,1.09115,1.09135,1.00,1.50
2017.03.07 21:32:59.116,1.09112,1.09135,1.87,1.50
2017.03.07 21:33:00.747,1.09115,1.09135,1.00,1.50
2017.03.07 21:33:02.400,1.09114,1.09135,1.00,1.00
2017.03.07 21:33:02.918,1.09115,1.09135,1.00,1.00
2017.03.07 21:33:07.139,1.09113,1.09135,1.87,1.50
2017.03.07 21:33:07.513,1.09116,1.09135,1.00,1.00
2017.03.07 21:33:07.817,1.0912,1.09137,1.50,1.00
2017.03.07 21:33:08.493,1.0912,1.09138,1.50,1.00
2017.03.07 21:33:14.407,1.0912,1.09139,1.00,1.50
2017.03.07 21:33:14.744,1.0912,1.09137,1.00,1.00
2017.03.07 21:33:15.520,1.0912,1.09138,1.50,1.00
2017.03.07 21:33:18.812,1.0912,1.09139,1.00,1.00
2017.03.07 21:33:24.442,1.09121,1.09139,1.00,1.00
2017.03.07 21:33:24.953,1.0912,1.09139,1.87,1.00
2017.03.07 21:33:26.942,1.0912,1.09141,1.87,1.50
2017.03.07 21:33:26.993,1.09123,1.0914,1.00,1.00
2017.03.07 21:33:27.044,1.09123,1.09142,1.12,1.00
2017.03.07 21:33:32.411,1.09125,1.09142,1.00,1.00
2017.03.07 21:33:34.716,1.09123,1.09142,1.87,1.00
2017.03.07 21:33:35.326,1.09125,1.09142,1.00,1.00
2017.03.07 21:33:36.368,1.09124,1.09142,1.12,1.00
2017.03.07 21:33:39.453,1.09125,1.09142,1.00,1.00
2017.03.07 21:33:39.964,1.09123,1.09142,1.00,1.00
2017.03.07 21:33:40.653,1.09122,1.09142,1.00,1.00
2017.03.07 21:33:43.290,1.09121,1.09142,1.00,1.00
2017.03.07 21:33:43.954,1.09122,1.09142,1.00,1.00
2017.03.07 21:33:44.798,1.0912,1.09139,1.00,1.00
2017.03.07 21:33:44.849,1.09118,1.09139,1.00,1.00
2017.03.07 21:33:45.152,1.09118,1.09125,1.00,1.00
2017.03.07 21:33:45.203,1.09116,1.09134,1.00,2.25
2017.03.07 21:33:45.254,1.09114,1.09128,1.00,1.50
2017.03.07 21:33:45.305,1.09109,1.09128,1.12,1.50
2017.03.07 21:33:45.356,1.09115,1.09128,1.00,1.50
2017.03.07 21:33:45.507,1.09111,1.09129,1.00,4.50
2017.03.07 21:33:45.558,1.09108,1.09127,1.00,1.00
2017.03.07 21:33:45.760,1.09111,1.09127,1.12,1.00
2017.03.07 21:33:45.998,1.0911,1.09129,1.37,2.25
2017.03.07 21:33:46.049,1.09114,1.09128,1.00,2.25
2017.03.07 21:33:46.559,1.09113,1.09128,1.12,2.25
2017.03.07 21:33:46.885,1.09115,1.09128,1.00,2.25
2017.03.07 21:33:47.087,1.09113,1.09128,1.12,1.50
2017.03.07 21:33:47.188,1.0911,1.09128,1.12,1.50
2017.03.07 21:33:47.764,1.0911,1.09127,1.00,1.00
2017.03.07 21:33:48.034,1.0911,1.09129,1.00,3.75
2017.03.07 21:33:48.085,1.09115,1.09128,1.00,2.25
2017.03.07 21:33:48.490,1.09113,1.09128,1.00,1.00
2017.03.07 21:33:48.833,1.09108,1.09129,1.00,1.00
2017.03.07 21:33:48.988,1.09111,1.09128,1.00,1.00
2017.03.07 21:33:49.501,1.0911,1.09128,1.12,1.00
2017.03.07 21:33:50.236,1.0911,1.09129,1.00,1.50
2017.03.07 21:33:50.769,1.09111,1.09129,1.00,1.50
2017.03.07 21:33:51.276,1.0911,1.09129,1.00,2.25
2017.03.07 21:33:51.940,1.09111,1.09129,1.00,2.25
2017.03.07 21:33:56.430,1.0911,1.09129,1.50,1.50
2017.03.07 21:33:56.760,1.09114,1.09129,1.00,1.00
2017.03.07 21:33:56.862,1.09111,1.09131,1.87,1.50
2017.03.07 21:33:56.964,1.09111,1.09133,1.12,1.50
2017.03.07 21:33:57.426,1.09114,1.09133,1.00,1.00
2017.03.07 21:33:58.028,1.09112,1.09133,1.12,1.00
2017.03.07 21:33:58.559,1.09113,1.09133,1.00,1.00
2017.03.07 21:33:59.617,1.09115,1.09133,1.00,1.00
2017.03.07 21:34:00.539,1.09115,1.09132,1.00,1.00
2017.03.07 21:34:03.664,1.09116,1.09132,1.00,1.00
2017.03.07 21:34:03.716,1.09116,1.09134,1.00,1.00
2017.03.07 21:34:08.932,1.09116,1.09136,1.00,1.00
2017.03.07 21:34:08.983,1.09116,1.09136,1.87,1.50
2017.03.07 21:34:09.084,1.09116,1.09136,1.00,1.00
2017.03.07 21:34:09.135,1.09118,1.09136,1.00,1.00
2017.03.07 21:34:09.728,1.09119,1.09136,1.00,1.00
2017.03.07 21:34:10.040,1.09117,1.09136,1.00,1.00
2017.03.07 21:34:10.555,1.09117,1.09135,1.00,1.00
2017.03.07 21:34:11.405,1.09117,1.09136,1.00,1.00
2017.03.07 21:34:11.506,1.09117,1.09134,1.00,1.00
2017.03.07 21:34:16.970,1.09118,1.09134,1.00,1.50
2017.03.07 21:34:21.916,1.09116,1.09134,1.50,1.50
2017.03.07 21:34:24.062,1.09116,1.09135,1.50,1.00
2017.03.07 21:34:25.244,1.09116,1.09134,1.50,1.00
2017.03.07 21:34:26.945,1.09114,1.09134,1.00,1.50
2017.03.07 21:34:27.514,1.09114,1.09133,1.00,1.00
2017.03.07 21:34:28.616,1.09117,1.09133,1.00,1.00
2017.03.07 21:34:30.741,1.09115,1.09133,1.00,1.00
2017.03.07 21:34:33.585,1.09116,1.09133,1.00,1.00
2017.03.07 21:34:53.864,1.09115,1.09133,1.00,1.00
2017.03.07 21:34:54.920,1.09115,1.09134,1.00,1.50
2017.03.07 21:34:56.141,1.09109,1.09132,1.87,1.00
2017.03.07 21:34:56.191,1.09109,1.09129,1.00,1.00
2017.03.07 21:34:56.444,1.09106,1.09127,1.00,1.00
2017.03.07 21:34:56.596,1.09106,1.09125,1.00,1.00
2017.03.07 21:34:56.646,1.09104,1.09128,1.37,1.00
2017.03.07 21:34:56.927,1.09102,1.09128,1.12,1.00
2017.03.07 21:34:56.978,1.09105,1.09128,1.00,1.00
2017.03.07 21:34:57.296,1.09105,1.09126,1.00,1.00
2017.03.07 21:34:57.801,1.09104,1.09126,1.12,1.50
2017.03.07 21:34:58.335,1.09103,1.09125,1.00,1.50
2017.03.07 21:35:00.431,1.09101,1.09123,1.00,1.00
2017.03.07 21:35:00.735,1.09099,1.09116,1.00,1.00
2017.03.07 21:35:00.916,1.09095,1.09116,1.00,1.00
2017.03.07 21:35:01.464,1.09095,1.09115,1.00,1.00
2017.03.07 21:35:01.743,1.0909,1.09116,3.75,1.00
2017.03.07 21:35:01.967,1.09095,1.09116,1.00,1.00
2017.03.07 21:35:02.442,1.09097,1.09116,1.00,1.00
2017.03.07 21:35:02.855,1.09094,1.09115,1.87,1.00
2017.03.07 21:35:03.661,1.09094,1.09114,1.00,1.00
2017.03.07 21:35:03.813,1.09092,1.09114,1.00,1.00
2017.03.07 21:35:03.901,1.09095,1.09114,1.00,1.00
2017.03.07 21:35:09.792,1.09095,1.09113,1.00,1.00
2017.03.07 21:35:11.959,1.09095,1.09114,1.00,1.00
2017.03.07 21:35:12.592,1.09096,1.09114,1.00,1.00
2017.03.07 21:35:14.431,1.09096,1.09113,1.00,1.00
2017.03.07 21:35:18.817,1.09095,1.09113,1.00,1.00
2017.03.07 21:35:28.606,1.09094,1.09113,1.00,1.00
2017.03.07 21:35:30.443,1.09095,1.09113,1.00,1.00
2017.03.07 21:35:33.027,1.09092,1.09113,1.00,1.00
2017.03.07 21:35:33.672,1.09094,1.09113,1.00,1.00
2017.03.07 21:35:34.132,1.09097,1.09113,1.00,1.00
2017.03.07 21:35:40.413,1.091,1.09113,1.00,1.00
2017.03.07 21:35:44.074,1.091,1.09116,1.00,1.00
2017.03.07 21:35:48.673,1.091,1.09117,1.00,1.00
2017.03.07 21:35:52.374,1.091,1.09118,1.00,1.50
2017.03.07 21:35:57.683,1.09101,1.09118,1.00,1.50
2017.03.07 21:36:00.438,1.09102,1.09118,1.00,1.00
2017.03.07 21:36:00.539,1.09102,1.0912,1.00,1.50
2017.03.07 21:36:00.591,1.09105,1.09126,1.00,1.00
2017.03.07 21:36:00.641,1.09114,1.09129,1.00,1.87
2017.03.07 21:36:00.692,1.09114,1.09131,1.12,1.50
2017.03.07 21:36:01.221,1.09115,1.09132,1.00,1.00
2017.03.07 21:36:01.322,1.09115,1.0913,1.00,1.00
2017.03.07 21:36:01.818,1.09113,1.0913,1.00,1.00
2017.03.07 21:36:02.719,1.09112,1.0913,1.87,1.00
2017.03.07 21:36:03.238,1.09112,1.09131,1.87,1.00
2017.03.07 21:36:03.740,1.09114,1.09131,1.00,1.00
2017.03.07 21:36:04.146,1.09114,1.09134,1.00,1.00
2017.03.07 21:36:04.706,1.09114,1.09133,1.00,1.00
2017.03.07 21:36:05.221,1.09114,1.09134,1.00,1.00
2017.03.07 21:36:05.761,1.09114,1.09133,1.00,1.00
2017.03.07 21:36:06.127,1.09114,1.09131,1.00,1.00
2017.03.07 21:36:07.071,1.09114,1.0913,1.00,1.00
2017.03.07 21:36:08.051,1.09114,1.09131,1.00,1.00
2017.03.07 21:36:08.600,1.09111,1.09131,1.00,1.00
2017.03.07 21:36:08.948,1.09114,1.09132,1.00,1.00
2017.03.07 21:36:10.097,1.09114,1.09131,1.00,1.00
2017.03.07 21:36:10.719,1.09112,1.09131,1.00,1.00
2017.03.07 21:36:19.722,1.09111,1.09131,1.00,1.00
2017.03.07 21:36:27.643,1.09108,1.09131,1.00,1.50
2017.03.07 21:36:29.491,1.09106,1.0913,1.00,1.00
2017.03.07 21:36:29.717,1.09107,1.09128,1.00,1.00
2017.03.07 21:36:29.951,1.09105,1.09127,1.00,1.00
2017.03.07 21:36:30.005,1.09105,1.09129,1.00,1.00
2017.03.07 21:36:34.893,1.09105,1.09127,1.00,1.00
2017.03.07 21:36:35.018,1.09103,1.09127,1.00,1.00
2017.03.07 21:36:35.322,1.09103,1.09125,1.00,1.00
2017.03.07 21:36:35.373,1.09098,1.09125,2.62,1.50
2017.03.07 21:36:35.474,1.09094,1.09124,1.00,1.50
2017.03.07 21:36:35.525,1.09095,1.09122,1.00,1.50
2017.03.07 21:36:35.626,1.09092,1.0912,1.00,1.00
2017.03.07 21:36:35.953,1.09092,1.09118,1.00,1.00
2017.03.07 21:36:36.661,1.09092,1.09119,1.00,1.00
2017.03.07 21:36:36.966,1.09099,1.09124,1.00,1.50
2017.03.07 21:36:37.067,1.09097,1.09123,1.50,1.00
2017.03.07 21:36:37.118,1.09101,1.09124,1.12,1.00
2017.03.07 21:36:37.169,1.09105,1.09128,1.12,1.50
2017.03.07 21:36:37.221,1.09111,1.09129,1.00,1.00
2017.03.07 21:36:37.272,1.0911,1.09133,1.00,1.00
2017.03.07 21:36:37.424,1.09108,1.09133,1.50,1.50
2017.03.07 21:36:37.475,1.09107,1.09131,1.50,1.00
2017.03.07 21:36:37.525,1.09105,1.09132,3.00,1.50
2017.03.07 21:36:37.677,1.09105,1.0913,3.00,1.00
2017.03.07 21:36:38.212,1.09106,1.0913,1.50,1.50
2017.03.07 21:36:38.730,1.09105,1.0913,2.25,1.50
2017.03.07 21:36:40.904,1.09106,1.0913,1.00,1.50
2017.03.07 21:36:50.711,1.09106,1.09129,1.00,1.00
2017.03.07 21:36:55.511,1.09106,1.0913,1.00,1.50
2017.03.07 21:36:57.577,1.09106,1.09131,2.25,1.50
2017.03.07 21:37:00.089,1.09106,1.0913,1.00,1.00
2017.03.07 21:37:00.744,1.09107,1.09131,1.12,1.50
2017.03.07 21:37:01.963,1.09108,1.09131,1.12,1.50
2017.03.07 21:37:03.372,1.09107,1.0913,1.87,1.00
2017.03.07 21:37:10.163,1.09106,1.0913,1.37,1.50
2017.03.07 21:37:10.694,1.09109,1.0913,1.37,1.00
2017.03.07 21:37:10.846,1.09108,1.0913,1.00,1.00
2017.03.07 21:37:10.933,1.09108,1.0913,1.37,1.00
2017.03.07 21:37:11.085,1.09108,1.09131,1.00,1.50
2017.03.07 21:37:11.610,1.09107,1.0913,1.12,1.00
2017.03.07 21:37:15.724,1.09107,1.09129,1.00,1.00
2017.03.07 21:37:18.872,1.09107,1.0913,1.00,1.50
2017.03.07 21:37:20.567,1.09106,1.0913,1.00,1.00
2017.03.07 21:37:24.951,1.09106,1.0913,1.37,1.00
2017.03.07 21:37:25.583,1.09107,1.0913,1.00,1.50
2017.03.07 21:37:27.208,1.09109,1.09133,2.62,1.00
2017.03.07 21:37:27.309,1.09111,1.09135,1.87,1.50
2017.03.07 21:37:27.360,1.09111,1.09135,2.25,1.50
2017.03.07 21:37:27.959,1.09113,1.09136,1.87,1.00
2017.03.07 21:37:28.497,1.09114,1.09135,1.87,1.00
2017.03.07 21:37:28.785,1.09114,1.09137,1.50,1.50
2017.03.07 21:37:29.350,1.09114,1.09136,1.50,1.00
2017.03.07 21:37:29.705,1.09116,1.09138,1.50,1.00
2017.03.07 21:37:30.621,1.09115,1.09138,1.50,1.00
2017.03.07 21:37:31.171,1.09115,1.09135,1.50,1.00
2017.03.07 21:37:32.161,1.09114,1.09135,3.00,1.00
2017.03.07 21:37:32.909,1.09115,1.09135,1.00,1.00
2017.03.07 21:37:33.421,1.09114,1.09135,3.00,1.00
2017.03.07 21:37:33.721,1.09115,1.0914,1.00,1.50
2017.03.07 21:37:33.813,1.0911,1.09135,3.37,1.00
2017.03.07 21:37:34.116,1.09111,1.09133,2.25,1.00
2017.03.07 21:37:34.570,1.09109,1.09134,2.62,1.00
2017.03.07 21:37:34.823,1.09108,1.09136,2.62,1.50
2017.03.07 21:37:34.911,1.09109,1.09134,1.87,1.00
2017.03.07 21:37:36.432,1.09109,1.09133,2.62,1.00
2017.03.07 21:37:40.144,1.09106,1.09133,1.87,1.50
2017.03.07 21:37:40.195,1.09109,1.09133,1.37,1.00
2017.03.07 21:37:40.697,1.09109,1.09134,1.87,1.50
2017.03.07 21:37:41.223,1.09108,1.09134,1.87,1.50
2017.03.07 21:37:42.431,1.09108,1.09132,1.00,1.00
2017.03.07 21:37:42.817,1.09111,1.09134,1.12,1.50
2017.03.07 21:37:43.590,1.0911,1.09134,1.12,1.50
2017.03.07 21:37:44.199,1.09111,1.09134,1.00,1.50
2017.03.07 21:37:44.703,1.09109,1.09133,1.12,1.00
2017.03.07 21:37:44.874,1.09111,1.09133,1.12,1.00
2017.03.07 21:37:45.048,1.09108,1.09134,1.37,1.50
2017.03.07 21:37:45.250,1.09111,1.09134,1.12,1.50
2017.03.07 21:37:45.468,1.09108,1.09134,1.12,1.50
2017.03.07 21:37:45.619,1.09111,1.09134,1.00,1.50
2017.03.07 21:37:45.841,1.09108,1.09134,1.37,1.50
2017.03.07 21:37:46.045,1.09111,1.09134,1.00,1.50
2017.03.07 21:37:46.154,1.09109,1.09134,1.00,1.50
2017.03.07 21:37:46.255,1.09111,1.09134,1.00,1.50
2017.03.07 21:37:46.408,1.09108,1.09134,1.12,1.50
2017.03.07 21:37:46.552,1.0911,1.09134,1.37,1.50
2017.03.07 21:37:46.764,1.09108,1.09134,1.37,1.50
2017.03.07 21:37:46.865,1.0911,1.09133,1.37,1.00
2017.03.07 21:37:47.092,1.09108,1.09133,1.12,1.00
2017.03.07 21:37:47.249,1.0911,1.09133,1.37,1.00
2017.03.07 21:37:47.466,1.09109,1.09134,1.00,1.50
2017.03.07 21:37:47.567,1.09111,1.09134,1.00,1.50
2017.03.07 21:37:47.753,1.09109,1.09133,1.00,1.00
2017.03.07 21:37:47.970,1.09111,1.09134,1.00,1.50
2017.03.07 21:37:48.489,1.0911,1.09133,1.37,1.00
2017.03.07 21:37:51.299,1.0911,1.09133,1.12,1.00
2017.03.07 21:37:51.801,1.09109,1.09133,1.12,1.00
2017.03.07 21:37:52.369,1.09113,1.09133,1.00,1.00
2017.03.07 21:37:52.419,1.09114,1.09135,1.00,1.00
2017.03.07 21:37:53.228,1.09113,1.09135,1.00,1.00
2017.03.07 21:37:53.773,1.09114,1.09135,1.00,1.00
2017.03.07 21:37:54.382,1.09113,1.09135,1.00,1.00
2017.03.07 21:37:54.754,1.0911,1.09135,1.00,1.00
2017.03.07 21:37:55.261,1.09111,1.09134,1.00,1.00
2017.03.07 21:37:58.122,1.09111,1.09135,1.50,1.50
2017.03.07 21:37:58.783,1.09111,1.09134,1.00,1.00
2017.03.07 21:37:59.402,1.0911,1.09134,1.50,1.00
2017.03.07 21:37:59.991,1.09111,1.09134,1.00,1.00
2017.03.07 21:38:01.402,1.0911,1.09134,1.00,1.00
2017.03.07 21:38:02.580,1.09111,1.09134,1.00,1.00
2017.03.07 21:38:03.090,1.0911,1.09134,1.00,1.00
2017.03.07 21:38:03.640,1.09111,1.09134,1.00,1.00
2017.03.07 21:38:04.281,1.0911,1.09134,1.00,1.00
2017.03.07 21:38:05.442,1.09111,1.09134,1.00,1.00
2017.03.07 21:38:06.102,1.0911,1.09134,1.00,1.00
2017.03.07 21:38:07.201,1.09111,1.09134,1.00,1.00
2017.03.07 21:38:07.851,1.0911,1.09134,1.00,1.00
2017.03.07 21:38:08.372,1.09111,1.09134,1.00,1.00
2017.03.07 21:38:09.034,1.0911,1.09134,1.00,1.00
2017.03.07 21:38:09.659,1.09111,1.09134,1.87,1.00
2017.03.07 21:38:11.210,1.0911,1.09134,1.50,1.00
2017.03.07 21:38:11.717,1.09111,1.09134,1.00,1.00
2017.03.07 21:38:12.226,1.0911,1.09133,1.00,1.00
2017.03.07 21:38:12.733,1.09109,1.09133,1.87,1.00
2017.03.07 21:38:13.263,1.09109,1.09131,1.87,1.00
2017.03.07 21:38:14.434,1.09109,1.09132,1.87,1.00
2017.03.07 21:38:14.942,1.09109,1.09131,1.12,1.00
2017.03.07 21:38:15.043,1.09109,1.09134,1.37,1.00
2017.03.07 21:38:15.955,1.09109,1.09134,1.12,1.50
2017.03.07 21:38:16.962,1.09111,1.09134,1.00,1.50
2017.03.07 21:38:17.190,1.09109,1.09134,1.12,1.50
2017.03.07 21:38:17.250,1.09109,1.09134,1.37,1.50
2017.03.07 21:38:17.465,1.09109,1.09134,1.12,1.50
2017.03.07 21:38:17.630,1.09109,1.09134,1.37,1.50
2017.03.07 21:38:17.885,1.09108,1.09134,1.87,1.50
2017.03.07 21:38:18.022,1.09111,1.09134,1.12,1.50
2017.03.07 21:38:18.256,1.09108,1.09134,1.87,1.50
2017.03.07 21:38:18.407,1.09111,1.09134,1.00,1.50
2017.03.07 21:38:18.625,1.09108,1.09134,1.87,1.50
2017.03.07 21:38:18.785,1.09111,1.09134,1.12,1.50
2017.03.07 21:38:18.966,1.09109,1.09134,1.12,1.50
2017.03.07 21:38:19.171,1.09111,1.09134,1.00,1.50
2017.03.07 21:38:19.440,1.09108,1.09134,1.87,1.50
2017.03.07 21:38:19.491,1.0911,1.09134,1.37,1.50
2017.03.07 21:38:19.700,1.09109,1.09134,1.87,1.50
2017.03.07 21:38:19.852,1.09111,1.09134,1.12,1.50
2017.03.07 21:38:20.055,1.09109,1.09134,1.50,1.50
2017.03.07 21:38:20.283,1.09111,1.09134,1.00,1.50
2017.03.07 21:38:20.384,1.09109,1.09134,1.87,1.50
2017.03.07 21:38:20.641,1.0911,1.09134,1.37,1.50
2017.03.07 21:38:21.062,1.09111,1.09132,1.87,1.00
2017.03.07 21:38:21.163,1.0911,1.09134,1.87,1.00
2017.03.07 21:38:21.675,1.09111,1.09133,1.00,1.00
2017.03.07 21:38:22.372,1.0911,1.09133,1.00,1.00
2017.03.07 21:38:22.904,1.09111,1.09133,1.87,1.00
2017.03.07 21:38:23.423,1.0911,1.09133,1.00,1.00
2017.03.07 21:38:24.078,1.09111,1.09133,1.00,1.00
2017.03.07 21:38:25.363,1.0911,1.09133,1.00,1.00
2017.03.07 21:38:25.873,1.09111,1.09133,1.87,1.00
2017.03.07 21:38:26.388,1.0911,1.09133,1.50,1.00
2017.03.07 21:38:26.919,1.09111,1.09133,1.50,1.00
2017.03.07 21:38:27.552,1.09111,1.09132,1.00,1.00
2017.03.07 21:38:28.406,1.0911,1.09132,1.00,1.00
2017.03.07 21:38:29.392,1.09111,1.09132,1.00,1.00
2017.03.07 21:38:29.955,1.0911,1.09132,1.00,1.00
2017.03.07 21:38:30.815,1.09109,1.09132,1.87,1.00
2017.03.07 21:38:31.603,1.09109,1.09131,1.87,1.00
2017.03.07 21:38:32.342,1.0911,1.09131,1.00,1.00
2017.03.07 21:38:32.393,1.09112,1.09131,1.37,1.00
2017.03.07 21:38:32.545,1.09119,1.09138,1.12,1.00
2017.03.07 21:38:32.596,1.09119,1.09138,1.37,1.00
2017.03.07 21:38:33.273,1.09115,1.09138,1.87,1.00
2017.03.07 21:38:33.881,1.09116,1.09139,1.12,1.00
2017.03.07 21:38:34.415,1.09118,1.0914,1.12,1.50
2017.03.07 21:38:34.718,1.09117,1.09138,1.37,1.00
2017.03.07 21:38:35.093,1.09119,1.09138,1.37,1.00
2017.03.07 21:38:35.306,1.09117,1.09138,1.12,1.00
2017.03.07 21:38:35.373,1.09117,1.0914,1.12,1.50
2017.03.07 21:38:35.424,1.09118,1.09139,1.37,1.00
2017.03.07 21:38:35.612,1.09118,1.09139,1.12,1.00
2017.03.07 21:38:36.213,1.09119,1.09139,1.00,1.00
2017.03.07 21:38:37.006,1.09121,1.09139,1.12,1.00
2017.03.07 21:38:37.208,1.09119,1.09139,1.12,1.00
2017.03.07 21:38:37.482,1.09121,1.09138,1.12,1.00
2017.03.07 21:38:37.634,1.09117,1.09138,1.37,1.00
2017.03.07 21:38:37.768,1.09117,1.09138,1.37,1.00
2017.03.07 21:38:37.869,1.09116,1.0914,1.87,1.00
2017.03.07 21:38:38.470,1.09117,1.09139,1.87,1.00
2017.03.07 21:38:39.187,1.09116,1.09139,2.62,1.00
2017.03.07 21:38:39.713,1.09117,1.09138,1.37,1.00
2017.03.07 21:38:41.483,1.09117,1.0914,1.37,1.50
2017.03.07 21:38:42.221,1.09116,1.0914,1.12,1.50
2017.03.07 21:38:42.771,1.09117,1.0914,1.12,1.50
2017.03.07 21:38:46.164,1.09116,1.09133,2.62,1.00
2017.03.07 21:38:48.513,1.09116,1.09134,1.37,1.00
2017.03.07 21:38:49.119,1.09121,1.09134,1.00,1.00
2017.03.07 21:38:50.430,1.0912,1.09134,1.12,1.00
2017.03.07 21:38:50.869,1.09119,1.09129,1.00,1.00
2017.03.07 21:38:51.641,1.09118,1.09129,1.12,1.00
2017.03.07 21:38:52.418,1.09118,1.09128,1.37,1.00
2017.03.07 21:38:54.527,1.09118,1.09129,1.12,1.00
2017.03.07 21:38:55.073,1.09119,1.09129,1.00,1.00
2017.03.07 21:38:55.591,1.09118,1.09128,1.37,1.00
2017.03.07 21:39:00.485,1.09122,1.09139,1.00,2.25
2017.03.07 21:39:00.536,1.09123,1.09138,1.37,2.25
2017.03.07 21:39:01.051,1.09124,1.09139,1.00,1.00
2017.03.07 21:39:01.385,1.09124,1.09136,1.12,1.00
2017.03.07 21:39:01.924,1.09123,1.09137,1.12,1.00
2017.03.07 21:39:02.531,1.09124,1.09137,1.00,1.00
2017.03.07 21:39:02.632,1.09124,1.09139,1.12,1.00
2017.03.07 21:39:05.515,1.09123,1.09139,1.00,1.00
2017.03.07 21:39:06.283,1.09122,1.09139,1.00,1.00
2017.03.07 21:39:06.761,1.09121,1.09142,1.12,1.50
2017.03.07 21:39:07.275,1.09122,1.09142,1.00,1.50
2017.03.07 21:39:07.925,1.09122,1.0914,1.00,1.00
2017.03.07 21:39:09.612,1.09121,1.0914,1.00,1.00
2017.03.07 21:39:10.405,1.09122,1.0914,1.00,1.00
2017.03.07 21:39:10.970,1.09121,1.0914,1.00,1.00
2017.03.07 21:39:11.564,1.09121,1.09141,1.00,1.00
2017.03.07 21:39:11.716,1.09119,1.09141,1.00,1.00
2017.03.07 21:39:14.580,1.09118,1.09141,1.50,1.00
2017.03.07 21:39:15.257,1.09119,1.09141,1.00,1.00
2017.03.07 21:39:15.429,1.09119,1.09143,1.50,1.00
2017.03.07 21:39:15.713,1.09122,1.09143,1.00,1.00
2017.03.07 21:39:16.241,1.09121,1.09141,1.00,1.00
2017.03.07 21:39:16.443,1.09122,1.09143,1.00,1.00
2017.03.07 21:39:18.821,1.09121,1.09143,1.12,1.00
2017.03.07 21:39:20.570,1.09122,1.09143,1.00,1.00
2017.03.07 21:39:21.083,1.09122,1.09142,1.00,1.00
2017.03.07 21:39:21.661,1.0912,1.09142,1.37,1.00
2017.03.07 21:39:22.102,1.0912,1.09144,1.37,2.25
2017.03.07 21:39:22.152,1.09124,1.09145,1.37,1.00
2017.03.07 21:39:22.657,1.09126,1.09143,1.00,1.00
2017.03.07 21:39:22.708,1.09126,1.09145,1.12,1.00
2017.03.07 21:39:23.602,1.09126,1.09144,1.12,1.00
2017.03.07 21:39:26.273,1.09128,1.09144,1.00,1.00
2017.03.07 21:39:26.665,1.09125,1.09144,1.00,1.00
2017.03.07 21:39:27.190,1.09126,1.09144,1.00,1.00
2017.03.07 21:39:30.193,1.09126,1.09145,1.00,1.00
2017.03.07 21:39:32.223,1.09125,1.09145,1.00,1.00
2017.03.07 21:39:34.391,1.09126,1.09145,1.00,1.00
2017.03.07 21:39:34.903,1.09125,1.09145,1.00,1.00
2017.03.07 21:39:34.987,1.09128,1.09145,1.00,1.00
2017.03.07 21:39:35.037,1.09125,1.09145,1.00,1.00
2017.03.07 21:39:37.443,1.09126,1.09145,1.00,1.00
2017.03.07 21:39:38.244,1.09124,1.09145,1.50,1.00
2017.03.07 21:39:38.760,1.09125,1.09145,1.00,1.00
2017.03.07 21:39:39.450,1.09124,1.09145,1.50,1.00
2017.03.07 21:39:40.361,1.09125,1.09145,1.00,1.00
2017.03.07 21:39:41.155,1.09126,1.09145,1.00,1.00
2017.03.07 21:39:41.730,1.09125,1.09145,1.50,1.00
2017.03.07 21:39:42.402,1.09126,1.09145,1.00,1.00
2017.03.07 21:39:42.802,1.09128,1.09147,1.00,1.10
2017.03.07 21:39:43.431,1.09128,1.09146,1.00,1.00
2017.03.07 21:39:46.158,1.09127,1.09146,1.00,1.00
2017.03.07 21:39:47.893,1.09135,1.09146,1.00,1.00
2017.03.07 21:39:48.432,1.09133,1.09147,1.30,1.10
2017.03.07 21:39:55.916,1.09132,1.09148,1.00,2.25
2017.03.07 21:39:56.219,1.09127,1.09148,1.00,1.00
2017.03.07 21:39:56.271,1.09124,1.09146,1.87,1.00
2017.03.07 21:39:56.322,1.09126,1.09148,1.37,1.00
2017.03.07 21:39:56.373,1.09132,1.09148,1.00,1.00
2017.03.07 21:39:56.423,1.09127,1.09146,1.00,1.00
2017.03.07 21:39:56.727,1.09127,1.09149,1.00,1.00
2017.03.07 21:39:56.990,1.09129,1.09148,1.00,1.00
2017.03.07 21:39:57.091,1.09127,1.09148,1.00,1.00
2017.03.07 21:39:57.922,1.09126,1.09148,2.25,1.00
2017.03.07 21:39:58.664,1.09126,1.09149,1.00,1.50
2017.03.07 21:39:59.094,1.09124,1.09148,2.25,1.00
2017.03.07 21:40:00.086,1.09122,1.09148,1.50,1.50
2017.03.07 21:40:00.237,1.09122,1.09146,1.50,1.00
2017.03.07 21:40:00.815,1.09123,1.09146,1.00,1.00
2017.03.07 21:40:02.221,1.09123,1.09148,2.34,1.50
2017.03.07 21:40:03.232,1.09122,1.09149,1.09,1.50
2017.03.07 21:40:05.162,1.09123,1.09148,1.47,1.00
2017.03.07 21:40:10.224,1.09123,1.09149,1.22,1.50
2017.03.07 21:40:11.342,1.09123,1.09148,1.47,1.00
2017.03.07 21:40:12.582,1.09123,1.09149,1.22,1.50
2017.03.07 21:40:13.674,1.09123,1.09148,1.59,1.00
2017.03.07 21:40:14.209,1.09124,1.09149,1.09,1.50
2017.03.07 21:40:19.109,1.09123,1.09148,1.97,1.00
2017.03.07 21:40:36.224,1.09125,1.09149,1.09,1.00
2017.03.07 21:40:36.956,1.09125,1.09148,1.09,1.00
2017.03.07 21:40:44.215,1.09125,1.09149,1.47,1.00
2017.03.07 21:40:50.399,1.09125,1.09148,1.59,1.00
2017.03.07 21:41:00.402,1.09126,1.09149,1.84,1.00
2017.03.07 21:41:00.960,1.0913,1.09148,1.37,1.00
2017.03.07 21:41:03.209,1.0913,1.09148,1.12,1.00
2017.03.07 21:41:03.979,1.09131,1.09148,1.00,1.00
2017.03.07 21:41:04.528,1.0913,1.09148,1.12,1.00
2017.03.07 21:41:05.083,1.0913,1.09149,1.00,1.00
2017.03.07 21:41:05.620,1.09131,1.09149,1.00,1.00
2017.03.07 21:41:05.670,1.09128,1.09149,1.12,1.00
2017.03.07 21:41:06.352,1.09127,1.09148,1.47,1.00
2017.03.07 21:41:19.114,1.09127,1.09149,1.22,1.00
2017.03.07 21:41:27.033,1.09128,1.09149,1.50,1.00
2017.03.07 21:41:27.418,1.09127,1.09148,3.47,1.50
2017.03.07 21:41:27.470,1.09132,1.09148,1.12,1.00
2017.03.07 21:41:27.992,1.09131,1.09149,1.12,1.00
2017.03.07 21:41:28.702,1.0913,1.09148,1.12,1.00
2017.03.07 21:41:29.244,1.09129,1.09148,1.97,1.00
2017.03.07 21:41:29.363,1.09131,1.09148,1.50,1.00
2017.03.07 21:41:30.029,1.0913,1.09149,1.50,1.00
2017.03.07 21:41:32.040,1.09131,1.09148,2.25,1.00
2017.03.07 21:41:44.764,1.09131,1.09149,1.00,1.00
2017.03.07 21:41:45.068,1.09132,1.09155,4.12,2.25
2017.03.07 21:41:45.169,1.0913,1.09156,1.87,1.50
2017.03.07 21:41:45.254,1.09134,1.09157,1.50,1.00
2017.03.07 21:41:45.830,1.09134,1.09158,2.25,1.00
2017.03.07 21:41:46.161,1.09136,1.09158,1.50,1.00
2017.03.07 21:41:46.262,1.09133,1.09157,1.87,1.00
2017.03.07 21:41:46.766,1.09132,1.09156,1.37,1.00
2017.03.07 21:41:47.025,1.09134,1.09156,1.44,1.50
2017.03.07 21:41:47.429,1.09134,1.09158,1.43,1.00
2017.03.07 21:41:47.937,1.09134,1.09157,1.43,1.00
2017.03.07 21:41:48.925,1.09133,1.09157,1.42,1.00
2017.03.07 21:41:56.615,1.09134,1.09157,1.46,1.50
2017.03.07 21:41:57.117,1.09138,1.09157,1.00,1.50
2017.03.07 21:41:57.778,1.09137,1.09157,1.00,1.50
2017.03.07 21:41:58.438,1.09138,1.09157,1.00,1.50
2017.03.07 21:41:59.099,1.09137,1.09157,1.00,1.50
2017.03.07 21:42:00.109,1.09137,1.09156,1.12,1.00
2017.03.07 21:42:00.650,1.09138,1.09157,1.00,1.50
2017.03.07 21:42:01.399,1.09137,1.09157,1.12,1.50
2017.03.07 21:42:02.392,1.09138,1.09157,1.00,1.50
2017.03.07 21:42:02.811,1.09135,1.09156,1.00,1.00
2017.03.07 21:42:04.672,1.09134,1.09156,1.87,1.50
2017.03.07 21:42:05.400,1.09135,1.09156,1.00,1.50
2017.03.07 21:42:06.103,1.09134,1.09156,1.87,1.50
2017.03.07 21:42:06.764,1.09135,1.09156,1.00,1.50
2017.03.07 21:42:07.680,1.09134,1.09156,1.87,1.50
2017.03.07 21:42:07.925,1.09137,1.09156,1.00,1.50
2017.03.07 21:42:10.393,1.09138,1.09156,1.00,1.50
2017.03.07 21:42:11.178,1.09137,1.09157,1.00,1.50
2017.03.07 21:42:14.456,1.09138,1.09157,1.00,1.50
2017.03.07 21:42:17.706,1.09137,1.09157,1.00,1.50
2017.03.07 21:42:19.677,1.09138,1.09157,1.00,1.50
2017.03.07 21:42:22.783,1.09138,1.09156,1.00,1.00
2017.03.07 21:42:23.927,1.09138,1.09155,1.00,1.00
2017.03.07 21:42:25.070,1.09139,1.09155,1.00,1.00
2017.03.07 21:42:25.121,1.0914,1.09157,1.12,1.00
2017.03.07 21:42:25.271,1.0914,1.09159,1.12,1.50
2017.03.07 21:42:25.944,1.09141,1.09158,1.00,1.00
2017.03.07 21:42:26.429,1.0914,1.09156,1.00,1.00
2017.03.07 21:42:26.536,1.0914,1.09159,1.00,1.50
2017.03.07 21:42:26.586,1.09142,1.09159,1.37,1.50
2017.03.07 21:42:26.920,1.09142,1.09157,1.37,1.00
2017.03.07 21:42:28.022,1.09141,1.09159,1.37,1.50
2017.03.07 21:42:29.236,1.09142,1.09158,1.37,1.00
2017.03.07 21:42:29.957,1.09141,1.09158,1.00,1.00
2017.03.07 21:42:30.566,1.0914,1.09158,1.12,1.00
2017.03.07 21:42:31.597,1.09141,1.09158,1.00,1.00
2017.03.07 21:42:33.060,1.0914,1.09158,1.00,1.00
2017.03.07 21:42:33.969,1.09144,1.09158,1.00,1.00
2017.03.07 21:42:34.020,1.09145,1.09163,1.00,1.00
2017.03.07 21:42:34.071,1.09144,1.09165,1.00,1.50
2017.03.07 21:42:34.123,1.09141,1.09163,1.00,1.00
2017.03.07 21:42:34.174,1.09137,1.09163,1.50,1.00
2017.03.07 21:42:34.224,1.09137,1.09159,1.00,1.00
2017.03.07 21:42:34.377,1.09134,1.09158,1.00,1.00
2017.03.07 21:42:34.881,1.09134,1.09159,1.00,1.00
2017.03.07 21:42:35.418,1.09135,1.09158,1.00,1.00
2017.03.07 21:42:36.622,1.09135,1.09156,1.00,1.00
2017.03.07 21:42:37.141,1.09135,1.0916,1.00,1.00
2017.03.07 21:42:37.293,1.09134,1.09162,2.25,1.00
2017.03.07 21:42:38.067,1.09135,1.09161,3.75,1.00
2017.03.07 21:42:38.757,1.09138,1.09161,1.37,1.00
2017.03.07 21:42:39.571,1.09138,1.09161,1.87,1.00
2017.03.07 21:42:40.222,1.09138,1.09161,1.37,1.00
2017.03.07 21:42:41.227,1.09139,1.09161,1.37,1.00
2017.03.07 21:42:47.078,1.09139,1.09162,1.37,1.00
2017.03.07 21:42:48.381,1.09139,1.09162,1.12,1.50
2017.03.07 21:42:57.292,1.09138,1.09162,1.00,1.00
2017.03.07 21:42:57.849,1.09139,1.09162,1.00,1.00
2017.03.07 21:42:59.087,1.09142,1.09162,1.00,1.00
2017.03.07 21:42:59.239,1.09142,1.09165,1.00,1.00
2017.03.07 21:42:59.289,1.09144,1.09167,1.00,1.00
2017.03.07 21:42:59.391,1.09144,1.09169,2.25,1.50
2017.03.07 21:42:59.492,1.09144,1.09168,1.75,1.00
2017.03.07 21:42:59.795,1.09152,1.09166,1.00,1.00
2017.03.07 21:43:00.541,1.09154,1.09166,1.00,1.00
2017.03.07 21:43:00.592,1.09155,1.09173,1.37,1.00
2017.03.07 21:43:00.643,1.09155,1.09172,1.37,1.00
2017.03.07 21:43:00.694,1.09152,1.09173,1.50,1.00
2017.03.07 21:43:00.745,1.09149,1.09173,1.00,1.00
2017.03.07 21:43:00.846,1.09148,1.0917,1.00,1.00
2017.03.07 21:43:01.352,1.09149,1.0917,1.00,1.00
2017.03.07 21:43:01.862,1.09149,1.09169,1.00,1.00
2017.03.07 21:43:02.317,1.09151,1.0917,1.00,1.00
2017.03.07 21:43:03.363,1.09149,1.0917,1.00,1.00
2017.03.07 21:43:03.415,1.09148,1.09168,1.00,1.00
2017.03.07 21:43:03.516,1.09145,1.09168,1.00,1.00
2017.03.07 21:43:04.029,1.09146,1.09167,1.00,1.00
2017.03.07 21:43:05.258,1.09145,1.09166,1.00,1.00
2017.03.07 21:43:05.309,1.09143,1.09164,1.00,1.00
2017.03.07 21:43:11.245,1.09143,1.09165,1.00,1.00
2017.03.07 21:43:11.716,1.09143,1.09163,1.00,1.00
2017.03.07 21:43:12.099,1.09141,1.09162,1.50,1.00
2017.03.07 21:43:19.152,1.09139,1.09162,1.50,1.00
2017.03.07 21:43:19.486,1.0914,1.09164,1.00,1.00
2017.03.07 21:43:20.031,1.09139,1.09163,1.50,1.00
2017.03.07 21:43:22.115,1.09139,1.09163,1.37,1.50
2017.03.07 21:43:22.630,1.09141,1.09162,1.12,1.00
2017.03.07 21:43:23.290,1.0914,1.09162,1.12,1.00
2017.03.07 21:43:23.813,1.09138,1.09162,1.00,1.00
2017.03.07 21:43:24.609,1.09139,1.09162,1.00,1.00
2017.03.07 21:43:27.610,1.09141,1.09162,1.00,1.00
2017.03.07 21:43:28.212,1.09141,1.09163,1.00,1.50
2017.03.07 21:43:28.263,1.09139,1.09163,1.00,1.50
2017.03.07 21:43:29.417,1.09138,1.09163,1.00,1.50
2017.03.07 21:43:29.611,1.0914,1.09163,1.00,1.50
2017.03.07 21:43:34.716,1.09138,1.09163,1.00,1.50
2017.03.07 21:43:37.382,1.09137,1.09163,1.12,1.50
2017.03.07 21:43:38.220,1.09137,1.09161,1.12,1.00
2017.03.07 21:43:49.883,1.09136,1.09163,1.37,1.50
2017.03.07 21:43:50.475,1.09137,1.09164,2.62,1.00
2017.03.07 21:43:51.016,1.09138,1.09164,1.00,1.00
2017.03.07 21:43:51.588,1.09137,1.09164,1.12,1.00
2017.03.07 21:43:51.639,1.09138,1.09162,1.00,1.00
2017.03.07 21:43:51.841,1.09135,1.09161,1.87,1.00
2017.03.07 21:43:52.357,1.09136,1.09161,1.00,1.00
2017.03.07 21:43:53.087,1.09135,1.09161,1.87,1.00
2017.03.07 21:43:53.698,1.09136,1.09161,1.00,1.00
2017.03.07 21:43:54.270,1.09135,1.09161,1.87,1.00
2017.03.07 21:43:54.806,1.09135,1.09162,2.62,1.00
2017.03.07 21:43:55.518,1.09135,1.0916,1.50,1.00
2017.03.07 21:43:56.746,1.09134,1.0916,1.00,1.50
2017.03.07 21:43:57.521,1.09135,1.0916,1.00,1.50
2017.03.07 21:43:58.037,1.09134,1.0916,1.00,1.50
2017.03.07 21:44:00.110,1.09134,1.09158,2.25,1.00
2017.03.07 21:44:00.720,1.09135,1.09157,1.00,1.00
2017.03.07 21:44:06.725,1.09134,1.09157,1.50,1.00
2017.03.07 21:44:06.776,1.09134,1.09159,1.50,1.50
2017.03.07 21:44:06.827,1.09134,1.09157,1.50,1.00
2017.03.07 21:44:10.872,1.09134,1.09158,2.25,1.00
2017.03.07 21:44:11.381,1.09135,1.09158,1.00,1.00
2017.03.07 21:44:12.282,1.09134,1.09158,1.00,1.00
2017.03.07 21:44:12.383,1.09135,1.0916,1.00,1.00
2017.03.07 21:44:12.946,1.09134,1.0916,1.00,1.00
2017.03.07 21:44:13.447,1.09135,1.0916,1.00,1.00
2017.03.07 21:44:15.933,1.09135,1.09159,1.00,1.00
2017.03.07 21:44:16.306,1.09135,1.09161,1.00,1.00
2017.03.07 21:44:21.441,1.09135,1.09157,1.00,1.00
2017.03.07 21:44:21.643,1.09132,1.09156,1.00,1.00
2017.03.07 21:44:21.744,1.09129,1.09157,1.50,1.00
2017.03.07 21:44:22.016,1.09129,1.09155,1.50,1.00
2017.03.07 21:44:22.581,1.09129,1.09156,1.50,1.00
2017.03.07 21:44:22.939,1.09131,1.09155,1.00,1.00
2017.03.07 21:44:43.472,1.0913,1.09155,1.00,1.00
2017.03.07 21:44:45.311,1.09131,1.09156,1.00,1.00
2017.03.07 21:44:50.741,1.09131,1.09155,1.00,1.00
2017.03.07 21:44:57.016,1.09127,1.09152,1.00,1.00
2017.03.07 21:44:57.580,1.09127,1.09151,1.00,1.00
2017.03.07 21:45:00.558,1.09128,1.09154,1.00,1.00
2017.03.07 21:45:00.790,1.09131,1.09162,1.00,1.00
2017.03.07 21:45:00.992,1.09134,1.09167,1.00,1.75
2017.03.07 21:45:01.426,1.09135,1.09167,1.00,1.37
2017.03.07 21:45:01.477,1.09137,1.09168,1.00,1.50
2017.03.07 21:45:01.679,1.0914,1.0917,1.00,1.12
2017.03.07 21:45:01.830,1.09142,1.09171,1.50,1.37
2017.03.07 21:45:01.982,1.09142,1.09172,1.00,1.12
2017.03.07 21:45:02.033,1.09144,1.09171,1.00,1.00
2017.03.07 21:45:02.337,1.09146,1.0917,1.00,1.00
2017.03.07 21:45:02.438,1.09146,1.09173,1.00,1.50
2017.03.07 21:45:02.539,1.09147,1.09171,1.00,1.00
2017.03.07 21:45:03.065,1.09148,1.09171,1.00,1.00
2017.03.07 21:45:03.666,1.09147,1.09171,1.00,1.00
2017.03.07 21:45:04.165,1.09149,1.09172,1.00,1.00
2017.03.07 21:45:04.935,1.09149,1.09171,1.00,1.00
2017.03.07 21:45:05.505,1.0915,1.09171,1.00,1.00
2017.03.07 21:45:07.262,1.0915,1.09172,1.00,1.00
2017.03.07 21:45:07.958,1.0915,1.09176,1.00,1.50
2017.03.07 21:45:08.009,1.09148,1.09176,1.00,1.50
2017.03.07 21:45:08.568,1.09148,1.09175,1.00,1.00
2017.03.07 21:45:10.267,1.09148,1.09176,1.00,1.50
2017.03.07 21:45:10.817,1.09149,1.09175,1.00,1.12
2017.03.07 21:45:11.416,1.0915,1.09176,1.00,1.87
2017.03.07 21:45:12.400,1.09148,1.09176,1.00,3.00
2017.03.07 21:45:13.639,1.0915,1.09175,1.00,1.00
2017.03.07 21:45:13.942,1.09147,1.09172,1.00,1.12
2017.03.07 21:45:13.993,1.09147,1.09176,1.00,1.75
2017.03.07 21:45:14.044,1.09151,1.09176,1.00,1.50
2017.03.07 21:45:14.095,1.09151,1.09177,1.00,1.50
2017.03.07 21:45:14.714,1.09151,1.09176,1.00,1.00
2017.03.07 21:45:17.860,1.09151,1.09177,1.00,1.00
2017.03.07 21:45:18.099,1.09153,1.09176,1.00,1.12
2017.03.07 21:45:18.634,1.09152,1.09176,1.00,1.12
2017.03.07 21:45:19.461,1.09152,1.09177,1.00,1.12
2017.03.07 21:45:20.910,1.09149,1.09177,1.00,1.87
2017.03.07 21:45:20.961,1.09145,1.09174,1.00,1.00
2017.03.07 21:45:21.012,1.09145,1.09172,1.50,1.00
2017.03.07 21:45:21.316,1.09144,1.09159,1.12,1.50
2017.03.07 21:45:21.619,1.09146,1.09159,1.37,1.00
2017.03.07 21:45:21.821,1.09145,1.09163,1.37,1.00
2017.03.07 21:45:21.872,1.09144,1.09166,1.37,1.00
2017.03.07 21:45:21.923,1.09144,1.09174,1.37,1.00
2017.03.07 21:45:22.024,1.09144,1.09169,1.37,1.00
2017.03.07 21:45:22.327,1.09141,1.09157,1.37,1.00
2017.03.07 21:45:23.070,1.09141,1.09158,1.12,1.00
2017.03.07 21:45:23.172,1.09137,1.09158,1.00,1.00
2017.03.07 21:45:23.715,1.09137,1.09157,1.87,1.00
2017.03.07 21:45:23.767,1.09141,1.09157,1.12,1.00
2017.03.07 21:45:23.850,1.09142,1.09159,1.00,1.50
2017.03.07 21:45:24.415,1.09141,1.09158,1.37,1.00
2017.03.07 21:45:24.517,1.09138,1.09158,1.00,1.00
2017.03.07 21:45:24.568,1.09145,1.09158,1.00,1.00
2017.03.07 21:45:24.652,1.09142,1.09157,1.12,1.00
2017.03.07 21:45:24.704,1.09139,1.09158,1.37,1.00
2017.03.07 21:45:24.755,1.09137,1.09158,1.00,1.00
2017.03.07 21:45:25.260,1.09138,1.09157,1.00,1.00
2017.03.07 21:45:25.435,1.09145,1.09157,1.00,1.00
2017.03.07 21:45:25.486,1.09139,1.09158,1.37,1.00
2017.03.07 21:45:25.587,1.0914,1.09158,1.00,1.00
2017.03.07 21:45:25.684,1.09139,1.0916,1.00,2.25
2017.03.07 21:45:26.220,1.0914,1.09159,1.00,1.00
2017.03.07 21:45:26.670,1.09145,1.09159,1.37,1.00
2017.03.07 21:45:26.924,1.09145,1.09165,1.65,1.50
2017.03.07 21:45:27.071,1.09142,1.0917,1.00,1.00
2017.03.07 21:45:27.122,1.0914,1.09166,1.50,1.00
2017.03.07 21:45:27.223,1.09134,1.09166,1.75,1.50
2017.03.07 21:45:27.274,1.09138,1.09166,1.00,1.00
2017.03.07 21:45:27.325,1.0913,1.09149,1.37,1.00
2017.03.07 21:45:27.830,1.0913,1.09148,1.00,1.00
2017.03.07 21:45:28.335,1.0913,1.09149,1.00,1.00
2017.03.07 21:45:31.153,1.09132,1.09156,1.00,3.00
2017.03.07 21:45:31.204,1.0913,1.09156,1.00,1.00
2017.03.07 21:45:31.255,1.09133,1.09153,1.12,1.00
2017.03.07 21:45:31.580,1.09132,1.09148,1.37,1.00
2017.03.07 21:45:32.101,1.09134,1.09149,1.00,1.50
2017.03.07 21:45:33.308,1.09134,1.0915,1.00,1.00
2017.03.07 21:45:33.735,1.09139,1.0915,1.00,1.00
2017.03.07 21:45:34.245,1.09136,1.09149,1.00,1.00
2017.03.07 21:45:34.761,1.09137,1.09148,1.00,1.00
2017.03.07 21:45:35.288,1.09137,1.09149,1.00,1.50
2017.03.07 21:45:35.809,1.09137,1.0915,1.00,1.00
2017.03.07 21:45:38.880,1.09135,1.0915,1.00,1.00
2017.03.07 21:45:39.171,1.09137,1.0915,1.00,1.00
2017.03.07 21:45:39.599,1.0914,1.09149,1.00,1.00
2017.03.07 21:45:39.650,1.09138,1.09149,1.00,1.00
2017.03.07 21:45:39.905,1.0914,1.09149,1.00,1.00
2017.03.07 21:45:39.956,1.09137,1.0915,1.00,1.50
2017.03.07 21:45:40.058,1.09137,1.09148,1.00,1.00
2017.03.07 21:45:40.574,1.09138,1.09149,1.00,1.50
2017.03.07 21:45:40.917,1.09142,1.09149,1.00,1.00
2017.03.07 21:45:40.968,1.0914,1.09149,1.00,1.00
2017.03.07 21:45:41.019,1.09135,1.0915,1.12,1.00
2017.03.07 21:45:41.120,1.09139,1.09158,1.00,3.00
2017.03.07 21:45:41.171,1.09142,1.09156,1.00,1.50
2017.03.07 21:45:41.222,1.09141,1.09158,1.00,1.00
2017.03.07 21:45:41.273,1.09137,1.09157,1.00,1.00
2017.03.07 21:45:41.375,1.09137,1.09152,1.50,1.00
2017.03.07 21:45:41.678,1.09129,1.09148,1.00,1.00
2017.03.07 21:45:42.000,1.09131,1.09147,1.00,1.00
2017.03.07 21:45:42.151,1.0913,1.09149,1.37,1.00
2017.03.07 21:45:42.404,1.09133,1.09149,1.00,1.00
2017.03.07 21:45:42.560,1.09131,1.09148,1.00,1.00
2017.03.07 21:45:43.066,1.0913,1.09147,1.12,1.00
2017.03.07 21:45:43.117,1.09133,1.09147,1.00,1.00
2017.03.07 21:45:43.218,1.09131,1.09148,1.00,1.00
2017.03.07 21:45:43.420,1.09129,1.09149,1.00,1.00
2017.03.07 21:45:43.971,1.09128,1.09147,1.87,1.00
2017.03.07 21:45:44.529,1.09128,1.09146,2.62,1.00
2017.03.07 21:45:45.040,1.09128,1.09147,2.62,1.00
2017.03.07 21:45:53.927,1.09129,1.09151,1.87,1.00
2017.03.07 21:45:54.028,1.09129,1.09155,1.12,1.00
2017.03.07 21:45:54.130,1.09132,1.09155,1.00,1.00
2017.03.07 21:45:54.456,1.09134,1.09155,1.00,1.00
2017.03.07 21:45:54.961,1.09134,1.09156,1.00,1.00
2017.03.07 21:45:55.365,1.09136,1.09156,1.00,1.00
2017.03.07 21:45:57.366,1.09138,1.09156,1.37,1.00
2017.03.07 21:45:58.829,1.09138,1.09157,1.37,1.50
2017.03.07 21:45:59.359,1.09138,1.09156,1.37,1.00
2017.03.07 21:45:59.867,1.09137,1.09156,1.12,1.00
2017.03.07 21:46:02.223,1.09137,1.09156,1.37,1.00
2017.03.07 21:46:02.274,1.09134,1.09156,1.37,1.00
2017.03.07 21:46:02.325,1.0913,1.09149,1.00,1.00
2017.03.07 21:46:02.376,1.09127,1.09149,1.00,1.00
2017.03.07 21:46:02.427,1.09128,1.09151,1.00,1.00
2017.03.07 21:46:02.963,1.09127,1.0915,1.00,1.00
2017.03.07 21:46:04.317,1.09127,1.09153,1.00,1.00
2017.03.07 21:46:04.367,1.09127,1.09151,1.00,1.00
2017.03.07 21:46:08.101,1.09127,1.0915,1.00,1.00
2017.03.07 21:46:08.202,1.09127,1.09152,1.00,1.00
2017.03.07 21:46:08.253,1.09127,1.09149,1.00,1.00
2017.03.07 21:46:08.904,1.09127,1.0915,1.00,1.00
2017.03.07 21:46:09.393,1.09127,1.09148,1.00,1.00
2017.03.07 21:46:11.182,1.09127,1.09147,1.00,1.00
2017.03.07 21:46:11.779,1.09127,1.09146,1.00,1.00
2017.03.07 21:46:14.414,1.09126,1.09146,1.00,1.00
2017.03.07 21:46:14.679,1.09127,1.09148,1.00,1.00
2017.03.07 21:46:15.218,1.09128,1.09148,1.00,1.00
2017.03.07 21:46:20.100,1.09128,1.09149,1.00,1.00
2017.03.07 21:46:22.970,1.09128,1.09148,1.00,1.00
2017.03.07 21:46:23.482,1.09128,1.09147,1.00,1.00
2017.03.07 21:46:23.584,1.09128,1.09149,1.00,1.00
2017.03.07 21:46:25.490,1.09129,1.09151,1.00,1.00
2017.03.07 21:46:26.070,1.09129,1.0915,1.00,1.00
2017.03.07 21:46:26.637,1.09129,1.09151,1.00,1.00
2017.03.07 21:46:27.328,1.09129,1.0915,1.00,1.00
2017.03.07 21:46:29.096,1.09127,1.09148,1.00,1.00
2017.03.07 21:46:36.100,1.09121,1.09143,1.00,1.00
2017.03.07 21:46:36.151,1.09121,1.09141,1.00,1.00
2017.03.07 21:46:36.201,1.0912,1.09146,1.00,1.37
2017.03.07 21:46:36.305,1.09121,1.09143,1.00,1.00
2017.03.07 21:46:37.035,1.09121,1.09145,1.00,1.50
2017.03.07 21:46:38.189,1.09121,1.09145,1.00,1.50
2017.03.07 21:46:40.354,1.09121,1.09145,1.00,2.25
2017.03.07 21:46:41.438,1.09121,1.09145,1.00,2.25
2017.03.07 21:46:41.715,1.09119,1.09145,1.50,1.50
2017.03.07 21:46:41.917,1.09121,1.09145,1.00,1.87
2017.03.07 21:46:42.740,1.0912,1.09145,1.00,1.87
2017.03.07 21:46:46.789,1.0912,1.09147,1.00,2.25
2017.03.07 21:46:56.698,1.09121,1.09145,1.00,1.00
2017.03.07 21:46:57.012,1.09123,1.09147,1.00,1.50
2017.03.07 21:46:57.063,1.09123,1.09148,1.00,1.00
2017.03.07 21:46:57.164,1.09121,1.09148,1.00,1.00
2017.03.07 21:46:57.215,1.0912,1.09146,1.00,1.37
2017.03.07 21:46:57.317,1.09115,1.09143,1.00,2.25
2017.03.07 21:46:57.418,1.09115,1.09142,1.00,1.87
2017.03.07 21:46:57.946,1.09114,1.09142,1.00,1.87
2017.03.07 21:46:59.602,1.09114,1.09142,1.00,1.87
2017.03.07 21:47:01.554,1.09115,1.09142,1.00,1.87
2017.03.07 21:47:02.360,1.09115,1.09141,1.00,1.12
2017.03.07 21:47:11.732,1.09115,1.09141,1.00,1.50
2017.03.07 21:47:12.041,1.09118,1.09141,1.00,1.12
2017.03.07 21:47:12.553,1.09118,1.09142,1.00,2.25
2017.03.07 21:47:21.205,1.09119,1.09142,1.00,1.50
2017.03.07 21:47:22.160,1.0912,1.09142,1.00,1.50
2017.03.07 21:47:22.815,1.09121,1.09142,1.00,1.12
2017.03.07 21:47:26.943,1.0912,1.09142,1.00,1.12
2017.03.07 21:47:43.619,1.09119,1.09142,1.00,1.00
2017.03.07 21:47:49.260,1.0912,1.09142,1.00,1.00
2017.03.07 21:47:50.159,1.0912,1.09143,1.00,1.00
2017.03.07 21:47:51.401,1.0912,1.09142,1.00,1.00
2017.03.07 21:47:51.949,1.0912,1.09143,1.00,1.00
2017.03.07 21:47:53.191,1.0912,1.09142,1.00,1.00
2017.03.07 21:47:54.451,1.0912,1.09143,1.00,1.00
2017.03.07 21:47:54.973,1.0912,1.09142,1.00,1.00
2017.03.07 21:47:55.828,1.0912,1.09143,1.00,1.00
2017.03.07 21:47:56.477,1.0912,1.09146,1.00,2.62
2017.03.07 21:47:57.282,1.0912,1.09146,1.00,2.62
2017.03.07 21:47:58.827,1.09122,1.09146,1.00,1.87
2017.03.07 21:47:59.359,1.09123,1.09146,1.00,1.00
2017.03.07 21:48:05.986,1.09122,1.09146,1.00,1.00
2017.03.07 21:48:06.325,1.09116,1.09138,1.00,2.62
2017.03.07 21:48:06.427,1.09115,1.09137,1.00,1.87
2017.03.07 21:48:06.932,1.09116,1.09137,1.00,1.75
2017.03.07 21:48:07.134,1.09116,1.09139,1.00,1.37
2017.03.07 21:48:09.685,1.09117,1.0914,1.00,3.75
2017.03.07 21:48:09.786,1.09118,1.09139,1.00,1.12
2017.03.07 21:48:10.489,1.09119,1.09143,1.00,2.62
2017.03.07 21:48:13.660,1.09115,1.09132,1.00,1.00
2017.03.07 21:48:13.761,1.0911,1.09129,1.00,1.00
2017.03.07 21:48:14.023,1.0911,1.09131,1.00,1.00
2017.03.07 21:48:14.784,1.09111,1.09132,1.00,1.00
2017.03.07 21:48:21.094,1.09111,1.09131,1.00,1.00
2017.03.07 21:48:21.145,1.09111,1.09127,1.00,1.00
2017.03.07 21:48:21.196,1.09106,1.09128,1.00,1.00
2017.03.07 21:48:21.398,1.09108,1.09129,1.00,1.00
2017.03.07 21:48:21.499,1.09108,1.09131,1.00,1.00
2017.03.07 21:48:22.043,1.09108,1.0913,1.00,1.00
2017.03.07 21:48:22.806,1.0911,1.09131,1.00,1.00
2017.03.07 21:48:23.290,1.09112,1.09132,1.00,1.12
2017.03.07 21:48:26.644,1.09112,1.09134,1.00,1.12
2017.03.07 21:48:36.996,1.09112,1.09132,1.00,1.00
2017.03.07 21:48:37.047,1.0911,1.09132,1.00,1.00
2017.03.07 21:48:37.148,1.0911,1.09134,1.00,1.00
2017.03.07 21:48:37.886,1.0911,1.09136,1.00,1.37
2017.03.07 21:48:39.608,1.0911,1.09134,1.00,1.00
2017.03.07 21:48:50.466,1.0911,1.09133,1.00,3.75
2017.03.07 21:48:50.567,1.09108,1.09132,1.00,1.50
2017.03.07 21:48:55.719,1.0911,1.09134,1.00,1.37
2017.03.07 21:48:56.524,1.09111,1.09134,1.00,1.37
2017.03.07 21:49:10.015,1.0911,1.09134,1.50,1.37
2017.03.07 21:49:11.965,1.09109,1.09133,1.00,1.00
2017.03.07 21:49:12.373,1.09111,1.09134,1.00,1.12
2017.03.07 21:49:13.061,1.09111,1.09133,1.00,1.00
2017.03.07 21:49:13.668,1.09111,1.09134,1.00,1.12
2017.03.07 21:49:14.382,1.0911,1.09133,1.00,1.00
2017.03.07 21:49:15.780,1.0911,1.09134,1.00,1.87
2017.03.07 21:49:16.362,1.0911,1.09133,1.00,1.00
2017.03.07 21:49:18.180,1.09111,1.09133,1.00,1.00
2017.03.07 21:49:18.533,1.09113,1.09133,1.00,1.00
2017.03.07 21:49:19.071,1.09114,1.09133,1.00,1.00
2017.03.07 21:49:19.698,1.09114,1.09136,1.00,1.87
2017.03.07 21:49:22.520,1.09114,1.09136,1.00,1.00
2017.03.07 21:49:23.001,1.09112,1.09136,1.00,1.00
2017.03.07 21:49:23.102,1.0911,1.09135,1.50,1.00
2017.03.07 21:49:23.689,1.09111,1.09135,1.00,1.00
2017.03.07 21:49:30.931,1.09112,1.09136,1.00,1.87
2017.03.07 21:49:38.672,1.09111,1.09136,1.00,2.25
2017.03.07 21:49:38.723,1.09109,1.09133,1.00,1.50
2017.03.07 21:49:38.824,1.09107,1.09133,1.00,3.00
2017.03.07 21:49:39.059,1.09107,1.09131,1.00,1.12
2017.03.07 21:49:42.024,1.09108,1.0913,1.00,1.87
2017.03.07 21:49:42.788,1.09108,1.0913,1.00,1.12
2017.03.07 21:49:47.122,1.09107,1.09131,1.00,2.62
2017.03.07 21:49:47.790,1.09106,1.09131,1.00,1.87
2017.03.07 21:49:52.000,1.09108,1.0913,1.00,1.12
2017.03.07 21:49:55.011,1.09105,1.09132,1.00,1.37
2017.03.07 21:49:55.062,1.09101,1.09121,1.00,1.00
2017.03.07 21:49:55.113,1.09101,1.09128,1.50,1.00
2017.03.07 21:49:55.163,1.09101,1.09124,1.00,1.00
2017.03.07 21:49:55.315,1.091,1.09128,1.50,2.25
2017.03.07 21:49:55.477,1.09099,1.09118,1.37,1.00
2017.03.07 21:49:55.528,1.0909,1.09119,1.50,1.00
2017.03.07 21:49:55.630,1.09091,1.09108,1.37,1.00
2017.03.07 21:49:55.731,1.0909,1.09109,1.00,1.00
2017.03.07 21:49:55.832,1.0909,1.09107,1.00,1.00
2017.03.07 21:49:56.370,1.09092,1.09108,1.00,1.00
2017.03.07 21:49:58.732,1.0909,1.09108,1.50,1.00
2017.03.07 21:49:59.299,1.0909,1.09107,1.00,1.00
2017.03.07 21:49:59.815,1.09089,1.09107,1.00,1.00
2017.03.07 21:50:00.118,1.09089,1.09108,1.37,1.00
2017.03.07 21:50:00.625,1.09091,1.09107,1.37,1.00
2017.03.07 21:50:00.726,1.09089,1.09107,1.87,1.00
2017.03.07 21:50:01.041,1.0909,1.09107,1.37,1.00
2017.03.07 21:50:05.460,1.09092,1.09115,1.00,1.00
2017.03.07 21:50:05.511,1.09092,1.0912,1.12,1.50
2017.03.07 21:50:05.561,1.09093,1.09117,1.00,1.00
2017.03.07 21:50:05.612,1.09093,1.09119,1.00,1.00
2017.03.07 21:50:05.663,1.09093,1.09109,1.00,1.00
2017.03.07 21:50:05.999,1.09092,1.09107,1.00,1.00
2017.03.07 21:50:07.461,1.09091,1.09107,1.00,1.00
2017.03.07 21:50:07.816,1.09089,1.09109,1.00,1.00
2017.03.07 21:50:08.585,1.09091,1.09108,1.00,1.50
2017.03.07 21:50:09.670,1.09091,1.09107,1.00,1.00
2017.03.07 21:50:12.164,1.09093,1.09107,1.00,1.00
2017.03.07 21:50:20.111,1.09093,1.09108,1.00,1.00
2017.03.07 21:50:22.315,1.09091,1.09108,1.00,1.00
2017.03.07 21:50:23.656,1.09093,1.09108,1.00,1.00
2017.03.07 21:50:25.634,1.09093,1.09107,1.00,1.00
2017.03.07 21:50:27.224,1.09093,1.09108,1.00,1.00
2017.03.07 21:50:31.029,1.09093,1.09107,1.00,1.00
2017.03.07 21:50:31.270,1.09091,1.09107,1.00,1.00
2017.03.07 21:50:32.159,1.09089,1.09107,1.00,1.00
2017.03.07 21:50:43.865,1.09089,1.09115,1.50,2.25
2017.03.07 21:50:43.916,1.09091,1.09118,1.00,1.00
2017.03.07 21:50:44.017,1.09094,1.09118,1.00,1.00
2017.03.07 21:50:44.169,1.09095,1.09121,1.00,1.00
2017.03.07 21:50:44.220,1.09097,1.09122,1.00,1.00
2017.03.07 21:50:47.726,1.09098,1.09123,1.00,1.50
2017.03.07 21:50:47.828,1.09096,1.09123,1.00,1.50
2017.03.07 21:50:48.031,1.09098,1.09123,1.00,1.50
2017.03.07 21:50:48.542,1.09097,1.09124,1.00,1.50
2017.03.07 21:50:49.063,1.09098,1.09123,1.50,1.50
2017.03.07 21:50:49.365,1.09098,1.09122,1.00,1.87
2017.03.07 21:50:50.460,1.09098,1.09123,1.00,1.00
2017.03.07 21:50:50.837,1.09092,1.09112,1.50,1.00
2017.03.07 21:50:51.140,1.09092,1.09107,1.00,1.00
2017.03.07 21:50:51.918,1.09091,1.09108,1.00,1.00
2017.03.07 21:50:52.260,1.09091,1.09114,1.00,1.00
2017.03.07 21:50:52.311,1.09092,1.09119,1.00,1.00
2017.03.07 21:50:52.412,1.09093,1.09121,1.50,1.00
2017.03.07 21:50:52.463,1.09095,1.09121,1.00,1.00
2017.03.07 21:50:52.822,1.09097,1.09121,1.00,1.00
2017.03.07 21:50:56.178,1.09096,1.09121,1.00,1.00
2017.03.07 21:50:56.539,1.09096,1.09119,1.00,1.00
2017.03.07 21:50:57.199,1.09096,1.09118,1.00,1.00
2017.03.07 21:51:01.148,1.09095,1.09121,1.00,1.00
2017.03.07 21:51:01.350,1.09099,1.09122,1.00,1.00
2017.03.07 21:51:01.889,1.09099,1.09123,1.00,1.00
2017.03.07 21:51:01.940,1.09099,1.09125,1.00,1.00
2017.03.07 21:51:02.125,1.09099,1.09123,1.00,1.00
2017.03.07 21:51:02.385,1.09099,1.09125,1.00,1.12
2017.03.07 21:51:02.537,1.09099,1.09123,1.00,1.00
2017.03.07 21:51:03.078,1.09099,1.09124,1.00,1.00
2017.03.07 21:51:03.585,1.09099,1.09123,1.00,1.00
2017.03.07 21:51:05.438,1.09099,1.09124,1.00,1.00
2017.03.07 21:51:06.390,1.09099,1.09123,1.00,1.00
2017.03.07 21:51:07.110,1.09096,1.09123,1.00,1.00
2017.03.07 21:51:07.211,1.09093,1.09122,1.00,1.00
2017.03.07 21:51:07.261,1.09092,1.09119,1.00,1.00
2017.03.07 21:51:07.564,1.09093,1.09109,1.00,1.00
2017.03.07 21:51:08.180,1.0909,1.09109,1.00,1.00
2017.03.07 21:51:11.773,1.09091,1.0911,1.50,1.00
2017.03.07 21:51:12.418,1.09095,1.09109,1.37,1.00
2017.03.07 21:51:12.469,1.09103,1.09117,1.00,1.00
2017.03.07 21:51:12.520,1.091,1.09109,1.00,1.00
2017.03.07 21:51:12.571,1.09103,1.09117,1.37,1.00
2017.03.07 21:51:12.622,1.09103,1.09129,2.62,1.00
2017.03.07 21:51:12.723,1.09106,1.09129,1.37,1.00
2017.03.07 21:51:13.047,1.09112,1.09129,1.00,1.00
2017.03.07 21:51:13.563,1.09113,1.0913,1.00,1.00
2017.03.07 21:51:13.665,1.09113,1.09135,1.00,1.50
2017.03.07 21:51:14.217,1.09112,1.09135,1.00,1.50
2017.03.07 21:51:14.829,1.09112,1.09136,1.00,1.50
2017.03.07 21:51:15.658,1.09112,1.09135,1.00,1.00
2017.03.07 21:51:16.507,1.09113,1.09135,1.00,1.00
2017.03.07 21:51:17.569,1.09113,1.09133,1.00,1.50
2017.03.07 21:51:17.912,1.0909,1.0911,1.00,1.50
2017.03.07 21:51:18.416,1.0909,1.09109,1.12,2.25
2017.03.07 21:51:20.270,1.09092,1.09109,1.00,1.00
2017.03.07 21:51:20.414,1.0909,1.09116,1.12,3.00
2017.03.07 21:51:20.517,1.09088,1.09116,2.25,1.00
2017.03.07 21:51:20.669,1.09089,1.09112,1.00,1.00
2017.03.07 21:51:20.973,1.09088,1.09109,1.87,1.00
2017.03.07 21:51:21.482,1.09087,1.09109,1.00,1.50
2017.03.07 21:51:22.160,1.09086,1.0911,1.00,1.50
2017.03.07 21:51:22.710,1.09085,1.09109,1.00,1.00
2017.03.07 21:51:23.233,1.09084,1.09108,1.00,1.00
2017.03.07 21:51:24.209,1.09084,1.09109,1.00,1.00
2017.03.07 21:51:25.743,1.09084,1.09108,1.00,1.00
2017.03.07 21:51:26.519,1.09087,1.09109,1.00,1.00
2017.03.07 21:51:26.822,1.09089,1.0911,2.62,1.00
2017.03.07 21:51:27.348,1.0909,1.0911,1.00,1.00
2017.03.07 21:51:29.521,1.09091,1.09109,1.50,1.00
2017.03.07 21:51:30.923,1.0909,1.09109,2.25,1.00
2017.03.07 21:51:31.420,1.09092,1.09109,1.50,1.00
2017.03.07 21:51:32.098,1.09089,1.0911,3.00,1.00
2017.03.07 21:51:33.261,1.09088,1.0911,1.50,1.00
2017.03.07 21:51:34.096,1.09089,1.09109,1.50,1.00
2017.03.07 21:51:38.812,1.09088,1.09115,1.87,2.25
2017.03.07 21:51:38.913,1.09093,1.09122,1.12,1.50
2017.03.07 21:51:39.116,1.09099,1.09123,1.00,1.00
2017.03.07 21:51:39.848,1.09099,1.09122,1.00,1.00
2017.03.07 21:51:40.505,1.09098,1.09122,1.00,1.00
2017.03.07 21:51:40.729,1.09098,1.09125,1.00,1.12
2017.03.07 21:51:41.934,1.09097,1.09125,1.00,1.12
2017.03.07 21:51:42.141,1.09099,1.09125,1.00,1.12
2017.03.07 21:51:44.119,1.09098,1.09125,1.00,1.00
2017.03.07 21:51:44.371,1.09096,1.09125,1.00,1.00
2017.03.07 21:51:47.699,1.09096,1.09119,1.00,1.00
2017.03.07 21:51:48.203,1.09097,1.09119,1.00,1.00
2017.03.07 21:51:50.299,1.09097,1.09117,1.00,1.50
2017.03.07 21:51:50.450,1.09095,1.09117,1.00,1.50
2017.03.07 21:51:50.966,1.09094,1.09117,1.00,1.50
2017.03.07 21:51:55.026,1.09094,1.09116,1.00,1.00
2017.03.07 21:51:55.077,1.09094,1.09119,1.00,1.00
2017.03.07 21:51:55.229,1.09096,1.09119,1.00,1.00
2017.03.07 21:51:55.879,1.09097,1.09119,1.00,1.00
2017.03.07 21:51:57.128,1.09098,1.09119,1.00,1.00
2017.03.07 21:51:58.909,1.09094,1.09119,1.00,1.00
2017.03.07 21:51:58.960,1.09093,1.09116,1.12,1.00
2017.03.07 21:51:59.207,1.09093,1.09119,1.00,1.00
2017.03.07 21:51:59.359,1.09093,1.09122,1.00,1.00
2017.03.07 21:51:59.410,1.09096,1.09122,1.00,1.00
2017.03.07 21:52:00.574,1.09094,1.09121,1.00,1.50
2017.03.07 21:52:00.726,1.09094,1.09118,1.00,1.00
2017.03.07 21:52:01.028,1.09092,1.09115,1.00,1.00
2017.03.07 21:52:01.710,1.09089,1.09115,1.00,1.00
2017.03.07 21:52:01.761,1.09085,1.09111,1.00,1.00
2017.03.07 21:52:02.064,1.09082,1.09106,1.00,1.00
2017.03.07 21:52:05.028,1.09082,1.09107,1.00,1.00
2017.03.07 21:52:07.914,1.09083,1.09107,1.00,1.50
2017.03.07 21:52:08.629,1.09083,1.09106,1.00,1.00
2017.03.07 21:52:09.488,1.09081,1.09107,1.00,1.50
2017.03.07 21:52:10.011,1.09081,1.09106,1.00,1.00
2017.03.07 21:52:15.871,1.09079,1.09106,1.00,1.00
2017.03.07 21:52:16.418,1.0908,1.09106,1.00,1.00
2017.03.07 21:52:16.860,1.09082,1.09107,1.00,1.50
2017.03.07 21:52:17.381,1.09083,1.09107,1.00,1.00
2017.03.07 21:52:17.560,1.09083,1.09109,1.00,1.00
2017.03.07 21:52:17.661,1.09084,1.09111,1.00,1.00
2017.03.07 21:52:17.712,1.09084,1.09114,1.00,1.00
2017.03.07 21:52:17.813,1.09091,1.09117,1.00,1.00
2017.03.07 21:52:18.175,1.09093,1.09117,1.00,1.00
2017.03.07 21:52:18.725,1.09093,1.09118,1.00,1.50
2017.03.07 21:52:19.734,1.09092,1.09118,1.00,1.50
2017.03.07 21:52:20.448,1.09092,1.09113,1.00,1.00
2017.03.07 21:52:20.499,1.0909,1.09113,1.00,1.00
2017.03.07 21:52:21.186,1.0909,1.09112,1.00,1.00
2017.03.07 21:52:23.288,1.0909,1.09113,1.00,1.00
2017.03.07 21:52:24.187,1.0909,1.09114,1.00,1.00
2017.03.07 21:52:25.128,1.0909,1.09113,1.00,1.00
2017.03.07 21:52:25.807,1.0909,1.09114,1.00,1.00
2017.03.07 21:52:29.009,1.09086,1.09114,1.00,1.00
2017.03.07 21:52:29.060,1.09082,1.09108,1.37,1.00
2017.03.07 21:52:29.363,1.09078,1.09101,1.37,1.00
2017.03.07 21:52:30.098,1.09078,1.091,1.00,1.00
2017.03.07 21:52:34.688,1.09078,1.09099,1.00,1.00
2017.03.07 21:52:36.264,1.09078,1.091,1.00,1.00
2017.03.07 21:52:40.790,1.09076,1.09099,3.37,1.00
2017.03.07 21:52:44.516,1.09079,1.091,1.00,1.50
2017.03.07 21:52:47.061,1.09079,1.09099,1.00,1.50
2017.03.07 21:52:47.969,1.09078,1.09099,1.00,1.50
2017.03.07 21:52:49.693,1.09078,1.09105,1.00,1.50
2017.03.07 21:52:49.744,1.09078,1.09108,1.00,1.00
2017.03.07 21:52:49.845,1.09082,1.09109,1.00,1.00
2017.03.07 21:52:49.946,1.09082,1.09111,1.00,1.00
2017.03.07 21:52:50.047,1.09087,1.09111,1.00,1.00
2017.03.07 21:52:51.436,1.09087,1.09112,1.00,1.00
2017.03.07 21:52:54.322,1.09087,1.09111,1.00,1.12
2017.03.07 21:52:54.625,1.09087,1.09109,1.00,1.00
2017.03.07 21:52:54.966,1.09088,1.09107,1.00,1.00
2017.03.07 21:52:55.468,1.09088,1.09108,1.00,1.00
2017.03.07 21:52:56.161,1.09088,1.0911,1.00,1.00
2017.03.07 21:52:56.262,1.09086,1.09111,1.00,1.00
2017.03.07 21:52:56.628,1.09089,1.0911,1.00,1.00
2017.03.07 21:52:57.200,1.09089,1.09111,1.00,1.00
2017.03.07 21:52:59.010,1.09089,1.0911,1.00,1.00
2017.03.07 21:53:02.865,1.09089,1.09112,1.00,1.00
2017.03.07 21:53:03.574,1.09089,1.09113,1.00,1.00
2017.03.07 21:53:06.214,1.0909,1.09113,1.00,1.00
2017.03.07 21:53:06.593,1.09092,1.09114,1.00,1.50
2017.03.07 21:53:07.205,1.09091,1.09114,1.00,1.50
2017.03.07 21:53:09.458,1.0909,1.09114,1.00,1.00
2017.03.07 21:53:10.710,1.09088,1.09114,1.00,1.50
2017.03.07 21:53:10.761,1.09081,1.09101,1.50,1.00
2017.03.07 21:53:10.812,1.09079,1.09108,1.87,1.00
2017.03.07 21:53:11.118,1.09082,1.0911,1.00,1.00
2017.03.07 21:53:11.270,1.09082,1.09112,1.00,1.12
2017.03.07 21:53:11.371,1.09084,1.09112,1.00,1.12
2017.03.07 21:53:12.217,1.09084,1.09111,1.00,1.00
2017.03.07 21:53:14.809,1.09081,1.09111,1.00,1.00
2017.03.07 21:53:14.860,1.09076,1.09101,1.50,1.00
2017.03.07 21:53:14.911,1.09076,1.09106,1.37,1.00
2017.03.07 21:53:14.962,1.09078,1.091,1.00,1.00
2017.03.07 21:53:15.013,1.09077,1.09102,1.00,1.00
2017.03.07 21:53:15.064,1.09076,1.09106,1.00,1.87
2017.03.07 21:53:15.165,1.09076,1.09109,1.50,1.50
2017.03.07 21:53:15.317,1.0908,1.09109,1.00,1.00
2017.03.07 21:53:17.743,1.09077,1.09099,1.87,1.00
2017.03.07 21:53:17.794,1.09077,1.09107,1.87,1.00
2017.03.07 21:53:17.845,1.09077,1.09102,1.50,1.00
2017.03.07 21:53:18.148,1.09073,1.09091,1.00,1.50
2017.03.07 21:53:18.490,1.09074,1.09089,1.00,1.00
2017.03.07 21:53:18.764,1.09072,1.09089,1.87,1.00
2017.03.07 21:53:19.304,1.09072,1.0909,1.87,1.00
2017.03.07 21:53:21.744,1.09072,1.09089,1.12,1.00
2017.03.07 21:53:21.795,1.09074,1.09089,1.00,1.00
2017.03.07 21:53:22.050,1.09074,1.09097,1.87,1.50
2017.03.07 21:53:22.101,1.09076,1.09103,1.00,1.50
2017.03.07 21:53:22.304,1.09078,1.09106,1.00,1.00
2017.03.07 21:53:22.963,1.09078,1.09105,1.00,1.00
2017.03.07 21:53:25.810,1.09075,1.09105,1.00,1.00
2017.03.07 21:53:25.861,1.09074,1.09093,1.50,1.00
2017.03.07 21:53:26.164,1.09073,1.09089,1.12,1.00
2017.03.07 21:53:26.966,1.09072,1.09089,1.12,1.00
2017.03.07 21:53:27.483,1.09072,1.0909,1.00,1.00
2017.03.07 21:53:27.819,1.09072,1.09088,1.87,1.00
2017.03.07 21:53:36.014,1.09072,1.09089,1.50,1.00
2017.03.07 21:53:39.449,1.09072,1.09088,1.87,1.00
2017.03.07 21:53:42.660,1.09072,1.09094,1.00,1.00
2017.03.07 21:53:42.711,1.09073,1.09102,1.37,1.00
2017.03.07 21:53:42.762,1.09074,1.09104,1.12,1.00
2017.03.07 21:53:42.863,1.09078,1.09106,1.00,1.00
2017.03.07 21:53:43.450,1.09078,1.09107,1.00,1.50
2017.03.07 21:53:47.999,1.09078,1.09108,1.00,1.50
2017.03.07 21:53:49.558,1.09078,1.09107,1.00,1.00
2017.03.07 21:53:52.774,1.09078,1.09108,1.00,1.50
2017.03.07 21:53:53.599,1.09078,1.09107,1.00,1.00
2017.03.07 21:53:54.192,1.09078,1.09108,1.00,1.50
2017.03.07 21:53:54.727,1.09078,1.09107,1.00,1.00
2017.03.07 21:53:56.358,1.09081,1.09108,1.00,1.00
2017.03.07 21:53:56.409,1.09081,1.0911,1.00,1.00
2017.03.07 21:53:57.750,1.09081,1.09111,1.00,1.50
2017.03.07 21:54:00.117,1.09083,1.09111,1.00,1.00
2017.03.07 21:54:01.277,1.09083,1.09109,1.00,1.00
2017.03.07 21:54:01.871,1.09083,1.0911,1.00,1.00
2017.03.07 21:54:03.842,1.09083,1.09111,1.00,1.50
2017.03.07 21:54:04.388,1.09083,1.09112,1.00,1.87
2017.03.07 21:54:05.119,1.09083,1.09111,1.00,1.00
2017.03.07 21:54:06.817,1.09083,1.09112,1.00,1.12
2017.03.07 21:54:08.703,1.09085,1.09113,1.00,1.37
2017.03.07 21:54:09.565,1.09085,1.09111,1.00,1.00
2017.03.07 21:54:10.221,1.09085,1.09113,1.00,1.37
2017.03.07 21:54:13.310,1.09082,1.09113,1.50,1.37
2017.03.07 21:54:13.360,1.09082,1.09107,1.00,1.00
2017.03.07 21:54:13.912,1.09081,1.09107,1.00,1.00
2017.03.07 21:54:18.003,1.09081,1.09106,1.00,1.00
2017.03.07 21:54:18.528,1.09081,1.09107,1.00,1.00
2017.03.07 21:54:19.078,1.09081,1.09106,1.00,1.00
2017.03.07 21:54:27.718,1.09079,1.09107,1.50,1.00
2017.03.07 21:54:30.062,1.09079,1.09099,1.00,1.00
2017.03.07 21:54:30.113,1.09079,1.09102,1.00,1.00
2017.03.07 21:54:30.214,1.09076,1.09097,1.87,1.00
2017.03.07 21:54:30.458,1.09077,1.091,1.50,1.00
2017.03.07 21:54:30.509,1.09077,1.09106,1.00,1.00
2017.03.07 21:54:30.560,1.09077,1.09102,1.50,1.00
2017.03.07 21:54:30.868,1.09076,1.0909,1.00,1.00
2017.03.07 21:54:30.919,1.09076,1.09096,1.00,1.00
2017.03.07 21:54:30.970,1.09073,1.09096,1.00,1.00
2017.03.07 21:54:31.021,1.09077,1.09104,1.00,1.00
2017.03.07 21:54:31.122,1.09072,1.09106,4.12,1.00
2017.03.07 21:54:31.173,1.09078,1.09106,1.00,1.50
2017.03.07 21:54:31.709,1.09076,1.09106,1.00,2.25
2017.03.07 21:54:31.763,1.09076,1.09104,1.00,1.00
2017.03.07 21:54:31.864,1.09077,1.09106,1.00,2.25
2017.03.07 21:54:32.472,1.09078,1.09105,1.00,1.00
2017.03.07 21:54:33.461,1.0908,1.09106,1.00,1.00
2017.03.07 21:54:33.793,1.09082,1.09106,1.00,1.50
2017.03.07 21:54:34.509,1.0908,1.09106,1.00,1.50
2017.03.07 21:54:34.611,1.09078,1.09105,1.00,1.00
2017.03.07 21:54:34.712,1.09076,1.09106,1.00,1.00
2017.03.07 21:54:35.389,1.09076,1.09105,1.00,1.00
2017.03.07 21:54:36.572,1.09077,1.09105,1.00,1.50
2017.03.07 21:54:37.119,1.09078,1.09106,1.00,1.50
2017.03.07 21:54:37.761,1.09078,1.09101,1.00,1.00
2017.03.07 21:54:37.862,1.09077,1.09105,1.00,1.50
2017.03.07 21:54:39.084,1.09078,1.09106,1.00,1.00
2017.03.07 21:54:39.734,1.09079,1.09107,1.00,1.50
2017.03.07 21:54:42.869,1.09079,1.09104,1.00,1.00
2017.03.07 21:54:49.838,1.09081,1.09104,1.00,1.00
2017.03.07 21:54:50.766,1.09081,1.09105,1.00,1.00
2017.03.07 21:54:52.254,1.09083,1.09106,1.00,1.50
2017.03.07 21:54:54.410,1.09081,1.09106,1.00,1.50
2017.03.07 21:54:54.460,1.09081,1.09103,1.00,1.00
2017.03.07 21:54:54.511,1.09076,1.09103,1.00,1.00
2017.03.07 21:54:55.282,1.09077,1.09104,1.00,1.50
2017.03.07 21:54:55.586,1.09075,1.09104,1.00,1.50
2017.03.07 21:54:56.272,1.09075,1.09103,1.00,1.00
2017.03.07 21:54:58.463,1.09075,1.09104,1.00,1.00
2017.03.07 21:54:58.514,1.09078,1.09106,1.00,1.50
2017.03.07 21:54:59.104,1.09079,1.09106,1.00,1.50
2017.03.07 21:54:59.669,1.09078,1.09106,1.50,1.00
2017.03.07 21:55:00.172,1.09077,1.09103,1.00,1.00
2017.03.07 21:55:00.223,1.09076,1.09105,1.12,1.00
2017.03.07 21:55:00.742,1.09078,1.09106,1.50,1.00
2017.03.07 21:55:01.315,1.09079,1.09106,1.00,1.50
2017.03.07 21:55:01.981,1.09079,1.09107,1.00,2.25
2017.03.07 21:55:04.787,1.09079,1.09106,1.00,1.00
2017.03.07 21:55:05.404,1.09078,1.09106,1.00,1.00
2017.03.07 21:55:07.160,1.09081,1.09106,1.37,1.00
2017.03.07 21:55:07.696,1.09081,1.09107,1.12,1.00
2017.03.07 21:55:08.044,1.09079,1.09106,1.00,1.00
2017.03.07 21:55:08.095,1.09079,1.09102,1.00,1.00
2017.03.07 21:55:08.196,1.09073,1.09098,1.00,1.00
2017.03.07 21:55:08.463,1.09072,1.091,1.00,1.00
2017.03.07 21:55:08.514,1.09074,1.09101,1.00,2.25
2017.03.07 21:55:10.954,1.09074,1.091,1.00,1.00
2017.03.07 21:55:12.609,1.09071,1.091,1.00,1.00
2017.03.07 21:55:12.660,1.09069,1.09091,1.00,1.00
2017.03.07 21:55:12.964,1.09066,1.09088,1.00,1.00
2017.03.07 21:55:13.275,1.09066,1.09086,1.12,1.00
2017.03.07 21:55:16.219,1.09068,1.09086,1.00,1.00
2017.03.07 21:55:21.957,1.09068,1.09087,1.00,1.50
2017.03.07 21:55:22.568,1.09068,1.09086,1.00,1.00
2017.03.07 21:55:26.707,1.0907,1.09086,1.00,1.00
2017.03.07 21:55:27.239,1.09067,1.09087,1.00,1.00
2017.03.07 21:55:28.260,1.09069,1.09087,1.00,1.00
2017.03.07 21:55:28.412,1.09067,1.09086,1.00,1.00
2017.03.07 21:55:28.890,1.09069,1.09086,1.00,1.00
2017.03.07 21:55:30.254,1.09069,1.09087,1.00,1.00
2017.03.07 21:55:30.874,1.09069,1.09086,1.00,1.00
2017.03.07 21:55:31.377,1.09069,1.09087,1.00,1.00
2017.03.07 21:55:32.604,1.09069,1.09086,1.00,1.00
2017.03.07 21:55:33.148,1.09069,1.09087,1.00,1.00
2017.03.07 21:55:34.516,1.09069,1.09086,1.00,1.00
2017.03.07 21:55:38.912,1.09069,1.09087,1.00,1.50
2017.03.07 21:55:42.988,1.09066,1.09087,1.87,1.00
2017.03.07 21:55:43.039,1.09069,1.09086,1.00,1.00
2017.03.07 21:55:43.158,1.09067,1.09087,1.00,1.00
2017.03.07 21:55:43.777,1.09067,1.09086,1.00,1.00
2017.03.07 21:55:46.525,1.09069,1.09086,1.00,1.00
2017.03.07 21:55:48.589,1.09069,1.09087,1.00,1.00
2017.03.07 21:55:50.884,1.09069,1.09086,1.00,1.00
2017.03.07 21:55:51.190,1.09067,1.09086,1.00,1.00
2017.03.07 21:55:52.409,1.09067,1.09087,1.00,1.00
2017.03.07 21:55:52.460,1.09069,1.09092,1.00,1.00
2017.03.07 21:55:52.511,1.09069,1.09096,1.00,1.00
2017.03.07 21:55:52.663,1.09074,1.09094,1.00,1.00
2017.03.07 21:55:52.714,1.0907,1.09094,1.00,1.00
2017.03.07 21:55:52.774,1.09068,1.09094,1.00,1.00
2017.03.07 21:55:52.977,1.09071,1.09096,1.00,1.00
2017.03.07 21:55:53.730,1.09071,1.09097,1.00,1.50
2017.03.07 21:55:54.408,1.09071,1.09096,1.00,1.00
2017.03.07 21:55:55.150,1.09071,1.09097,1.00,1.50
2017.03.07 21:55:56.146,1.09071,1.09096,1.00,1.00
2017.03.07 21:55:56.449,1.09072,1.09099,1.00,1.00
2017.03.07 21:55:56.701,1.09074,1.09099,1.00,1.00
2017.03.07 21:55:57.238,1.09074,1.09099,1.00,1.37
2017.03.07 21:55:59.779,1.09073,1.09099,1.00,1.37
2017.03.07 21:56:00.249,1.09075,1.091,1.00,1.37
2017.03.07 21:56:01.130,1.09075,1.091,1.00,1.50
2017.03.07 21:56:01.434,1.09073,1.09099,1.00,1.00
2017.03.07 21:56:02.347,1.09073,1.09097,1.00,1.00
2017.03.07 21:56:05.867,1.09074,1.09099,1.00,1.00
2017.03.07 21:56:06.567,1.09075,1.09099,1.00,1.00
2017.03.07 21:56:08.987,1.09077,1.091,1.00,1.00
2017.03.07 21:56:09.400,1.09078,1.09102,1.00,1.00
2017.03.07 21:56:09.614,1.09078,1.091,1.00,1.00
2017.03.07 21:56:10.130,1.09078,1.09102,1.00,1.00
2017.03.07 21:56:10.181,1.09078,1.091,1.00,1.00
2017.03.07 21:56:10.711,1.09078,1.09101,1.00,1.00
2017.03.07 21:56:13.445,1.09078,1.091,1.00,1.00
2017.03.07 21:56:14.293,1.09078,1.09101,1.00,1.00
2017.03.07 21:56:16.198,1.09078,1.091,1.00,1.00
2017.03.07 21:56:23.045,1.09077,1.091,1.00,1.00
2017.03.07 21:56:23.448,1.09079,1.09099,1.00,1.00
2017.03.07 21:56:29.583,1.09078,1.09099,1.00,1.00
2017.03.07 21:56:29.634,1.09075,1.09099,1.50,1.00
2017.03.07 21:56:29.685,1.09075,1.09097,1.00,1.00
2017.03.07 21:56:29.990,1.09077,1.09096,1.00,1.00
2017.03.07 21:56:34.260,1.09077,1.09102,1.00,1.50
2017.03.07 21:56:34.311,1.09084,1.09103,1.00,1.00
2017.03.07 21:56:34.362,1.09081,1.09104,1.00,1.00
2017.03.07 21:56:34.463,1.09077,1.09098,1.00,1.50
2017.03.07 21:56:34.806,1.09079,1.09096,1.00,1.00
2017.03.07 21:56:36.613,1.09078,1.09096,1.00,1.00
2017.03.07 21:56:36.748,1.09077,1.09099,1.00,1.00
2017.03.07 21:56:36.799,1.09077,1.09097,1.00,1.00
2017.03.07 21:56:36.850,1.09075,1.09097,1.00,1.00
2017.03.07 21:56:37.365,1.09074,1.09097,1.00,1.00
2017.03.07 21:56:37.873,1.09075,1.09098,1.50,1.00
2017.03.07 21:56:37.924,1.09077,1.09102,1.00,1.00
2017.03.07 21:56:39.129,1.09078,1.09102,1.00,1.00
2017.03.07 21:56:39.684,1.09079,1.09103,1.00,1.00
2017.03.07 21:56:40.410,1.09079,1.09102,1.00,1.37
2017.03.07 21:56:40.636,1.09076,1.091,1.00,1.50
2017.03.07 21:56:40.737,1.09077,1.09095,1.00,1.00
2017.03.07 21:56:40.788,1.09071,1.09094,1.00,1.00
2017.03.07 21:56:41.040,1.09072,1.09098,1.00,1.50
2017.03.07 21:56:41.192,1.09081,1.09102,1.00,1.50
2017.03.07 21:56:41.243,1.09081,1.09104,1.00,1.00
2017.03.07 21:56:41.395,1.09083,1.09106,1.00,1.00
2017.03.07 21:56:41.716,1.09085,1.09108,1.00,1.00
2017.03.07 21:56:42.397,1.09085,1.09109,1.00,1.00
2017.03.07 21:56:43.424,1.09085,1.0911,1.00,1.00
2017.03.07 21:56:44.580,1.09085,1.09109,1.00,1.00
2017.03.07 21:56:45.302,1.09083,1.09107,1.00,1.00
2017.03.07 21:56:45.656,1.09085,1.09108,1.00,1.00
2017.03.07 21:56:45.808,1.09083,1.09108,1.00,1.00
2017.03.07 21:56:46.677,1.09083,1.09107,1.00,1.00
2017.03.07 21:56:49.021,1.09083,1.09109,1.00,1.00
2017.03.07 21:56:49.522,1.09084,1.09109,1.00,1.50
2017.03.07 21:56:50.053,1.09084,1.0911,1.00,1.00
2017.03.07 21:56:50.103,1.09084,1.09108,1.00,1.00
2017.03.07 21:56:51.559,1.09084,1.0911,1.00,1.00
2017.03.07 21:56:51.610,1.09086,1.0911,1.00,1.00
2017.03.07 21:56:52.143,1.09087,1.0911,1.00,1.00
2017.03.07 21:56:53.019,1.09087,1.09112,1.00,1.50
2017.03.07 21:56:57.659,1.09087,1.09111,1.00,1.00
2017.03.07 21:56:59.600,1.09087,1.0911,1.00,1.00
2017.03.07 21:57:00.144,1.09088,1.0911,1.00,1.00
2017.03.07 21:57:00.545,1.09086,1.09111,1.00,1.00
2017.03.07 21:57:01.143,1.09086,1.0911,1.00,1.00
2017.03.07 21:57:02.462,1.09087,1.0911,1.00,1.00
2017.03.07 21:57:02.614,1.09084,1.09108,1.00,1.00
2017.03.07 21:57:02.665,1.09081,1.09102,1.00,1.00
2017.03.07 21:57:02.716,1.09081,1.09105,1.12,1.00
2017.03.07 21:57:02.767,1.09081,1.09111,1.50,1.00
2017.03.07 21:57:02.868,1.09085,1.09111,1.00,1.50
2017.03.07 21:57:03.171,1.09083,1.09106,1.12,1.50
2017.03.07 21:57:03.424,1.09078,1.09102,1.00,1.00
2017.03.07 21:57:03.475,1.0908,1.09102,1.00,1.00
2017.03.07 21:57:03.980,1.0908,1.09103,1.00,1.00
2017.03.07 21:57:07.943,1.0908,1.09104,1.00,1.00
2017.03.07 21:57:08.270,1.0908,1.09102,1.00,1.00
2017.03.07 21:57:08.817,1.0908,1.09103,1.00,1.00
2017.03.07 21:57:13.785,1.09081,1.09103,1.00,1.00
2017.03.07 21:57:23.911,1.0908,1.09103,1.00,1.87
2017.03.07 21:57:23.962,1.09077,1.09102,1.00,1.50
2017.03.07 21:57:24.145,1.09081,1.09103,1.00,1.00
2017.03.07 21:57:24.298,1.09078,1.09101,1.00,1.00
2017.03.07 21:57:24.551,1.0908,1.09105,1.00,1.00
2017.03.07 21:57:24.602,1.09083,1.09107,1.00,1.00
2017.03.07 21:57:24.906,1.09086,1.09107,1.00,1.12
2017.03.07 21:57:25.513,1.09085,1.09107,1.00,1.00
2017.03.07 21:57:26.219,1.09085,1.09106,1.00,1.00
2017.03.07 21:57:33.441,1.09085,1.09107,1.00,1.00
2017.03.07 21:57:33.753,1.09085,1.09105,1.00,1.00
2017.03.07 21:57:34.262,1.09085,1.09109,1.00,1.00
2017.03.07 21:57:34.313,1.09087,1.09109,1.00,1.00
2017.03.07 21:57:34.364,1.09087,1.09111,1.00,1.00
2017.03.07 21:57:34.621,1.09089,1.09111,1.00,1.00
2017.03.07 21:57:41.959,1.09089,1.0911,1.00,1.00
2017.03.07 21:57:42.900,1.09088,1.09111,1.00,1.50
2017.03.07 21:57:43.001,1.09086,1.0911,1.00,1.00
2017.03.07 21:57:43.509,1.09085,1.0911,1.00,1.50
2017.03.07 21:57:43.961,1.09083,1.0911,1.00,1.50
2017.03.07 21:57:44.359,1.09085,1.09109,1.00,1.00
2017.03.07 21:57:44.758,1.09085,1.09107,1.00,1.00
2017.03.07 21:57:45.950,1.09085,1.09109,1.00,1.00
2017.03.07 21:57:47.454,1.09084,1.09109,1.00,1.00
2017.03.07 21:57:47.556,1.09084,1.09107,1.00,1.00
2017.03.07 21:57:47.835,1.09084,1.09109,1.00,1.50
2017.03.07 21:57:48.500,1.09084,1.09108,1.00,1.00
2017.03.07 21:57:50.669,1.09082,1.09108,1.00,1.00
2017.03.07 21:57:50.720,1.0908,1.09108,1.00,1.00
2017.03.07 21:57:51.471,1.0908,1.09107,1.00,1.00
2017.03.07 21:57:51.742,1.09078,1.09105,1.37,1.00
2017.03.07 21:57:52.460,1.09078,1.09106,1.37,1.00
2017.03.07 21:57:53.697,1.09078,1.09106,1.12,1.00
2017.03.07 21:57:54.230,1.09079,1.09106,1.12,1.00
2017.03.07 21:57:58.047,1.09078,1.09106,1.12,1.00
2017.03.07 21:57:59.236,1.09078,1.09102,1.37,1.50
2017.03.07 21:57:59.438,1.09073,1.09104,1.50,1.00
2017.03.07 21:57:59.540,1.09075,1.09104,1.37,2.25
2017.03.07 21:57:59.641,1.09071,1.09104,2.25,1.50
2017.03.07 21:57:59.913,1.09071,1.09102,1.50,1.00
2017.03.07 21:58:00.218,1.09069,1.091,1.50,1.00
2017.03.07 21:58:00.751,1.09069,1.09099,1.50,1.00
2017.03.07 21:58:01.252,1.0907,1.09099,1.00,1.00
2017.03.07 21:58:01.755,1.09069,1.091,1.00,1.00
2017.03.07 21:58:02.064,1.09067,1.091,1.00,1.00
2017.03.07 21:58:02.223,1.09068,1.09098,1.00,1.00
2017.03.07 21:58:02.727,1.09066,1.09098,1.00,1.00
2017.03.07 21:58:04.858,1.09066,1.09099,1.00,1.00
2017.03.07 21:58:05.010,1.09068,1.09099,1.00,1.00
2017.03.07 21:58:05.724,1.09068,1.09098,1.00,1.00
2017.03.07 21:58:06.332,1.09069,1.09098,1.00,1.00
2017.03.07 21:58:07.096,1.09067,1.09098,1.00,1.00
2017.03.07 21:58:07.185,1.09067,1.09096,1.00,1.00
2017.03.07 21:58:07.714,1.09066,1.09096,1.00,1.00
2017.03.07 21:58:08.217,1.09065,1.09096,1.50,1.00
2017.03.07 21:58:08.783,1.09065,1.09093,1.00,1.00
2017.03.07 21:58:09.342,1.09064,1.09093,1.50,1.00
2017.03.07 21:58:10.807,1.09065,1.09093,1.00,1.00
2017.03.07 21:58:14.611,1.09064,1.09093,1.00,1.00
2017.03.07 21:58:15.165,1.09065,1.09093,1.00,1.00
2017.03.07 21:58:17.172,1.09064,1.09093,1.00,1.00
2017.03.07 21:58:17.389,1.09061,1.09093,1.87,1.00
2017.03.07 21:58:21.722,1.09062,1.09091,1.00,1.00
2017.03.07 21:58:22.035,1.09062,1.09093,1.00,1.50
2017.03.07 21:58:22.233,1.09062,1.09091,1.00,1.00
2017.03.07 21:58:22.283,1.0906,1.09091,1.00,1.00
2017.03.07 21:58:23.840,1.09075,1.09091,1.00,1.00
2017.03.07 21:58:23.891,1.09075,1.09095,1.50,1.00
2017.03.07 21:58:23.942,1.09073,1.091,1.00,1.00
2017.03.07 21:58:24.043,1.09071,1.091,1.00,1.00
2017.03.07 21:58:24.144,1.09067,1.09099,1.50,1.00
2017.03.07 21:58:24.195,1.09066,1.09099,1.00,1.00
2017.03.07 21:58:24.347,1.09066,1.09096,1.00,1.00
2017.03.07 21:58:24.398,1.09064,1.09096,1.00,1.00
2017.03.07 21:58:24.658,1.09064,1.09094,1.00,1.00
2017.03.07 21:58:25.184,1.09063,1.09094,1.50,1.00
2017.03.07 21:58:25.730,1.09063,1.09096,1.00,1.00
2017.03.07 21:58:27.142,1.09064,1.09096,1.00,1.00
2017.03.07 21:58:27.783,1.09063,1.09097,1.00,1.00
2017.03.07 21:58:28.387,1.09064,1.09097,1.00,1.00
2017.03.07 21:58:30.162,1.09066,1.09097,1.75,1.00
2017.03.07 21:58:30.213,1.09066,1.09097,1.00,1.00
2017.03.07 21:58:30.728,1.09065,1.09097,1.00,1.00
2017.03.07 21:58:32.914,1.09066,1.09097,1.00,1.00
2017.03.07 21:58:33.016,1.09064,1.09097,1.00,1.00
2017.03.07 21:58:33.637,1.09063,1.09097,1.12,1.00
2017.03.07 21:58:36.583,1.09062,1.09098,1.12,1.00
2017.03.07 21:58:38.239,1.09064,1.09097,1.00,1.00
2017.03.07 21:58:40.715,1.09067,1.09102,1.00,1.00
2017.03.07 21:58:40.766,1.09067,1.09104,1.50,1.50
2017.03.07 21:58:40.968,1.09069,1.09103,1.00,1.00
2017.03.07 21:58:41.466,1.09067,1.09102,1.00,1.50
2017.03.07 21:58:42.828,1.09067,1.09103,1.00,1.00
2017.03.07 21:58:44.910,1.0907,1.09103,1.00,1.00
2017.03.07 21:58:46.449,1.09067,1.09103,1.50,1.50
2017.03.07 21:58:46.703,1.09067,1.09101,1.00,1.00
2017.03.07 21:58:47.379,1.09066,1.09101,1.00,1.00
2017.03.07 21:58:47.908,1.09067,1.09101,1.00,1.00
2017.03.07 21:58:48.437,1.09066,1.091,1.00,1.00
2017.03.07 21:58:54.884,1.09068,1.09101,1.00,1.00
2017.03.07 21:58:55.418,1.09068,1.09102,1.00,1.00
2017.03.07 21:58:56.748,1.09067,1.09104,1.00,1.50
2017.03.07 21:58:57.253,1.09068,1.09104,1.00,1.00
2017.03.07 21:58:58.641,1.09069,1.09104,1.00,1.00
2017.03.07 21:58:59.191,1.09069,1.09102,1.00,1.00
2017.03.07 21:59:00.070,1.09067,1.09102,1.00,1.00
2017.03.07 21:59:00.121,1.09068,1.09104,0.75,0.75
2017.03.07 21:59:00.172,1.09063,1.09104,3.00,0.75
2017.03.07 21:59:00.273,1.09061,1.09102,0.75,0.75
2017.03.07 21:59:00.581,1.09064,1.09101,0.75,0.75
2017.03.07 21:59:00.947,1.09068,1.09101,0.75,0.75
2017.03.07 21:59:01.531,1.09068,1.091,0.75,0.75
2017.03.07 21:59:03.238,1.09068,1.09103,0.75,0.75
2017.03.07 21:59:03.921,1.09068,1.09101,0.75,0.75
2017.03.07 21:59:03.987,1.09068,1.09103,0.75,0.75
2017.03.07 21:59:04.038,1.09068,1.091,0.75,0.75
2017.03.07 21:59:05.294,1.09068,1.09106,0.75,0.75
2017.03.07 21:59:05.345,1.09068,1.09102,0.75,0.75
2017.03.07 21:59:06.491,1.09068,1.091,0.75,0.75
2017.03.07 21:59:07.563,1.09065,1.09104,0.75,0.75
2017.03.07 21:59:08.078,1.09064,1.09104,1.50,0.75
2017.03.07 21:59:09.539,1.09064,1.09103,0.75,0.75
2017.03.07 21:59:10.079,1.09063,1.09102,0.75,0.75
2017.03.07 21:59:11.637,1.09063,1.09101,0.75,0.75
2017.03.07 21:59:12.181,1.09063,1.09102,0.75,0.75
2017.03.07 21:59:13.043,1.09064,1.09109,0.75,0.75
2017.03.07 21:59:16.142,1.09061,1.09109,0.75,1.50
2017.03.07 21:59:32.725,1.09061,1.09107,0.75,0.75
2017.03.07 21:59:32.818,1.09061,1.09109,0.75,2.25
2017.03.07 21:59:32.948,1.09061,1.09106,0.75,0.75
2017.03.07 21:59:33.049,1.09061,1.09109,0.75,2.25
2017.03.07 21:59:40.238,1.09059,1.09109,0.75,2.25
2017.03.07 21:59:40.641,1.09059,1.09107,0.75,1.50
2017.03.07 21:59:41.908,1.0906,1.09108,0.75,0.75
2017.03.07 21:59:42.248,1.09062,1.09109,0.75,0.75
2017.03.07 21:59:42.986,1.09061,1.09109,0.75,0.75
2017.03.07 21:59:43.517,1.09062,1.09109,0.75,0.75
2017.03.07 21:59:44.510,1.09065,1.09109,0.75,0.75
2017.03.07 21:59:45.103,1.09063,1.09109,0.75,0.75
2017.03.07 21:59:45.154,1.0906,1.09109,0.75,0.75
2017.03.07 21:59:45.271,1.09065,1.09109,0.75,0.75
2017.03.07 21:59:45.573,1.09067,1.09109,0.75,0.75
2017.03.07 21:59:46.114,1.09066,1.09109,0.75,0.75
2017.03.07 21:59:46.488,1.09068,1.09109,0.75,0.75
2017.03.07 21:59:46.589,1.09065,1.09109,0.75,0.75
2017.03.07 21:59:46.903,1.0906,1.09109,0.75,0.75
2017.03.07 21:59:47.564,1.09059,1.09109,1.50,0.75
2017.03.07 21:59:47.865,1.09061,1.09109,0.75,0.75
2017.03.07 21:59:48.467,1.09062,1.09109,0.75,0.75
2017.03.07 21:59:48.568,1.09059,1.09109,1.12,0.75
2017.03.07 21:59:48.867,1.09061,1.09109,0.75,0.75
2017.03.07 21:59:49.608,1.09062,1.09109,0.37,0.75
2017.03.07 21:59:50.571,1.09059,1.09109,1.12,0.75
2017.03.07 21:59:50.897,1.09061,1.09109,0.75,0.75
2017.03.07 21:59:51.781,1.0906,1.09109,0.75,0.75
2017.03.07 21:59:52.317,1.09062,1.09109,0.75,0.75
2017.03.07 21:59:52.406,1.0906,1.09109,0.75,0.75
2017.03.07 21:59:53.001,1.09061,1.09109,0.75,0.75
2017.03.07 21:59:54.406,1.09064,1.09109,0.75,0.75
2017.03.07 21:59:54.752,1.09068,1.09109,0.75,0.75
2017.03.07 21:59:54.803,1.09065,1.09109,0.75,0.75
2017.03.07 21:59:54.903,1.09063,1.09109,0.75,0.75
2017.03.07 21:59:54.978,1.09057,1.09109,0.75,0.75
