2017.03.09 22:00:00.402,1.08753,1.08793,0.75,0.75
2017.03.09 22:00:00.453,1.08753,1.08801,0.75,0.75
2017.03.09 22:00:01.265,1.08741,1.08801,0.75,0.75
2017.03.09 22:00:01.673,1.08716,1.08801,0.75,0.75
2017.03.09 22:00:10.173,1.08716,1.08785,0.75,0.37
2017.03.09 22:00:15.896,1.08716,1.08801,0.75,0.75
2017.03.09 22:00:18.828,1.08715,1.08804,0.75,0.37
2017.03.09 22:00:20.282,1.08727,1.08831,0.37,0.37
2017.03.09 22:00:22.128,1.08731,1.08832,0.37,0.37
2017.03.09 22:00:27.193,1.08731,1.08831,0.37,0.37
2017.03.09 22:00:27.690,1.08747,1.08847,0.37,0.37
2017.03.09 22:00:29.789,1.0874,1.0882,0.37,0.37
2017.03.09 22:00:34.225,1.08725,1.08819,0.37,0.37
2017.03.09 22:00:35.061,1.08719,1.08814,0.37,0.37
2017.03.09 22:00:41.107,1.0872,1.08813,0.37,0.37
2017.03.09 22:00:47.303,1.08722,1.08814,0.37,0.37
2017.03.09 22:00:48.104,1.08724,1.08814,0.37,0.37
2017.03.09 22:00:55.009,1.08729,1.08821,0.37,0.37
2017.03.09 22:00:55.109,1.08731,1.0882,0.37,0.37
2017.03.09 22:01:03.151,1.08733,1.08821,0.37,0.37
2017.03.09 22:01:10.871,1.08728,1.08818,0.37,0.37
2017.03.09 22:01:11.158,1.08727,1.08815,0.37,0.37
2017.03.09 22:01:19.128,1.08728,1.08816,0.37,0.37
2017.03.09 22:01:28.135,1.0873,1.08814,0.37,0.37
2017.03.09 22:01:30.859,1.08734,1.08819,0.37,0.37
2017.03.09 22:01:34.659,1.08731,1.08816,0.75,0.37
2017.03.09 22:01:34.760,1.08731,1.08858,0.75,0.75
2017.03.09 22:01:36.141,1.08747,1.08834,0.37,0.37
2017.03.09 22:01:38.042,1.08751,1.08836,0.37,0.37
2017.03.09 22:01:41.185,1.08749,1.08835,0.37,0.37
2017.03.09 22:01:43.046,1.08746,1.08835,0.37,0.37
2017.03.09 22:01:46.023,1.08747,1.08835,0.75,0.37
2017.03.09 22:01:46.167,1.0876,1.08846,0.37,0.37
2017.03.09 22:01:46.265,1.08754,1.08843,0.37,0.37
2017.03.09 22:01:46.759,1.08751,1.0884,0.37,0.37
2017.03.09 22:01:47.077,1.08751,1.08837,0.37,0.37
2017.03.09 22:02:02.161,1.0875,1.08835,0.37,0.37
2017.03.09 22:02:06.766,1.08755,1.08839,0.37,0.37
2017.03.09 22:02:11.169,1.08754,1.08838,0.37,0.37
2017.03.09 22:02:18.296,1.08775,1.08838,0.75,0.37
2017.03.09 22:02:20.176,1.08775,1.08839,0.75,0.37
2017.03.09 22:02:23.779,1.08775,1.08835,0.75,0.37
2017.03.09 22:02:26.103,1.08775,1.08836,0.75,0.37
2017.03.09 22:02:42.793,1.08775,1.08841,0.75,0.37
2017.03.09 22:02:43.357,1.08774,1.08841,0.75,0.37
2017.03.09 22:02:44.202,1.08799,1.0883,0.37,0.37
2017.03.09 22:02:59.862,1.08775,1.08838,0.75,0.37
2017.03.09 22:03:04.310,1.08775,1.08837,0.75,0.37
2017.03.09 22:03:05.837,1.08778,1.08837,0.75,0.37
2017.03.09 22:03:06.205,1.08795,1.08829,0.37,0.37
2017.03.09 22:03:18.860,1.08798,1.08829,0.37,0.37
2017.03.09 22:03:19.210,1.08795,1.08829,0.37,0.37
2017.03.09 22:03:39.200,1.08796,1.08825,0.37,0.37
2017.03.09 22:04:23.730,1.08753,1.08865,1.75,3.75
2017.03.09 22:04:26.040,1.08781,1.0884,3.75,3.75
2017.03.09 22:05:21.074,1.08782,1.08839,3.75,3.75
2017.03.09 22:05:29.511,1.08784,1.08841,3.75,3.75
2017.03.09 22:06:02.340,1.08783,1.0884,3.75,3.75
2017.03.09 22:06:30.500,1.08784,1.08843,3.75,3.75
2017.03.09 22:06:38.021,1.0878,1.08847,3.75,3.75
2017.03.09 22:07:32.979,1.0878,1.08848,1.75,3.75
2017.03.09 22:08:18.841,1.08795,1.08799,1.00,1.00
2017.03.09 22:08:18.892,1.08776,1.08799,3.75,1.00
2017.03.09 22:08:18.943,1.08776,1.08842,3.75,1.12
2017.03.09 22:08:19.095,1.08778,1.08845,3.75,3.75
2017.03.09 22:08:20.725,1.08781,1.0885,3.75,3.75
2017.03.09 22:08:36.117,1.08784,1.08851,3.75,3.75
2017.03.09 22:08:42.315,1.08782,1.08833,1.00,3.75
2017.03.09 22:08:43.096,1.08768,1.08819,1.12,1.12
2017.03.09 22:08:44.711,1.08765,1.08819,1.12,1.12
2017.03.09 22:08:44.963,1.08778,1.08847,3.75,3.75
2017.03.09 22:08:46.168,1.08776,1.08821,1.00,1.75
2017.03.09 22:08:46.218,1.08747,1.0881,1.75,1.12
2017.03.09 22:08:46.269,1.08758,1.08811,3.75,1.12
2017.03.09 22:08:46.320,1.08758,1.08811,3.75,1.00
2017.03.09 22:08:46.370,1.08757,1.08811,1.12,1.12
2017.03.09 22:08:46.471,1.08759,1.08812,1.12,1.12
2017.03.09 22:08:46.572,1.08758,1.08814,4.12,1.12
2017.03.09 22:08:46.623,1.08758,1.08823,3.75,1.12
2017.03.09 22:08:48.373,1.08758,1.08824,1.12,1.12
2017.03.09 22:08:49.207,1.08758,1.08824,4.12,1.87
2017.03.09 22:08:50.461,1.08768,1.08837,3.75,3.75
2017.03.09 22:08:50.764,1.08774,1.08843,3.75,3.75
2017.03.09 22:08:52.617,1.08777,1.08844,3.75,3.75
2017.03.09 22:09:33.894,1.08767,1.08839,3.75,4.50
2017.03.09 22:09:33.944,1.08767,1.08822,3.75,1.12
2017.03.09 22:09:34.655,1.08766,1.08817,3.75,1.75
2017.03.09 22:09:49.666,1.08766,1.08833,3.75,3.75
2017.03.09 22:09:50.027,1.08776,1.08843,3.75,3.75
2017.03.09 22:09:59.039,1.08782,1.08851,3.75,3.75
2017.03.09 22:10:07.978,1.08774,1.08856,3.75,2.25
2017.03.09 22:10:36.235,1.0877,1.08856,3.75,1.75
2017.03.09 22:11:10.016,1.08778,1.08859,1.12,1.75
2017.03.09 22:11:13.651,1.08778,1.08856,1.12,1.75
2017.03.09 22:11:20.348,1.08785,1.08853,3.75,1.75
2017.03.09 22:11:20.785,1.08788,1.08857,3.75,1.75
2017.03.09 22:11:26.944,1.08787,1.08858,3.75,1.75
2017.03.09 22:11:58.405,1.08782,1.08857,3.75,1.75
2017.03.09 22:12:19.857,1.0878,1.08855,3.75,1.75
2017.03.09 22:13:08.949,1.08776,1.08846,3.75,1.75
2017.03.09 22:13:21.047,1.08767,1.08847,3.75,1.75
2017.03.09 22:13:21.148,1.08764,1.08844,3.75,1.75
2017.03.09 22:13:41.066,1.08768,1.08847,3.75,1.75
2017.03.09 22:13:41.167,1.0877,1.08848,3.75,1.75
2017.03.09 22:15:03.568,1.08773,1.0885,3.75,1.75
2017.03.09 22:15:37.977,1.0877,1.08849,3.75,1.75
2017.03.09 22:15:38.732,1.08774,1.08847,3.75,1.75
2017.03.09 22:16:02.176,1.08773,1.0885,1.12,1.75
2017.03.09 22:16:11.416,1.08763,1.08829,1.12,1.31
2017.03.09 22:16:11.618,1.08765,1.08819,1.37,1.31
2017.03.09 22:16:11.668,1.08763,1.08819,1.12,1.31
2017.03.09 22:16:11.770,1.08753,1.08824,1.12,3.94
2017.03.09 22:16:12.176,1.08753,1.08825,1.12,1.31
2017.03.09 22:16:52.564,1.08763,1.08819,1.12,2.25
2017.03.09 22:16:52.665,1.08752,1.08805,1.37,1.12
2017.03.09 22:16:52.766,1.0875,1.08801,1.12,1.12
2017.03.09 22:16:55.045,1.08754,1.08806,1.12,1.75
2017.03.09 22:16:55.564,1.08753,1.08806,1.75,1.75
2017.03.09 22:16:57.093,1.08753,1.08806,1.31,1.75
2017.03.09 22:16:57.719,1.08755,1.08806,1.12,1.75
2017.03.09 22:16:58.220,1.08755,1.08806,1.12,2.25
2017.03.09 22:16:59.545,1.08755,1.08806,1.37,2.25
2017.03.09 22:16:59.855,1.08755,1.08806,1.12,1.75
2017.03.09 22:17:00.360,1.08755,1.08806,1.12,1.75
2017.03.09 22:17:01.147,1.08755,1.08806,1.12,2.25
2017.03.09 22:17:04.959,1.08755,1.08806,1.12,1.75
2017.03.09 22:17:06.799,1.08755,1.08802,1.12,1.75
2017.03.09 22:17:07.855,1.08758,1.08802,1.12,1.50
2017.03.09 22:17:09.055,1.08758,1.08802,1.12,1.50
2017.03.09 22:17:14.160,1.08758,1.08802,1.12,1.50
2017.03.09 22:17:17.063,1.08758,1.08804,1.12,1.75
2017.03.09 22:17:17.964,1.08758,1.08804,1.37,1.75
2017.03.09 22:17:18.515,1.08758,1.08804,1.12,1.75
2017.03.09 22:17:19.059,1.08758,1.08804,1.37,1.75
2017.03.09 22:17:20.178,1.08758,1.08804,1.12,1.75
2017.03.09 22:17:26.215,1.08756,1.08804,1.31,1.75
2017.03.09 22:17:27.281,1.08756,1.08804,1.31,1.75
2017.03.09 22:17:30.614,1.08759,1.08811,1.31,1.75
2017.03.09 22:17:34.014,1.08756,1.08814,2.19,1.75
2017.03.09 22:17:34.115,1.08758,1.08814,1.12,1.75
2017.03.09 22:17:35.098,1.08758,1.08814,1.12,1.75
2017.03.09 22:17:50.098,1.08758,1.08809,1.12,1.75
2017.03.09 22:17:54.208,1.08758,1.08809,1.12,1.75
2017.03.09 22:17:55.197,1.08756,1.08809,1.31,1.75
2017.03.09 22:17:57.217,1.08758,1.08809,1.12,1.75
2017.03.09 22:17:57.318,1.08758,1.08809,1.12,1.75
2017.03.09 22:18:07.107,1.08758,1.08809,1.12,1.75
2017.03.09 22:18:10.617,1.08758,1.08809,1.12,1.75
2017.03.09 22:18:11.196,1.08758,1.08809,1.12,1.75
2017.03.09 22:18:21.220,1.08758,1.08809,1.12,1.75
2017.03.09 22:18:22.863,1.08758,1.08809,1.12,1.75
2017.03.09 22:18:26.324,1.08758,1.08809,1.00,3.37
2017.03.09 22:18:26.375,1.08748,1.08809,1.12,3.37
2017.03.09 22:18:26.729,1.08747,1.08798,1.12,1.75
2017.03.09 22:18:28.469,1.08749,1.08798,1.12,1.75
2017.03.09 22:18:35.131,1.08749,1.08801,1.12,1.75
2017.03.09 22:18:35.182,1.08752,1.08801,1.12,1.75
2017.03.09 22:18:40.160,1.08739,1.08786,1.75,1.50
2017.03.09 22:18:40.262,1.08732,1.08783,1.87,1.12
2017.03.09 22:18:40.363,1.08732,1.08783,1.12,1.12
2017.03.09 22:18:43.211,1.08732,1.08782,1.12,2.25
2017.03.09 22:18:48.317,1.08729,1.08774,2.25,1.00
2017.03.09 22:18:51.014,1.08734,1.08774,1.75,1.00
2017.03.09 22:18:51.693,1.08734,1.08773,3.00,1.00
2017.03.09 22:18:55.438,1.08735,1.08774,1.75,1.00
2017.03.09 22:18:55.981,1.08735,1.08773,1.75,1.00
2017.03.09 22:18:57.137,1.08735,1.08774,1.75,1.00
2017.03.09 22:18:58.349,1.08735,1.08772,1.75,1.00
2017.03.09 22:19:01.187,1.08735,1.08773,1.75,1.00
2017.03.09 22:19:03.628,1.08734,1.0878,2.62,1.12
2017.03.09 22:19:04.158,1.08737,1.08779,1.75,1.00
2017.03.09 22:19:08.136,1.08737,1.0878,1.75,1.00
2017.03.09 22:19:13.835,1.08739,1.08788,3.00,1.12
2017.03.09 22:19:13.937,1.08745,1.08798,1.75,1.00
2017.03.09 22:19:14.473,1.08754,1.08799,1.12,1.12
2017.03.09 22:19:15.127,1.08754,1.08798,1.12,1.00
2017.03.09 22:19:16.396,1.08751,1.08799,1.12,1.12
2017.03.09 22:19:17.111,1.08751,1.08798,1.12,1.00
2017.03.09 22:19:18.151,1.08751,1.08799,1.12,1.12
2017.03.09 22:19:19.024,1.08751,1.08798,1.12,1.00
2017.03.09 22:19:21.739,1.08754,1.0879,1.37,1.00
2017.03.09 22:19:21.841,1.08746,1.08789,1.00,1.37
2017.03.09 22:19:22.043,1.08742,1.08789,1.37,1.75
2017.03.09 22:19:22.348,1.08739,1.08789,1.75,1.00
2017.03.09 22:19:22.722,1.08739,1.08789,2.25,1.00
2017.03.09 22:19:23.342,1.08743,1.08789,1.87,1.00
2017.03.09 22:19:23.864,1.08743,1.08789,1.87,1.50
2017.03.09 22:19:30.279,1.08744,1.08789,2.81,1.00
2017.03.09 22:19:31.863,1.08747,1.08788,2.25,1.00
2017.03.09 22:19:32.960,1.08739,1.08784,1.75,1.50
2017.03.09 22:19:33.062,1.08738,1.08783,1.75,1.00
2017.03.09 22:19:33.113,1.08746,1.08785,1.31,1.00
2017.03.09 22:19:33.239,1.08752,1.08793,1.12,1.00
2017.03.09 22:19:33.290,1.08752,1.08793,1.12,1.00
2017.03.09 22:19:33.963,1.08752,1.08794,1.87,1.00
2017.03.09 22:19:34.725,1.08752,1.08793,2.06,1.00
2017.03.09 22:19:38.237,1.08755,1.08794,1.12,1.00
2017.03.09 22:19:38.659,1.08765,1.08798,1.12,1.00
2017.03.09 22:19:38.761,1.08759,1.08797,1.37,1.00
2017.03.09 22:19:38.812,1.08749,1.08797,1.87,1.00
2017.03.09 22:19:39.014,1.08745,1.08797,1.12,1.37
2017.03.09 22:19:41.717,1.08744,1.08788,2.25,1.00
2017.03.09 22:19:42.237,1.08744,1.08787,2.62,1.00
2017.03.09 22:19:43.197,1.08744,1.08787,2.25,1.00
2017.03.09 22:19:43.806,1.08748,1.08787,1.87,1.00
2017.03.09 22:19:44.570,1.08748,1.08788,1.87,1.00
2017.03.09 22:19:46.461,1.08748,1.08787,1.87,1.00
2017.03.09 22:19:51.360,1.08748,1.08788,1.12,1.50
2017.03.09 22:19:51.663,1.08751,1.08788,1.75,1.00
2017.03.09 22:19:52.218,1.08751,1.08788,1.75,1.00
2017.03.09 22:19:54.156,1.08751,1.08787,1.75,1.00
2017.03.09 22:19:56.229,1.08751,1.08788,1.75,1.00
2017.03.09 22:19:57.127,1.08751,1.08787,1.75,1.00
2017.03.09 22:19:57.678,1.08751,1.08788,1.75,1.00
2017.03.09 22:20:00.152,1.08751,1.08787,1.75,1.00
2017.03.09 22:20:04.159,1.08751,1.08788,1.75,1.00
2017.03.09 22:20:04.727,1.08751,1.08788,1.75,1.00
2017.03.09 22:20:08.170,1.08751,1.08787,1.87,1.00
2017.03.09 22:20:09.609,1.08751,1.08788,1.87,1.00
2017.03.09 22:20:15.961,1.08745,1.08787,1.75,1.00
2017.03.09 22:20:20.246,1.08744,1.08788,1.75,1.00
2017.03.09 22:20:21.716,1.08744,1.08781,1.75,1.00
2017.03.09 22:20:26.407,1.08744,1.08782,1.75,1.00
2017.03.09 22:20:31.118,1.08743,1.08781,1.75,1.00
2017.03.09 22:20:31.716,1.08743,1.08782,1.75,1.00
2017.03.09 22:20:33.185,1.08743,1.08781,1.75,1.00
2017.03.09 22:20:35.387,1.08743,1.08782,1.75,1.00
2017.03.09 22:20:39.620,1.08743,1.08781,1.75,1.00
2017.03.09 22:20:40.435,1.08743,1.08782,1.75,1.00
2017.03.09 22:20:43.125,1.08743,1.08781,1.75,1.00
2017.03.09 22:20:45.127,1.08743,1.08782,1.75,1.00
2017.03.09 22:20:46.276,1.08743,1.08781,1.75,1.00
2017.03.09 22:20:50.203,1.08743,1.08782,1.75,1.00
2017.03.09 22:20:53.298,1.08743,1.08781,1.75,1.00
2017.03.09 22:20:55.387,1.08745,1.08782,1.75,1.00
2017.03.09 22:20:57.887,1.08745,1.08781,1.75,1.00
2017.03.09 22:20:59.959,1.08745,1.08782,1.75,1.00
2017.03.09 22:21:00.950,1.08745,1.08781,1.75,1.00
2017.03.09 22:21:09.206,1.08744,1.08782,1.75,1.00
2017.03.09 22:21:10.936,1.08744,1.08782,1.75,1.00
2017.03.09 22:21:15.387,1.08744,1.08781,1.75,1.00
2017.03.09 22:21:17.067,1.08744,1.08782,1.75,1.00
2017.03.09 22:21:18.858,1.08744,1.08781,1.75,1.00
2017.03.09 22:21:19.629,1.08744,1.08779,1.75,1.00
2017.03.09 22:21:31.183,1.08746,1.08779,1.75,1.00
2017.03.09 22:21:31.285,1.08749,1.08779,1.75,1.00
2017.03.09 22:22:10.917,1.08748,1.08778,1.75,1.00
2017.03.09 22:22:21.360,1.0875,1.08778,1.75,1.00
2017.03.09 22:23:30.660,1.08745,1.08788,1.75,1.00
2017.03.09 22:23:40.218,1.0875,1.08788,2.25,1.00
2017.03.09 22:24:03.991,1.0875,1.08788,2.25,1.00
2017.03.09 22:24:04.345,1.0875,1.08788,1.75,1.00
2017.03.09 22:24:04.446,1.0875,1.08788,1.75,1.00
2017.03.09 22:24:06.413,1.0875,1.08789,1.75,1.00
2017.03.09 22:24:16.211,1.0875,1.08789,1.75,1.50
2017.03.09 22:24:20.665,1.0875,1.08788,1.75,1.00
2017.03.09 22:24:22.266,1.0875,1.08787,1.75,1.00
2017.03.09 22:24:23.439,1.0875,1.08788,1.75,1.00
2017.03.09 22:24:26.411,1.0875,1.08787,1.75,1.00
2017.03.09 22:24:27.825,1.0875,1.08788,1.75,1.00
2017.03.09 22:24:31.845,1.0875,1.08787,1.75,1.00
2017.03.09 22:24:39.652,1.0875,1.08787,1.75,1.00
2017.03.09 22:24:54.300,1.08751,1.08788,1.50,1.00
2017.03.09 22:24:54.817,1.08751,1.08787,1.50,1.00
2017.03.09 22:24:55.478,1.08751,1.08788,1.50,1.00
2017.03.09 22:24:56.014,1.08751,1.08787,1.50,1.00
2017.03.09 22:24:56.766,1.08751,1.08788,1.50,1.00
2017.03.09 22:24:57.301,1.08751,1.08787,1.50,1.00
2017.03.09 22:24:58.560,1.08751,1.08787,1.75,1.00
2017.03.09 22:25:03.409,1.08751,1.08788,1.75,1.00
2017.03.09 22:25:07.829,1.08751,1.08787,1.75,1.00
2017.03.09 22:25:09.479,1.08751,1.08788,1.75,1.00
2017.03.09 22:25:13.309,1.08751,1.08787,1.75,1.00
2017.03.09 22:25:16.988,1.08751,1.08789,1.75,1.00
2017.03.09 22:25:19.623,1.08753,1.08788,1.50,1.00
2017.03.09 22:25:53.573,1.08753,1.08788,1.37,1.00
2017.03.09 22:26:19.023,1.08754,1.08789,1.12,1.00
2017.03.09 22:26:48.572,1.08753,1.08789,1.50,1.00
2017.03.09 22:27:39.031,1.08753,1.08788,1.50,1.00
2017.03.09 22:27:43.581,1.08753,1.08788,1.37,1.00
2017.03.09 22:28:19.042,1.08753,1.08789,1.37,1.00
2017.03.09 22:28:59.052,1.08753,1.08788,1.37,1.00
2017.03.09 22:29:16.849,1.08753,1.08787,1.37,1.00
2017.03.09 22:29:23.164,1.08753,1.08801,1.37,1.00
2017.03.09 22:29:23.215,1.08756,1.08802,1.00,1.12
2017.03.09 22:29:23.522,1.08756,1.08803,1.75,1.00
2017.03.09 22:29:25.668,1.08759,1.08802,1.31,1.00
2017.03.09 22:29:26.222,1.08759,1.08801,1.31,1.00
2017.03.09 22:29:26.724,1.08759,1.08802,1.31,1.00
2017.03.09 22:29:27.247,1.08761,1.08802,1.25,1.00
2017.03.09 22:29:28.047,1.08759,1.08802,1.31,1.00
2017.03.09 22:29:29.997,1.08759,1.08802,1.31,1.00
2017.03.09 22:29:30.559,1.08759,1.08802,1.31,1.00
2017.03.09 22:29:36.054,1.08759,1.08802,1.31,1.00
2017.03.09 22:29:48.141,1.08759,1.08802,1.31,1.00
2017.03.09 22:29:51.117,1.08759,1.08802,1.31,1.00
2017.03.09 22:29:53.838,1.08759,1.08802,1.31,1.00
2017.03.09 22:29:54.448,1.08759,1.08802,1.31,1.00
2017.03.09 22:30:00.011,1.08762,1.08804,1.31,1.00
2017.03.09 22:30:00.164,1.08762,1.08802,1.31,1.00
2017.03.09 22:30:00.718,1.08761,1.08802,1.94,1.00
2017.03.09 22:30:09.328,1.08757,1.08801,1.94,1.00
2017.03.09 22:30:25.334,1.08756,1.08795,1.94,1.00
2017.03.09 22:30:26.326,1.08762,1.08797,1.62,1.00
2017.03.09 22:30:35.963,1.08755,1.08797,2.06,1.00
2017.03.09 22:30:36.065,1.08755,1.08797,1.31,1.00
2017.03.09 22:30:36.166,1.08755,1.08793,1.31,1.00
2017.03.09 22:30:36.272,1.08755,1.08795,1.31,1.00
2017.03.09 22:30:36.616,1.08749,1.08794,2.06,1.00
2017.03.09 22:30:36.857,1.08749,1.08792,1.31,1.00
2017.03.09 22:30:41.492,1.0875,1.08793,1.31,1.00
2017.03.09 22:30:42.130,1.0875,1.08794,1.31,1.00
2017.03.09 22:30:45.314,1.08755,1.08796,1.25,1.37
2017.03.09 22:30:46.426,1.08751,1.08792,1.31,1.00
2017.03.09 22:30:54.589,1.08751,1.08793,1.31,1.00
2017.03.09 22:31:04.783,1.08751,1.08794,1.31,1.00
2017.03.09 22:31:11.136,1.08755,1.08795,1.25,1.12
2017.03.09 22:31:16.115,1.08756,1.08795,1.25,1.00
2017.03.09 22:31:42.463,1.08754,1.08795,1.31,1.00
2017.03.09 22:31:42.565,1.08758,1.08798,1.31,1.00
2017.03.09 22:31:46.123,1.0876,1.08798,1.31,1.00
2017.03.09 22:31:46.754,1.08765,1.08799,1.25,1.00
2017.03.09 22:31:47.789,1.08765,1.088,1.62,1.00
2017.03.09 22:31:50.577,1.08759,1.08799,1.12,1.00
2017.03.09 22:31:56.313,1.08763,1.08798,1.12,1.00
2017.03.09 22:31:56.417,1.08763,1.088,1.12,1.00
2017.03.09 22:31:58.209,1.08764,1.08802,1.75,1.00
2017.03.09 22:32:08.265,1.08768,1.08802,1.12,1.00
2017.03.09 22:32:10.878,1.08768,1.08802,1.12,1.00
2017.03.09 22:32:41.113,1.08761,1.088,2.25,1.00
2017.03.09 22:32:41.746,1.08761,1.08801,1.75,1.00
2017.03.09 22:32:49.711,1.08762,1.08801,1.75,1.00
2017.03.09 22:32:55.356,1.08762,1.08799,1.75,1.00
2017.03.09 22:32:56.038,1.08762,1.088,1.75,1.00
2017.03.09 22:32:56.139,1.08762,1.08804,1.75,1.00
2017.03.09 22:33:04.014,1.08762,1.08804,1.87,1.00
2017.03.09 22:33:04.623,1.08762,1.08805,2.25,1.50
2017.03.09 22:33:45.365,1.08765,1.08806,1.75,1.00
2017.03.09 22:33:58.983,1.08764,1.08806,1.75,1.00
2017.03.09 22:33:59.122,1.08764,1.08808,1.75,1.50
2017.03.09 22:34:00.505,1.08768,1.08809,1.75,1.50
2017.03.09 22:34:02.206,1.08768,1.08808,1.75,1.00
2017.03.09 22:34:03.505,1.08768,1.08809,1.87,1.50
2017.03.09 22:34:04.023,1.08768,1.08808,1.87,1.00
2017.03.09 22:34:04.565,1.08768,1.08809,1.87,1.50
2017.03.09 22:34:05.515,1.08768,1.08808,1.87,1.00
2017.03.09 22:34:07.525,1.08768,1.08809,1.87,1.50
2017.03.09 22:34:08.534,1.08768,1.08808,1.87,1.00
2017.03.09 22:34:09.196,1.08768,1.08809,1.87,1.50
2017.03.09 22:34:10.197,1.08768,1.08808,1.87,1.00
2017.03.09 22:34:10.462,1.08768,1.08808,1.12,1.12
2017.03.09 22:34:10.563,1.08766,1.08808,1.75,1.00
2017.03.09 22:34:11.340,1.08766,1.08809,1.75,1.50
2017.03.09 22:34:12.516,1.08766,1.08808,1.75,1.00
2017.03.09 22:34:14.555,1.08766,1.08809,1.75,1.50
2017.03.09 22:34:15.554,1.08766,1.08808,1.75,1.00
2017.03.09 22:34:16.292,1.08766,1.08809,1.75,1.50
2017.03.09 22:34:16.954,1.08766,1.08808,1.75,1.00
2017.03.09 22:34:17.613,1.08767,1.08807,1.75,1.00
2017.03.09 22:34:25.307,1.08767,1.08807,1.75,1.00
2017.03.09 22:34:34.792,1.08768,1.08808,1.75,1.00
2017.03.09 22:34:38.688,1.08765,1.08806,1.75,1.00
2017.03.09 22:34:38.738,1.08766,1.08809,1.75,1.00
2017.03.09 22:34:45.046,1.08766,1.08808,1.75,1.00
2017.03.09 22:34:54.168,1.08766,1.08806,3.00,1.00
2017.03.09 22:35:05.317,1.08766,1.08806,1.75,1.00
2017.03.09 22:35:22.141,1.08766,1.08805,1.75,1.00
2017.03.09 22:35:47.467,1.08768,1.08805,2.25,1.00
2017.03.09 22:35:49.216,1.08766,1.08805,3.00,1.00
2017.03.09 22:36:16.663,1.08766,1.08806,1.75,1.50
2017.03.09 22:36:16.714,1.08762,1.08803,1.00,1.75
2017.03.09 22:36:17.536,1.08762,1.08801,1.00,1.50
2017.03.09 22:36:18.826,1.08761,1.088,1.00,1.37
2017.03.09 22:36:18.977,1.08763,1.08802,1.00,2.25
2017.03.09 22:36:20.464,1.08761,1.08802,1.00,1.75
2017.03.09 22:36:20.515,1.08759,1.08798,1.00,1.50
2017.03.09 22:36:20.663,1.08757,1.08796,1.00,1.12
2017.03.09 22:36:21.202,1.08758,1.08797,1.00,1.37
2017.03.09 22:36:30.681,1.08759,1.08799,1.00,1.75
2017.03.09 22:36:41.114,1.08758,1.08799,1.00,2.25
2017.03.09 22:36:49.051,1.08758,1.08795,1.00,1.37
2017.03.09 22:36:49.103,1.08755,1.08795,1.00,1.37
2017.03.09 22:36:49.371,1.08754,1.08795,1.00,1.75
2017.03.09 22:36:49.768,1.08753,1.08794,1.00,3.81
2017.03.09 22:36:59.414,1.08754,1.08794,1.00,3.81
2017.03.09 22:37:00.102,1.08754,1.08792,1.00,3.44
2017.03.09 22:37:00.426,1.08752,1.08792,1.00,3.44
2017.03.09 22:37:00.923,1.08751,1.08789,1.00,3.81
2017.03.09 22:37:01.024,1.08752,1.08793,1.00,1.81
2017.03.09 22:37:01.232,1.08753,1.0879,1.00,3.81
2017.03.09 22:37:04.016,1.08752,1.08792,1.37,3.06
2017.03.09 22:37:04.644,1.08754,1.08792,1.00,3.06
2017.03.09 22:37:06.460,1.08755,1.08792,1.00,3.06
2017.03.09 22:37:09.251,1.08753,1.08792,1.12,3.06
2017.03.09 22:37:09.747,1.08755,1.08792,1.00,3.06
2017.03.09 22:37:15.343,1.08758,1.08797,1.00,3.81
2017.03.09 22:37:15.452,1.08758,1.088,1.37,1.06
2017.03.09 22:37:15.553,1.08758,1.088,1.75,1.06
2017.03.09 22:37:15.655,1.0876,1.08802,1.75,1.06
2017.03.09 22:37:15.705,1.08761,1.08805,1.75,1.06
2017.03.09 22:37:16.008,1.08761,1.08804,1.75,3.06
2017.03.09 22:37:20.683,1.08756,1.08795,1.75,1.00
2017.03.09 22:37:20.734,1.08756,1.08795,1.75,1.00
2017.03.09 22:37:26.956,1.08754,1.08793,1.75,1.00
2017.03.09 22:37:28.648,1.08754,1.08792,1.75,1.00
2017.03.09 22:37:29.967,1.08754,1.0879,2.25,1.00
2017.03.09 22:37:35.477,1.08755,1.08791,2.25,1.00
2017.03.09 22:37:36.799,1.08755,1.08793,3.00,1.50
2017.03.09 22:37:37.359,1.08756,1.0879,1.75,1.00
2017.03.09 22:37:49.922,1.08756,1.08791,1.75,1.00
2017.03.09 22:37:56.809,1.08757,1.08791,1.75,1.00
2017.03.09 22:38:12.738,1.08757,1.08793,1.75,1.00
2017.03.09 22:38:28.639,1.0876,1.08793,2.25,1.00
2017.03.09 22:38:32.452,1.08761,1.08794,1.75,1.00
2017.03.09 22:38:32.986,1.0876,1.08795,2.25,1.00
2017.03.09 22:38:35.548,1.0876,1.08794,2.25,1.00
2017.03.09 22:38:38.942,1.0876,1.08793,2.25,1.00
2017.03.09 22:38:39.527,1.0876,1.08794,2.25,1.00
2017.03.09 22:38:40.755,1.08761,1.08795,1.75,1.00
2017.03.09 22:38:48.868,1.08761,1.08795,1.75,1.00
2017.03.09 22:38:49.430,1.08761,1.08794,1.75,1.00
2017.03.09 22:38:50.787,1.08761,1.08793,1.75,1.00
2017.03.09 22:38:51.315,1.08761,1.08794,1.75,1.00
2017.03.09 22:38:54.431,1.08761,1.08795,1.75,1.00
2017.03.09 22:38:54.807,1.08761,1.08792,1.75,1.00
2017.03.09 22:39:00.296,1.0876,1.08793,2.25,1.00
2017.03.09 22:39:03.671,1.08759,1.08794,2.25,1.00
2017.03.09 22:39:04.330,1.0876,1.08795,1.75,1.00
2017.03.09 22:39:10.124,1.0876,1.08796,2.25,1.00
2017.03.09 22:39:10.722,1.0876,1.08797,1.75,1.00
2017.03.09 22:39:14.736,1.0876,1.08796,1.75,1.00
2017.03.09 22:39:23.598,1.0876,1.08796,2.25,1.00
2017.03.09 22:39:31.030,1.0876,1.08795,1.75,1.00
2017.03.09 22:39:31.081,1.08759,1.08789,1.00,1.00
2017.03.09 22:39:31.182,1.0875,1.08788,1.50,1.34
2017.03.09 22:39:31.334,1.08741,1.08781,3.00,1.09
2017.03.09 22:39:32.460,1.0874,1.08778,1.75,1.84
2017.03.09 22:39:32.511,1.08731,1.08769,1.00,1.75
2017.03.09 22:39:32.562,1.08728,1.08767,1.87,1.71
2017.03.09 22:39:32.613,1.08724,1.08763,1.50,1.75
2017.03.09 22:39:32.664,1.0872,1.08763,2.62,1.75
2017.03.09 22:39:33.266,1.08717,1.08761,2.25,1.50
2017.03.09 22:39:33.317,1.08717,1.08761,1.50,1.75
2017.03.09 22:39:33.368,1.08715,1.08757,1.12,1.12
2017.03.09 22:39:33.519,1.08715,1.08754,1.00,1.37
2017.03.09 22:39:34.155,1.08725,1.08757,1.00,1.09
2017.03.09 22:39:34.308,1.08724,1.08755,1.00,1.09
2017.03.09 22:39:35.461,1.08723,1.08761,1.00,1.09
2017.03.09 22:39:36.035,1.08724,1.08761,1.00,1.09
2017.03.09 22:39:41.419,1.08723,1.08763,1.00,2.25
2017.03.09 22:39:42.054,1.08724,1.08762,1.00,1.75
2017.03.09 22:39:42.763,1.08724,1.08763,1.00,1.75
2017.03.09 22:39:42.864,1.08724,1.08766,1.00,2.25
2017.03.09 22:39:43.446,1.08722,1.08764,1.00,2.25
2017.03.09 22:39:43.972,1.08723,1.08766,1.50,1.87
2017.03.09 22:39:44.073,1.08726,1.08768,1.75,1.50
2017.03.09 22:39:44.124,1.08728,1.08773,1.75,2.25
2017.03.09 22:39:44.175,1.08728,1.08773,1.75,1.87
2017.03.09 22:39:49.659,1.08729,1.08775,1.00,1.84
2017.03.09 22:39:50.183,1.08728,1.0877,1.12,1.09
2017.03.09 22:39:50.499,1.08729,1.08771,1.00,1.09
2017.03.09 22:39:52.846,1.08728,1.08774,1.00,1.90
2017.03.09 22:39:53.180,1.08728,1.08768,1.00,1.09
2017.03.09 22:39:59.385,1.08727,1.08765,1.00,1.37
2017.03.09 22:40:00.277,1.08728,1.08768,1.00,1.12
2017.03.09 22:40:01.381,1.08731,1.08769,1.00,1.12
2017.03.09 22:40:04.440,1.08732,1.0877,1.00,1.12
2017.03.09 22:40:06.450,1.0873,1.0877,1.00,1.12
2017.03.09 22:40:10.492,1.08731,1.08769,1.00,2.25
2017.03.09 22:40:12.410,1.08729,1.0877,1.00,2.62
2017.03.09 22:40:12.795,1.08729,1.0877,1.00,2.25
2017.03.09 22:40:13.558,1.08723,1.08767,1.12,1.37
2017.03.09 22:40:16.772,1.08723,1.08764,1.12,1.00
2017.03.09 22:40:16.873,1.08723,1.08764,1.00,1.37
2017.03.09 22:40:24.359,1.08723,1.08767,1.12,1.00
2017.03.09 22:40:24.460,1.08724,1.0877,2.25,1.12
2017.03.09 22:40:26.256,1.08723,1.08769,2.62,1.00
2017.03.09 22:40:28.231,1.08724,1.08771,1.75,1.37
2017.03.09 22:40:46.844,1.08723,1.08769,1.87,1.00
2017.03.09 22:40:57.315,1.08723,1.08767,2.62,1.00
2017.03.09 22:40:58.081,1.08723,1.08768,1.12,1.00
2017.03.09 22:41:01.345,1.08723,1.0877,1.87,1.87
2017.03.09 22:41:02.711,1.08722,1.08768,1.75,1.00
2017.03.09 22:41:03.215,1.08722,1.08769,1.75,1.12
2017.03.09 22:41:09.829,1.08722,1.08767,1.12,1.00
2017.03.09 22:41:10.388,1.08722,1.08768,1.12,1.00
2017.03.09 22:41:11.947,1.08722,1.08767,1.12,1.00
2017.03.09 22:41:12.563,1.08722,1.08768,1.75,1.00
2017.03.09 22:41:19.428,1.08723,1.08768,1.12,1.00
2017.03.09 22:41:20.164,1.0873,1.08774,1.00,3.00
2017.03.09 22:41:20.319,1.0873,1.08774,1.50,1.50
2017.03.09 22:41:35.741,1.08733,1.08774,1.00,1.50
2017.03.09 22:41:38.115,1.08732,1.08774,1.12,1.50
2017.03.09 22:41:51.764,1.08736,1.08774,1.00,1.50
2017.03.09 22:42:08.264,1.08736,1.08776,1.37,2.25
2017.03.09 22:42:08.316,1.08739,1.08776,1.00,1.00
2017.03.09 22:42:08.699,1.08741,1.08776,1.00,2.25
2017.03.09 22:42:09.360,1.08742,1.08776,1.00,1.50
2017.03.09 22:42:12.023,1.08742,1.08776,1.00,1.00
2017.03.09 22:42:18.018,1.08742,1.0878,1.00,1.00
2017.03.09 22:42:18.069,1.08746,1.0878,1.75,1.00
2017.03.09 22:42:18.221,1.08749,1.0879,1.75,2.62
2017.03.09 22:42:18.272,1.08749,1.08789,2.25,1.87
2017.03.09 22:42:18.597,1.0875,1.0879,1.75,1.75
2017.03.09 22:42:18.749,1.08746,1.0879,3.00,1.75
2017.03.09 22:42:20.890,1.08748,1.0879,1.75,1.75
2017.03.09 22:42:23.352,1.08748,1.0879,1.75,1.47
2017.03.09 22:42:25.938,1.08749,1.0879,1.75,1.47
2017.03.09 22:42:28.764,1.08749,1.0879,1.75,1.00
2017.03.09 22:42:31.327,1.08749,1.0879,1.75,1.00
2017.03.09 22:42:31.441,1.0875,1.0879,1.75,1.00
2017.03.09 22:42:31.698,1.0875,1.0879,1.75,1.00
2017.03.09 22:42:32.245,1.08751,1.0879,1.75,1.00
2017.03.09 22:42:32.567,1.0875,1.0879,1.75,1.00
2017.03.09 22:42:32.669,1.0875,1.0879,1.75,1.00
2017.03.09 22:42:32.798,1.0875,1.0879,1.75,1.00
2017.03.09 22:42:32.899,1.08749,1.0879,1.75,1.00
2017.03.09 22:42:33.566,1.0875,1.0879,1.75,1.00
2017.03.09 22:42:35.438,1.0875,1.0879,1.75,1.00
2017.03.09 22:42:35.640,1.0875,1.0879,1.75,1.00
2017.03.09 22:42:36.317,1.0875,1.0879,1.75,1.00
2017.03.09 22:42:57.437,1.08752,1.0879,1.50,1.00
2017.03.09 22:42:58.376,1.08752,1.08791,1.50,1.00
2017.03.09 22:43:02.491,1.08752,1.08791,1.75,1.00
2017.03.09 22:43:02.592,1.08752,1.08791,1.50,1.00
2017.03.09 22:43:16.679,1.08752,1.08791,1.12,1.04
2017.03.09 22:43:16.866,1.08751,1.08791,1.37,1.47
2017.03.09 22:43:16.967,1.08753,1.08792,1.75,1.04
2017.03.09 22:43:17.018,1.08752,1.08792,1.37,1.04
2017.03.09 22:43:17.237,1.08752,1.08792,1.12,1.47
2017.03.09 22:43:23.471,1.08752,1.08793,1.12,1.75
2017.03.09 22:43:27.570,1.08752,1.08793,1.50,1.56
2017.03.09 22:43:27.671,1.08752,1.0879,1.12,2.25
2017.03.09 22:43:28.465,1.08753,1.08791,1.37,2.06
2017.03.09 22:43:28.567,1.0875,1.08791,1.75,2.25
2017.03.09 22:43:29.262,1.08751,1.08793,1.75,2.81
2017.03.09 22:43:29.363,1.08751,1.08793,1.75,1.75
2017.03.09 22:43:30.064,1.08751,1.08793,1.75,1.56
2017.03.09 22:43:30.166,1.08751,1.08793,1.75,1.75
2017.03.09 22:43:30.724,1.08751,1.08793,1.75,3.00
2017.03.09 22:43:30.859,1.08751,1.08793,1.75,2.81
2017.03.09 22:43:30.961,1.08751,1.08793,1.75,3.00
2017.03.09 22:43:31.303,1.08752,1.08792,1.12,1.12
2017.03.09 22:43:31.404,1.08752,1.08793,1.50,3.00
2017.03.09 22:43:31.647,1.08752,1.08793,1.50,2.81
2017.03.09 22:43:31.748,1.08752,1.08793,1.12,3.00
2017.03.09 22:43:32.268,1.08752,1.08793,1.37,3.37
2017.03.09 22:43:34.500,1.08751,1.08793,1.75,1.75
2017.03.09 22:43:34.680,1.08753,1.08793,1.75,1.56
2017.03.09 22:43:34.781,1.08753,1.08793,1.75,1.75
2017.03.09 22:43:34.831,1.08752,1.08793,1.12,1.75
2017.03.09 22:43:37.266,1.08752,1.08792,1.75,1.75
2017.03.09 22:43:37.571,1.08749,1.08786,1.00,1.12
2017.03.09 22:43:38.216,1.08748,1.08786,1.00,1.12
2017.03.09 22:43:44.683,1.08749,1.08786,1.00,1.12
2017.03.09 22:43:54.738,1.0875,1.08786,1.00,1.12
2017.03.09 22:44:10.371,1.0875,1.08786,1.00,1.12
2017.03.09 22:44:22.783,1.08749,1.08786,1.00,1.12
2017.03.09 22:44:29.956,1.08751,1.08786,1.00,1.12
2017.03.09 22:44:47.137,1.08751,1.08786,1.00,1.12
2017.03.09 22:44:52.947,1.08751,1.08792,1.00,2.25
2017.03.09 22:44:55.208,1.08751,1.08792,1.00,2.25
2017.03.09 22:45:06.234,1.08751,1.08789,1.00,2.25
2017.03.09 22:45:17.672,1.08751,1.08788,1.00,3.00
2017.03.09 22:45:18.085,1.0875,1.08783,1.00,2.62
2017.03.09 22:45:20.456,1.0875,1.08783,1.00,2.25
2017.03.09 22:45:21.026,1.08749,1.08785,1.00,1.12
2017.03.09 22:45:22.011,1.08748,1.08785,1.00,2.62
2017.03.09 22:45:22.062,1.08747,1.08782,1.00,1.87
2017.03.09 22:45:22.113,1.08744,1.08781,1.00,2.25
2017.03.09 22:45:22.164,1.08746,1.08781,1.00,2.62
2017.03.09 22:45:22.367,1.08746,1.0878,1.00,1.87
2017.03.09 22:45:22.418,1.08746,1.0878,1.00,2.62
2017.03.09 22:45:22.625,1.08746,1.0878,1.00,2.25
2017.03.09 22:45:23.171,1.08746,1.0878,1.00,3.00
2017.03.09 22:45:24.326,1.08746,1.0878,1.00,3.00
2017.03.09 22:45:25.245,1.08746,1.08779,1.00,1.50
2017.03.09 22:45:29.464,1.08746,1.08781,1.00,1.00
2017.03.09 22:45:29.515,1.08748,1.08783,1.00,1.00
2017.03.09 22:45:29.819,1.08751,1.08783,1.00,1.37
2017.03.09 22:45:42.161,1.08749,1.08782,1.00,1.87
2017.03.09 22:45:42.664,1.0875,1.08782,1.00,1.87
2017.03.09 22:45:45.815,1.0875,1.08783,1.00,1.00
2017.03.09 22:45:52.169,1.08751,1.08783,1.00,1.00
2017.03.09 22:45:52.800,1.08749,1.08783,1.37,1.00
2017.03.09 22:45:58.927,1.08751,1.08783,1.00,1.00
2017.03.09 22:45:59.129,1.0875,1.08783,1.75,1.00
2017.03.09 22:45:59.230,1.0875,1.08783,1.00,1.00
2017.03.09 22:46:01.665,1.0875,1.08783,1.50,1.00
2017.03.09 22:46:05.361,1.0875,1.08784,1.50,1.00
2017.03.09 22:46:05.412,1.0875,1.08784,1.00,1.00
2017.03.09 22:46:05.862,1.0875,1.08784,1.75,1.00
2017.03.09 22:46:06.194,1.08753,1.08784,1.75,1.00
2017.03.09 22:46:23.133,1.08755,1.08784,1.75,1.00
2017.03.09 22:46:23.235,1.08756,1.08784,1.75,1.00
2017.03.09 22:46:41.513,1.08757,1.08783,1.75,1.00
2017.03.09 22:46:41.615,1.08759,1.08783,1.75,1.00
2017.03.09 22:46:42.177,1.0876,1.08783,1.75,1.00
2017.03.09 22:46:43.773,1.08761,1.08786,1.75,1.00
2017.03.09 22:46:44.433,1.08761,1.08786,1.75,1.00
2017.03.09 22:46:55.433,1.0876,1.08786,1.75,1.00
2017.03.09 22:47:02.253,1.0876,1.08786,1.75,1.00
2017.03.09 22:47:04.232,1.08762,1.08786,1.75,1.00
2017.03.09 22:47:06.982,1.08761,1.08786,1.75,1.00
2017.03.09 22:47:08.662,1.08765,1.08792,2.25,1.00
2017.03.09 22:47:09.156,1.08766,1.08794,1.75,1.00
2017.03.09 22:47:09.802,1.08766,1.08794,1.75,1.00
2017.03.09 22:47:10.182,1.08766,1.08794,1.75,1.00
2017.03.09 22:47:12.813,1.0877,1.08794,1.75,1.00
2017.03.09 22:47:12.863,1.08774,1.08802,1.75,1.00
2017.03.09 22:47:12.965,1.08774,1.08802,2.25,1.00
2017.03.09 22:47:13.016,1.08774,1.08807,2.25,1.00
2017.03.09 22:47:13.067,1.08776,1.0881,1.75,1.00
2017.03.09 22:47:13.118,1.08778,1.08812,1.75,1.00
2017.03.09 22:47:13.270,1.08793,1.08812,1.12,1.00
2017.03.09 22:47:13.523,1.08791,1.08815,1.75,1.00
2017.03.09 22:47:13.624,1.08792,1.08814,1.75,1.00
2017.03.09 22:47:13.725,1.08791,1.08815,1.75,1.00
2017.03.09 22:47:13.826,1.08789,1.08815,1.75,1.00
2017.03.09 22:47:13.974,1.0879,1.08814,1.75,1.00
2017.03.09 22:47:14.027,1.0879,1.08814,1.75,1.00
2017.03.09 22:47:14.179,1.08791,1.08814,1.50,1.00
2017.03.09 22:47:14.280,1.08793,1.08814,2.25,1.00
2017.03.09 22:47:14.493,1.08787,1.08814,1.75,1.00
2017.03.09 22:47:14.999,1.08791,1.08815,1.75,1.00
2017.03.09 22:47:15.352,1.08786,1.08814,1.75,1.00
2017.03.09 22:47:15.463,1.08786,1.08814,1.75,1.00
2017.03.09 22:47:15.562,1.08786,1.08814,1.75,1.00
2017.03.09 22:47:15.939,1.08791,1.08815,1.75,1.50
2017.03.09 22:47:16.141,1.08787,1.08814,1.75,1.00
2017.03.09 22:47:16.242,1.08793,1.08814,1.50,1.00
2017.03.09 22:47:16.346,1.0879,1.08814,1.75,1.00
2017.03.09 22:47:16.599,1.08786,1.08814,2.25,1.00
2017.03.09 22:47:17.263,1.08789,1.08814,1.75,1.00
2017.03.09 22:47:17.364,1.0879,1.08815,1.75,1.00
2017.03.09 22:47:17.465,1.08787,1.08815,1.75,1.00
2017.03.09 22:47:17.566,1.08786,1.08815,1.75,1.00
2017.03.09 22:47:17.768,1.08787,1.08815,1.75,1.00
2017.03.09 22:47:18.022,1.08786,1.08816,1.75,1.00
2017.03.09 22:47:18.326,1.08789,1.08816,2.25,1.00
2017.03.09 22:47:18.578,1.08789,1.08815,1.50,1.00
2017.03.09 22:47:19.087,1.08789,1.08815,1.75,1.00
2017.03.09 22:47:19.340,1.08789,1.08815,1.00,1.00
2017.03.09 22:47:19.542,1.08788,1.08816,1.75,1.00
2017.03.09 22:47:20.313,1.08788,1.08816,1.75,1.00
2017.03.09 22:47:20.667,1.08789,1.08815,1.12,1.50
2017.03.09 22:47:21.612,1.08789,1.08815,1.75,1.00
2017.03.09 22:47:24.713,1.08789,1.08815,1.75,1.00
2017.03.09 22:47:24.915,1.08789,1.08815,1.50,1.50
2017.03.09 22:47:25.067,1.08789,1.08815,1.75,1.50
2017.03.09 22:47:25.666,1.08789,1.08815,1.75,1.00
2017.03.09 22:47:26.403,1.08788,1.08816,3.00,1.00
2017.03.09 22:47:29.206,1.08789,1.08815,1.75,1.00
2017.03.09 22:47:29.991,1.08788,1.08816,2.25,1.00
2017.03.09 22:47:30.732,1.08788,1.08815,2.25,1.00
2017.03.09 22:47:31.117,1.08785,1.08815,1.12,1.00
2017.03.09 22:47:31.218,1.08785,1.08819,1.12,1.00
2017.03.09 22:47:31.269,1.08785,1.08817,1.12,1.00
2017.03.09 22:47:31.319,1.08783,1.08817,2.25,1.00
2017.03.09 22:47:31.914,1.08784,1.08817,1.75,1.00
2017.03.09 22:47:33.914,1.0879,1.08818,1.12,1.00
2017.03.09 22:47:34.978,1.08783,1.08818,2.25,1.00
2017.03.09 22:47:36.979,1.08783,1.08816,3.00,1.00
2017.03.09 22:47:38.413,1.08783,1.08818,3.00,1.00
2017.03.09 22:47:41.132,1.08783,1.08819,2.25,1.00
2017.03.09 22:47:41.233,1.08784,1.08819,1.75,1.00
2017.03.09 22:47:42.292,1.08785,1.08819,1.75,1.00
2017.03.09 22:47:46.276,1.08785,1.08819,2.25,1.00
2017.03.09 22:47:49.311,1.08785,1.0882,3.00,1.00
2017.03.09 22:47:49.361,1.08785,1.08823,2.25,1.00
2017.03.09 22:47:49.463,1.0879,1.08826,1.75,1.87
2017.03.09 22:47:49.674,1.08795,1.0883,1.75,1.37
2017.03.09 22:47:49.725,1.088,1.08832,1.00,1.00
2017.03.09 22:47:49.776,1.088,1.08832,1.75,1.00
2017.03.09 22:47:50.295,1.088,1.08832,1.75,1.00
2017.03.09 22:47:50.870,1.088,1.08832,1.75,1.00
2017.03.09 22:47:53.332,1.08799,1.08832,1.75,1.00
2017.03.09 22:47:54.128,1.08799,1.08832,1.75,1.37
2017.03.09 22:47:55.088,1.08799,1.0883,1.75,1.00
2017.03.09 22:47:57.762,1.08799,1.08824,1.75,1.00
2017.03.09 22:47:58.021,1.08797,1.08824,1.12,1.00
2017.03.09 22:47:58.225,1.08796,1.0883,1.50,1.75
2017.03.09 22:47:58.901,1.08796,1.0883,1.75,1.75
2017.03.09 22:47:59.053,1.08795,1.08829,1.50,1.87
2017.03.09 22:48:02.154,1.08793,1.08829,1.75,1.12
2017.03.09 22:48:06.022,1.08793,1.08829,1.75,1.87
2017.03.09 22:48:07.270,1.08793,1.08821,1.75,1.00
2017.03.09 22:48:09.858,1.08787,1.08825,3.75,1.75
2017.03.09 22:48:12.075,1.08788,1.08824,1.75,1.50
2017.03.09 22:48:12.729,1.08787,1.08824,3.00,1.75
2017.03.09 22:48:14.276,1.08787,1.08818,3.00,1.00
2017.03.09 22:48:14.723,1.08787,1.08818,2.25,1.00
2017.03.09 22:48:15.246,1.08788,1.08819,1.75,1.00
2017.03.09 22:48:15.448,1.08788,1.08817,1.75,1.00
2017.03.09 22:48:17.804,1.08787,1.0882,2.25,1.00
2017.03.09 22:48:17.855,1.08789,1.0882,2.25,1.00
2017.03.09 22:48:18.162,1.0879,1.0882,2.25,1.00
2017.03.09 22:48:21.945,1.0879,1.08823,2.25,1.00
2017.03.09 22:48:24.204,1.08791,1.08822,1.75,1.00
2017.03.09 22:48:25.229,1.08792,1.08822,2.25,1.00
2017.03.09 22:48:25.963,1.08793,1.08823,1.75,1.00
2017.03.09 22:48:33.913,1.08791,1.08822,2.25,1.75
2017.03.09 22:48:34.131,1.08792,1.08821,1.75,1.75
2017.03.09 22:48:40.226,1.0879,1.08821,3.00,1.75
2017.03.09 22:48:40.510,1.0879,1.08821,3.00,1.75
2017.03.09 22:48:40.663,1.0879,1.08821,1.75,1.75
2017.03.09 22:48:40.714,1.08781,1.08818,1.12,1.87
2017.03.09 22:48:40.815,1.08782,1.08814,1.12,1.00
2017.03.09 22:48:41.068,1.08776,1.08811,1.75,1.00
2017.03.09 22:48:41.863,1.08776,1.0881,1.75,1.00
2017.03.09 22:48:42.132,1.08777,1.08808,1.75,1.00
2017.03.09 22:48:44.325,1.08777,1.08803,1.75,1.12
2017.03.09 22:48:44.376,1.08777,1.08802,1.00,1.00
2017.03.09 22:48:44.477,1.08776,1.08799,1.00,1.00
2017.03.09 22:48:45.163,1.08777,1.08798,1.00,1.00
2017.03.09 22:48:45.625,1.08772,1.08798,1.00,1.00
2017.03.09 22:48:45.676,1.08762,1.08798,1.87,1.00
2017.03.09 22:48:47.447,1.08764,1.08798,1.12,1.12
2017.03.09 22:48:48.008,1.08764,1.08798,1.87,1.12
2017.03.09 22:48:48.712,1.08763,1.08798,1.87,1.12
2017.03.09 22:48:49.298,1.08763,1.08797,1.87,1.00
2017.03.09 22:48:53.917,1.08762,1.08797,1.12,1.00
2017.03.09 22:48:56.958,1.08762,1.08798,1.12,1.00
2017.03.09 22:49:00.420,1.08762,1.08798,1.87,1.00
2017.03.09 22:49:05.865,1.08759,1.08795,1.75,1.00
2017.03.09 22:49:07.906,1.08759,1.08794,1.75,1.00
2017.03.09 22:49:08.297,1.08764,1.08797,1.75,1.00
2017.03.09 22:49:09.012,1.08763,1.08797,1.75,1.00
2017.03.09 22:49:09.887,1.0876,1.08797,1.75,1.00
2017.03.09 22:49:10.197,1.08758,1.08795,1.87,1.00
2017.03.09 22:49:10.430,1.08758,1.08794,1.87,1.12
2017.03.09 22:49:12.937,1.08756,1.08793,1.12,1.00
2017.03.09 22:49:13.038,1.08757,1.08791,1.12,1.00
2017.03.09 22:49:17.093,1.08758,1.0879,1.12,1.00
2017.03.09 22:49:17.144,1.0876,1.08792,1.37,1.00
2017.03.09 22:49:17.195,1.08757,1.08789,1.75,1.00
2017.03.09 22:49:17.296,1.08761,1.08792,1.00,1.00
2017.03.09 22:49:17.347,1.08758,1.08796,2.25,1.75
2017.03.09 22:49:17.398,1.08764,1.08797,1.37,1.75
2017.03.09 22:49:17.887,1.08764,1.08798,1.37,1.12
2017.03.09 22:49:18.334,1.08763,1.08796,1.37,1.00
2017.03.09 22:49:18.436,1.08764,1.08796,1.00,1.12
2017.03.09 22:49:18.537,1.08758,1.08794,1.12,1.00
2017.03.09 22:49:18.741,1.08758,1.08792,1.12,1.00
2017.03.09 22:49:19.500,1.08759,1.08793,1.12,1.00
2017.03.09 22:49:26.587,1.08758,1.08793,1.87,1.00
2017.03.09 22:49:28.977,1.08758,1.08794,1.12,1.00
2017.03.09 22:49:29.862,1.08761,1.08794,1.37,1.00
2017.03.09 22:49:30.166,1.08774,1.08804,1.75,1.00
2017.03.09 22:49:31.014,1.08767,1.08804,1.75,1.20
2017.03.09 22:49:31.317,1.08763,1.08801,1.75,1.20
2017.03.09 22:49:31.659,1.08759,1.08798,2.62,1.00
2017.03.09 22:49:32.000,1.08759,1.08796,2.25,1.00
2017.03.09 22:49:34.754,1.08756,1.08796,1.12,1.26
2017.03.09 22:49:34.943,1.08757,1.08794,1.12,1.00
2017.03.09 22:49:38.075,1.08757,1.08793,1.12,1.00
2017.03.09 22:49:40.116,1.08757,1.08792,1.12,1.00
2017.03.09 22:49:40.762,1.08757,1.08793,1.12,1.00
2017.03.09 22:49:41.014,1.08752,1.08792,1.87,1.00
2017.03.09 22:49:41.065,1.08752,1.08789,1.75,1.00
2017.03.09 22:49:41.116,1.08752,1.08789,1.75,1.00
2017.03.09 22:49:41.670,1.08752,1.08788,1.87,1.00
2017.03.09 22:49:42.338,1.08752,1.08788,1.12,1.00
2017.03.09 22:49:46.279,1.08752,1.08788,1.12,1.00
2017.03.09 22:49:46.422,1.08749,1.08783,1.75,1.00
2017.03.09 22:49:46.523,1.08749,1.0878,1.12,1.00
2017.03.09 22:49:46.726,1.08749,1.08779,1.00,1.50
2017.03.09 22:49:47.512,1.08749,1.08779,1.00,1.75
2017.03.09 22:49:50.062,1.08743,1.08777,1.12,1.50
2017.03.09 22:49:50.112,1.08743,1.08775,1.00,1.50
2017.03.09 22:49:50.416,1.08743,1.08775,1.00,1.75
2017.03.09 22:49:51.852,1.08737,1.08775,1.12,1.75
2017.03.09 22:49:51.902,1.08734,1.08771,1.00,1.75
2017.03.09 22:49:52.054,1.08729,1.0877,1.00,1.75
2017.03.09 22:49:54.299,1.08728,1.08767,1.00,1.75
2017.03.09 22:49:54.896,1.08727,1.08765,1.00,1.75
2017.03.09 22:49:57.262,1.08725,1.08765,1.00,1.75
2017.03.09 22:49:57.313,1.08723,1.08765,1.12,1.75
2017.03.09 22:49:57.627,1.08722,1.08766,1.75,2.25
2017.03.09 22:49:59.139,1.08718,1.08765,1.75,3.37
2017.03.09 22:49:59.662,1.08718,1.08765,1.75,4.12
2017.03.09 22:50:01.350,1.08718,1.08766,1.75,1.75
2017.03.09 22:50:01.907,1.08722,1.08769,1.75,6.37
2017.03.09 22:50:07.769,1.08727,1.08755,1.12,1.00
2017.03.09 22:50:08.073,1.08721,1.0875,1.00,1.75
2017.03.09 22:50:08.276,1.08719,1.08747,1.00,1.75
2017.03.09 22:50:08.527,1.08717,1.08747,1.00,1.75
2017.03.09 22:50:09.066,1.08718,1.08748,1.00,1.75
2017.03.09 22:50:09.589,1.08717,1.08751,1.00,3.00
2017.03.09 22:50:10.403,1.08718,1.08751,1.00,2.25
2017.03.09 22:50:10.666,1.08715,1.08746,1.00,1.75
2017.03.09 22:50:10.717,1.08714,1.08746,1.00,1.75
2017.03.09 22:50:10.919,1.08715,1.08749,1.00,1.75
2017.03.09 22:50:12.153,1.0872,1.0875,1.00,1.75
2017.03.09 22:50:12.458,1.08722,1.0875,1.00,1.75
2017.03.09 22:50:12.874,1.08724,1.0875,1.00,1.75
2017.03.09 22:50:15.919,1.08723,1.0875,1.00,1.75
2017.03.09 22:50:16.248,1.08726,1.08749,1.00,1.75
2017.03.09 22:50:16.423,1.08727,1.08752,1.00,2.25
2017.03.09 22:50:16.924,1.08728,1.08762,1.00,1.75
2017.03.09 22:50:17.025,1.08726,1.08762,1.00,1.75
2017.03.09 22:50:17.126,1.08729,1.08762,1.00,1.75
2017.03.09 22:50:17.177,1.08729,1.08762,1.00,1.75
2017.03.09 22:50:17.284,1.08736,1.08765,1.00,1.75
2017.03.09 22:50:17.655,1.0874,1.0877,1.00,1.75
2017.03.09 22:50:17.908,1.08737,1.0877,1.00,2.25
2017.03.09 22:50:18.852,1.08736,1.0877,1.00,2.25
2017.03.09 22:50:19.470,1.08734,1.0877,1.00,2.25
2017.03.09 22:50:19.572,1.08736,1.0877,1.00,2.25
2017.03.09 22:50:22.314,1.08733,1.0877,1.00,2.25
2017.03.09 22:50:24.466,1.08736,1.0877,1.75,1.00
2017.03.09 22:50:24.517,1.08737,1.08778,1.75,1.75
2017.03.09 22:50:24.568,1.08741,1.08783,2.25,3.75
2017.03.09 22:50:24.946,1.08748,1.08787,1.75,1.75
2017.03.09 22:50:25.268,1.08747,1.08787,1.75,1.12
2017.03.09 22:50:38.516,1.0875,1.08789,1.12,1.75
2017.03.09 22:50:40.317,1.08749,1.08787,1.75,1.37
2017.03.09 22:50:42.472,1.0875,1.08787,1.75,1.12
2017.03.09 22:50:43.033,1.0875,1.08786,2.25,1.00
2017.03.09 22:50:45.764,1.0875,1.08787,1.75,1.50
2017.03.09 22:50:46.336,1.0875,1.08786,2.25,1.00
2017.03.09 22:50:46.642,1.0875,1.08786,2.25,1.87
2017.03.09 22:50:48.620,1.0875,1.08785,1.75,1.12
2017.03.09 22:50:54.717,1.08751,1.08783,1.75,1.37
2017.03.09 22:50:59.173,1.08751,1.08782,1.75,1.12
2017.03.09 22:50:59.483,1.08753,1.08781,1.75,1.12
2017.03.09 22:51:00.115,1.08753,1.08781,1.75,1.12
2017.03.09 22:51:07.182,1.08751,1.08781,2.25,1.12
2017.03.09 22:51:19.338,1.08749,1.08781,2.25,1.12
2017.03.09 22:51:22.095,1.0875,1.08781,1.75,1.12
2017.03.09 22:51:22.562,1.0875,1.08779,1.75,3.75
2017.03.09 22:51:22.664,1.08749,1.08779,1.50,3.75
2017.03.09 22:51:25.418,1.0875,1.0878,1.75,4.50
2017.03.09 22:51:25.940,1.08749,1.0878,2.25,4.50
2017.03.09 22:51:27.867,1.0875,1.08782,1.75,5.62
2017.03.09 22:51:32.662,1.0875,1.08782,1.00,5.62
2017.03.09 22:51:34.548,1.08749,1.08781,1.00,1.75
2017.03.09 22:51:36.470,1.0875,1.08782,1.00,3.75
2017.03.09 22:51:37.861,1.0875,1.08785,1.00,4.50
2017.03.09 22:51:39.509,1.08749,1.08785,1.00,4.50
2017.03.09 22:51:40.015,1.0875,1.08785,1.00,4.50
2017.03.09 22:51:40.770,1.08749,1.08785,1.00,4.50
2017.03.09 22:51:41.839,1.0875,1.08785,1.00,4.50
2017.03.09 22:51:44.469,1.08749,1.08785,1.00,3.75
2017.03.09 22:51:45.250,1.0875,1.08785,1.00,3.75
2017.03.09 22:51:45.452,1.08751,1.08786,1.00,1.87
2017.03.09 22:51:45.654,1.08754,1.08786,1.00,1.75
2017.03.09 22:51:47.686,1.08754,1.08786,1.00,1.75
2017.03.09 22:51:57.661,1.08753,1.0879,1.00,1.12
2017.03.09 22:51:57.864,1.08753,1.08787,1.00,3.75
2017.03.09 22:51:58.987,1.08754,1.08787,1.00,1.75
2017.03.09 22:52:05.919,1.08755,1.08788,1.00,4.50
2017.03.09 22:52:11.567,1.08753,1.08787,1.00,1.75
2017.03.09 22:52:11.951,1.08755,1.08788,1.00,4.50
2017.03.09 22:52:13.527,1.08753,1.08787,1.00,1.75
2017.03.09 22:52:13.861,1.08755,1.08788,1.00,3.75
2017.03.09 22:52:13.912,1.08755,1.0879,1.00,3.75
2017.03.09 22:52:14.490,1.08756,1.0879,1.00,3.75
2017.03.09 22:52:14.592,1.08752,1.0879,1.00,4.12
2017.03.09 22:52:15.132,1.08755,1.0879,1.00,3.75
2017.03.09 22:52:23.876,1.08755,1.08791,1.00,1.87
2017.03.09 22:52:32.217,1.08757,1.08791,1.00,1.87
2017.03.09 22:52:32.318,1.08757,1.08792,1.00,1.50
2017.03.09 22:52:33.725,1.08757,1.08791,1.00,1.37
2017.03.09 22:52:33.885,1.08757,1.08788,1.00,1.00
2017.03.09 22:52:34.750,1.08758,1.08788,1.00,1.00
2017.03.09 22:52:34.852,1.08762,1.08798,1.00,1.75
2017.03.09 22:52:39.130,1.08761,1.08798,1.37,1.75
2017.03.09 22:52:43.030,1.08761,1.08799,1.00,6.00
2017.03.09 22:52:49.842,1.08761,1.08798,1.00,1.75
2017.03.09 22:52:59.136,1.08761,1.08798,1.00,1.00
2017.03.09 22:53:02.816,1.08762,1.08798,1.00,1.00
2017.03.09 22:53:06.930,1.08762,1.08799,1.00,1.12
2017.03.09 22:53:07.718,1.08762,1.08798,1.00,1.00
2017.03.09 22:53:09.815,1.08762,1.08798,1.00,1.75
2017.03.09 22:53:17.862,1.08762,1.08799,1.00,1.50
2017.03.09 22:53:17.913,1.08767,1.08798,1.12,1.00
2017.03.09 22:53:17.964,1.08767,1.08802,1.12,1.12
2017.03.09 22:53:18.160,1.08767,1.08798,1.00,1.00
2017.03.09 22:53:19.228,1.08767,1.08801,1.12,1.75
2017.03.09 22:53:20.487,1.08768,1.08798,1.00,1.00
2017.03.09 22:53:21.012,1.08767,1.08799,1.87,1.87
2017.03.09 22:53:21.863,1.08767,1.08798,1.87,1.00
2017.03.09 22:53:22.663,1.08767,1.08799,1.87,1.87
2017.03.09 22:53:23.979,1.08768,1.08798,1.00,1.00
2017.03.09 22:53:24.929,1.08767,1.08799,1.87,1.87
2017.03.09 22:53:25.685,1.08768,1.08798,1.00,1.00
2017.03.09 22:53:25.735,1.08767,1.08802,1.87,1.50
2017.03.09 22:53:26.296,1.08768,1.08801,1.00,1.00
2017.03.09 22:53:27.869,1.08767,1.08802,1.87,1.00
2017.03.09 22:53:29.803,1.08767,1.08801,1.12,1.00
2017.03.09 22:53:31.790,1.08765,1.08801,1.00,1.00
2017.03.09 22:53:31.992,1.08764,1.08798,1.00,1.00
2017.03.09 22:53:32.043,1.08761,1.08798,1.00,1.00
2017.03.09 22:53:32.566,1.08762,1.08798,1.00,1.00
2017.03.09 22:53:34.827,1.08763,1.08798,1.00,1.00
2017.03.09 22:53:36.299,1.08763,1.08799,1.00,1.00
2017.03.09 22:53:38.390,1.08763,1.08798,1.00,1.00
2017.03.09 22:53:39.398,1.08763,1.08799,1.00,1.50
2017.03.09 22:53:40.313,1.08763,1.08798,1.00,1.00
2017.03.09 22:53:43.409,1.08763,1.08799,1.00,1.50
2017.03.09 22:53:44.120,1.08763,1.08798,1.00,1.00
2017.03.09 22:53:45.418,1.08763,1.08799,1.00,1.00
2017.03.09 22:53:46.012,1.08763,1.08798,1.00,1.00
2017.03.09 22:53:46.064,1.08762,1.08799,1.00,3.00
2017.03.09 22:53:46.115,1.08759,1.08797,1.00,1.12
2017.03.09 22:53:46.166,1.08759,1.08797,1.00,1.00
2017.03.09 22:53:46.217,1.08757,1.08798,1.00,1.87
2017.03.09 22:53:46.318,1.08759,1.08798,1.00,1.87
2017.03.09 22:53:47.940,1.0876,1.08798,1.00,1.87
2017.03.09 22:53:57.505,1.08761,1.08797,1.00,1.50
2017.03.09 22:54:01.787,1.08763,1.08797,1.00,1.00
2017.03.09 22:54:15.491,1.08763,1.08798,1.00,1.50
2017.03.09 22:54:16.083,1.08763,1.08798,1.00,1.50
2017.03.09 22:54:16.754,1.08763,1.08797,1.00,1.87
2017.03.09 22:54:20.337,1.08761,1.08796,1.00,1.50
2017.03.09 22:54:20.846,1.08762,1.08796,1.00,1.50
2017.03.09 22:54:21.867,1.08762,1.08796,1.00,2.25
2017.03.09 22:54:23.651,1.08762,1.08796,1.00,1.75
2017.03.09 22:54:24.812,1.0876,1.08794,1.00,1.50
2017.03.09 22:54:24.863,1.08758,1.08789,1.00,1.00
2017.03.09 22:54:24.915,1.08756,1.08789,1.00,1.00
2017.03.09 22:54:25.016,1.08754,1.08789,1.00,1.00
2017.03.09 22:54:25.370,1.08753,1.08791,1.00,1.87
2017.03.09 22:54:25.421,1.0875,1.08789,1.00,1.75
2017.03.09 22:54:25.523,1.08748,1.08788,1.00,1.75
2017.03.09 22:54:25.574,1.08746,1.08787,1.00,1.12
2017.03.09 22:54:25.625,1.08742,1.08783,1.00,1.87
2017.03.09 22:54:26.050,1.08744,1.08782,1.00,1.00
2017.03.09 22:54:27.065,1.08744,1.08782,1.00,1.12
2017.03.09 22:54:27.116,1.0874,1.08781,1.00,1.75
2017.03.09 22:54:31.111,1.08738,1.08779,1.00,1.12
2017.03.09 22:54:31.650,1.08737,1.08778,1.00,1.00
2017.03.09 22:54:32.173,1.08737,1.08779,1.00,1.12
2017.03.09 22:54:32.274,1.08737,1.08779,1.00,1.87
2017.03.09 22:54:32.913,1.08736,1.08778,1.00,1.37
2017.03.09 22:54:33.472,1.08737,1.08778,1.00,1.87
2017.03.09 22:54:35.639,1.08736,1.08776,1.00,1.00
2017.03.09 22:54:37.824,1.08737,1.08778,1.00,1.37
2017.03.09 22:54:39.457,1.08737,1.08774,1.00,1.00
2017.03.09 22:54:39.979,1.08737,1.08771,1.00,1.00
2017.03.09 22:54:41.900,1.08737,1.0877,1.00,1.00
2017.03.09 22:54:42.052,1.08738,1.08772,1.00,1.00
2017.03.09 22:54:42.568,1.08738,1.08773,1.00,1.00
2017.03.09 22:54:42.834,1.08738,1.08771,1.00,1.00
2017.03.09 22:54:42.936,1.08738,1.08773,1.00,1.00
2017.03.09 22:54:43.878,1.08738,1.08774,1.00,1.00
2017.03.09 22:54:44.001,1.08736,1.08775,1.00,1.00
2017.03.09 22:54:44.156,1.08736,1.08771,1.00,1.00
2017.03.09 22:54:46.394,1.08737,1.08771,1.00,1.00
2017.03.09 22:54:46.744,1.08739,1.08771,1.00,1.00
2017.03.09 22:54:50.869,1.08739,1.08773,1.00,1.00
2017.03.09 22:54:56.769,1.0874,1.08773,1.00,1.00
2017.03.09 22:54:57.054,1.08741,1.08776,1.00,1.00
2017.03.09 22:54:57.205,1.08741,1.08774,1.00,1.00
2017.03.09 22:54:57.939,1.0874,1.08774,1.00,1.00
2017.03.09 22:55:02.166,1.08739,1.08774,1.00,1.00
2017.03.09 22:55:02.217,1.08737,1.08774,1.00,1.00
2017.03.09 22:55:02.735,1.08738,1.08773,1.00,1.12
2017.03.09 22:55:03.411,1.08738,1.08772,1.00,1.00
2017.03.09 22:55:05.416,1.08739,1.08776,1.00,1.00
2017.03.09 22:55:05.517,1.08741,1.08779,1.00,1.12
2017.03.09 22:55:05.619,1.08743,1.0878,1.00,1.50
2017.03.09 22:55:06.354,1.08743,1.0878,1.00,1.02
2017.03.09 22:55:06.920,1.08741,1.0878,1.00,1.02
2017.03.09 22:55:07.479,1.08741,1.08779,1.00,1.00
2017.03.09 22:55:08.026,1.08741,1.0878,1.00,1.02
2017.03.09 22:55:14.047,1.08741,1.08779,1.00,1.00
2017.03.09 22:55:15.485,1.08741,1.0878,1.00,1.00
2017.03.09 22:55:16.255,1.08741,1.08779,1.00,1.00
2017.03.09 22:55:17.799,1.0874,1.08779,1.00,1.00
2017.03.09 22:55:18.945,1.0874,1.08777,1.00,1.00
2017.03.09 22:55:19.939,1.0874,1.08778,1.00,1.00
2017.03.09 22:55:20.548,1.08739,1.08779,1.00,1.00
2017.03.09 22:55:21.002,1.08741,1.08778,1.00,1.00
2017.03.09 22:55:21.995,1.0874,1.08778,1.00,1.00
2017.03.09 22:55:24.027,1.08736,1.08778,1.00,1.00
2017.03.09 22:55:24.218,1.08737,1.08774,1.00,1.00
2017.03.09 22:55:26.088,1.08737,1.08775,1.00,1.00
2017.03.09 22:55:26.897,1.08737,1.08774,1.00,1.00
2017.03.09 22:55:33.995,1.08737,1.08772,1.00,1.00
2017.03.09 22:55:34.818,1.08737,1.08773,1.00,1.00
2017.03.09 22:55:35.416,1.08734,1.08772,1.00,1.00
2017.03.09 22:55:37.565,1.08734,1.08771,1.00,1.00
2017.03.09 22:55:37.616,1.08736,1.08775,1.00,1.27
2017.03.09 22:55:37.718,1.08737,1.08779,1.00,1.00
2017.03.09 22:55:37.768,1.08739,1.08779,1.00,1.00
2017.03.09 22:55:38.123,1.08742,1.08782,1.00,1.27
2017.03.09 22:55:38.853,1.0874,1.08782,1.00,1.27
2017.03.09 22:55:40.085,1.08739,1.08779,1.00,1.00
2017.03.09 22:55:40.239,1.08736,1.0878,1.00,1.02
2017.03.09 22:55:40.527,1.08734,1.08775,1.00,1.00
2017.03.09 22:55:43.976,1.08734,1.08777,1.00,1.00
2017.03.09 22:55:44.479,1.08734,1.08776,1.00,1.00
2017.03.09 22:55:47.647,1.08733,1.08778,1.00,1.12
2017.03.09 22:55:47.849,1.08733,1.08776,1.00,1.00
2017.03.09 22:55:49.861,1.08733,1.08775,1.00,1.00
2017.03.09 22:55:50.392,1.08732,1.08775,1.00,1.00
2017.03.09 22:55:51.548,1.08732,1.08774,1.00,1.00
2017.03.09 22:55:53.544,1.08732,1.08773,1.00,1.00
2017.03.09 22:55:54.498,1.08732,1.08775,1.00,2.25
2017.03.09 22:55:55.159,1.08732,1.08774,1.00,1.50
2017.03.09 22:55:55.718,1.08732,1.08775,1.00,2.25
2017.03.09 22:55:56.497,1.08732,1.08773,1.00,1.00
2017.03.09 22:55:57.039,1.08734,1.08775,1.00,2.25
2017.03.09 22:55:58.885,1.08732,1.08776,1.00,1.50
2017.03.09 22:55:59.090,1.08732,1.08772,1.00,1.00
2017.03.09 22:56:01.843,1.08732,1.08774,1.00,1.00
2017.03.09 22:56:02.364,1.08736,1.08774,1.00,1.00
2017.03.09 22:56:02.668,1.08747,1.08782,1.00,1.00
2017.03.09 22:56:02.988,1.08747,1.0878,1.00,1.00
2017.03.09 22:56:06.095,1.08747,1.08782,1.00,1.12
2017.03.09 22:56:06.146,1.08747,1.08782,1.00,1.75
2017.03.09 22:56:07.071,1.08746,1.08782,1.00,1.75
2017.03.09 22:56:07.398,1.08748,1.08782,1.00,1.75
2017.03.09 22:56:07.933,1.08747,1.08782,1.00,1.75
2017.03.09 22:56:08.566,1.08749,1.08784,1.00,1.75
2017.03.09 22:56:11.149,1.08749,1.0878,1.00,1.00
2017.03.09 22:56:11.790,1.08749,1.08781,1.00,1.12
2017.03.09 22:56:12.447,1.08748,1.08781,1.00,1.12
2017.03.09 22:56:13.165,1.08749,1.08781,1.00,1.50
2017.03.09 22:56:18.893,1.0875,1.0878,1.00,1.12
2017.03.09 22:56:20.981,1.08749,1.08781,1.00,1.50
2017.03.09 22:56:21.316,1.08745,1.08781,1.00,1.75
2017.03.09 22:56:21.367,1.08746,1.08781,1.00,1.75
2017.03.09 22:56:21.883,1.08745,1.08781,1.00,1.75
2017.03.09 22:56:22.735,1.08746,1.0878,1.00,2.25
2017.03.09 22:56:25.644,1.08745,1.0878,1.00,1.75
2017.03.09 22:56:33.748,1.08745,1.08778,1.00,1.75
2017.03.09 22:56:33.837,1.08743,1.08778,1.00,1.75
2017.03.09 22:56:34.952,1.08743,1.08777,1.00,1.75
2017.03.09 22:56:38.465,1.08744,1.08777,1.00,1.75
2017.03.09 22:56:39.794,1.08743,1.08778,1.00,2.25
2017.03.09 22:56:41.043,1.08741,1.08778,1.00,2.25
2017.03.09 22:56:41.266,1.08741,1.08778,1.00,2.25
2017.03.09 22:56:41.317,1.08743,1.08778,1.00,2.25
2017.03.09 22:56:54.592,1.08743,1.08781,1.00,1.37
2017.03.09 22:56:54.785,1.08743,1.08778,1.00,1.00
2017.03.09 22:56:55.090,1.08743,1.08778,1.00,1.75
2017.03.09 22:56:55.618,1.08744,1.08777,1.00,1.75
2017.03.09 22:56:56.470,1.08744,1.08779,1.00,1.75
2017.03.09 22:56:58.076,1.08744,1.08774,1.00,1.00
2017.03.09 22:57:02.488,1.08744,1.08773,1.00,1.00
2017.03.09 22:57:04.316,1.08743,1.08773,1.00,1.00
2017.03.09 22:57:05.374,1.08741,1.08773,1.50,1.00
2017.03.09 22:57:11.070,1.08741,1.08774,1.50,1.00
2017.03.09 22:57:23.418,1.08741,1.08773,1.50,1.00
2017.03.09 22:57:26.506,1.08741,1.08773,1.50,1.50
2017.03.09 22:57:30.897,1.08741,1.08773,1.50,1.50
2017.03.09 22:57:33.212,1.08741,1.08774,1.00,1.00
2017.03.09 22:57:33.895,1.08741,1.08773,1.50,1.00
2017.03.09 22:57:35.439,1.08741,1.08774,1.00,1.00
2017.03.09 22:57:36.206,1.08741,1.08773,1.50,1.00
2017.03.09 22:57:38.788,1.08741,1.08774,1.00,1.00
2017.03.09 22:57:41.565,1.08741,1.08773,1.50,1.00
2017.03.09 22:57:42.100,1.0874,1.08773,1.00,1.00
2017.03.09 22:57:42.201,1.08738,1.08773,1.00,1.00
2017.03.09 22:57:42.303,1.08735,1.08773,1.37,1.75
2017.03.09 22:57:42.404,1.08737,1.08773,1.00,1.87
2017.03.09 22:57:42.454,1.08739,1.08773,1.00,1.87
2017.03.09 22:57:42.792,1.08738,1.08773,1.00,2.25
2017.03.09 22:57:43.343,1.08739,1.08773,1.00,2.25
2017.03.09 22:57:43.872,1.08739,1.08773,1.00,1.75
2017.03.09 22:57:44.203,1.08737,1.08765,1.00,1.00
2017.03.09 22:57:44.542,1.08739,1.08765,1.00,1.00
2017.03.09 22:57:46.216,1.08739,1.08773,1.00,1.75
2017.03.09 22:57:46.842,1.0874,1.08773,1.00,2.25
2017.03.09 22:57:47.511,1.0874,1.08773,1.00,2.25
2017.03.09 22:57:55.014,1.0874,1.08769,1.00,1.75
2017.03.09 22:57:55.318,1.08733,1.08761,1.37,1.00
2017.03.09 22:57:55.645,1.08733,1.08769,1.37,1.50
2017.03.09 22:57:56.799,1.08733,1.08769,1.12,1.00
2017.03.09 22:57:57.509,1.08733,1.08769,1.37,1.00
2017.03.09 22:57:57.560,1.08733,1.08765,1.00,3.00
2017.03.09 22:57:57.612,1.0873,1.08765,1.00,3.00
2017.03.09 22:57:57.665,1.08729,1.08769,1.00,4.50
2017.03.09 22:57:57.767,1.0873,1.08767,1.00,1.00
2017.03.09 22:57:58.788,1.0873,1.08769,1.00,4.50
2017.03.09 22:57:59.382,1.08731,1.08769,1.00,4.50
2017.03.09 22:58:00.518,1.08731,1.08766,1.00,1.00
2017.03.09 22:58:00.825,1.08731,1.08759,1.00,1.00
2017.03.09 22:58:01.368,1.08731,1.0876,1.00,1.00
2017.03.09 22:58:02.066,1.08731,1.08759,1.00,1.00
2017.03.09 22:58:02.268,1.08729,1.0876,1.00,1.00
2017.03.09 22:58:03.184,1.08728,1.0876,1.00,1.00
2017.03.09 22:58:05.797,1.08728,1.08759,1.00,1.00
2017.03.09 22:58:07.220,1.08729,1.08759,1.00,1.00
2017.03.09 22:58:08.799,1.08729,1.0876,1.00,1.00
2017.03.09 22:58:09.808,1.08729,1.08759,1.00,1.00
2017.03.09 22:58:10.309,1.08727,1.08758,1.50,1.00
2017.03.09 22:58:10.511,1.08723,1.08758,1.00,1.00
2017.03.09 22:58:11.020,1.08723,1.08757,1.00,1.00
2017.03.09 22:58:11.808,1.08723,1.08758,1.00,1.00
2017.03.09 22:58:12.358,1.08723,1.08757,1.00,1.00
2017.03.09 22:58:12.513,1.08721,1.08757,1.00,1.00
2017.03.09 22:58:12.564,1.08721,1.08754,1.00,1.00
2017.03.09 22:58:12.875,1.08719,1.08754,1.50,1.00
2017.03.09 22:58:14.788,1.08719,1.08748,1.50,1.00
2017.03.09 22:58:15.103,1.08723,1.08747,1.00,1.00
2017.03.09 22:58:15.514,1.08725,1.08748,1.00,1.00
2017.03.09 22:58:16.301,1.08725,1.08747,1.00,1.00
2017.03.09 22:58:16.821,1.08725,1.08748,1.00,1.00
2017.03.09 22:58:17.722,1.08725,1.08747,1.00,1.00
2017.03.09 22:58:20.488,1.08725,1.08748,1.00,1.00
2017.03.09 22:58:20.539,1.08725,1.08753,1.00,1.00
2017.03.09 22:58:20.691,1.08727,1.08753,1.50,1.00
2017.03.09 22:58:41.263,1.08726,1.08753,1.00,1.00
2017.03.09 22:58:51.062,1.08724,1.0875,1.00,1.00
2017.03.09 22:58:51.113,1.08722,1.0875,1.00,1.00
2017.03.09 22:58:51.214,1.08722,1.08752,1.00,1.00
2017.03.09 22:58:51.316,1.08724,1.08752,1.00,1.00
2017.03.09 22:58:51.811,1.08726,1.08752,1.00,1.00
2017.03.09 22:58:51.862,1.08724,1.08752,1.00,1.00
2017.03.09 22:58:57.364,1.08723,1.08748,1.00,1.00
2017.03.09 22:59:01.133,1.08723,1.08749,1.00,1.00
2017.03.09 22:59:02.591,1.08723,1.08748,1.00,1.00
2017.03.09 22:59:03.106,1.08721,1.08748,1.50,1.00
2017.03.09 22:59:04.697,1.08721,1.08749,1.50,1.00
2017.03.09 22:59:05.697,1.08721,1.08748,1.50,1.00
2017.03.09 22:59:06.065,1.08721,1.08756,1.50,1.50
2017.03.09 22:59:06.115,1.08724,1.08756,1.00,1.00
2017.03.09 22:59:06.424,1.08726,1.08756,1.00,1.50
2017.03.09 22:59:07.020,1.08727,1.08756,1.00,1.50
2017.03.09 22:59:07.391,1.08725,1.08756,1.00,1.50
2017.03.09 22:59:16.184,1.08726,1.08756,1.00,1.00
2017.03.09 22:59:16.687,1.08727,1.08756,1.00,1.00
2017.03.09 22:59:28.912,1.08723,1.08756,1.00,1.00
2017.03.09 22:59:28.963,1.08723,1.08751,1.00,1.00
2017.03.09 22:59:29.014,1.0872,1.08751,1.50,1.00
2017.03.09 22:59:29.194,1.08722,1.08751,1.00,1.00
2017.03.09 22:59:31.125,1.08723,1.08751,1.00,1.00
2017.03.09 22:59:33.095,1.08721,1.08751,1.00,1.00
2017.03.09 22:59:35.039,1.08722,1.08748,1.00,1.00
2017.03.09 22:59:35.246,1.08721,1.08753,1.00,1.00
2017.03.09 22:59:35.854,1.08722,1.08753,1.00,1.00
2017.03.09 22:59:36.017,1.08722,1.08748,1.00,1.00
2017.03.09 22:59:37.164,1.08722,1.08755,1.00,1.50
2017.03.09 22:59:37.215,1.08726,1.08755,1.00,1.50
2017.03.09 22:59:37.266,1.08724,1.08755,1.00,1.00
2017.03.09 22:59:37.316,1.08726,1.08755,1.00,1.00
2017.03.09 22:59:39.063,1.08724,1.08752,1.00,1.00
2017.03.09 22:59:39.114,1.08721,1.08752,1.50,1.00
2017.03.09 22:59:39.895,1.08722,1.08752,1.00,1.00
2017.03.09 22:59:40.555,1.08723,1.08752,1.00,1.00
2017.03.09 22:59:41.927,1.08723,1.08749,1.00,1.00
2017.03.09 22:59:47.164,1.08723,1.08747,1.00,1.00
2017.03.09 22:59:49.818,1.08723,1.08748,1.00,1.00
2017.03.09 22:59:50.334,1.08722,1.08748,1.00,1.00
2017.03.09 22:59:50.974,1.08723,1.08748,1.00,1.00
2017.03.09 22:59:51.917,1.08723,1.08747,1.00,1.00
2017.03.09 22:59:52.934,1.08723,1.08748,1.00,1.00
2017.03.09 22:59:54.801,1.08723,1.08747,1.00,1.00
2017.03.09 22:59:56.546,1.08723,1.08748,1.00,1.00
2017.03.09 22:59:57.074,1.08722,1.08748,1.00,1.00
2017.03.09 22:59:57.377,1.08721,1.08746,1.00,1.00
2017.03.09 22:59:57.461,1.08721,1.08754,1.50,1.50
2017.03.09 22:59:57.512,1.08725,1.08754,1.00,1.00
2017.03.09 22:59:57.866,1.08728,1.08755,1.00,1.50
2017.03.09 22:59:58.387,1.08727,1.08754,1.00,1.00
2017.03.09 22:59:59.136,1.08727,1.08755,1.00,1.50
2017.03.09 22:59:59.646,1.08727,1.08754,1.00,1.00
