2018.05.15 08:00:00.148,1.08718,1.08738,1.00,1.00
2018.05.15 08:00:00.199,1.08716,1.0874,1.62,1.50
2018.05.15 08:00:00.429,1.08719,1.0874,1.00,1.87
2018.05.15 08:00:00.583,1.08717,1.0874,1.12,1.12
2018.05.15 08:00:01.384,1.08715,1.08739,2.25,2.25
2018.05.15 08:00:01.891,1.08716,1.08738,1.25,1.50
2018.05.15 08:00:02.597,1.08716,1.08739,1.12,1.50
2018.05.15 08:00:02.649,1.08716,1.0874,2.25,1.00
2018.05.15 08:00:02.753,1.08716,1.0874,1.69,1.12
2018.05.15 08:00:02.910,1.08715,1.08739,1.50,1.00
2018.05.15 08:00:03.490,1.08716,1.08739,1.50,1.00
2018.05.15 08:00:04.021,1.08716,1.0874,1.50,1.00
2018.05.15 08:00:04.130,1.08718,1.0874,1.00,1.12
2018.05.15 08:00:04.439,1.08722,1.08743,1.87,1.00
2018.05.15 08:00:05.119,1.08723,1.08743,1.87,1.00
2018.05.15 08:00:05.288,1.08723,1.08745,1.37,1.00
2018.05.15 08:00:05.872,1.08722,1.08744,2.62,1.00
2018.05.15 08:00:06.376,1.08723,1.08745,1.37,1.00
2018.05.15 08:00:06.885,1.08723,1.08744,1.12,1.00
2018.05.15 08:00:07.421,1.08723,1.08745,1.12,1.00
2018.05.15 08:00:08.006,1.08723,1.08744,1.31,1.00
2018.05.15 08:00:09.111,1.08723,1.08743,1.62,1.00
2018.05.15 08:00:09.222,1.08726,1.08746,1.37,1.00
2018.05.15 08:00:09.377,1.08723,1.08745,1.37,1.00
2018.05.15 08:00:10.272,1.08722,1.08745,1.37,2.25
2018.05.15 08:00:11.455,1.08722,1.08744,1.87,1.00
2018.05.15 08:00:11.971,1.08721,1.08745,3.00,1.00
2018.05.15 08:00:13.323,1.08721,1.08744,1.75,1.00
2018.05.15 08:00:14.842,1.08721,1.08745,2.44,1.69
2018.05.15 08:00:15.545,1.08723,1.08745,1.00,1.50
2018.05.15 08:00:15.856,1.0872,1.08741,1.00,1.00
2018.05.15 08:00:15.964,1.08718,1.08741,1.00,1.37
2018.05.15 08:00:16.534,1.08718,1.08741,1.37,1.37
2018.05.15 08:00:16.903,1.08716,1.08739,1.87,1.50
2018.05.15 08:00:17.245,1.08716,1.08739,1.12,2.62
2018.05.15 08:00:17.296,1.08716,1.08739,1.00,2.25
2018.05.15 08:00:17.450,1.08716,1.08739,1.25,3.00
2018.05.15 08:00:18.236,1.08717,1.08738,1.12,1.00
2018.05.15 08:00:18.764,1.08718,1.08739,1.00,1.50
2018.05.15 08:00:19.014,1.08716,1.08738,1.00,1.00
2018.05.15 08:00:19.218,1.08715,1.08739,1.50,3.37
2018.05.15 08:00:19.320,1.08715,1.08739,1.50,3.00
2018.05.15 08:00:19.881,1.08715,1.08739,1.44,3.00
2018.05.15 08:00:20.383,1.08715,1.08738,1.25,1.37
2018.05.15 08:00:20.975,1.08715,1.08739,1.44,3.00
2018.05.15 08:00:21.519,1.08717,1.08739,1.37,1.12
2018.05.15 08:00:21.831,1.0872,1.08742,2.06,1.00
2018.05.15 08:00:23.170,1.08722,1.08743,1.62,1.00
2018.05.15 08:00:23.865,1.08722,1.08745,1.37,2.25
2018.05.15 08:00:24.612,1.08722,1.08745,1.50,2.62
2018.05.15 08:00:25.268,1.08722,1.08745,1.50,2.62
2018.05.15 08:00:29.309,1.08723,1.08745,1.50,1.25
2018.05.15 08:00:34.101,1.08723,1.08744,1.50,1.00
2018.05.15 08:00:35.829,1.08723,1.08744,1.37,1.00
2018.05.15 08:00:37.566,1.08722,1.08744,1.00,1.37
2018.05.15 08:00:37.619,1.08722,1.0874,1.00,1.12
2018.05.15 08:00:37.893,1.0872,1.08739,1.00,1.00
2018.05.15 08:00:37.944,1.08718,1.08739,1.12,1.00
2018.05.15 08:00:38.047,1.08716,1.08737,2.44,1.00
2018.05.15 08:00:38.210,1.08716,1.08737,2.06,1.00
2018.05.15 08:00:38.716,1.08716,1.08738,2.06,1.00
2018.05.15 08:00:39.494,1.08716,1.08738,3.00,1.00
2018.05.15 08:00:41.013,1.0872,1.08738,1.12,1.00
2018.05.15 08:00:41.250,1.08716,1.08737,2.25,1.00
2018.05.15 08:00:41.302,1.08716,1.08737,1.87,1.50
2018.05.15 08:00:42.870,1.08716,1.08737,1.50,1.50
2018.05.15 08:00:43.320,1.08716,1.08737,1.12,1.50
2018.05.15 08:00:45.494,1.08716,1.08735,1.00,1.00
2018.05.15 08:00:45.834,1.08715,1.08738,1.00,2.25
2018.05.15 08:00:45.887,1.08717,1.08738,1.50,1.50
2018.05.15 08:00:47.588,1.08717,1.08738,1.00,1.50
2018.05.15 08:00:48.096,1.08716,1.08735,1.00,1.00
2018.05.15 08:00:51.000,1.08716,1.08734,1.00,1.50
2018.05.15 08:00:52.064,1.08714,1.08733,1.00,1.00
2018.05.15 08:00:54.581,1.08714,1.08732,1.00,1.00
2018.05.15 08:00:56.580,1.08714,1.08734,1.00,2.25
2018.05.15 08:00:56.735,1.08714,1.08731,1.00,1.00
2018.05.15 08:00:57.036,1.08714,1.08734,1.00,1.37
2018.05.15 08:00:58.586,1.08714,1.0873,1.00,1.12
2018.05.15 08:00:58.890,1.08712,1.08728,1.00,1.37
2018.05.15 08:00:59.097,1.08714,1.0873,1.00,1.00
2018.05.15 08:00:59.407,1.08713,1.08728,1.00,1.00
2018.05.15 08:00:59.605,1.08711,1.08727,1.00,1.00
2018.05.15 08:00:59.709,1.08711,1.08727,1.00,2.25
2018.05.15 08:01:00.176,1.08712,1.08727,1.00,1.00
2018.05.15 08:01:00.367,1.08714,1.08732,1.00,1.87
2018.05.15 08:01:01.239,1.08714,1.08732,1.00,1.50
2018.05.15 08:01:02.266,1.08714,1.08732,1.00,1.75
2018.05.15 08:01:02.875,1.08714,1.08732,1.00,1.12
2018.05.15 08:01:03.445,1.08713,1.08732,1.00,1.12
2018.05.15 08:01:04.720,1.08713,1.08733,1.00,1.12
2018.05.15 08:01:08.791,1.08712,1.08734,1.00,3.56
2018.05.15 08:01:09.239,1.08713,1.08732,1.00,1.00
2018.05.15 08:01:09.804,1.08713,1.08733,1.00,1.00
2018.05.15 08:01:09.858,1.08713,1.08734,1.00,2.44
2018.05.15 08:01:12.521,1.08713,1.08728,1.00,1.00
2018.05.15 08:01:12.926,1.08711,1.08728,1.00,1.50
2018.05.15 08:01:19.577,1.08713,1.08731,1.00,1.12
2018.05.15 08:01:19.680,1.08711,1.0873,1.00,4.50
2018.05.15 08:01:19.731,1.08711,1.0873,1.00,3.00
2018.05.15 08:01:19.853,1.08712,1.0873,1.00,3.37
2018.05.15 08:01:20.036,1.0871,1.08728,1.00,2.25
2018.05.15 08:01:20.578,1.08711,1.08728,1.00,2.62
2018.05.15 08:01:21.464,1.08711,1.08727,1.00,1.37
2018.05.15 08:01:22.402,1.08711,1.08726,1.00,1.12
2018.05.15 08:01:22.504,1.08712,1.0873,1.00,1.50
2018.05.15 08:01:22.556,1.08712,1.0873,1.00,1.12
2018.05.15 08:01:22.658,1.08714,1.08732,1.00,1.50
2018.05.15 08:01:22.709,1.08713,1.08732,1.00,1.00
2018.05.15 08:01:22.912,1.08712,1.0873,1.00,1.12
2018.05.15 08:01:23.276,1.08712,1.08731,1.00,1.75
2018.05.15 08:01:23.534,1.08712,1.08731,1.00,1.12
2018.05.15 08:01:28.482,1.08712,1.08733,1.00,3.56
2018.05.15 08:01:29.734,1.08714,1.08731,1.00,1.37
2018.05.15 08:01:34.846,1.08714,1.08732,1.00,1.12
2018.05.15 08:01:39.896,1.08714,1.08733,1.00,2.25
2018.05.15 08:01:44.960,1.08714,1.08732,1.00,1.50
2018.05.15 08:01:45.471,1.08714,1.08731,1.00,1.00
2018.05.15 08:01:48.023,1.08714,1.08732,1.00,1.00
2018.05.15 08:01:48.293,1.08714,1.08729,1.00,1.00
2018.05.15 08:01:48.345,1.08712,1.08729,1.00,1.00
2018.05.15 08:01:48.880,1.08712,1.0873,1.00,1.00
2018.05.15 08:01:49.843,1.08713,1.0873,1.00,1.00
2018.05.15 08:01:49.895,1.08713,1.08732,1.00,1.50
2018.05.15 08:01:50.503,1.08713,1.0873,1.00,1.00
2018.05.15 08:01:51.401,1.08714,1.0873,1.00,1.00
2018.05.15 08:01:51.881,1.08714,1.08732,1.00,1.50
2018.05.15 08:01:52.238,1.08712,1.08732,1.00,1.50
2018.05.15 08:01:53.176,1.08712,1.0873,1.00,1.00
2018.05.15 08:01:55.862,1.08714,1.08732,1.00,1.69
2018.05.15 08:01:59.848,1.08714,1.08732,1.00,1.37
2018.05.15 08:02:00.367,1.08714,1.08732,1.00,1.12
2018.05.15 08:02:04.310,1.08712,1.08732,1.00,1.00
2018.05.15 08:02:04.416,1.08711,1.08729,1.12,1.00
2018.05.15 08:02:04.824,1.08713,1.0873,1.00,1.12
2018.05.15 08:02:05.326,1.08713,1.08732,1.00,1.37
2018.05.15 08:02:06.036,1.08713,1.08732,1.00,1.00
2018.05.15 08:02:06.556,1.08713,1.08731,1.00,1.00
2018.05.15 08:02:07.084,1.08713,1.08732,1.00,1.50
2018.05.15 08:02:08.801,1.08713,1.08732,1.00,1.37
2018.05.15 08:02:09.322,1.08713,1.08732,1.00,1.00
2018.05.15 08:02:09.869,1.08708,1.08727,1.00,1.00
2018.05.15 08:02:10.015,1.08706,1.08727,1.00,1.00
2018.05.15 08:02:10.067,1.08706,1.08723,1.50,1.00
2018.05.15 08:02:10.119,1.08706,1.08725,1.00,1.50
2018.05.15 08:02:10.634,1.08701,1.08721,1.00,1.00
2018.05.15 08:02:11.216,1.08701,1.08722,1.00,1.00
2018.05.15 08:02:11.804,1.08701,1.08722,1.44,1.00
2018.05.15 08:02:12.408,1.08701,1.08722,1.25,1.00
2018.05.15 08:02:14.895,1.08701,1.08722,1.37,1.00
2018.05.15 08:02:15.370,1.08701,1.08725,1.37,2.63
2018.05.15 08:02:15.616,1.08701,1.08723,1.50,1.00
2018.05.15 08:02:18.039,1.08701,1.08725,1.37,3.38
2018.05.15 08:02:18.638,1.08702,1.08725,1.50,1.00
2018.05.15 08:02:19.198,1.08704,1.08726,1.12,1.00
2018.05.15 08:02:19.472,1.08702,1.08725,1.00,1.50
2018.05.15 08:02:19.626,1.08703,1.08724,1.50,1.00
2018.05.15 08:02:19.915,1.08701,1.08724,3.00,1.50
2018.05.15 08:02:19.972,1.08701,1.08723,1.69,1.50
2018.05.15 08:02:20.329,1.08699,1.08721,1.25,1.12
2018.05.15 08:02:20.380,1.08699,1.08721,1.88,1.00
2018.05.15 08:02:20.482,1.08699,1.08721,1.50,1.12
2018.05.15 08:02:21.022,1.08699,1.08722,1.50,3.00
2018.05.15 08:02:21.552,1.08699,1.08722,1.50,1.87
2018.05.15 08:02:22.182,1.08699,1.08721,1.50,1.50
2018.05.15 08:02:22.714,1.08701,1.08723,1.50,1.50
2018.05.15 08:02:22.869,1.08705,1.08726,1.12,1.12
2018.05.15 08:02:23.745,1.08705,1.08727,1.00,2.63
2018.05.15 08:02:24.105,1.08705,1.08724,1.00,1.37
2018.05.15 08:02:24.209,1.08701,1.08722,1.00,1.50
2018.05.15 08:02:24.759,1.08701,1.08723,1.00,2.62
2018.05.15 08:02:25.273,1.08701,1.08722,1.00,1.50
2018.05.15 08:02:25.797,1.08701,1.08721,1.00,1.00
2018.05.15 08:02:26.317,1.08698,1.08721,3.00,1.00
2018.05.15 08:02:27.219,1.08698,1.08722,3.00,1.00
2018.05.15 08:02:28.025,1.08699,1.08723,1.63,1.31
2018.05.15 08:02:28.386,1.08701,1.08721,1.00,1.00
2018.05.15 08:02:28.438,1.08701,1.08723,1.00,1.12
2018.05.15 08:02:28.747,1.08704,1.08725,1.00,2.44
2018.05.15 08:02:29.783,1.08704,1.08727,1.12,4.50
2018.05.15 08:02:29.887,1.087,1.08725,2.25,3.00
2018.05.15 08:02:30.393,1.087,1.08723,1.00,1.50
2018.05.15 08:02:30.445,1.087,1.08723,1.00,2.25
2018.05.15 08:02:30.548,1.087,1.08723,1.12,1.50
2018.05.15 08:02:32.255,1.08701,1.08723,1.12,1.88
2018.05.15 08:02:32.997,1.087,1.08723,1.00,1.50
2018.05.15 08:02:33.145,1.087,1.08725,1.50,3.00
2018.05.15 08:02:33.656,1.08701,1.08724,1.37,1.25
2018.05.15 08:02:34.243,1.08703,1.08724,1.00,1.00
2018.05.15 08:02:35.189,1.08703,1.08725,1.12,1.00
2018.05.15 08:02:35.692,1.08703,1.08724,1.12,1.00
2018.05.15 08:02:36.143,1.08706,1.08725,1.00,1.00
2018.05.15 08:02:36.672,1.08706,1.08728,1.00,1.38
2018.05.15 08:02:37.088,1.08702,1.08727,1.12,1.75
2018.05.15 08:02:37.140,1.08701,1.08725,1.12,1.88
2018.05.15 08:02:37.447,1.08701,1.08723,1.00,1.50
2018.05.15 08:02:38.676,1.08701,1.08723,1.00,1.13
2018.05.15 08:02:40.069,1.08701,1.08723,1.00,1.44
2018.05.15 08:02:41.614,1.08701,1.08723,1.00,1.69
2018.05.15 08:02:42.145,1.08701,1.08723,1.00,1.81
2018.05.15 08:02:43.125,1.08698,1.08723,1.12,1.63
2018.05.15 08:02:44.018,1.08698,1.08723,1.37,1.63
2018.05.15 08:02:45.135,1.08698,1.08723,1.00,2.06
2018.05.15 08:02:46.417,1.08698,1.08723,1.37,1.63
2018.05.15 08:02:47.556,1.08698,1.08723,1.00,2.06
2018.05.15 08:02:49.871,1.08698,1.08723,1.44,1.25
2018.05.15 08:02:51.491,1.08698,1.08722,1.75,1.12
2018.05.15 08:02:52.006,1.08698,1.08723,2.63,1.00
2018.05.15 08:02:52.572,1.08702,1.08724,2.62,1.00
2018.05.15 08:02:52.625,1.08702,1.08726,3.56,1.00
2018.05.15 08:02:52.998,1.08703,1.08727,1.75,2.25
2018.05.15 08:02:53.511,1.08705,1.08727,1.12,1.69
2018.05.15 08:02:55.598,1.08704,1.08728,2.44,1.25
2018.05.15 08:02:56.138,1.08705,1.08729,1.12,2.06
2018.05.15 08:02:56.661,1.08704,1.08729,3.00,1.88
2018.05.15 08:02:57.215,1.08705,1.08729,1.12,3.56
2018.05.15 08:02:57.745,1.08704,1.08729,2.81,3.38
2018.05.15 08:02:58.274,1.08705,1.08729,1.12,3.56
2018.05.15 08:02:58.784,1.08704,1.08729,2.81,3.56
2018.05.15 08:02:59.560,1.08705,1.08729,1.12,3.56
2018.05.15 08:03:00.224,1.08704,1.08729,2.62,1.88
2018.05.15 08:03:00.809,1.08705,1.08729,1.31,2.06
2018.05.15 08:03:01.333,1.08704,1.08729,2.62,2.63
2018.05.15 08:03:02.073,1.08705,1.08729,1.12,2.06
2018.05.15 08:03:02.381,1.087,1.08722,2.62,1.00
2018.05.15 08:03:02.905,1.087,1.08723,3.38,1.50
2018.05.15 08:03:03.500,1.08703,1.08723,1.50,1.00
2018.05.15 08:03:04.008,1.08703,1.08724,1.50,1.13
2018.05.15 08:03:04.738,1.08703,1.08723,1.50,1.00
2018.05.15 08:03:04.945,1.08703,1.08723,1.12,1.50
2018.05.15 08:03:07.262,1.08692,1.08707,1.25,1.00
2018.05.15 08:03:07.314,1.08692,1.08711,1.25,1.00
2018.05.15 08:03:07.417,1.08692,1.08713,1.25,1.00
2018.05.15 08:03:07.469,1.08692,1.08716,2.06,2.62
2018.05.15 08:03:07.727,1.08693,1.08717,1.63,1.12
2018.05.15 08:03:07.985,1.08694,1.08715,1.25,1.37
2018.05.15 08:03:09.099,1.08694,1.08715,1.13,1.00
2018.05.15 08:03:10.884,1.08695,1.08716,1.37,1.00
2018.05.15 08:03:11.402,1.08697,1.08717,1.69,1.00
2018.05.15 08:03:11.580,1.08692,1.08716,3.08,1.37
2018.05.15 08:03:11.736,1.08692,1.08713,1.85,1.00
2018.05.15 08:03:12.715,1.08691,1.08713,1.95,1.12
2018.05.15 08:03:13.243,1.08694,1.08715,1.25,1.50
2018.05.15 08:03:13.822,1.08693,1.08715,1.25,1.50
2018.05.15 08:03:14.335,1.08691,1.08715,2.70,1.50
2018.05.15 08:03:14.681,1.0869,1.08711,1.31,1.00
2018.05.15 08:03:15.189,1.0869,1.08712,1.31,1.00
2018.05.15 08:03:15.695,1.0869,1.08713,1.31,1.12
2018.05.15 08:03:18.007,1.08691,1.08713,1.13,1.87
2018.05.15 08:03:18.546,1.08691,1.08713,1.13,1.12
2018.05.15 08:03:18.899,1.08691,1.08713,1.50,1.87
2018.05.15 08:03:19.103,1.08691,1.08713,1.13,1.12
2018.05.15 08:03:19.900,1.08691,1.08714,1.31,2.62
2018.05.15 08:03:21.053,1.08692,1.08713,1.00,1.12
2018.05.15 08:03:21.602,1.08691,1.08713,2.06,1.87
2018.05.15 08:03:22.579,1.08691,1.08713,1.13,1.87
2018.05.15 08:03:23.125,1.08691,1.08713,2.00,1.12
2018.05.15 08:03:24.009,1.08691,1.08713,1.13,1.12
2018.05.15 08:03:24.616,1.08691,1.08713,1.75,1.12
2018.05.15 08:03:24.874,1.08691,1.08713,1.25,1.50
2018.05.15 08:03:24.926,1.08691,1.08711,1.25,1.37
2018.05.15 08:03:24.979,1.08691,1.08712,1.25,1.12
2018.05.15 08:03:25.642,1.08689,1.08711,1.63,1.00
2018.05.15 08:03:27.560,1.08686,1.08706,1.00,1.00
2018.05.15 08:03:27.612,1.08682,1.08704,3.19,1.37
2018.05.15 08:03:27.765,1.08679,1.08702,1.38,1.50
2018.05.15 08:03:27.867,1.08679,1.087,1.19,1.00
2018.05.15 08:03:28.070,1.08679,1.08699,1.00,1.00
2018.05.15 08:03:28.172,1.08677,1.08699,2.44,1.00
2018.05.15 08:03:28.702,1.08677,1.087,2.26,1.00
2018.05.15 08:03:28.913,1.08679,1.08702,1.13,1.00
2018.05.15 08:03:29.172,1.08683,1.08702,1.00,1.00
2018.05.15 08:03:29.327,1.08683,1.08706,1.50,1.00
2018.05.15 08:03:29.386,1.08684,1.08707,1.31,1.12
2018.05.15 08:03:29.490,1.08685,1.08707,1.63,1.00
2018.05.15 08:03:30.526,1.0868,1.08703,1.69,1.00
2018.05.15 08:03:30.629,1.08678,1.087,1.31,1.00
2018.05.15 08:03:31.152,1.08679,1.08701,2.44,1.00
2018.05.15 08:03:31.988,1.0868,1.08701,1.81,1.00
2018.05.15 08:03:32.528,1.0868,1.08702,2.06,1.00
2018.05.15 08:03:33.066,1.08682,1.08703,1.00,1.00
2018.05.15 08:03:33.586,1.08682,1.08702,1.00,1.00
2018.05.15 08:03:33.897,1.08679,1.087,1.31,1.00
2018.05.15 08:03:34.433,1.08678,1.087,1.75,1.00
2018.05.15 08:03:35.024,1.08678,1.087,2.00,1.00
2018.05.15 08:03:35.789,1.08678,1.087,1.31,1.00
2018.05.15 08:03:36.378,1.08678,1.08699,1.13,1.00
2018.05.15 08:03:36.896,1.0868,1.08698,1.00,1.00
2018.05.15 08:03:37.596,1.08678,1.087,1.13,1.00
2018.05.15 08:03:38.144,1.08677,1.08699,1.50,1.00
2018.05.15 08:03:38.554,1.08678,1.08697,1.38,1.00
2018.05.15 08:03:39.036,1.08678,1.08698,1.13,1.00
2018.05.15 08:03:39.554,1.08678,1.08697,1.13,1.00
2018.05.15 08:03:40.087,1.08677,1.08697,2.06,1.00
2018.05.15 08:03:40.592,1.08677,1.087,1.87,1.00
2018.05.15 08:03:41.104,1.08677,1.08699,1.63,1.00
2018.05.15 08:03:41.156,1.08677,1.08699,1.00,1.00
2018.05.15 08:03:41.208,1.08677,1.08699,1.38,1.00
2018.05.15 08:03:41.536,1.08677,1.08697,1.63,1.00
2018.05.15 08:03:41.739,1.08677,1.08699,1.38,1.00
2018.05.15 08:03:41.841,1.08677,1.08696,1.38,1.00
2018.05.15 08:03:41.943,1.08677,1.08699,1.38,1.50
2018.05.15 08:03:41.994,1.08677,1.08697,1.44,1.00
2018.05.15 08:03:42.689,1.08677,1.08698,1.13,1.00
2018.05.15 08:03:42.845,1.08677,1.087,1.13,1.12
2018.05.15 08:03:43.099,1.08677,1.087,1.13,1.12
2018.05.15 08:03:43.171,1.08677,1.087,1.13,1.12
2018.05.15 08:03:43.722,1.08677,1.087,1.13,1.87
2018.05.15 08:03:44.313,1.08677,1.087,1.38,1.87
2018.05.15 08:03:44.721,1.08677,1.087,1.13,1.12
2018.05.15 08:03:44.926,1.08674,1.08698,3.00,2.06
2018.05.15 08:03:45.467,1.08674,1.08698,2.25,1.00
2018.05.15 08:03:45.773,1.08676,1.08697,1.50,1.00
2018.05.15 08:03:45.824,1.08677,1.08701,2.44,1.00
2018.05.15 08:03:45.974,1.08677,1.08701,1.88,1.00
2018.05.15 08:03:46.025,1.08678,1.08701,2.25,1.00
2018.05.15 08:03:46.415,1.08677,1.08699,1.13,1.00
2018.05.15 08:03:46.941,1.08676,1.08698,1.13,1.00
2018.05.15 08:03:47.488,1.08675,1.08698,2.00,1.00
2018.05.15 08:03:48.046,1.08675,1.08697,2.00,1.00
2018.05.15 08:03:50.016,1.08674,1.08696,2.19,1.00
2018.05.15 08:03:51.409,1.08675,1.08695,1.13,1.00
2018.05.15 08:03:51.510,1.08673,1.08696,1.13,2.25
2018.05.15 08:03:51.612,1.08672,1.08697,1.13,2.62
2018.05.15 08:03:52.053,1.08673,1.08695,1.13,1.00
2018.05.15 08:03:52.622,1.08675,1.08696,1.00,1.50
2018.05.15 08:03:52.927,1.08675,1.08694,1.00,1.00
2018.05.15 08:03:53.182,1.0867,1.08694,1.13,2.25
2018.05.15 08:03:53.450,1.08669,1.08691,1.19,1.00
2018.05.15 08:03:53.708,1.08668,1.08691,1.69,1.00
2018.05.15 08:03:53.760,1.08668,1.08691,1.88,1.50
2018.05.15 08:03:54.207,1.08667,1.08688,1.13,1.00
2018.05.15 08:03:54.258,1.08667,1.0869,1.13,1.00
2018.05.15 08:03:54.377,1.08666,1.08688,2.81,1.00
2018.05.15 08:03:54.433,1.08666,1.08688,1.62,1.00
2018.05.15 08:03:54.967,1.08666,1.08688,1.75,1.00
2018.05.15 08:03:55.737,1.08665,1.08688,2.06,1.00
2018.05.15 08:03:56.530,1.08666,1.08688,1.75,1.00
2018.05.15 08:03:57.071,1.08665,1.08687,1.13,1.00
2018.05.15 08:03:57.608,1.08665,1.08688,2.06,1.00
2018.05.15 08:03:58.464,1.08667,1.08688,1.00,1.00
2018.05.15 08:03:58.979,1.08665,1.08689,2.81,1.12
2018.05.15 08:03:59.928,1.08665,1.08689,1.81,1.87
2018.05.15 08:03:59.980,1.08665,1.0869,1.75,1.87
2018.05.15 08:04:00.496,1.08665,1.0869,2.44,2.25
2018.05.15 08:04:01.026,1.08665,1.08689,2.44,1.00
2018.05.15 08:04:01.464,1.08665,1.08689,2.44,1.00
2018.05.15 08:04:01.515,1.08665,1.0869,2.44,1.50
2018.05.15 08:04:02.045,1.08665,1.08689,1.69,1.00
2018.05.15 08:04:02.550,1.08665,1.08689,2.44,1.00
2018.05.15 08:04:02.881,1.08665,1.0869,2.44,1.12
2018.05.15 08:04:02.932,1.08666,1.08691,1.25,2.06
2018.05.15 08:04:02.984,1.08666,1.08691,1.38,2.06
2018.05.15 08:04:03.726,1.08666,1.08691,1.38,2.62
2018.05.15 08:04:04.177,1.08666,1.08691,1.63,2.62
2018.05.15 08:04:04.756,1.08666,1.08691,1.63,1.50
2018.05.15 08:04:05.409,1.08666,1.08691,1.38,3.00
2018.05.15 08:04:05.926,1.08664,1.08691,3.94,1.12
2018.05.15 08:04:06.481,1.08666,1.08691,1.50,1.12
2018.05.15 08:04:07.050,1.08666,1.08691,1.69,1.12
2018.05.15 08:04:07.603,1.08666,1.08691,1.69,3.37
2018.05.15 08:04:08.242,1.08666,1.08691,1.69,3.37
2018.05.15 08:04:08.879,1.08666,1.08691,1.69,3.37
2018.05.15 08:04:09.390,1.08666,1.08691,1.69,3.37
2018.05.15 08:04:10.099,1.08666,1.08689,1.69,1.00
2018.05.15 08:04:10.634,1.08664,1.0869,4.69,1.12
2018.05.15 08:04:11.169,1.08665,1.0869,1.94,1.50
2018.05.15 08:04:11.684,1.08665,1.08689,1.94,1.00
2018.05.15 08:04:12.154,1.08665,1.08689,2.06,1.00
2018.05.15 08:04:12.205,1.08664,1.08691,4.13,3.37
2018.05.15 08:04:12.358,1.08664,1.08691,4.31,3.75
2018.05.15 08:04:12.896,1.08665,1.0869,2.44,1.50
2018.05.15 08:04:13.451,1.08664,1.08689,4.31,1.00
2018.05.15 08:04:14.001,1.08665,1.08689,2.00,1.00
2018.05.15 08:04:14.514,1.08666,1.08689,1.69,1.50
2018.05.15 08:04:15.383,1.08665,1.0869,2.44,2.25
2018.05.15 08:04:15.485,1.08665,1.08689,1.94,1.50
2018.05.15 08:04:15.896,1.08665,1.08689,1.94,1.50
2018.05.15 08:04:16.476,1.08665,1.08689,1.94,1.50
2018.05.15 08:04:16.782,1.08673,1.08695,1.00,1.37
2018.05.15 08:04:17.316,1.08672,1.08694,1.13,1.00
2018.05.15 08:04:17.878,1.08671,1.08693,1.13,1.00
2018.05.15 08:04:18.486,1.08672,1.08694,2.06,1.87
2018.05.15 08:04:19.107,1.08672,1.08693,1.56,1.00
2018.05.15 08:04:19.721,1.08672,1.08694,2.06,1.87
2018.05.15 08:04:20.241,1.08673,1.08695,1.13,1.50
2018.05.15 08:04:20.784,1.08676,1.08696,1.00,1.00
2018.05.15 08:04:22.324,1.08675,1.08696,1.13,1.00
2018.05.15 08:04:22.577,1.08675,1.08698,1.13,1.00
2018.05.15 08:04:24.171,1.08674,1.08696,2.25,1.00
2018.05.15 08:04:24.325,1.08673,1.08696,1.37,1.00
2018.05.15 08:04:24.918,1.08673,1.08696,1.69,1.12
2018.05.15 08:04:25.723,1.0867,1.08693,2.25,1.37
2018.05.15 08:04:25.775,1.08669,1.08691,1.13,1.12
2018.05.15 08:04:25.878,1.08669,1.08691,1.38,1.87
2018.05.15 08:04:26.420,1.08668,1.08691,1.38,2.62
2018.05.15 08:04:26.924,1.08666,1.08691,3.19,1.87
2018.05.15 08:04:27.537,1.08666,1.08691,1.88,2.62
2018.05.15 08:04:28.065,1.08666,1.0869,1.69,1.00
2018.05.15 08:04:28.566,1.08666,1.0869,1.69,1.00
2018.05.15 08:04:29.108,1.08666,1.0869,1.50,1.00
2018.05.15 08:04:29.612,1.08666,1.08689,1.38,1.00
2018.05.15 08:04:30.158,1.08665,1.08689,2.81,1.00
2018.05.15 08:04:30.467,1.08666,1.08689,1.62,1.50
2018.05.15 08:04:30.519,1.08666,1.08689,1.75,1.50
2018.05.15 08:04:31.160,1.08666,1.08689,1.75,1.50
2018.05.15 08:04:31.770,1.08666,1.08689,2.00,1.00
2018.05.15 08:04:32.344,1.08666,1.08689,2.00,1.00
2018.05.15 08:04:32.922,1.08666,1.08689,1.88,1.50
2018.05.15 08:04:33.386,1.08666,1.08689,1.75,1.00
2018.05.15 08:04:33.546,1.08666,1.08689,2.00,1.00
2018.05.15 08:04:34.940,1.08666,1.08689,2.00,1.00
2018.05.15 08:04:35.145,1.08666,1.08689,1.81,1.00
2018.05.15 08:04:35.247,1.08666,1.08689,1.75,1.50
2018.05.15 08:04:35.847,1.08666,1.08689,1.88,2.25
2018.05.15 08:04:36.411,1.08666,1.08689,1.75,1.00
2018.05.15 08:04:36.789,1.08665,1.08689,1.37,1.50
2018.05.15 08:04:37.115,1.08665,1.08691,1.75,1.50
2018.05.15 08:04:37.320,1.08665,1.08689,1.37,1.00
2018.05.15 08:04:37.575,1.08665,1.08689,2.00,1.50
2018.05.15 08:04:37.952,1.08664,1.08688,2.81,1.00
2018.05.15 08:04:38.156,1.08664,1.08688,2.81,1.00
2018.05.15 08:04:38.697,1.08664,1.08689,3.94,1.50
2018.05.15 08:04:39.207,1.08665,1.08689,1.94,1.50
2018.05.15 08:04:39.901,1.08664,1.08689,3.75,1.50
2018.05.15 08:04:40.435,1.08666,1.0869,1.12,1.00
2018.05.15 08:04:40.488,1.08666,1.0869,1.69,1.00
2018.05.15 08:04:40.909,1.08665,1.08688,2.44,1.00
2018.05.15 08:04:41.216,1.08666,1.08688,1.50,1.00
2018.05.15 08:04:41.742,1.08666,1.08688,1.50,1.00
2018.05.15 08:04:42.051,1.0867,1.08692,2.44,1.50
2018.05.15 08:04:42.477,1.08673,1.08694,1.00,1.00
2018.05.15 08:04:42.687,1.0867,1.08691,1.25,1.00
2018.05.15 08:04:43.196,1.08666,1.0869,1.94,1.00
2018.05.15 08:04:43.712,1.08665,1.0869,2.81,1.00
2018.05.15 08:04:44.674,1.08667,1.0869,1.31,1.00
2018.05.15 08:04:45.211,1.08666,1.0869,1.94,1.00
2018.05.15 08:04:45.750,1.08666,1.0869,2.19,1.00
2018.05.15 08:04:47.329,1.08666,1.08691,2.63,3.00
2018.05.15 08:04:47.975,1.08665,1.0869,2.44,1.00
2018.05.15 08:04:48.707,1.08665,1.08689,1.31,1.00
2018.05.15 08:04:49.390,1.08666,1.08689,1.19,1.12
2018.05.15 08:04:49.903,1.08666,1.08688,1.38,1.00
2018.05.15 08:04:50.454,1.08666,1.0869,1.63,1.50
2018.05.15 08:04:51.361,1.08666,1.08689,1.38,1.12
2018.05.15 08:04:51.863,1.08666,1.08689,1.63,1.87
2018.05.15 08:04:52.432,1.08666,1.08688,1.38,1.00
2018.05.15 08:04:53.449,1.08666,1.08688,1.50,1.00
2018.05.15 08:04:53.968,1.08666,1.08688,1.38,1.00
2018.05.15 08:04:54.496,1.08666,1.08688,1.63,1.00
2018.05.15 08:04:55.036,1.08666,1.08688,1.38,1.00
2018.05.15 08:04:55.555,1.08665,1.08687,1.13,1.00
2018.05.15 08:04:56.308,1.08664,1.08687,3.94,1.00
2018.05.15 08:04:56.958,1.08666,1.08687,1.38,1.00
2018.05.15 08:04:57.773,1.08664,1.08687,4.31,1.00
2018.05.15 08:04:58.318,1.08664,1.08689,4.69,2.25
2018.05.15 08:04:58.831,1.08665,1.08687,2.00,1.00
2018.05.15 08:04:59.534,1.08665,1.08687,2.00,1.00
2018.05.15 08:05:00.073,1.08665,1.08688,2.00,1.00
2018.05.15 08:05:00.228,1.08665,1.08688,1.63,1.00
2018.05.15 08:05:01.431,1.0867,1.08689,1.00,1.00
2018.05.15 08:05:01.484,1.08669,1.08691,1.12,1.87
2018.05.15 08:05:01.640,1.08669,1.08689,1.12,1.00
2018.05.15 08:05:01.977,1.08669,1.08687,1.00,1.00
2018.05.15 08:05:02.395,1.08667,1.08687,1.00,1.00
2018.05.15 08:05:02.650,1.08667,1.08689,1.00,3.00
2018.05.15 08:05:04.560,1.08667,1.08689,1.00,2.00
2018.05.15 08:05:07.069,1.08667,1.08689,1.50,1.00
2018.05.15 08:05:07.581,1.08667,1.08689,1.50,1.37
2018.05.15 08:05:10.496,1.08667,1.0869,2.62,1.12
2018.05.15 08:05:10.602,1.08669,1.08692,1.37,1.12
2018.05.15 08:05:11.143,1.08668,1.08693,3.19,2.44
2018.05.15 08:05:11.595,1.08669,1.08691,2.25,1.00
2018.05.15 08:05:12.105,1.08668,1.08692,3.00,1.00
2018.05.15 08:05:12.522,1.0867,1.08692,2.62,1.00
2018.05.15 08:05:12.679,1.08673,1.08694,1.37,2.44
2018.05.15 08:05:13.092,1.08671,1.08694,1.50,2.44
2018.05.15 08:05:13.416,1.08671,1.08691,1.75,1.00
2018.05.15 08:05:13.961,1.08672,1.08691,1.75,1.00
2018.05.15 08:05:14.501,1.08673,1.0869,1.50,1.00
2018.05.15 08:05:14.742,1.08672,1.08694,1.75,1.88
2018.05.15 08:05:15.967,1.08673,1.08695,1.50,1.13
2018.05.15 08:05:16.496,1.08673,1.08695,1.50,1.63
2018.05.15 08:05:17.002,1.08673,1.08695,2.25,1.13
2018.05.15 08:05:18.072,1.08673,1.08695,1.50,1.44
2018.05.15 08:05:18.617,1.08673,1.08695,1.50,1.25
2018.05.15 08:05:19.461,1.08673,1.08696,1.50,1.87
2018.05.15 08:05:19.976,1.08673,1.08696,1.50,2.25
2018.05.15 08:05:20.515,1.08673,1.08696,1.50,2.25
2018.05.15 08:05:21.027,1.08673,1.08695,1.50,1.00
2018.05.15 08:05:21.630,1.08673,1.08695,1.50,1.44
2018.05.15 08:05:21.681,1.08673,1.08694,1.12,1.69
2018.05.15 08:05:22.203,1.0867,1.08694,2.25,1.44
2018.05.15 08:05:22.716,1.0867,1.08694,3.00,1.25
2018.05.15 08:05:24.136,1.0867,1.08695,1.88,1.31
2018.05.15 08:05:24.188,1.08671,1.08695,1.12,2.25
2018.05.15 08:05:24.587,1.08671,1.08695,1.88,2.06
2018.05.15 08:05:25.168,1.0867,1.08695,1.50,1.87
2018.05.15 08:05:25.506,1.0867,1.08695,1.69,2.25
2018.05.15 08:05:26.121,1.0867,1.08695,1.50,2.25
2018.05.15 08:05:26.425,1.0867,1.08695,1.69,3.00
2018.05.15 08:05:26.970,1.0867,1.08695,1.69,2.63
2018.05.15 08:05:27.512,1.0867,1.08695,1.88,3.19
2018.05.15 08:05:28.072,1.08671,1.08695,1.50,2.44
2018.05.15 08:05:28.396,1.08665,1.08688,1.00,1.37
2018.05.15 08:05:28.912,1.08663,1.08686,3.75,1.00
2018.05.15 08:05:29.422,1.08664,1.08686,1.31,1.00
2018.05.15 08:05:29.943,1.08667,1.08686,1.00,1.00
2018.05.15 08:05:30.293,1.08669,1.08691,1.75,1.00
2018.05.15 08:05:36.323,1.08667,1.0869,1.50,1.12
2018.05.15 08:05:36.825,1.08666,1.08689,2.81,1.12
2018.05.15 08:05:37.184,1.08665,1.08687,2.19,1.00
2018.05.15 08:05:38.040,1.08669,1.08689,1.00,1.00
2018.05.15 08:05:38.658,1.0867,1.08689,1.00,2.25
2018.05.15 08:05:39.615,1.08667,1.08689,1.37,1.87
2018.05.15 08:05:40.738,1.08667,1.0869,1.50,3.19
2018.05.15 08:05:41.496,1.08666,1.08689,2.81,1.50
2018.05.15 08:05:41.548,1.08669,1.08691,1.12,2.44
2018.05.15 08:05:41.601,1.08671,1.08691,1.12,1.50
2018.05.15 08:05:42.678,1.08672,1.08691,1.00,1.00
2018.05.15 08:05:43.864,1.0867,1.08691,1.37,1.00
2018.05.15 08:05:44.729,1.08666,1.08687,1.00,1.69
2018.05.15 08:05:44.968,1.08664,1.0869,1.94,2.44
2018.05.15 08:05:45.589,1.08665,1.08689,1.50,1.00
2018.05.15 08:05:46.125,1.08665,1.08689,3.19,1.50
2018.05.15 08:05:49.554,1.08665,1.08688,2.81,1.25
2018.05.15 08:05:50.371,1.08665,1.08689,2.06,1.69
2018.05.15 08:05:51.612,1.08665,1.08688,1.88,1.00
2018.05.15 08:05:51.870,1.08668,1.08688,1.37,1.00
2018.05.15 08:05:52.405,1.08667,1.0869,1.13,1.88
2018.05.15 08:05:53.768,1.08666,1.0869,3.00,1.50
2018.05.15 08:05:57.446,1.08667,1.08689,1.13,1.00
2018.05.15 08:05:58.345,1.08667,1.0869,1.13,1.69
2018.05.15 08:05:58.858,1.08667,1.08689,1.13,1.00
2018.05.15 08:05:59.608,1.08667,1.08688,1.38,1.00
2018.05.15 08:06:00.117,1.08667,1.08689,1.38,1.00
2018.05.15 08:06:00.419,1.08666,1.08687,2.00,1.00
2018.05.15 08:06:01.198,1.08666,1.08686,2.00,1.00
2018.05.15 08:06:01.723,1.08666,1.08687,2.25,1.00
2018.05.15 08:06:02.304,1.08666,1.08688,2.00,1.00
2018.05.15 08:06:03.892,1.08666,1.08689,2.00,1.50
2018.05.15 08:06:04.536,1.08666,1.08688,3.38,1.00
2018.05.15 08:06:05.077,1.08666,1.08689,2.25,1.50
2018.05.15 08:06:05.626,1.08667,1.08688,1.63,1.00
2018.05.15 08:06:06.764,1.08666,1.08689,2.00,1.50
2018.05.15 08:06:07.301,1.08666,1.08688,2.63,1.00
2018.05.15 08:06:08.237,1.08667,1.08689,2.25,1.50
2018.05.15 08:06:08.803,1.08668,1.08688,1.37,1.00
2018.05.15 08:06:09.550,1.08667,1.08689,1.50,1.50
2018.05.15 08:06:10.145,1.08667,1.08688,1.38,1.00
2018.05.15 08:06:10.687,1.08667,1.08689,1.88,1.50
2018.05.15 08:06:11.217,1.08667,1.08688,1.88,1.00
2018.05.15 08:06:11.866,1.08667,1.08687,1.69,1.00
2018.05.15 08:06:12.399,1.08667,1.08688,1.69,1.00
2018.05.15 08:06:13.045,1.08667,1.08687,1.69,1.00
2018.05.15 08:06:14.385,1.08667,1.08688,1.69,1.25
2018.05.15 08:06:14.978,1.08667,1.08687,1.69,1.00
2018.05.15 08:06:15.572,1.08667,1.08686,1.00,1.12
2018.05.15 08:06:15.625,1.08665,1.08687,1.25,1.50
2018.05.15 08:06:15.678,1.08665,1.08682,1.25,1.00
2018.05.15 08:06:16.018,1.08662,1.08684,2.19,1.00
2018.05.15 08:06:16.121,1.08665,1.08686,1.37,1.00
2018.05.15 08:06:16.277,1.08669,1.08688,1.00,1.00
2018.05.15 08:06:16.619,1.08666,1.08688,3.94,1.50
2018.05.15 08:06:16.671,1.08666,1.08688,3.56,1.50
2018.05.15 08:06:17.083,1.08666,1.08686,1.38,1.00
2018.05.15 08:06:17.761,1.08666,1.08686,1.12,1.00
2018.05.15 08:06:17.813,1.08665,1.08686,2.44,1.00
2018.05.15 08:06:18.934,1.08666,1.08687,1.62,1.00
2018.05.15 08:06:21.221,1.08667,1.08689,1.62,2.25
2018.05.15 08:06:22.508,1.08666,1.08689,1.87,1.50
2018.05.15 08:06:22.907,1.08669,1.08689,1.00,1.50
2018.05.15 08:06:22.958,1.08667,1.08689,1.00,1.50
2018.05.15 08:06:23.493,1.08666,1.08689,1.31,2.25
2018.05.15 08:06:23.871,1.08666,1.08687,1.25,1.00
2018.05.15 08:06:24.365,1.08668,1.08686,1.00,1.00
2018.05.15 08:06:24.468,1.08666,1.08687,1.00,1.00
2018.05.15 08:06:24.519,1.08666,1.08689,1.00,1.50
2018.05.15 08:06:24.955,1.08665,1.08686,1.00,1.00
2018.05.15 08:06:25.474,1.08663,1.08687,1.50,1.87
2018.05.15 08:06:26.206,1.08663,1.08687,3.00,1.37
2018.05.15 08:06:26.733,1.08667,1.08687,1.00,1.37
2018.05.15 08:06:26.784,1.08664,1.08687,1.00,1.37
2018.05.15 08:06:27.287,1.08663,1.08687,3.00,1.37
2018.05.15 08:06:28.509,1.08667,1.08687,1.00,1.37
2018.05.15 08:06:28.561,1.08663,1.08687,3.00,1.37
2018.05.15 08:06:29.073,1.08664,1.08687,1.00,1.37
2018.05.15 08:06:29.126,1.08664,1.08687,2.25,1.00
2018.05.15 08:06:29.655,1.08664,1.08687,1.31,1.00
2018.05.15 08:06:32.576,1.08668,1.08687,1.00,1.00
2018.05.15 08:06:33.080,1.08665,1.08687,1.88,1.00
2018.05.15 08:06:33.459,1.08665,1.08687,1.87,1.00
2018.05.15 08:06:33.510,1.08665,1.08687,2.00,1.00
2018.05.15 08:06:34.127,1.08665,1.0869,3.38,3.00
2018.05.15 08:06:34.676,1.08665,1.0869,3.00,2.44
2018.05.15 08:06:35.172,1.08664,1.08687,2.25,1.00
2018.05.15 08:06:36.858,1.08665,1.08687,1.00,1.12
2018.05.15 08:06:37.388,1.08664,1.08686,1.81,1.00
2018.05.15 08:06:39.061,1.08664,1.08687,1.63,1.12
2018.05.15 08:06:39.946,1.08664,1.08686,1.63,1.00
2018.05.15 08:06:40.655,1.08665,1.08687,1.00,2.25
2018.05.15 08:06:41.205,1.08665,1.08686,1.00,1.00
2018.05.15 08:06:41.749,1.08664,1.08687,1.37,1.12
2018.05.15 08:06:44.247,1.08664,1.08687,1.75,1.12
2018.05.15 08:06:44.760,1.08664,1.08687,1.87,1.12
2018.05.15 08:06:46.021,1.08664,1.08686,1.37,1.00
2018.05.15 08:06:46.567,1.08664,1.08687,2.06,1.12
2018.05.15 08:06:47.911,1.08667,1.08687,1.87,1.00
2018.05.15 08:06:48.064,1.08668,1.0869,2.06,1.00
2018.05.15 08:06:48.609,1.08669,1.08692,2.44,2.81
2018.05.15 08:06:49.047,1.0867,1.08691,1.75,1.25
2018.05.15 08:06:49.562,1.08669,1.08691,3.75,1.13
2018.05.15 08:06:49.904,1.08672,1.08694,1.75,2.63
2018.05.15 08:06:50.416,1.08671,1.08694,3.75,2.63
2018.05.15 08:06:50.951,1.08671,1.08694,1.75,1.88
2018.05.15 08:06:51.715,1.08671,1.08694,4.13,1.88
2018.05.15 08:06:52.225,1.08671,1.08694,3.38,1.88
2018.05.15 08:06:57.294,1.08671,1.08694,2.25,1.00
2018.05.15 08:06:57.497,1.08668,1.08692,1.75,1.50
2018.05.15 08:06:57.744,1.08667,1.08689,1.00,1.50
2018.05.15 08:06:57.847,1.08664,1.08685,1.37,1.00
2018.05.15 08:06:57.898,1.08665,1.08688,2.25,1.12
2018.05.15 08:06:57.949,1.08665,1.08688,1.75,1.00
2018.05.15 08:06:58.001,1.08665,1.08688,1.50,1.00
2018.05.15 08:06:58.156,1.08665,1.08688,1.12,1.00
2018.05.15 08:06:58.528,1.08665,1.08686,1.12,1.12
2018.05.15 08:06:58.686,1.08661,1.08685,2.25,1.00
2018.05.15 08:06:58.790,1.08663,1.08686,2.81,1.00
2018.05.15 08:06:59.132,1.08662,1.08684,1.50,1.00
2018.05.15 08:06:59.446,1.08659,1.08685,4.13,1.12
2018.05.15 08:06:59.794,1.08659,1.08682,3.00,1.12
2018.05.15 08:06:59.970,1.08659,1.08683,1.50,1.50
2018.05.15 08:07:00.177,1.08659,1.08684,2.25,3.00
2018.05.15 08:07:00.719,1.0866,1.08683,1.50,1.00
2018.05.15 08:07:00.977,1.08659,1.08683,2.06,1.00
2018.05.15 08:07:01.080,1.08659,1.08682,3.38,1.00
2018.05.15 08:07:01.599,1.08659,1.08684,3.38,4.12
2018.05.15 08:07:02.179,1.0866,1.08684,1.50,2.62
2018.05.15 08:07:02.749,1.0866,1.08684,1.88,1.37
2018.05.15 08:07:04.815,1.08662,1.08686,2.00,2.25
2018.05.15 08:07:05.165,1.08667,1.0869,2.44,2.81
2018.05.15 08:07:05.716,1.08668,1.0869,1.69,1.50
2018.05.15 08:07:06.625,1.08668,1.0869,1.69,1.00
2018.05.15 08:07:07.368,1.08669,1.08691,1.50,1.00
2018.05.15 08:07:07.892,1.08669,1.08692,1.50,1.38
2018.05.15 08:07:08.484,1.08669,1.08692,1.37,1.44
2018.05.15 08:07:08.793,1.0867,1.08692,2.06,1.38
2018.05.15 08:07:09.746,1.08669,1.08692,3.94,1.13
2018.05.15 08:07:10.349,1.0867,1.08692,2.06,1.38
2018.05.15 08:07:11.080,1.08671,1.08693,1.12,1.38
2018.05.15 08:07:11.595,1.08671,1.08695,2.62,2.63
2018.05.15 08:07:12.096,1.08671,1.08695,2.25,1.63
2018.05.15 08:07:12.491,1.08671,1.08695,3.00,1.63
2018.05.15 08:07:13.087,1.08671,1.08695,2.25,1.63
2018.05.15 08:07:13.281,1.08671,1.08696,1.87,3.00
2018.05.15 08:07:13.871,1.08671,1.08696,2.25,2.06
2018.05.15 08:07:14.456,1.08671,1.08695,1.87,1.81
2018.05.15 08:07:14.968,1.08671,1.08696,2.62,2.81
2018.05.15 08:07:15.381,1.08671,1.08695,1.37,1.88
2018.05.15 08:07:15.586,1.08671,1.08695,1.50,2.06
2018.05.15 08:07:16.129,1.08671,1.08695,1.37,1.88
2018.05.15 08:07:16.644,1.08671,1.08695,1.50,2.06
2018.05.15 08:07:17.175,1.08671,1.08695,1.37,1.88
2018.05.15 08:07:17.698,1.08671,1.08695,1.50,2.25
2018.05.15 08:07:18.188,1.08671,1.08695,2.06,1.63
2018.05.15 08:07:18.492,1.08671,1.08695,1.87,1.38
2018.05.15 08:07:18.543,1.08671,1.08695,2.25,1.63
2018.05.15 08:07:18.646,1.08672,1.08695,1.37,1.38
2018.05.15 08:07:18.858,1.08671,1.08695,1.87,1.19
2018.05.15 08:07:18.961,1.08672,1.08695,1.12,1.75
2018.05.15 08:07:19.013,1.0867,1.08691,1.00,1.50
2018.05.15 08:07:19.118,1.08667,1.08691,1.12,1.31
2018.05.15 08:07:19.376,1.08667,1.08691,1.25,1.75
2018.05.15 08:07:19.801,1.08671,1.08694,1.50,2.44
2018.05.15 08:07:20.108,1.08674,1.08695,2.25,1.38
2018.05.15 08:07:20.932,1.08675,1.08698,1.00,1.38
2018.05.15 08:07:21.443,1.08674,1.08698,2.62,2.44
2018.05.15 08:07:22.552,1.08674,1.08698,2.62,2.44
2018.05.15 08:07:23.223,1.08674,1.08698,1.87,2.63
2018.05.15 08:07:23.784,1.08674,1.08695,1.50,1.50
2018.05.15 08:07:24.296,1.08674,1.08695,1.50,1.38
2018.05.15 08:07:24.939,1.08674,1.08695,1.50,1.38
2018.05.15 08:07:25.465,1.08675,1.08697,1.00,2.25
2018.05.15 08:07:25.668,1.08675,1.08697,1.00,1.94
2018.05.15 08:07:26.357,1.08675,1.08697,1.00,2.44
2018.05.15 08:07:26.460,1.08675,1.08697,1.00,1.69
2018.05.15 08:07:26.983,1.08675,1.08697,1.00,1.56
2018.05.15 08:07:28.117,1.08675,1.08696,1.00,2.06
2018.05.15 08:07:28.635,1.08674,1.08697,1.50,3.19
2018.05.15 08:07:29.660,1.08674,1.08696,1.50,2.06
2018.05.15 08:07:29.813,1.08674,1.08695,1.50,1.44
2018.05.15 08:07:30.773,1.08674,1.08695,1.50,1.25
2018.05.15 08:07:31.314,1.08674,1.08695,1.50,1.31
2018.05.15 08:07:31.822,1.08674,1.08696,1.50,1.87
2018.05.15 08:07:32.227,1.08672,1.08693,1.00,1.30
2018.05.15 08:07:32.485,1.08668,1.08693,2.81,1.50
2018.05.15 08:07:33.020,1.0867,1.08692,1.00,1.00
2018.05.15 08:07:33.557,1.0867,1.08693,1.12,1.00
2018.05.15 08:07:34.206,1.0867,1.08692,1.12,1.00
2018.05.15 08:07:34.882,1.08671,1.08692,1.00,1.50
2018.05.15 08:07:36.216,1.0867,1.08692,1.00,1.50
2018.05.15 08:07:36.749,1.0867,1.08691,1.00,1.12
2018.05.15 08:07:36.933,1.08672,1.08693,1.12,1.00
2018.05.15 08:07:37.473,1.08671,1.08695,2.25,3.94
2018.05.15 08:07:38.132,1.08671,1.08695,2.25,3.75
2018.05.15 08:07:38.657,1.08673,1.08695,1.12,1.69
2018.05.15 08:07:39.169,1.08673,1.08695,1.00,2.06
2018.05.15 08:07:39.707,1.08673,1.08695,1.00,2.06
2018.05.15 08:07:40.267,1.08673,1.08695,1.12,3.56
2018.05.15 08:07:40.582,1.08673,1.08695,1.12,2.25
2018.05.15 08:07:40.745,1.08673,1.08693,1.12,1.00
2018.05.15 08:07:41.246,1.08673,1.08694,1.12,1.00
2018.05.15 08:07:42.018,1.08673,1.08695,1.12,2.25
2018.05.15 08:07:42.520,1.08673,1.08694,1.12,1.87
2018.05.15 08:07:43.230,1.08673,1.08693,1.12,1.00
2018.05.15 08:07:43.757,1.08673,1.08693,1.87,1.00
2018.05.15 08:07:44.271,1.08676,1.08694,1.37,1.00
2018.05.15 08:07:44.393,1.08676,1.08697,1.37,1.13
2018.05.15 08:07:44.926,1.08676,1.08697,1.37,2.78
2018.05.15 08:07:45.468,1.08676,1.08698,1.37,2.78
2018.05.15 08:07:46.175,1.08676,1.08697,1.37,1.19
2018.05.15 08:07:46.678,1.08676,1.08697,1.37,1.25
2018.05.15 08:07:47.216,1.08676,1.08694,1.37,1.00
2018.05.15 08:07:47.778,1.08676,1.08695,1.37,1.00
2018.05.15 08:07:48.334,1.08676,1.08696,1.37,1.00
2018.05.15 08:07:48.641,1.08676,1.08695,1.75,1.00
2018.05.15 08:07:48.692,1.08676,1.08695,1.37,1.00
2018.05.15 08:07:50.430,1.08676,1.08696,1.37,1.00
2018.05.15 08:07:50.955,1.08676,1.08696,1.00,1.00
2018.05.15 08:07:51.764,1.08676,1.08695,1.00,1.00
2018.05.15 08:07:52.315,1.08676,1.08696,1.00,1.00
2018.05.15 08:07:52.833,1.08676,1.08695,1.00,1.00
2018.05.15 08:07:53.528,1.08676,1.08696,1.00,1.00
2018.05.15 08:07:54.311,1.08676,1.08695,1.00,1.00
2018.05.15 08:07:54.906,1.08676,1.08696,1.00,1.00
2018.05.15 08:07:55.551,1.08676,1.08695,1.00,1.00
2018.05.15 08:07:56.086,1.08676,1.08696,1.00,1.00
2018.05.15 08:07:56.631,1.08676,1.08697,1.00,1.00
2018.05.15 08:07:57.168,1.08675,1.08697,1.12,1.00
2018.05.15 08:07:57.674,1.08675,1.08696,1.12,1.00
2018.05.15 08:07:58.302,1.08675,1.08697,1.12,1.12
2018.05.15 08:07:58.838,1.08675,1.08696,1.12,1.00
2018.05.15 08:07:59.276,1.08675,1.08694,1.12,1.00
2018.05.15 08:07:59.534,1.08675,1.08698,1.12,1.88
2018.05.15 08:08:01.417,1.08676,1.08698,1.00,1.38
2018.05.15 08:08:01.932,1.08675,1.08699,1.50,1.75
2018.05.15 08:08:02.408,1.08677,1.087,1.50,1.62
2018.05.15 08:08:02.662,1.08677,1.08702,2.44,2.44
2018.05.15 08:08:03.295,1.08678,1.08702,1.37,1.63
2018.05.15 08:08:03.870,1.08678,1.08702,1.37,1.63
2018.05.15 08:08:05.700,1.08679,1.08701,1.50,1.00
2018.05.15 08:08:05.753,1.08681,1.08702,1.12,1.50
2018.05.15 08:08:07.394,1.08678,1.08697,1.00,1.12
2018.05.15 08:08:07.552,1.08674,1.08695,2.63,1.00
2018.05.15 08:08:07.773,1.08674,1.08699,2.25,2.25
2018.05.15 08:08:07.877,1.08678,1.08701,2.44,3.37
2018.05.15 08:08:08.417,1.08679,1.087,1.63,1.00
2018.05.15 08:08:09.686,1.08679,1.087,1.12,1.00
2018.05.15 08:08:10.877,1.08678,1.087,3.19,1.00
2018.05.15 08:08:11.656,1.0868,1.08701,1.00,2.44
2018.05.15 08:08:11.708,1.0868,1.08701,1.62,1.50
2018.05.15 08:08:12.091,1.0868,1.08701,1.00,1.25
2018.05.15 08:08:12.571,1.0868,1.08701,1.75,1.88
2018.05.15 08:08:12.674,1.0868,1.08701,1.00,1.25
2018.05.15 08:08:12.829,1.08679,1.08699,1.00,1.00
2018.05.15 08:08:13.225,1.08676,1.08698,1.69,1.00
2018.05.15 08:08:13.772,1.08676,1.08699,1.69,1.00
2018.05.15 08:08:13.824,1.08679,1.087,2.00,1.00
2018.05.15 08:08:13.927,1.08682,1.08703,1.12,1.00
2018.05.15 08:08:14.455,1.08682,1.08705,1.75,1.88
2018.05.15 08:08:15.001,1.08685,1.08705,1.00,2.25
2018.05.15 08:08:15.510,1.08684,1.08706,1.12,1.38
2018.05.15 08:08:16.050,1.08684,1.08705,1.12,1.63
2018.05.15 08:08:16.463,1.08682,1.08705,2.63,1.63
2018.05.15 08:08:17.099,1.08682,1.08705,2.63,1.56
2018.05.15 08:08:17.611,1.08682,1.08703,1.25,1.13
2018.05.15 08:08:18.034,1.08678,1.08698,1.00,1.50
2018.05.15 08:08:18.086,1.08675,1.08698,1.12,2.25
2018.05.15 08:08:18.294,1.08674,1.08698,1.31,4.13
2018.05.15 08:08:18.817,1.08674,1.08697,1.75,1.00
2018.05.15 08:08:20.020,1.08674,1.08698,1.13,2.63
2018.05.15 08:08:20.521,1.08673,1.08698,1.88,2.44
2018.05.15 08:08:20.821,1.08673,1.08696,1.88,1.00
2018.05.15 08:08:21.328,1.08673,1.08696,1.37,2.25
2018.05.15 08:08:21.862,1.08673,1.08696,1.31,1.50
2018.05.15 08:08:22.784,1.08671,1.08693,1.81,1.00
2018.05.15 08:08:30.686,1.08672,1.08696,2.25,1.12
2018.05.15 08:08:31.070,1.08674,1.08696,1.75,1.37
2018.05.15 08:08:31.591,1.08674,1.08698,1.12,1.12
2018.05.15 08:08:32.161,1.08677,1.08698,1.50,1.00
2018.05.15 08:08:32.212,1.08677,1.08698,2.06,1.00
2018.05.15 08:08:32.564,1.0868,1.087,1.50,1.00
2018.05.15 08:08:32.667,1.08682,1.08704,1.12,1.38
2018.05.15 08:08:33.267,1.08684,1.08704,1.00,1.88
2018.05.15 08:08:33.318,1.08684,1.08705,1.37,1.38
2018.05.15 08:08:34.037,1.08684,1.08705,1.37,1.50
2018.05.15 08:08:34.446,1.08684,1.08707,2.25,1.63
2018.05.15 08:08:34.498,1.08684,1.08707,2.25,1.44
2018.05.15 08:08:35.039,1.08684,1.08707,2.25,1.38
2018.05.15 08:08:35.550,1.08684,1.08707,1.75,1.44
2018.05.15 08:08:35.757,1.08684,1.08707,1.75,1.44
2018.05.15 08:08:36.267,1.08684,1.08707,1.75,1.63
2018.05.15 08:08:36.826,1.08683,1.08708,1.75,2.81
2018.05.15 08:08:37.945,1.08683,1.08708,3.19,3.19
2018.05.15 08:08:38.454,1.08685,1.08709,1.50,2.63
2018.05.15 08:08:38.996,1.08684,1.08709,1.75,2.81
2018.05.15 08:08:39.314,1.08684,1.08708,1.12,1.88
2018.05.15 08:08:39.822,1.08684,1.08709,1.12,1.94
2018.05.15 08:08:40.347,1.08684,1.08709,1.12,2.44
2018.05.15 08:08:40.911,1.08684,1.08708,1.87,1.69
2018.05.15 08:08:41.419,1.08684,1.08708,2.62,2.81
2018.05.15 08:08:41.951,1.08684,1.08708,1.87,1.19
2018.05.15 08:08:43.077,1.08685,1.08709,1.50,1.69
2018.05.15 08:08:43.608,1.08684,1.08709,3.00,2.06
2018.05.15 08:08:44.171,1.08685,1.08709,1.50,3.56
2018.05.15 08:08:44.223,1.08685,1.08709,2.25,3.75
2018.05.15 08:08:44.274,1.08685,1.08709,1.50,3.38
2018.05.15 08:08:45.207,1.08685,1.08709,1.87,3.19
2018.05.15 08:08:45.461,1.08685,1.08709,1.87,5.44
2018.05.15 08:08:45.966,1.08685,1.08709,1.87,5.44
2018.05.15 08:08:46.505,1.08685,1.08709,2.25,5.44
2018.05.15 08:08:48.270,1.08685,1.08708,1.37,1.63
2018.05.15 08:08:48.807,1.08685,1.08708,1.50,1.56
2018.05.15 08:08:49.811,1.08684,1.08709,2.62,3.19
2018.05.15 08:08:50.423,1.08685,1.08708,1.87,1.56
2018.05.15 08:08:50.730,1.08684,1.08709,2.81,3.19
2018.05.15 08:08:50.943,1.08685,1.08707,1.50,1.63
2018.05.15 08:08:51.573,1.08685,1.08707,1.50,1.88
2018.05.15 08:08:52.116,1.08684,1.08708,3.19,2.06
2018.05.15 08:08:52.622,1.08685,1.08708,1.50,2.81
2018.05.15 08:08:53.185,1.08685,1.08707,1.50,1.44
2018.05.15 08:08:53.864,1.08684,1.08708,2.62,1.63
2018.05.15 08:08:54.252,1.08684,1.08707,1.88,3.56
2018.05.15 08:08:54.916,1.08684,1.08706,1.62,2.63
2018.05.15 08:08:55.583,1.08682,1.08707,6.00,4.31
2018.05.15 08:08:56.225,1.08682,1.08706,4.31,2.63
2018.05.15 08:08:56.740,1.08682,1.08707,4.31,3.56
2018.05.15 08:08:56.844,1.08684,1.08706,1.37,1.00
2018.05.15 08:08:58.097,1.08685,1.08707,1.37,1.88
2018.05.15 08:08:58.621,1.08685,1.08707,1.37,2.06
2018.05.15 08:08:59.169,1.08686,1.08707,1.63,1.31
2018.05.15 08:08:59.689,1.08686,1.08709,1.87,1.38
2018.05.15 08:09:00.217,1.08688,1.08709,1.12,2.81
2018.05.15 08:09:00.268,1.08688,1.08709,1.12,2.63
2018.05.15 08:09:00.771,1.08688,1.08709,1.87,1.38
2018.05.15 08:09:01.543,1.08688,1.0871,1.87,1.50
2018.05.15 08:09:02.106,1.08688,1.0871,1.87,1.69
2018.05.15 08:09:02.516,1.08689,1.0871,1.50,1.25
2018.05.15 08:09:03.038,1.0869,1.08711,1.87,1.69
2018.05.15 08:09:04.274,1.0869,1.0871,1.50,1.38
2018.05.15 08:09:04.842,1.0869,1.08712,1.50,1.69
2018.05.15 08:09:06.151,1.0869,1.08713,1.50,2.81
2018.05.15 08:09:07.076,1.0869,1.08712,1.50,1.69
2018.05.15 08:09:08.644,1.0869,1.08712,1.00,1.13
2018.05.15 08:09:09.167,1.0869,1.08713,1.00,2.44
2018.05.15 08:09:09.685,1.0869,1.08713,1.00,2.44
2018.05.15 08:09:10.418,1.0869,1.08712,1.00,1.88
2018.05.15 08:09:11.141,1.0869,1.08712,1.00,1.69
2018.05.15 08:09:11.660,1.0869,1.08712,1.50,1.69
2018.05.15 08:09:12.183,1.0869,1.08712,1.00,2.63
2018.05.15 08:09:12.731,1.0869,1.08712,1.00,1.69
2018.05.15 08:09:13.366,1.0869,1.08711,1.00,1.63
2018.05.15 08:09:14.325,1.0869,1.08711,1.00,1.56
2018.05.15 08:09:16.630,1.0869,1.08711,1.00,1.63
2018.05.15 08:09:17.986,1.0869,1.08711,1.00,1.56
2018.05.15 08:09:18.585,1.0869,1.08712,1.37,1.69
2018.05.15 08:09:19.119,1.0869,1.08711,1.37,1.56
2018.05.15 08:09:19.387,1.0869,1.08712,1.37,2.63
2018.05.15 08:09:19.900,1.0869,1.08711,1.37,1.81
2018.05.15 08:09:21.923,1.0869,1.08712,1.37,1.69
2018.05.15 08:09:22.340,1.08693,1.08712,1.12,1.88
2018.05.15 08:09:22.651,1.0869,1.08709,2.62,1.00
2018.05.15 08:09:22.971,1.08694,1.08712,1.37,1.38
2018.05.15 08:09:23.075,1.08694,1.08712,1.37,1.00
2018.05.15 08:09:23.333,1.08694,1.0871,1.37,1.00
2018.05.15 08:09:23.436,1.08691,1.0871,1.37,1.50
2018.05.15 08:09:23.489,1.08691,1.08705,1.00,1.00
2018.05.15 08:09:24.015,1.08688,1.08706,2.25,1.00
2018.05.15 08:09:24.300,1.08688,1.08709,2.25,1.25
2018.05.15 08:09:24.843,1.08688,1.0871,2.25,1.50
2018.05.15 08:09:25.402,1.08688,1.08709,2.25,1.00
2018.05.15 08:09:26.367,1.08688,1.0871,2.25,1.13
2018.05.15 08:09:26.933,1.08688,1.08709,2.25,1.00
2018.05.15 08:09:27.170,1.08689,1.0871,1.12,1.00
2018.05.15 08:09:28.455,1.08689,1.08711,1.75,1.25
2018.05.15 08:09:28.961,1.08689,1.08709,1.75,1.00
2018.05.15 08:09:29.064,1.08689,1.08709,1.50,1.00
2018.05.15 08:09:29.975,1.08691,1.08711,1.00,2.25
2018.05.15 08:09:31.444,1.08691,1.0871,1.37,1.00
2018.05.15 08:09:32.108,1.08691,1.0871,1.75,1.00
2018.05.15 08:09:32.212,1.08692,1.0871,1.12,1.00
2018.05.15 08:09:32.737,1.08693,1.08713,1.75,2.25
2018.05.15 08:09:32.995,1.08693,1.08712,1.00,1.44
2018.05.15 08:09:33.220,1.08691,1.08711,1.12,1.50
2018.05.15 08:09:33.728,1.08691,1.0871,1.12,1.00
2018.05.15 08:09:34.272,1.08691,1.08711,1.12,1.13
2018.05.15 08:09:35.010,1.08691,1.0871,1.12,1.00
2018.05.15 08:09:35.657,1.08691,1.08708,1.12,1.00
2018.05.15 08:09:36.677,1.08691,1.0871,1.12,1.00
2018.05.15 08:09:36.729,1.08691,1.08712,3.00,1.50
2018.05.15 08:09:36.833,1.08691,1.0871,1.12,1.37
2018.05.15 08:09:37.197,1.08689,1.08706,1.37,1.00
2018.05.15 08:09:37.301,1.08689,1.0871,1.37,1.87
2018.05.15 08:09:37.353,1.08689,1.08707,1.37,1.00
2018.05.15 08:09:37.878,1.08687,1.08708,1.50,1.00
2018.05.15 08:09:38.594,1.08687,1.08707,1.50,1.00
2018.05.15 08:09:39.140,1.08687,1.0871,1.50,2.25
2018.05.15 08:09:39.648,1.08687,1.0871,1.50,1.56
2018.05.15 08:09:40.111,1.08689,1.08708,1.50,1.00
2018.05.15 08:09:40.419,1.08689,1.08709,1.12,1.37
2018.05.15 08:09:40.967,1.08688,1.08709,1.87,1.38
2018.05.15 08:09:41.996,1.08688,1.0871,1.87,2.06
2018.05.15 08:09:42.099,1.08688,1.0871,1.87,1.00
2018.05.15 08:09:42.651,1.08688,1.0871,1.87,1.69
2018.05.15 08:09:44.043,1.08688,1.0871,1.50,3.75
2018.05.15 08:09:44.197,1.08692,1.08711,1.37,1.25
2018.05.15 08:09:44.506,1.08692,1.08709,1.00,1.25
2018.05.15 08:09:44.674,1.08689,1.08712,1.00,2.06
2018.05.15 08:09:45.189,1.0869,1.08711,1.00,1.31
2018.05.15 08:09:45.662,1.0869,1.08711,1.00,1.56
2018.05.15 08:09:46.165,1.0869,1.08711,1.50,1.69
2018.05.15 08:09:46.687,1.0869,1.08711,1.50,1.69
2018.05.15 08:09:47.273,1.08688,1.0871,1.12,2.63
2018.05.15 08:09:47.794,1.08689,1.08709,1.00,1.00
2018.05.15 08:09:48.340,1.08689,1.08709,1.00,1.50
2018.05.15 08:09:50.150,1.08688,1.08709,1.00,1.69
2018.05.15 08:09:50.258,1.08688,1.08707,1.00,1.87
2018.05.15 08:09:50.806,1.08687,1.08706,1.87,1.00
2018.05.15 08:09:51.596,1.08687,1.08706,1.00,1.63
2018.05.15 08:09:52.141,1.08686,1.08706,1.87,1.63
2018.05.15 08:09:56.459,1.08685,1.08708,3.75,2.63
2018.05.15 08:09:56.511,1.08686,1.08708,1.50,2.06
2018.05.15 08:09:57.047,1.08688,1.08707,1.12,1.13
2018.05.15 08:09:57.345,1.0869,1.08712,1.37,1.69
2018.05.15 08:09:57.498,1.0869,1.08711,1.75,1.00
2018.05.15 08:09:57.807,1.08693,1.08713,1.37,1.50
2018.05.15 08:09:58.132,1.08692,1.08713,1.87,1.25
2018.05.15 08:09:58.185,1.08691,1.08709,1.87,1.00
2018.05.15 08:09:58.695,1.08689,1.08711,2.25,2.06
2018.05.15 08:09:58.876,1.08689,1.0871,1.87,1.00
2018.05.15 08:09:59.398,1.08689,1.08711,1.87,3.19
2018.05.15 08:10:00.087,1.08689,1.0871,1.87,1.00
2018.05.15 08:10:00.653,1.08689,1.0871,1.87,2.81
2018.05.15 08:10:01.156,1.08688,1.0871,1.87,1.12
2018.05.15 08:10:01.951,1.08688,1.08709,1.37,1.88
2018.05.15 08:10:02.105,1.08688,1.08711,1.50,2.06
2018.05.15 08:10:02.157,1.08688,1.0871,1.75,1.31
2018.05.15 08:10:02.489,1.0869,1.0871,1.00,2.00
2018.05.15 08:10:02.641,1.08688,1.0871,1.12,1.31
2018.05.15 08:10:03.164,1.08688,1.08705,1.00,1.00
2018.05.15 08:10:04.219,1.08688,1.08704,1.00,1.00
2018.05.15 08:10:04.767,1.08687,1.08705,1.00,1.00
2018.05.15 08:10:05.297,1.08687,1.08704,1.00,1.00
2018.05.15 08:10:05.847,1.08687,1.08705,1.00,1.00
2018.05.15 08:10:06.405,1.08685,1.08707,1.50,1.87
2018.05.15 08:10:07.708,1.08687,1.08707,1.12,1.50
2018.05.15 08:10:08.239,1.08687,1.08708,1.12,2.44
2018.05.15 08:10:08.790,1.08687,1.08707,1.12,1.00
2018.05.15 08:10:09.556,1.08687,1.08705,1.12,1.00
2018.05.15 08:10:10.924,1.08687,1.08706,1.12,1.00
2018.05.15 08:10:11.301,1.0869,1.0871,1.37,1.00
2018.05.15 08:10:11.354,1.08689,1.08711,1.12,1.50
2018.05.15 08:10:11.534,1.0869,1.08708,1.00,1.00
2018.05.15 08:10:11.636,1.08689,1.0871,1.00,2.25
2018.05.15 08:10:11.687,1.08689,1.08709,1.00,1.44
2018.05.15 08:10:11.839,1.08688,1.0871,1.12,1.25
2018.05.15 08:10:11.941,1.08687,1.08708,1.37,1.00
2018.05.15 08:10:12.347,1.08689,1.08709,1.37,1.00
2018.05.15 08:10:12.649,1.08693,1.08711,1.00,1.00
2018.05.15 08:10:13.186,1.08693,1.08713,1.37,2.06
2018.05.15 08:10:13.968,1.08693,1.08712,1.37,2.06
2018.05.15 08:10:14.608,1.08693,1.08712,1.37,1.38
2018.05.15 08:10:14.941,1.08693,1.08713,1.37,1.69
2018.05.15 08:10:15.043,1.08693,1.08712,1.75,1.00
2018.05.15 08:10:15.696,1.08693,1.08713,1.75,1.69
2018.05.15 08:10:17.295,1.08693,1.08714,1.75,1.25
2018.05.15 08:10:17.960,1.08693,1.08713,1.75,1.00
2018.05.15 08:10:19.538,1.08695,1.08715,1.37,1.87
2018.05.15 08:10:20.065,1.08695,1.08714,1.50,1.50
2018.05.15 08:10:21.886,1.08696,1.08714,1.50,1.00
2018.05.15 08:10:27.638,1.08697,1.08715,1.37,2.25
2018.05.15 08:10:31.862,1.08697,1.08715,1.87,1.00
2018.05.15 08:10:32.119,1.08697,1.08715,1.50,2.25
2018.05.15 08:10:33.957,1.08697,1.08715,1.12,2.25
2018.05.15 08:10:34.552,1.08696,1.08715,1.00,1.00
2018.05.15 08:10:34.818,1.08694,1.08713,1.00,1.50
2018.05.15 08:10:35.316,1.08697,1.08715,1.87,2.25
2018.05.15 08:10:36.252,1.08696,1.08715,4.12,2.25
2018.05.15 08:10:36.509,1.08696,1.08715,4.12,2.25
2018.05.15 08:10:36.637,1.08696,1.08715,4.12,2.25
2018.05.15 08:10:37.011,1.08698,1.08717,1.12,1.00
2018.05.15 08:10:37.062,1.08698,1.08715,1.87,1.00
2018.05.15 08:10:39.143,1.08698,1.08715,1.12,1.00
2018.05.15 08:10:40.827,1.08697,1.08717,1.37,1.69
2018.05.15 08:10:41.345,1.08696,1.08713,1.00,1.00
2018.05.15 08:10:41.397,1.08694,1.08713,1.50,1.12
2018.05.15 08:10:41.747,1.0869,1.08715,1.69,1.12
2018.05.15 08:10:41.849,1.0869,1.08713,1.87,1.00
2018.05.15 08:10:42.375,1.0869,1.08714,1.87,1.12
2018.05.15 08:10:42.700,1.0869,1.08715,2.25,2.62
2018.05.15 08:10:43.278,1.08691,1.08715,1.50,1.87
2018.05.15 08:10:43.881,1.08691,1.08714,1.50,1.00
2018.05.15 08:10:44.279,1.08692,1.08716,1.50,2.62
2018.05.15 08:10:45.068,1.08691,1.08716,3.00,3.19
2018.05.15 08:10:45.749,1.08692,1.08715,2.25,1.25
2018.05.15 08:10:50.965,1.08698,1.08715,1.75,1.00
2018.05.15 08:10:51.017,1.08696,1.08716,1.37,1.00
2018.05.15 08:10:51.460,1.08695,1.08716,1.00,1.50
2018.05.15 08:10:53.062,1.08693,1.08714,1.37,1.00
2018.05.15 08:10:56.169,1.08694,1.08714,1.75,1.00
2018.05.15 08:10:56.259,1.08694,1.08714,1.37,1.00
2018.05.15 08:10:56.311,1.08696,1.08715,1.12,1.00
2018.05.15 08:10:58.627,1.08695,1.08715,1.50,2.25
2018.05.15 08:10:58.729,1.08693,1.08713,1.37,1.00
2018.05.15 08:10:59.260,1.08693,1.08714,1.37,1.50
2018.05.15 08:10:59.805,1.08693,1.08714,1.12,1.50
2018.05.15 08:11:01.441,1.08693,1.08713,1.00,1.00
2018.05.15 08:11:02.025,1.08693,1.08713,1.37,1.50
2018.05.15 08:11:02.352,1.08695,1.08715,3.75,1.50
2018.05.15 08:11:03.349,1.08696,1.08714,1.75,1.00
2018.05.15 08:11:04.316,1.08697,1.08715,1.50,1.50
2018.05.15 08:11:07.493,1.08697,1.08715,1.37,1.00
2018.05.15 08:11:08.193,1.08698,1.08716,1.12,2.25
2018.05.15 08:11:13.571,1.08698,1.08716,1.50,1.00
2018.05.15 08:11:17.836,1.08698,1.08716,1.87,1.50
2018.05.15 08:11:24.458,1.08698,1.08716,1.75,1.00
2018.05.15 08:11:24.979,1.08702,1.08716,1.00,1.00
2018.05.15 08:11:25.509,1.08701,1.08717,1.12,1.50
2018.05.15 08:11:26.170,1.08702,1.08717,1.00,1.50
2018.05.15 08:11:27.541,1.08699,1.08717,1.37,1.50
2018.05.15 08:11:28.046,1.08699,1.08718,1.87,1.25
2018.05.15 08:11:28.356,1.08699,1.08716,1.37,1.00
2018.05.15 08:11:29.066,1.08698,1.08716,1.87,1.00
2018.05.15 08:11:29.568,1.08698,1.08716,1.87,1.00
2018.05.15 08:11:39.117,1.08699,1.08717,1.75,2.44
2018.05.15 08:11:47.045,1.08699,1.08717,1.75,2.44
2018.05.15 08:11:47.478,1.08699,1.08717,1.12,1.50
2018.05.15 08:11:47.581,1.08699,1.08715,1.00,1.00
2018.05.15 08:11:48.059,1.08696,1.08715,1.69,1.00
2018.05.15 08:11:48.845,1.08696,1.08715,1.87,1.00
2018.05.15 08:11:49.459,1.08696,1.08716,1.87,2.25
2018.05.15 08:11:49.974,1.08696,1.08715,1.87,1.00
2018.05.15 08:11:50.486,1.08696,1.08714,1.87,1.00
2018.05.15 08:11:51.362,1.08696,1.08714,1.50,1.00
2018.05.15 08:11:52.085,1.08696,1.08715,1.50,1.00
2018.05.15 08:11:54.125,1.087,1.08717,1.50,1.50
2018.05.15 08:11:54.726,1.08699,1.08716,2.62,1.00
2018.05.15 08:11:55.845,1.08702,1.08716,1.00,1.00
2018.05.15 08:11:56.373,1.087,1.08716,1.50,1.00
2018.05.15 08:11:58.017,1.087,1.08716,1.00,1.00
2018.05.15 08:11:58.837,1.087,1.08716,1.37,1.00
2018.05.15 08:12:01.382,1.087,1.08717,1.37,2.25
2018.05.15 08:12:01.932,1.087,1.08716,1.37,1.50
2018.05.15 08:12:02.086,1.08698,1.08716,1.12,1.00
2018.05.15 08:12:03.568,1.08697,1.08716,1.12,1.00
2018.05.15 08:12:04.934,1.08697,1.08716,1.50,1.00
2018.05.15 08:12:06.324,1.08697,1.08716,1.87,1.00
2018.05.15 08:12:06.426,1.08697,1.08716,1.69,1.00
2018.05.15 08:12:08.224,1.08699,1.08716,1.37,1.00
2018.05.15 08:12:09.967,1.08698,1.08718,1.75,1.30
2018.05.15 08:12:10.211,1.08698,1.08716,1.75,1.00
2018.05.15 08:12:10.979,1.087,1.08716,1.12,1.00
2018.05.15 08:12:12.278,1.08699,1.08716,1.12,1.00
2018.05.15 08:12:19.853,1.08699,1.08716,1.37,1.00
2018.05.15 08:12:22.448,1.08699,1.08716,1.12,1.00
2018.05.15 08:12:24.233,1.08699,1.08716,1.50,1.00
2018.05.15 08:12:25.292,1.08699,1.08716,1.12,1.00
2018.05.15 08:12:27.712,1.08699,1.08717,1.50,1.50
2018.05.15 08:12:29.391,1.08699,1.08717,1.50,1.50
2018.05.15 08:12:30.781,1.08699,1.08717,2.25,1.50
2018.05.15 08:12:37.829,1.087,1.08717,3.37,1.00
2018.05.15 08:12:38.794,1.087,1.08716,1.00,1.00
2018.05.15 08:12:39.850,1.08697,1.08716,1.87,1.00
2018.05.15 08:12:40.358,1.08697,1.08716,1.12,1.00
2018.05.15 08:12:41.994,1.08696,1.08715,1.12,1.00
2018.05.15 08:12:43.534,1.08695,1.08716,1.87,3.00
2018.05.15 08:12:45.364,1.08695,1.08716,1.00,2.25
2018.05.15 08:12:45.955,1.08695,1.08715,1.12,1.00
2018.05.15 08:12:46.880,1.08695,1.08716,1.00,2.25
2018.05.15 08:12:47.052,1.08695,1.08716,1.75,1.50
2018.05.15 08:12:48.114,1.08698,1.08716,1.75,1.00
2018.05.15 08:12:48.166,1.08698,1.08716,1.00,1.00
2018.05.15 08:12:48.217,1.08698,1.08716,1.87,1.00
2018.05.15 08:12:48.801,1.08698,1.08717,1.87,1.50
2018.05.15 08:12:49.327,1.08698,1.08717,1.87,1.50
2018.05.15 08:12:49.840,1.08698,1.08717,1.50,1.50
2018.05.15 08:12:50.171,1.08692,1.08712,1.00,1.50
2018.05.15 08:12:50.222,1.0869,1.08713,1.00,2.00
2018.05.15 08:12:50.377,1.08689,1.08714,2.25,1.87
2018.05.15 08:12:51.088,1.08692,1.08714,1.00,1.50
2018.05.15 08:12:51.191,1.0869,1.08715,1.12,3.19
2018.05.15 08:12:51.426,1.0869,1.08714,1.87,1.50
2018.05.15 08:12:52.570,1.08689,1.08711,2.44,1.00
2018.05.15 08:12:53.099,1.08689,1.08713,2.25,2.44
2018.05.15 08:12:53.843,1.08689,1.08714,2.62,1.50
2018.05.15 08:12:54.106,1.08689,1.08714,2.62,1.50
2018.05.15 08:12:54.774,1.08689,1.08713,1.87,1.87
2018.05.15 08:12:55.341,1.08689,1.08713,2.25,1.12
2018.05.15 08:12:56.036,1.08689,1.08713,1.87,1.50
2018.05.15 08:12:56.088,1.08689,1.08711,1.75,3.00
2018.05.15 08:12:56.420,1.08689,1.08711,1.12,1.94
2018.05.15 08:12:56.776,1.08687,1.08711,1.00,2.00
2018.05.15 08:12:56.827,1.08687,1.0871,1.00,2.81
2018.05.15 08:12:56.879,1.08685,1.0871,1.31,4.69
2018.05.15 08:12:56.981,1.08684,1.08707,1.00,1.37
2018.05.15 08:12:57.082,1.08686,1.08708,1.00,2.25
2018.05.15 08:12:57.490,1.08687,1.08708,1.00,1.50
2018.05.15 08:12:57.592,1.08685,1.08707,1.12,1.25
2018.05.15 08:12:57.795,1.08685,1.08705,1.12,1.00
2018.05.15 08:12:58.380,1.08684,1.08706,2.25,1.50
2018.05.15 08:12:59.122,1.08684,1.08705,2.62,1.00
2018.05.15 08:12:59.944,1.08685,1.08706,2.81,1.00
2018.05.15 08:13:01.003,1.08685,1.08706,1.25,1.12
2018.05.15 08:13:02.098,1.08685,1.08707,1.25,1.37
2018.05.15 08:13:02.307,1.08684,1.08707,1.69,1.87
2018.05.15 08:13:02.850,1.08685,1.08705,1.25,1.00
2018.05.15 08:13:03.361,1.08685,1.08706,1.25,1.87
2018.05.15 08:13:03.870,1.08684,1.08707,1.56,1.75
2018.05.15 08:13:07.559,1.08684,1.08705,1.00,1.25
2018.05.15 08:13:08.559,1.08684,1.08705,1.00,1.44
2018.05.15 08:13:09.130,1.08684,1.08705,1.12,1.25
2018.05.15 08:13:10.708,1.08684,1.08705,1.50,1.25
2018.05.15 08:13:12.370,1.08684,1.08705,1.50,1.44
2018.05.15 08:13:14.252,1.08683,1.08705,1.50,1.25
2018.05.15 08:13:14.791,1.08684,1.08705,1.37,1.44
2018.05.15 08:13:15.616,1.08684,1.08703,1.50,1.00
2018.05.15 08:13:23.520,1.08683,1.08703,1.12,1.00
2018.05.15 08:13:23.830,1.08685,1.08703,1.00,1.00
2018.05.15 08:13:24.346,1.08685,1.08704,1.00,1.00
2018.05.15 08:13:42.772,1.08685,1.08705,1.12,1.12
2018.05.15 08:13:46.120,1.08685,1.08706,1.12,1.12
2018.05.15 08:13:47.211,1.08685,1.08705,1.12,1.00
2018.05.15 08:13:49.685,1.08685,1.08706,1.12,1.87
2018.05.15 08:13:51.644,1.08685,1.08706,1.00,1.37
2018.05.15 08:13:55.344,1.08683,1.08706,2.62,2.06
2018.05.15 08:13:55.961,1.08684,1.08706,1.00,2.06
2018.05.15 08:14:04.742,1.08684,1.08704,1.50,1.00
2018.05.15 08:14:05.367,1.08684,1.08703,2.25,1.00
2018.05.15 08:14:06.036,1.08684,1.08704,1.50,1.00
2018.05.15 08:14:09.211,1.08684,1.08705,1.00,1.31
2018.05.15 08:14:12.496,1.08684,1.08707,1.12,1.87
2018.05.15 08:14:15.244,1.08684,1.08705,1.12,1.00
2018.05.15 08:14:15.745,1.08684,1.08707,1.12,1.37
2018.05.15 08:14:16.312,1.08684,1.08707,1.12,1.56
2018.05.15 08:14:16.825,1.08684,1.08707,1.12,2.25
2018.05.15 08:14:16.981,1.08684,1.08706,1.00,1.12
2018.05.15 08:14:19.310,1.08685,1.08706,1.87,1.00
2018.05.15 08:14:23.049,1.08684,1.08707,1.37,2.06
2018.05.15 08:14:28.052,1.08687,1.08708,1.00,1.12
2018.05.15 08:14:28.857,1.08684,1.08707,1.00,3.56
2018.05.15 08:14:28.960,1.08682,1.08706,1.12,3.19
2018.05.15 08:14:29.475,1.08683,1.08705,1.00,1.37
2018.05.15 08:14:29.952,1.08687,1.08706,1.00,2.62
2018.05.15 08:14:30.157,1.08684,1.08706,2.25,1.50
2018.05.15 08:14:30.310,1.08684,1.08706,2.25,1.12
2018.05.15 08:14:31.368,1.08686,1.08706,1.00,1.12
2018.05.15 08:14:32.096,1.08684,1.08704,1.50,1.12
2018.05.15 08:14:32.147,1.08682,1.08703,1.50,1.50
2018.05.15 08:14:32.198,1.08684,1.08704,1.00,1.12
2018.05.15 08:14:32.351,1.08683,1.08704,1.00,1.50
2018.05.15 08:14:32.606,1.08683,1.08706,1.00,1.50
2018.05.15 08:14:36.111,1.08683,1.08705,1.00,1.50
2018.05.15 08:14:37.726,1.08683,1.08705,1.00,1.31
2018.05.15 08:14:39.627,1.08683,1.08705,1.00,1.44
2018.05.15 08:14:40.457,1.08688,1.08706,1.00,2.25
2018.05.15 08:14:40.967,1.08688,1.08706,1.00,1.12
2018.05.15 08:14:41.172,1.08684,1.08705,1.00,1.37
2018.05.15 08:14:41.314,1.08683,1.08705,1.87,1.00
2018.05.15 08:14:41.858,1.08682,1.08706,1.50,3.75
2018.05.15 08:14:42.477,1.08682,1.08705,1.37,1.37
2018.05.15 08:14:42.632,1.08682,1.08706,1.50,2.06
2018.05.15 08:14:42.889,1.08683,1.08704,1.12,1.12
2018.05.15 08:14:42.941,1.08683,1.08706,1.12,1.87
2018.05.15 08:14:43.476,1.08683,1.08706,1.12,2.25
2018.05.15 08:14:44.008,1.08684,1.08706,1.12,1.00
2018.05.15 08:14:44.333,1.08684,1.08706,1.50,2.62
2018.05.15 08:14:44.643,1.08683,1.08701,1.00,2.06
2018.05.15 08:14:44.952,1.08683,1.08704,1.00,1.87
2018.05.15 08:14:45.004,1.08683,1.08705,1.00,3.00
2018.05.15 08:14:50.552,1.08683,1.08703,1.00,1.37
2018.05.15 08:14:51.862,1.08681,1.08704,2.25,2.19
2018.05.15 08:14:52.069,1.08683,1.08704,1.00,1.50
2018.05.15 08:14:53.943,1.08682,1.08704,1.00,1.12
2018.05.15 08:14:54.281,1.08682,1.08702,1.00,1.56
2018.05.15 08:14:57.473,1.08682,1.08703,1.00,1.50
2018.05.15 08:14:58.034,1.08682,1.08703,1.00,1.37
2018.05.15 08:15:00.120,1.08681,1.08705,1.12,2.00
2018.05.15 08:15:00.889,1.08682,1.08704,1.00,1.12
2018.05.15 08:15:01.540,1.08681,1.08705,1.00,2.19
2018.05.15 08:15:08.199,1.08681,1.08705,5.06,2.62
2018.05.15 08:15:08.700,1.08681,1.08705,5.06,2.62
2018.05.15 08:15:09.417,1.08681,1.08705,6.18,1.81
2018.05.15 08:15:10.043,1.08683,1.08704,1.00,1.69
2018.05.15 08:15:11.150,1.08683,1.08705,1.00,2.19
2018.05.15 08:15:13.952,1.08683,1.08706,1.00,4.12
2018.05.15 08:15:14.483,1.08683,1.08705,1.00,2.25
2018.05.15 08:15:16.684,1.08678,1.087,1.50,2.06
2018.05.15 08:15:16.889,1.0868,1.08701,1.00,1.12
2018.05.15 08:15:17.864,1.08682,1.08702,1.00,1.37
2018.05.15 08:15:18.366,1.08682,1.08702,1.50,1.50
2018.05.15 08:15:19.611,1.08682,1.08702,1.50,1.37
2018.05.15 08:15:19.917,1.08682,1.08704,1.00,2.81
2018.05.15 08:15:20.864,1.08682,1.08701,1.00,2.06
2018.05.15 08:15:20.916,1.08679,1.08701,2.44,1.75
2018.05.15 08:15:20.968,1.08679,1.08703,2.06,1.37
2018.05.15 08:15:24.834,1.08679,1.08702,1.69,2.81
2018.05.15 08:15:24.886,1.08679,1.08703,2.06,1.69
2018.05.15 08:15:25.456,1.08679,1.08703,2.06,1.69
2018.05.15 08:15:34.269,1.08679,1.08703,2.44,2.06
2018.05.15 08:15:34.321,1.08679,1.08703,2.44,2.06
2018.05.15 08:15:34.822,1.08679,1.08703,2.25,1.69
2018.05.15 08:15:35.455,1.0868,1.08703,1.00,2.06
2018.05.15 08:15:36.496,1.08679,1.08702,1.25,1.62
2018.05.15 08:15:37.754,1.08679,1.08704,3.19,3.00
2018.05.15 08:15:38.308,1.08681,1.08704,1.25,1.62
2018.05.15 08:15:43.639,1.08681,1.08705,1.50,2.44
2018.05.15 08:15:44.567,1.08681,1.08703,2.06,1.12
2018.05.15 08:15:45.247,1.08681,1.08705,3.00,2.00
2018.05.15 08:15:46.462,1.08682,1.08705,1.37,1.75
2018.05.15 08:15:46.818,1.08682,1.08704,1.50,2.81
2018.05.15 08:15:46.957,1.08682,1.08705,1.50,2.25
2018.05.15 08:15:49.321,1.08681,1.08703,1.00,1.37
2018.05.15 08:15:49.374,1.08681,1.08703,1.00,2.81
2018.05.15 08:15:49.703,1.08675,1.08697,1.37,2.25
2018.05.15 08:15:50.215,1.08675,1.08697,1.00,3.00
2018.05.15 08:15:50.267,1.08675,1.08697,1.00,1.12
2018.05.15 08:15:53.276,1.08675,1.08697,1.00,1.75
2018.05.15 08:16:13.581,1.08675,1.08698,1.12,3.19
2018.05.15 08:16:17.532,1.08675,1.08696,1.00,2.00
2018.05.15 08:16:18.034,1.08675,1.08696,1.00,2.06
2018.05.15 08:16:19.700,1.08671,1.08696,2.06,2.06
2018.05.15 08:16:20.988,1.08671,1.08696,2.81,2.06
2018.05.15 08:16:21.558,1.08671,1.08697,3.00,3.56
2018.05.15 08:16:22.619,1.08671,1.08696,4.87,1.87
2018.05.15 08:16:23.128,1.08671,1.08696,3.37,1.87
2018.05.15 08:16:23.640,1.08671,1.08696,3.37,2.81
2018.05.15 08:16:33.611,1.08673,1.08694,1.00,2.19
2018.05.15 08:16:33.664,1.08671,1.08694,3.00,4.12
2018.05.15 08:16:33.718,1.08671,1.08695,1.12,1.12
2018.05.15 08:16:34.967,1.08671,1.08695,1.00,1.50
2018.05.15 08:16:35.123,1.08672,1.08695,1.00,3.19
2018.05.15 08:16:35.228,1.08672,1.08695,1.00,1.87
2018.05.15 08:16:35.280,1.08672,1.08693,1.00,1.12
2018.05.15 08:16:35.589,1.08669,1.08681,1.00,1.87
2018.05.15 08:16:35.829,1.08667,1.08679,1.00,1.62
2018.05.15 08:16:35.880,1.08661,1.08679,1.50,1.62
2018.05.15 08:16:35.931,1.08661,1.08683,3.75,1.94
2018.05.15 08:16:38.874,1.08661,1.08682,1.44,1.08
2018.05.15 08:16:39.745,1.08661,1.08683,2.19,1.64
2018.05.15 08:16:40.100,1.08661,1.08681,1.00,1.08
2018.05.15 08:16:40.404,1.0866,1.08683,2.63,1.58
2018.05.15 08:16:40.710,1.08661,1.08684,1.13,1.45
2018.05.15 08:16:40.761,1.08664,1.08684,1.31,1.00
2018.05.15 08:16:40.813,1.08666,1.08686,1.50,2.44
2018.05.15 08:16:41.222,1.08665,1.08686,2.00,1.50
2018.05.15 08:16:41.273,1.08665,1.08686,2.00,1.50
2018.05.15 08:16:42.910,1.08666,1.08687,1.50,1.00
2018.05.15 08:16:43.423,1.08664,1.08687,2.63,1.00
2018.05.15 08:16:43.526,1.08667,1.0869,1.12,1.00
2018.05.15 08:16:43.631,1.08669,1.08693,1.50,2.44
2018.05.15 08:16:43.684,1.08668,1.08693,1.75,2.63
2018.05.15 08:16:44.188,1.08668,1.08692,1.38,1.94
2018.05.15 08:16:45.151,1.08667,1.0869,1.88,1.87
2018.05.15 08:16:45.202,1.08667,1.0869,1.50,1.87
2018.05.15 08:16:45.253,1.08667,1.0869,1.12,2.25
2018.05.15 08:16:46.042,1.08667,1.0869,1.31,2.25
2018.05.15 08:16:46.348,1.08665,1.08688,1.12,2.06
2018.05.15 08:16:48.951,1.08665,1.08688,1.50,2.81
2018.05.15 08:16:50.216,1.08665,1.08687,1.12,1.56
2018.05.15 08:16:50.921,1.08665,1.08687,1.50,1.31
2018.05.15 08:16:53.060,1.08665,1.08687,1.88,1.31
2018.05.15 08:16:53.612,1.08666,1.08688,1.81,1.00
2018.05.15 08:16:53.922,1.08667,1.08691,1.75,2.06
2018.05.15 08:16:54.843,1.08667,1.08691,1.88,1.50
2018.05.15 08:16:55.192,1.08668,1.08692,1.38,2.06
2018.05.15 08:16:56.051,1.08668,1.08692,1.38,2.06
2018.05.15 08:16:56.597,1.08668,1.08692,1.69,2.25
2018.05.15 08:16:57.211,1.08668,1.08692,1.69,2.44
2018.05.15 08:16:57.840,1.08668,1.08692,1.69,2.63
2018.05.15 08:16:58.947,1.08668,1.08691,1.88,1.50
2018.05.15 08:17:00.103,1.08668,1.08691,1.69,1.37
2018.05.15 08:17:00.360,1.08669,1.08691,1.31,1.37
2018.05.15 08:17:00.465,1.08669,1.08691,1.63,1.00
2018.05.15 08:17:00.561,1.0867,1.08691,1.37,1.00
2018.05.15 08:17:00.612,1.0867,1.08693,2.44,1.00
2018.05.15 08:17:00.677,1.08667,1.08691,1.69,1.00
2018.05.15 08:17:00.932,1.08667,1.0869,1.12,1.44
2018.05.15 08:17:01.435,1.08667,1.0869,1.12,2.06
2018.05.15 08:17:01.843,1.08669,1.0869,1.00,2.44
2018.05.15 08:17:02.367,1.08669,1.08692,1.37,3.19
2018.05.15 08:17:04.658,1.08667,1.0869,1.87,1.00
2018.05.15 08:17:05.238,1.08667,1.0869,1.37,1.31
2018.05.15 08:17:05.545,1.08662,1.08683,2.44,1.00
2018.05.15 08:17:06.308,1.08663,1.08684,1.63,1.00
2018.05.15 08:17:06.616,1.08667,1.08684,1.37,1.00
2018.05.15 08:17:06.735,1.08668,1.08689,1.50,1.37
2018.05.15 08:17:06.788,1.08668,1.08692,3.56,1.62
2018.05.15 08:17:07.960,1.08669,1.08692,2.63,1.25
2018.05.15 08:17:08.627,1.08671,1.08692,1.50,1.25
2018.05.15 08:17:09.188,1.08671,1.08691,1.50,1.00
2018.05.15 08:17:09.732,1.08671,1.08692,1.50,1.00
2018.05.15 08:17:10.238,1.08671,1.08691,1.50,1.00
2018.05.15 08:17:11.337,1.08671,1.08692,1.50,1.13
2018.05.15 08:17:11.878,1.08671,1.08691,1.50,1.00
2018.05.15 08:17:12.406,1.08671,1.0869,1.50,1.00
2018.05.15 08:17:12.866,1.08671,1.08692,1.37,1.00
2018.05.15 08:17:13.398,1.08671,1.08691,1.37,1.00
2018.05.15 08:17:14.678,1.08671,1.08691,1.50,1.00
2018.05.15 08:17:15.209,1.08671,1.0869,1.50,1.00
2018.05.15 08:17:15.777,1.08671,1.08691,1.50,1.00
2018.05.15 08:17:16.667,1.08672,1.08694,1.87,1.50
2018.05.15 08:17:16.719,1.08674,1.08694,1.12,1.00
2018.05.15 08:17:16.770,1.08674,1.08694,1.50,1.00
2018.05.15 08:17:16.924,1.08679,1.087,1.12,2.06
2018.05.15 08:17:17.190,1.08677,1.08698,1.00,1.13
2018.05.15 08:17:17.262,1.08674,1.08697,1.12,1.87
2018.05.15 08:17:17.314,1.08678,1.08696,1.00,1.00
2018.05.15 08:17:17.569,1.08674,1.08696,1.87,1.00
2018.05.15 08:17:18.147,1.08673,1.08697,1.87,1.31
2018.05.15 08:17:18.921,1.08673,1.08697,1.37,1.37
2018.05.15 08:17:19.690,1.08673,1.08697,1.37,1.31
2018.05.15 08:17:20.231,1.08673,1.08696,1.87,1.25
2018.05.15 08:17:20.283,1.08673,1.08696,2.25,1.25
2018.05.15 08:17:21.454,1.08673,1.08697,2.25,1.69
2018.05.15 08:17:22.022,1.08673,1.08697,3.00,1.69
2018.05.15 08:17:22.544,1.08673,1.08697,3.00,1.69
2018.05.15 08:17:23.057,1.08673,1.08698,3.00,3.19
2018.05.15 08:17:23.634,1.08673,1.08697,3.00,1.25
2018.05.15 08:17:24.166,1.08673,1.08696,3.00,1.00
2018.05.15 08:17:24.747,1.08673,1.08697,3.00,1.69
2018.05.15 08:17:25.381,1.08673,1.08697,2.25,2.06
2018.05.15 08:17:25.977,1.08673,1.08697,2.44,2.25
2018.05.15 08:17:26.502,1.08673,1.08698,2.63,3.19
2018.05.15 08:17:27.127,1.08673,1.08697,2.44,1.00
2018.05.15 08:17:27.665,1.08673,1.08697,2.19,2.25
2018.05.15 08:17:28.454,1.08673,1.08695,2.81,1.00
2018.05.15 08:17:28.912,1.08673,1.08694,1.37,1.00
2018.05.15 08:17:29.117,1.08673,1.08696,1.37,1.87
2018.05.15 08:17:29.486,1.08673,1.08695,2.81,1.00
2018.05.15 08:17:30.029,1.08673,1.08696,2.81,1.25
2018.05.15 08:17:30.681,1.08674,1.08695,1.37,1.00
2018.05.15 08:17:31.090,1.08674,1.08697,1.37,1.00
2018.05.15 08:17:31.142,1.08673,1.08695,2.81,1.50
2018.05.15 08:17:31.776,1.08673,1.08696,2.25,1.00
2018.05.15 08:17:32.154,1.08673,1.08694,3.56,1.00
2018.05.15 08:17:32.661,1.08673,1.08695,3.37,1.00
2018.05.15 08:17:32.814,1.08675,1.08697,1.37,1.50
2018.05.15 08:17:33.354,1.08675,1.08696,1.37,1.00
2018.05.15 08:17:33.873,1.08675,1.08697,1.00,1.50
2018.05.15 08:17:34.629,1.08674,1.08697,2.06,1.00
2018.05.15 08:17:34.732,1.08676,1.087,2.06,2.81
2018.05.15 08:17:34.784,1.08676,1.087,2.62,1.87
2018.05.15 08:17:35.307,1.08677,1.087,1.00,3.56
2018.05.15 08:17:37.358,1.08676,1.087,3.00,1.13
2018.05.15 08:17:37.412,1.08678,1.087,1.50,1.00
2018.05.15 08:17:37.514,1.08678,1.087,1.00,1.00
2018.05.15 08:17:38.080,1.08678,1.087,1.12,1.62
2018.05.15 08:17:38.244,1.08679,1.08702,1.50,2.44
2018.05.15 08:17:38.851,1.08679,1.08701,1.37,1.50
2018.05.15 08:17:39.382,1.08679,1.08701,1.37,2.06
2018.05.15 08:17:39.894,1.08679,1.08701,1.00,1.87
2018.05.15 08:17:40.203,1.08679,1.087,1.00,1.44
2018.05.15 08:17:41.094,1.08679,1.087,1.00,1.00
2018.05.15 08:17:43.272,1.08679,1.087,1.00,1.19
2018.05.15 08:17:43.868,1.08678,1.08699,1.12,1.12
2018.05.15 08:17:46.939,1.08676,1.087,3.00,1.87
2018.05.15 08:17:47.497,1.08676,1.08699,2.25,1.00
2018.05.15 08:17:48.179,1.08677,1.087,1.37,1.25
2018.05.15 08:17:48.726,1.08677,1.08699,1.37,1.13
2018.05.15 08:17:50.070,1.08677,1.08699,1.12,1.00
2018.05.15 08:17:50.279,1.08674,1.08696,1.37,1.12
2018.05.15 08:17:50.487,1.08678,1.087,1.00,2.81
2018.05.15 08:17:50.797,1.08678,1.08701,1.87,2.25
2018.05.15 08:17:51.316,1.08678,1.087,1.87,2.06
2018.05.15 08:17:52.026,1.08678,1.087,2.25,1.25
2018.05.15 08:17:52.528,1.08678,1.087,2.25,1.44
2018.05.15 08:17:53.071,1.08679,1.08701,1.37,1.69
2018.05.15 08:17:53.625,1.08679,1.08701,1.12,2.81
2018.05.15 08:17:54.267,1.08679,1.08701,1.12,1.13
2018.05.15 08:17:54.802,1.08678,1.08701,3.38,1.38
2018.05.15 08:17:55.470,1.08678,1.08701,2.62,1.88
2018.05.15 08:17:56.078,1.08678,1.08701,3.19,2.06
2018.05.15 08:17:56.665,1.08678,1.08701,1.87,1.13
2018.05.15 08:17:57.195,1.08678,1.08701,2.81,2.06
2018.05.15 08:17:57.790,1.08678,1.08701,1.75,1.13
2018.05.15 08:17:58.322,1.08678,1.08701,3.19,2.06
2018.05.15 08:17:59.496,1.08678,1.087,3.56,1.38
2018.05.15 08:17:59.956,1.08678,1.08701,2.62,2.63
2018.05.15 08:18:00.535,1.08681,1.08702,1.87,1.25
2018.05.15 08:18:01.230,1.08681,1.08703,1.50,1.88
2018.05.15 08:18:01.792,1.08681,1.08703,2.06,1.63
2018.05.15 08:18:02.300,1.08681,1.08702,1.69,2.06
2018.05.15 08:18:03.997,1.08679,1.08702,2.44,2.06
2018.05.15 08:18:04.510,1.0868,1.08702,2.06,2.06
2018.05.15 08:18:05.028,1.08679,1.08702,2.44,2.06
2018.05.15 08:18:05.570,1.0868,1.08701,1.87,1.13
2018.05.15 08:18:07.790,1.0868,1.08702,2.44,2.06
2018.05.15 08:18:07.980,1.08679,1.087,1.69,1.50
2018.05.15 08:18:08.083,1.08679,1.08698,1.00,1.00
2018.05.15 08:18:08.628,1.08677,1.08699,1.63,1.00
2018.05.15 08:18:09.130,1.08677,1.08698,1.00,1.31
2018.05.15 08:18:09.670,1.08677,1.08698,1.00,2.25
2018.05.15 08:18:10.228,1.08677,1.08697,1.00,1.50
2018.05.15 08:18:10.748,1.08677,1.08697,1.00,1.25
2018.05.15 08:18:11.275,1.08677,1.08698,1.00,2.06
2018.05.15 08:18:12.007,1.08676,1.087,1.37,1.37
2018.05.15 08:18:12.109,1.08676,1.08701,1.50,3.19
2018.05.15 08:18:12.833,1.08676,1.08699,2.06,1.25
2018.05.15 08:18:13.410,1.08676,1.08699,1.37,1.00
2018.05.15 08:18:14.167,1.08676,1.08699,1.50,3.00
2018.05.15 08:18:16.406,1.08676,1.08698,1.50,2.25
2018.05.15 08:18:19.098,1.08678,1.08699,1.00,1.25
2018.05.15 08:18:19.151,1.08675,1.087,1.12,2.63
2018.05.15 08:18:19.203,1.08675,1.08698,2.62,1.50
2018.05.15 08:18:19.512,1.08676,1.08695,1.00,1.00
2018.05.15 08:18:19.616,1.08675,1.08698,1.75,1.69
2018.05.15 08:18:19.733,1.08675,1.08697,1.50,1.00
2018.05.15 08:18:19.786,1.08677,1.08697,1.31,1.00
2018.05.15 08:18:20.203,1.08675,1.08697,1.50,1.00
2018.05.15 08:18:20.256,1.08677,1.08698,1.37,1.00
2018.05.15 08:18:20.564,1.08677,1.087,1.87,1.69
2018.05.15 08:18:21.132,1.08677,1.08699,1.87,1.00
2018.05.15 08:18:21.637,1.08678,1.08701,1.56,2.44
2018.05.15 08:18:24.665,1.08677,1.08701,2.44,1.31
2018.05.15 08:18:24.768,1.08677,1.08699,1.87,1.00
2018.05.15 08:18:25.078,1.08678,1.08698,2.06,1.00
2018.05.15 08:18:25.248,1.08678,1.087,2.63,1.25
2018.05.15 08:18:25.859,1.08678,1.08699,2.63,1.00
2018.05.15 08:18:26.615,1.08678,1.08698,2.25,1.00
2018.05.15 08:18:27.154,1.08677,1.08699,4.13,1.00
2018.05.15 08:18:27.667,1.08678,1.08701,2.00,2.62
2018.05.15 08:18:28.125,1.08677,1.087,2.06,1.87
2018.05.15 08:18:28.177,1.08674,1.08694,1.81,1.00
2018.05.15 08:18:28.486,1.08673,1.08695,1.00,1.50
2018.05.15 08:18:28.590,1.08676,1.08697,1.31,1.00
2018.05.15 08:18:28.852,1.08681,1.08703,1.12,1.88
2018.05.15 08:18:29.388,1.08681,1.08703,1.37,2.06
2018.05.15 08:18:30.037,1.08681,1.08703,1.37,2.06
2018.05.15 08:18:30.618,1.08681,1.08703,1.37,2.06
2018.05.15 08:18:31.227,1.08681,1.08702,1.37,2.06
2018.05.15 08:18:31.752,1.08681,1.08702,1.37,1.13
2018.05.15 08:18:32.271,1.08681,1.08703,1.37,1.63
2018.05.15 08:18:35.068,1.08681,1.08703,1.37,1.31
2018.05.15 08:18:36.457,1.08681,1.08703,1.37,2.44
2018.05.15 08:18:38.160,1.08681,1.08703,1.50,1.88
2018.05.15 08:18:39.119,1.08681,1.08704,1.50,3.00
2018.05.15 08:18:39.700,1.08681,1.08703,1.50,1.38
2018.05.15 08:18:40.433,1.08681,1.08704,3.00,3.75
2018.05.15 08:18:40.771,1.08681,1.08704,3.19,3.38
2018.05.15 08:18:41.396,1.08681,1.08703,2.25,1.13
2018.05.15 08:18:41.932,1.08681,1.08702,3.00,1.13
2018.05.15 08:18:42.734,1.08681,1.08703,1.50,1.13
2018.05.15 08:18:43.486,1.08681,1.08702,2.62,1.13
2018.05.15 08:18:44.484,1.08681,1.08703,1.50,1.13
2018.05.15 08:18:45.006,1.08681,1.08704,1.50,1.56
2018.05.15 08:18:46.106,1.08683,1.08704,1.00,1.44
2018.05.15 08:18:46.696,1.08683,1.08702,1.00,1.13
2018.05.15 08:18:47.203,1.08683,1.08703,1.00,1.13
2018.05.15 08:18:47.674,1.0868,1.08703,1.50,2.25
2018.05.15 08:18:48.265,1.0868,1.08702,2.81,1.13
2018.05.15 08:18:48.777,1.08684,1.08702,1.00,1.25
2018.05.15 08:18:49.281,1.08681,1.08701,1.37,1.00
2018.05.15 08:18:49.751,1.08683,1.08703,1.00,1.13
2018.05.15 08:18:50.269,1.08682,1.08704,1.12,1.69
2018.05.15 08:18:50.786,1.08682,1.08703,1.12,1.13
2018.05.15 08:18:51.125,1.08682,1.08703,1.87,1.19
2018.05.15 08:18:51.445,1.08683,1.08706,1.12,2.81
2018.05.15 08:18:51.701,1.08683,1.08705,1.37,2.44
2018.05.15 08:18:51.752,1.08683,1.08705,1.37,1.38
2018.05.15 08:18:52.456,1.08683,1.08704,1.87,1.63
2018.05.15 08:18:52.815,1.08683,1.08705,1.87,1.88
2018.05.15 08:18:52.952,1.08683,1.08705,1.87,1.63
2018.05.15 08:18:53.548,1.08683,1.08703,1.50,1.13
2018.05.15 08:18:54.122,1.08683,1.08703,1.50,1.38
2018.05.15 08:18:54.327,1.08683,1.08706,1.50,2.25
2018.05.15 08:18:54.839,1.08683,1.08704,2.62,1.38
2018.05.15 08:18:55.372,1.08683,1.08705,1.87,1.38
2018.05.15 08:18:55.879,1.08683,1.08705,2.25,1.63
2018.05.15 08:18:56.532,1.08683,1.08704,2.25,1.13
2018.05.15 08:18:57.066,1.08683,1.08704,2.62,1.38
2018.05.15 08:18:57.580,1.08683,1.08704,2.25,1.00
2018.05.15 08:19:00.101,1.08683,1.08703,2.62,1.00
2018.05.15 08:19:00.750,1.08683,1.08703,2.62,1.13
2018.05.15 08:19:02.151,1.08682,1.08704,1.50,1.56
2018.05.15 08:19:02.655,1.08683,1.08704,1.37,1.31
2018.05.15 08:19:03.327,1.08682,1.08704,1.50,2.25
2018.05.15 08:19:03.870,1.08683,1.08704,1.37,1.69
2018.05.15 08:19:04.130,1.08682,1.08704,1.50,2.44
2018.05.15 08:19:04.685,1.08683,1.08704,1.37,1.69
2018.05.15 08:19:05.128,1.0868,1.08702,1.00,1.38
2018.05.15 08:19:05.180,1.08677,1.08701,1.87,1.37
2018.05.15 08:19:05.490,1.08685,1.08707,1.37,1.00
2018.05.15 08:19:05.833,1.08682,1.08706,3.37,1.63
2018.05.15 08:19:06.384,1.08684,1.08704,1.50,1.00
2018.05.15 08:19:06.836,1.08688,1.08704,1.00,1.00
2018.05.15 08:19:06.939,1.08684,1.08704,1.50,1.00
2018.05.15 08:19:07.486,1.08684,1.08705,1.50,1.31
2018.05.15 08:19:08.023,1.08684,1.08704,1.50,1.00
2018.05.15 08:19:08.471,1.08684,1.08707,1.87,1.31
2018.05.15 08:19:08.808,1.08684,1.08709,1.87,2.06
2018.05.15 08:19:09.250,1.08684,1.08709,1.87,2.25
2018.05.15 08:19:09.561,1.08684,1.08705,1.12,1.25
2018.05.15 08:19:10.146,1.08683,1.08705,2.25,1.25
2018.05.15 08:19:10.715,1.08683,1.08706,1.50,3.56
2018.05.15 08:19:11.220,1.08683,1.08706,2.25,2.81
2018.05.15 08:19:11.554,1.08683,1.08701,1.00,1.00
2018.05.15 08:19:11.605,1.0868,1.08701,1.12,1.00
2018.05.15 08:19:12.539,1.0868,1.08701,1.50,1.00
2018.05.15 08:19:13.207,1.0868,1.08702,1.37,1.31
2018.05.15 08:19:14.297,1.0868,1.08702,1.00,1.37
2018.05.15 08:19:14.553,1.0868,1.08703,1.12,1.31
2018.05.15 08:19:14.785,1.08682,1.08703,1.00,1.69
2018.05.15 08:19:15.095,1.08685,1.08706,1.50,1.38
2018.05.15 08:19:15.660,1.08685,1.08703,1.00,1.00
2018.05.15 08:19:16.168,1.08683,1.08705,1.87,1.31
2018.05.15 08:19:16.220,1.08683,1.08704,2.62,1.44
2018.05.15 08:19:16.767,1.08683,1.08705,1.37,1.56
2018.05.15 08:19:17.362,1.08683,1.08704,1.37,1.63
2018.05.15 08:19:17.876,1.08684,1.08707,1.69,3.19
2018.05.15 08:19:18.124,1.08684,1.08707,1.69,3.00
2018.05.15 08:19:18.228,1.08685,1.08708,1.12,1.69
2018.05.15 08:19:18.382,1.08685,1.08706,1.12,1.00
2018.05.15 08:19:19.267,1.08685,1.08707,1.12,1.25
2018.05.15 08:19:21.681,1.08685,1.08707,3.00,1.13
2018.05.15 08:19:22.190,1.08687,1.08708,1.00,1.00
2018.05.15 08:19:23.044,1.08686,1.08709,3.00,1.44
2018.05.15 08:19:23.584,1.08686,1.08709,2.62,1.25
2018.05.15 08:19:24.141,1.08686,1.08709,3.19,1.31
2018.05.15 08:19:24.707,1.08686,1.08709,2.62,1.25
2018.05.15 08:19:25.320,1.08686,1.08709,2.81,1.44
2018.05.15 08:19:25.831,1.08688,1.08709,1.12,1.88
2018.05.15 08:19:27.039,1.08686,1.08709,3.37,1.44
2018.05.15 08:19:27.586,1.08688,1.08711,1.12,1.69
2018.05.15 08:19:28.091,1.08688,1.0871,1.00,2.44
2018.05.15 08:19:28.598,1.08688,1.0871,1.00,1.81
2018.05.15 08:19:28.751,1.08689,1.08712,1.12,1.87
2018.05.15 08:19:28.802,1.0869,1.08712,2.06,1.50
2018.05.15 08:19:28.955,1.08688,1.08712,1.87,2.44
2018.05.15 08:19:29.648,1.08688,1.08711,1.87,1.13
2018.05.15 08:19:30.162,1.08688,1.0871,1.87,1.13
2018.05.15 08:19:32.136,1.08689,1.08711,1.37,1.31
2018.05.15 08:19:32.730,1.08689,1.08713,1.75,1.50
2018.05.15 08:19:33.044,1.08688,1.08713,3.00,1.75
2018.05.15 08:19:33.694,1.08689,1.0871,1.12,1.00
2018.05.15 08:19:34.204,1.08689,1.08711,1.12,1.12
2018.05.15 08:19:34.308,1.08689,1.08714,1.87,2.63
2018.05.15 08:19:35.174,1.0869,1.08714,1.50,2.00
2018.05.15 08:19:37.799,1.0869,1.08712,1.50,1.13
2018.05.15 08:19:38.964,1.08694,1.08715,1.12,2.63
2018.05.15 08:19:39.294,1.08693,1.08713,1.87,1.00
2018.05.15 08:19:40.055,1.08692,1.08714,3.75,1.00
2018.05.15 08:19:40.818,1.08694,1.08715,1.12,2.44
2018.05.15 08:19:41.470,1.08694,1.08715,1.12,2.63
2018.05.15 08:19:41.573,1.08692,1.08715,2.25,2.06
2018.05.15 08:19:41.625,1.08692,1.08709,1.00,1.00
2018.05.15 08:19:41.677,1.08687,1.08709,3.75,1.38
2018.05.15 08:19:42.044,1.08688,1.0871,1.37,1.12
2018.05.15 08:19:42.146,1.08687,1.08712,2.25,2.63
2018.05.15 08:19:43.498,1.08687,1.08711,2.25,2.44
2018.05.15 08:19:44.055,1.08689,1.08712,1.12,1.93
2018.05.15 08:19:44.621,1.08689,1.08711,1.12,1.38
2018.05.15 08:19:45.028,1.08689,1.08712,1.12,1.69
2018.05.15 08:19:45.181,1.08688,1.08712,1.62,2.25
2018.05.15 08:19:45.283,1.08689,1.08712,1.12,2.44
2018.05.15 08:19:45.792,1.08689,1.08711,1.12,1.38
2018.05.15 08:19:46.127,1.08687,1.08706,1.00,1.00
2018.05.15 08:19:46.384,1.08686,1.08707,1.87,1.13
2018.05.15 08:19:46.698,1.08686,1.08708,1.00,1.69
2018.05.15 08:19:47.095,1.08686,1.08708,1.00,1.00
2018.05.15 08:19:47.623,1.08686,1.08709,2.25,3.19
2018.05.15 08:19:47.769,1.08686,1.08709,2.25,1.38
2018.05.15 08:19:48.076,1.08686,1.08709,2.62,2.00
2018.05.15 08:19:48.229,1.08686,1.0871,1.75,1.13
2018.05.15 08:19:48.416,1.08686,1.08711,2.25,1.31
2018.05.15 08:19:48.469,1.08686,1.08711,3.56,2.44
2018.05.15 08:19:49.688,1.08687,1.08709,2.25,1.38
2018.05.15 08:19:50.202,1.08687,1.08709,1.75,1.63
2018.05.15 08:19:51.149,1.08687,1.08709,1.75,1.38
2018.05.15 08:19:51.683,1.08688,1.0871,2.62,1.63
2018.05.15 08:19:52.194,1.08689,1.0871,1.50,1.38
2018.05.15 08:19:52.348,1.08689,1.08711,1.00,1.13
2018.05.15 08:19:52.429,1.08688,1.08711,1.87,1.13
2018.05.15 08:19:52.533,1.08684,1.08706,1.12,1.00
2018.05.15 08:19:52.637,1.08682,1.08706,2.62,2.00
2018.05.15 08:19:52.690,1.08683,1.08706,1.00,2.44
2018.05.15 08:19:53.001,1.08679,1.08702,2.44,1.25
2018.05.15 08:19:53.571,1.0868,1.08701,2.62,1.00
2018.05.15 08:19:54.113,1.08683,1.08703,1.87,1.88
2018.05.15 08:19:54.217,1.08682,1.08704,1.87,1.44
2018.05.15 08:19:54.823,1.08681,1.08704,3.00,1.25
2018.05.15 08:19:55.667,1.08682,1.08704,1.87,1.38
2018.05.15 08:19:56.510,1.08683,1.08704,1.37,1.63
2018.05.15 08:19:56.613,1.08681,1.08704,2.25,1.25
2018.05.15 08:19:56.865,1.08681,1.08702,2.62,1.00
2018.05.15 08:19:56.969,1.08681,1.08703,1.50,2.25
2018.05.15 08:19:57.076,1.08681,1.08701,1.00,1.38
2018.05.15 08:19:57.186,1.08681,1.08702,1.37,1.19
2018.05.15 08:19:57.239,1.08681,1.08703,1.37,1.31
2018.05.15 08:19:57.343,1.08678,1.08703,1.87,1.31
2018.05.15 08:19:57.395,1.08679,1.08703,1.75,1.31
2018.05.15 08:19:57.446,1.08679,1.08703,1.37,2.06
2018.05.15 08:19:57.600,1.08682,1.08703,1.75,1.19
2018.05.15 08:19:57.906,1.08682,1.08705,1.75,2.44
2018.05.15 08:19:58.060,1.08682,1.08705,1.12,1.87
2018.05.15 08:19:58.390,1.08678,1.08701,1.37,1.13
2018.05.15 08:19:58.697,1.08678,1.08702,2.00,2.44
2018.05.15 08:19:59.002,1.08677,1.08702,1.69,1.50
2018.05.15 08:19:59.540,1.0868,1.08703,1.00,4.13
2018.05.15 08:19:59.643,1.08679,1.08703,1.12,2.63
2018.05.15 08:20:00.011,1.08679,1.08701,1.12,1.69
2018.05.15 08:20:00.627,1.08679,1.08702,1.12,2.81
2018.05.15 08:20:00.781,1.08678,1.08702,1.12,1.94
2018.05.15 08:20:01.209,1.08678,1.08702,1.12,1.94
2018.05.15 08:20:01.472,1.08678,1.08701,1.12,1.69
2018.05.15 08:20:01.938,1.08679,1.08701,1.00,2.44
2018.05.15 08:20:02.452,1.08677,1.08702,1.37,2.44
2018.05.15 08:20:02.503,1.08677,1.08702,1.37,2.44
2018.05.15 08:20:02.934,1.08677,1.08701,1.37,2.44
2018.05.15 08:20:02.988,1.08676,1.087,2.25,1.63
2018.05.15 08:20:03.403,1.08676,1.08701,2.25,2.06
2018.05.15 08:20:03.895,1.08676,1.08699,2.25,1.00
2018.05.15 08:20:03.998,1.08677,1.08701,1.37,4.13
2018.05.15 08:20:04.538,1.08676,1.087,1.50,2.00
2018.05.15 08:20:05.050,1.08675,1.087,2.00,2.44
2018.05.15 08:20:05.595,1.08675,1.087,2.44,1.94
2018.05.15 08:20:05.749,1.08675,1.087,1.75,2.44
2018.05.15 08:20:06.276,1.08675,1.08699,2.25,1.50
2018.05.15 08:20:06.858,1.08676,1.087,2.25,1.75
2018.05.15 08:20:07.390,1.08677,1.087,1.37,2.06
2018.05.15 08:20:07.595,1.08676,1.087,1.50,1.44
2018.05.15 08:20:07.698,1.08677,1.087,1.37,1.63
2018.05.15 08:20:07.749,1.08676,1.087,1.50,1.44
2018.05.15 08:20:07.801,1.08676,1.087,1.12,2.44
2018.05.15 08:20:08.062,1.08676,1.087,1.12,1.69
2018.05.15 08:20:08.462,1.08674,1.08696,1.00,1.31
2018.05.15 08:20:09.055,1.08673,1.08698,1.12,2.06
2018.05.15 08:20:09.263,1.08675,1.08698,1.00,1.13
2018.05.15 08:20:09.572,1.08675,1.08698,1.00,1.13
2018.05.15 08:20:10.004,1.08674,1.08699,1.12,2.44
2018.05.15 08:20:10.056,1.08674,1.08699,1.12,2.44
2018.05.15 08:20:10.335,1.08675,1.08699,1.00,2.44
2018.05.15 08:20:10.540,1.08674,1.08697,1.12,1.13
2018.05.15 08:20:11.049,1.08674,1.08697,1.12,1.13
2018.05.15 08:20:11.569,1.08676,1.08698,1.00,3.38
2018.05.15 08:20:12.136,1.08675,1.08698,1.00,2.06
2018.05.15 08:20:12.644,1.08675,1.08697,1.00,1.00
2018.05.15 08:20:12.979,1.08673,1.08698,1.37,2.00
2018.05.15 08:20:13.140,1.08673,1.08697,1.37,1.00
2018.05.15 08:20:13.347,1.08673,1.08698,1.50,2.44
2018.05.15 08:20:13.627,1.08671,1.08696,1.87,2.06
2018.05.15 08:20:13.679,1.0867,1.08693,1.25,1.13
2018.05.15 08:20:14.007,1.08669,1.08688,1.00,1.00
2018.05.15 08:20:14.315,1.08667,1.08688,1.00,1.00
2018.05.15 08:20:14.589,1.0867,1.0869,1.00,1.38
2018.05.15 08:20:14.640,1.08667,1.08691,1.12,1.88
2018.05.15 08:20:14.692,1.08669,1.08691,1.00,2.63
2018.05.15 08:20:14.795,1.08667,1.08691,1.12,1.88
2018.05.15 08:20:15.865,1.08668,1.0869,1.00,1.69
2018.05.15 08:20:16.435,1.08669,1.0869,1.00,1.69
2018.05.15 08:20:17.125,1.08668,1.08691,1.00,2.63
2018.05.15 08:20:18.058,1.08669,1.0869,1.00,1.50
2018.05.15 08:20:18.264,1.08669,1.08693,1.56,1.25
2018.05.15 08:20:18.368,1.08671,1.08696,3.00,1.50
2018.05.15 08:20:18.676,1.08674,1.08697,1.12,1.75
2018.05.15 08:20:19.216,1.08673,1.08697,1.37,2.00
2018.05.15 08:20:19.345,1.08673,1.08697,1.37,1.75
2018.05.15 08:20:19.877,1.08673,1.08697,1.37,1.69
2018.05.15 08:20:20.470,1.08673,1.08697,1.87,2.25
2018.05.15 08:20:21.045,1.08673,1.08696,1.87,1.00
2018.05.15 08:20:21.570,1.08674,1.08697,1.87,1.63
2018.05.15 08:20:22.207,1.08674,1.08696,1.12,1.13
2018.05.15 08:20:22.362,1.08674,1.08696,2.25,2.06
2018.05.15 08:20:22.773,1.08673,1.08696,1.12,2.06
2018.05.15 08:20:22.933,1.08671,1.08691,1.00,1.00
2018.05.15 08:20:23.241,1.08672,1.08691,1.50,1.00
2018.05.15 08:20:23.395,1.08672,1.08694,1.50,1.19
2018.05.15 08:20:24.289,1.08673,1.08696,1.37,1.38
2018.05.15 08:20:24.544,1.08673,1.08697,1.37,1.25
2018.05.15 08:20:24.676,1.08673,1.08697,1.37,1.56
2018.05.15 08:20:25.220,1.08673,1.08697,1.87,1.38
2018.05.15 08:20:25.486,1.08673,1.08697,1.87,1.25
2018.05.15 08:20:25.589,1.08673,1.08697,1.87,1.56
2018.05.15 08:20:25.846,1.08677,1.08699,1.12,1.00
2018.05.15 08:20:26.004,1.08677,1.08699,1.12,1.63
2018.05.15 08:20:26.415,1.08677,1.08699,1.50,1.88
2018.05.15 08:20:26.941,1.08677,1.08699,1.50,1.63
2018.05.15 08:20:27.532,1.08677,1.08699,1.50,1.38
2018.05.15 08:20:27.972,1.08677,1.08699,1.87,1.38
2018.05.15 08:20:28.024,1.08677,1.08702,2.06,1.12
2018.05.15 08:20:28.076,1.08677,1.08698,1.00,1.13
2018.05.15 08:20:28.128,1.08675,1.08696,1.00,1.00
2018.05.15 08:20:28.180,1.08675,1.087,2.44,1.25
2018.05.15 08:20:28.335,1.08676,1.08701,1.75,1.25
2018.05.15 08:20:28.438,1.08679,1.08704,1.12,1.63
2018.05.15 08:20:28.722,1.08681,1.08705,1.12,2.44
2018.05.15 08:20:28.774,1.08682,1.08705,1.00,1.87
2018.05.15 08:20:28.826,1.08682,1.08702,1.00,1.00
2018.05.15 08:20:29.139,1.08684,1.08705,1.75,3.56
2018.05.15 08:20:29.293,1.0868,1.08704,1.50,3.56
2018.05.15 08:20:29.859,1.08679,1.08704,3.00,3.19
2018.05.15 08:20:29.962,1.08679,1.08702,1.87,2.06
2018.05.15 08:20:30.150,1.08678,1.08701,1.00,1.50
2018.05.15 08:20:30.710,1.08679,1.08703,1.75,1.25
2018.05.15 08:20:30.762,1.08679,1.08704,3.00,3.94
2018.05.15 08:20:30.967,1.0868,1.08704,1.75,1.00
2018.05.15 08:20:31.019,1.0868,1.08704,1.75,1.38
2018.05.15 08:20:31.224,1.0868,1.08704,1.50,1.12
2018.05.15 08:20:31.275,1.08684,1.08704,1.12,1.44
2018.05.15 08:20:31.431,1.0868,1.08704,1.37,1.37
2018.05.15 08:20:31.759,1.08679,1.08701,1.87,1.00
2018.05.15 08:20:32.272,1.08678,1.08701,1.87,2.25
2018.05.15 08:20:33.298,1.08682,1.08705,2.25,2.06
2018.05.15 08:20:33.452,1.08682,1.08704,1.12,1.38
2018.05.15 08:20:33.503,1.08681,1.08704,1.87,1.38
2018.05.15 08:20:33.640,1.08683,1.08706,1.75,3.38
2018.05.15 08:20:33.743,1.08681,1.08706,1.37,1.87
2018.05.15 08:20:33.847,1.08681,1.08706,1.75,3.00
2018.05.15 08:20:33.899,1.08681,1.08706,2.25,3.19
2018.05.15 08:20:33.954,1.08681,1.08705,4.12,1.56
2018.05.15 08:20:34.006,1.08681,1.08706,2.25,1.50
2018.05.15 08:20:34.057,1.08681,1.08706,3.75,3.00
2018.05.15 08:20:34.590,1.08681,1.08706,1.75,2.44
2018.05.15 08:20:35.105,1.08682,1.08706,1.12,2.81
2018.05.15 08:20:35.654,1.08683,1.08706,1.87,1.81
2018.05.15 08:20:36.189,1.08683,1.08706,1.50,1.56
2018.05.15 08:20:36.719,1.08681,1.08704,2.25,1.13
2018.05.15 08:20:37.014,1.08678,1.08702,1.00,1.13
2018.05.15 08:20:37.066,1.08678,1.08699,1.00,1.81
2018.05.15 08:20:37.580,1.08676,1.08699,1.37,1.88
2018.05.15 08:20:38.110,1.08676,1.08699,2.62,1.38
2018.05.15 08:20:38.616,1.08678,1.08699,1.00,1.38
2018.05.15 08:20:39.160,1.08676,1.08699,1.37,1.13
2018.05.15 08:20:39.487,1.08679,1.08699,1.00,1.38
2018.05.15 08:20:40.003,1.08678,1.08699,1.00,1.38
2018.05.15 08:20:40.563,1.08677,1.08699,1.87,1.13
2018.05.15 08:20:41.094,1.08678,1.08699,1.00,1.13
2018.05.15 08:20:41.608,1.08677,1.08698,1.12,1.13
2018.05.15 08:20:42.110,1.08678,1.08698,1.00,1.38
2018.05.15 08:20:42.565,1.08681,1.08698,1.00,1.00
2018.05.15 08:20:42.773,1.08679,1.08698,1.00,1.13
2018.05.15 08:20:43.734,1.08679,1.08701,1.00,1.75
2018.05.15 08:20:44.298,1.08679,1.08701,1.00,2.00
2018.05.15 08:20:44.680,1.08678,1.08702,1.00,2.62
2018.05.15 08:20:44.732,1.08679,1.08701,1.00,2.44
2018.05.15 08:20:45.247,1.08678,1.08701,1.00,2.00
2018.05.15 08:20:45.595,1.08679,1.08701,1.00,1.37
2018.05.15 08:20:45.646,1.08681,1.087,1.00,1.50
2018.05.15 08:20:45.907,1.0868,1.087,1.00,1.50
2018.05.15 08:20:46.440,1.08681,1.087,1.00,2.25
2018.05.15 08:20:46.926,1.08681,1.087,1.00,2.44
2018.05.15 08:20:47.388,1.08683,1.087,1.00,1.38
2018.05.15 08:20:47.440,1.08683,1.08702,1.00,1.69
2018.05.15 08:20:47.594,1.08683,1.08702,1.00,1.31
2018.05.15 08:20:47.646,1.08683,1.08702,1.00,1.50
2018.05.15 08:20:48.099,1.08682,1.08702,1.00,1.50
2018.05.15 08:20:48.229,1.08682,1.08702,1.00,1.50
2018.05.15 08:20:48.738,1.08683,1.08702,1.00,2.25
2018.05.15 08:20:48.841,1.08683,1.08702,1.00,1.50
2018.05.15 08:20:49.262,1.08682,1.08702,1.00,1.50
2018.05.15 08:20:49.386,1.08683,1.08702,1.00,1.50
2018.05.15 08:20:49.654,1.08679,1.08702,3.19,1.00
2018.05.15 08:20:49.707,1.08681,1.08705,1.50,1.44
2018.05.15 08:20:49.864,1.08682,1.08706,1.37,1.50
2018.05.15 08:20:50.375,1.08682,1.08705,1.37,1.31
2018.05.15 08:20:50.774,1.08684,1.08705,1.37,1.13
2018.05.15 08:20:51.082,1.08685,1.08707,1.50,1.63
2018.05.15 08:20:51.630,1.08685,1.08706,1.75,2.06
2018.05.15 08:20:51.888,1.08682,1.08702,1.00,1.19
2018.05.15 08:20:51.940,1.08681,1.08703,1.00,3.00
2018.05.15 08:20:51.991,1.0868,1.08703,1.50,1.69
2018.05.15 08:20:52.043,1.08683,1.08705,1.00,3.38
2018.05.15 08:20:52.365,1.08679,1.08703,1.87,3.56
2018.05.15 08:20:52.938,1.08677,1.08702,2.25,2.44
2018.05.15 08:20:53.144,1.08677,1.08702,3.75,2.81
2018.05.15 08:20:53.399,1.08675,1.08701,2.44,2.44
2018.05.15 08:20:53.926,1.08676,1.08699,1.12,1.69
2018.05.15 08:20:54.131,1.08677,1.08699,1.00,1.69
2018.05.15 08:20:54.386,1.08674,1.08696,1.12,1.00
2018.05.15 08:20:54.937,1.08673,1.08698,1.37,2.06
2018.05.15 08:20:57.876,1.08676,1.08697,1.00,1.12
2018.05.15 08:20:58.084,1.08674,1.08697,1.12,1.12
2018.05.15 08:21:00.764,1.08673,1.08697,1.37,2.25
2018.05.15 08:21:01.329,1.08673,1.08697,1.37,2.06
2018.05.15 08:21:01.877,1.08674,1.08697,1.12,3.00
2018.05.15 08:21:02.237,1.08672,1.08696,2.62,1.44
2018.05.15 08:21:02.289,1.08671,1.08696,3.56,1.44
2018.05.15 08:21:02.824,1.08671,1.08696,4.12,1.25
2018.05.15 08:21:03.376,1.08671,1.08696,2.25,1.31
2018.05.15 08:21:03.970,1.08671,1.08696,3.00,1.50
2018.05.15 08:21:04.515,1.08672,1.08696,1.37,1.12
2018.05.15 08:21:05.348,1.08672,1.08698,1.75,1.12
2018.05.15 08:21:08.430,1.08673,1.08696,3.37,1.00
2018.05.15 08:21:08.784,1.08673,1.08696,1.87,1.00
2018.05.15 08:21:09.439,1.08673,1.08695,1.87,1.00
2018.05.15 08:21:10.417,1.08673,1.08696,1.37,2.25
2018.05.15 08:21:11.007,1.08673,1.08695,1.87,1.00
2018.05.15 08:21:11.586,1.08673,1.08695,1.12,1.00
2018.05.15 08:21:11.638,1.08672,1.08692,1.37,1.00
2018.05.15 08:21:11.741,1.08669,1.08689,1.00,1.12
2018.05.15 08:21:11.876,1.08669,1.08689,1.00,1.50
2018.05.15 08:21:12.391,1.08668,1.08689,1.00,1.50
2018.05.15 08:21:13.369,1.08669,1.08687,1.00,1.12
2018.05.15 08:21:13.422,1.08666,1.08688,1.37,1.00
2018.05.15 08:21:13.475,1.08667,1.08687,1.50,1.00
2018.05.15 08:21:13.580,1.08667,1.08689,1.50,1.00
2018.05.15 08:21:13.632,1.08669,1.08692,1.37,2.62
2018.05.15 08:21:16.612,1.08669,1.08692,1.50,1.87
2018.05.15 08:21:17.939,1.08668,1.08692,1.00,2.25
2018.05.15 08:21:18.535,1.08669,1.08688,1.12,1.00
2018.05.15 08:21:18.587,1.08669,1.08691,1.12,1.62
2018.05.15 08:21:19.414,1.08668,1.08692,1.12,1.69
2018.05.15 08:21:19.931,1.08669,1.08693,1.00,3.19
2018.05.15 08:21:21.608,1.08667,1.08692,1.87,1.50
2018.05.15 08:21:23.912,1.08669,1.08692,1.12,1.12
2018.05.15 08:21:23.964,1.08672,1.08692,1.00,3.75
2018.05.15 08:21:24.103,1.08673,1.08692,1.00,1.00
2018.05.15 08:21:24.154,1.08673,1.08695,1.00,2.25
2018.05.15 08:21:24.256,1.0867,1.08691,1.00,1.50
2018.05.15 08:21:24.809,1.0867,1.0869,1.12,1.00
2018.05.15 08:21:25.123,1.08667,1.0869,3.00,1.87
2018.05.15 08:21:26.428,1.08667,1.0869,1.25,1.50
2018.05.15 08:21:27.353,1.08666,1.0869,1.31,1.37
2018.05.15 08:21:27.936,1.08666,1.0869,2.63,1.50
2018.05.15 08:21:31.048,1.08668,1.0869,2.62,1.00
2018.05.15 08:21:31.099,1.08669,1.08692,1.69,1.00
2018.05.15 08:21:31.357,1.08669,1.08692,1.37,1.50
2018.05.15 08:21:31.628,1.08669,1.08692,1.37,1.31
2018.05.15 08:21:31.782,1.08669,1.08694,1.37,2.63
2018.05.15 08:21:32.039,1.08668,1.08693,1.50,1.81
2018.05.15 08:21:32.142,1.08668,1.08693,1.87,1.75
2018.05.15 08:21:32.246,1.08669,1.08693,1.63,1.75
2018.05.15 08:21:32.785,1.08668,1.08692,2.63,1.00
2018.05.15 08:21:33.932,1.08668,1.08693,2.63,1.75
2018.05.15 08:21:34.456,1.08668,1.08693,2.44,1.56
2018.05.15 08:21:34.964,1.08668,1.08693,2.63,1.75
2018.05.15 08:21:35.627,1.08668,1.08692,1.69,1.00
2018.05.15 08:21:36.014,1.08668,1.08691,3.00,1.50
2018.05.15 08:21:36.119,1.08668,1.08691,2.25,1.12
2018.05.15 08:21:36.274,1.08667,1.0869,2.00,1.44
2018.05.15 08:21:36.645,1.08666,1.08689,1.88,1.00
2018.05.15 08:21:37.836,1.08666,1.08689,1.63,1.44
2018.05.15 08:21:38.377,1.08665,1.08689,3.75,1.13
2018.05.15 08:21:39.207,1.08665,1.08689,2.44,1.44
2018.05.15 08:21:39.819,1.08665,1.08689,2.44,1.13
2018.05.15 08:21:40.394,1.08665,1.08688,2.25,1.13
2018.05.15 08:21:40.447,1.08665,1.08686,1.69,1.00
2018.05.15 08:21:40.843,1.08662,1.08685,1.50,1.00
2018.05.15 08:21:40.896,1.08663,1.08685,2.06,1.00
2018.05.15 08:21:40.950,1.08664,1.08686,1.00,1.50
2018.05.15 08:21:41.466,1.08661,1.08685,1.88,2.62
2018.05.15 08:21:42.472,1.08664,1.08685,1.00,1.87
2018.05.15 08:21:42.996,1.08661,1.08685,1.69,1.87
2018.05.15 08:21:43.866,1.08661,1.08685,1.13,1.12
2018.05.15 08:21:44.478,1.08662,1.08685,1.12,1.87
2018.05.15 08:21:45.959,1.08662,1.08685,1.50,1.12
2018.05.15 08:21:46.516,1.08662,1.08685,1.12,1.12
2018.05.15 08:21:46.786,1.08664,1.08685,1.00,1.12
2018.05.15 08:21:47.044,1.0866,1.08684,1.69,1.00
2018.05.15 08:21:47.146,1.0866,1.08684,1.75,1.00
2018.05.15 08:21:47.693,1.0866,1.08686,3.19,1.50
2018.05.15 08:21:47.949,1.08662,1.08686,1.75,1.00
2018.05.15 08:21:48.000,1.08662,1.08686,1.12,1.50
2018.05.15 08:21:48.144,1.0866,1.08686,2.62,2.25
2018.05.15 08:21:48.196,1.08661,1.08682,1.00,1.00
2018.05.15 08:21:48.711,1.0866,1.08683,2.81,1.50
2018.05.15 08:21:49.080,1.0866,1.08684,2.44,1.31
2018.05.15 08:21:53.098,1.08661,1.08684,1.00,1.12
2018.05.15 08:21:53.706,1.0866,1.08684,1.00,2.06
2018.05.15 08:21:54.306,1.0866,1.08684,1.50,1.63
2018.05.15 08:21:56.336,1.0866,1.08684,2.25,1.25
2018.05.15 08:22:00.226,1.0866,1.08682,1.37,1.00
2018.05.15 08:22:00.776,1.0866,1.08684,1.37,1.00
2018.05.15 08:22:01.414,1.08659,1.08684,3.38,1.12
2018.05.15 08:22:01.466,1.08664,1.08685,1.37,1.00
2018.05.15 08:22:01.526,1.08662,1.08685,1.00,2.44
2018.05.15 08:22:01.717,1.08665,1.08686,1.50,1.00
2018.05.15 08:22:02.032,1.08666,1.08688,3.00,1.50
2018.05.15 08:22:02.560,1.08666,1.08689,2.00,1.00
2018.05.15 08:22:02.785,1.08666,1.08689,1.63,1.00
2018.05.15 08:22:05.517,1.08666,1.08688,1.37,1.50
2018.05.15 08:22:05.569,1.08665,1.08688,1.12,1.87
2018.05.15 08:22:05.622,1.08663,1.08685,2.44,1.00
2018.05.15 08:22:06.161,1.08664,1.08687,1.25,1.37
2018.05.15 08:22:06.669,1.08665,1.08687,1.00,1.37
2018.05.15 08:22:07.272,1.08663,1.08686,2.06,1.12
2018.05.15 08:22:07.789,1.08664,1.08687,1.25,1.87
2018.05.15 08:22:08.092,1.08662,1.08684,1.31,1.12
2018.05.15 08:22:08.635,1.08663,1.08684,1.25,1.87
2018.05.15 08:22:09.492,1.08665,1.08684,1.00,1.12
2018.05.15 08:22:10.047,1.08664,1.08685,1.00,1.37
2018.05.15 08:22:10.844,1.08663,1.08685,1.69,1.37
2018.05.15 08:22:11.358,1.08665,1.08685,1.00,1.12
2018.05.15 08:22:11.987,1.08664,1.08685,1.00,1.12
2018.05.15 08:22:12.828,1.08665,1.08684,1.00,1.00
2018.05.15 08:22:13.494,1.08664,1.08685,1.00,1.87
2018.05.15 08:22:14.011,1.08662,1.08684,1.69,1.00
2018.05.15 08:22:14.547,1.08661,1.08685,2.81,1.87
2018.05.15 08:22:15.169,1.08663,1.08684,1.31,1.00
2018.05.15 08:22:15.558,1.08665,1.08684,1.00,1.00
2018.05.15 08:22:15.660,1.08663,1.08684,1.12,1.00
2018.05.15 08:22:16.216,1.08664,1.08685,1.00,1.12
2018.05.15 08:22:16.844,1.08664,1.08684,1.00,1.00
2018.05.15 08:22:17.391,1.08661,1.08684,2.63,1.00
2018.05.15 08:22:18.076,1.08661,1.08684,1.88,1.12
2018.05.15 08:22:23.483,1.08662,1.08685,1.37,1.00
2018.05.15 08:22:24.463,1.08662,1.08686,1.75,1.12
2018.05.15 08:22:25.169,1.08664,1.08687,1.50,1.12
2018.05.15 08:22:25.510,1.08664,1.08687,1.12,1.12
2018.05.15 08:22:25.561,1.08664,1.08688,1.75,1.00
2018.05.15 08:22:26.702,1.08666,1.08689,1.37,1.87
2018.05.15 08:22:28.560,1.08666,1.0869,1.12,2.25
2018.05.15 08:22:29.252,1.08665,1.08689,1.69,1.50
2018.05.15 08:22:29.761,1.08666,1.0869,1.87,1.69
2018.05.15 08:22:30.263,1.08667,1.08689,1.12,1.00
2018.05.15 08:22:30.788,1.08667,1.08691,1.31,1.69
2018.05.15 08:22:31.092,1.08668,1.08692,1.37,1.88
2018.05.15 08:22:31.504,1.08668,1.0869,1.00,1.81
2018.05.15 08:22:32.044,1.08669,1.08689,1.00,1.37
2018.05.15 08:22:32.595,1.08666,1.08689,1.00,3.00
2018.05.15 08:22:33.105,1.08664,1.08687,2.25,1.12
2018.05.15 08:22:33.632,1.08664,1.08687,1.44,1.63
2018.05.15 08:22:34.149,1.08663,1.08689,2.25,1.12
2018.05.15 08:22:34.669,1.08663,1.08689,3.38,2.06
2018.05.15 08:22:35.417,1.08662,1.08687,3.56,1.12
2018.05.15 08:22:37.315,1.08663,1.08687,1.75,1.12
2018.05.15 08:22:37.986,1.08664,1.08687,1.31,1.12
2018.05.15 08:22:39.529,1.08662,1.08687,3.56,1.12
2018.05.15 08:22:41.060,1.08665,1.08687,1.37,1.31
2018.05.15 08:22:41.264,1.08664,1.08687,1.00,1.50
2018.05.15 08:22:41.785,1.08662,1.08686,1.87,1.50
2018.05.15 08:22:42.763,1.08663,1.08686,1.88,1.12
2018.05.15 08:22:47.427,1.08663,1.08686,1.88,1.12
2018.05.15 08:22:48.074,1.08663,1.08687,1.88,1.87
2018.05.15 08:22:48.460,1.08666,1.08687,1.00,1.37
2018.05.15 08:22:49.646,1.08665,1.08686,1.25,1.12
2018.05.15 08:22:50.197,1.08663,1.08686,3.38,1.00
2018.05.15 08:22:50.504,1.08666,1.08686,1.00,1.00
2018.05.15 08:22:51.277,1.08665,1.08686,1.25,1.50
2018.05.15 08:22:51.728,1.08663,1.08685,1.87,1.37
2018.05.15 08:22:51.984,1.08659,1.08684,2.06,3.00
2018.05.15 08:22:52.035,1.08659,1.08683,2.44,1.50
2018.05.15 08:22:52.137,1.08659,1.08683,2.81,1.12
2018.05.15 08:22:53.270,1.08661,1.08683,1.38,1.00
2018.05.15 08:22:53.496,1.08661,1.08685,2.81,1.50
2018.05.15 08:22:54.006,1.08661,1.08684,2.81,1.00
2018.05.15 08:22:54.828,1.08661,1.08685,1.75,1.12
2018.05.15 08:22:55.330,1.08661,1.08684,2.06,1.00
2018.05.15 08:22:56.130,1.08661,1.08685,2.19,1.12
2018.05.15 08:22:56.718,1.08662,1.08684,1.13,1.00
2018.05.15 08:22:57.225,1.08661,1.08685,2.19,1.12
2018.05.15 08:22:57.849,1.08661,1.08684,2.19,1.00
2018.05.15 08:22:59.459,1.08662,1.08685,1.12,1.12
2018.05.15 08:22:59.973,1.08661,1.08684,2.62,1.00
2018.05.15 08:23:01.216,1.08662,1.08685,1.12,1.12
2018.05.15 08:23:01.720,1.08662,1.08684,1.12,1.00
2018.05.15 08:23:03.618,1.08661,1.08685,2.81,1.50
2018.05.15 08:23:03.669,1.08661,1.08683,2.06,1.00
2018.05.15 08:23:05.599,1.08664,1.08683,1.00,1.00
2018.05.15 08:23:06.109,1.08665,1.08684,1.00,1.87
2018.05.15 08:23:07.150,1.08664,1.08684,1.00,1.12
2018.05.15 08:23:07.776,1.08665,1.08684,1.00,1.12
2018.05.15 08:23:08.745,1.08664,1.08684,1.00,1.12
2018.05.15 08:23:11.752,1.08665,1.08684,1.00,1.12
2018.05.15 08:23:12.083,1.08661,1.08684,2.43,1.12
2018.05.15 08:23:18.352,1.08661,1.08684,1.31,1.50
2018.05.15 08:23:18.404,1.08661,1.08684,1.63,1.12
2018.05.15 08:23:18.695,1.08661,1.08683,1.19,1.87
2018.05.15 08:23:18.798,1.08661,1.08683,1.19,1.50
2018.05.15 08:23:19.168,1.08658,1.08681,2.63,1.00
2018.05.15 08:23:19.715,1.08658,1.0868,1.50,3.00
2018.05.15 08:23:19.766,1.08654,1.08676,1.88,1.00
2018.05.15 08:23:19.818,1.08654,1.08677,2.06,1.12
2018.05.15 08:23:20.128,1.08655,1.08678,1.88,1.87
2018.05.15 08:23:21.847,1.08655,1.08678,2.06,1.75
2018.05.15 08:23:22.118,1.08661,1.08683,1.37,1.12
2018.05.15 08:23:24.550,1.08664,1.08685,1.50,1.00
2018.05.15 08:23:24.860,1.08661,1.08684,1.31,2.25
2018.05.15 08:23:24.911,1.08661,1.08684,2.06,1.12
2018.05.15 08:23:24.962,1.08662,1.08687,1.50,2.81
2018.05.15 08:23:25.504,1.08665,1.08688,1.00,3.38
2018.05.15 08:23:25.657,1.08662,1.08687,1.87,3.75
2018.05.15 08:23:26.750,1.08662,1.08686,1.50,1.62
2018.05.15 08:23:28.101,1.08662,1.08685,1.12,1.62
2018.05.15 08:23:32.009,1.08664,1.08686,1.00,2.44
2018.05.15 08:23:32.872,1.08662,1.08686,1.12,2.25
2018.05.15 08:23:33.077,1.08663,1.08682,1.00,1.12
2018.05.15 08:23:33.129,1.08659,1.08682,1.50,1.87
2018.05.15 08:23:33.282,1.08661,1.08682,1.00,3.37
2018.05.15 08:23:33.333,1.08659,1.0868,1.00,1.37
2018.05.15 08:23:33.964,1.08658,1.08679,1.00,1.37
2018.05.15 08:23:34.495,1.08659,1.08679,1.00,1.37
2018.05.15 08:23:35.178,1.08658,1.08679,1.13,1.37
2018.05.15 08:23:36.202,1.08658,1.08679,1.13,1.00
2018.05.15 08:23:36.374,1.08661,1.0868,1.00,1.00
2018.05.15 08:23:36.426,1.08659,1.08682,2.25,1.00
2018.05.15 08:23:36.582,1.08663,1.08682,1.00,1.00
2018.05.15 08:23:36.787,1.08659,1.08682,2.44,1.00
2018.05.15 08:23:36.890,1.08663,1.08682,1.00,1.00
2018.05.15 08:23:37.667,1.08662,1.08682,1.00,1.00
2018.05.15 08:23:38.284,1.0866,1.08682,1.37,1.00
2018.05.15 08:23:39.346,1.08662,1.08682,1.00,1.00
2018.05.15 08:23:40.110,1.08661,1.08682,1.12,1.00
2018.05.15 08:23:43.132,1.08661,1.08684,1.12,3.00
2018.05.15 08:23:43.799,1.08661,1.08684,1.00,3.19
2018.05.15 08:23:44.306,1.0866,1.08683,1.25,1.12
2018.05.15 08:23:45.847,1.08661,1.08684,1.00,2.62
2018.05.15 08:23:47.043,1.08661,1.08684,1.37,3.19
2018.05.15 08:23:48.290,1.08661,1.08682,1.37,1.00
2018.05.15 08:23:48.773,1.08659,1.08683,1.63,1.87
2018.05.15 08:23:48.876,1.08659,1.08683,2.19,1.31
2018.05.15 08:23:48.978,1.08659,1.08683,1.50,2.25
2018.05.15 08:23:49.528,1.08659,1.08682,1.31,1.00
2018.05.15 08:23:50.945,1.08659,1.08683,1.31,1.12
2018.05.15 08:23:54.798,1.08659,1.08683,1.50,2.81
2018.05.15 08:23:55.553,1.0866,1.08682,1.00,1.00
2018.05.15 08:23:56.179,1.08659,1.08682,2.06,1.00
2018.05.15 08:23:56.702,1.08659,1.08682,2.25,1.00
2018.05.15 08:23:56.856,1.08658,1.08678,1.44,1.50
2018.05.15 08:23:56.908,1.08657,1.08678,1.88,1.12
2018.05.15 08:23:57.167,1.08659,1.0868,1.00,1.50
2018.05.15 08:23:57.698,1.08658,1.0868,2.06,1.00
2018.05.15 08:24:00.473,1.08659,1.08682,1.37,1.12
2018.05.15 08:24:00.981,1.0866,1.08682,1.88,1.00
2018.05.15 08:24:05.190,1.08658,1.0868,1.75,1.00
2018.05.15 08:24:05.580,1.08656,1.08678,1.75,1.00
2018.05.15 08:24:05.685,1.08657,1.0868,1.50,1.00
2018.05.15 08:24:10.442,1.08657,1.08679,1.00,1.50
2018.05.15 08:24:10.595,1.08655,1.08677,1.63,2.25
2018.05.15 08:24:10.646,1.08653,1.08676,1.88,1.00
2018.05.15 08:24:10.951,1.08653,1.08676,1.88,1.12
2018.05.15 08:24:11.052,1.08653,1.08676,1.88,1.12
2018.05.15 08:24:11.644,1.08653,1.08676,1.38,1.12
2018.05.15 08:24:11.913,1.08656,1.08676,1.13,1.00
2018.05.15 08:24:12.170,1.0866,1.08683,2.06,2.63
2018.05.15 08:24:12.707,1.08662,1.08683,1.50,1.50
2018.05.15 08:24:13.684,1.08662,1.08682,2.25,1.00
2018.05.15 08:24:14.191,1.08662,1.08684,1.50,1.63
2018.05.15 08:24:14.903,1.08662,1.08684,1.50,1.88
2018.05.15 08:24:15.461,1.08662,1.08683,1.50,1.88
2018.05.15 08:24:15.817,1.08658,1.08681,1.13,1.00
2018.05.15 08:24:15.971,1.08657,1.08681,2.63,1.00
2018.05.15 08:24:16.023,1.08657,1.08678,1.00,2.62
2018.05.15 08:24:16.075,1.08657,1.08675,1.00,1.00
2018.05.15 08:24:16.574,1.08654,1.08675,4.13,1.12
2018.05.15 08:24:17.087,1.08654,1.08675,1.69,1.12
2018.05.15 08:24:17.667,1.08654,1.08675,1.44,1.12
2018.05.15 08:24:19.016,1.08653,1.08675,1.50,1.12
2018.05.15 08:24:19.414,1.08656,1.08675,1.00,1.12
2018.05.15 08:24:19.955,1.08652,1.08676,2.06,1.87
2018.05.15 08:24:20.922,1.08652,1.08676,1.75,1.37
2018.05.15 08:24:21.741,1.08652,1.08676,2.63,2.62
2018.05.15 08:24:21.999,1.08653,1.08673,1.25,1.00
2018.05.15 08:24:23.051,1.08654,1.08673,1.00,1.00
2018.05.15 08:24:25.386,1.08653,1.08673,1.25,1.00
2018.05.15 08:24:25.680,1.08655,1.08673,1.00,1.00
2018.05.15 08:24:25.937,1.08653,1.08673,1.25,1.00
2018.05.15 08:24:25.988,1.08655,1.08673,1.00,1.00
2018.05.15 08:24:26.657,1.08654,1.08673,1.25,1.00
2018.05.15 08:24:27.162,1.08655,1.08673,1.00,1.00
2018.05.15 08:24:27.265,1.08653,1.08673,1.25,1.00
2018.05.15 08:24:28.231,1.08652,1.08676,1.69,3.00
2018.05.15 08:24:28.801,1.08654,1.08675,1.25,1.87
2018.05.15 08:24:28.904,1.08657,1.08676,1.00,1.12
2018.05.15 08:24:29.006,1.08655,1.08676,1.00,1.00
2018.05.15 08:24:29.854,1.08656,1.08676,1.00,1.00
2018.05.15 08:24:30.391,1.08655,1.08676,1.25,1.00
2018.05.15 08:24:31.031,1.08655,1.08676,1.44,1.00
2018.05.15 08:24:33.830,1.08661,1.08678,1.00,1.00
2018.05.15 08:24:33.882,1.08661,1.0868,1.00,1.12
2018.05.15 08:24:34.396,1.08661,1.0868,1.25,1.37
2018.05.15 08:24:34.448,1.08657,1.08679,1.88,1.50
2018.05.15 08:24:35.018,1.08656,1.08679,1.50,2.25
2018.05.15 08:24:35.554,1.08657,1.08679,1.25,1.50
2018.05.15 08:24:36.139,1.08658,1.08679,1.25,3.19
2018.05.15 08:24:36.711,1.08657,1.08679,1.25,3.00
2018.05.15 08:24:37.153,1.08657,1.08679,2.00,1.50
2018.05.15 08:24:37.257,1.08659,1.08682,1.69,1.50
2018.05.15 08:24:37.413,1.08659,1.0868,1.81,1.00
2018.05.15 08:24:37.873,1.08659,1.08679,2.06,1.00
2018.05.15 08:24:38.420,1.08659,1.0868,1.37,1.00
2018.05.15 08:24:39.009,1.08659,1.0868,1.00,1.50
2018.05.15 08:24:39.798,1.08659,1.08678,1.00,1.00
2018.05.15 08:24:40.004,1.08659,1.0868,1.44,1.00
2018.05.15 08:24:40.611,1.08661,1.0868,1.63,1.00
2018.05.15 08:24:40.816,1.08665,1.08683,1.00,1.00
2018.05.15 08:24:40.868,1.08667,1.08686,1.50,1.50
2018.05.15 08:24:40.979,1.0867,1.08686,1.00,1.00
2018.05.15 08:24:41.536,1.08671,1.08686,1.00,1.00
2018.05.15 08:24:41.895,1.08667,1.08686,1.87,1.00
2018.05.15 08:24:41.946,1.08668,1.08686,1.00,1.41
2018.05.15 08:24:42.202,1.08667,1.08686,1.12,1.50
2018.05.15 08:24:43.841,1.08664,1.08685,1.56,1.00
2018.05.15 08:24:44.372,1.08664,1.08684,1.62,1.00
2018.05.15 08:24:46.030,1.08665,1.08686,1.12,1.00
2018.05.15 08:24:46.185,1.08666,1.08686,1.50,1.50
2018.05.15 08:24:46.616,1.08666,1.08689,1.50,1.12
2018.05.15 08:24:47.087,1.08667,1.08687,1.37,1.00
2018.05.15 08:24:47.139,1.08664,1.08686,1.87,1.50
2018.05.15 08:24:47.668,1.08662,1.08685,1.12,1.12
2018.05.15 08:24:47.821,1.08663,1.08685,1.49,1.12
2018.05.15 08:24:52.511,1.08663,1.08688,2.24,1.87
2018.05.15 08:24:54.281,1.08664,1.08688,1.81,1.00
2018.05.15 08:25:07.630,1.08663,1.08686,2.25,1.00
2018.05.15 08:25:09.549,1.08666,1.08686,1.50,1.00
2018.05.15 08:25:09.653,1.08668,1.08689,1.50,1.12
2018.05.15 08:25:10.203,1.08669,1.08689,1.00,1.12
2018.05.15 08:25:10.463,1.08667,1.08689,1.50,1.12
2018.05.15 08:25:10.982,1.08666,1.08689,2.06,1.12
2018.05.15 08:25:12.801,1.08666,1.08689,1.00,1.69
2018.05.15 08:25:14.161,1.08665,1.08686,1.87,1.00
2018.05.15 08:25:14.614,1.08667,1.08686,1.00,1.00
2018.05.15 08:25:14.795,1.08665,1.08686,1.87,1.00
2018.05.15 08:25:18.599,1.08663,1.08686,2.62,1.00
2018.05.15 08:25:20.421,1.08663,1.08686,1.31,1.00
2018.05.15 08:25:20.971,1.08663,1.08686,1.31,1.00
2018.05.15 08:25:21.144,1.08663,1.08686,2.44,1.00
2018.05.15 08:25:26.246,1.08663,1.08686,1.87,1.37
2018.05.15 08:25:26.458,1.08665,1.08688,1.00,1.37
2018.05.15 08:25:26.964,1.08665,1.08688,1.37,2.06
2018.05.15 08:25:28.420,1.08662,1.08685,2.25,1.50
2018.05.15 08:25:28.578,1.08662,1.08685,1.50,1.50
2018.05.15 08:25:29.097,1.08662,1.08685,1.87,1.50
2018.05.15 08:25:29.766,1.08662,1.08684,1.87,1.00
2018.05.15 08:25:30.375,1.08662,1.08685,1.00,1.87
2018.05.15 08:25:30.477,1.08664,1.08685,1.00,1.87
2018.05.15 08:25:31.089,1.08665,1.08685,1.00,1.50
2018.05.15 08:25:31.843,1.08664,1.08685,1.00,1.00
2018.05.15 08:25:32.564,1.08665,1.08685,1.00,1.00
2018.05.15 08:25:38.809,1.08662,1.08685,1.50,1.00
2018.05.15 08:25:38.963,1.08662,1.08683,1.00,1.00
2018.05.15 08:25:43.139,1.08662,1.08684,1.69,1.87
2018.05.15 08:25:43.852,1.08662,1.08685,1.87,1.12
2018.05.15 08:25:46.075,1.08665,1.08685,1.00,1.00
2018.05.15 08:25:47.511,1.08663,1.08685,1.44,1.00
2018.05.15 08:25:47.748,1.08662,1.08685,2.62,1.00
2018.05.15 08:25:48.014,1.08663,1.08685,1.44,1.00
2018.05.15 08:25:48.116,1.08662,1.08685,2.62,1.00
2018.05.15 08:25:49.558,1.08662,1.08685,2.62,1.00
2018.05.15 08:25:51.983,1.08662,1.08685,2.62,1.00
2018.05.15 08:25:54.376,1.08662,1.08685,1.69,1.00
2018.05.15 08:25:54.990,1.08662,1.08685,1.69,1.00
2018.05.15 08:25:55.042,1.08662,1.08685,1.69,1.00
2018.05.15 08:25:55.566,1.08663,1.08685,1.00,1.00
2018.05.15 08:25:56.338,1.08666,1.08687,1.00,1.00
2018.05.15 08:25:56.644,1.08666,1.0869,1.87,1.87
2018.05.15 08:25:56.695,1.08664,1.08688,1.50,1.12
2018.05.15 08:25:56.804,1.08664,1.08689,1.50,3.75
2018.05.15 08:25:57.130,1.08665,1.08685,1.00,1.37
2018.05.15 08:25:57.761,1.08664,1.08685,1.00,1.37
2018.05.15 08:25:58.443,1.08662,1.08685,3.00,1.37
2018.05.15 08:25:59.002,1.08665,1.08685,1.12,1.00
2018.05.15 08:25:59.524,1.08664,1.08687,2.06,1.37
2018.05.15 08:26:00.167,1.08664,1.08687,1.87,1.50
2018.05.15 08:26:00.677,1.08662,1.08685,1.37,1.37
2018.05.15 08:26:01.216,1.08662,1.08685,1.31,1.37
2018.05.15 08:26:01.789,1.08662,1.08685,2.25,1.37
2018.05.15 08:26:03.344,1.08662,1.08685,1.31,1.37
2018.05.15 08:26:03.859,1.08662,1.08685,1.00,1.87
2018.05.15 08:26:04.453,1.08662,1.08685,1.25,1.87
2018.05.15 08:26:05.619,1.08663,1.08685,1.00,1.37
2018.05.15 08:26:06.095,1.08665,1.08685,1.00,1.37
2018.05.15 08:26:08.721,1.08666,1.08685,1.00,1.37
2018.05.15 08:26:09.250,1.08665,1.08685,1.00,1.37
2018.05.15 08:26:10.288,1.08665,1.08685,1.00,1.00
2018.05.15 08:26:10.807,1.08666,1.08685,1.00,1.00
2018.05.15 08:26:11.772,1.08664,1.08685,1.00,1.00
2018.05.15 08:26:15.219,1.08663,1.08685,1.00,1.00
2018.05.15 08:26:15.779,1.08664,1.08685,1.00,1.00
2018.05.15 08:26:16.763,1.08663,1.08685,1.00,1.00
2018.05.15 08:26:17.595,1.08664,1.08685,1.25,1.00
2018.05.15 08:26:18.075,1.08666,1.08685,1.00,1.00
2018.05.15 08:26:18.583,1.08665,1.08685,1.00,1.00
2018.05.15 08:26:19.325,1.08666,1.08685,1.00,1.00
2018.05.15 08:26:19.841,1.08665,1.08685,1.00,1.00
2018.05.15 08:26:21.119,1.08666,1.08685,1.00,1.00
2018.05.15 08:26:21.899,1.08667,1.08685,1.00,1.00
2018.05.15 08:26:22.854,1.08666,1.08685,1.00,1.00
2018.05.15 08:26:24.072,1.08667,1.08689,1.00,1.00
2018.05.15 08:26:24.381,1.08667,1.08689,1.00,3.00
2018.05.15 08:26:25.018,1.08666,1.08689,1.50,1.50
2018.05.15 08:26:25.546,1.08667,1.08689,1.00,3.00
2018.05.15 08:26:26.104,1.08666,1.08689,1.50,1.50
2018.05.15 08:26:26.671,1.08667,1.08689,1.00,3.00
2018.05.15 08:26:27.216,1.08666,1.08689,1.50,1.50
2018.05.15 08:26:27.762,1.08667,1.08687,1.00,1.12
2018.05.15 08:26:28.665,1.08666,1.08687,1.25,1.12
2018.05.15 08:26:29.013,1.08669,1.08687,1.00,1.00
2018.05.15 08:26:29.615,1.0867,1.08687,1.00,1.00
2018.05.15 08:26:34.865,1.08669,1.08687,1.00,1.00
2018.05.15 08:26:35.663,1.0867,1.08687,1.00,1.00
2018.05.15 08:26:36.924,1.08669,1.08687,1.00,1.00
2018.05.15 08:26:39.268,1.08668,1.08687,1.00,1.00
2018.05.15 08:26:39.872,1.08669,1.08687,1.00,1.00
2018.05.15 08:26:40.587,1.08668,1.08687,1.00,1.00
2018.05.15 08:26:41.094,1.08669,1.08687,1.00,1.00
2018.05.15 08:26:47.539,1.0867,1.08687,1.00,1.00
2018.05.15 08:26:47.798,1.08666,1.08687,1.69,1.00
2018.05.15 08:26:47.900,1.08666,1.08689,1.50,1.12
2018.05.15 08:26:48.428,1.08667,1.08689,1.00,1.12
2018.05.15 08:26:49.196,1.08666,1.08689,1.50,1.12
2018.05.15 08:26:49.568,1.08667,1.08689,1.44,1.12
2018.05.15 08:26:56.199,1.08667,1.08688,1.00,1.00
2018.05.15 08:26:56.764,1.08666,1.08688,2.06,1.00
2018.05.15 08:26:56.816,1.08666,1.08688,1.87,1.00
2018.05.15 08:26:57.205,1.08667,1.08688,1.19,1.00
2018.05.15 08:26:57.414,1.08666,1.08688,1.87,1.00
2018.05.15 08:26:57.839,1.08668,1.08691,1.00,2.25
2018.05.15 08:26:58.144,1.08666,1.08691,2.62,1.87
2018.05.15 08:26:58.299,1.08669,1.08692,1.50,1.50
2018.05.15 08:26:58.607,1.08672,1.08692,1.00,1.00
2018.05.15 08:26:59.476,1.08672,1.08692,1.37,1.00
2018.05.15 08:27:00.105,1.0867,1.08692,1.31,1.00
2018.05.15 08:27:01.093,1.08671,1.08692,1.00,1.00
2018.05.15 08:27:01.775,1.08668,1.08691,1.37,1.37
2018.05.15 08:27:01.879,1.08667,1.0869,1.31,1.37
2018.05.15 08:27:05.075,1.08666,1.0869,1.69,1.37
2018.05.15 08:27:05.745,1.08667,1.0869,1.00,1.37
2018.05.15 08:27:06.353,1.08666,1.0869,1.69,1.37
2018.05.15 08:27:07.066,1.08666,1.0869,1.87,1.62
2018.05.15 08:27:15.883,1.08666,1.0869,1.19,1.75
2018.05.15 08:27:16.200,1.08667,1.08691,1.00,3.75
2018.05.15 08:27:16.714,1.08666,1.08691,1.50,3.19
2018.05.15 08:27:18.129,1.08666,1.0869,1.69,1.62
2018.05.15 08:27:18.876,1.08666,1.08691,1.50,3.94
2018.05.15 08:27:19.417,1.08667,1.0869,1.00,1.62
2018.05.15 08:27:20.159,1.08666,1.08691,2.25,3.19
2018.05.15 08:27:20.688,1.08667,1.08691,1.00,3.19
2018.05.15 08:27:21.158,1.08669,1.0869,1.00,2.62
2018.05.15 08:27:21.659,1.08668,1.0869,1.12,1.37
2018.05.15 08:27:22.146,1.08666,1.0869,1.50,1.37
2018.05.15 08:27:22.299,1.08666,1.08688,1.00,1.37
2018.05.15 08:27:27.856,1.08665,1.08689,1.50,1.37
2018.05.15 08:27:28.275,1.08667,1.08689,1.00,1.12
2018.05.15 08:27:28.783,1.08666,1.08689,1.31,1.12
2018.05.15 08:27:31.746,1.0867,1.08689,1.00,1.12
2018.05.15 08:27:31.797,1.08667,1.08689,1.00,1.12
2018.05.15 08:27:32.327,1.08668,1.08689,1.00,1.12
2018.05.15 08:27:34.260,1.08669,1.08689,1.00,1.12
2018.05.15 08:27:42.837,1.08668,1.08689,1.00,1.12
2018.05.15 08:27:47.569,1.08669,1.08689,1.00,1.12
2018.05.15 08:27:48.459,1.08667,1.08689,1.25,1.12
2018.05.15 08:27:49.068,1.08668,1.08689,1.00,1.12
2018.05.15 08:27:53.970,1.08667,1.08689,1.25,1.12
2018.05.15 08:28:00.831,1.08665,1.08689,1.75,1.12
2018.05.15 08:28:02.864,1.08664,1.08689,3.37,1.12
2018.05.15 08:28:03.940,1.08667,1.08689,1.44,1.12
2018.05.15 08:28:05.139,1.08667,1.08689,1.25,1.12
2018.05.15 08:28:06.224,1.08668,1.08689,1.00,1.12
2018.05.15 08:28:06.492,1.08669,1.0869,1.37,1.00
2018.05.15 08:28:06.544,1.08673,1.08694,1.00,1.00
2018.05.15 08:28:06.597,1.08673,1.08696,1.00,2.25
2018.05.15 08:28:06.797,1.08674,1.08696,1.37,1.00
2018.05.15 08:28:07.104,1.08677,1.08696,1.12,1.00
2018.05.15 08:28:10.594,1.0868,1.087,1.00,1.00
2018.05.15 08:28:10.646,1.08681,1.08702,1.00,1.87
2018.05.15 08:28:10.749,1.08686,1.08703,1.00,1.12
2018.05.15 08:28:10.802,1.08683,1.08705,1.25,1.12
2018.05.15 08:28:10.854,1.08688,1.08705,1.00,1.12
2018.05.15 08:28:10.906,1.08684,1.08706,1.00,1.37
2018.05.15 08:28:11.061,1.08685,1.08708,1.50,1.37
2018.05.15 08:28:11.112,1.08688,1.08709,1.00,3.00
2018.05.15 08:28:11.248,1.08688,1.0871,1.87,1.37
2018.05.15 08:28:11.782,1.08688,1.0871,1.12,1.00
2018.05.15 08:28:12.332,1.08689,1.0871,1.00,1.12
2018.05.15 08:28:12.791,1.08688,1.08706,1.00,1.00
2018.05.15 08:28:12.844,1.08684,1.08706,1.12,1.12
2018.05.15 08:28:17.092,1.08683,1.08707,1.00,3.37
2018.05.15 08:28:17.144,1.08681,1.08706,3.19,1.37
2018.05.15 08:28:17.750,1.08681,1.08706,3.00,1.37
2018.05.15 08:28:18.300,1.08681,1.08706,3.37,1.37
2018.05.15 08:28:26.995,1.08682,1.08706,1.25,1.69
2018.05.15 08:28:32.181,1.08682,1.08705,1.00,1.12
2018.05.15 08:28:34.549,1.08682,1.08705,1.19,1.87
2018.05.15 08:28:34.651,1.08681,1.08705,1.00,1.87
2018.05.15 08:28:35.163,1.08681,1.08706,1.37,2.06
2018.05.15 08:28:35.665,1.08681,1.08705,1.25,1.12
2018.05.15 08:28:35.969,1.08681,1.08705,1.19,1.12
2018.05.15 08:28:36.020,1.08681,1.08705,1.00,1.12
2018.05.15 08:28:36.523,1.08681,1.08705,1.44,1.12
2018.05.15 08:28:36.829,1.0868,1.08702,1.87,1.00
2018.05.15 08:28:37.201,1.0868,1.08702,1.50,1.87
2018.05.15 08:28:37.887,1.08681,1.08701,1.00,1.75
2018.05.15 08:28:38.486,1.0868,1.08701,1.00,1.75
2018.05.15 08:28:39.052,1.08681,1.08701,1.00,2.25
2018.05.15 08:28:39.416,1.0868,1.08701,3.00,1.37
2018.05.15 08:28:40.796,1.08681,1.08701,1.00,1.37
2018.05.15 08:28:41.314,1.08681,1.08701,1.00,1.00
2018.05.15 08:28:42.005,1.08681,1.08703,1.00,1.37
2018.05.15 08:28:42.516,1.08681,1.08703,1.50,1.00
2018.05.15 08:28:43.046,1.08682,1.08703,1.00,1.12
2018.05.15 08:28:43.573,1.08681,1.08703,1.00,1.00
2018.05.15 08:28:43.881,1.08685,1.08703,1.00,1.00
2018.05.15 08:28:43.933,1.08683,1.08706,1.87,1.12
2018.05.15 08:28:44.142,1.08686,1.08706,1.87,1.00
2018.05.15 08:28:44.963,1.08683,1.08706,2.25,1.50
2018.05.15 08:28:45.508,1.08683,1.08706,1.37,1.12
2018.05.15 08:28:47.065,1.08683,1.08705,1.37,1.00
2018.05.15 08:28:47.615,1.08683,1.08706,1.37,1.87
2018.05.15 08:28:49.197,1.08683,1.08705,1.37,1.00
2018.05.15 08:28:49.324,1.08683,1.08705,1.00,1.50
2018.05.15 08:28:53.707,1.0868,1.08704,1.00,1.00
2018.05.15 08:28:53.759,1.0868,1.08704,1.87,1.50
2018.05.15 08:28:54.432,1.0868,1.08704,1.00,1.12
2018.05.15 08:28:57.793,1.0868,1.08704,1.69,1.12
2018.05.15 08:28:58.342,1.0868,1.08704,2.44,1.12
2018.05.15 08:28:58.894,1.0868,1.08704,3.00,1.62
2018.05.15 08:28:59.515,1.0868,1.08704,3.37,1.37
2018.05.15 08:29:00.093,1.0868,1.08704,1.50,1.37
2018.05.15 08:29:00.632,1.0868,1.08704,1.12,1.12
2018.05.15 08:29:03.010,1.0868,1.08704,2.81,1.00
2018.05.15 08:29:05.929,1.08682,1.08704,1.37,1.25
2018.05.15 08:29:06.264,1.08682,1.08707,2.62,1.87
2018.05.15 08:29:06.793,1.08682,1.08705,1.62,1.87
2018.05.15 08:29:07.382,1.08682,1.08705,1.50,2.44
2018.05.15 08:29:07.920,1.08681,1.08705,1.87,2.44
2018.05.15 08:29:09.850,1.08682,1.08704,1.50,1.62
2018.05.15 08:29:10.159,1.08682,1.08701,1.00,1.00
2018.05.15 08:29:10.715,1.08683,1.08701,1.00,1.00
2018.05.15 08:29:11.377,1.08682,1.08701,1.00,1.00
2018.05.15 08:29:12.084,1.08683,1.08701,1.00,1.00
2018.05.15 08:29:13.585,1.08682,1.08701,1.00,1.00
2018.05.15 08:29:13.925,1.08687,1.08704,1.00,1.69
2018.05.15 08:29:14.476,1.08686,1.08702,1.00,1.00
2018.05.15 08:29:14.977,1.08685,1.08703,1.00,1.13
2018.05.15 08:29:15.497,1.08684,1.08703,1.00,1.88
2018.05.15 08:29:19.488,1.08685,1.08703,1.00,1.38
2018.05.15 08:29:19.591,1.08683,1.08704,1.00,1.50
2018.05.15 08:29:19.796,1.08685,1.08705,1.00,2.06
2018.05.15 08:29:20.362,1.08686,1.08705,1.00,1.88
2018.05.15 08:29:20.913,1.08685,1.08705,1.00,2.63
2018.05.15 08:29:21.665,1.08683,1.08705,3.00,2.63
2018.05.15 08:29:22.342,1.08683,1.08705,1.50,1.88
2018.05.15 08:29:23.075,1.08683,1.08705,2.62,2.63
2018.05.15 08:29:23.644,1.08683,1.08705,1.87,2.63
2018.05.15 08:29:24.568,1.08683,1.08705,2.62,2.63
2018.05.15 08:29:25.355,1.08683,1.08705,1.12,1.88
2018.05.15 08:29:26.025,1.08683,1.08705,2.62,2.63
2018.05.15 08:29:26.570,1.08683,1.08705,1.87,2.63
2018.05.15 08:29:27.294,1.08683,1.08705,1.87,1.88
2018.05.15 08:29:27.864,1.08683,1.08705,1.87,2.63
2018.05.15 08:29:28.616,1.08683,1.08705,1.87,1.88
2018.05.15 08:29:30.099,1.08684,1.08703,1.87,1.00
2018.05.15 08:29:32.133,1.08687,1.08704,1.12,1.25
2018.05.15 08:29:32.709,1.08688,1.08705,1.50,1.25
2018.05.15 08:29:33.245,1.08689,1.08705,1.00,1.50
2018.05.15 08:29:33.790,1.08688,1.08705,1.50,1.88
2018.05.15 08:29:34.784,1.08689,1.08705,1.00,1.88
2018.05.15 08:29:35.036,1.08683,1.08705,1.12,1.38
2018.05.15 08:29:35.166,1.08683,1.08705,2.25,1.88
2018.05.15 08:29:35.508,1.08683,1.08703,1.87,1.38
2018.05.15 08:29:36.695,1.08684,1.08705,2.25,1.69
2018.05.15 08:29:36.804,1.08684,1.08703,1.00,1.00
2018.05.15 08:29:37.064,1.08681,1.08702,1.00,1.00
2018.05.15 08:29:37.583,1.08681,1.08703,1.00,2.81
2018.05.15 08:29:39.141,1.0868,1.08703,2.62,3.00
2018.05.15 08:29:39.803,1.0868,1.08703,1.12,1.88
2018.05.15 08:29:40.601,1.0868,1.08703,1.12,1.69
2018.05.15 08:29:41.518,1.0868,1.08703,1.12,2.63
2018.05.15 08:29:43.019,1.0868,1.08702,1.00,1.13
2018.05.15 08:29:43.666,1.0868,1.08702,1.00,1.13
2018.05.15 08:29:44.178,1.0868,1.08702,1.00,1.13
2018.05.15 08:29:44.712,1.0868,1.08702,1.00,2.63
2018.05.15 08:29:45.342,1.0868,1.08702,1.00,1.88
2018.05.15 08:29:45.876,1.08677,1.08702,2.44,1.88
2018.05.15 08:29:46.624,1.08677,1.08702,2.25,1.88
2018.05.15 08:29:47.152,1.08677,1.08702,2.44,1.88
2018.05.15 08:29:47.691,1.08677,1.08702,2.25,1.88
2018.05.15 08:29:48.131,1.08677,1.08699,1.12,1.00
2018.05.15 08:29:48.183,1.08677,1.08699,1.00,1.88
2018.05.15 08:29:48.423,1.08677,1.087,1.12,1.88
2018.05.15 08:29:49.023,1.08677,1.087,1.12,1.69
2018.05.15 08:29:49.866,1.08677,1.087,1.12,1.88
2018.05.15 08:29:50.385,1.08677,1.08703,3.00,3.75
2018.05.15 08:29:51.179,1.08677,1.08702,1.88,1.13
2018.05.15 08:29:52.131,1.08677,1.08701,1.88,1.81
2018.05.15 08:29:52.837,1.08677,1.08701,1.50,1.38
2018.05.15 08:29:55.618,1.08677,1.08703,1.50,3.75
2018.05.15 08:29:56.132,1.08677,1.08702,1.31,1.75
2018.05.15 08:29:56.792,1.08677,1.08702,1.12,1.75
2018.05.15 08:29:57.832,1.08677,1.08701,1.50,1.13
2018.05.15 08:29:58.172,1.08671,1.08694,1.56,1.37
2018.05.15 08:29:58.477,1.0867,1.08694,1.00,2.62
2018.05.15 08:29:58.580,1.0867,1.08691,1.00,1.00
2018.05.15 08:29:58.877,1.0867,1.08694,1.50,1.37
2018.05.15 08:29:58.928,1.08672,1.08695,1.00,1.37
2018.05.15 08:29:59.435,1.08673,1.08695,1.00,1.00
2018.05.15 08:30:00.133,1.08672,1.08695,1.12,1.00
2018.05.15 08:30:00.645,1.08672,1.08695,2.44,1.00
2018.05.15 08:30:00.951,1.08676,1.08701,1.87,3.00
2018.05.15 08:30:01.302,1.08676,1.08701,2.25,2.25
2018.05.15 08:30:01.507,1.08676,1.08701,1.37,2.25
2018.05.15 08:30:02.047,1.08676,1.08701,1.50,2.25
2018.05.15 08:30:02.101,1.08677,1.08701,2.00,1.44
2018.05.15 08:30:02.467,1.08677,1.08701,1.87,1.00
2018.05.15 08:30:02.904,1.0868,1.08702,1.50,1.00
2018.05.15 08:30:03.263,1.08678,1.08702,1.75,1.38
2018.05.15 08:30:03.633,1.0868,1.08703,1.75,1.88
2018.05.15 08:30:03.737,1.0868,1.08703,1.87,3.19
2018.05.15 08:30:03.841,1.0868,1.08702,1.75,1.25
2018.05.15 08:30:04.048,1.08678,1.08702,2.25,1.25
2018.05.15 08:30:04.247,1.08679,1.08703,1.87,1.88
2018.05.15 08:30:04.932,1.08679,1.08697,2.25,1.00
2018.05.15 08:30:05.088,1.08679,1.08701,1.87,1.25
2018.05.15 08:30:05.140,1.08679,1.08701,1.87,1.25
2018.05.15 08:30:05.432,1.08679,1.08702,1.37,1.44
2018.05.15 08:30:07.228,1.08678,1.08702,1.12,1.25
2018.05.15 08:30:07.765,1.08678,1.08701,2.25,1.00
2018.05.15 08:30:09.946,1.08678,1.08701,1.87,1.25
2018.05.15 08:30:09.999,1.08677,1.08698,1.00,1.00
2018.05.15 08:30:10.103,1.08673,1.08695,1.50,1.12
2018.05.15 08:30:10.334,1.08675,1.087,1.00,3.19
2018.05.15 08:30:10.852,1.08676,1.087,1.00,1.87
2018.05.15 08:30:11.370,1.08676,1.087,1.00,2.44
2018.05.15 08:30:11.761,1.08676,1.08699,1.00,1.37
2018.05.15 08:30:12.055,1.08677,1.08701,1.50,2.06
2018.05.15 08:30:12.107,1.08677,1.08702,2.25,2.44
2018.05.15 08:30:12.850,1.08677,1.08702,3.37,1.50
2018.05.15 08:30:13.158,1.08678,1.08702,1.87,2.63
2018.05.15 08:30:13.693,1.08677,1.08702,3.37,1.88
2018.05.15 08:30:15.271,1.08678,1.08702,2.62,1.38
2018.05.15 08:30:15.323,1.08678,1.08703,3.00,3.38
2018.05.15 08:30:15.578,1.08678,1.08703,1.87,2.81
2018.05.15 08:30:15.630,1.08678,1.08703,1.12,2.25
2018.05.15 08:30:15.942,1.08678,1.08703,3.00,2.25
2018.05.15 08:30:17.944,1.08678,1.08702,1.12,1.38
2018.05.15 08:30:18.109,1.08677,1.08701,1.37,1.37
2018.05.15 08:30:18.905,1.08676,1.087,2.62,1.50
2018.05.15 08:30:20.324,1.08675,1.08698,1.75,1.13
2018.05.15 08:30:21.019,1.08676,1.08699,2.25,1.50
2018.05.15 08:30:21.645,1.08676,1.08699,2.25,1.50
2018.05.15 08:30:22.646,1.08676,1.08699,1.50,1.31
2018.05.15 08:30:23.171,1.08676,1.08699,2.25,1.69
2018.05.15 08:30:24.095,1.08676,1.08699,2.25,1.31
2018.05.15 08:30:24.610,1.08676,1.08699,1.50,1.44
2018.05.15 08:30:25.535,1.08676,1.08699,1.50,1.25
2018.05.15 08:30:26.125,1.08676,1.08699,1.50,1.44
2018.05.15 08:30:26.700,1.08676,1.08699,1.50,1.25
2018.05.15 08:30:27.241,1.08676,1.08699,1.50,1.44
2018.05.15 08:30:27.760,1.08676,1.08699,1.50,1.25
2018.05.15 08:30:33.492,1.08677,1.08699,1.00,1.00
2018.05.15 08:30:34.051,1.08676,1.08699,2.25,1.00
2018.05.15 08:30:34.779,1.08676,1.08699,2.62,1.00
2018.05.15 08:30:34.986,1.08678,1.08699,1.37,1.00
2018.05.15 08:30:40.099,1.08679,1.08699,1.37,1.00
2018.05.15 08:30:40.845,1.08679,1.08699,1.12,1.00
2018.05.15 08:30:41.355,1.0868,1.08699,1.12,1.00
2018.05.15 08:30:41.864,1.08679,1.08699,1.12,1.00
2018.05.15 08:30:42.425,1.0868,1.08699,1.00,1.00
2018.05.15 08:30:42.947,1.08679,1.08699,1.12,1.00
2018.05.15 08:30:43.466,1.0868,1.08699,1.00,1.00
2018.05.15 08:30:44.096,1.08679,1.08699,1.12,1.00
2018.05.15 08:30:45.448,1.08678,1.08699,1.12,1.00
2018.05.15 08:30:45.919,1.0868,1.08701,1.37,1.31
2018.05.15 08:30:46.147,1.08679,1.08702,1.12,1.88
2018.05.15 08:30:46.661,1.08679,1.08702,1.50,2.44
2018.05.15 08:30:47.469,1.08679,1.08702,1.12,1.81
2018.05.15 08:30:48.154,1.08679,1.08701,1.50,1.50
2018.05.15 08:30:48.720,1.08679,1.08702,1.12,2.44
2018.05.15 08:30:49.752,1.08679,1.08701,1.50,1.19
2018.05.15 08:30:50.286,1.08679,1.08702,1.87,2.06
2018.05.15 08:30:50.677,1.08681,1.08701,1.00,1.50
2018.05.15 08:30:51.195,1.08678,1.087,2.25,1.00
2018.05.15 08:31:00.920,1.08679,1.087,1.50,1.39
2018.05.15 08:31:01.539,1.08678,1.087,1.37,1.25
2018.05.15 08:31:02.068,1.08678,1.087,1.87,1.39
2018.05.15 08:31:02.569,1.08678,1.087,1.37,1.09
2018.05.15 08:31:02.914,1.08678,1.087,1.37,1.38
2018.05.15 08:31:03.119,1.08677,1.08698,1.12,1.00
2018.05.15 08:31:03.171,1.08677,1.087,1.50,1.50
2018.05.15 08:31:05.741,1.08676,1.087,1.75,2.25
2018.05.15 08:31:07.663,1.08676,1.08699,1.12,1.31
2018.05.15 08:31:08.494,1.08675,1.087,1.69,3.19
2018.05.15 08:31:09.216,1.08675,1.08699,1.50,1.50
2018.05.15 08:31:10.478,1.08675,1.08699,1.69,2.44
2018.05.15 08:31:11.827,1.08676,1.08699,1.37,2.25
2018.05.15 08:31:15.752,1.08674,1.08699,3.56,2.25
2018.05.15 08:31:16.286,1.08675,1.08699,1.50,1.31
2018.05.15 08:31:16.697,1.08674,1.08699,3.38,1.63
2018.05.15 08:31:16.748,1.08674,1.08699,3.00,1.12
2018.05.15 08:31:17.537,1.08677,1.08699,1.12,1.50
2018.05.15 08:31:18.466,1.08677,1.087,1.12,2.25
2018.05.15 08:31:19.114,1.08677,1.08699,1.12,1.44
2018.05.15 08:31:19.643,1.08677,1.087,3.00,2.44
2018.05.15 08:31:20.445,1.08677,1.087,2.25,1.50
2018.05.15 08:31:20.987,1.08678,1.087,1.12,1.69
2018.05.15 08:31:22.017,1.08677,1.087,3.00,1.50
2018.05.15 08:31:22.584,1.08677,1.087,2.25,1.69
2018.05.15 08:31:23.129,1.08677,1.087,2.25,1.50
2018.05.15 08:31:23.792,1.08677,1.087,3.00,1.69
2018.05.15 08:31:24.384,1.08678,1.087,1.12,1.50
2018.05.15 08:31:25.335,1.08678,1.087,1.12,1.88
2018.05.15 08:31:25.874,1.08678,1.087,1.12,1.50
2018.05.15 08:31:26.465,1.08677,1.087,2.25,1.69
2018.05.15 08:31:27.262,1.08677,1.087,2.25,1.50
2018.05.15 08:31:27.814,1.08677,1.087,1.50,1.69
2018.05.15 08:31:29.106,1.08677,1.087,2.25,1.50
2018.05.15 08:31:29.821,1.08677,1.087,2.25,1.50
2018.05.15 08:31:30.183,1.08677,1.087,1.50,1.50
2018.05.15 08:31:30.768,1.08677,1.087,1.50,1.69
2018.05.15 08:31:31.742,1.08677,1.087,1.50,1.50
2018.05.15 08:31:32.250,1.08677,1.087,1.50,1.69
2018.05.15 08:31:33.776,1.08677,1.087,2.25,1.50
2018.05.15 08:31:34.319,1.08677,1.087,2.25,1.88
2018.05.15 08:31:34.853,1.08678,1.087,1.12,1.50
2018.05.15 08:31:35.490,1.08678,1.087,1.12,1.88
2018.05.15 08:31:36.588,1.08679,1.087,1.00,1.69
2018.05.15 08:31:37.093,1.08679,1.087,1.00,1.50
2018.05.15 08:31:37.603,1.08677,1.087,2.25,1.69
2018.05.15 08:31:37.943,1.08677,1.087,1.50,1.12
2018.05.15 08:31:37.994,1.08677,1.087,1.50,1.69
2018.05.15 08:31:38.336,1.08677,1.087,2.25,1.38
2018.05.15 08:31:38.388,1.08677,1.087,1.87,1.75
2018.05.15 08:31:38.929,1.08677,1.087,3.00,1.63
2018.05.15 08:31:39.438,1.08677,1.08701,1.37,2.06
2018.05.15 08:31:39.584,1.08675,1.08698,1.50,2.63
2018.05.15 08:31:39.643,1.08671,1.08694,2.25,1.50
2018.05.15 08:31:40.157,1.0867,1.08693,1.25,1.37
2018.05.15 08:31:40.209,1.08669,1.08693,1.19,2.06
2018.05.15 08:31:40.743,1.08669,1.08692,1.13,2.63
2018.05.15 08:31:44.772,1.08667,1.0869,2.25,1.12
2018.05.15 08:31:45.283,1.08667,1.0869,2.63,1.31
2018.05.15 08:31:45.794,1.08667,1.0869,1.81,1.12
2018.05.15 08:31:46.156,1.08667,1.0869,1.50,1.75
2018.05.15 08:31:46.250,1.08667,1.08689,1.00,1.12
2018.05.15 08:31:46.403,1.08674,1.08693,1.75,1.38
2018.05.15 08:31:46.456,1.08672,1.08694,1.50,1.00
2018.05.15 08:31:46.508,1.08673,1.08691,1.37,1.00
2018.05.15 08:31:46.560,1.08672,1.08691,1.50,1.00
2018.05.15 08:31:46.817,1.08672,1.08691,2.25,1.00
2018.05.15 08:31:47.133,1.08676,1.08697,1.12,1.00
2018.05.15 08:31:47.667,1.08676,1.08697,1.37,1.00
2018.05.15 08:31:48.908,1.08676,1.08697,1.37,1.56
2018.05.15 08:31:49.114,1.08676,1.08697,1.37,1.00
2018.05.15 08:31:49.165,1.08676,1.08697,1.37,1.56
2018.05.15 08:31:49.881,1.08676,1.08697,1.37,1.63
2018.05.15 08:31:50.732,1.08676,1.08697,1.37,1.63
2018.05.15 08:31:50.992,1.08672,1.08694,1.50,1.25
2018.05.15 08:31:51.044,1.08671,1.08694,1.00,1.31
2018.05.15 08:31:51.596,1.08668,1.08693,3.75,2.44
2018.05.15 08:31:52.139,1.08671,1.08693,1.00,1.88
2018.05.15 08:31:53.098,1.08671,1.08693,1.00,1.31
2018.05.15 08:31:53.729,1.08671,1.08694,1.00,2.25
2018.05.15 08:31:54.346,1.08671,1.08694,1.00,2.06
2018.05.15 08:31:54.865,1.08671,1.08694,1.00,2.25
2018.05.15 08:31:56.186,1.08671,1.08694,1.50,2.06
2018.05.15 08:31:56.749,1.08671,1.08694,1.50,2.25
2018.05.15 08:31:57.279,1.08672,1.08694,1.00,2.25
2018.05.15 08:31:57.911,1.08672,1.08694,1.00,2.06
2018.05.15 08:31:58.433,1.08671,1.08694,1.50,1.56
2018.05.15 08:31:58.945,1.08672,1.08694,1.87,1.31
2018.05.15 08:32:00.142,1.08671,1.08694,1.87,1.31
2018.05.15 08:32:01.027,1.08671,1.08694,2.25,1.31
2018.05.15 08:32:01.717,1.08673,1.08698,3.37,1.13
2018.05.15 08:32:02.271,1.08675,1.08698,1.75,1.31
2018.05.15 08:32:02.857,1.08677,1.08699,1.50,1.88
2018.05.15 08:32:03.415,1.08677,1.08699,1.50,1.50
2018.05.15 08:32:03.943,1.08677,1.08699,1.50,1.44
2018.05.15 08:32:04.509,1.08677,1.08699,1.50,1.63
2018.05.15 08:32:04.715,1.08677,1.08699,1.12,2.44
2018.05.15 08:32:05.472,1.08677,1.08699,1.12,2.25
2018.05.15 08:32:05.524,1.08677,1.087,2.06,1.63
2018.05.15 08:32:05.576,1.08677,1.08702,3.00,2.63
2018.05.15 08:32:06.094,1.08679,1.08703,2.62,2.25
2018.05.15 08:32:06.793,1.0868,1.08703,1.00,2.25
2018.05.15 08:32:07.590,1.08679,1.08702,1.87,1.00
2018.05.15 08:32:08.184,1.0868,1.08702,1.00,1.00
2018.05.15 08:32:08.995,1.08679,1.08702,1.87,1.00
2018.05.15 08:32:09.512,1.0868,1.08702,1.00,1.63
2018.05.15 08:32:10.051,1.08679,1.08702,1.87,1.63
2018.05.15 08:32:10.360,1.08677,1.087,1.87,1.50
2018.05.15 08:32:10.878,1.08677,1.08701,1.12,2.25
2018.05.15 08:32:11.673,1.08676,1.087,2.25,1.25
2018.05.15 08:32:12.241,1.08677,1.08699,1.37,1.00
2018.05.15 08:32:12.601,1.08677,1.08701,1.87,2.25
2018.05.15 08:32:12.653,1.08677,1.08701,1.75,1.88
2018.05.15 08:32:13.288,1.08677,1.08701,1.75,1.31
2018.05.15 08:32:13.443,1.08676,1.08701,3.38,2.63
2018.05.15 08:32:13.985,1.08676,1.08701,1.50,2.81
2018.05.15 08:32:14.632,1.08676,1.08701,3.38,2.44
2018.05.15 08:32:14.684,1.08679,1.08701,1.37,1.69
2018.05.15 08:32:15.271,1.08679,1.08701,1.37,1.31
2018.05.15 08:32:15.781,1.08679,1.08702,1.50,1.69
2018.05.15 08:32:17.544,1.0868,1.08702,1.37,1.31
2018.05.15 08:32:18.512,1.08679,1.08702,1.50,1.25
2018.05.15 08:32:19.020,1.08681,1.08702,1.12,1.31
2018.05.15 08:32:19.630,1.0868,1.08702,1.37,1.25
2018.05.15 08:32:20.286,1.08679,1.08702,3.37,1.31
2018.05.15 08:32:20.817,1.08679,1.08702,1.50,1.25
2018.05.15 08:32:21.124,1.08683,1.08704,1.87,1.56
2018.05.15 08:32:21.836,1.08682,1.08704,1.50,1.31
2018.05.15 08:32:22.359,1.08683,1.08704,1.12,1.69
2018.05.15 08:32:23.046,1.08683,1.08704,1.12,1.88
2018.05.15 08:32:23.589,1.08683,1.08704,1.12,1.88
2018.05.15 08:32:24.097,1.08684,1.08704,1.00,2.63
2018.05.15 08:32:24.560,1.08682,1.08704,1.12,2.63
2018.05.15 08:32:25.104,1.08681,1.08703,1.37,1.69
2018.05.15 08:32:25.620,1.08681,1.08703,1.37,1.69
2018.05.15 08:32:26.122,1.08681,1.08703,1.37,1.50
2018.05.15 08:32:27.323,1.08681,1.08703,1.37,1.88
2018.05.15 08:32:27.867,1.08682,1.08703,1.12,1.69
2018.05.15 08:32:28.369,1.08682,1.08703,1.12,1.50
2018.05.15 08:32:28.918,1.08683,1.08703,1.00,1.69
2018.05.15 08:32:29.431,1.08683,1.08703,1.50,1.12
2018.05.15 08:32:29.908,1.08685,1.08704,1.00,1.00
2018.05.15 08:32:29.960,1.08683,1.08704,1.50,1.00
2018.05.15 08:32:37.585,1.08683,1.08704,1.87,1.00
2018.05.15 08:32:38.573,1.08684,1.08705,1.00,1.50
2018.05.15 08:32:39.522,1.08685,1.08705,1.00,1.50
2018.05.15 08:32:40.071,1.08684,1.08705,1.00,1.50
2018.05.15 08:32:44.101,1.08684,1.08705,1.50,1.69
2018.05.15 08:32:57.877,1.08684,1.08705,1.00,1.00
2018.05.15 08:32:59.880,1.08685,1.08705,1.00,1.00
2018.05.15 08:32:59.931,1.08685,1.08705,1.75,1.00
2018.05.15 08:33:00.449,1.08687,1.08706,2.25,1.00
2018.05.15 08:33:00.993,1.08687,1.08706,1.87,1.00
2018.05.15 08:33:03.816,1.08686,1.08706,2.25,1.44
2018.05.15 08:33:04.349,1.08686,1.08706,1.50,1.25
2018.05.15 08:33:04.861,1.08688,1.08707,1.37,1.88
2018.05.15 08:33:06.671,1.08688,1.08707,1.12,1.88
2018.05.15 08:33:07.271,1.08686,1.08706,1.37,1.25
2018.05.15 08:33:07.773,1.08686,1.08707,1.37,1.38
2018.05.15 08:33:08.040,1.08686,1.08707,1.87,1.50
2018.05.15 08:33:08.143,1.08689,1.08708,1.75,1.00
2018.05.15 08:33:08.246,1.08688,1.08708,3.00,1.72
2018.05.15 08:33:08.918,1.08689,1.08708,1.87,1.16
2018.05.15 08:33:09.033,1.08689,1.08708,1.50,1.13
2018.05.15 08:33:09.339,1.08688,1.08707,3.37,1.00
2018.05.15 08:33:09.882,1.08689,1.08708,1.75,1.00
2018.05.15 08:33:11.078,1.08691,1.08709,1.37,1.50
2018.05.15 08:33:11.491,1.08689,1.08709,2.25,2.55
2018.05.15 08:33:12.036,1.08689,1.08709,2.25,2.74
2018.05.15 08:33:13.788,1.08689,1.08709,1.50,2.74
2018.05.15 08:33:14.037,1.08687,1.08709,1.37,3.49
2018.05.15 08:33:14.090,1.08686,1.08708,1.00,2.06
2018.05.15 08:33:14.142,1.08689,1.08708,1.00,1.61
2018.05.15 08:33:14.644,1.08687,1.08707,1.37,1.13
2018.05.15 08:33:16.349,1.08687,1.08707,1.87,1.88
2018.05.15 08:33:16.478,1.08682,1.087,1.00,1.00
2018.05.15 08:33:16.530,1.08684,1.087,1.00,1.00
2018.05.15 08:33:16.633,1.08683,1.08702,1.12,1.00
2018.05.15 08:33:16.685,1.08683,1.08706,1.12,2.06
2018.05.15 08:33:17.209,1.08684,1.08705,1.00,1.50
2018.05.15 08:33:17.825,1.08684,1.08705,1.37,1.50
2018.05.15 08:33:19.658,1.08684,1.08706,1.37,1.50
2018.05.15 08:33:22.949,1.08685,1.08706,1.37,1.50
2018.05.15 08:33:24.479,1.08685,1.08705,1.37,1.00
2018.05.15 08:33:24.733,1.08684,1.08705,1.12,1.87
2018.05.15 08:33:25.293,1.08683,1.08704,1.50,1.50
2018.05.15 08:33:28.498,1.08687,1.08704,1.00,1.50
2018.05.15 08:33:29.007,1.08686,1.08704,1.00,1.00
2018.05.15 08:33:29.520,1.08687,1.08704,1.00,1.00
2018.05.15 08:33:30.852,1.08684,1.08704,1.12,1.00
2018.05.15 08:33:31.732,1.08684,1.08705,1.12,1.00
2018.05.15 08:33:32.259,1.08683,1.08704,1.00,1.50
2018.05.15 08:33:32.361,1.08685,1.08704,1.00,1.50
2018.05.15 08:33:32.412,1.08683,1.08704,1.00,1.50
2018.05.15 08:33:32.464,1.08683,1.08704,1.50,1.50
2018.05.15 08:33:32.973,1.08683,1.08704,1.37,1.50
2018.05.15 08:33:33.474,1.08685,1.08704,1.00,1.00
2018.05.15 08:33:33.879,1.08686,1.08707,1.75,1.25
2018.05.15 08:33:33.930,1.08685,1.08704,1.12,1.00
2018.05.15 08:33:34.467,1.08683,1.08704,1.37,1.00
2018.05.15 08:33:34.999,1.08684,1.08703,1.50,1.00
2018.05.15 08:33:35.949,1.08684,1.08703,1.50,2.25
2018.05.15 08:33:36.476,1.08684,1.08703,1.00,1.37
2018.05.15 08:33:36.528,1.08683,1.08704,1.37,1.50
2018.05.15 08:33:36.581,1.08686,1.08704,1.00,2.25
2018.05.15 08:33:36.632,1.08683,1.08704,1.37,2.25
2018.05.15 08:33:37.160,1.08683,1.08704,1.00,1.50
2018.05.15 08:33:38.067,1.08683,1.08704,1.87,1.50
2018.05.15 08:33:38.525,1.08684,1.08705,1.87,1.00
2018.05.15 08:33:39.071,1.08687,1.08706,1.00,1.13
2018.05.15 08:33:39.596,1.08685,1.08706,1.37,1.13
2018.05.15 08:33:40.108,1.08684,1.08705,1.50,1.00
2018.05.15 08:33:40.609,1.08685,1.08706,1.50,1.13
2018.05.15 08:33:41.543,1.08685,1.08706,1.00,1.13
2018.05.15 08:33:42.087,1.08684,1.08706,1.50,1.50
2018.05.15 08:33:42.900,1.08684,1.08706,1.50,1.88
2018.05.15 08:33:43.503,1.08685,1.08706,1.87,1.88
2018.05.15 08:33:44.030,1.08684,1.08706,1.87,1.50
2018.05.15 08:33:45.024,1.08685,1.08706,1.00,1.87
2018.05.15 08:33:45.347,1.08684,1.08704,1.87,1.00
2018.05.15 08:33:46.015,1.08685,1.08706,1.12,1.88
2018.05.15 08:33:46.284,1.08684,1.08706,1.87,1.88
2018.05.15 08:33:48.629,1.08682,1.08704,3.00,1.00
2018.05.15 08:33:49.165,1.08684,1.08704,1.50,1.50
2018.05.15 08:33:54.224,1.08684,1.08704,1.37,1.50
2018.05.15 08:33:54.326,1.08683,1.08704,1.00,1.87
2018.05.15 08:33:55.982,1.08684,1.08705,1.50,1.00
2018.05.15 08:33:57.183,1.08685,1.08705,1.00,1.00
2018.05.15 08:33:58.589,1.08684,1.08705,1.87,1.00
2018.05.15 08:33:58.642,1.08687,1.08707,1.50,1.88
2018.05.15 08:33:59.199,1.08686,1.08707,3.37,1.69
2018.05.15 08:34:00.147,1.08688,1.08706,1.00,1.00
2018.05.15 08:34:03.826,1.08691,1.08709,2.25,1.61
2018.05.15 08:34:04.033,1.08689,1.08708,2.62,1.15
2018.05.15 08:34:04.086,1.08689,1.08705,2.25,1.00
2018.05.15 08:34:04.139,1.08689,1.08708,1.12,1.15
2018.05.15 08:34:04.663,1.08689,1.08707,1.12,1.00
2018.05.15 08:34:07.318,1.08689,1.08707,1.75,1.00
2018.05.15 08:34:07.423,1.08687,1.08708,1.12,1.49
2018.05.15 08:34:09.975,1.08685,1.08706,2.25,1.00
2018.05.15 08:34:12.915,1.08685,1.08708,3.00,1.16
2018.05.15 08:34:12.967,1.0869,1.08708,1.75,1.05
2018.05.15 08:34:13.297,1.08692,1.08709,1.12,1.05
2018.05.15 08:34:13.682,1.08691,1.08706,1.12,1.00
2018.05.15 08:34:13.738,1.08692,1.08709,1.12,1.05
2018.05.15 08:34:17.425,1.08692,1.08709,1.12,1.04
2018.05.15 08:34:19.364,1.08692,1.08706,1.12,1.00
2018.05.15 08:34:26.312,1.08688,1.08706,1.50,1.00
2018.05.15 08:34:26.364,1.08687,1.08703,1.37,1.00
2018.05.15 08:34:26.520,1.08686,1.08705,1.87,1.00
2018.05.15 08:34:26.572,1.08686,1.08705,2.25,1.00
2018.05.15 08:34:26.951,1.08685,1.08705,3.37,1.00
2018.05.15 08:34:27.155,1.08685,1.08705,1.75,1.00
2018.05.15 08:34:27.471,1.08686,1.08705,1.12,1.00
2018.05.15 08:34:27.947,1.08685,1.08703,1.87,1.00
2018.05.15 08:34:28.414,1.08684,1.08703,1.50,1.00
2018.05.15 08:34:29.038,1.08684,1.08702,1.37,1.00
2018.05.15 08:34:30.863,1.08683,1.08703,1.37,1.00
2018.05.15 08:34:30.914,1.08687,1.08706,1.12,2.25
2018.05.15 08:34:31.016,1.08687,1.08705,1.00,1.00
2018.05.15 08:34:31.169,1.08684,1.08705,1.37,1.00
2018.05.15 08:34:31.705,1.08684,1.08706,2.62,1.50
2018.05.15 08:34:32.632,1.08684,1.08706,2.25,2.44
2018.05.15 08:34:37.372,1.08684,1.08704,2.25,1.00
2018.05.15 08:34:37.493,1.08684,1.08706,2.25,1.00
2018.05.15 08:34:40.045,1.08684,1.08706,1.50,1.50
2018.05.15 08:34:40.504,1.08684,1.08703,1.00,1.00
2018.05.15 08:34:41.804,1.08684,1.08703,2.62,1.00
2018.05.15 08:34:41.958,1.08684,1.08703,1.12,1.00
2018.05.15 08:34:47.348,1.08684,1.08705,1.00,1.00
2018.05.15 08:34:47.475,1.08683,1.08704,1.00,1.87
2018.05.15 08:34:47.734,1.08684,1.08707,1.87,1.50
2018.05.15 08:34:48.967,1.08685,1.08707,1.50,1.00
2018.05.15 08:34:53.137,1.08685,1.08707,3.00,1.50
2018.05.15 08:34:53.719,1.08685,1.08707,3.00,1.12
2018.05.15 08:34:54.220,1.08685,1.08707,3.00,1.25
2018.05.15 08:34:54.734,1.08688,1.08708,1.00,1.12
2018.05.15 08:34:54.889,1.08685,1.08708,1.00,2.25
2018.05.15 08:34:55.418,1.08685,1.08707,1.00,1.00
2018.05.15 08:34:57.890,1.08685,1.08707,2.25,1.25
2018.05.15 08:34:58.418,1.08685,1.08707,2.25,1.25
2018.05.15 08:35:03.092,1.08684,1.08707,2.44,1.00
2018.05.15 08:35:04.288,1.08685,1.08707,1.87,1.00
2018.05.15 08:35:04.794,1.08685,1.08708,1.12,1.01
2018.05.15 08:35:05.769,1.08688,1.08709,1.50,1.07
2018.05.15 08:35:05.974,1.08692,1.08714,1.50,1.00
2018.05.15 08:35:06.510,1.0869,1.08713,2.44,1.00
2018.05.15 08:35:07.662,1.08693,1.08715,1.12,1.00
2018.05.15 08:35:07.880,1.08694,1.08717,1.31,1.00
2018.05.15 08:35:07.985,1.08696,1.08721,1.88,2.25
2018.05.15 08:35:08.156,1.08697,1.08718,1.00,1.00
2018.05.15 08:35:08.696,1.08697,1.08719,1.25,1.00
2018.05.15 08:35:09.247,1.08697,1.0872,1.00,1.00
2018.05.15 08:35:09.797,1.08697,1.08721,1.00,1.69
2018.05.15 08:35:10.313,1.08696,1.08721,1.88,1.69
2018.05.15 08:35:10.845,1.08697,1.08721,1.00,1.50
2018.05.15 08:35:11.535,1.08696,1.08721,1.69,1.87
2018.05.15 08:35:11.995,1.08698,1.08721,1.00,2.62
2018.05.15 08:35:13.945,1.08696,1.08721,2.06,2.62
2018.05.15 08:35:14.334,1.08696,1.08721,1.63,1.87
2018.05.15 08:35:14.805,1.08695,1.08718,1.00,1.00
2018.05.15 08:35:15.152,1.08691,1.08712,1.75,1.00
2018.05.15 08:35:15.255,1.08691,1.08712,1.12,1.00
2018.05.15 08:35:16.138,1.08691,1.08711,1.12,1.00
2018.05.15 08:35:16.638,1.08689,1.08709,1.38,1.00
2018.05.15 08:35:16.692,1.08688,1.08711,2.06,1.00
2018.05.15 08:35:17.395,1.08689,1.08712,2.63,1.50
2018.05.15 08:35:17.497,1.08689,1.08712,2.44,1.50
2018.05.15 08:35:20.203,1.08688,1.08712,3.19,1.50
2018.05.15 08:35:20.722,1.08689,1.08712,1.00,1.50
2018.05.15 08:35:21.336,1.08688,1.08712,3.19,1.50
2018.05.15 08:35:22.222,1.08691,1.08712,1.00,1.50
2018.05.15 08:35:22.326,1.0869,1.08712,1.31,1.00
2018.05.15 08:35:22.656,1.08693,1.08714,1.31,1.00
2018.05.15 08:35:23.271,1.08692,1.08714,1.25,1.00
2018.05.15 08:35:23.778,1.08691,1.08714,1.50,1.00
2018.05.15 08:35:24.284,1.0869,1.08714,2.25,2.62
2018.05.15 08:35:24.804,1.0869,1.08713,2.06,1.12
2018.05.15 08:35:25.354,1.0869,1.08713,2.25,1.87
2018.05.15 08:35:25.885,1.0869,1.08714,1.87,1.87
2018.05.15 08:35:26.427,1.0869,1.08712,2.25,1.00
2018.05.15 08:35:27.006,1.0869,1.08714,2.25,2.25
2018.05.15 08:35:30.404,1.08688,1.08713,1.87,1.38
2018.05.15 08:35:30.507,1.08688,1.08709,1.37,1.00
2018.05.15 08:35:30.559,1.08687,1.08709,1.00,1.87
2018.05.15 08:35:30.611,1.08687,1.08709,1.00,2.25
2018.05.15 08:35:30.663,1.08687,1.08709,1.12,1.87
2018.05.15 08:35:30.714,1.08685,1.08708,1.81,1.37
2018.05.15 08:35:31.034,1.0869,1.08712,1.37,1.00
2018.05.15 08:35:31.290,1.08686,1.08708,1.69,1.00
2018.05.15 08:35:31.684,1.08689,1.08712,1.37,1.50
2018.05.15 08:35:31.993,1.08686,1.08709,1.75,1.87
2018.05.15 08:35:33.049,1.08687,1.08709,2.44,1.37
2018.05.15 08:35:33.617,1.08687,1.08709,2.25,1.37
2018.05.15 08:35:34.082,1.08686,1.08706,1.94,1.00
2018.05.15 08:35:34.134,1.08686,1.08706,1.12,1.00
2018.05.15 08:35:34.186,1.08686,1.08709,1.37,1.50
2018.05.15 08:35:34.290,1.08689,1.0871,1.00,1.00
2018.05.15 08:35:35.038,1.08689,1.08709,1.00,1.00
2018.05.15 08:35:35.587,1.08689,1.0871,1.00,1.50
2018.05.15 08:35:35.980,1.08689,1.08708,1.00,1.00
2018.05.15 08:35:36.498,1.08685,1.08708,2.19,1.00
2018.05.15 08:35:38.227,1.08686,1.0871,1.13,2.06
2018.05.15 08:35:38.751,1.08686,1.08709,1.13,1.00
2018.05.15 08:35:40.296,1.08688,1.0871,1.69,1.87
2018.05.15 08:35:40.875,1.08689,1.0871,1.00,1.87
2018.05.15 08:35:41.701,1.08692,1.08714,1.50,1.50
2018.05.15 08:35:41.909,1.08692,1.08716,2.19,1.31
2018.05.15 08:35:43.296,1.08692,1.08717,1.88,1.50
2018.05.15 08:35:44.063,1.08692,1.08717,2.81,1.87
2018.05.15 08:35:44.166,1.08696,1.08717,1.00,1.12
2018.05.15 08:35:44.812,1.08696,1.08716,1.00,1.00
2018.05.15 08:35:45.338,1.08695,1.08716,1.00,1.00
2018.05.15 08:35:45.852,1.08696,1.08716,1.00,1.25
2018.05.15 08:35:46.429,1.08694,1.08717,1.13,1.44
2018.05.15 08:35:47.314,1.08694,1.08717,1.00,1.25
2018.05.15 08:35:47.416,1.08697,1.08717,1.00,1.25
2018.05.15 08:35:47.621,1.08695,1.08717,1.00,1.88
2018.05.15 08:35:48.164,1.08696,1.08717,1.00,1.88
2018.05.15 08:35:48.782,1.08695,1.08717,1.00,1.44
2018.05.15 08:35:49.405,1.08694,1.08717,1.00,1.25
2018.05.15 08:35:49.526,1.08697,1.08717,1.00,1.44
2018.05.15 08:35:49.628,1.08695,1.08717,1.00,1.25
2018.05.15 08:35:50.235,1.08696,1.08718,1.00,1.00
2018.05.15 08:35:50.775,1.08695,1.08718,1.13,1.13
2018.05.15 08:35:51.037,1.08697,1.08719,1.00,1.88
2018.05.15 08:35:51.088,1.08696,1.08719,1.00,1.50
2018.05.15 08:35:51.139,1.08695,1.08717,1.38,1.00
2018.05.15 08:35:51.352,1.08694,1.08717,1.50,1.00
2018.05.15 08:35:51.403,1.08695,1.08717,1.44,1.00
2018.05.15 08:35:51.932,1.08695,1.08717,1.13,1.00
2018.05.15 08:35:52.347,1.08697,1.08718,1.00,1.00
2018.05.15 08:35:52.656,1.08695,1.08718,1.13,1.00
2018.05.15 08:35:53.203,1.08696,1.08718,1.00,1.00
2018.05.15 08:35:54.104,1.08695,1.08718,1.13,1.13
2018.05.15 08:35:55.219,1.08694,1.08718,1.88,1.00
2018.05.15 08:35:55.409,1.08695,1.08717,1.13,1.00
2018.05.15 08:35:55.917,1.08695,1.08719,1.69,3.00
2018.05.15 08:35:56.504,1.08695,1.08719,2.63,2.25
2018.05.15 08:35:58.559,1.08697,1.08719,1.31,1.87
2018.05.15 08:35:58.894,1.08694,1.08718,1.81,1.12
2018.05.15 08:35:58.947,1.08694,1.08718,1.88,1.00
2018.05.15 08:36:00.452,1.08695,1.08718,1.38,1.69
2018.05.15 08:36:00.704,1.08694,1.08717,1.50,1.44
2018.05.15 08:36:01.011,1.08694,1.08718,1.50,3.00
2018.05.15 08:36:01.318,1.08694,1.08716,1.50,1.00
2018.05.15 08:36:01.878,1.08694,1.08717,1.50,1.00
2018.05.15 08:36:02.390,1.08694,1.08717,1.50,1.13
2018.05.15 08:36:02.696,1.08694,1.08717,1.31,1.00
2018.05.15 08:36:03.219,1.08694,1.08717,1.31,1.00
2018.05.15 08:36:03.271,1.08694,1.08717,1.50,1.00
2018.05.15 08:36:03.783,1.08694,1.08717,1.50,1.00
2018.05.15 08:36:04.343,1.08694,1.08716,1.50,1.00
2018.05.15 08:36:04.868,1.08694,1.08716,1.50,1.00
2018.05.15 08:36:05.753,1.08694,1.08717,1.50,1.50
2018.05.15 08:36:06.329,1.08694,1.08717,1.50,1.50
2018.05.15 08:36:06.959,1.08694,1.08717,1.50,1.00
2018.05.15 08:36:07.537,1.08694,1.08716,1.50,1.00
2018.05.15 08:36:07.833,1.08694,1.08716,1.12,1.00
2018.05.15 08:36:08.432,1.08694,1.08717,1.50,1.00
2018.05.15 08:36:08.715,1.08694,1.08717,2.06,1.00
2018.05.15 08:36:09.248,1.08694,1.08717,1.50,1.00
2018.05.15 08:36:09.777,1.08694,1.08717,1.50,1.00
2018.05.15 08:36:10.485,1.08694,1.08716,1.50,1.00
2018.05.15 08:36:11.028,1.08694,1.08717,1.50,1.00
2018.05.15 08:36:11.575,1.08694,1.08716,1.50,1.00
2018.05.15 08:36:12.109,1.08694,1.08716,1.00,1.00
2018.05.15 08:36:12.624,1.08693,1.08717,2.25,1.50
2018.05.15 08:36:13.151,1.08692,1.08717,2.63,1.00
2018.05.15 08:36:15.475,1.08693,1.08717,1.94,1.50
2018.05.15 08:36:16.035,1.08694,1.08717,1.00,1.50
2018.05.15 08:36:16.661,1.08694,1.08717,1.69,1.50
2018.05.15 08:36:17.050,1.08697,1.08717,1.00,1.50
2018.05.15 08:36:17.356,1.08693,1.0871,1.00,1.00
2018.05.15 08:36:17.665,1.08694,1.08712,1.00,1.00
2018.05.15 08:36:17.723,1.08696,1.08714,1.13,1.00
2018.05.15 08:36:18.158,1.08694,1.08714,1.87,1.00
2018.05.15 08:36:18.262,1.08692,1.08711,1.19,1.00
2018.05.15 08:36:18.707,1.0869,1.08711,1.69,1.00
2018.05.15 08:36:18.760,1.08688,1.0871,1.44,1.50
2018.05.15 08:36:18.813,1.08688,1.0871,1.25,2.25
2018.05.15 08:36:19.314,1.08686,1.08709,2.44,1.87
2018.05.15 08:36:19.876,1.08686,1.08709,2.44,1.87
2018.05.15 08:36:20.449,1.08685,1.08707,1.88,1.00
2018.05.15 08:36:20.807,1.08685,1.08707,2.63,1.00
2018.05.15 08:36:20.859,1.08687,1.08707,1.88,1.00
2018.05.15 08:36:21.524,1.08689,1.08707,1.50,1.00
2018.05.15 08:36:21.626,1.08688,1.08707,1.81,1.00
2018.05.15 08:36:22.170,1.08689,1.08709,1.50,1.00
2018.05.15 08:36:22.221,1.08689,1.08709,1.50,1.00
2018.05.15 08:36:23.007,1.08689,1.08709,1.50,1.00
2018.05.15 08:36:23.594,1.08687,1.08709,1.87,1.00
2018.05.15 08:36:24.105,1.08688,1.08709,1.75,1.00
2018.05.15 08:36:24.540,1.08689,1.08712,3.00,1.50
2018.05.15 08:36:24.807,1.08689,1.08712,3.19,1.50
2018.05.15 08:36:24.858,1.08689,1.08712,2.06,3.00
2018.05.15 08:36:24.960,1.08689,1.0871,1.75,1.00
2018.05.15 08:36:25.113,1.08689,1.0871,1.81,1.00
2018.05.15 08:36:26.047,1.08687,1.0871,1.88,1.00
2018.05.15 08:36:26.489,1.08687,1.0871,2.06,1.00
2018.05.15 08:36:27.097,1.08687,1.0871,2.06,1.50
2018.05.15 08:36:27.285,1.08687,1.0871,1.88,1.00
2018.05.15 08:36:27.495,1.08687,1.0871,2.06,1.00
2018.05.15 08:36:28.015,1.08687,1.0871,3.56,1.00
2018.05.15 08:36:28.765,1.08687,1.0871,2.06,1.00
2018.05.15 08:36:29.747,1.08687,1.0871,2.06,1.50
2018.05.15 08:36:30.273,1.08688,1.0871,2.00,1.50
2018.05.15 08:36:30.867,1.0869,1.0871,1.00,1.87
2018.05.15 08:36:31.174,1.08692,1.0871,1.00,1.00
2018.05.15 08:36:31.828,1.08693,1.0871,1.00,1.00
2018.05.15 08:36:32.405,1.08692,1.08713,1.13,1.00
2018.05.15 08:36:32.985,1.08693,1.08713,1.00,1.00
2018.05.15 08:36:34.196,1.08694,1.08713,1.00,1.00
2018.05.15 08:36:34.975,1.08692,1.08713,1.50,1.50
2018.05.15 08:36:35.027,1.08693,1.08713,1.37,1.50
2018.05.15 08:36:35.558,1.08693,1.08713,1.00,1.00
2018.05.15 08:36:36.104,1.08694,1.08713,1.00,1.00
2018.05.15 08:36:36.631,1.08693,1.08713,1.00,1.00
2018.05.15 08:36:37.412,1.08694,1.08713,1.00,1.00
2018.05.15 08:36:37.827,1.08692,1.08713,1.25,1.00
2018.05.15 08:36:41.285,1.08692,1.08713,1.63,1.00
2018.05.15 08:36:43.052,1.08692,1.08713,1.50,1.00
2018.05.15 08:36:44.592,1.08692,1.08713,2.81,1.00
2018.05.15 08:36:45.259,1.08692,1.08713,2.81,1.00
2018.05.15 08:36:45.764,1.08692,1.08713,2.81,1.00
2018.05.15 08:36:46.593,1.08696,1.08715,1.12,1.00
2018.05.15 08:36:46.902,1.08703,1.08723,1.31,1.00
2018.05.15 08:36:47.417,1.08702,1.08723,1.88,1.00
2018.05.15 08:36:47.939,1.08702,1.08722,1.88,1.00
2018.05.15 08:36:48.552,1.08702,1.08723,1.50,1.50
2018.05.15 08:36:52.096,1.08702,1.08724,2.06,1.50
2018.05.15 08:36:52.716,1.08703,1.08724,1.00,1.87
2018.05.15 08:36:52.769,1.08702,1.08722,1.69,1.00
2018.05.15 08:36:53.279,1.08703,1.08723,1.00,1.00
2018.05.15 08:37:14.653,1.08701,1.08722,1.56,1.00
2018.05.15 08:37:18.387,1.087,1.08719,1.31,1.00
2018.05.15 08:37:18.490,1.08695,1.08717,2.81,1.00
2018.05.15 08:37:18.648,1.08697,1.08717,1.75,1.00
2018.05.15 08:37:18.754,1.08699,1.08719,1.37,1.00
2018.05.15 08:37:18.807,1.087,1.08719,1.75,1.00
2018.05.15 08:37:18.915,1.08701,1.08722,1.13,1.00
2018.05.15 08:37:22.653,1.08702,1.08722,1.00,1.00
2018.05.15 08:37:23.190,1.08701,1.08722,1.50,1.00
2018.05.15 08:37:23.733,1.08702,1.08722,1.13,1.00
2018.05.15 08:37:24.388,1.08701,1.08722,1.13,1.12
2018.05.15 08:37:24.961,1.08701,1.08722,1.63,1.00
2018.05.15 08:37:25.750,1.08698,1.08722,1.13,1.87
2018.05.15 08:37:25.905,1.08699,1.08719,1.13,1.00
2018.05.15 08:37:26.763,1.08698,1.08719,1.88,1.00
2018.05.15 08:37:29.822,1.08697,1.08716,1.00,1.00
2018.05.15 08:37:30.029,1.08697,1.08719,3.37,1.00
2018.05.15 08:37:30.185,1.08697,1.0872,1.12,1.00
2018.05.15 08:37:30.531,1.08696,1.08717,1.00,1.00
2018.05.15 08:37:30.838,1.08696,1.08717,1.13,1.00
2018.05.15 08:37:34.988,1.08698,1.08717,2.06,1.00
2018.05.15 08:37:35.489,1.087,1.0872,1.00,1.00
2018.05.15 08:37:36.065,1.08698,1.0872,1.13,1.00
2018.05.15 08:37:36.168,1.08697,1.0872,2.44,1.00
2018.05.15 08:37:36.593,1.08695,1.08718,1.88,1.50
2018.05.15 08:37:36.645,1.08695,1.08715,1.00,1.12
2018.05.15 08:37:36.698,1.08693,1.08715,1.50,1.37
2018.05.15 08:37:36.801,1.0869,1.08712,2.25,1.00
2018.05.15 08:37:37.142,1.08691,1.08712,1.25,1.37
2018.05.15 08:37:37.583,1.08689,1.08712,4.31,1.12
2018.05.15 08:37:37.686,1.0869,1.08712,1.13,1.00
2018.05.15 08:37:37.999,1.0869,1.08712,2.06,1.00
2018.05.15 08:37:38.702,1.08689,1.08712,3.19,1.00
2018.05.15 08:37:39.271,1.0869,1.08712,1.56,1.00
2018.05.15 08:37:39.323,1.08691,1.08712,1.38,1.00
2018.05.15 08:37:39.477,1.08689,1.08712,3.19,1.00
2018.05.15 08:37:39.821,1.08691,1.08712,1.38,1.00
2018.05.15 08:37:40.131,1.08693,1.08712,2.25,1.00
2018.05.15 08:37:40.183,1.08693,1.08715,2.63,1.00
2018.05.15 08:37:42.071,1.08693,1.08711,1.13,1.00
2018.05.15 08:37:42.743,1.08692,1.08711,1.13,1.00
2018.05.15 08:37:42.958,1.08694,1.08715,1.37,1.00
2018.05.15 08:37:43.841,1.08694,1.08715,1.31,1.00
2018.05.15 08:37:44.378,1.08694,1.08715,1.69,1.00
2018.05.15 08:37:44.976,1.08694,1.08715,1.50,1.00
2018.05.15 08:37:45.537,1.08694,1.08715,1.50,1.00
2018.05.15 08:37:46.242,1.08694,1.08715,2.25,1.00
2018.05.15 08:37:46.770,1.08694,1.08715,1.50,1.00
2018.05.15 08:37:47.407,1.08694,1.08715,1.50,1.00
2018.05.15 08:37:47.975,1.08694,1.08715,1.50,1.00
2018.05.15 08:37:48.478,1.08694,1.08715,2.25,1.00
2018.05.15 08:37:49.036,1.08697,1.08716,1.25,1.00
2018.05.15 08:37:49.548,1.08696,1.08716,1.00,1.00
2018.05.15 08:37:51.267,1.08697,1.08716,1.00,1.00
2018.05.15 08:37:51.854,1.08696,1.08716,1.12,1.00
2018.05.15 08:37:52.388,1.08696,1.08716,1.87,1.00
2018.05.15 08:37:57.672,1.08698,1.08716,1.00,1.00
2018.05.15 08:37:57.724,1.08698,1.08719,1.00,1.00
2018.05.15 08:37:58.032,1.08699,1.08717,1.00,2.62
2018.05.15 08:37:58.084,1.08694,1.08711,1.88,1.00
2018.05.15 08:37:58.177,1.08693,1.08711,1.00,1.00
2018.05.15 08:37:58.701,1.08692,1.08712,1.00,1.12
2018.05.15 08:37:59.604,1.08691,1.08712,1.31,1.12
2018.05.15 08:38:00.037,1.08689,1.08712,1.12,1.50
2018.05.15 08:38:00.547,1.08689,1.08712,2.25,1.50
2018.05.15 08:38:02.316,1.08689,1.08711,1.31,1.12
2018.05.15 08:38:02.869,1.08687,1.08709,2.62,1.00
2018.05.15 08:38:03.518,1.08687,1.08709,2.62,1.00
2018.05.15 08:38:04.501,1.08687,1.08709,2.62,1.00
2018.05.15 08:38:06.177,1.08689,1.08712,1.87,1.12
2018.05.15 08:38:06.895,1.0869,1.08712,1.50,1.12
2018.05.15 08:38:07.137,1.08691,1.08712,1.69,1.00
2018.05.15 08:38:10.615,1.08692,1.08713,1.00,1.75
2018.05.15 08:38:10.719,1.08688,1.08712,1.00,1.87
2018.05.15 08:38:10.872,1.08691,1.08711,1.00,1.50
2018.05.15 08:38:11.493,1.0869,1.08712,1.00,1.12
2018.05.15 08:38:12.037,1.08691,1.08712,1.87,1.12
2018.05.15 08:38:12.861,1.08692,1.08712,1.00,1.50
2018.05.15 08:38:12.963,1.08689,1.08712,1.00,2.25
2018.05.15 08:38:13.686,1.08692,1.08711,1.00,1.00
2018.05.15 08:38:14.022,1.0869,1.08711,1.00,1.50
2018.05.15 08:38:14.553,1.08688,1.08711,2.62,1.50
2018.05.15 08:38:16.115,1.08691,1.08711,1.00,1.00
2018.05.15 08:38:17.183,1.08693,1.08711,1.00,1.00
2018.05.15 08:38:21.358,1.08693,1.08713,1.00,1.00
2018.05.15 08:38:24.818,1.08693,1.08713,1.00,1.37
2018.05.15 08:38:25.347,1.08693,1.08713,1.00,1.00
2018.05.15 08:38:26.304,1.08694,1.08713,1.00,1.00
2018.05.15 08:38:31.687,1.08694,1.08713,1.00,1.50
2018.05.15 08:38:32.058,1.08694,1.08713,1.00,1.12
2018.05.15 08:38:36.009,1.08692,1.08713,1.31,1.12
2018.05.15 08:38:38.667,1.08691,1.08713,2.25,1.00
2018.05.15 08:38:41.170,1.08692,1.08709,1.31,1.00
2018.05.15 08:38:41.222,1.08689,1.08709,2.06,1.00
2018.05.15 08:38:41.273,1.08689,1.08706,1.12,1.00
2018.05.15 08:38:41.377,1.08688,1.08711,1.00,1.87
2018.05.15 08:38:41.428,1.08688,1.0871,1.00,2.25
2018.05.15 08:38:41.738,1.08688,1.08708,1.00,1.50
2018.05.15 08:38:42.131,1.08687,1.08705,1.00,2.25
2018.05.15 08:38:42.183,1.08685,1.08702,1.00,1.37
2018.05.15 08:38:42.698,1.08684,1.08704,1.00,1.50
2018.05.15 08:38:43.212,1.08683,1.08704,1.00,1.50
2018.05.15 08:38:49.663,1.08683,1.08703,1.50,1.00
2018.05.15 08:38:50.261,1.08683,1.08706,1.00,2.25
2018.05.15 08:38:50.765,1.08684,1.08706,1.00,1.50
2018.05.15 08:38:51.480,1.08685,1.08706,1.00,1.37
2018.05.15 08:38:52.000,1.08685,1.08706,1.00,1.12
2018.05.15 08:38:52.404,1.08684,1.08705,1.00,1.37
2018.05.15 08:38:56.195,1.08685,1.08705,1.00,1.37
2018.05.15 08:38:56.246,1.08683,1.08705,1.00,1.37
2018.05.15 08:38:56.786,1.08684,1.08705,1.50,1.37
2018.05.15 08:38:58.550,1.08684,1.08705,1.50,1.00
2018.05.15 08:38:58.854,1.08685,1.08703,1.50,1.00
2018.05.15 08:38:59.415,1.08685,1.08702,1.00,1.00
2018.05.15 08:39:00.072,1.08684,1.08702,1.50,1.00
2018.05.15 08:39:00.945,1.08685,1.08702,1.00,1.00
2018.05.15 08:39:01.883,1.08684,1.08704,1.00,1.37
2018.05.15 08:39:02.399,1.08684,1.08704,1.50,1.00
2018.05.15 08:39:05.796,1.08685,1.08704,1.00,1.00
2018.05.15 08:39:06.319,1.08684,1.08704,1.00,1.00
2018.05.15 08:39:06.779,1.08685,1.08707,1.25,1.00
2018.05.15 08:39:07.296,1.08684,1.08706,1.37,1.12
2018.05.15 08:39:08.004,1.08684,1.08706,1.00,1.87
2018.05.15 08:39:08.575,1.08683,1.08706,1.12,1.37
2018.05.15 08:39:08.702,1.08685,1.08706,1.00,1.37
2018.05.15 08:39:09.145,1.08683,1.08706,1.12,1.37
2018.05.15 08:39:10.197,1.08684,1.08706,1.00,1.37
2018.05.15 08:39:10.788,1.08683,1.08706,1.87,1.37
2018.05.15 08:39:11.305,1.08684,1.08706,1.00,1.37
2018.05.15 08:39:14.000,1.08683,1.08706,2.06,1.37
2018.05.15 08:39:14.555,1.08684,1.08706,1.00,1.37
2018.05.15 08:39:15.061,1.08684,1.08704,1.50,1.00
2018.05.15 08:39:16.319,1.08684,1.08706,1.37,1.12
2018.05.15 08:39:18.098,1.08686,1.08708,3.94,1.00
2018.05.15 08:39:18.293,1.08686,1.08707,1.31,1.00
2018.05.15 08:39:18.449,1.08689,1.0871,1.12,1.12
2018.05.15 08:39:18.758,1.08691,1.08713,2.06,1.00
2018.05.15 08:39:19.306,1.08691,1.08714,1.87,1.00
2018.05.15 08:39:19.824,1.08691,1.08713,1.37,1.50
2018.05.15 08:39:20.317,1.0869,1.08714,1.87,1.50
2018.05.15 08:39:20.880,1.0869,1.08713,3.75,1.00
2018.05.15 08:39:21.085,1.0869,1.08715,2.62,4.12
2018.05.15 08:39:21.704,1.0869,1.08715,3.00,4.12
2018.05.15 08:39:24.918,1.0869,1.08713,1.87,1.12
2018.05.15 08:39:25.225,1.08685,1.08708,1.31,1.37
2018.05.15 08:39:25.534,1.08688,1.0871,1.12,1.87
2018.05.15 08:39:26.149,1.08688,1.08711,2.81,1.00
2018.05.15 08:39:26.361,1.08691,1.08713,1.12,1.37
2018.05.15 08:39:26.517,1.08688,1.08712,1.31,1.37
2018.05.15 08:39:27.048,1.08688,1.08712,1.37,1.69
2018.05.15 08:39:28.058,1.08684,1.08702,1.50,1.75
2018.05.15 08:39:28.110,1.08681,1.08694,1.00,1.00
2018.05.15 08:39:28.161,1.08679,1.08689,1.00,1.37
2018.05.15 08:39:28.317,1.08677,1.08688,1.00,1.00
2018.05.15 08:39:28.369,1.08677,1.08689,1.00,1.75
2018.05.15 08:39:28.579,1.08671,1.08686,1.00,1.12
2018.05.15 08:39:28.630,1.08671,1.08686,1.00,1.50
2018.05.15 08:39:28.782,1.08671,1.0869,1.00,2.44
2018.05.15 08:39:28.935,1.08665,1.08689,2.06,2.25
2018.05.15 08:39:28.986,1.08668,1.0869,1.00,2.25
2018.05.15 08:39:29.506,1.08667,1.08689,1.00,1.50
2018.05.15 08:39:30.387,1.08668,1.08689,1.00,1.50
2018.05.15 08:39:30.978,1.08667,1.08689,1.00,1.50
2018.05.15 08:39:31.591,1.08668,1.08689,1.00,1.50
2018.05.15 08:39:31.694,1.08665,1.08689,1.62,1.50
2018.05.15 08:39:37.118,1.08665,1.0869,2.00,4.88
2018.05.15 08:39:37.635,1.08666,1.08689,1.12,1.50
2018.05.15 08:39:38.646,1.08667,1.08689,1.25,1.50
2018.05.15 08:39:38.698,1.0867,1.08689,1.00,1.00
2018.05.15 08:39:39.020,1.08667,1.0869,1.00,2.25
2018.05.15 08:39:39.583,1.08665,1.0869,1.69,2.63
2018.05.15 08:39:40.120,1.08665,1.0869,1.50,2.25
2018.05.15 08:39:40.273,1.08663,1.08687,2.63,1.37
2018.05.15 08:39:40.703,1.08663,1.08685,2.25,1.00
2018.05.15 08:39:41.213,1.08663,1.08684,1.88,1.00
2018.05.15 08:39:41.416,1.08658,1.08684,1.87,1.00
2018.05.15 08:39:41.472,1.08659,1.08682,1.38,1.00
2018.05.15 08:39:41.783,1.08661,1.08683,1.38,2.25
2018.05.15 08:39:42.342,1.08661,1.08683,1.44,2.62
2018.05.15 08:39:42.658,1.0866,1.08683,1.63,2.25
2018.05.15 08:39:43.188,1.08662,1.08681,1.00,1.50
2018.05.15 08:39:43.908,1.08658,1.08681,2.44,2.25
2018.05.15 08:39:44.440,1.08657,1.08681,2.25,1.84
2018.05.15 08:39:44.805,1.08657,1.08682,2.25,1.84
2018.05.15 08:39:45.057,1.08658,1.08682,1.50,1.37
2018.05.15 08:39:45.361,1.08658,1.08682,3.19,1.50
2018.05.15 08:39:45.900,1.08659,1.08683,2.63,1.75
2018.05.15 08:39:46.450,1.08661,1.08684,1.38,2.59
2018.05.15 08:39:46.708,1.08661,1.08684,1.38,2.59
2018.05.15 08:39:46.913,1.08662,1.08684,1.13,2.25
2018.05.15 08:39:47.442,1.0866,1.08684,1.63,1.84
2018.05.15 08:39:48.904,1.08662,1.08684,1.88,1.75
2018.05.15 08:39:49.700,1.08665,1.08684,1.25,1.09
2018.05.15 08:39:50.022,1.08667,1.08686,1.00,1.75
2018.05.15 08:39:50.544,1.08666,1.08686,1.00,2.59
2018.05.15 08:39:51.117,1.08667,1.08686,1.00,1.75
2018.05.15 08:39:51.476,1.08666,1.08686,1.00,1.37
2018.05.15 08:39:51.786,1.08665,1.08687,1.50,1.12
2018.05.15 08:39:53.046,1.08666,1.08687,1.13,1.37
2018.05.15 08:39:53.201,1.08665,1.08687,1.44,1.75
2018.05.15 08:39:54.215,1.08666,1.08686,1.25,1.00
2018.05.15 08:39:54.728,1.08662,1.08687,2.81,1.12
2018.05.15 08:39:55.167,1.08662,1.08687,2.81,1.12
2018.05.15 08:39:55.268,1.08662,1.08687,2.81,1.12
2018.05.15 08:39:55.796,1.08664,1.08687,1.31,1.12
2018.05.15 08:39:56.281,1.08664,1.08687,1.13,1.12
2018.05.15 08:39:56.788,1.08664,1.08688,1.31,1.37
2018.05.15 08:39:57.452,1.08664,1.08688,1.88,1.87
2018.05.15 08:39:57.504,1.08664,1.08688,1.31,1.37
2018.05.15 08:39:57.659,1.08664,1.08688,1.13,1.37
2018.05.15 08:39:57.812,1.08664,1.08688,1.31,1.37
2018.05.15 08:39:57.863,1.08665,1.08689,2.00,1.87
2018.05.15 08:39:58.401,1.08666,1.08688,1.50,1.00
2018.05.15 08:39:58.452,1.08666,1.08688,1.50,1.00
2018.05.15 08:39:58.896,1.08672,1.08693,1.00,2.00
2018.05.15 08:39:58.948,1.08672,1.08695,1.00,3.34
2018.05.15 08:39:59.000,1.08673,1.08694,1.00,2.00
2018.05.15 08:39:59.257,1.08672,1.08695,1.00,2.25
2018.05.15 08:39:59.310,1.0867,1.08691,1.00,1.12
2018.05.15 08:39:59.660,1.08668,1.08691,1.88,1.50
2018.05.15 08:40:00.174,1.08668,1.08691,1.38,1.50
2018.05.15 08:40:00.687,1.08668,1.08691,1.44,1.50
2018.05.15 08:40:00.892,1.08666,1.08689,1.00,1.00
2018.05.15 08:40:00.994,1.08666,1.08687,1.38,1.00
2018.05.15 08:40:01.529,1.08666,1.08687,1.00,1.37
2018.05.15 08:40:01.928,1.08663,1.08682,1.13,1.37
2018.05.15 08:40:02.373,1.08663,1.08684,1.13,1.37
2018.05.15 08:40:02.926,1.08661,1.08683,1.38,1.50
2018.05.15 08:40:03.471,1.08661,1.08681,1.00,1.12
2018.05.15 08:40:03.729,1.08661,1.08683,1.00,1.50
2018.05.15 08:40:04.272,1.08662,1.08682,1.00,1.00
2018.05.15 08:40:04.789,1.08661,1.08683,1.50,1.00
2018.05.15 08:40:04.958,1.08661,1.08681,1.25,1.00
2018.05.15 08:40:05.511,1.08661,1.08683,1.00,3.00
2018.05.15 08:40:06.047,1.08661,1.08683,1.69,1.87
2018.05.15 08:40:06.581,1.08661,1.08683,1.12,1.37
2018.05.15 08:40:07.420,1.08661,1.08683,2.25,1.12
2018.05.15 08:40:07.922,1.08662,1.08683,1.44,1.00
2018.05.15 08:40:08.490,1.08661,1.08684,1.81,1.12
2018.05.15 08:40:09.062,1.08661,1.08684,1.12,1.50
2018.05.15 08:40:10.205,1.08661,1.08684,2.25,1.12
2018.05.15 08:40:10.256,1.08661,1.08684,1.31,1.12
2018.05.15 08:40:10.663,1.08662,1.08685,1.50,3.00
2018.05.15 08:40:12.876,1.08661,1.08684,2.63,1.00
2018.05.15 08:40:13.584,1.08662,1.08684,1.00,1.37
2018.05.15 08:40:13.688,1.08662,1.08685,2.25,2.25
2018.05.15 08:40:14.212,1.08662,1.08685,1.69,1.50
2018.05.15 08:40:14.630,1.08662,1.08685,1.12,1.00
2018.05.15 08:40:14.682,1.08662,1.08685,1.50,1.00
2018.05.15 08:40:15.497,1.08662,1.08684,1.31,1.00
2018.05.15 08:40:16.009,1.08661,1.08685,2.06,2.25
2018.05.15 08:40:16.276,1.08661,1.08685,1.69,2.25
2018.05.15 08:40:16.328,1.08661,1.08685,1.31,2.25
2018.05.15 08:40:16.643,1.08661,1.0868,1.50,1.87
2018.05.15 08:40:17.015,1.08661,1.08678,1.00,1.00
2018.05.15 08:40:17.788,1.08661,1.08678,1.00,1.75
2018.05.15 08:40:18.015,1.08655,1.08679,2.44,1.37
2018.05.15 08:40:18.983,1.08657,1.08678,1.63,1.12
2018.05.15 08:40:19.496,1.08655,1.08679,3.19,1.37
2018.05.15 08:40:20.755,1.08658,1.08679,1.50,1.00
2018.05.15 08:40:21.317,1.08659,1.08678,1.13,1.00
2018.05.15 08:40:21.824,1.08659,1.08678,1.88,1.00
2018.05.15 08:40:21.927,1.08662,1.08683,1.75,1.00
2018.05.15 08:40:21.978,1.08662,1.08685,1.81,2.25
2018.05.15 08:40:22.499,1.08664,1.08685,1.00,1.50
2018.05.15 08:40:23.038,1.08661,1.08684,3.56,1.00
2018.05.15 08:40:23.488,1.08663,1.08687,1.50,1.87
2018.05.15 08:40:23.540,1.08663,1.08687,1.50,1.87
2018.05.15 08:40:24.131,1.08665,1.08687,1.00,1.00
2018.05.15 08:40:24.640,1.08666,1.08688,1.00,1.00
2018.05.15 08:40:25.635,1.08665,1.08688,1.00,1.00
2018.05.15 08:40:26.225,1.08666,1.08688,1.00,1.50
2018.05.15 08:40:26.796,1.08665,1.08688,1.25,1.50
2018.05.15 08:40:27.541,1.08666,1.08688,1.00,1.00
2018.05.15 08:40:28.116,1.08665,1.08688,1.88,1.00
2018.05.15 08:40:28.892,1.08666,1.08688,1.31,1.00
2018.05.15 08:40:29.250,1.08667,1.08688,1.19,1.00
2018.05.15 08:40:29.767,1.08667,1.08688,1.25,1.00
2018.05.15 08:40:30.377,1.08666,1.08688,1.13,1.00
2018.05.15 08:40:30.692,1.08667,1.08691,1.75,1.00
2018.05.15 08:40:31.053,1.08665,1.08689,1.13,1.00
2018.05.15 08:40:31.514,1.08666,1.0869,1.13,1.50
2018.05.15 08:40:32.025,1.08667,1.08689,1.50,1.00
2018.05.15 08:40:32.374,1.08668,1.0869,1.38,1.00
2018.05.15 08:40:37.831,1.08667,1.0869,2.06,1.00
2018.05.15 08:40:38.366,1.08667,1.0869,1.69,1.00
2018.05.15 08:40:41.487,1.08667,1.0869,1.00,1.00
2018.05.15 08:40:41.643,1.08665,1.0869,2.81,1.12
2018.05.15 08:40:42.733,1.08665,1.0869,2.25,1.87
2018.05.15 08:40:43.307,1.08664,1.08689,1.75,2.25
2018.05.15 08:40:43.857,1.08664,1.0869,1.94,4.12
2018.05.15 08:40:44.380,1.0867,1.08693,1.37,1.12
2018.05.15 08:40:44.757,1.08673,1.08695,1.75,1.50
2018.05.15 08:40:44.865,1.08672,1.08695,1.00,3.00
2018.05.15 08:40:45.121,1.08669,1.08692,1.00,2.25
2018.05.15 08:40:45.437,1.0867,1.08687,1.50,1.00
2018.05.15 08:40:45.538,1.08667,1.08687,1.50,1.00
2018.05.15 08:40:45.895,1.08663,1.08685,1.00,1.37
2018.05.15 08:40:45.947,1.08664,1.08687,1.88,1.00
2018.05.15 08:40:46.050,1.08666,1.08691,2.63,2.62
2018.05.15 08:40:46.698,1.08668,1.08692,2.25,1.37
2018.05.15 08:40:46.801,1.08668,1.08692,2.44,1.00
2018.05.15 08:40:46.903,1.08668,1.08692,2.06,1.12
2018.05.15 08:40:47.427,1.08668,1.08692,2.06,1.12
2018.05.15 08:40:48.159,1.08671,1.08692,1.00,1.12
2018.05.15 08:40:49.532,1.08675,1.08693,1.00,1.00
2018.05.15 08:40:49.797,1.08677,1.087,1.37,1.50
2018.05.15 08:40:52.998,1.08675,1.087,1.37,2.25
2018.05.15 08:40:53.336,1.08677,1.08691,1.00,1.00
2018.05.15 08:40:53.387,1.08672,1.08695,1.00,2.25
2018.05.15 08:40:53.614,1.08672,1.08694,1.00,2.00
2018.05.15 08:40:54.146,1.08672,1.08694,1.00,1.63
2018.05.15 08:40:54.470,1.0867,1.08693,1.31,1.87
2018.05.15 08:40:55.082,1.08668,1.08693,2.25,1.87
2018.05.15 08:40:55.392,1.08671,1.08692,1.25,1.00
2018.05.15 08:40:55.782,1.08671,1.0869,1.50,1.00
2018.05.15 08:40:56.295,1.08671,1.08692,1.50,1.37
2018.05.15 08:40:56.915,1.08669,1.08692,2.06,1.37
2018.05.15 08:41:00.276,1.08669,1.0869,1.00,1.00
2018.05.15 08:41:00.816,1.08668,1.08689,1.75,1.00
2018.05.15 08:41:00.970,1.08668,1.08691,2.25,1.12
2018.05.15 08:41:02.730,1.08667,1.08689,1.13,1.00
2018.05.15 08:41:03.247,1.08666,1.08688,2.19,1.00
2018.05.15 08:41:05.241,1.08666,1.08688,2.44,1.00
2018.05.15 08:41:05.495,1.08666,1.08691,2.00,1.87
2018.05.15 08:41:06.017,1.08666,1.0869,2.44,1.00
2018.05.15 08:41:06.678,1.08666,1.0869,2.25,1.00
2018.05.15 08:41:07.181,1.08666,1.0869,2.44,1.00
2018.05.15 08:41:07.725,1.08666,1.08691,2.00,1.87
2018.05.15 08:41:08.068,1.08666,1.08689,2.44,1.00
2018.05.15 08:41:08.119,1.08666,1.08691,2.00,1.87
2018.05.15 08:41:08.296,1.08666,1.08689,2.25,1.00
2018.05.15 08:41:08.347,1.08666,1.08691,1.81,1.87
2018.05.15 08:41:08.564,1.08666,1.08689,2.25,1.00
2018.05.15 08:41:09.021,1.08666,1.08691,1.69,1.87
2018.05.15 08:41:09.324,1.08666,1.08689,2.44,1.00
2018.05.15 08:41:09.479,1.08666,1.08691,1.69,1.87
2018.05.15 08:41:10.016,1.08667,1.0869,1.19,1.00
2018.05.15 08:41:10.613,1.08666,1.08689,2.44,1.00
2018.05.15 08:41:10.980,1.08666,1.08691,1.69,1.87
2018.05.15 08:41:11.241,1.08667,1.08689,1.19,1.00
2018.05.15 08:41:11.563,1.08666,1.08691,1.69,1.87
2018.05.15 08:41:12.066,1.08667,1.08691,1.19,1.87
2018.05.15 08:41:12.913,1.08666,1.08691,1.69,1.12
2018.05.15 08:41:13.435,1.08667,1.08689,1.19,1.00
2018.05.15 08:41:13.620,1.08666,1.08691,1.69,1.87
2018.05.15 08:41:14.505,1.08666,1.0869,2.44,1.00
2018.05.15 08:41:15.089,1.08666,1.08688,2.00,1.00
2018.05.15 08:41:16.398,1.08667,1.0869,1.00,1.00
2018.05.15 08:41:17.490,1.08667,1.08689,1.00,1.00
2018.05.15 08:41:18.069,1.08667,1.0869,1.69,1.50
2018.05.15 08:41:18.582,1.08667,1.0869,1.50,1.50
2018.05.15 08:41:19.245,1.08667,1.08689,1.69,1.00
2018.05.15 08:41:19.764,1.08667,1.08688,1.69,1.00
2018.05.15 08:41:20.306,1.08667,1.08689,1.31,1.00
2018.05.15 08:41:20.856,1.08667,1.08688,1.44,1.50
2018.05.15 08:41:21.632,1.08667,1.08689,1.13,1.00
2018.05.15 08:41:21.734,1.08667,1.0869,1.38,1.12
2018.05.15 08:41:21.785,1.08667,1.0869,1.44,1.12
2018.05.15 08:41:21.836,1.08666,1.08687,1.31,1.00
2018.05.15 08:41:22.194,1.08664,1.08688,2.44,1.75
2018.05.15 08:41:22.399,1.08664,1.08688,2.06,1.75
2018.05.15 08:41:22.910,1.08664,1.08688,2.81,2.06
2018.05.15 08:41:23.293,1.08664,1.08687,2.44,1.37
2018.05.15 08:41:23.396,1.08665,1.08685,1.25,1.50
2018.05.15 08:41:23.447,1.08665,1.08685,1.38,1.12
2018.05.15 08:41:23.982,1.08665,1.08686,2.44,1.00
2018.05.15 08:41:24.034,1.08665,1.0869,3.19,1.87
2018.05.15 08:41:24.492,1.08665,1.0869,1.87,1.87
2018.05.15 08:41:24.772,1.08665,1.0869,2.25,1.87
2018.05.15 08:41:25.460,1.08666,1.0869,1.63,1.37
2018.05.15 08:41:26.251,1.08666,1.0869,1.38,1.37
2018.05.15 08:41:26.865,1.08666,1.0869,2.06,1.37
2018.05.15 08:41:27.434,1.08666,1.0869,1.88,1.37
2018.05.15 08:41:27.744,1.08665,1.08689,1.63,2.25
2018.05.15 08:41:27.884,1.08665,1.0869,2.62,1.50
2018.05.15 08:41:27.936,1.08667,1.0869,1.31,1.12
2018.05.15 08:41:28.452,1.08668,1.0869,1.13,1.00
2018.05.15 08:41:29.005,1.08668,1.08691,2.63,1.12
2018.05.15 08:41:35.696,1.08669,1.08693,1.88,2.06
2018.05.15 08:41:35.903,1.08668,1.08693,2.25,1.37
2018.05.15 08:41:37.337,1.08669,1.08692,2.25,1.12
2018.05.15 08:41:40.167,1.08669,1.08692,2.00,1.00
2018.05.15 08:41:40.695,1.0867,1.08692,1.50,1.00
2018.05.15 08:41:40.746,1.0867,1.08695,1.88,1.37
2018.05.15 08:41:41.053,1.0867,1.08695,1.63,2.00
2018.05.15 08:41:48.766,1.08672,1.08694,1.00,1.50
2018.05.15 08:41:49.307,1.08673,1.08695,1.00,2.43
2018.05.15 08:41:49.838,1.08672,1.08693,1.00,1.37
2018.05.15 08:41:50.148,1.08669,1.08693,1.50,1.37
2018.05.15 08:41:50.739,1.08669,1.08692,2.06,1.12
2018.05.15 08:41:51.904,1.08671,1.08692,1.00,1.12
2018.05.15 08:41:52.409,1.0867,1.08692,1.50,1.12
2018.05.15 08:41:56.877,1.08669,1.08688,1.00,1.00
2018.05.15 08:41:56.928,1.08663,1.08687,1.69,2.44
2018.05.15 08:41:57.183,1.08662,1.08685,2.06,1.00
2018.05.15 08:41:57.285,1.08662,1.08684,1.88,1.00
2018.05.15 08:41:57.387,1.08662,1.08683,1.00,1.27
2018.05.15 08:41:57.490,1.08662,1.08685,1.50,2.25
2018.05.15 08:41:57.542,1.08664,1.08685,1.00,2.25
2018.05.15 08:41:57.685,1.08665,1.08687,1.31,1.00
2018.05.15 08:41:57.787,1.08669,1.08687,1.12,1.00
2018.05.15 08:41:58.042,1.08668,1.0869,1.00,2.25
2018.05.15 08:41:58.297,1.08668,1.0869,1.88,1.00
2018.05.15 08:41:58.791,1.08672,1.0869,1.00,1.00
2018.05.15 08:41:58.895,1.0867,1.0869,1.00,1.00
2018.05.15 08:41:59.444,1.08669,1.0869,1.00,1.00
2018.05.15 08:42:00.041,1.08668,1.0869,1.50,1.00
2018.05.15 08:42:00.549,1.08669,1.0869,1.25,1.00
2018.05.15 08:42:01.147,1.08668,1.0869,1.88,1.00
2018.05.15 08:42:01.694,1.08669,1.0869,1.00,1.00
2018.05.15 08:42:02.335,1.0867,1.0869,1.00,1.00
2018.05.15 08:42:02.386,1.0867,1.08692,1.12,1.12
2018.05.15 08:42:09.140,1.08668,1.08693,1.12,3.00
2018.05.15 08:42:10.340,1.08666,1.08687,1.00,2.06
2018.05.15 08:42:10.392,1.08664,1.08685,1.25,2.25
2018.05.15 08:42:10.443,1.08666,1.08685,1.25,1.12
2018.05.15 08:42:10.530,1.08665,1.08686,2.63,1.00
2018.05.15 08:42:10.596,1.08666,1.0869,2.44,1.37
2018.05.15 08:42:10.649,1.08666,1.0869,2.44,1.37
2018.05.15 08:42:10.753,1.08666,1.08692,2.44,2.25
2018.05.15 08:42:10.959,1.08667,1.08691,2.06,1.50
2018.05.15 08:42:11.465,1.0867,1.08692,1.00,2.00
2018.05.15 08:42:11.517,1.08667,1.08691,1.69,1.75
2018.05.15 08:42:11.568,1.08669,1.0869,1.00,1.75
2018.05.15 08:42:11.620,1.08667,1.08691,1.50,1.75
2018.05.15 08:42:11.671,1.08667,1.08691,1.50,1.69
2018.05.15 08:42:12.160,1.08666,1.08687,1.25,1.19
2018.05.15 08:42:12.469,1.08668,1.08687,1.00,1.56
2018.05.15 08:42:12.883,1.08666,1.08687,1.13,1.19
2018.05.15 08:42:13.390,1.08665,1.08688,1.31,1.64
2018.05.15 08:42:13.777,1.08668,1.08688,1.00,1.37
2018.05.15 08:42:13.984,1.08664,1.08688,1.13,1.37
2018.05.15 08:42:14.756,1.08665,1.08688,1.00,1.37
2018.05.15 08:42:15.302,1.08664,1.08688,2.06,1.37
2018.05.15 08:42:15.885,1.08665,1.08688,1.00,1.37
2018.05.15 08:42:16.936,1.08665,1.08688,1.81,1.12
2018.05.15 08:42:17.040,1.08667,1.0869,1.00,1.31
2018.05.15 08:42:17.588,1.08668,1.0869,1.87,1.00
2018.05.15 08:42:18.402,1.08667,1.0869,1.50,1.37
2018.05.15 08:42:18.925,1.08665,1.08689,1.44,2.81
2018.05.15 08:42:18.977,1.08664,1.08687,1.50,2.62
2018.05.15 08:42:19.028,1.08662,1.08686,1.50,1.37
2018.05.15 08:42:19.337,1.08661,1.08681,1.63,1.12
2018.05.15 08:42:19.441,1.08662,1.08684,1.63,1.37
2018.05.15 08:42:19.494,1.08666,1.08687,1.69,1.00
2018.05.15 08:42:19.545,1.08667,1.08689,1.31,1.00
2018.05.15 08:42:19.789,1.08668,1.08691,1.38,1.37
2018.05.15 08:42:20.302,1.08668,1.08691,3.00,1.00
2018.05.15 08:42:20.886,1.08668,1.08691,1.12,1.00
2018.05.15 08:42:22.041,1.08668,1.08691,3.19,1.00
2018.05.15 08:42:22.574,1.08668,1.08691,3.75,1.00
2018.05.15 08:42:23.201,1.08668,1.08691,3.94,1.00
2018.05.15 08:42:23.736,1.08668,1.08691,2.81,1.00
2018.05.15 08:42:24.322,1.08668,1.08691,3.19,1.00
2018.05.15 08:42:24.953,1.08668,1.08691,2.06,1.00
2018.05.15 08:42:25.602,1.08668,1.08691,2.44,1.00
2018.05.15 08:42:26.103,1.0867,1.08691,1.00,1.00
2018.05.15 08:42:26.720,1.08671,1.08691,1.00,1.00
2018.05.15 08:42:27.247,1.08672,1.08691,1.00,1.00
2018.05.15 08:42:27.603,1.0867,1.08691,1.00,1.00
2018.05.15 08:42:28.120,1.08671,1.08691,1.00,1.00
2018.05.15 08:42:28.906,1.08672,1.08691,1.00,1.00
2018.05.15 08:42:30.195,1.08671,1.08691,1.00,1.00
2018.05.15 08:42:30.739,1.0867,1.08691,1.12,1.00
2018.05.15 08:42:31.268,1.08671,1.08691,1.00,1.00
2018.05.15 08:42:32.169,1.0867,1.08691,1.12,1.00
2018.05.15 08:42:32.697,1.0867,1.08692,1.12,1.12
2018.05.15 08:42:33.640,1.08671,1.08694,1.00,3.19
2018.05.15 08:42:34.161,1.0867,1.08694,1.87,1.63
2018.05.15 08:42:35.313,1.08672,1.08694,1.00,1.69
2018.05.15 08:42:35.885,1.08671,1.08692,1.12,1.00
2018.05.15 08:42:36.399,1.08672,1.08692,1.00,1.00
2018.05.15 08:42:36.907,1.08671,1.08694,1.12,1.63
2018.05.15 08:42:45.373,1.08669,1.08694,1.38,2.25
2018.05.15 08:42:45.990,1.08668,1.08694,2.63,1.87
2018.05.15 08:42:48.224,1.08668,1.08694,1.69,3.19
2018.05.15 08:42:48.277,1.08667,1.08692,1.37,1.75
2018.05.15 08:42:48.779,1.08669,1.08689,1.00,1.00
2018.05.15 08:42:49.295,1.08668,1.08689,1.12,1.00
2018.05.15 08:42:49.840,1.08671,1.08689,1.00,1.00
2018.05.15 08:42:49.893,1.08671,1.08692,1.00,1.87
2018.05.15 08:42:49.998,1.08669,1.08692,2.25,1.12
2018.05.15 08:42:50.049,1.08669,1.08692,2.63,1.00
2018.05.15 08:42:51.503,1.08671,1.08694,1.12,1.50
2018.05.15 08:42:55.760,1.08671,1.08694,1.56,1.12
2018.05.15 08:42:56.079,1.08675,1.08698,3.38,1.25
2018.05.15 08:42:56.591,1.08676,1.087,1.69,1.88
2018.05.15 08:42:57.295,1.08676,1.087,2.44,1.69
2018.05.15 08:42:57.844,1.08676,1.087,2.63,1.88
2018.05.15 08:42:57.947,1.08675,1.08697,1.12,1.00
2018.05.15 08:42:59.253,1.08676,1.08697,1.00,1.00
2018.05.15 08:42:59.769,1.08675,1.08697,1.00,1.00
2018.05.15 08:43:00.775,1.08676,1.08697,1.37,1.00
2018.05.15 08:43:00.877,1.08674,1.08697,2.62,1.37
2018.05.15 08:43:01.522,1.08674,1.08696,2.06,1.37
2018.05.15 08:43:02.075,1.08673,1.08697,1.37,1.50
2018.05.15 08:43:02.783,1.08675,1.08697,1.00,1.69
2018.05.15 08:43:03.272,1.08673,1.08694,1.00,1.37
2018.05.15 08:43:03.375,1.08671,1.08692,1.00,1.00
2018.05.15 08:43:03.427,1.08673,1.08692,1.00,1.00
2018.05.15 08:43:03.478,1.0867,1.08692,1.13,1.12
2018.05.15 08:43:03.931,1.08671,1.08692,1.00,1.50
2018.05.15 08:43:04.528,1.08671,1.08692,1.00,1.37
2018.05.15 08:43:05.062,1.0867,1.08693,1.31,1.12
2018.05.15 08:43:05.370,1.08671,1.08695,1.00,2.81
2018.05.15 08:43:05.914,1.0867,1.08693,1.50,1.50
2018.05.15 08:43:06.429,1.08671,1.08693,1.00,2.25
2018.05.15 08:43:07.315,1.08669,1.08693,2.44,1.50
2018.05.15 08:43:07.820,1.08671,1.08693,1.00,2.25
2018.05.15 08:43:08.442,1.0867,1.08693,1.25,1.50
2018.05.15 08:43:08.946,1.08671,1.08693,1.00,2.25
2018.05.15 08:43:09.498,1.0867,1.08693,1.00,1.50
2018.05.15 08:43:10.037,1.08671,1.08693,1.00,2.25
2018.05.15 08:43:10.986,1.0867,1.08693,1.00,1.50
2018.05.15 08:43:11.497,1.08669,1.08693,1.13,1.50
2018.05.15 08:43:12.316,1.08669,1.08693,1.38,1.69
2018.05.15 08:43:13.112,1.0867,1.08693,1.00,2.81
2018.05.15 08:43:13.910,1.08668,1.08691,1.69,1.37
2018.05.15 08:43:14.502,1.08669,1.08694,1.63,3.56
2018.05.15 08:43:15.445,1.08669,1.08694,1.31,2.25
2018.05.15 08:43:15.500,1.08673,1.08697,2.06,1.37
2018.05.15 08:43:15.809,1.08676,1.08698,1.00,1.13
2018.05.15 08:43:15.861,1.08676,1.08697,1.00,1.00
2018.05.15 08:43:16.390,1.08673,1.08696,1.69,1.25
2018.05.15 08:43:17.026,1.08673,1.08696,1.37,1.37
2018.05.15 08:43:18.231,1.08673,1.08697,1.88,1.31
2018.05.15 08:43:18.436,1.08671,1.08696,2.25,2.44
2018.05.15 08:43:18.487,1.0867,1.08693,1.31,1.37
2018.05.15 08:43:18.630,1.08671,1.08694,1.44,2.25
2018.05.15 08:43:19.161,1.08671,1.08694,2.25,1.37
2018.05.15 08:43:19.813,1.08673,1.08694,1.00,1.37
2018.05.15 08:43:21.384,1.08672,1.08694,1.00,1.37
2018.05.15 08:43:21.869,1.08674,1.08695,1.00,1.50
2018.05.15 08:43:22.023,1.08673,1.08697,1.88,1.12
2018.05.15 08:43:24.231,1.08675,1.08699,1.37,1.31
2018.05.15 08:43:24.752,1.08675,1.08699,1.63,1.50
2018.05.15 08:43:25.262,1.08675,1.08699,1.37,2.06
2018.05.15 08:43:25.786,1.08674,1.08699,1.88,2.25
2018.05.15 08:43:25.887,1.08674,1.08698,1.00,2.06
2018.05.15 08:43:25.938,1.08673,1.08696,1.00,4.12
2018.05.15 08:43:26.345,1.08669,1.08692,2.25,1.87
2018.05.15 08:43:29.988,1.08669,1.08692,1.69,1.37
2018.05.15 08:43:31.391,1.08671,1.08692,1.37,1.00
2018.05.15 08:43:31.442,1.08671,1.08694,1.63,1.00
2018.05.15 08:43:31.494,1.0867,1.08695,1.31,3.94
2018.05.15 08:43:31.799,1.08669,1.08692,1.31,2.25
2018.05.15 08:43:39.348,1.0867,1.08691,2.63,1.00
2018.05.15 08:43:39.505,1.08674,1.08697,1.37,1.00
2018.05.15 08:43:45.218,1.08671,1.08695,1.00,1.37
2018.05.15 08:43:45.423,1.08671,1.08693,1.25,1.37
2018.05.15 08:43:45.934,1.0867,1.08691,1.31,1.12
2018.05.15 08:43:46.467,1.08669,1.08691,1.75,1.12
2018.05.15 08:43:47.264,1.08669,1.08691,1.81,1.12
2018.05.15 08:43:48.105,1.08669,1.08691,1.81,1.12
2018.05.15 08:43:48.654,1.08669,1.08691,1.81,1.12
2018.05.15 08:43:51.036,1.08669,1.08691,2.25,1.12
2018.05.15 08:43:53.613,1.08673,1.08691,1.00,1.12
2018.05.15 08:43:54.150,1.08672,1.08691,1.00,1.12
2018.05.15 08:43:55.964,1.08673,1.08691,1.00,1.12
2018.05.15 08:43:57.256,1.08672,1.08691,1.00,1.12
2018.05.15 08:43:57.881,1.08673,1.08691,1.00,1.12
2018.05.15 08:43:58.535,1.08672,1.08691,1.00,1.00
2018.05.15 08:43:59.484,1.08673,1.08691,1.00,1.00
2018.05.15 08:44:00.517,1.08674,1.08691,1.00,1.00
2018.05.15 08:44:00.828,1.08678,1.08694,1.00,1.50
2018.05.15 08:44:01.174,1.08675,1.08694,1.00,1.12
2018.05.15 08:44:01.683,1.08676,1.08694,1.00,1.31
2018.05.15 08:44:02.198,1.08674,1.08694,1.00,1.63
2018.05.15 08:44:02.744,1.08675,1.08694,1.00,1.63
2018.05.15 08:44:03.263,1.08674,1.08694,1.00,1.37
2018.05.15 08:44:03.467,1.08676,1.08694,1.00,1.37
2018.05.15 08:44:03.776,1.08674,1.08694,1.00,1.37
2018.05.15 08:44:04.335,1.08675,1.08694,1.00,1.37
2018.05.15 08:44:05.097,1.08676,1.08694,1.00,1.00
2018.05.15 08:44:05.149,1.0867,1.08692,1.37,1.12
2018.05.15 08:44:05.697,1.08671,1.08692,1.50,1.12
2018.05.15 08:44:06.209,1.08671,1.08692,1.25,1.00
2018.05.15 08:44:06.980,1.0867,1.08692,1.88,2.25
2018.05.15 08:44:07.082,1.08668,1.0869,2.06,1.00
2018.05.15 08:44:09.038,1.08669,1.0869,1.69,1.00
2018.05.15 08:44:09.604,1.08669,1.0869,1.88,1.00
2018.05.15 08:44:10.538,1.08671,1.08696,2.63,2.25
2018.05.15 08:44:10.590,1.08673,1.08696,1.69,1.00
2018.05.15 08:44:11.103,1.08675,1.08697,1.12,1.00
2018.05.15 08:44:11.514,1.08676,1.08697,1.37,1.00
2018.05.15 08:44:11.566,1.08677,1.08699,1.37,1.00
2018.05.15 08:44:12.442,1.08679,1.08699,1.00,1.00
2018.05.15 08:44:12.805,1.08676,1.08699,3.00,1.12
2018.05.15 08:44:13.065,1.08673,1.08698,1.88,1.12
2018.05.15 08:44:13.410,1.08674,1.08698,1.13,1.00
2018.05.15 08:44:13.925,1.08676,1.08698,1.88,1.00
2018.05.15 08:44:14.339,1.08676,1.08698,1.00,1.31
2018.05.15 08:44:14.444,1.08676,1.08699,1.12,2.44
2018.05.15 08:44:14.496,1.08676,1.08699,3.00,1.88
2018.05.15 08:44:14.770,1.08679,1.08701,1.12,1.63
2018.05.15 08:44:15.282,1.0868,1.087,1.00,1.87
2018.05.15 08:44:15.959,1.08679,1.087,1.12,1.12
2018.05.15 08:44:16.162,1.08682,1.087,1.00,1.87
2018.05.15 08:44:16.264,1.0868,1.087,1.00,1.12
2018.05.15 08:44:16.847,1.08679,1.087,1.12,1.00
2018.05.15 08:44:17.546,1.0868,1.087,1.00,1.00
2018.05.15 08:44:18.096,1.08681,1.087,1.00,1.00
2018.05.15 08:44:18.635,1.0868,1.087,1.00,1.00
2018.05.15 08:44:19.162,1.08681,1.08702,1.00,1.37
2018.05.15 08:44:20.459,1.08679,1.08702,1.87,1.37
2018.05.15 08:44:21.719,1.0868,1.08702,1.00,1.63
2018.05.15 08:44:22.555,1.08681,1.08702,1.00,1.63
2018.05.15 08:44:23.082,1.0868,1.08702,1.00,1.75
2018.05.15 08:44:23.587,1.08681,1.08702,1.00,2.00
2018.05.15 08:44:24.125,1.08682,1.08702,1.00,1.75
2018.05.15 08:44:24.176,1.08679,1.08702,1.87,1.75
2018.05.15 08:44:24.278,1.08681,1.08702,1.00,1.81
2018.05.15 08:44:24.780,1.0868,1.08702,1.00,1.81
2018.05.15 08:44:25.098,1.08682,1.08702,1.00,1.81
2018.05.15 08:44:25.636,1.08681,1.08702,1.00,1.75
2018.05.15 08:44:25.840,1.08679,1.08702,2.62,1.81
2018.05.15 08:44:25.892,1.08682,1.08702,1.00,1.81
2018.05.15 08:44:25.994,1.08679,1.08702,2.62,1.75
2018.05.15 08:44:26.242,1.08681,1.08702,1.00,1.81
2018.05.15 08:44:26.769,1.08682,1.08702,1.00,1.81
2018.05.15 08:44:26.821,1.0868,1.08702,1.00,1.75
2018.05.15 08:44:27.429,1.08681,1.08702,1.00,1.75
2018.05.15 08:44:27.945,1.08681,1.08702,1.00,1.50
2018.05.15 08:44:28.482,1.08681,1.08702,1.00,1.50
2018.05.15 08:44:28.535,1.08678,1.08695,1.00,1.12
2018.05.15 08:44:28.640,1.08675,1.08696,1.88,1.12
2018.05.15 08:44:29.271,1.08675,1.08698,1.00,1.50
2018.05.15 08:44:29.817,1.08675,1.08698,2.81,1.50
2018.05.15 08:44:30.358,1.08675,1.08698,1.31,1.50
2018.05.15 08:44:33.315,1.08675,1.08698,1.00,1.75
2018.05.15 08:44:33.522,1.08673,1.08695,1.00,1.50
2018.05.15 08:44:34.119,1.08672,1.08695,1.69,1.50
2018.05.15 08:44:34.642,1.08671,1.08695,3.19,1.50
2018.05.15 08:44:35.237,1.08671,1.08695,3.56,1.50
2018.05.15 08:44:35.969,1.08671,1.08695,2.81,1.50
2018.05.15 08:44:36.021,1.08674,1.08695,1.00,1.50
2018.05.15 08:44:36.073,1.08672,1.08695,1.00,1.12
2018.05.15 08:44:36.656,1.08673,1.08695,1.13,1.12
2018.05.15 08:44:37.966,1.08674,1.08695,1.00,1.37
2018.05.15 08:44:38.173,1.08677,1.08695,1.00,1.00
2018.05.15 08:44:38.225,1.08676,1.08697,1.00,1.00
2018.05.15 08:44:38.329,1.08674,1.08697,1.25,1.00
2018.05.15 08:44:38.601,1.08676,1.087,1.37,1.88
2018.05.15 08:44:38.913,1.0868,1.08701,1.25,1.50
2018.05.15 08:44:39.427,1.08679,1.08702,1.00,1.69
2018.05.15 08:44:39.685,1.08673,1.08699,2.25,2.62
2018.05.15 08:44:39.736,1.08674,1.08696,1.25,1.00
2018.05.15 08:44:40.056,1.08669,1.08693,2.81,1.00
2018.05.15 08:44:40.108,1.08672,1.08693,1.25,1.00
2018.05.15 08:44:40.624,1.08671,1.08693,1.25,1.50
2018.05.15 08:44:45.006,1.0867,1.08693,2.06,1.00
2018.05.15 08:44:45.499,1.08672,1.08693,1.44,1.50
2018.05.15 08:44:46.506,1.08674,1.08693,1.00,1.50
2018.05.15 08:44:47.051,1.08673,1.08693,1.00,1.00
2018.05.15 08:44:47.722,1.08672,1.08693,1.00,1.00
2018.05.15 08:44:48.300,1.08673,1.08693,1.00,1.12
2018.05.15 08:44:48.455,1.08671,1.08693,1.87,1.12
2018.05.15 08:44:49.131,1.08671,1.08693,1.50,1.50
2018.05.15 08:44:49.643,1.08671,1.08694,1.88,2.81
2018.05.15 08:44:50.236,1.08671,1.08694,2.25,3.19
2018.05.15 08:44:50.829,1.08672,1.08693,1.00,1.37
2018.05.15 08:44:51.369,1.08671,1.08693,1.31,2.25
2018.05.15 08:44:52.472,1.08668,1.08691,1.69,1.12
2018.05.15 08:44:52.780,1.08668,1.0869,1.13,1.63
2018.05.15 08:44:53.929,1.08667,1.0869,1.13,1.37
2018.05.15 08:44:54.240,1.08668,1.0869,1.50,1.12
2018.05.15 08:44:54.775,1.08668,1.08693,1.69,2.63
2018.05.15 08:44:57.107,1.08668,1.0869,1.69,1.00
2018.05.15 08:44:57.160,1.08666,1.08689,1.87,1.50
2018.05.15 08:44:57.313,1.08666,1.08687,1.37,1.00
2018.05.15 08:44:57.934,1.08666,1.08687,1.12,1.00
2018.05.15 08:45:06.631,1.08667,1.08687,1.00,1.87
2018.05.15 08:45:07.731,1.08663,1.08687,1.87,1.50
2018.05.15 08:45:07.947,1.08667,1.08687,1.00,1.00
2018.05.15 08:45:08.686,1.08668,1.08687,1.00,1.00
2018.05.15 08:45:09.275,1.08667,1.0869,1.31,1.50
2018.05.15 08:45:09.779,1.08668,1.08689,1.00,1.37
2018.05.15 08:45:10.874,1.08667,1.08689,1.50,1.37
2018.05.15 08:45:11.602,1.08668,1.08689,1.00,1.37
2018.05.15 08:45:12.368,1.08667,1.08689,1.12,1.37
2018.05.15 08:45:12.698,1.08663,1.08686,1.25,2.62
2018.05.15 08:45:12.751,1.08666,1.08688,1.37,1.00
2018.05.15 08:45:13.060,1.0867,1.08688,1.00,1.12
2018.05.15 08:45:13.638,1.08667,1.08688,1.00,1.00
2018.05.15 08:45:14.146,1.08667,1.08688,1.37,1.00
2018.05.15 08:45:14.885,1.08667,1.08691,1.62,2.62
2018.05.15 08:45:17.885,1.08667,1.08691,1.12,3.19
2018.05.15 08:45:18.064,1.08667,1.08691,1.12,2.62
2018.05.15 08:45:18.368,1.08667,1.0869,1.00,1.75
2018.05.15 08:45:18.677,1.08665,1.0869,1.25,2.25
2018.05.15 08:45:18.883,1.08665,1.08688,1.50,1.87
2018.05.15 08:45:19.039,1.08665,1.08684,1.00,1.37
2018.05.15 08:45:19.093,1.08665,1.08686,1.87,1.00
2018.05.15 08:45:19.609,1.08664,1.08687,2.25,2.25
2018.05.15 08:45:20.154,1.08665,1.08686,1.31,1.00
2018.05.15 08:45:20.675,1.08664,1.08687,1.00,2.25
2018.05.15 08:45:21.205,1.08664,1.08686,1.00,1.00
2018.05.15 08:45:22.169,1.08664,1.08687,1.00,1.50
2018.05.15 08:45:22.705,1.08664,1.08686,1.00,1.00
2018.05.15 08:45:23.265,1.08664,1.08687,1.00,1.50
2018.05.15 08:45:23.824,1.08664,1.08686,1.00,1.00
2018.05.15 08:45:24.407,1.08664,1.08687,1.00,1.50
2018.05.15 08:45:25.274,1.08664,1.08686,1.50,1.00
2018.05.15 08:45:25.325,1.08665,1.08687,1.37,1.50
2018.05.15 08:45:25.479,1.08662,1.08684,1.00,1.87
2018.05.15 08:45:26.025,1.0866,1.08685,4.12,1.87
2018.05.15 08:45:26.300,1.08661,1.08684,1.00,1.87
2018.05.15 08:45:26.635,1.08661,1.08683,1.00,1.75
2018.05.15 08:45:27.095,1.0866,1.08682,1.12,1.12
2018.05.15 08:45:27.147,1.08659,1.08682,1.50,1.50
2018.05.15 08:45:27.696,1.08659,1.08682,2.06,1.12
2018.05.15 08:45:27.747,1.0866,1.08682,1.00,1.00
2018.05.15 08:45:28.155,1.0866,1.08682,1.87,1.00
2018.05.15 08:45:28.935,1.0866,1.08682,1.69,1.00
2018.05.15 08:45:29.472,1.0866,1.08682,1.37,1.00
2018.05.15 08:45:29.717,1.08663,1.08686,1.00,1.50
2018.05.15 08:45:29.854,1.08664,1.08688,2.25,1.00
2018.05.15 08:45:30.364,1.08668,1.08689,1.00,1.00
2018.05.15 08:45:30.415,1.08666,1.08691,1.75,1.12
2018.05.15 08:45:30.962,1.08667,1.08692,2.06,1.87
2018.05.15 08:45:31.481,1.08667,1.08691,1.50,1.12
2018.05.15 08:45:32.412,1.08667,1.08691,1.31,1.12
2018.05.15 08:45:33.484,1.0867,1.08691,1.00,1.12
2018.05.15 08:45:34.019,1.0867,1.08695,2.06,1.75
2018.05.15 08:45:34.604,1.08671,1.08695,1.31,2.62
2018.05.15 08:45:35.121,1.0867,1.08695,1.69,5.25
2018.05.15 08:45:35.679,1.08666,1.08691,2.62,1.12
2018.05.15 08:45:36.027,1.08667,1.08691,1.62,1.50
2018.05.15 08:45:36.376,1.08665,1.08687,1.00,1.50
2018.05.15 08:45:36.478,1.08665,1.08687,1.37,1.12
2018.05.15 08:45:37.228,1.08664,1.08687,2.62,1.12
2018.05.15 08:45:39.134,1.08665,1.08687,1.56,1.12
2018.05.15 08:45:39.186,1.08664,1.08687,1.69,1.12
2018.05.15 08:45:39.647,1.08664,1.08687,2.44,1.12
2018.05.15 08:45:44.421,1.08667,1.08687,1.00,1.12
2018.05.15 08:45:44.939,1.08666,1.08687,1.12,1.12
2018.05.15 08:45:45.566,1.08667,1.08687,1.00,1.12
2018.05.15 08:45:46.594,1.08666,1.08687,1.31,1.12
2018.05.15 08:45:47.138,1.08667,1.08687,1.00,1.12
2018.05.15 08:45:47.513,1.08665,1.08687,1.12,1.00
2018.05.15 08:45:48.021,1.08666,1.08687,1.00,1.00
2018.05.15 08:45:48.727,1.08667,1.08687,1.00,1.00
2018.05.15 08:45:48.778,1.08666,1.08687,1.31,1.50
2018.05.15 08:45:49.306,1.08664,1.08687,1.69,1.50
2018.05.15 08:45:50.540,1.08665,1.08687,1.25,1.00
2018.05.15 08:45:50.725,1.08667,1.08687,1.00,1.00
2018.05.15 08:45:50.828,1.08667,1.08689,1.25,1.00
2018.05.15 08:45:51.376,1.08667,1.08691,1.00,1.37
2018.05.15 08:45:52.394,1.08668,1.08691,1.00,1.37
2018.05.15 08:45:53.098,1.08669,1.08692,1.00,2.62
2018.05.15 08:45:56.671,1.08669,1.08692,1.00,1.75
2018.05.15 08:45:56.774,1.08667,1.0869,1.50,2.62
2018.05.15 08:45:57.263,1.08668,1.0869,1.19,1.50
2018.05.15 08:45:57.765,1.0867,1.0869,1.00,1.50
2018.05.15 08:45:58.331,1.08669,1.0869,1.00,1.50
2018.05.15 08:45:58.866,1.0867,1.0869,1.00,1.50
2018.05.15 08:45:59.476,1.08669,1.0869,1.00,1.50
2018.05.15 08:46:00.015,1.0867,1.0869,1.00,1.50
2018.05.15 08:46:00.540,1.0867,1.0869,1.00,1.37
2018.05.15 08:46:01.154,1.08669,1.0869,1.12,1.37
2018.05.15 08:46:03.407,1.0867,1.0869,1.00,1.37
2018.05.15 08:46:04.156,1.08671,1.0869,1.00,1.37
2018.05.15 08:46:04.835,1.08672,1.0869,1.00,1.37
2018.05.15 08:46:05.057,1.08669,1.0869,1.00,1.00
2018.05.15 08:46:05.314,1.0867,1.0869,1.37,1.00
2018.05.15 08:46:05.366,1.08669,1.08692,2.25,1.00
2018.05.15 08:46:06.723,1.08667,1.0869,3.00,1.50
2018.05.15 08:46:06.980,1.08672,1.08695,2.25,1.00
2018.05.15 08:46:07.149,1.08674,1.08696,1.00,1.50
2018.05.15 08:46:07.408,1.08674,1.08696,2.06,1.00
2018.05.15 08:46:07.461,1.08676,1.08696,1.37,1.00
2018.05.15 08:46:07.717,1.08676,1.08699,2.06,1.87
2018.05.15 08:46:08.187,1.08673,1.08696,1.50,1.00
2018.05.15 08:46:08.291,1.08674,1.08696,1.00,2.25
2018.05.15 08:46:10.170,1.08673,1.08696,2.44,2.25
2018.05.15 08:46:10.323,1.08673,1.08696,1.00,1.50
2018.05.15 08:46:10.959,1.08674,1.08696,1.00,3.00
2018.05.15 08:46:11.491,1.08673,1.08696,2.44,3.00
2018.05.15 08:46:12.028,1.08673,1.08694,1.69,1.12
2018.05.15 08:46:12.612,1.08672,1.08694,1.87,1.12
2018.05.15 08:46:12.817,1.08673,1.08692,1.00,1.00
2018.05.15 08:46:13.347,1.08672,1.08692,1.31,1.00
2018.05.15 08:46:13.485,1.08673,1.08695,1.50,1.37
2018.05.15 08:46:13.810,1.08675,1.08695,1.00,1.37
2018.05.15 08:46:14.121,1.08673,1.08695,1.25,1.12
2018.05.15 08:46:14.223,1.08672,1.08695,3.00,3.37
2018.05.15 08:46:14.846,1.08673,1.08694,1.00,1.50
2018.05.15 08:46:15.616,1.08672,1.08694,2.25,1.50
2018.05.15 08:46:16.192,1.08673,1.08694,1.00,1.50
2018.05.15 08:46:16.696,1.08674,1.08694,1.00,2.25
2018.05.15 08:46:18.036,1.08673,1.08695,1.00,2.62
2018.05.15 08:46:19.247,1.08674,1.08695,1.00,2.62
2018.05.15 08:46:19.884,1.08673,1.08694,1.00,1.50
2018.05.15 08:46:20.420,1.08672,1.08695,2.25,3.00
2018.05.15 08:46:20.724,1.08675,1.08694,1.00,1.50
2018.05.15 08:46:20.775,1.08673,1.08694,1.00,1.50
2018.05.15 08:46:21.396,1.08672,1.08695,2.25,3.00
2018.05.15 08:46:24.551,1.08672,1.08694,2.44,2.25
2018.05.15 08:46:25.081,1.08672,1.08694,1.69,2.25
2018.05.15 08:46:27.934,1.08672,1.08694,1.87,2.25
2018.05.15 08:46:30.288,1.08672,1.08694,1.50,1.50
2018.05.15 08:46:30.894,1.08673,1.08694,1.00,2.25
2018.05.15 08:46:31.694,1.08672,1.08694,2.62,1.50
2018.05.15 08:46:32.690,1.08673,1.08694,1.00,1.12
2018.05.15 08:46:34.224,1.08672,1.08695,2.25,3.37
2018.05.15 08:46:35.116,1.08673,1.08694,1.00,1.87
2018.05.15 08:46:35.610,1.08672,1.08695,1.50,1.75
2018.05.15 08:46:35.663,1.08672,1.08695,1.87,1.37
2018.05.15 08:46:36.180,1.08672,1.08695,1.87,1.50
2018.05.15 08:46:36.974,1.08673,1.08695,1.25,1.00
2018.05.15 08:46:37.126,1.08675,1.08695,1.00,1.75
2018.05.15 08:46:38.677,1.08677,1.08697,1.00,1.50
2018.05.15 08:46:39.193,1.08678,1.08697,1.00,1.37
2018.05.15 08:46:39.739,1.08677,1.08697,1.00,1.00
2018.05.15 08:46:39.792,1.0868,1.08697,1.00,1.00
2018.05.15 08:46:39.843,1.0868,1.087,1.00,1.00
2018.05.15 08:46:40.913,1.08677,1.087,3.19,1.12
2018.05.15 08:46:42.153,1.08676,1.08699,2.25,1.00
2018.05.15 08:46:47.911,1.08677,1.08699,1.75,1.00
2018.05.15 08:46:54.535,1.08676,1.08699,1.75,1.00
2018.05.15 08:46:54.586,1.08676,1.08699,1.87,1.00
2018.05.15 08:46:55.115,1.08675,1.087,2.44,1.12
2018.05.15 08:46:55.968,1.08677,1.08701,1.00,1.37
2018.05.15 08:46:56.024,1.08675,1.087,1.87,1.75
2018.05.15 08:46:56.297,1.08672,1.08693,1.12,1.12
2018.05.15 08:46:56.655,1.08674,1.08693,1.00,1.12
2018.05.15 08:46:57.254,1.08673,1.08693,1.50,1.12
2018.05.15 08:46:57.819,1.08672,1.08693,2.62,1.12
2018.05.15 08:46:58.947,1.08672,1.08693,2.25,1.37
2018.05.15 08:46:59.101,1.08672,1.08695,1.87,1.12
2018.05.15 08:46:59.659,1.08671,1.08694,2.44,1.12
2018.05.15 08:47:00.018,1.08673,1.08694,1.12,1.00
2018.05.15 08:47:00.339,1.08675,1.08694,1.00,1.00
2018.05.15 08:47:00.891,1.08674,1.08694,1.00,1.00
2018.05.15 08:47:01.574,1.08674,1.08695,1.50,1.12
2018.05.15 08:47:05.545,1.08673,1.08695,1.25,1.12
2018.05.15 08:47:05.852,1.08675,1.08695,1.00,1.12
2018.05.15 08:47:06.387,1.08674,1.08695,1.00,1.12
2018.05.15 08:47:06.992,1.08675,1.08695,1.50,1.12
2018.05.15 08:47:07.502,1.08674,1.08695,1.00,1.12
2018.05.15 08:47:08.017,1.08675,1.08695,1.00,1.12
2018.05.15 08:47:08.581,1.08674,1.08695,1.00,1.12
2018.05.15 08:47:09.117,1.08675,1.08695,1.00,1.12
2018.05.15 08:47:09.663,1.08674,1.08695,1.00,1.12
2018.05.15 08:47:10.172,1.08675,1.08695,1.00,1.12
2018.05.15 08:47:10.714,1.08676,1.08695,1.00,1.12
2018.05.15 08:47:11.273,1.08675,1.08695,1.00,1.00
2018.05.15 08:47:11.961,1.08676,1.08695,1.00,1.00
2018.05.15 08:47:12.532,1.08675,1.08695,1.00,1.00
2018.05.15 08:47:13.359,1.08676,1.08695,1.00,1.00
2018.05.15 08:47:13.894,1.08675,1.08695,1.25,1.00
2018.05.15 08:47:14.442,1.08676,1.08695,1.00,1.00
2018.05.15 08:47:14.547,1.08674,1.08695,1.00,1.37
2018.05.15 08:47:15.084,1.08674,1.08693,1.00,1.00
2018.05.15 08:47:15.627,1.08673,1.08693,1.12,1.00
2018.05.15 08:47:17.112,1.08674,1.08693,1.00,1.00
2018.05.15 08:47:17.647,1.08672,1.08693,1.50,1.37
2018.05.15 08:47:18.227,1.08672,1.08693,1.00,1.12
2018.05.15 08:47:19.565,1.08671,1.08693,2.62,1.87
2018.05.15 08:47:19.616,1.08673,1.08693,1.50,1.87
2018.05.15 08:47:27.365,1.08672,1.08693,1.00,1.12
2018.05.15 08:47:27.941,1.08671,1.08693,3.37,1.12
2018.05.15 08:47:29.016,1.08672,1.08693,1.50,1.12
2018.05.15 08:47:29.830,1.08673,1.08693,1.00,1.12
2018.05.15 08:47:30.387,1.08672,1.08693,1.00,1.00
2018.05.15 08:47:30.902,1.08673,1.08693,1.00,1.00
2018.05.15 08:47:31.388,1.08671,1.08693,1.31,1.00
2018.05.15 08:47:31.440,1.08673,1.08693,1.00,1.00
2018.05.15 08:47:31.492,1.0867,1.08693,1.87,1.00
2018.05.15 08:47:32.376,1.0867,1.08693,1.25,1.37
2018.05.15 08:47:39.024,1.0867,1.08691,1.00,1.00
2018.05.15 08:47:39.534,1.0867,1.08691,1.37,1.00
2018.05.15 08:47:41.308,1.0867,1.08692,1.37,1.12
2018.05.15 08:47:41.811,1.0867,1.08693,1.87,1.00
2018.05.15 08:47:43.156,1.08669,1.08694,1.50,1.00
2018.05.15 08:47:44.360,1.0867,1.08693,1.37,1.00
2018.05.15 08:47:44.870,1.08672,1.08694,1.12,1.00
2018.05.15 08:47:46.432,1.08671,1.08694,2.62,1.00
2018.05.15 08:47:47.699,1.08673,1.08694,1.00,1.00
2018.05.15 08:47:50.937,1.08674,1.08695,1.00,1.12
2018.05.15 08:47:51.385,1.08671,1.08695,1.12,1.87
2018.05.15 08:47:51.933,1.08672,1.08695,1.00,1.87
2018.05.15 08:47:52.948,1.08671,1.08695,1.87,1.50
2018.05.15 08:47:53.000,1.08674,1.08695,1.00,1.50
2018.05.15 08:47:53.655,1.08673,1.08695,1.00,1.00
2018.05.15 08:47:54.200,1.08675,1.08695,1.00,1.00
2018.05.15 08:47:54.451,1.08675,1.08697,1.00,1.00
2018.05.15 08:47:54.503,1.08675,1.08697,1.50,1.00
2018.05.15 08:47:55.609,1.08676,1.08697,1.00,1.12
2018.05.15 08:47:56.235,1.08677,1.08697,1.00,1.12
2018.05.15 08:47:56.757,1.08676,1.08697,1.00,1.12
2018.05.15 08:47:57.317,1.08677,1.08697,1.00,1.12
2018.05.15 08:47:57.983,1.08674,1.08697,3.75,1.00
2018.05.15 08:47:58.994,1.08677,1.08697,1.00,1.00
2018.05.15 08:48:00.531,1.08676,1.08697,1.12,1.00
2018.05.15 08:48:01.070,1.08677,1.08697,1.00,1.00
2018.05.15 08:48:02.641,1.08676,1.08697,1.31,1.00
2018.05.15 08:48:08.157,1.08677,1.087,1.00,1.87
2018.05.15 08:48:11.435,1.08677,1.08698,1.00,1.00
2018.05.15 08:48:13.579,1.08677,1.08697,1.00,1.12
2018.05.15 08:48:14.088,1.08677,1.087,1.12,2.25
2018.05.15 08:48:17.528,1.08676,1.08698,1.00,1.87
2018.05.15 08:48:17.799,1.08672,1.08695,1.87,1.00
2018.05.15 08:48:18.856,1.08675,1.08695,1.00,1.00
2018.05.15 08:48:18.907,1.08676,1.087,1.37,4.12
2018.05.15 08:48:19.011,1.08679,1.087,1.00,1.12
2018.05.15 08:48:19.686,1.08679,1.08699,1.12,1.00
2018.05.15 08:48:24.235,1.08678,1.08699,3.00,1.00
2018.05.15 08:48:24.749,1.08678,1.08699,1.87,1.00
2018.05.15 08:48:24.902,1.08678,1.08702,3.75,1.00
2018.05.15 08:48:32.093,1.08678,1.08701,2.25,1.50
2018.05.15 08:48:32.298,1.08678,1.08701,1.37,1.87
2018.05.15 08:48:32.450,1.08678,1.08698,1.37,1.00
2018.05.15 08:48:32.760,1.08677,1.08697,1.00,1.50
2018.05.15 08:48:32.920,1.08674,1.08696,1.00,1.37
2018.05.15 08:48:33.434,1.08675,1.08696,1.00,1.37
2018.05.15 08:48:33.950,1.08675,1.08695,1.00,1.37
2018.05.15 08:48:34.208,1.08673,1.08694,1.00,1.87
2018.05.15 08:48:34.261,1.08672,1.08694,1.50,1.87
2018.05.15 08:48:34.787,1.08672,1.08694,1.00,1.50
2018.05.15 08:48:36.825,1.08671,1.08694,2.25,1.37
2018.05.15 08:48:37.139,1.08673,1.08694,1.50,1.87
2018.05.15 08:48:37.831,1.08672,1.08692,1.00,1.00
2018.05.15 08:48:38.491,1.08673,1.08692,1.00,1.00
2018.05.15 08:48:39.015,1.08672,1.08692,1.00,1.00
2018.05.15 08:48:40.484,1.08675,1.08694,1.00,1.12
2018.05.15 08:48:40.793,1.08678,1.087,1.69,1.00
2018.05.15 08:48:40.897,1.0868,1.08702,1.31,2.25
2018.05.15 08:48:40.983,1.0868,1.08702,1.69,2.25
2018.05.15 08:48:44.070,1.08681,1.08702,2.25,1.00
2018.05.15 08:48:44.277,1.08678,1.087,1.87,1.00
2018.05.15 08:48:44.748,1.08676,1.08698,1.37,1.00
2018.05.15 08:48:46.733,1.08676,1.08699,1.37,1.50
2018.05.15 08:48:47.348,1.08676,1.08699,1.69,1.50
2018.05.15 08:48:48.584,1.08675,1.08697,2.06,1.00
2018.05.15 08:48:49.552,1.08676,1.08698,1.12,1.00
2018.05.15 08:48:49.877,1.08675,1.08699,2.44,1.50
2018.05.15 08:48:50.519,1.08675,1.08699,3.37,1.50
2018.05.15 08:48:51.870,1.08675,1.08697,1.87,1.00
2018.05.15 08:48:51.921,1.08675,1.08697,1.00,1.00
2018.05.15 08:48:51.973,1.08674,1.08695,2.62,1.00
2018.05.15 08:48:52.178,1.08672,1.08695,2.81,1.87
2018.05.15 08:48:52.282,1.08674,1.08694,1.00,1.00
2018.05.15 08:48:52.522,1.08672,1.08694,1.50,1.12
2018.05.15 08:48:53.631,1.08674,1.08694,1.00,1.00
2018.05.15 08:48:54.164,1.08674,1.08695,1.00,1.12
2018.05.15 08:48:56.444,1.08673,1.08695,1.00,1.12
2018.05.15 08:48:57.990,1.08672,1.08694,1.12,1.00
2018.05.15 08:48:58.615,1.08672,1.08693,1.12,1.00
2018.05.15 08:49:00.504,1.08673,1.08693,1.00,1.00
2018.05.15 08:49:01.107,1.08671,1.08693,1.37,1.00
2018.05.15 08:49:01.899,1.08671,1.08693,1.00,1.50
2018.05.15 08:49:02.227,1.08671,1.08691,1.00,1.50
2018.05.15 08:49:02.279,1.08671,1.08691,1.12,1.00
2018.05.15 08:49:03.328,1.08671,1.08691,1.00,1.87
2018.05.15 08:49:03.482,1.08671,1.08688,1.00,1.00
2018.05.15 08:49:04.074,1.08671,1.08689,1.00,1.00
2018.05.15 08:49:04.537,1.08668,1.08688,1.12,1.00
2018.05.15 08:49:04.648,1.08668,1.08686,1.00,1.12
2018.05.15 08:49:04.980,1.08665,1.08684,1.00,1.00
2018.05.15 08:49:05.031,1.08662,1.08684,1.50,1.00
2018.05.15 08:49:06.901,1.08662,1.08684,1.37,1.00
2018.05.15 08:49:15.912,1.08663,1.08682,1.31,1.00
2018.05.15 08:49:16.220,1.08659,1.08682,1.56,1.57
2018.05.15 08:49:16.272,1.08659,1.08684,1.56,1.00
2018.05.15 08:49:22.263,1.08661,1.08682,1.12,1.00
2018.05.15 08:49:22.939,1.0866,1.08682,1.56,1.00
2018.05.15 08:49:28.202,1.08659,1.08682,1.31,1.50
2018.05.15 08:49:28.735,1.08659,1.08681,1.12,1.00
2018.05.15 08:49:28.787,1.0866,1.08683,1.12,1.00
2018.05.15 08:49:29.309,1.0866,1.08683,2.19,1.00
2018.05.15 08:49:29.504,1.08659,1.08683,2.06,1.50
2018.05.15 08:49:29.556,1.08659,1.08683,2.06,1.50
2018.05.15 08:49:30.152,1.0866,1.08682,1.31,1.00
2018.05.15 08:49:30.865,1.0866,1.08682,1.31,1.00
2018.05.15 08:49:35.219,1.0866,1.08682,1.31,1.00
2018.05.15 08:49:35.735,1.08662,1.08683,2.62,1.00
2018.05.15 08:49:35.787,1.08662,1.08685,1.37,1.00
2018.05.15 08:49:35.839,1.08661,1.08682,1.87,1.00
2018.05.15 08:49:36.735,1.08663,1.08682,1.50,1.00
2018.05.15 08:49:36.786,1.08663,1.08685,1.50,1.50
2018.05.15 08:49:37.599,1.08663,1.08685,1.56,1.87
2018.05.15 08:49:38.118,1.08664,1.08684,1.62,1.00
2018.05.15 08:49:41.047,1.08662,1.08684,1.56,1.00
2018.05.15 08:49:41.609,1.08664,1.08685,1.00,1.87
2018.05.15 08:49:42.240,1.08663,1.08685,1.87,1.50
2018.05.15 08:49:42.586,1.08663,1.08685,1.12,1.87
2018.05.15 08:49:43.321,1.08661,1.08684,3.75,1.00
2018.05.15 08:49:45.291,1.08661,1.08684,1.31,1.00
2018.05.15 08:49:46.572,1.08661,1.08685,4.69,1.50
2018.05.15 08:49:46.880,1.08664,1.08685,1.50,1.00
2018.05.15 08:49:49.769,1.08665,1.08686,2.62,1.00
2018.05.15 08:49:50.310,1.08666,1.08686,1.12,1.00
2018.05.15 08:49:50.413,1.08661,1.08684,2.81,1.00
2018.05.15 08:49:50.671,1.08661,1.08679,3.00,1.00
2018.05.15 08:49:50.722,1.08661,1.08682,2.25,1.50
2018.05.15 08:49:50.826,1.08661,1.0868,2.25,1.00
2018.05.15 08:49:50.929,1.08661,1.08682,2.25,1.00
2018.05.15 08:49:51.257,1.08661,1.08684,4.87,1.00
2018.05.15 08:49:52.045,1.08663,1.08684,1.65,1.00
2018.05.15 08:49:53.075,1.08663,1.08684,1.46,1.00
2018.05.15 08:49:53.126,1.08661,1.08681,4.27,1.00
2018.05.15 08:49:53.331,1.08661,1.08678,1.25,1.00
2018.05.15 08:49:53.542,1.08661,1.08681,1.31,1.00
2018.05.15 08:49:53.594,1.0866,1.08678,1.56,1.00
2018.05.15 08:49:53.960,1.08658,1.08678,1.19,1.00
2018.05.15 08:49:54.012,1.08657,1.0868,1.00,1.87
2018.05.15 08:49:54.168,1.08656,1.0868,1.31,2.29
2018.05.15 08:49:54.482,1.08656,1.08676,1.00,1.37
2018.05.15 08:49:54.995,1.08656,1.08676,1.62,1.00
2018.05.15 08:49:56.280,1.08656,1.08678,1.81,1.05
2018.05.15 08:49:56.332,1.08658,1.0868,1.50,1.00
2018.05.15 08:49:56.997,1.08659,1.0868,1.50,1.00
2018.05.15 08:49:58.495,1.0866,1.0868,1.00,1.00
2018.05.15 08:49:58.598,1.08658,1.0868,2.62,1.00
2018.05.15 08:49:58.940,1.0866,1.08681,1.00,1.50
2018.05.15 08:49:59.513,1.08658,1.0868,2.06,1.00
2018.05.15 08:50:00.023,1.08657,1.0868,1.60,1.50
2018.05.15 08:50:01.281,1.08657,1.08681,2.23,1.00
2018.05.15 08:50:01.624,1.08658,1.08682,2.17,1.12
2018.05.15 08:50:01.827,1.08658,1.08682,1.31,1.37
2018.05.15 08:50:01.878,1.08658,1.08681,1.69,1.12
2018.05.15 08:50:02.357,1.08659,1.08679,1.00,1.37
2018.05.15 08:50:02.409,1.08657,1.08679,1.50,1.37
2018.05.15 08:50:02.461,1.08655,1.08676,1.86,1.00
2018.05.15 08:50:03.061,1.08656,1.08676,1.00,1.00
2018.05.15 08:50:05.690,1.08656,1.08678,1.69,1.12
2018.05.15 08:50:10.989,1.0866,1.08679,1.12,1.00
2018.05.15 08:50:11.301,1.08661,1.08681,1.69,1.00
2018.05.15 08:50:14.589,1.08659,1.08681,1.37,1.00
2018.05.15 08:50:14.641,1.08658,1.0868,1.12,1.37
2018.05.15 08:50:14.949,1.08657,1.08677,1.00,1.12
2018.05.15 08:50:17.670,1.08656,1.08677,2.06,1.00
2018.05.15 08:50:20.021,1.08657,1.08677,1.00,1.00
2018.05.15 08:50:28.339,1.08655,1.08677,1.69,1.00
2018.05.15 08:50:28.545,1.08655,1.08677,1.00,3.00
2018.05.15 08:50:28.912,1.08654,1.08674,3.00,1.37
2018.05.15 08:50:29.618,1.08654,1.08674,3.00,1.12
2018.05.15 08:50:29.935,1.08656,1.08674,1.50,1.12
2018.05.15 08:50:30.799,1.08655,1.08674,1.00,1.00
2018.05.15 08:50:32.839,1.08656,1.08674,1.00,1.00
2018.05.15 08:50:33.248,1.08656,1.08676,1.00,2.62
2018.05.15 08:50:33.351,1.08657,1.08676,1.81,1.00
2018.05.15 08:50:33.457,1.08656,1.08678,2.44,1.00
2018.05.15 08:50:33.508,1.08655,1.08678,2.06,2.62
2018.05.15 08:50:33.822,1.08654,1.08678,1.94,1.00
2018.05.15 08:50:34.889,1.08655,1.08678,1.44,1.37
2018.05.15 08:50:35.436,1.08655,1.08678,1.44,2.62
2018.05.15 08:50:40.374,1.08655,1.08676,1.00,1.00
2018.05.15 08:50:40.883,1.08655,1.08678,1.25,1.50
2018.05.15 08:50:41.816,1.08656,1.08678,1.31,1.12
2018.05.15 08:50:42.159,1.08656,1.08679,1.87,1.50
2018.05.15 08:50:45.840,1.08657,1.08679,2.25,1.00
2018.05.15 08:50:45.900,1.08657,1.08679,1.69,1.00
2018.05.15 08:50:49.108,1.08656,1.08679,1.87,1.87
2018.05.15 08:50:49.160,1.08655,1.0868,1.00,1.87
2018.05.15 08:50:49.355,1.08655,1.08678,1.75,1.87
2018.05.15 08:50:49.888,1.08656,1.08678,1.12,1.50
2018.05.15 08:50:52.625,1.08656,1.08678,1.81,1.12
2018.05.15 08:50:53.206,1.08655,1.08678,1.12,1.87
2018.05.15 08:50:53.720,1.08655,1.08678,3.00,1.87
2018.05.15 08:50:54.253,1.08656,1.08678,1.50,1.87
2018.05.15 08:50:54.754,1.08657,1.0868,1.50,2.25
2018.05.15 08:50:55.280,1.08657,1.0868,1.31,2.25
2018.05.15 08:50:55.802,1.08657,1.08678,1.50,1.00
2018.05.15 08:50:56.321,1.08656,1.0868,1.69,1.37
2018.05.15 08:50:57.472,1.08657,1.0868,1.87,1.12
2018.05.15 08:50:58.311,1.08657,1.0868,1.12,1.00
2018.05.15 08:50:59.772,1.08659,1.0868,1.37,1.00
2018.05.15 08:50:59.875,1.08658,1.08679,1.00,1.00
2018.05.15 08:51:00.374,1.08655,1.08678,1.50,1.12
2018.05.15 08:51:00.888,1.08655,1.08678,1.12,1.87
2018.05.15 08:51:01.570,1.08655,1.08678,1.87,1.00
2018.05.15 08:51:04.796,1.08655,1.08678,1.69,1.50
2018.05.15 08:51:05.455,1.08655,1.08678,1.87,1.50
2018.05.15 08:51:07.462,1.08655,1.08678,1.25,2.25
2018.05.15 08:51:08.086,1.08655,1.08678,1.87,1.50
2018.05.15 08:51:08.621,1.08655,1.08678,1.44,2.25
2018.05.15 08:51:09.310,1.08655,1.08678,1.25,2.25
2018.05.15 08:51:10.113,1.08655,1.08678,1.69,2.25
2018.05.15 08:51:10.680,1.08655,1.08678,1.87,2.25
2018.05.15 08:51:11.309,1.08655,1.08678,1.44,2.25
2018.05.15 08:51:14.247,1.08655,1.08673,1.87,1.50
2018.05.15 08:51:14.704,1.08656,1.08676,1.00,1.00
2018.05.15 08:51:14.808,1.08656,1.08678,1.50,1.50
2018.05.15 08:51:15.934,1.08657,1.08677,2.06,1.00
2018.05.15 08:51:16.865,1.08657,1.08677,1.87,1.50
2018.05.15 08:51:17.416,1.08657,1.08676,1.00,1.00
2018.05.15 08:51:18.031,1.08657,1.08677,1.00,1.87
2018.05.15 08:51:18.534,1.08656,1.08676,1.50,1.00
2018.05.15 08:51:19.074,1.08657,1.08676,1.00,1.00
2018.05.15 08:51:20.476,1.08656,1.08676,1.50,1.00
2018.05.15 08:51:21.307,1.08657,1.08677,1.00,1.87
2018.05.15 08:51:21.654,1.08659,1.08676,1.00,1.00
2018.05.15 08:51:21.806,1.08657,1.08677,1.00,1.50
2018.05.15 08:51:22.060,1.08656,1.08673,1.00,1.00
2018.05.15 08:51:22.163,1.08653,1.08673,1.69,1.00
2018.05.15 08:51:23.239,1.08653,1.08672,1.50,1.00
2018.05.15 08:51:23.420,1.08651,1.08668,1.37,1.00
2018.05.15 08:51:23.472,1.08648,1.08669,2.62,1.50
2018.05.15 08:51:24.109,1.08648,1.08668,1.87,1.00
2018.05.15 08:51:24.618,1.08648,1.08666,1.00,1.00
2018.05.15 08:51:24.772,1.08648,1.08668,1.50,1.50
2018.05.15 08:51:24.926,1.0865,1.0867,1.00,1.00
2018.05.15 08:51:25.467,1.08648,1.0867,1.56,1.00
2018.05.15 08:51:26.640,1.08648,1.0867,1.31,1.00
2018.05.15 08:51:27.161,1.08648,1.0867,2.25,1.50
2018.05.15 08:51:28.625,1.08648,1.0867,2.62,1.12
2018.05.15 08:51:28.678,1.0865,1.0867,1.00,1.87
2018.05.15 08:51:29.015,1.08648,1.08666,1.00,1.00
2018.05.15 08:51:29.898,1.08648,1.08667,1.00,1.50
2018.05.15 08:51:30.234,1.08648,1.08669,1.00,1.12
2018.05.15 08:51:31.721,1.08647,1.08669,2.44,1.12
2018.05.15 08:51:32.493,1.08648,1.08669,1.50,1.12
2018.05.15 08:51:37.064,1.08649,1.08669,1.00,1.12
2018.05.15 08:51:37.913,1.08648,1.08669,1.24,1.75
2018.05.15 08:51:37.965,1.08648,1.08673,1.50,3.19
2018.05.15 08:51:38.121,1.08652,1.08674,1.00,2.62
2018.05.15 08:51:38.226,1.08652,1.08675,1.12,1.37
2018.05.15 08:51:38.768,1.08652,1.08674,1.87,1.00
2018.05.15 08:51:39.233,1.08655,1.08673,1.00,1.00
2018.05.15 08:51:39.841,1.08655,1.08674,1.00,1.00
2018.05.15 08:51:40.344,1.08654,1.08675,1.00,1.12
2018.05.15 08:51:41.566,1.08655,1.08675,1.00,1.12
2018.05.15 08:51:41.911,1.08655,1.08673,1.00,1.25
2018.05.15 08:51:43.281,1.08654,1.08675,1.00,1.31
2018.05.15 08:51:44.748,1.08655,1.08675,1.00,1.31
2018.05.15 08:51:46.719,1.08655,1.08673,1.00,1.00
2018.05.15 08:51:49.357,1.08654,1.08673,1.00,1.00
2018.05.15 08:51:50.561,1.08655,1.08673,1.00,1.87
2018.05.15 08:51:53.374,1.08655,1.08671,1.00,1.00
2018.05.15 08:51:55.117,1.08651,1.08672,1.87,1.00
2018.05.15 08:51:55.645,1.08652,1.08671,1.12,1.00
2018.05.15 08:51:57.081,1.08651,1.08672,1.87,1.00
2018.05.15 08:51:57.614,1.08652,1.08671,1.12,1.00
2018.05.15 08:51:58.167,1.08652,1.08672,1.87,1.00
2018.05.15 08:51:58.696,1.08652,1.08674,2.62,1.00
2018.05.15 08:51:59.246,1.08652,1.08674,2.62,1.00
2018.05.15 08:52:00.526,1.08652,1.08675,1.87,1.25
2018.05.15 08:52:00.680,1.08652,1.08673,2.62,1.00
2018.05.15 08:52:01.166,1.08655,1.08674,1.00,1.00
2018.05.15 08:52:02.162,1.08652,1.08674,2.62,1.00
2018.05.15 08:52:02.751,1.08652,1.08675,1.37,1.25
2018.05.15 08:52:03.938,1.08653,1.08673,1.12,1.00
2018.05.15 08:52:04.776,1.08654,1.08675,1.00,1.00
2018.05.15 08:52:04.880,1.08656,1.08677,1.00,1.50
2018.05.15 08:52:05.405,1.08656,1.08679,2.25,2.06
2018.05.15 08:52:07.239,1.08657,1.08678,1.00,1.12
2018.05.15 08:52:07.545,1.08665,1.08682,1.00,1.75
2018.05.15 08:52:07.597,1.08659,1.08679,1.00,2.25
2018.05.15 08:52:07.904,1.08653,1.08675,1.00,1.31
2018.05.15 08:52:08.294,1.08653,1.08677,1.88,2.06
2018.05.15 08:52:08.861,1.08654,1.08677,1.44,1.31
2018.05.15 08:52:10.041,1.08655,1.08678,1.38,2.44
2018.05.15 08:52:10.358,1.0866,1.08681,1.87,1.00
2018.05.15 08:52:10.706,1.08664,1.08683,1.00,1.50
2018.05.15 08:52:10.819,1.08664,1.08684,1.00,1.81
2018.05.15 08:52:11.374,1.08664,1.08684,1.00,1.75
2018.05.15 08:52:12.544,1.08661,1.08684,1.50,2.25
2018.05.15 08:52:13.023,1.0866,1.08677,1.00,1.00
2018.05.15 08:52:13.127,1.08655,1.08675,1.00,1.50
2018.05.15 08:52:13.179,1.08649,1.08675,2.44,2.62
2018.05.15 08:52:13.285,1.08652,1.08675,1.25,3.56
2018.05.15 08:52:13.752,1.0865,1.08673,2.63,1.50
2018.05.15 08:52:14.112,1.0865,1.08673,1.88,1.50
2018.05.15 08:52:14.459,1.08652,1.08673,1.63,1.00
2018.05.15 08:52:14.593,1.0865,1.08673,2.25,1.50
2018.05.15 08:52:15.168,1.0865,1.08674,1.50,1.87
2018.05.15 08:52:15.732,1.08651,1.08673,1.13,1.50
2018.05.15 08:52:16.241,1.08651,1.08673,1.38,1.50
2018.05.15 08:52:16.917,1.0865,1.08674,1.50,1.75
2018.05.15 08:52:19.432,1.0865,1.08671,1.75,1.00
2018.05.15 08:52:19.874,1.0865,1.08673,1.38,1.12
2018.05.15 08:52:20.057,1.0865,1.08673,1.38,1.50
2018.05.15 08:52:20.386,1.0865,1.08669,1.44,1.00
2018.05.15 08:52:20.792,1.08649,1.08674,2.25,3.94
2018.05.15 08:52:21.290,1.0865,1.08673,2.63,1.50
2018.05.15 08:52:22.156,1.08649,1.08672,1.38,1.75
2018.05.15 08:52:22.208,1.08649,1.08673,1.19,1.37
2018.05.15 08:52:22.312,1.08649,1.08671,1.25,1.37
2018.05.15 08:52:22.467,1.0865,1.08674,1.69,2.25
2018.05.15 08:52:23.003,1.08651,1.08673,1.13,1.37
2018.05.15 08:52:23.412,1.08648,1.0867,3.37,1.00
2018.05.15 08:52:23.463,1.08648,1.08671,2.63,1.87
2018.05.15 08:52:23.566,1.08648,1.08671,1.00,1.62
2018.05.15 08:52:24.000,1.08648,1.08671,2.63,1.50
2018.05.15 08:52:24.263,1.08648,1.08671,2.81,1.37
2018.05.15 08:52:24.796,1.08648,1.08671,2.06,1.50
2018.05.15 08:52:25.385,1.08649,1.08674,1.88,5.44
2018.05.15 08:52:25.693,1.08647,1.08672,1.25,1.87
2018.05.15 08:52:25.899,1.08648,1.0867,1.44,1.50
2018.05.15 08:52:26.333,1.08645,1.08668,1.63,2.06
2018.05.15 08:52:26.906,1.08644,1.08667,1.50,1.50
2018.05.15 08:52:27.385,1.08645,1.08667,1.50,1.13
2018.05.15 08:52:27.640,1.08644,1.08667,2.62,1.50
2018.05.15 08:52:28.058,1.08644,1.08667,1.87,1.31
2018.05.15 08:52:28.109,1.08644,1.08667,2.25,1.25
2018.05.15 08:52:28.474,1.08644,1.08667,2.25,2.25
2018.05.15 08:52:28.918,1.08644,1.08667,2.44,1.00
2018.05.15 08:52:29.226,1.08644,1.08668,1.50,1.81
2018.05.15 08:52:29.729,1.08644,1.08667,2.81,1.63
2018.05.15 08:52:30.088,1.08644,1.08667,2.25,1.25
2018.05.15 08:52:30.139,1.08644,1.08667,2.44,1.63
2018.05.15 08:52:30.190,1.08644,1.08667,1.50,1.25
2018.05.15 08:52:30.501,1.08644,1.08667,3.19,1.31
2018.05.15 08:52:31.068,1.08644,1.08668,2.25,3.19
2018.05.15 08:52:31.570,1.08644,1.08668,2.44,3.19
2018.05.15 08:52:33.176,1.08643,1.08668,3.19,2.44
2018.05.15 08:52:33.685,1.08644,1.08668,1.69,3.19
2018.05.15 08:52:34.405,1.08644,1.08666,1.50,1.25
2018.05.15 08:52:35.132,1.08643,1.08666,4.31,1.31
2018.05.15 08:52:35.634,1.08644,1.08666,2.25,1.25
2018.05.15 08:52:36.590,1.08644,1.08666,2.06,1.25
2018.05.15 08:52:36.945,1.08644,1.08667,2.00,1.31
2018.05.15 08:52:37.459,1.08645,1.08666,1.37,1.00
2018.05.15 08:52:39.604,1.08645,1.08665,1.37,1.00
2018.05.15 08:52:41.422,1.08645,1.08666,1.37,1.69
2018.05.15 08:52:43.258,1.08645,1.08666,1.50,1.50
2018.05.15 08:52:43.904,1.08645,1.08665,1.50,1.00
2018.05.15 08:52:44.432,1.08645,1.08666,1.50,1.50
2018.05.15 08:52:44.956,1.08645,1.08665,1.50,1.00
2018.05.15 08:52:46.462,1.08645,1.08664,1.50,1.00
2018.05.15 08:52:47.082,1.08645,1.08665,1.50,1.00
2018.05.15 08:52:47.588,1.08645,1.08664,1.50,1.00
2018.05.15 08:52:48.185,1.08645,1.08665,1.50,1.00
2018.05.15 08:52:48.568,1.08645,1.08665,1.12,1.00
2018.05.15 08:52:49.113,1.08643,1.08666,1.31,1.87
2018.05.15 08:52:49.456,1.08645,1.08665,1.00,1.12
2018.05.15 08:52:49.991,1.08645,1.08666,1.00,1.25
2018.05.15 08:52:50.526,1.08645,1.08665,1.00,1.00
2018.05.15 08:52:51.103,1.08645,1.08667,1.00,3.19
2018.05.15 08:52:53.117,1.08645,1.08666,1.50,1.00
2018.05.15 08:52:53.651,1.08646,1.08667,1.12,1.12
2018.05.15 08:52:56.581,1.08646,1.08667,1.25,1.37
2018.05.15 08:52:57.114,1.08645,1.08668,2.06,1.37
2018.05.15 08:52:57.454,1.08646,1.08669,1.88,1.50
2018.05.15 08:52:57.964,1.08646,1.08669,1.88,1.50
2018.05.15 08:52:58.491,1.08647,1.08668,1.38,1.37
2018.05.15 08:53:00.058,1.08648,1.08668,1.00,1.12
2018.05.15 08:53:00.815,1.08648,1.0867,1.13,1.00
2018.05.15 08:53:01.070,1.08647,1.0867,1.50,1.50
2018.05.15 08:53:02.186,1.08646,1.08669,1.88,2.25
2018.05.15 08:53:02.918,1.08645,1.08669,1.38,1.37
2018.05.15 08:53:04.261,1.08647,1.0867,1.13,3.00
2018.05.15 08:53:04.965,1.08647,1.0867,1.38,2.25
2018.05.15 08:53:05.598,1.08647,1.0867,1.13,2.25
2018.05.15 08:53:06.230,1.08647,1.0867,1.88,1.50
2018.05.15 08:53:06.776,1.08647,1.0867,1.88,1.50
2018.05.15 08:53:07.889,1.08648,1.0867,1.00,2.25
2018.05.15 08:53:08.237,1.08648,1.0867,1.38,1.87
2018.05.15 08:53:08.790,1.08649,1.0867,1.13,1.87
2018.05.15 08:53:09.606,1.08648,1.08671,1.38,2.25
2018.05.15 08:53:09.864,1.08648,1.08669,1.00,1.12
2018.05.15 08:53:10.092,1.08646,1.08669,1.00,3.19
2018.05.15 08:53:10.604,1.08646,1.08668,1.00,1.37
2018.05.15 08:53:12.552,1.08646,1.08668,1.00,1.01
2018.05.15 08:53:12.767,1.08646,1.08668,1.00,1.47
2018.05.15 08:53:14.332,1.08646,1.08668,1.00,1.20
2018.05.15 08:53:14.938,1.08646,1.08668,1.00,1.01
2018.05.15 08:53:15.475,1.08646,1.08668,1.00,1.20
2018.05.15 08:53:16.026,1.08647,1.08669,1.00,2.32
2018.05.15 08:53:16.597,1.08647,1.08669,1.00,2.51
2018.05.15 08:53:17.750,1.08647,1.08669,1.00,1.95
2018.05.15 08:53:18.129,1.08644,1.08668,3.56,1.47
2018.05.15 08:53:21.148,1.08644,1.08667,5.06,1.44
2018.05.15 08:53:22.371,1.08647,1.08667,1.87,1.00
2018.05.15 08:53:22.680,1.08647,1.08668,1.00,2.25
2018.05.15 08:53:22.858,1.08644,1.08666,1.00,1.75
2018.05.15 08:53:23.786,1.08644,1.08666,1.25,1.62
2018.05.15 08:53:23.966,1.08648,1.08671,1.12,3.07
2018.05.15 08:53:24.273,1.0865,1.08674,1.00,1.45
2018.05.15 08:53:24.688,1.0865,1.08675,1.75,2.89
2018.05.15 08:53:24.740,1.0865,1.08673,1.50,1.07
2018.05.15 08:53:25.045,1.0865,1.08674,1.87,1.69
2018.05.15 08:53:25.202,1.0865,1.08673,1.12,2.06
2018.05.15 08:53:25.527,1.08646,1.08667,1.00,1.87
2018.05.15 08:53:26.152,1.08646,1.08668,1.00,3.75
2018.05.15 08:53:26.708,1.08645,1.08668,2.44,2.62
2018.05.15 08:53:27.290,1.08645,1.08668,1.87,1.37
2018.05.15 08:53:27.520,1.08647,1.08668,1.00,1.00
2018.05.15 08:53:27.829,1.08648,1.08672,1.00,2.44
2018.05.15 08:53:28.197,1.08649,1.0867,1.00,2.25
2018.05.15 08:53:28.453,1.08645,1.08669,2.25,1.75
2018.05.15 08:53:28.828,1.08647,1.0867,2.62,1.00
2018.05.15 08:53:28.880,1.0865,1.08671,1.00,1.00
2018.05.15 08:53:29.226,1.08651,1.08673,1.37,1.12
2018.05.15 08:53:29.587,1.0865,1.08673,1.00,1.12
2018.05.15 08:53:30.110,1.0865,1.08672,1.00,1.00
2018.05.15 08:53:30.641,1.0865,1.08673,1.00,1.87
2018.05.15 08:53:31.633,1.0865,1.08673,1.00,1.87
2018.05.15 08:53:34.110,1.08649,1.08674,1.12,1.50
2018.05.15 08:53:34.983,1.08649,1.08673,1.69,1.12
2018.05.15 08:53:37.353,1.08648,1.0867,1.50,1.37
2018.05.15 08:53:37.686,1.08644,1.08665,2.44,2.44
2018.05.15 08:53:37.992,1.08645,1.08665,1.44,2.44
2018.05.15 08:53:38.381,1.08644,1.08665,1.25,1.12
2018.05.15 08:53:39.029,1.08642,1.08666,1.00,2.06
2018.05.15 08:53:39.862,1.08643,1.08666,1.00,2.06
2018.05.15 08:53:40.067,1.08643,1.08665,1.88,1.31
2018.05.15 08:53:40.571,1.08643,1.08666,1.88,2.81
2018.05.15 08:53:41.523,1.08643,1.08664,1.00,2.81
2018.05.15 08:53:41.627,1.08638,1.08659,1.00,1.44
2018.05.15 08:53:41.730,1.08635,1.08657,1.37,1.56
2018.05.15 08:53:42.242,1.08634,1.08657,1.50,1.56
2018.05.15 08:53:42.603,1.08634,1.08657,1.50,1.56
2018.05.15 08:53:42.758,1.08634,1.08658,3.00,1.56
2018.05.15 08:53:42.860,1.08634,1.08658,1.87,1.94
2018.05.15 08:53:42.912,1.08633,1.08658,1.75,3.19
2018.05.15 08:53:43.438,1.08632,1.08657,3.00,1.86
2018.05.15 08:53:43.489,1.08632,1.08657,3.00,1.37
2018.05.15 08:53:43.593,1.08632,1.08657,1.75,1.68
2018.05.15 08:53:43.749,1.08634,1.08658,1.37,2.74
2018.05.15 08:53:43.801,1.08633,1.08658,2.25,2.74
2018.05.15 08:53:43.965,1.08633,1.08655,1.50,1.05
2018.05.15 08:53:44.373,1.08633,1.08658,1.50,2.74
2018.05.15 08:53:44.642,1.08633,1.08658,1.50,1.99
2018.05.15 08:53:47.760,1.08633,1.08658,1.50,2.06
2018.05.15 08:53:48.277,1.08633,1.08658,1.50,2.81
2018.05.15 08:53:48.885,1.08632,1.08658,1.75,2.06
2018.05.15 08:53:48.987,1.08631,1.08657,3.93,2.06
2018.05.15 08:53:49.039,1.08631,1.08657,1.62,1.31
2018.05.15 08:53:49.142,1.08633,1.08657,1.00,2.06
2018.05.15 08:53:49.194,1.08633,1.08657,1.00,2.06
2018.05.15 08:53:49.696,1.08631,1.08654,1.87,1.31
2018.05.15 08:53:49.902,1.0863,1.08655,1.37,2.19
2018.05.15 08:53:50.107,1.08631,1.08654,1.12,1.31
2018.05.15 08:53:50.756,1.0863,1.08655,1.12,3.38
2018.05.15 08:53:51.524,1.08629,1.08653,1.37,1.56
2018.05.15 08:53:52.074,1.08629,1.08653,1.37,1.31
2018.05.15 08:53:52.649,1.0863,1.08654,1.12,1.94
2018.05.15 08:53:52.958,1.08629,1.08654,3.00,1.69
2018.05.15 08:53:53.569,1.08629,1.08654,1.50,2.06
2018.05.15 08:53:53.878,1.08631,1.08655,2.25,1.56
2018.05.15 08:53:54.096,1.08631,1.08655,1.50,1.56
2018.05.15 08:53:54.153,1.08631,1.08651,1.00,1.13
2018.05.15 08:53:54.257,1.08628,1.08651,1.12,2.06
2018.05.15 08:53:54.670,1.0863,1.08654,3.56,1.63
2018.05.15 08:53:55.222,1.0863,1.08654,1.50,2.25
2018.05.15 08:53:55.867,1.0863,1.08654,1.50,1.63
2018.05.15 08:53:56.381,1.0863,1.08654,2.25,1.56
2018.05.15 08:53:56.950,1.0863,1.08654,2.25,1.69
2018.05.15 08:53:57.197,1.08631,1.08654,1.87,1.50
2018.05.15 08:53:57.248,1.08631,1.08654,1.87,1.88
2018.05.15 08:53:57.555,1.0863,1.08654,2.25,1.38
2018.05.15 08:53:58.200,1.08631,1.08654,1.87,2.06
2018.05.15 08:53:58.505,1.0863,1.08654,1.87,2.06
2018.05.15 08:53:58.556,1.0863,1.08653,1.87,1.56
2018.05.15 08:53:58.621,1.08628,1.08653,1.00,2.44
2018.05.15 08:53:58.672,1.08626,1.08651,1.12,2.06
2018.05.15 08:53:59.203,1.08626,1.0865,1.87,1.94
2018.05.15 08:53:59.609,1.08628,1.0865,1.00,2.25
2018.05.15 08:54:00.121,1.08629,1.08649,1.00,1.19
2018.05.15 08:54:00.525,1.0863,1.08653,1.37,1.38
2018.05.15 08:54:00.577,1.08631,1.08653,1.12,1.00
2018.05.15 08:54:00.629,1.08631,1.08653,1.50,1.38
2018.05.15 08:54:01.153,1.08631,1.08654,1.50,1.50
2018.05.15 08:54:01.698,1.08631,1.08653,1.50,1.38
2018.05.15 08:54:01.800,1.08631,1.08653,1.00,1.81
2018.05.15 08:54:01.851,1.08632,1.08652,1.00,1.00
2018.05.15 08:54:01.903,1.08627,1.0865,1.00,1.94
2018.05.15 08:54:02.056,1.08624,1.08648,1.12,1.75
2018.05.15 08:54:02.158,1.08627,1.08648,1.00,1.75
2018.05.15 08:54:02.385,1.08627,1.0865,1.00,3.56
2018.05.15 08:54:02.897,1.08626,1.08649,1.87,2.06
2018.05.15 08:54:03.415,1.08627,1.0865,1.00,2.63
2018.05.15 08:54:03.966,1.08626,1.0865,1.12,3.56
2018.05.15 08:54:04.164,1.08625,1.0865,1.12,3.19
2018.05.15 08:54:04.596,1.08625,1.08648,1.12,1.00
2018.05.15 08:54:05.084,1.08625,1.08649,1.12,1.56
2018.05.15 08:54:05.614,1.08625,1.08649,1.12,1.56
2018.05.15 08:54:06.124,1.08625,1.08648,1.12,1.38
2018.05.15 08:54:06.939,1.08625,1.08648,1.12,1.63
2018.05.15 08:54:07.447,1.08625,1.08648,1.87,1.44
2018.05.15 08:54:07.573,1.08625,1.08648,1.87,1.38
2018.05.15 08:54:08.122,1.08625,1.08648,1.12,1.38
2018.05.15 08:54:08.226,1.08627,1.0865,1.50,1.00
2018.05.15 08:54:08.278,1.08628,1.0865,1.00,1.50
2018.05.15 08:54:08.809,1.08626,1.08649,1.37,1.38
2018.05.15 08:54:08.962,1.08628,1.08651,1.00,1.38
2018.05.15 08:54:09.475,1.08629,1.08652,1.00,3.00
2018.05.15 08:54:09.579,1.08627,1.08652,1.00,2.44
2018.05.15 08:54:10.321,1.08627,1.0865,1.00,1.38
2018.05.15 08:54:10.927,1.08628,1.0865,1.00,1.38
2018.05.15 08:54:11.584,1.08628,1.0865,1.00,1.38
2018.05.15 08:54:12.132,1.08629,1.08651,1.00,1.38
2018.05.15 08:54:12.236,1.0863,1.08652,1.12,1.50
2018.05.15 08:54:12.288,1.08631,1.08653,1.37,1.88
2018.05.15 08:54:13.140,1.08632,1.08654,1.00,1.56
2018.05.15 08:54:13.671,1.08632,1.08655,1.00,3.56
2018.05.15 08:54:14.225,1.08632,1.08655,1.00,3.56
2018.05.15 08:54:16.339,1.08632,1.08654,1.00,1.38
2018.05.15 08:54:16.649,1.08634,1.08655,1.00,2.06
2018.05.15 08:54:17.620,1.08631,1.08652,1.00,1.88
2018.05.15 08:54:17.672,1.08629,1.08652,1.50,1.88
2018.05.15 08:54:17.725,1.08627,1.08652,1.00,3.75
2018.05.15 08:54:18.297,1.08627,1.08649,1.00,1.38
2018.05.15 08:54:18.809,1.08627,1.08649,1.00,1.13
2018.05.15 08:54:19.326,1.08628,1.08651,1.50,1.50
2018.05.15 08:54:19.670,1.08628,1.08651,1.50,1.31
2018.05.15 08:54:19.723,1.0863,1.08652,1.37,1.25
2018.05.15 08:54:20.064,1.08632,1.08655,1.37,1.56
2018.05.15 08:54:20.573,1.08632,1.08656,1.37,2.81
2018.05.15 08:54:20.894,1.08632,1.08655,1.50,2.06
2018.05.15 08:54:21.484,1.08632,1.08655,1.50,2.06
2018.05.15 08:54:22.346,1.08632,1.08655,1.50,1.75
2018.05.15 08:54:22.501,1.08632,1.08655,1.50,1.63
2018.05.15 08:54:23.152,1.08632,1.08655,1.50,1.56
2018.05.15 08:54:23.255,1.08632,1.08655,1.50,1.56
2018.05.15 08:54:23.838,1.08632,1.08655,1.50,1.56
2018.05.15 08:54:24.376,1.08632,1.08655,1.50,1.63
2018.05.15 08:54:24.935,1.08632,1.08655,1.50,1.56
2018.05.15 08:54:26.168,1.08632,1.08655,1.50,1.63
2018.05.15 08:54:26.728,1.08632,1.08655,1.50,1.56
2018.05.15 08:54:27.245,1.08632,1.08655,1.50,1.63
2018.05.15 08:54:27.860,1.08632,1.08655,1.50,1.56
2018.05.15 08:54:29.007,1.08632,1.08655,1.00,2.00
2018.05.15 08:54:29.478,1.08632,1.08656,1.00,1.56
2018.05.15 08:54:29.980,1.08633,1.08658,1.00,2.14
2018.05.15 08:54:30.273,1.08633,1.08657,1.50,1.56
2018.05.15 08:54:30.957,1.08633,1.08656,1.50,1.81
2018.05.15 08:54:31.638,1.08634,1.08657,1.87,1.56
2018.05.15 08:54:32.181,1.08634,1.08657,1.87,1.56
2018.05.15 08:54:32.709,1.08634,1.08657,1.87,1.56
2018.05.15 08:54:33.966,1.08634,1.08657,1.87,1.56
2018.05.15 08:54:34.069,1.08634,1.08657,1.87,1.12
2018.05.15 08:54:34.121,1.08634,1.08656,1.00,1.38
2018.05.15 08:54:34.351,1.08632,1.08655,1.00,2.25
2018.05.15 08:54:34.867,1.08632,1.08655,1.37,1.56
2018.05.15 08:54:36.159,1.08633,1.08655,1.12,2.81
2018.05.15 08:54:36.664,1.08632,1.08655,1.37,3.00
2018.05.15 08:54:37.520,1.08632,1.08655,1.37,3.00
2018.05.15 08:54:37.572,1.08629,1.0865,1.00,3.19
2018.05.15 08:54:37.624,1.08625,1.08648,1.87,1.88
2018.05.15 08:54:38.153,1.08624,1.08648,1.37,1.88
2018.05.15 08:54:38.257,1.08623,1.08648,3.00,1.88
2018.05.15 08:54:38.844,1.08625,1.08648,1.12,1.88
2018.05.15 08:54:39.390,1.08624,1.08648,1.87,1.88
2018.05.15 08:54:40.680,1.08624,1.08648,1.37,2.06
2018.05.15 08:54:40.991,1.08625,1.08648,1.12,1.69
2018.05.15 08:54:41.043,1.08625,1.08648,1.12,1.88
2018.05.15 08:54:41.565,1.08625,1.08648,1.37,1.69
2018.05.15 08:54:42.024,1.08623,1.08648,3.00,1.69
2018.05.15 08:54:42.126,1.08624,1.08648,1.50,1.31
2018.05.15 08:54:42.278,1.08624,1.08648,1.12,1.31
2018.05.15 08:54:42.714,1.08624,1.08648,1.12,1.69
2018.05.15 08:54:42.831,1.08625,1.08649,1.00,1.31
2018.05.15 08:54:42.882,1.08625,1.08649,1.00,1.31
2018.05.15 08:54:43.260,1.08625,1.0865,1.00,2.25
2018.05.15 08:54:43.790,1.08625,1.08649,1.00,1.31
2018.05.15 08:54:43.930,1.08625,1.08649,1.00,1.31
2018.05.15 08:54:44.465,1.08625,1.08649,1.00,1.31
2018.05.15 08:54:44.976,1.08625,1.08649,1.00,1.31
2018.05.15 08:54:45.508,1.08624,1.08647,1.87,1.38
2018.05.15 08:54:46.128,1.08624,1.08647,1.87,1.38
2018.05.15 08:54:46.604,1.08624,1.08647,1.87,1.38
2018.05.15 08:54:47.131,1.08623,1.08647,1.87,1.56
2018.05.15 08:54:47.645,1.08623,1.08647,1.87,1.56
2018.05.15 08:54:47.797,1.08623,1.08647,1.87,1.56
2018.05.15 08:54:48.337,1.08623,1.08647,2.25,1.69
2018.05.15 08:54:49.316,1.08623,1.08645,1.50,1.44
2018.05.15 08:54:50.858,1.08623,1.08645,1.50,1.63
2018.05.15 08:54:51.012,1.08623,1.08645,1.12,1.69
2018.05.15 08:54:51.591,1.08623,1.08645,1.12,1.50
2018.05.15 08:54:52.102,1.08623,1.08645,1.12,1.69
2018.05.15 08:54:52.699,1.08622,1.08645,1.37,1.69
2018.05.15 08:54:53.232,1.08622,1.08645,1.87,1.69
2018.05.15 08:54:53.765,1.08622,1.08645,1.87,1.69
2018.05.15 08:54:54.309,1.08622,1.08645,1.87,1.69
2018.05.15 08:54:55.531,1.08622,1.08645,1.87,1.69
2018.05.15 08:54:56.001,1.08622,1.08645,1.87,1.69
2018.05.15 08:54:56.622,1.08622,1.08645,1.37,1.88
2018.05.15 08:54:57.155,1.08622,1.08645,1.12,3.19
2018.05.15 08:54:57.310,1.08621,1.08645,1.37,2.63
2018.05.15 08:54:57.362,1.08621,1.08645,1.00,1.69
2018.05.15 08:54:57.915,1.08621,1.08643,1.00,1.38
2018.05.15 08:54:58.738,1.08621,1.08643,1.00,1.63
2018.05.15 08:54:59.552,1.08621,1.08643,1.00,1.38
2018.05.15 08:55:00.172,1.08621,1.08643,1.00,1.63
2018.05.15 08:55:00.466,1.08621,1.08643,1.00,1.38
2018.05.15 08:55:00.619,1.08621,1.08643,1.00,1.63
2018.05.15 08:55:01.167,1.08622,1.08643,1.00,1.38
2018.05.15 08:55:01.695,1.08622,1.08643,1.00,1.38
2018.05.15 08:55:02.119,1.08621,1.08644,1.50,1.50
2018.05.15 08:55:02.359,1.08621,1.08643,1.50,1.38
2018.05.15 08:55:02.835,1.08621,1.08643,1.50,1.38
2018.05.15 08:55:02.887,1.08622,1.08643,1.00,1.38
2018.05.15 08:55:02.989,1.08622,1.08643,1.00,1.44
2018.05.15 08:55:03.040,1.08622,1.08643,1.00,1.38
2018.05.15 08:55:03.143,1.08622,1.08643,1.00,1.38
2018.05.15 08:55:03.247,1.08622,1.08643,1.00,1.38
2018.05.15 08:55:03.930,1.08621,1.08643,1.50,1.38
2018.05.15 08:55:04.453,1.08621,1.08643,1.50,1.50
2018.05.15 08:55:05.005,1.08622,1.08643,1.00,1.50
2018.05.15 08:55:05.540,1.08622,1.08643,1.00,1.50
2018.05.15 08:55:06.062,1.08621,1.08643,1.50,1.50
2018.05.15 08:55:06.611,1.08621,1.08643,1.50,1.50
2018.05.15 08:55:06.662,1.08621,1.08643,1.50,1.31
2018.05.15 08:55:07.119,1.0862,1.0864,1.12,1.33
2018.05.15 08:55:07.628,1.0862,1.08639,1.12,1.10
2018.05.15 08:55:08.138,1.0862,1.08639,1.12,1.20
2018.05.15 08:55:10.610,1.08618,1.08639,1.87,1.04
2018.05.15 08:55:10.877,1.08615,1.08637,1.00,1.63
2018.05.15 08:55:11.185,1.08616,1.08639,2.25,1.48
2018.05.15 08:55:16.663,1.08618,1.08639,1.50,1.41
2018.05.15 08:55:17.114,1.08618,1.08639,1.12,1.05
2018.05.15 08:55:17.638,1.08617,1.08639,2.25,1.05
2018.05.15 08:55:19.783,1.08617,1.08639,1.12,2.29
2018.05.15 08:55:20.418,1.08617,1.08639,1.12,2.10
2018.05.15 08:55:20.739,1.08617,1.08638,1.00,1.13
2018.05.15 08:55:20.841,1.08614,1.08636,1.12,1.12
2018.05.15 08:55:22.571,1.08613,1.08637,1.50,3.56
2018.05.15 08:55:22.828,1.08615,1.08637,1.50,2.06
2018.05.15 08:55:23.176,1.08618,1.08639,1.12,1.48
2018.05.15 08:55:23.645,1.08617,1.08639,1.50,1.73
2018.05.15 08:55:24.891,1.08617,1.08639,2.62,1.29
2018.05.15 08:55:26.225,1.08619,1.08639,1.75,1.04
2018.05.15 08:55:26.530,1.08624,1.0864,1.37,1.04
2018.05.15 08:55:27.033,1.08624,1.08639,1.00,1.04
2018.05.15 08:55:27.871,1.08621,1.08639,1.87,1.04
2018.05.15 08:55:29.106,1.08621,1.08639,2.62,1.05
2018.05.15 08:55:29.559,1.08618,1.08637,3.00,1.00
2018.05.15 08:55:30.074,1.08618,1.08639,1.12,1.25
2018.05.15 08:55:30.607,1.08619,1.08639,1.50,1.13
2018.05.15 08:55:31.519,1.0862,1.08639,1.37,1.38
2018.05.15 08:55:32.044,1.08619,1.08639,2.25,1.25
2018.05.15 08:55:32.589,1.08619,1.08639,2.25,1.88
2018.05.15 08:55:33.175,1.08619,1.08639,1.50,1.00
2018.05.15 08:55:33.852,1.08619,1.08639,2.25,1.88
2018.05.15 08:55:34.508,1.08619,1.0864,1.50,2.06
2018.05.15 08:55:35.887,1.08619,1.08639,1.50,1.13
2018.05.15 08:55:36.092,1.08619,1.08639,1.50,1.88
2018.05.15 08:55:36.143,1.08619,1.08639,1.50,1.25
2018.05.15 08:55:36.194,1.08619,1.08639,1.50,1.38
2018.05.15 08:55:36.384,1.08619,1.08639,1.50,1.13
2018.05.15 08:55:37.067,1.08619,1.0864,1.87,2.06
2018.05.15 08:55:37.993,1.0862,1.08639,1.50,1.88
2018.05.15 08:55:38.534,1.08619,1.08639,2.25,1.00
2018.05.15 08:55:39.374,1.0862,1.08639,1.87,1.44
2018.05.15 08:55:39.876,1.08623,1.08643,1.00,1.37
2018.05.15 08:55:39.929,1.08622,1.08644,2.62,1.13
2018.05.15 08:55:40.033,1.08624,1.08644,1.00,1.19
2018.05.15 08:55:40.562,1.08623,1.08644,1.00,1.38
2018.05.15 08:55:40.982,1.08624,1.08646,1.00,2.25
2018.05.15 08:55:41.898,1.08624,1.08646,1.00,1.63
2018.05.15 08:55:42.117,1.08625,1.08646,1.00,1.12
2018.05.15 08:55:42.642,1.08624,1.08646,1.00,1.25
2018.05.15 08:55:43.233,1.08624,1.08646,1.00,1.31
2018.05.15 08:55:43.749,1.08625,1.08646,1.00,1.31
2018.05.15 08:55:44.294,1.08624,1.08646,1.50,1.63
2018.05.15 08:55:44.863,1.08624,1.08646,1.50,1.13
2018.05.15 08:55:45.436,1.08625,1.08646,1.00,1.63
2018.05.15 08:55:45.977,1.08625,1.08646,1.00,1.13
2018.05.15 08:55:46.549,1.08624,1.08646,1.37,1.63
2018.05.15 08:55:47.057,1.08624,1.08646,1.37,1.13
2018.05.15 08:55:47.677,1.08624,1.08646,1.37,1.63
2018.05.15 08:55:48.229,1.08624,1.08646,1.37,1.13
2018.05.15 08:55:49.100,1.08624,1.08646,1.37,1.31
2018.05.15 08:55:49.616,1.08624,1.08646,1.37,1.25
2018.05.15 08:55:50.505,1.08624,1.08646,1.37,1.63
2018.05.15 08:55:53.419,1.08626,1.08645,1.00,1.31
2018.05.15 08:55:54.037,1.08621,1.08637,1.00,1.00
2018.05.15 08:55:54.141,1.08619,1.08638,1.12,1.13
2018.05.15 08:55:54.246,1.08619,1.08639,1.00,1.81
2018.05.15 08:55:54.298,1.08618,1.0864,1.00,1.38
2018.05.15 08:55:54.459,1.0862,1.08641,1.00,1.31
2018.05.15 08:55:54.992,1.08619,1.0864,1.00,1.13
2018.05.15 08:55:55.524,1.08619,1.08641,1.00,1.31
2018.05.15 08:55:56.045,1.08619,1.0864,1.00,1.13
2018.05.15 08:55:56.692,1.08619,1.08639,1.00,1.00
2018.05.15 08:55:57.194,1.08619,1.08641,1.00,2.06
2018.05.15 08:55:57.729,1.08619,1.08639,1.00,1.00
2018.05.15 08:55:58.406,1.08619,1.08641,1.00,1.31
2018.05.15 08:55:59.103,1.0862,1.0864,1.37,1.70
2018.05.15 08:55:59.412,1.0862,1.0864,1.75,1.07
2018.05.15 08:55:59.937,1.0862,1.0864,1.50,1.07
2018.05.15 08:56:00.507,1.0862,1.0864,1.50,1.04
2018.05.15 08:56:02.488,1.0862,1.08639,1.50,1.11
2018.05.15 08:56:03.759,1.08621,1.08639,1.12,1.29
2018.05.15 08:56:05.788,1.08621,1.08639,1.00,1.35
2018.05.15 08:56:06.096,1.08617,1.0864,3.00,1.98
2018.05.15 08:56:06.680,1.08618,1.08639,1.50,1.66
2018.05.15 08:56:07.951,1.08617,1.08639,2.25,1.60
2018.05.15 08:56:09.015,1.08618,1.08639,1.75,1.30
2018.05.15 08:56:09.650,1.08618,1.08639,1.87,1.30
2018.05.15 08:56:10.204,1.0862,1.08639,1.50,1.49
2018.05.15 08:56:10.745,1.08621,1.0864,1.87,1.48
2018.05.15 08:56:10.863,1.08625,1.0864,1.50,1.04
2018.05.15 08:56:11.028,1.08621,1.08647,2.62,1.79
2018.05.15 08:56:11.234,1.08622,1.08643,1.87,1.00
2018.05.15 08:56:11.817,1.08622,1.08643,1.00,1.37
2018.05.15 08:56:11.985,1.08623,1.08641,1.00,1.04
2018.05.15 08:56:12.036,1.0862,1.08639,1.37,1.05
2018.05.15 08:56:12.240,1.08618,1.08639,1.37,1.12
2018.05.15 08:56:12.291,1.08614,1.08637,1.87,1.00
2018.05.15 08:56:12.343,1.08612,1.08634,1.50,1.31
2018.05.15 08:56:12.862,1.08612,1.08635,1.00,5.25
2018.05.15 08:56:13.320,1.08612,1.08634,1.00,2.00
2018.05.15 08:56:13.372,1.0861,1.08632,1.50,1.37
2018.05.15 08:56:14.632,1.08609,1.08632,1.12,1.63
2018.05.15 08:56:15.150,1.0861,1.08632,1.00,1.50
2018.05.15 08:56:16.665,1.0861,1.08633,1.00,1.50
2018.05.15 08:56:16.717,1.08612,1.08634,1.50,2.25
2018.05.15 08:56:17.027,1.08613,1.08636,2.25,1.25
2018.05.15 08:56:19.592,1.08614,1.08637,1.00,1.56
2018.05.15 08:56:20.002,1.08614,1.08637,1.50,1.63
2018.05.15 08:56:20.333,1.08614,1.08637,1.12,1.56
2018.05.15 08:56:20.857,1.08614,1.08637,1.37,1.56
2018.05.15 08:56:21.842,1.08614,1.08637,1.37,1.31
2018.05.15 08:56:22.375,1.08614,1.08637,1.37,1.56
2018.05.15 08:56:22.906,1.08614,1.08637,1.37,1.56
2018.05.15 08:56:23.903,1.08614,1.08637,1.37,1.63
2018.05.15 08:56:24.667,1.08614,1.08637,1.37,1.56
2018.05.15 08:56:25.547,1.08614,1.08637,1.75,1.56
2018.05.15 08:56:26.192,1.08614,1.08637,2.25,1.63
2018.05.15 08:56:27.749,1.08614,1.08637,2.25,1.56
2018.05.15 08:56:28.766,1.08614,1.08637,2.25,1.56
2018.05.15 08:56:29.332,1.08614,1.08637,2.25,1.56
2018.05.15 08:56:29.920,1.08614,1.08637,1.75,1.56
2018.05.15 08:56:30.074,1.08614,1.08637,1.12,1.94
2018.05.15 08:56:30.376,1.08614,1.08634,1.00,1.69
2018.05.15 08:56:30.580,1.08611,1.08634,1.87,2.25
2018.05.15 08:56:31.665,1.08611,1.08633,1.87,1.69
2018.05.15 08:56:32.181,1.0861,1.08633,1.37,1.50
2018.05.15 08:56:32.725,1.08611,1.08633,1.12,1.69
2018.05.15 08:56:33.627,1.08611,1.08633,1.12,1.50
2018.05.15 08:56:34.411,1.0861,1.08633,1.87,1.50
2018.05.15 08:56:36.948,1.0861,1.08633,1.37,1.69
2018.05.15 08:56:37.637,1.0861,1.08633,1.12,2.00
2018.05.15 08:56:38.187,1.0861,1.08633,1.12,1.75
2018.05.15 08:56:38.492,1.08613,1.08633,1.00,1.75
2018.05.15 08:56:39.008,1.08613,1.08633,1.00,2.00
2018.05.15 08:56:39.536,1.08612,1.08633,1.00,1.88
2018.05.15 08:56:40.062,1.08613,1.08633,1.00,1.88
2018.05.15 08:56:40.598,1.08614,1.08633,1.00,1.13
2018.05.15 08:56:41.136,1.08613,1.08633,1.00,1.31
2018.05.15 08:56:41.657,1.08614,1.08633,1.00,1.31
2018.05.15 08:56:41.998,1.08613,1.08634,1.00,2.19
2018.05.15 08:56:42.528,1.08614,1.08633,1.00,1.31
2018.05.15 08:56:43.054,1.08613,1.08633,1.00,1.13
2018.05.15 08:56:43.565,1.08613,1.08633,1.00,1.31
2018.05.15 08:56:44.101,1.08609,1.08632,1.50,1.69
2018.05.15 08:56:44.644,1.0861,1.08632,1.00,1.69
2018.05.15 08:56:44.958,1.08613,1.08632,1.00,1.69
2018.05.15 08:56:45.541,1.08613,1.08632,1.00,1.69
2018.05.15 08:56:46.136,1.08613,1.08632,1.00,1.69
2018.05.15 08:56:47.496,1.08613,1.08633,2.00,1.00
2018.05.15 08:56:47.652,1.08618,1.08638,2.25,1.00
2018.05.15 08:56:47.704,1.08621,1.0864,1.00,1.87
2018.05.15 08:56:48.014,1.0862,1.08639,1.00,1.37
2018.05.15 08:56:48.303,1.08618,1.08639,1.00,1.00
2018.05.15 08:56:52.186,1.08619,1.08641,1.00,2.25
2018.05.15 08:56:52.288,1.08619,1.08639,1.00,1.04
2018.05.15 08:56:52.948,1.08618,1.08642,1.62,1.69
2018.05.15 08:56:53.480,1.08618,1.08642,1.12,1.12
2018.05.15 08:56:53.985,1.08618,1.08643,1.87,3.94
2018.05.15 08:56:54.227,1.08624,1.08642,1.00,1.00
2018.05.15 08:56:54.278,1.08624,1.08645,2.25,1.00
2018.05.15 08:56:54.432,1.08627,1.08648,1.00,1.95
2018.05.15 08:56:55.275,1.08624,1.08647,1.37,2.25
2018.05.15 08:56:55.327,1.08623,1.08645,2.62,1.12
2018.05.15 08:56:55.665,1.08624,1.08643,1.00,1.00
2018.05.15 08:56:55.717,1.08624,1.08645,1.00,1.12
2018.05.15 08:56:56.274,1.08622,1.08645,3.18,1.50
2018.05.15 08:56:58.072,1.08624,1.08645,1.00,1.50
2018.05.15 08:56:58.617,1.08625,1.08645,1.00,1.12
2018.05.15 08:56:58.836,1.08627,1.08645,1.00,1.25
2018.05.15 08:56:59.411,1.08626,1.08645,1.00,1.00
2018.05.15 08:56:59.955,1.08625,1.08647,1.00,1.69
2018.05.15 08:57:02.117,1.08626,1.08647,1.12,1.00
2018.05.15 08:57:02.426,1.08631,1.0865,1.00,1.07
2018.05.15 08:57:02.999,1.08632,1.08649,1.00,1.33
2018.05.15 08:57:04.060,1.08632,1.08649,1.00,1.00
2018.05.15 08:57:04.619,1.08631,1.08649,1.00,1.05
2018.05.15 08:57:05.357,1.08632,1.08649,1.00,1.04
2018.05.15 08:57:05.537,1.0863,1.08649,1.12,1.04
2018.05.15 08:57:07.510,1.0863,1.08649,1.37,1.04
2018.05.15 08:57:08.008,1.0863,1.08649,1.75,1.04
2018.05.15 08:57:11.942,1.08629,1.0865,2.62,1.29
2018.05.15 08:57:12.568,1.0863,1.08649,1.37,1.05
2018.05.15 08:57:13.080,1.0863,1.0865,1.87,1.04
2018.05.15 08:57:13.982,1.08628,1.0865,1.87,1.16
2018.05.15 08:57:14.035,1.08627,1.08649,3.00,1.66
2018.05.15 08:57:14.088,1.08626,1.08649,1.00,2.29
2018.05.15 08:57:14.191,1.08624,1.08649,1.37,2.48
2018.05.15 08:57:14.297,1.08624,1.08648,1.87,1.24
2018.05.15 08:57:14.927,1.08624,1.08649,1.87,3.23
2018.05.15 08:57:15.613,1.08624,1.08647,1.87,1.25
2018.05.15 08:57:16.137,1.08624,1.08647,1.87,1.44
2018.05.15 08:57:16.712,1.08624,1.08647,1.87,1.25
2018.05.15 08:57:17.234,1.08624,1.08646,1.00,1.00
2018.05.15 08:57:18.386,1.08624,1.08645,1.00,1.00
2018.05.15 08:57:18.489,1.08622,1.08641,1.87,1.25
2018.05.15 08:57:19.391,1.08621,1.08642,1.00,1.88
2018.05.15 08:57:19.908,1.08622,1.08641,1.00,1.00
2018.05.15 08:57:20.440,1.08621,1.08642,1.00,1.50
2018.05.15 08:57:20.955,1.08622,1.08641,1.00,1.00
2018.05.15 08:57:21.460,1.08621,1.08642,1.00,1.50
2018.05.15 08:57:22.004,1.08622,1.08641,1.00,1.00
2018.05.15 08:57:22.551,1.08621,1.08642,1.00,1.88
2018.05.15 08:57:23.123,1.08622,1.08641,1.00,1.00
2018.05.15 08:57:23.637,1.08623,1.08641,1.00,1.00
2018.05.15 08:57:25.413,1.08622,1.08642,1.00,1.50
2018.05.15 08:57:26.157,1.08623,1.08641,1.00,1.00
2018.05.15 08:57:26.943,1.08622,1.08642,1.00,1.50
2018.05.15 08:57:27.526,1.08623,1.08642,1.00,1.25
2018.05.15 08:57:30.562,1.08622,1.08642,1.00,1.00
2018.05.15 08:57:31.108,1.08623,1.08642,1.00,1.00
2018.05.15 08:57:31.726,1.08622,1.08642,1.00,1.00
2018.05.15 08:57:32.253,1.08621,1.08642,1.00,1.00
2018.05.15 08:57:32.802,1.08622,1.08644,1.00,1.50
2018.05.15 08:57:33.370,1.08622,1.08644,1.00,1.50
2018.05.15 08:57:34.064,1.08622,1.08642,1.00,1.00
2018.05.15 08:57:34.724,1.08621,1.08642,1.00,1.25
2018.05.15 08:57:35.667,1.08622,1.08642,1.00,1.13
2018.05.15 08:57:36.177,1.08621,1.08642,1.00,1.13
2018.05.15 08:57:36.925,1.08622,1.08642,1.00,1.00
2018.05.15 08:57:37.445,1.08622,1.08642,1.00,1.44
2018.05.15 08:57:37.864,1.08622,1.08642,1.00,1.38
2018.05.15 08:57:37.965,1.08622,1.08642,1.00,1.00
2018.05.15 08:57:38.016,1.08622,1.08642,1.00,1.38
2018.05.15 08:57:38.562,1.08621,1.08642,1.50,1.38
2018.05.15 08:57:39.107,1.08621,1.08642,1.50,1.38
2018.05.15 08:57:39.158,1.08622,1.08642,1.00,1.44
2018.05.15 08:57:39.335,1.08621,1.08642,1.50,1.38
2018.05.15 08:57:39.861,1.08622,1.08642,1.00,1.25
2018.05.15 08:57:40.015,1.08622,1.08642,1.00,1.38
2018.05.15 08:57:40.558,1.08621,1.08642,1.50,1.38
2018.05.15 08:57:41.113,1.08622,1.08642,1.00,1.38
2018.05.15 08:57:41.745,1.08622,1.08642,1.00,1.38
2018.05.15 08:57:42.261,1.08621,1.08642,1.50,1.38
2018.05.15 08:57:42.776,1.08622,1.08642,1.00,1.38
2018.05.15 08:57:43.321,1.08622,1.08642,1.00,1.38
2018.05.15 08:57:43.835,1.08623,1.08642,1.00,1.38
2018.05.15 08:57:44.374,1.08623,1.08642,1.00,1.38
2018.05.15 08:57:44.889,1.08619,1.08642,3.75,1.38
2018.05.15 08:57:45.548,1.08619,1.08642,4.50,1.38
2018.05.15 08:57:46.089,1.0862,1.08642,2.25,1.38
2018.05.15 08:57:46.638,1.08619,1.08642,4.50,1.38
2018.05.15 08:57:47.202,1.08619,1.08642,3.75,1.38
2018.05.15 08:57:47.721,1.0862,1.08642,2.25,1.38
2018.05.15 08:57:48.487,1.0862,1.08643,3.00,1.25
2018.05.15 08:57:49.043,1.08621,1.08643,1.37,1.38
2018.05.15 08:57:49.237,1.08621,1.08643,1.37,1.19
2018.05.15 08:57:49.392,1.08621,1.08643,1.37,1.00
2018.05.15 08:57:49.496,1.08621,1.08643,1.12,1.50
2018.05.15 08:57:50.347,1.0862,1.08643,1.87,1.50
2018.05.15 08:57:50.924,1.0862,1.08643,1.87,1.50
2018.05.15 08:57:51.233,1.0862,1.08643,2.25,1.50
2018.05.15 08:57:51.438,1.0862,1.08643,1.87,1.50
2018.05.15 08:57:51.951,1.08621,1.08643,1.12,1.50
2018.05.15 08:57:52.002,1.0862,1.08643,2.25,1.31
2018.05.15 08:57:52.105,1.08621,1.08643,1.12,1.50
2018.05.15 08:57:52.645,1.08621,1.08643,1.12,1.50
2018.05.15 08:57:53.187,1.08621,1.08643,1.12,1.50
2018.05.15 08:57:53.736,1.0862,1.08643,1.87,1.50
2018.05.15 08:57:54.275,1.08621,1.08643,1.12,1.50
2018.05.15 08:57:54.785,1.08621,1.08643,1.12,1.50
2018.05.15 08:57:55.257,1.08621,1.08643,1.12,1.50
2018.05.15 08:57:55.360,1.08621,1.08643,1.12,1.50
2018.05.15 08:57:56.075,1.08621,1.08643,1.12,1.50
2018.05.15 08:57:56.497,1.08621,1.08643,1.12,1.69
2018.05.15 08:57:56.682,1.08621,1.08643,1.12,1.50
2018.05.15 08:57:56.936,1.08621,1.08643,1.12,1.69
2018.05.15 08:57:57.037,1.08621,1.08643,1.12,1.31
2018.05.15 08:57:57.496,1.08621,1.08643,1.12,1.50
2018.05.15 08:57:57.599,1.0862,1.08643,1.87,1.31
2018.05.15 08:57:57.702,1.0862,1.08643,2.25,1.50
2018.05.15 08:57:58.310,1.08621,1.08642,1.12,1.25
2018.05.15 08:57:58.977,1.08621,1.08642,1.12,1.38
2018.05.15 08:57:59.506,1.0862,1.08642,2.06,1.44
2018.05.15 08:57:59.660,1.0862,1.08642,1.87,1.00
2018.05.15 08:57:59.865,1.0862,1.08642,2.06,1.38
2018.05.15 08:58:00.391,1.0862,1.08642,1.87,1.44
2018.05.15 08:58:00.902,1.0862,1.08642,1.37,1.25
2018.05.15 08:58:01.425,1.0862,1.08642,1.63,1.38
2018.05.15 08:58:01.739,1.0862,1.08639,1.37,1.00
2018.05.15 08:58:09.528,1.08619,1.08638,1.00,1.00
2018.05.15 08:58:09.580,1.08617,1.08637,1.00,1.12
2018.05.15 08:58:09.734,1.08617,1.08637,1.50,1.00
2018.05.15 08:58:10.774,1.08617,1.0864,3.00,1.88
2018.05.15 08:58:12.145,1.08617,1.0864,3.00,1.50
2018.05.15 08:58:12.407,1.08617,1.08639,1.00,1.00
2018.05.15 08:58:12.459,1.08618,1.0864,1.50,1.25
2018.05.15 08:58:12.767,1.08618,1.08637,1.69,1.00
2018.05.15 08:58:13.211,1.08618,1.0864,1.69,1.25
2018.05.15 08:58:14.991,1.08619,1.0864,1.00,1.37
2018.05.15 08:58:15.412,1.08617,1.08635,2.00,1.00
2018.05.15 08:58:15.464,1.08616,1.08638,1.87,1.00
2018.05.15 08:58:15.516,1.08613,1.08633,1.87,1.38
2018.05.15 08:58:15.672,1.08616,1.08638,1.12,1.56
2018.05.15 08:58:16.204,1.08615,1.08638,2.63,1.12
2018.05.15 08:58:16.827,1.08616,1.08639,2.06,1.00
2018.05.15 08:58:16.931,1.08622,1.08641,1.00,1.00
2018.05.15 08:58:17.240,1.08626,1.08646,1.00,1.50
2018.05.15 08:58:17.292,1.08622,1.08646,1.37,1.69
2018.05.15 08:58:21.306,1.08622,1.08643,1.37,1.00
2018.05.15 08:58:22.520,1.08626,1.08643,1.00,1.00
2018.05.15 08:58:22.576,1.08625,1.08647,1.00,1.12
2018.05.15 08:58:22.628,1.08628,1.08647,1.00,1.12
2018.05.15 08:58:23.176,1.08628,1.08646,1.00,1.00
2018.05.15 08:58:23.790,1.08627,1.08646,1.00,1.00
2018.05.15 08:58:23.926,1.08625,1.08646,1.00,1.00
2018.05.15 08:58:25.044,1.08624,1.08646,1.00,1.00
2018.05.15 08:58:27.486,1.08625,1.08646,1.00,1.00
2018.05.15 08:58:30.935,1.08624,1.08646,1.50,1.00
2018.05.15 08:58:32.032,1.08625,1.08646,1.50,1.00
2018.05.15 08:58:32.620,1.08626,1.08646,1.00,1.00
2018.05.15 08:58:33.143,1.08627,1.08646,1.00,1.13
2018.05.15 08:58:34.118,1.08626,1.08646,1.00,1.13
2018.05.15 08:58:34.953,1.08627,1.08646,1.00,1.12
2018.05.15 08:58:35.883,1.08626,1.08646,1.00,1.00
2018.05.15 08:58:36.394,1.08627,1.08646,1.00,1.25
2018.05.15 08:58:37.030,1.08626,1.08646,1.00,1.00
2018.05.15 08:58:37.839,1.08627,1.08646,1.00,1.00
2018.05.15 08:58:38.131,1.08624,1.08646,2.25,1.00
2018.05.15 08:58:39.334,1.08625,1.08646,1.00,1.00
2018.05.15 08:58:39.937,1.08629,1.08646,2.00,1.00
2018.05.15 08:58:39.989,1.0863,1.08652,1.50,1.00
2018.05.15 08:58:40.041,1.0863,1.08651,1.00,2.00
2018.05.15 08:58:40.093,1.08626,1.08651,3.56,2.19
2018.05.15 08:58:41.028,1.08627,1.08649,1.00,1.63
2018.05.15 08:58:41.515,1.0863,1.08649,1.50,1.00
2018.05.15 08:58:41.619,1.08632,1.08653,1.87,1.00
2018.05.15 08:58:41.683,1.08633,1.08655,1.37,1.25
2018.05.15 08:58:41.837,1.08633,1.08652,1.00,2.06
2018.05.15 08:58:41.889,1.08631,1.08652,1.12,1.69
2018.05.15 08:58:41.941,1.08628,1.08652,2.62,2.06
2018.05.15 08:58:42.043,1.08628,1.0865,1.87,1.12
2018.05.15 08:58:42.247,1.08628,1.08653,3.56,2.25
2018.05.15 08:58:42.349,1.08628,1.08653,3.94,2.25
2018.05.15 08:58:42.860,1.08628,1.08653,3.75,2.06
2018.05.15 08:58:43.727,1.08629,1.08654,3.37,1.12
2018.05.15 08:58:44.262,1.0863,1.08654,1.50,1.37
2018.05.15 08:58:44.685,1.0863,1.08654,1.12,1.00
2018.05.15 08:58:45.320,1.08631,1.08655,2.25,1.00
2018.05.15 08:58:45.671,1.08632,1.08654,1.00,1.37
2018.05.15 08:58:46.174,1.0863,1.08654,1.37,1.62
2018.05.15 08:58:46.675,1.08631,1.08655,1.37,1.69
2018.05.15 08:58:49.040,1.08633,1.08655,1.00,2.44
2018.05.15 08:58:49.093,1.08635,1.08657,1.00,1.37
2018.05.15 08:58:49.196,1.08635,1.08659,2.25,2.32
2018.05.15 08:58:53.042,1.08636,1.08656,1.37,1.00
2018.05.15 08:58:53.592,1.08635,1.08655,1.87,1.00
2018.05.15 08:58:53.643,1.08635,1.08657,2.25,1.00
2018.05.15 08:58:53.939,1.08634,1.08654,3.00,1.00
2018.05.15 08:58:53.991,1.08634,1.08656,1.87,1.00
2018.05.15 08:58:54.593,1.08634,1.08657,2.25,1.00
2018.05.15 08:58:54.945,1.08634,1.08656,2.25,1.44
2018.05.15 08:58:55.622,1.08634,1.08656,1.50,1.12
2018.05.15 08:58:56.199,1.08634,1.08657,1.87,1.37
2018.05.15 08:58:56.718,1.08635,1.08657,1.00,1.00
2018.05.15 08:58:57.244,1.08635,1.08656,1.50,1.00
2018.05.15 08:58:57.860,1.08635,1.08657,1.50,1.00
2018.05.15 08:58:59.640,1.08635,1.08659,1.87,2.70
2018.05.15 08:59:00.197,1.08635,1.08657,1.75,1.00
2018.05.15 08:59:01.041,1.08636,1.08659,1.37,1.57
2018.05.15 08:59:01.546,1.08637,1.08662,1.37,2.62
2018.05.15 08:59:02.848,1.08638,1.08662,1.37,2.24
2018.05.15 08:59:03.648,1.08638,1.08658,1.37,1.00
2018.05.15 08:59:04.253,1.08638,1.08657,1.37,1.00
2018.05.15 08:59:05.776,1.08636,1.08658,3.94,1.00
2018.05.15 08:59:05.886,1.08636,1.08658,1.87,1.00
2018.05.15 08:59:06.590,1.08636,1.08657,1.87,1.00
2018.05.15 08:59:07.145,1.08636,1.08658,1.87,1.00
2018.05.15 08:59:07.878,1.08636,1.08659,2.06,1.00
2018.05.15 08:59:07.980,1.08636,1.08661,3.00,1.12
2018.05.15 08:59:08.640,1.0864,1.08661,1.00,1.37
2018.05.15 08:59:10.065,1.08638,1.08661,1.12,1.37
2018.05.15 08:59:12.248,1.08638,1.08661,1.12,1.00
2018.05.15 08:59:15.155,1.08638,1.08662,1.12,1.87
2018.05.15 08:59:15.671,1.08639,1.08661,1.00,1.00
2018.05.15 08:59:15.818,1.08643,1.08664,1.12,1.00
2018.05.15 08:59:16.332,1.08644,1.08665,2.25,1.50
2018.05.15 08:59:17.139,1.08644,1.08664,2.25,1.00
2018.05.15 08:59:17.449,1.08643,1.08662,2.25,1.00
2018.05.15 08:59:17.979,1.08643,1.08663,1.50,1.00
2018.05.15 08:59:18.281,1.08642,1.08661,1.75,1.00
2018.05.15 08:59:18.795,1.08642,1.0866,1.75,1.00
2018.05.15 08:59:19.377,1.08641,1.08661,3.00,1.00
2018.05.15 08:59:19.993,1.08642,1.0866,1.75,1.00
2018.05.15 08:59:20.470,1.08641,1.08663,2.25,1.00
2018.05.15 08:59:20.522,1.0864,1.08661,1.00,1.00
2018.05.15 08:59:21.035,1.0864,1.08662,1.00,1.12
2018.05.15 08:59:21.515,1.08642,1.08664,1.00,1.87
2018.05.15 08:59:21.875,1.08642,1.08664,1.75,1.69
2018.05.15 08:59:26.272,1.08642,1.08664,1.31,1.50
2018.05.15 08:59:26.324,1.0864,1.08664,1.12,2.25
2018.05.15 08:59:26.833,1.0864,1.08662,1.87,1.87
2018.05.15 08:59:27.510,1.0864,1.08662,1.00,2.06
2018.05.15 08:59:27.818,1.08638,1.08661,1.12,1.37
2018.05.15 08:59:30.295,1.08639,1.08661,1.00,1.37
2018.05.15 08:59:30.847,1.08636,1.08661,2.25,1.37
2018.05.15 08:59:31.732,1.08637,1.08661,1.12,1.12
2018.05.15 08:59:37.924,1.08636,1.08662,2.62,1.50
2018.05.15 08:59:39.928,1.08636,1.08661,2.25,1.00
2018.05.15 08:59:40.534,1.08636,1.08662,2.25,1.00
2018.05.15 08:59:41.221,1.08636,1.08662,2.25,1.00
2018.05.15 08:59:41.851,1.08636,1.08661,2.25,1.00
2018.05.15 08:59:42.370,1.08636,1.08662,1.50,2.25
2018.05.15 08:59:43.493,1.08636,1.08661,1.50,1.50
2018.05.15 08:59:46.859,1.08636,1.08662,1.50,1.00
2018.05.15 08:59:47.466,1.08636,1.08661,1.50,1.00
2018.05.15 08:59:49.435,1.08636,1.08661,1.00,1.12
2018.05.15 08:59:50.256,1.08635,1.0866,1.12,1.00
2018.05.15 08:59:50.822,1.08635,1.08659,1.87,1.00
2018.05.15 08:59:51.230,1.08636,1.08656,1.00,1.00
2018.05.15 08:59:51.552,1.08634,1.0865,1.00,1.00
2018.05.15 08:59:52.016,1.0863,1.08649,1.00,1.00
2018.05.15 08:59:52.183,1.0863,1.08645,1.00,1.50
2018.05.15 08:59:52.409,1.08623,1.08645,1.12,1.50
2018.05.15 08:59:53.083,1.08623,1.08644,1.12,1.00
2018.05.15 08:59:53.622,1.08623,1.08645,1.12,1.00
2018.05.15 08:59:55.175,1.08622,1.08644,1.87,1.00
2018.05.15 08:59:55.713,1.08622,1.08645,1.37,1.00
2018.05.15 08:59:56.330,1.08622,1.08644,1.87,1.00
2018.05.15 08:59:56.864,1.08622,1.08645,1.75,1.00
2018.05.15 08:59:57.130,1.08619,1.08642,1.00,1.50
2018.05.15 08:59:57.283,1.0862,1.08644,1.00,1.00
2018.05.15 08:59:57.335,1.08622,1.08645,1.12,1.00
2018.05.15 08:59:57.866,1.08623,1.08648,1.00,1.87
2018.05.15 08:59:57.986,1.08623,1.08645,1.00,1.00
2018.05.15 08:59:58.937,1.08623,1.08646,1.00,1.12
2018.05.15 08:59:59.577,1.08622,1.08645,1.50,1.00
