2012.04.20 05:00:00.119,1.2696,1.26999,1.50,1.50
2012.04.20 05:00:00.631,1.2696,1.2699,1.89,1.50
2012.04.20 05:00:01.130,1.26962,1.27001,1.14,1.50
2012.04.20 05:00:02.260,1.26962,1.27001,1.14,1.50
2012.04.20 05:00:02.420,1.26963,1.27001,1.50,1.50
2012.04.20 05:00:02.613,1.26965,1.26999,1.80,2.25
2012.04.20 05:00:02.961,1.26965,1.26999,2.55,2.25
2012.04.20 05:00:03.807,1.26965,1.26999,2.55,2.25
2012.04.20 05:00:05.404,1.26965,1.26999,1.80,2.25
2012.04.20 05:00:15.750,1.26965,1.27001,2.55,1.50
2012.04.20 05:00:15.820,1.26961,1.27002,1.14,1.50
2012.04.20 05:00:17.000,1.26963,1.26998,1.50,2.25
2012.04.20 05:00:17.252,1.26964,1.27001,2.55,2.25
2012.04.20 05:00:17.560,1.26962,1.27001,2.64,1.50
2012.04.20 05:00:25.129,1.26962,1.26999,2.25,1.50
2012.04.20 05:00:25.389,1.26962,1.26999,2.25,1.50
2012.04.20 05:00:25.461,1.26959,1.26999,1.14,1.50
2012.04.20 05:00:32.970,1.26956,1.26994,2.55,1.50
2012.04.20 05:00:33.042,1.26956,1.26994,1.14,1.50
2012.04.20 05:00:33.291,1.26957,1.26995,1.50,3.30
2012.04.20 05:00:33.600,1.26957,1.26995,1.50,3.30
2012.04.20 05:00:36.836,1.26965,1.26996,1.80,1.50
2012.04.20 05:00:36.902,1.26961,1.26996,2.40,1.50
2012.04.20 05:00:37.030,1.26961,1.26996,2.40,1.50
2012.04.20 05:00:37.103,1.26961,1.26996,2.40,1.50
2012.04.20 05:00:37.233,1.26964,1.26996,2.55,1.50
2012.04.20 05:00:37.301,1.26964,1.27,2.55,2.25
2012.04.20 05:00:37.501,1.26959,1.26997,1.05,1.50
2012.04.20 05:00:38.091,1.26958,1.26997,2.25,1.50
2012.04.20 05:00:38.637,1.26958,1.26997,2.25,1.50
2012.04.20 05:00:39.263,1.26958,1.26997,2.25,1.50
2012.04.20 05:00:39.451,1.26958,1.26997,2.25,1.50
2012.04.20 05:00:40.114,1.26955,1.26993,2.25,1.50
2012.04.20 05:00:40.188,1.26955,1.26987,2.25,1.50
2012.04.20 05:00:40.622,1.26952,1.26993,4.80,1.50
2012.04.20 05:00:41.450,1.26952,1.26993,4.80,1.50
2012.04.20 05:00:41.642,1.26956,1.26993,2.25,1.50
2012.04.20 05:00:41.891,1.2696,1.26997,2.25,1.50
2012.04.20 05:01:02.613,1.26961,1.26994,2.25,1.50
2012.04.20 05:01:03.280,1.26961,1.26994,2.25,1.50
2012.04.20 05:01:03.833,1.26961,1.26994,2.25,1.50
2012.04.20 05:01:11.909,1.26961,1.26998,2.25,1.50
2012.04.20 05:01:15.949,1.26961,1.26998,2.25,1.50
2012.04.20 05:01:16.642,1.26961,1.26996,2.25,1.50
2012.04.20 05:01:21.911,1.26961,1.26996,2.25,1.50
2012.04.20 05:01:25.350,1.26957,1.26996,2.55,1.50
2012.04.20 05:01:26.108,1.26957,1.26996,2.55,1.50
2012.04.20 05:01:29.450,1.26957,1.26996,2.55,1.50
2012.04.20 05:01:42.019,1.26961,1.26997,1.50,1.50
2012.04.20 05:01:46.210,1.26961,1.26997,1.50,1.50
2012.04.20 05:01:49.088,1.26961,1.26997,1.50,1.50
2012.04.20 05:01:57.677,1.26961,1.27002,1.50,1.50
2012.04.20 05:02:07.978,1.26961,1.26999,1.50,1.50
2012.04.20 05:02:09.040,1.26957,1.26998,1.80,1.50
2012.04.20 05:02:09.554,1.26957,1.26998,2.55,1.50
2012.04.20 05:02:10.064,1.26957,1.26998,2.55,1.50
2012.04.20 05:02:10.371,1.26957,1.26991,2.55,1.50
2012.04.20 05:02:13.622,1.26965,1.26991,1.80,1.50
2012.04.20 05:02:13.751,1.26965,1.26993,1.80,1.50
2012.04.20 05:02:14.211,1.26957,1.26993,2.25,1.50
2012.04.20 05:02:16.200,1.26957,1.26995,2.25,1.50
2012.04.20 05:02:17.521,1.26957,1.27001,4.05,1.50
2012.04.20 05:02:18.511,1.26957,1.26997,4.05,1.50
2012.04.20 05:02:24.079,1.26957,1.26997,4.05,1.50
2012.04.20 05:02:24.680,1.26957,1.26997,4.44,1.50
2012.04.20 05:02:27.977,1.26957,1.26997,4.05,1.50
2012.04.20 05:02:30.049,1.26957,1.26997,4.44,1.50
2012.04.20 05:02:30.120,1.26965,1.26997,1.80,1.50
2012.04.20 05:02:30.369,1.26965,1.27001,1.80,1.50
2012.04.20 05:02:30.559,1.26959,1.27001,2.25,1.50
2012.04.20 05:02:31.070,1.26959,1.27001,2.25,1.50
2012.04.20 05:02:31.811,1.26959,1.27001,2.25,1.50
2012.04.20 05:02:32.120,1.26964,1.26997,1.80,1.50
2012.04.20 05:02:32.310,1.26956,1.26999,2.94,1.50
2012.04.20 05:02:32.950,1.26957,1.26999,1.14,3.00
2012.04.20 05:02:34.069,1.26956,1.26999,4.44,3.00
2012.04.20 05:02:35.728,1.26957,1.26999,1.14,3.75
2012.04.20 05:02:36.299,1.26956,1.26999,4.44,3.75
2012.04.20 05:02:39.897,1.26961,1.26999,1.50,3.75
2012.04.20 05:02:40.209,1.26964,1.26994,1.80,1.50
2012.04.20 05:02:48.247,1.26964,1.26994,1.80,1.50
2012.04.20 05:02:49.360,1.26957,1.26994,3.30,1.50
2012.04.20 05:02:49.490,1.26957,1.26996,2.55,2.25
2012.04.20 05:02:50.329,1.26957,1.26998,4.05,1.50
2012.04.20 05:02:52.419,1.26957,1.26998,4.05,1.50
2012.04.20 05:02:52.792,1.26955,1.26995,2.25,2.55
2012.04.20 05:02:53.339,1.26955,1.26991,2.25,1.50
2012.04.20 05:02:53.835,1.26955,1.26994,1.50,2.63
2012.04.20 05:02:55.148,1.26955,1.26994,1.50,2.63
2012.04.20 05:03:03.131,1.26955,1.2699,1.50,2.55
2012.04.20 05:03:03.432,1.26955,1.2699,1.50,3.30
2012.04.20 05:03:05.047,1.26951,1.2699,1.14,3.30
2012.04.20 05:03:10.133,1.26952,1.2699,1.50,3.30
2012.04.20 05:03:32.930,1.26952,1.2699,1.50,2.55
2012.04.20 05:03:33.000,1.26952,1.2699,1.50,1.80
2012.04.20 05:03:33.132,1.26953,1.26991,2.55,1.50
2012.04.20 05:03:34.051,1.26953,1.26991,2.55,1.50
2012.04.20 05:03:35.032,1.26952,1.2699,1.89,2.55
2012.04.20 05:03:38.300,1.26952,1.2699,1.50,2.55
2012.04.20 05:03:38.491,1.26956,1.2699,1.50,1.80
2012.04.20 05:03:38.621,1.26965,1.26993,1.80,1.50
2012.04.20 05:03:38.821,1.26956,1.26993,2.94,1.50
2012.04.20 05:03:38.893,1.26957,1.26999,1.14,1.50
2012.04.20 05:03:38.964,1.26956,1.27,4.44,3.00
2012.04.20 05:03:39.281,1.26956,1.27,4.44,3.00
2012.04.20 05:03:39.350,1.26956,1.26992,2.94,1.50
2012.04.20 05:03:39.812,1.26956,1.26997,2.94,2.25
2012.04.20 05:03:42.636,1.26956,1.27,5.19,1.50
2012.04.20 05:03:42.702,1.26956,1.26997,3.30,2.25
2012.04.20 05:03:44.661,1.26956,1.26989,3.30,1.50
2012.04.20 05:03:45.091,1.26956,1.26989,3.30,1.50
2012.04.20 05:03:57.639,1.26956,1.26994,3.30,2.25
2012.04.20 05:03:58.740,1.26956,1.26994,3.45,2.25
2012.04.20 05:04:10.679,1.26959,1.26994,1.14,1.50
2012.04.20 05:04:10.748,1.26959,1.26994,1.14,1.50
2012.04.20 05:04:16.839,1.26958,1.26998,1.14,2.25
2012.04.20 05:04:40.669,1.26959,1.26998,1.14,3.00
2012.04.20 05:04:55.481,1.26959,1.26993,1.14,1.50
2012.04.20 05:04:55.553,1.2696,1.26998,1.14,2.25
2012.04.20 05:04:56.141,1.2696,1.27001,1.14,1.50
2012.04.20 05:05:06.211,1.26962,1.27,2.25,1.50
2012.04.20 05:05:09.603,1.26962,1.27001,2.25,1.50
2012.04.20 05:05:18.461,1.2696,1.27001,1.14,1.50
2012.04.20 05:05:19.250,1.26961,1.26999,1.14,3.00
2012.04.20 05:05:21.362,1.26961,1.26999,1.14,2.25
2012.04.20 05:05:21.551,1.26956,1.26994,2.25,1.50
2012.04.20 05:05:21.621,1.26955,1.26994,1.14,1.50
2012.04.20 05:05:21.930,1.26951,1.26988,2.25,2.55
2012.04.20 05:05:22.001,1.26951,1.26988,2.25,2.55
2012.04.20 05:05:22.313,1.26951,1.26987,2.25,2.55
2012.04.20 05:05:22.565,1.26951,1.2699,2.25,1.50
2012.04.20 05:05:22.632,1.26951,1.26985,2.25,1.80
2012.04.20 05:05:23.015,1.26951,1.26985,1.50,2.55
2012.04.20 05:05:23.332,1.26949,1.26972,1.14,2.55
2012.04.20 05:05:23.527,1.26946,1.26978,1.50,2.93
2012.04.20 05:05:23.949,1.26946,1.26973,1.50,2.55
2012.04.20 05:05:24.027,1.26941,1.26973,1.50,2.55
2012.04.20 05:05:24.350,1.26944,1.26973,1.50,2.55
2012.04.20 05:05:25.180,1.26941,1.26973,1.50,2.55
2012.04.20 05:05:25.855,1.26944,1.26973,1.50,2.55
2012.04.20 05:05:26.713,1.26941,1.26973,1.50,2.55
2012.04.20 05:05:26.781,1.26941,1.26973,1.50,2.55
2012.04.20 05:05:26.917,1.26941,1.26977,1.50,2.25
2012.04.20 05:05:26.993,1.26941,1.26977,1.50,2.25
2012.04.20 05:05:27.441,1.2694,1.2697,1.14,1.80
2012.04.20 05:05:27.576,1.26941,1.26976,1.14,2.25
2012.04.20 05:05:27.709,1.26941,1.26977,1.89,2.55
2012.04.20 05:05:29.735,1.26941,1.26977,1.50,2.55
2012.04.20 05:05:29.922,1.26943,1.26977,1.50,2.55
2012.04.20 05:05:29.991,1.26946,1.26977,1.14,1.80
2012.04.20 05:05:30.120,1.26946,1.26981,1.14,1.50
2012.04.20 05:05:30.310,1.26946,1.26983,1.14,1.50
2012.04.20 05:05:32.030,1.26948,1.26984,1.50,1.50
2012.04.20 05:05:34.821,1.26947,1.26983,1.14,1.50
2012.04.20 05:05:35.581,1.26947,1.26983,1.14,1.50
2012.04.20 05:05:35.771,1.26948,1.26984,1.14,2.55
2012.04.20 05:05:35.840,1.26948,1.26981,1.14,1.50
2012.04.20 05:05:39.373,1.26947,1.26983,1.89,1.50
2012.04.20 05:05:39.444,1.26947,1.26983,1.89,1.50
2012.04.20 05:05:39.751,1.26944,1.26979,1.14,1.50
2012.04.20 05:05:40.781,1.26943,1.26983,1.14,1.50
2012.04.20 05:05:42.714,1.26945,1.26983,1.50,2.63
2012.04.20 05:05:43.253,1.26942,1.26977,1.50,2.55
2012.04.20 05:05:45.923,1.26941,1.26973,1.50,1.50
2012.04.20 05:05:51.785,1.26937,1.26976,1.14,3.00
2012.04.20 05:05:52.673,1.26937,1.26967,1.14,1.50
2012.04.20 05:05:54.481,1.26937,1.26967,1.14,2.25
2012.04.20 05:05:54.554,1.26936,1.26965,1.89,2.55
2012.04.20 05:05:55.289,1.26936,1.26965,1.89,2.55
2012.04.20 05:05:55.362,1.26936,1.26965,1.50,2.55
2012.04.20 05:06:00.192,1.26936,1.26964,1.50,2.25
2012.04.20 05:06:01.631,1.26936,1.26965,1.89,2.55
2012.04.20 05:06:02.176,1.26936,1.26965,1.50,1.80
2012.04.20 05:06:02.242,1.26938,1.26965,1.14,1.80
2012.04.20 05:06:02.315,1.2694,1.26972,1.14,1.50
2012.04.20 05:06:02.563,1.2694,1.26972,1.14,1.50
2012.04.20 05:06:02.943,1.2694,1.26977,1.14,1.80
2012.04.20 05:06:03.011,1.2694,1.26971,1.14,2.25
2012.04.20 05:06:03.141,1.2694,1.26971,1.14,2.25
2012.04.20 05:06:03.270,1.2694,1.26971,1.14,1.50
2012.04.20 05:06:03.821,1.26936,1.26971,1.50,2.25
2012.04.20 05:06:06.272,1.26938,1.26974,1.14,2.25
2012.04.20 05:06:06.402,1.26938,1.26969,1.14,2.55
2012.04.20 05:06:06.743,1.26938,1.26974,1.14,2.25
2012.04.20 05:06:06.812,1.26938,1.26969,1.14,1.50
2012.04.20 05:06:07.130,1.26938,1.26977,1.14,4.65
2012.04.20 05:06:08.044,1.26941,1.26977,1.50,3.90
2012.04.20 05:06:08.471,1.2695,1.26983,1.14,2.25
2012.04.20 05:06:09.275,1.2695,1.26983,1.14,1.50
2012.04.20 05:06:09.601,1.2695,1.26984,1.14,3.30
2012.04.20 05:06:09.973,1.26946,1.26983,1.14,1.50
2012.04.20 05:06:10.041,1.26946,1.26977,1.14,2.55
2012.04.20 05:06:10.589,1.26946,1.26977,1.14,2.55
2012.04.20 05:06:11.710,1.26942,1.26977,1.14,2.55
2012.04.20 05:06:11.962,1.26942,1.26973,1.14,1.80
2012.04.20 05:06:12.031,1.26942,1.26978,1.14,3.30
2012.04.20 05:06:12.223,1.26942,1.26973,1.14,1.50
2012.04.20 05:06:12.563,1.26942,1.26973,1.14,3.30
2012.04.20 05:06:13.210,1.26942,1.26973,1.14,2.55
2012.04.20 05:06:15.819,1.26942,1.26973,1.14,2.55
2012.04.20 05:06:19.180,1.26942,1.26974,1.14,1.88
2012.04.20 05:06:20.210,1.26942,1.26973,1.14,1.50
2012.04.20 05:06:20.942,1.26942,1.26973,1.14,1.50
2012.04.20 05:06:22.500,1.26942,1.26973,1.14,1.50
2012.04.20 05:06:24.240,1.26937,1.26976,1.14,2.55
2012.04.20 05:06:24.379,1.26937,1.26973,2.94,1.50
2012.04.20 05:06:28.201,1.26937,1.26977,2.55,3.00
2012.04.20 05:06:33.328,1.26937,1.26973,2.55,1.50
2012.04.20 05:06:33.591,1.26937,1.26973,1.14,1.50
2012.04.20 05:06:39.189,1.26937,1.26975,1.14,1.80
2012.04.20 05:06:39.380,1.26936,1.26973,1.14,1.50
2012.04.20 05:06:42.531,1.26938,1.26973,2.55,2.25
2012.04.20 05:06:42.660,1.26937,1.26973,1.14,1.50
2012.04.20 05:06:59.489,1.26936,1.26973,1.14,4.05
2012.04.20 05:07:09.591,1.26936,1.26973,1.14,4.05
2012.04.20 05:07:12.754,1.2693,1.26973,1.89,4.05
2012.04.20 05:07:13.613,1.2693,1.26973,1.89,4.05
2012.04.20 05:07:30.757,1.2693,1.26973,1.89,5.18
2012.04.20 05:07:39.879,1.26926,1.26973,2.19,3.30
2012.04.20 05:07:44.936,1.26926,1.26973,2.19,3.30
2012.04.20 05:07:45.754,1.26926,1.26973,2.19,3.30
2012.04.20 05:07:47.557,1.26926,1.26973,2.19,3.30
2012.04.20 05:07:52.904,1.26926,1.26973,2.19,3.68
2012.04.20 05:08:01.411,1.26926,1.26973,2.19,3.68
2012.04.20 05:08:09.457,1.26926,1.2697,2.19,1.50
2012.04.20 05:08:10.467,1.26926,1.26973,2.19,3.30
2012.04.20 05:08:13.508,1.26926,1.26973,2.19,2.55
2012.04.20 05:08:14.928,1.26926,1.26973,2.19,2.55
2012.04.20 05:08:15.693,1.26926,1.26973,2.19,2.55
2012.04.20 05:08:26.799,1.26926,1.26973,2.94,2.55
2012.04.20 05:08:35.470,1.2693,1.26966,1.89,1.80
2012.04.20 05:08:35.782,1.26932,1.26973,1.89,3.30
2012.04.20 05:08:35.852,1.26937,1.26973,1.14,3.30
2012.04.20 05:08:36.170,1.26936,1.26965,1.14,2.55
2012.04.20 05:08:37.391,1.26937,1.26965,1.14,2.55
2012.04.20 05:08:37.521,1.26936,1.26965,1.14,2.55
2012.04.20 05:08:38.095,1.26935,1.26968,1.14,1.50
2012.04.20 05:08:38.223,1.26935,1.26976,1.14,3.00
2012.04.20 05:08:38.292,1.26941,1.26976,2.25,1.50
2012.04.20 05:08:38.482,1.26941,1.2698,2.25,1.50
2012.04.20 05:08:39.751,1.26936,1.26978,1.14,1.50
2012.04.20 05:08:40.382,1.26937,1.26978,1.14,1.50
2012.04.20 05:08:44.150,1.26936,1.26978,1.14,1.50
2012.04.20 05:08:48.399,1.26937,1.26978,1.14,1.50
2012.04.20 05:08:50.262,1.26936,1.26978,1.14,1.50
2012.04.20 05:08:53.719,1.26936,1.26978,1.14,1.50
2012.04.20 05:08:54.454,1.26936,1.26977,1.14,1.50
2012.04.20 05:08:54.761,1.26936,1.26976,1.14,1.80
2012.04.20 05:09:33.701,1.26936,1.26976,1.14,2.55
2012.04.20 05:09:34.012,1.26936,1.26972,1.14,4.05
2012.04.20 05:09:34.204,1.26936,1.26972,1.14,2.55
2012.04.20 05:09:35.510,1.26935,1.26972,1.14,2.55
2012.04.20 05:09:37.802,1.26935,1.26969,1.14,1.50
2012.04.20 05:09:38.369,1.26935,1.26969,1.14,1.50
2012.04.20 05:09:39.082,1.26941,1.26976,1.50,2.25
2012.04.20 05:09:39.611,1.26942,1.26976,1.50,1.50
2012.04.20 05:09:49.240,1.26942,1.26976,1.50,1.50
2012.04.20 05:09:49.553,1.26943,1.26978,1.14,1.50
2012.04.20 05:09:49.681,1.26944,1.26978,1.50,1.50
2012.04.20 05:09:50.301,1.26946,1.26985,2.64,1.13
2012.04.20 05:09:50.550,1.26946,1.26985,2.25,1.88
2012.04.20 05:09:54.269,1.26943,1.26985,1.14,3.38
2012.04.20 05:09:55.581,1.26946,1.26978,1.50,1.50
2012.04.20 05:09:56.350,1.26946,1.26985,2.25,1.88
2012.04.20 05:09:58.422,1.26944,1.26984,1.14,1.50
2012.04.20 05:09:59.003,1.26945,1.26983,1.50,1.50
2012.04.20 05:10:00.761,1.26945,1.26984,2.25,1.50
2012.04.20 05:10:03.806,1.26944,1.26982,1.14,2.25
2012.04.20 05:10:03.994,1.26944,1.26983,2.64,1.50
2012.04.20 05:10:04.126,1.26944,1.26983,1.14,1.50
2012.04.20 05:10:04.194,1.2695,1.26984,2.19,1.50
2012.04.20 05:10:04.502,1.26951,1.26986,1.89,1.13
2012.04.20 05:10:04.633,1.26952,1.26986,1.14,1.13
2012.04.20 05:10:05.141,1.26951,1.26986,1.89,1.13
2012.04.20 05:10:05.765,1.26952,1.26986,1.14,1.13
2012.04.20 05:10:06.153,1.26951,1.26987,1.89,1.13
2012.04.20 05:10:06.672,1.26951,1.26985,2.64,1.13
2012.04.20 05:10:07.221,1.2695,1.26985,1.14,1.13
2012.04.20 05:10:07.532,1.26947,1.26985,1.89,1.13
2012.04.20 05:10:07.601,1.26949,1.26985,1.14,1.13
2012.04.20 05:10:07.912,1.26973,1.27001,2.55,1.50
2012.04.20 05:10:08.048,1.2697,1.26993,2.25,1.50
2012.04.20 05:10:08.127,1.2697,1.26993,1.50,1.50
2012.04.20 05:10:08.194,1.2696,1.26993,1.14,1.50
2012.04.20 05:10:08.382,1.26959,1.26989,1.05,1.50
2012.04.20 05:10:08.454,1.26959,1.2699,1.05,1.50
2012.04.20 05:10:09.455,1.26958,1.26991,1.05,3.00
2012.04.20 05:10:10.182,1.26955,1.26991,1.20,3.00
2012.04.20 05:10:10.622,1.26951,1.26991,1.14,3.00
2012.04.20 05:10:11.163,1.26951,1.26991,1.14,3.00
2012.04.20 05:10:12.702,1.2695,1.2699,1.89,1.50
2012.04.20 05:10:14.456,1.2695,1.26989,1.14,1.50
2012.04.20 05:10:14.775,1.2695,1.26987,1.14,2.25
2012.04.20 05:10:16.752,1.26952,1.2699,1.14,3.00
2012.04.20 05:10:17.262,1.26949,1.26989,1.89,1.50
2012.04.20 05:10:19.152,1.26949,1.2699,1.89,1.50
2012.04.20 05:10:20.376,1.26949,1.26989,1.89,1.50
2012.04.20 05:10:20.450,1.26952,1.26992,1.14,1.50
2012.04.20 05:10:20.886,1.2695,1.26993,1.50,3.00
2012.04.20 05:10:21.454,1.26946,1.26987,1.14,2.25
2012.04.20 05:10:22.063,1.26946,1.26987,1.14,2.25
2012.04.20 05:10:26.589,1.26948,1.26987,1.14,2.25
2012.04.20 05:10:26.708,1.26946,1.26987,1.89,2.25
2012.04.20 05:10:30.613,1.26946,1.26987,1.14,2.25
2012.04.20 05:10:31.242,1.26946,1.26987,1.14,2.25
2012.04.20 05:10:34.231,1.26946,1.26987,1.14,2.25
2012.04.20 05:10:36.011,1.26946,1.26987,1.14,2.25
2012.04.20 05:10:36.802,1.26947,1.26987,1.14,2.25
2012.04.20 05:10:36.872,1.26946,1.26987,1.14,2.25
2012.04.20 05:10:37.062,1.26945,1.26987,1.14,2.25
2012.04.20 05:10:37.312,1.26945,1.26984,1.14,1.50
2012.04.20 05:10:40.101,1.26946,1.26984,1.50,1.50
2012.04.20 05:10:40.412,1.26954,1.26986,3.30,1.50
2012.04.20 05:10:40.720,1.26957,1.26991,1.50,1.50
2012.04.20 05:10:41.562,1.26957,1.26992,2.25,1.50
2012.04.20 05:10:41.884,1.26954,1.26991,1.95,1.50
2012.04.20 05:10:42.392,1.26954,1.26992,1.50,3.30
2012.04.20 05:10:46.311,1.26954,1.26991,2.40,1.50
2012.04.20 05:10:52.642,1.26954,1.26987,2.70,1.50
2012.04.20 05:10:52.775,1.26958,1.26992,2.55,1.50
2012.04.20 05:10:52.992,1.26958,1.26994,2.94,2.25
2012.04.20 05:10:53.127,1.26962,1.26998,2.25,2.25
2012.04.20 05:10:53.261,1.26962,1.26994,2.25,1.50
2012.04.20 05:10:53.522,1.26959,1.26994,2.25,1.50
2012.04.20 05:10:53.712,1.26959,1.26997,2.25,3.30
2012.04.20 05:10:53.840,1.26957,1.26997,1.89,2.55
2012.04.20 05:10:53.914,1.26957,1.26995,1.50,1.50
2012.04.20 05:10:54.473,1.26956,1.26993,1.14,1.50
2012.04.20 05:10:55.744,1.26956,1.26994,1.14,1.50
2012.04.20 05:10:56.469,1.26958,1.26994,2.55,1.50
2012.04.20 05:10:57.404,1.26958,1.26994,2.55,1.50
2012.04.20 05:10:57.934,1.26958,1.26994,2.55,1.50
2012.04.20 05:11:02.060,1.26958,1.26998,4.44,1.50
2012.04.20 05:11:03.691,1.26958,1.26999,4.44,1.50
2012.04.20 05:11:04.183,1.26967,1.26998,2.55,1.50
2012.04.20 05:11:07.831,1.26967,1.27002,2.55,1.50
2012.04.20 05:11:08.632,1.26967,1.27002,2.55,1.50
2012.04.20 05:11:10.267,1.26967,1.27002,1.80,1.50
2012.04.20 05:11:10.401,1.26969,1.27002,1.50,1.50
2012.04.20 05:11:10.713,1.26969,1.27004,1.95,1.50
2012.04.20 05:11:10.961,1.26974,1.27009,1.05,3.00
2012.04.20 05:11:11.463,1.26974,1.27009,1.05,1.50
2012.04.20 05:11:14.001,1.26972,1.27009,1.05,3.00
2012.04.20 05:11:14.532,1.26974,1.27009,1.65,1.50
2012.04.20 05:11:16.002,1.26974,1.27011,2.55,1.50
2012.04.20 05:11:16.612,1.26978,1.27013,2.55,1.50
2012.04.20 05:11:17.721,1.26978,1.27013,2.55,1.50
2012.04.20 05:11:18.211,1.26978,1.2701,1.80,1.50
2012.04.20 05:11:18.403,1.26974,1.2701,2.40,1.50
2012.04.20 05:11:27.875,1.26974,1.27011,2.55,1.50
2012.04.20 05:11:30.600,1.26974,1.2701,1.80,1.50
2012.04.20 05:11:30.793,1.26974,1.27009,1.50,1.50
2012.04.20 05:11:30.985,1.26974,1.27009,1.50,1.50
2012.04.20 05:11:31.054,1.2697,1.27008,2.25,1.50
2012.04.20 05:11:31.363,1.26977,1.27008,1.50,1.50
2012.04.20 05:11:32.011,1.26977,1.27011,1.50,1.50
2012.04.20 05:11:37.871,1.26973,1.2701,4.05,1.50
2012.04.20 05:11:42.340,1.26973,1.27008,4.05,1.50
2012.04.20 05:11:42.531,1.26969,1.27008,1.80,2.25
2012.04.20 05:11:42.602,1.26972,1.27008,1.80,2.25
2012.04.20 05:11:42.913,1.26972,1.27008,2.55,1.50
2012.04.20 05:11:43.042,1.26972,1.27008,2.55,1.50
2012.04.20 05:11:43.114,1.26973,1.27009,2.25,2.25
2012.04.20 05:11:43.702,1.26972,1.27008,2.55,2.25
2012.04.20 05:11:44.303,1.26972,1.27008,1.80,3.00
2012.04.20 05:11:44.552,1.26972,1.27008,4.05,2.25
2012.04.20 05:11:45.483,1.26981,1.27008,1.80,1.50
2012.04.20 05:11:46.109,1.26981,1.27009,2.55,1.50
2012.04.20 05:11:46.184,1.26981,1.2701,1.80,1.50
2012.04.20 05:11:46.252,1.26973,1.27009,2.40,1.50
2012.04.20 05:11:46.791,1.26973,1.27009,3.15,1.50
2012.04.20 05:11:50.471,1.26973,1.27009,2.10,1.50
2012.04.20 05:11:50.541,1.26971,1.27009,1.50,1.50
2012.04.20 05:11:50.611,1.26971,1.27009,2.25,1.50
2012.04.20 05:11:51.950,1.26973,1.27009,2.55,1.50
2012.04.20 05:12:03.151,1.26973,1.27009,2.55,1.50
2012.04.20 05:12:03.224,1.26975,1.2701,1.05,1.50
2012.04.20 05:12:03.786,1.26981,1.2701,2.55,1.50
2012.04.20 05:12:07.223,1.26971,1.2701,2.19,1.50
2012.04.20 05:12:07.291,1.26971,1.27011,1.50,3.30
2012.04.20 05:12:07.481,1.26971,1.27009,1.50,1.50
2012.04.20 05:12:07.791,1.26972,1.27008,2.55,2.25
2012.04.20 05:12:11.346,1.26972,1.2701,2.55,1.50
2012.04.20 05:12:11.652,1.2698,1.27008,1.80,1.50
2012.04.20 05:12:12.022,1.26978,1.2701,2.55,2.25
2012.04.20 05:12:12.150,1.26978,1.27009,1.80,1.50
2012.04.20 05:12:12.281,1.26974,1.2701,1.50,1.50
2012.04.20 05:12:13.803,1.26971,1.2701,1.50,3.30
2012.04.20 05:12:13.934,1.26971,1.2701,1.50,4.05
2012.04.20 05:12:14.242,1.26975,1.27008,1.50,1.80
2012.04.20 05:12:18.617,1.26975,1.2701,1.50,1.50
2012.04.20 05:12:18.752,1.2697,1.2701,3.00,1.50
2012.04.20 05:12:18.940,1.26972,1.27011,1.14,1.50
2012.04.20 05:12:19.012,1.26974,1.27011,1.50,1.50
2012.04.20 05:12:19.790,1.26974,1.27014,2.25,1.50
2012.04.20 05:12:20.361,1.26974,1.27014,2.25,1.50
2012.04.20 05:12:23.691,1.26972,1.27012,1.50,1.50
2012.04.20 05:12:24.091,1.26974,1.27011,1.50,1.50
2012.04.20 05:12:24.222,1.26971,1.27011,1.14,2.25
2012.04.20 05:12:24.714,1.26971,1.27008,2.25,2.55
2012.04.20 05:12:37.109,1.26976,1.27011,1.50,2.55
2012.04.20 05:12:37.241,1.26976,1.27011,1.50,1.80
2012.04.20 05:12:37.650,1.26978,1.27014,1.50,1.35
2012.04.20 05:12:50.951,1.26979,1.27014,3.00,1.50
2012.04.20 05:12:51.200,1.26979,1.27014,3.00,1.50
2012.04.20 05:12:51.272,1.26979,1.27017,3.00,2.25
2012.04.20 05:12:51.463,1.26979,1.27017,3.00,1.50
2012.04.20 05:12:56.749,1.26984,1.27018,1.50,1.50
2012.04.20 05:13:02.893,1.26982,1.27021,1.89,1.50
2012.04.20 05:13:03.030,1.26982,1.27022,1.50,1.50
2012.04.20 05:13:03.102,1.26983,1.27023,1.50,1.50
2012.04.20 05:13:03.293,1.26981,1.27023,1.14,1.50
2012.04.20 05:13:03.434,1.26981,1.27022,1.14,1.50
2012.04.20 05:13:03.742,1.2699,1.27025,2.55,1.50
2012.04.20 05:13:03.810,1.2699,1.27025,2.55,1.50
2012.04.20 05:13:04.066,1.2699,1.27025,2.55,1.50
2012.04.20 05:13:04.686,1.2699,1.27025,2.55,1.50
2012.04.20 05:13:04.990,1.2699,1.27027,2.55,1.13
2012.04.20 05:13:05.541,1.26991,1.27027,2.25,1.13
2012.04.20 05:13:05.611,1.26991,1.27027,2.25,1.13
2012.04.20 05:13:05.683,1.26991,1.27027,2.25,1.13
2012.04.20 05:13:05.811,1.26992,1.27027,2.25,1.13
2012.04.20 05:13:05.943,1.2699,1.27027,2.55,1.88
2012.04.20 05:13:06.252,1.26987,1.27024,2.55,2.25
2012.04.20 05:13:12.400,1.26987,1.27024,1.80,2.25
2012.04.20 05:13:12.471,1.26985,1.27023,1.50,2.55
2012.04.20 05:13:12.541,1.26982,1.2702,1.50,1.50
2012.04.20 05:13:12.673,1.26982,1.27023,2.25,2.55
2012.04.20 05:13:14.222,1.2698,1.27022,1.50,2.25
2012.04.20 05:13:16.932,1.2698,1.2702,1.50,1.50
2012.04.20 05:13:17.252,1.26985,1.2702,1.50,3.00
2012.04.20 05:13:17.572,1.26985,1.27023,1.50,3.00
2012.04.20 05:13:18.181,1.26986,1.27019,1.50,2.55
2012.04.20 05:13:18.253,1.26982,1.27019,2.25,1.80
2012.04.20 05:13:18.572,1.2698,1.27019,1.50,3.30
2012.04.20 05:13:19.731,1.2698,1.27019,1.50,3.30
2012.04.20 05:13:20.645,1.2698,1.27019,1.50,3.30
2012.04.20 05:13:23.660,1.2698,1.27019,1.50,3.30
2012.04.20 05:13:26.292,1.2698,1.27016,1.50,1.50
2012.04.20 05:13:35.577,1.26982,1.27019,2.25,3.30
2012.04.20 05:13:37.287,1.26982,1.27019,2.25,3.30
2012.04.20 05:13:39.681,1.26982,1.27019,2.25,3.30
2012.04.20 05:13:44.302,1.26982,1.27019,2.25,3.30
2012.04.20 05:13:54.712,1.2698,1.27017,1.50,1.50
2012.04.20 05:14:04.363,1.26981,1.27019,1.50,4.05
2012.04.20 05:14:06.441,1.26981,1.27018,1.50,1.50
2012.04.20 05:14:06.631,1.26982,1.27018,1.50,1.50
2012.04.20 05:14:06.951,1.26977,1.27013,2.55,1.50
2012.04.20 05:14:07.024,1.26977,1.27013,2.55,1.50
2012.04.20 05:14:07.331,1.26976,1.27012,2.25,1.50
2012.04.20 05:14:08.484,1.26974,1.27009,1.50,1.50
2012.04.20 05:14:09.605,1.26974,1.27008,1.50,1.50
2012.04.20 05:14:10.403,1.26974,1.27008,1.50,1.50
2012.04.20 05:14:11.803,1.26972,1.27008,1.14,1.50
2012.04.20 05:14:11.932,1.26976,1.27007,1.50,2.55
2012.04.20 05:14:12.001,1.26972,1.2701,1.50,1.50
2012.04.20 05:14:16.200,1.26977,1.27012,2.25,1.50
2012.04.20 05:14:16.541,1.26975,1.27012,2.55,1.50
2012.04.20 05:14:17.311,1.26975,1.27009,2.55,1.50
2012.04.20 05:14:17.386,1.26966,1.27007,1.05,2.25
2012.04.20 05:14:17.451,1.26966,1.27007,1.05,2.25
2012.04.20 05:14:17.520,1.26968,1.27007,1.65,2.25
2012.04.20 05:14:17.833,1.26968,1.27008,1.50,2.85
2012.04.20 05:14:18.753,1.26971,1.27005,1.50,1.50
2012.04.20 05:14:18.940,1.26967,1.27005,1.50,1.50
2012.04.20 05:14:20.880,1.26967,1.27005,1.50,1.50
2012.04.20 05:14:21.575,1.26968,1.27006,1.50,2.55
2012.04.20 05:14:21.883,1.26975,1.2701,2.55,1.50
2012.04.20 05:14:22.011,1.26975,1.2701,2.55,1.50
2012.04.20 05:14:22.083,1.26975,1.27012,1.80,2.25
2012.04.20 05:14:22.464,1.2697,1.27005,2.25,2.55
2012.04.20 05:14:24.381,1.26968,1.27004,1.50,2.10
2012.04.20 05:14:27.811,1.26971,1.27005,1.50,2.55
2012.04.20 05:14:28.001,1.26974,1.27009,1.80,1.87
2012.04.20 05:14:28.071,1.26967,1.27009,3.15,1.87
2012.04.20 05:14:28.147,1.26967,1.27009,3.15,1.12
2012.04.20 05:14:28.273,1.26968,1.27006,1.05,2.55
2012.04.20 05:14:28.342,1.26967,1.27006,2.25,3.30
2012.04.20 05:14:28.471,1.26967,1.27005,2.25,1.50
2012.04.20 05:14:28.722,1.26968,1.27004,1.50,1.50
2012.04.20 05:14:31.472,1.26965,1.27004,1.50,1.50
2012.04.20 05:14:31.542,1.26965,1.27004,1.50,1.50
2012.04.20 05:14:32.386,1.26968,1.27004,2.25,1.50
2012.04.20 05:14:35.731,1.26972,1.27006,2.25,2.55
2012.04.20 05:14:36.281,1.26969,1.27004,2.25,1.50
2012.04.20 05:14:44.262,1.26969,1.27004,2.25,1.50
2012.04.20 05:14:47.149,1.26969,1.27004,2.25,1.50
2012.04.20 05:14:48.445,1.26967,1.27004,1.50,1.50
2012.04.20 05:14:48.769,1.26967,1.27004,1.50,1.50
2012.04.20 05:14:51.625,1.26967,1.27004,1.50,1.50
2012.04.20 05:14:53.829,1.26966,1.27005,1.50,1.50
2012.04.20 05:14:54.331,1.26966,1.27005,1.50,1.50
2012.04.20 05:14:55.712,1.26966,1.27005,1.50,1.50
2012.04.20 05:14:56.911,1.2697,1.27006,1.50,3.15
2012.04.20 05:14:57.222,1.2697,1.27008,2.25,1.50
2012.04.20 05:14:57.733,1.26973,1.27013,1.50,3.00
2012.04.20 05:14:58.314,1.26974,1.27013,2.55,1.50
2012.04.20 05:14:59.031,1.26974,1.27013,2.55,1.50
2012.04.20 05:14:59.243,1.26974,1.27013,2.55,1.50
2012.04.20 05:15:00.414,1.26974,1.27009,2.55,1.50
2012.04.20 05:15:00.833,1.26975,1.27015,1.50,1.50
2012.04.20 05:15:13.091,1.26977,1.27013,2.25,1.50
2012.04.20 05:15:15.864,1.26977,1.27013,2.25,1.50
2012.04.20 05:15:16.931,1.26977,1.27013,2.25,1.50
2012.04.20 05:15:19.644,1.2698,1.27013,1.80,1.50
2012.04.20 05:15:19.772,1.2698,1.27013,2.55,2.25
2012.04.20 05:15:19.904,1.2698,1.27013,2.55,1.50
2012.04.20 05:15:19.976,1.2698,1.27015,2.55,1.50
2012.04.20 05:15:20.042,1.2698,1.27017,2.55,1.50
2012.04.20 05:15:20.111,1.2698,1.27017,1.80,1.50
2012.04.20 05:15:20.185,1.26983,1.27015,1.50,1.50
2012.04.20 05:15:20.252,1.2698,1.27015,1.80,1.50
2012.04.20 05:15:20.322,1.26978,1.27015,1.50,1.50
2012.04.20 05:15:20.873,1.26978,1.27017,1.50,1.50
2012.04.20 05:15:23.680,1.26978,1.27015,1.50,1.50
2012.04.20 05:15:29.880,1.26978,1.27015,2.25,1.50
2012.04.20 05:15:30.430,1.26979,1.27015,1.80,1.50
2012.04.20 05:15:30.881,1.26985,1.27015,1.80,1.50
2012.04.20 05:15:31.014,1.26986,1.27024,1.14,1.50
2012.04.20 05:15:31.641,1.26985,1.27018,2.19,1.50
2012.04.20 05:15:32.201,1.26985,1.27018,2.19,1.50
2012.04.20 05:15:32.272,1.26985,1.27018,1.80,1.50
2012.04.20 05:15:40.103,1.26992,1.27018,1.80,1.50
2012.04.20 05:15:40.412,1.26992,1.27016,2.55,1.50
2012.04.20 05:15:40.541,1.26992,1.27019,2.55,1.50
2012.04.20 05:15:40.611,1.26992,1.27019,2.55,1.50
2012.04.20 05:15:40.684,1.26992,1.27019,2.55,1.50
2012.04.20 05:15:41.233,1.26992,1.27024,2.55,1.50
2012.04.20 05:15:41.762,1.26992,1.27024,1.80,1.50
2012.04.20 05:15:42.394,1.26992,1.27027,2.55,1.13
2012.04.20 05:15:42.643,1.26997,1.27027,1.80,1.13
2012.04.20 05:15:42.955,1.26997,1.27026,3.69,1.50
2012.04.20 05:15:43.144,1.26993,1.27026,1.14,1.50
2012.04.20 05:15:43.214,1.26988,1.27026,3.69,1.50
2012.04.20 05:15:43.464,1.26985,1.27024,1.14,1.50
2012.04.20 05:15:43.603,1.26984,1.27024,1.14,1.50
2012.04.20 05:15:43.732,1.26984,1.27021,1.14,1.50
2012.04.20 05:15:44.163,1.26984,1.27013,1.14,1.50
2012.04.20 05:15:44.725,1.26984,1.27013,1.14,1.50
2012.04.20 05:15:45.487,1.26983,1.27013,1.14,1.50
2012.04.20 05:15:45.696,1.26984,1.27009,1.14,1.50
2012.04.20 05:15:46.081,1.26983,1.27013,1.14,1.50
2012.04.20 05:15:46.673,1.26984,1.27013,1.14,1.50
2012.04.20 05:15:50.943,1.26984,1.27013,1.14,1.50
2012.04.20 05:15:51.512,1.26984,1.27013,1.14,1.50
2012.04.20 05:15:51.760,1.26984,1.27017,1.14,1.50
2012.04.20 05:15:52.320,1.26984,1.27017,1.14,1.50
2012.04.20 05:15:55.052,1.26984,1.27017,1.14,2.25
2012.04.20 05:15:55.242,1.26987,1.27019,1.14,1.80
2012.04.20 05:15:55.674,1.26984,1.2702,1.14,2.25
2012.04.20 05:15:55.932,1.26984,1.2702,1.14,3.00
2012.04.20 05:15:56.212,1.26983,1.2702,1.14,3.00
2012.04.20 05:15:57.654,1.26982,1.27018,1.13,1.50
2012.04.20 05:15:57.844,1.2698,1.27018,1.13,1.50
2012.04.20 05:15:57.915,1.2698,1.27015,1.13,1.50
2012.04.20 05:15:57.983,1.26977,1.27015,1.14,1.50
2012.04.20 05:15:58.112,1.2698,1.27015,1.50,1.50
2012.04.20 05:15:58.183,1.2698,1.27018,1.50,2.25
2012.04.20 05:15:58.745,1.26985,1.27019,2.55,1.50
2012.04.20 05:16:00.275,1.26985,1.27019,2.55,1.50
2012.04.20 05:16:00.462,1.26985,1.27018,1.80,2.25
2012.04.20 05:16:00.593,1.26982,1.27018,1.50,2.25
2012.04.20 05:16:00.723,1.26982,1.27018,1.50,4.05
2012.04.20 05:16:00.793,1.2698,1.27017,2.25,1.50
2012.04.20 05:16:00.923,1.26976,1.27014,1.14,1.50
2012.04.20 05:16:00.991,1.26975,1.27009,2.25,1.50
2012.04.20 05:16:02.171,1.26974,1.27014,1.50,3.75
2012.04.20 05:16:02.695,1.26974,1.27014,1.50,3.75
2012.04.20 05:16:03.232,1.26973,1.27011,1.89,1.50
2012.04.20 05:16:03.752,1.2697,1.2701,3.00,2.55
2012.04.20 05:16:04.412,1.2697,1.2701,3.00,2.55
2012.04.20 05:16:04.946,1.2697,1.2701,3.00,2.55
2012.04.20 05:16:05.073,1.26973,1.27009,1.50,2.25
2012.04.20 05:16:05.381,1.26977,1.27017,2.25,3.30
2012.04.20 05:16:05.453,1.26977,1.27017,2.25,3.30
2012.04.20 05:16:05.641,1.26977,1.27015,2.25,1.50
2012.04.20 05:16:05.892,1.26976,1.27011,1.14,1.80
2012.04.20 05:16:06.201,1.26974,1.27011,2.25,1.80
2012.04.20 05:16:06.952,1.26974,1.27011,2.25,2.55
2012.04.20 05:16:07.675,1.26974,1.27014,2.25,2.25
2012.04.20 05:16:07.744,1.26974,1.27014,2.25,1.50
2012.04.20 05:16:08.292,1.26972,1.27015,2.25,2.10
2012.04.20 05:16:08.421,1.26972,1.2701,2.64,1.80
2012.04.20 05:16:08.491,1.26972,1.2701,2.25,1.80
2012.04.20 05:16:09.816,1.26974,1.2701,2.25,2.55
2012.04.20 05:16:13.913,1.2697,1.2701,1.50,2.55
2012.04.20 05:16:18.352,1.26973,1.2701,1.50,2.55
2012.04.20 05:16:26.354,1.26968,1.2701,2.64,2.55
2012.04.20 05:16:30.732,1.26969,1.2701,1.14,2.55
2012.04.20 05:16:42.532,1.26969,1.2701,1.14,2.55
2012.04.20 05:16:45.744,1.26968,1.2701,2.64,2.55
2012.04.20 05:16:51.242,1.26972,1.27009,1.50,1.50
2012.04.20 05:16:51.788,1.26973,1.27011,1.14,1.80
2012.04.20 05:16:52.082,1.2697,1.27011,1.14,2.55
2012.04.20 05:16:54.351,1.26969,1.27011,2.64,2.55
2012.04.20 05:16:54.733,1.26979,1.27012,1.80,1.50
2012.04.20 05:16:55.347,1.26979,1.27012,3.30,1.50
2012.04.20 05:17:00.283,1.26979,1.27017,3.30,3.00
2012.04.20 05:17:01.163,1.26979,1.27017,3.30,3.00
2012.04.20 05:17:01.763,1.26971,1.27011,3.00,2.55
2012.04.20 05:17:02.413,1.26968,1.27008,1.14,2.25
2012.04.20 05:17:04.380,1.26967,1.27008,3.01,2.25
2012.04.20 05:17:29.622,1.26977,1.27011,1.50,2.55
2012.04.20 05:17:29.754,1.26986,1.27011,2.25,1.80
2012.04.20 05:17:29.882,1.26986,1.27011,1.50,1.80
2012.04.20 05:17:29.953,1.26991,1.27022,1.80,1.50
2012.04.20 05:17:30.022,1.26982,1.27022,1.05,1.50
2012.04.20 05:17:30.214,1.26987,1.27023,1.50,2.55
2012.04.20 05:17:30.343,1.26999,1.27036,2.55,1.50
2012.04.20 05:17:30.591,1.26999,1.27037,1.80,1.50
2012.04.20 05:17:30.792,1.26999,1.27037,1.80,1.50
2012.04.20 05:17:31.042,1.26999,1.27037,1.80,1.50
2012.04.20 05:17:32.743,1.26999,1.27037,2.55,1.50
2012.04.20 05:17:33.588,1.27001,1.27034,1.80,1.50
2012.04.20 05:17:36.571,1.27001,1.27034,2.55,1.50
2012.04.20 05:17:36.892,1.27001,1.27034,2.55,1.50
2012.04.20 05:17:37.323,1.27004,1.27034,1.14,1.50
2012.04.20 05:17:37.924,1.27003,1.27036,1.14,3.00
2012.04.20 05:17:38.654,1.27004,1.27036,1.14,3.00
2012.04.20 05:17:41.171,1.27003,1.27036,1.14,2.25
2012.04.20 05:17:41.244,1.27014,1.27036,1.05,1.50
2012.04.20 05:17:41.376,1.27025,1.27049,2.55,1.50
2012.04.20 05:17:41.514,1.27025,1.27048,1.80,1.50
2012.04.20 05:17:41.584,1.27006,1.27042,1.14,1.50
2012.04.20 05:17:41.902,1.27007,1.27036,1.50,1.50
2012.04.20 05:17:42.033,1.27007,1.27036,1.50,1.50
2012.04.20 05:17:45.814,1.27008,1.27042,1.50,2.25
2012.04.20 05:17:46.342,1.27007,1.27037,1.50,1.50
2012.04.20 05:17:46.692,1.2701,1.27037,1.50,1.50
2012.04.20 05:17:46.832,1.2701,1.27041,1.50,1.50
2012.04.20 05:17:47.573,1.2701,1.27043,3.30,1.50
2012.04.20 05:17:49.886,1.2701,1.27043,3.30,1.50
2012.04.20 05:17:49.958,1.27014,1.27045,1.05,1.50
2012.04.20 05:17:50.082,1.27014,1.27054,2.55,1.50
2012.04.20 05:17:50.614,1.27025,1.27056,2.55,1.50
2012.04.20 05:17:55.474,1.27025,1.27057,2.55,1.50
2012.04.20 05:18:00.682,1.27025,1.27056,1.80,1.50
2012.04.20 05:18:00.754,1.27025,1.27055,1.80,1.50
2012.04.20 05:18:00.823,1.27018,1.27055,1.14,3.00
2012.04.20 05:18:00.894,1.27016,1.27049,1.50,2.25
2012.04.20 05:18:01.023,1.2701,1.27048,3.30,1.50
2012.04.20 05:18:01.272,1.2701,1.27046,2.55,1.50
2012.04.20 05:18:04.463,1.2701,1.27045,2.55,2.25
2012.04.20 05:18:04.792,1.27014,1.27046,2.25,1.50
2012.04.20 05:18:04.925,1.27019,1.2705,1.80,1.50
2012.04.20 05:18:05.234,1.27019,1.2705,2.55,1.50
2012.04.20 05:18:05.765,1.27019,1.27051,2.55,1.50
2012.04.20 05:18:06.524,1.27019,1.27051,2.55,1.50
2012.04.20 05:18:08.033,1.27019,1.27049,1.80,1.50
2012.04.20 05:18:08.103,1.2701,1.27049,2.25,3.30
2012.04.20 05:18:08.232,1.2701,1.27049,2.25,3.30
2012.04.20 05:18:08.743,1.2701,1.27046,1.50,1.50
2012.04.20 05:18:09.571,1.2701,1.27046,1.50,1.50
2012.04.20 05:18:10.115,1.2701,1.27046,2.25,1.50
2012.04.20 05:18:13.115,1.27008,1.27043,2.25,1.50
2012.04.20 05:18:24.480,1.27011,1.27043,2.25,1.50
2012.04.20 05:18:26.228,1.27011,1.27043,4.05,1.50
2012.04.20 05:18:26.296,1.27015,1.27043,2.25,1.50
2012.04.20 05:18:27.244,1.27015,1.27044,2.25,1.50
2012.04.20 05:18:28.305,1.27015,1.27044,2.25,1.50
2012.04.20 05:18:33.632,1.27015,1.27045,2.25,1.50
2012.04.20 05:18:33.822,1.27005,1.27037,1.50,1.50
2012.04.20 05:18:34.093,1.27002,1.27036,1.50,1.50
2012.04.20 05:18:34.311,1.27002,1.27041,2.25,1.50
2012.04.20 05:18:34.860,1.27008,1.27045,2.55,1.50
2012.04.20 05:18:34.930,1.27008,1.27052,2.94,3.00
2012.04.20 05:18:35.001,1.27008,1.27045,2.55,1.50
2012.04.20 05:18:35.511,1.27008,1.27045,2.55,1.50
2012.04.20 05:18:37.162,1.27008,1.27047,2.55,1.50
2012.04.20 05:18:37.555,1.27007,1.27043,2.25,1.50
2012.04.20 05:18:38.212,1.27005,1.27043,1.50,1.50
2012.04.20 05:18:39.256,1.27005,1.27043,1.50,1.50
2012.04.20 05:18:43.192,1.27006,1.27043,2.25,2.25
2012.04.20 05:18:43.543,1.27011,1.27043,2.55,1.50
2012.04.20 05:18:44.034,1.27011,1.27045,2.55,1.50
2012.04.20 05:18:44.595,1.27014,1.27045,2.25,1.50
2012.04.20 05:18:54.157,1.27014,1.27047,2.25,1.50
2012.04.20 05:18:55.524,1.27014,1.27045,2.25,1.50
2012.04.20 05:18:55.592,1.27014,1.27047,2.25,1.50
2012.04.20 05:19:00.789,1.27014,1.27047,2.25,1.50
2012.04.20 05:19:01.412,1.27014,1.27046,1.50,1.50
2012.04.20 05:19:04.702,1.27014,1.27049,2.25,1.50
2012.04.20 05:19:04.770,1.27016,1.27049,1.80,1.50
2012.04.20 05:19:05.092,1.27014,1.27049,2.25,1.50
2012.04.20 05:19:17.700,1.27013,1.27044,2.25,1.50
2012.04.20 05:19:24.391,1.27013,1.27046,2.25,1.50
2012.04.20 05:19:25.067,1.27013,1.27047,2.25,2.25
2012.04.20 05:19:28.407,1.27013,1.27047,2.25,2.25
2012.04.20 05:19:30.373,1.27013,1.27047,2.25,1.50
2012.04.20 05:19:30.745,1.27013,1.2705,1.50,1.50
2012.04.20 05:19:30.813,1.27019,1.27053,1.50,1.50
2012.04.20 05:19:31.124,1.27013,1.2705,1.89,2.55
2012.04.20 05:19:31.920,1.27013,1.2705,1.89,2.55
2012.04.20 05:19:34.680,1.27013,1.27049,1.89,1.50
2012.04.20 05:19:35.222,1.27013,1.27049,1.50,2.25
2012.04.20 05:19:38.411,1.27013,1.27045,1.50,1.80
2012.04.20 05:19:38.483,1.27013,1.27049,2.25,1.50
2012.04.20 05:19:38.984,1.27013,1.27049,1.50,2.25
2012.04.20 05:19:43.461,1.27013,1.27049,1.50,1.50
2012.04.20 05:19:43.532,1.27013,1.2705,2.25,1.50
2012.04.20 05:19:44.020,1.27013,1.27049,1.50,1.50
2012.04.20 05:19:44.097,1.27015,1.27049,1.50,1.50
2012.04.20 05:19:44.641,1.27011,1.2705,2.93,1.50
2012.04.20 05:19:44.710,1.27011,1.2705,3.68,1.50
2012.04.20 05:19:44.841,1.27011,1.2705,3.68,1.50
2012.04.20 05:19:44.909,1.27011,1.27051,3.68,1.50
2012.04.20 05:19:45.373,1.27016,1.27051,2.25,1.50
2012.04.20 05:19:45.742,1.2701,1.27049,1.14,1.50
2012.04.20 05:19:45.811,1.27009,1.27048,1.50,1.50
2012.04.20 05:19:46.122,1.27016,1.27048,1.50,1.50
2012.04.20 05:19:46.193,1.2701,1.27048,2.25,1.50
2012.04.20 05:19:47.181,1.27011,1.27046,1.50,1.50
2012.04.20 05:19:48.952,1.27011,1.27049,1.50,1.50
2012.04.20 05:19:52.151,1.27011,1.27049,1.50,1.50
2012.04.20 05:19:52.693,1.27011,1.27049,1.50,1.50
2012.04.20 05:19:53.774,1.27011,1.27049,1.50,1.50
2012.04.20 05:19:54.562,1.27011,1.27049,1.50,1.50
2012.04.20 05:19:56.910,1.27011,1.27049,1.50,1.50
2012.04.20 05:19:57.794,1.27011,1.27049,1.50,1.50
2012.04.20 05:19:58.672,1.27011,1.27049,1.50,1.50
2012.04.20 05:20:02.998,1.27011,1.27047,1.50,1.50
2012.04.20 05:20:13.410,1.27012,1.27049,1.13,2.25
2012.04.20 05:20:13.541,1.27012,1.27049,1.13,2.25
2012.04.20 05:20:14.043,1.27012,1.27049,1.88,1.50
2012.04.20 05:20:14.119,1.27018,1.2705,1.50,1.50
2012.04.20 05:20:14.266,1.27018,1.2705,2.25,1.50
2012.04.20 05:20:14.336,1.27018,1.2705,1.50,1.50
2012.04.20 05:20:14.597,1.27017,1.2705,1.88,1.50
2012.04.20 05:20:14.844,1.27025,1.27054,2.25,1.50
2012.04.20 05:20:15.155,1.27036,1.27058,1.80,1.50
2012.04.20 05:20:15.482,1.27027,1.27061,2.26,1.50
2012.04.20 05:20:15.553,1.27032,1.27061,1.13,1.50
2012.04.20 05:20:15.624,1.27027,1.27061,3.01,1.50
2012.04.20 05:20:15.753,1.27027,1.27061,2.25,1.50
2012.04.20 05:20:16.472,1.27028,1.27062,1.50,1.50
2012.04.20 05:20:20.043,1.27027,1.27059,1.51,1.50
2012.04.20 05:20:20.680,1.27027,1.27061,1.51,1.50
2012.04.20 05:20:21.201,1.27028,1.27061,1.50,1.50
2012.04.20 05:20:21.881,1.27028,1.27061,1.50,2.25
2012.04.20 05:20:22.645,1.27028,1.27061,1.50,2.25
2012.04.20 05:20:23.196,1.27025,1.27059,1.13,1.50
2012.04.20 05:20:25.009,1.27024,1.27056,1.88,1.50
2012.04.20 05:20:25.084,1.27024,1.27056,1.50,1.50
2012.04.20 05:20:25.153,1.27022,1.27051,1.50,1.80
2012.04.20 05:20:25.413,1.27016,1.27051,1.14,1.80
2012.04.20 05:20:25.603,1.27018,1.27054,2.25,2.55
2012.04.20 05:20:27.445,1.27018,1.27054,2.25,2.55
2012.04.20 05:20:28.134,1.27018,1.27056,1.50,1.50
2012.04.20 05:20:28.209,1.27018,1.27054,1.50,1.80
2012.04.20 05:20:28.343,1.27018,1.27056,1.50,1.50
2012.04.20 05:20:29.061,1.2702,1.27059,2.25,1.50
2012.04.20 05:20:32.349,1.27023,1.27057,1.50,1.50
2012.04.20 05:20:32.481,1.27023,1.27056,1.89,1.50
2012.04.20 05:20:35.521,1.2702,1.27054,1.89,1.80
2012.04.20 05:20:36.161,1.2702,1.27054,2.64,1.80
2012.04.20 05:20:36.238,1.27018,1.27057,1.14,2.25
2012.04.20 05:20:37.172,1.27018,1.27057,1.14,4.05
2012.04.20 05:20:37.242,1.27018,1.27057,1.14,4.05
2012.04.20 05:20:37.897,1.27021,1.27059,1.89,1.50
2012.04.20 05:20:38.323,1.27021,1.27058,3.69,1.50
2012.04.20 05:20:38.762,1.27018,1.27055,1.14,1.80
2012.04.20 05:20:39.013,1.27018,1.27055,1.14,3.30
2012.04.20 05:20:39.142,1.27018,1.27052,1.14,1.80
2012.04.20 05:20:39.213,1.27014,1.27052,1.89,2.55
2012.04.20 05:20:39.952,1.27014,1.27052,1.50,3.30
2012.04.20 05:20:40.515,1.27013,1.27045,1.14,1.80
2012.04.20 05:20:40.582,1.27012,1.27051,1.14,2.55
2012.04.20 05:20:41.122,1.27014,1.27051,1.50,2.55
2012.04.20 05:20:41.312,1.27014,1.27049,1.50,1.80
2012.04.20 05:20:41.841,1.27012,1.27049,1.14,1.80
2012.04.20 05:20:45.786,1.27013,1.27044,2.25,1.80
2012.04.20 05:20:46.043,1.27016,1.27051,1.50,2.55
2012.04.20 05:20:46.112,1.27014,1.27051,1.50,2.55
2012.04.20 05:20:46.454,1.27014,1.27051,1.89,2.55
2012.04.20 05:20:46.783,1.27014,1.27051,1.89,2.55
2012.04.20 05:20:48.243,1.27013,1.27051,2.64,2.55
2012.04.20 05:20:48.803,1.27013,1.27051,1.14,2.55
2012.04.20 05:20:49.443,1.27016,1.27051,1.89,2.55
2012.04.20 05:20:50.281,1.27016,1.27051,1.89,2.55
2012.04.20 05:20:50.844,1.27016,1.27051,1.89,2.55
2012.04.20 05:20:52.283,1.27016,1.27051,1.89,2.55
2012.04.20 05:20:52.412,1.27016,1.27056,1.14,2.25
2012.04.20 05:20:52.723,1.27021,1.27059,1.50,1.50
2012.04.20 05:20:55.132,1.27021,1.27059,2.25,1.50
2012.04.20 05:20:55.332,1.27025,1.27059,1.50,1.50
2012.04.20 05:20:58.983,1.27025,1.27057,1.50,1.50
2012.04.20 05:20:59.174,1.27019,1.27047,1.89,1.80
2012.04.20 05:21:00.324,1.27019,1.27047,1.89,1.80
2012.04.20 05:21:00.934,1.27019,1.27047,1.50,1.80
2012.04.20 05:21:02.242,1.27019,1.27047,2.64,1.80
2012.04.20 05:21:02.372,1.27022,1.27055,1.89,2.55
2012.04.20 05:21:02.501,1.27025,1.27055,1.50,2.55
2012.04.20 05:21:05.883,1.27025,1.27062,1.50,1.50
2012.04.20 05:21:06.425,1.27029,1.27062,1.50,1.50
2012.04.20 05:21:12.991,1.27029,1.27062,1.50,1.50
2012.04.20 05:21:13.165,1.27029,1.27062,2.25,1.50
2012.04.20 05:21:13.303,1.27039,1.27063,1.50,1.50
2012.04.20 05:21:13.851,1.27039,1.27063,1.50,1.50
2012.04.20 05:21:14.155,1.27034,1.27062,1.89,1.50
2012.04.20 05:21:14.534,1.2704,1.27063,1.89,1.50
2012.04.20 05:21:15.076,1.2704,1.27065,1.89,1.12
2012.04.20 05:21:16.792,1.2704,1.27066,1.89,1.87
2012.04.20 05:21:18.762,1.2704,1.27065,1.89,1.12
2012.04.20 05:21:24.502,1.27035,1.27066,1.89,1.87
2012.04.20 05:21:26.203,1.27035,1.27065,1.89,1.12
2012.04.20 05:21:32.782,1.27035,1.27066,1.89,1.87
2012.04.20 05:21:34.531,1.27035,1.27065,1.89,1.12
2012.04.20 05:21:37.963,1.2704,1.27066,1.14,1.87
2012.04.20 05:21:44.463,1.2704,1.27065,1.14,1.12
2012.04.20 05:21:55.811,1.2704,1.27066,1.14,1.87
2012.04.20 05:22:01.768,1.2704,1.27065,1.14,1.12
2012.04.20 05:22:02.656,1.2704,1.27066,1.14,1.50
2012.04.20 05:22:03.658,1.27039,1.27074,2.25,1.50
2012.04.20 05:22:04.573,1.2704,1.27066,1.14,1.50
2012.04.20 05:22:06.207,1.2704,1.27066,1.14,1.50
2012.04.20 05:22:06.932,1.2704,1.27066,1.14,1.50
2012.04.20 05:22:09.424,1.27039,1.27066,2.64,1.50
2012.04.20 05:22:11.704,1.27039,1.27066,1.14,1.50
2012.04.20 05:22:19.742,1.27043,1.27066,1.14,1.50
2012.04.20 05:22:23.282,1.27038,1.27066,1.14,1.50
2012.04.20 05:22:23.821,1.27038,1.27066,1.14,1.50
2012.04.20 05:22:24.581,1.27038,1.27066,1.14,1.50
2012.04.20 05:22:27.190,1.27044,1.27066,1.14,1.50
2012.04.20 05:22:27.982,1.27043,1.27066,1.14,1.50
2012.04.20 05:22:35.831,1.27044,1.27066,1.14,1.50
2012.04.20 05:22:36.332,1.27044,1.27072,1.14,1.50
2012.04.20 05:22:36.581,1.27043,1.27073,1.14,1.50
2012.04.20 05:22:37.460,1.27045,1.27073,1.50,1.50
2012.04.20 05:22:37.962,1.27043,1.27073,1.14,1.50
2012.04.20 05:22:38.602,1.27044,1.27073,1.89,1.50
2012.04.20 05:22:39.143,1.27044,1.27073,1.89,1.50
2012.04.20 05:22:40.191,1.27044,1.27072,1.89,1.50
2012.04.20 05:22:41.952,1.27044,1.27072,1.89,1.50
2012.04.20 05:22:42.732,1.27038,1.27072,1.51,1.50
2012.04.20 05:22:43.394,1.27043,1.27073,1.14,1.50
2012.04.20 05:22:53.472,1.27043,1.27073,1.14,1.50
2012.04.20 05:22:53.972,1.27044,1.27073,2.64,1.50
2012.04.20 05:22:54.225,1.27044,1.27073,1.89,1.50
2012.04.20 05:23:04.654,1.27041,1.27072,1.14,1.50
2012.04.20 05:23:08.873,1.27041,1.27073,1.89,1.50
2012.04.20 05:23:12.812,1.27041,1.27072,1.89,1.50
2012.04.20 05:23:15.524,1.27045,1.27073,2.55,1.50
2012.04.20 05:23:15.652,1.27045,1.27072,2.19,1.50
2012.04.20 05:23:15.794,1.27041,1.27063,1.50,1.80
2012.04.20 05:23:16.264,1.27032,1.27063,1.89,1.80
2012.04.20 05:23:16.339,1.27029,1.27058,1.89,1.80
2012.04.20 05:23:16.876,1.27029,1.27058,1.89,1.80
2012.04.20 05:23:17.239,1.27029,1.27058,1.89,1.80
2012.04.20 05:23:18.232,1.27029,1.27058,1.89,1.80
2012.04.20 05:23:18.975,1.27025,1.27058,1.89,1.80
2012.04.20 05:23:19.472,1.27025,1.27064,1.50,3.00
2012.04.20 05:23:19.548,1.27027,1.27063,1.89,1.80
2012.04.20 05:23:22.564,1.27027,1.27067,1.89,3.30
2012.04.20 05:23:23.684,1.27027,1.27067,1.89,2.55
2012.04.20 05:23:24.193,1.27031,1.27067,1.89,2.55
2012.04.20 05:23:25.615,1.27027,1.27067,1.89,2.55
2012.04.20 05:23:26.218,1.27027,1.27067,1.89,3.30
2012.04.20 05:23:27.062,1.27027,1.27067,1.89,3.30
2012.04.20 05:23:27.625,1.27025,1.27066,1.14,2.25
2012.04.20 05:23:29.073,1.27025,1.27066,1.14,2.25
2012.04.20 05:23:34.010,1.27025,1.27066,1.14,2.25
2012.04.20 05:23:34.542,1.27025,1.27066,1.14,4.80
2012.04.20 05:23:37.551,1.27028,1.27066,1.89,1.50
2012.04.20 05:23:41.161,1.27028,1.27067,1.89,1.50
2012.04.20 05:23:44.501,1.27025,1.27066,1.14,1.50
2012.04.20 05:23:46.174,1.27027,1.27066,1.14,1.50
2012.04.20 05:23:47.873,1.27027,1.27067,1.14,1.50
2012.04.20 05:23:48.202,1.27042,1.27068,1.50,1.13
2012.04.20 05:23:48.815,1.27049,1.27073,2.94,1.50
2012.04.20 05:23:48.889,1.27035,1.27075,1.14,3.37
2012.04.20 05:23:49.082,1.27031,1.27072,1.14,2.25
2012.04.20 05:23:49.332,1.27031,1.27072,1.14,2.25
2012.04.20 05:23:50.212,1.27029,1.2707,1.89,1.50
2012.04.20 05:23:51.641,1.27031,1.27069,1.50,1.50
2012.04.20 05:23:53.583,1.27042,1.27074,1.80,1.87
2012.04.20 05:23:53.834,1.27039,1.27069,1.50,2.25
2012.04.20 05:23:53.901,1.27035,1.27069,2.18,2.25
2012.04.20 05:23:54.031,1.27034,1.27069,2.25,4.05
2012.04.20 05:23:54.164,1.27029,1.27069,1.44,4.05
2012.04.20 05:23:54.292,1.27029,1.27066,1.44,1.80
2012.04.20 05:23:54.901,1.27029,1.27066,1.14,1.80
2012.04.20 05:23:55.422,1.27029,1.27065,1.14,1.50
2012.04.20 05:23:55.936,1.27029,1.27066,1.14,1.80
2012.04.20 05:23:56.558,1.27029,1.27066,1.14,1.80
2012.04.20 05:23:59.241,1.27029,1.27066,1.14,1.80
2012.04.20 05:24:26.821,1.2703,1.27066,1.14,1.80
2012.04.20 05:24:44.753,1.2703,1.2706,1.14,1.50
2012.04.20 05:24:44.881,1.27029,1.27063,1.14,1.50
2012.04.20 05:24:45.011,1.27029,1.27066,1.14,1.80
2012.04.20 05:24:50.732,1.2703,1.27066,1.14,1.80
2012.04.20 05:24:51.244,1.2703,1.27066,1.14,1.80
2012.04.20 05:24:51.781,1.27028,1.27066,1.14,1.80
2012.04.20 05:25:04.344,1.2703,1.27066,1.50,1.80
2012.04.20 05:25:04.532,1.27033,1.27069,1.14,1.50
2012.04.20 05:25:05.083,1.27033,1.2707,1.14,3.30
2012.04.20 05:25:06.212,1.27033,1.2707,1.14,3.30
2012.04.20 05:25:16.250,1.27031,1.2707,1.14,3.30
2012.04.20 05:25:19.160,1.27031,1.2707,1.14,3.30
2012.04.20 05:25:19.412,1.2703,1.2707,2.64,2.55
2012.04.20 05:25:19.483,1.2703,1.2707,2.64,2.55
2012.04.20 05:25:49.383,1.27031,1.27069,1.14,1.13
2012.04.20 05:25:53.581,1.27031,1.2707,1.14,5.55
2012.04.20 05:25:54.561,1.2703,1.2707,1.14,4.05
2012.04.20 05:26:00.650,1.2703,1.2707,1.14,4.05
2012.04.20 05:26:01.171,1.27029,1.2707,1.14,4.80
2012.04.20 05:26:01.680,1.27029,1.2707,1.14,4.05
2012.04.20 05:26:02.713,1.2703,1.27069,1.14,1.50
2012.04.20 05:26:03.032,1.27033,1.27074,2.64,2.25
2012.04.20 05:26:03.483,1.27034,1.27073,1.14,1.50
2012.04.20 05:26:03.613,1.27032,1.27069,1.14,2.25
2012.04.20 05:26:04.563,1.27033,1.27069,1.14,1.50
2012.04.20 05:26:10.931,1.27038,1.27064,2.55,1.50
2012.04.20 05:26:11.555,1.27038,1.27074,2.55,3.00
2012.04.20 05:26:12.492,1.27039,1.27073,1.14,1.50
2012.04.20 05:26:14.916,1.27043,1.27074,2.55,2.25
2012.04.20 05:26:15.574,1.27043,1.27076,2.94,1.50
2012.04.20 05:26:16.614,1.27043,1.27076,2.94,1.50
2012.04.20 05:26:16.983,1.27047,1.27075,1.14,1.50
2012.04.20 05:26:19.472,1.27047,1.27076,1.14,1.50
2012.04.20 05:26:19.544,1.27047,1.27076,1.14,1.50
2012.04.20 05:26:20.413,1.27051,1.27077,2.55,1.87
2012.04.20 05:26:21.729,1.27051,1.27077,2.55,1.50
2012.04.20 05:26:22.401,1.27051,1.27077,2.55,1.50
2012.04.20 05:26:22.727,1.27051,1.27076,2.55,2.25
2012.04.20 05:26:22.793,1.27051,1.27076,1.80,1.50
2012.04.20 05:26:22.864,1.27046,1.27076,1.14,1.50
2012.04.20 05:26:22.935,1.27046,1.27077,1.14,1.50
2012.04.20 05:26:23.005,1.27046,1.27077,1.14,1.50
2012.04.20 05:26:23.275,1.27042,1.27077,1.80,1.50
2012.04.20 05:26:23.472,1.27043,1.27076,1.50,1.50
2012.04.20 05:26:25.046,1.2704,1.27076,2.40,1.50
2012.04.20 05:26:30.393,1.27043,1.27077,1.50,1.50
2012.04.20 05:26:30.641,1.27037,1.27076,1.14,1.50
2012.04.20 05:26:31.382,1.27037,1.27077,1.14,1.50
2012.04.20 05:26:32.064,1.27037,1.27076,1.14,1.50
2012.04.20 05:26:32.631,1.2704,1.27076,1.50,1.50
2012.04.20 05:26:32.703,1.2704,1.27076,2.25,1.50
2012.04.20 05:26:32.774,1.2704,1.27077,2.25,1.50
2012.04.20 05:26:41.092,1.27045,1.27077,1.50,1.50
2012.04.20 05:26:41.403,1.27042,1.27077,2.55,1.50
2012.04.20 05:26:46.992,1.27042,1.27076,2.19,1.50
2012.04.20 05:26:47.124,1.27046,1.27077,1.50,1.50
2012.04.20 05:26:47.431,1.27043,1.27077,2.55,1.50
2012.04.20 05:26:48.171,1.27043,1.27077,2.55,1.50
2012.04.20 05:26:55.570,1.27046,1.27077,1.14,1.50
2012.04.20 05:26:56.036,1.27044,1.27077,1.89,1.50
2012.04.20 05:26:57.394,1.27046,1.27077,1.14,1.50
2012.04.20 05:26:58.893,1.27046,1.27077,1.14,1.50
2012.04.20 05:26:59.253,1.27042,1.27076,2.19,1.50
2012.04.20 05:26:59.446,1.27042,1.27076,1.14,1.50
2012.04.20 05:26:59.983,1.27037,1.27077,1.14,3.30
2012.04.20 05:27:00.615,1.27037,1.27076,1.14,1.50
2012.04.20 05:27:01.723,1.27042,1.27077,1.14,3.30
2012.04.20 05:27:02.198,1.27043,1.27076,2.94,1.50
2012.04.20 05:27:04.335,1.27048,1.27077,1.14,1.50
2012.04.20 05:27:05.271,1.27047,1.27076,1.14,1.50
2012.04.20 05:27:06.321,1.27047,1.27077,1.14,1.50
2012.04.20 05:27:07.131,1.27047,1.27077,1.14,1.50
2012.04.20 05:27:22.791,1.27046,1.27078,1.14,1.50
2012.04.20 05:27:23.492,1.27043,1.27079,2.94,1.12
2012.04.20 05:27:45.752,1.2705,1.27078,1.89,1.12
2012.04.20 05:27:49.705,1.27044,1.27079,1.89,1.12
2012.04.20 05:27:50.356,1.27043,1.27078,2.19,1.12
2012.04.20 05:27:50.543,1.27055,1.27078,1.89,1.12
2012.04.20 05:27:51.222,1.27055,1.27078,1.14,1.12
2012.04.20 05:27:53.902,1.27055,1.27078,1.14,1.12
2012.04.20 05:27:54.271,1.27055,1.27078,1.14,1.87
2012.04.20 05:27:55.025,1.27055,1.27078,2.94,1.87
2012.04.20 05:27:55.926,1.27055,1.27078,2.55,1.50
2012.04.20 05:27:57.984,1.27055,1.27078,2.55,1.50
2012.04.20 05:27:58.236,1.27055,1.27078,2.94,1.87
2012.04.20 05:27:59.632,1.27055,1.27078,1.14,1.12
2012.04.20 05:28:00.184,1.27054,1.27079,1.14,1.12
2012.04.20 05:28:04.583,1.27055,1.27078,1.14,1.12
2012.04.20 05:28:13.811,1.27055,1.27078,1.14,1.12
2012.04.20 05:28:14.161,1.27055,1.27078,1.14,1.12
2012.04.20 05:28:14.703,1.27055,1.27079,2.25,1.12
2012.04.20 05:28:21.611,1.27055,1.27079,2.25,1.12
2012.04.20 05:28:21.682,1.27055,1.27079,2.25,1.12
2012.04.20 05:28:22.751,1.27054,1.27079,1.14,1.12
2012.04.20 05:28:25.615,1.27054,1.27079,2.64,1.12
2012.04.20 05:28:26.123,1.27056,1.27079,2.55,1.12
2012.04.20 05:28:26.657,1.2706,1.27078,2.25,1.12
2012.04.20 05:28:26.904,1.27063,1.27078,2.55,1.12
2012.04.20 05:28:27.840,1.27063,1.27078,2.55,1.12
2012.04.20 05:28:27.973,1.27063,1.27078,2.55,1.12
2012.04.20 05:28:28.942,1.27063,1.27079,2.55,1.12
2012.04.20 05:28:30.393,1.27063,1.27079,4.44,1.12
2012.04.20 05:28:34.853,1.27063,1.2708,3.30,1.12
2012.04.20 05:28:34.924,1.27063,1.271,4.05,1.13
2012.04.20 05:28:35.266,1.27064,1.27079,1.14,1.12
2012.04.20 05:28:35.396,1.27069,1.27079,1.80,1.12
2012.04.20 05:28:35.773,1.27073,1.2708,1.50,1.12
2012.04.20 05:28:36.199,1.27066,1.2708,2.25,1.12
2012.04.20 05:28:36.743,1.27066,1.27079,2.40,1.12
2012.04.20 05:28:37.428,1.27066,1.2708,2.25,1.12
2012.04.20 05:28:45.625,1.27066,1.27079,2.25,1.12
2012.04.20 05:28:46.284,1.27066,1.2708,1.50,1.12
2012.04.20 05:28:49.013,1.27066,1.27079,1.50,1.12
2012.04.20 05:28:49.637,1.27066,1.2708,1.50,1.12
2012.04.20 05:28:50.242,1.27064,1.2708,1.50,1.12
2012.04.20 05:28:50.965,1.27064,1.27079,1.50,1.12
2012.04.20 05:28:52.952,1.27063,1.2708,1.50,1.12
2012.04.20 05:28:53.942,1.27064,1.27079,1.50,1.12
2012.04.20 05:28:55.005,1.27065,1.2708,1.50,1.12
2012.04.20 05:28:55.495,1.27067,1.2708,3.30,1.12
2012.04.20 05:28:55.743,1.27065,1.27079,1.50,1.12
2012.04.20 05:28:55.934,1.27066,1.27079,1.50,1.12
2012.04.20 05:28:57.132,1.27067,1.27084,2.55,1.12
2012.04.20 05:28:57.682,1.27067,1.27089,2.55,1.66
2012.04.20 05:28:58.041,1.27067,1.27103,2.55,1.50
2012.04.20 05:28:58.113,1.27067,1.27089,2.55,1.66
2012.04.20 05:28:58.657,1.27067,1.27089,1.80,1.66
2012.04.20 05:28:59.118,1.27067,1.27095,2.18,1.66
2012.04.20 05:28:59.200,1.27072,1.27098,2.55,1.50
2012.04.20 05:28:59.396,1.27068,1.27099,1.13,1.50
2012.04.20 05:28:59.465,1.27065,1.27099,1.13,1.50
2012.04.20 05:29:01.049,1.27065,1.27095,1.88,1.50
2012.04.20 05:29:02.183,1.27065,1.27095,1.88,1.50
2012.04.20 05:29:02.732,1.27065,1.27092,1.88,1.50
2012.04.20 05:29:06.369,1.27065,1.27093,1.13,2.25
2012.04.20 05:29:06.935,1.27065,1.27089,1.13,1.50
2012.04.20 05:29:15.705,1.27065,1.2709,1.13,1.50
2012.04.20 05:29:18.961,1.27065,1.27089,1.13,1.50
2012.04.20 05:29:29.653,1.27057,1.27089,1.50,1.50
2012.04.20 05:29:29.904,1.27048,1.27085,2.70,1.50
2012.04.20 05:29:30.456,1.27053,1.27085,1.50,1.50
2012.04.20 05:29:31.067,1.27053,1.27084,1.50,1.50
2012.04.20 05:29:32.502,1.27049,1.27084,2.25,1.50
2012.04.20 05:29:38.912,1.2705,1.27084,2.25,1.50
2012.04.20 05:29:39.536,1.27053,1.27086,2.25,1.50
2012.04.20 05:29:40.206,1.27053,1.27088,1.50,1.50
2012.04.20 05:29:42.474,1.27053,1.27089,2.25,1.50
2012.04.20 05:29:42.664,1.2706,1.27089,1.80,1.50
2012.04.20 05:29:42.853,1.27053,1.27084,1.89,2.55
2012.04.20 05:29:42.987,1.27057,1.27091,1.50,1.20
2012.04.20 05:29:43.113,1.27053,1.27086,1.50,1.50
2012.04.20 05:29:43.426,1.27048,1.27085,2.25,1.50
2012.04.20 05:29:44.255,1.27052,1.27086,1.50,1.50
2012.04.20 05:29:45.640,1.27052,1.27084,1.50,1.50
2012.04.20 05:29:45.714,1.27048,1.27084,1.50,1.50
2012.04.20 05:29:46.244,1.27048,1.27084,1.50,1.50
2012.04.20 05:29:47.994,1.27048,1.27084,2.25,1.50
2012.04.20 05:29:54.702,1.27046,1.27084,1.50,1.50
2012.04.20 05:29:55.235,1.27046,1.27084,1.50,1.50
2012.04.20 05:29:57.473,1.27048,1.27084,1.50,1.50
2012.04.20 05:29:59.063,1.27048,1.27084,1.50,2.25
2012.04.20 05:29:59.220,1.27044,1.27083,2.25,2.55
2012.04.20 05:29:59.733,1.27046,1.27083,1.50,2.55
2012.04.20 05:29:59.806,1.27047,1.27083,1.50,2.55
2012.04.20 05:30:00.363,1.27047,1.27084,1.50,1.50
2012.04.20 05:30:01.141,1.27051,1.27084,1.50,1.50
2012.04.20 05:30:01.477,1.27052,1.27087,1.50,2.55
2012.04.20 05:30:01.757,1.27051,1.27085,1.50,1.50
2012.04.20 05:30:02.494,1.27051,1.27085,1.50,1.50
2012.04.20 05:30:04.336,1.27051,1.27085,1.50,1.50
2012.04.20 05:30:04.863,1.27051,1.27085,1.50,1.50
2012.04.20 05:30:05.455,1.27049,1.27085,1.50,1.50
2012.04.20 05:30:11.362,1.27051,1.27085,1.50,1.50
2012.04.20 05:30:11.433,1.27048,1.27085,2.25,1.50
2012.04.20 05:30:12.015,1.27046,1.27085,1.50,1.50
2012.04.20 05:30:12.586,1.27046,1.27085,1.50,1.50
2012.04.20 05:30:14.954,1.27046,1.27085,1.50,1.50
2012.04.20 05:30:18.408,1.27045,1.27085,4.80,1.50
2012.04.20 05:30:38.281,1.27046,1.27085,1.50,1.50
2012.04.20 05:30:42.151,1.27046,1.27085,1.50,1.50
2012.04.20 05:30:45.751,1.27046,1.27085,1.50,1.50
2012.04.20 05:30:47.223,1.27045,1.27085,4.05,1.50
2012.04.20 05:30:47.412,1.2705,1.27083,1.50,2.55
2012.04.20 05:30:53.491,1.2705,1.27083,1.50,2.55
2012.04.20 05:30:54.154,1.2705,1.27083,1.50,2.55
2012.04.20 05:30:54.664,1.2705,1.27083,1.50,2.55
2012.04.20 05:31:00.402,1.2705,1.27082,1.50,1.50
2012.04.20 05:31:16.246,1.2705,1.27083,2.25,2.55
2012.04.20 05:31:16.874,1.27053,1.27086,1.50,1.50
2012.04.20 05:32:00.452,1.27053,1.27091,1.50,1.50
2012.04.20 05:32:01.042,1.27053,1.27092,1.50,1.50
2012.04.20 05:32:01.172,1.2705,1.27089,1.50,2.25
2012.04.20 05:32:01.246,1.2705,1.27089,1.50,3.00
2012.04.20 05:32:01.314,1.27041,1.27083,4.05,2.25
2012.04.20 05:32:01.442,1.27041,1.27079,4.05,1.50
2012.04.20 05:32:01.754,1.2705,1.2708,1.50,1.50
2012.04.20 05:32:01.823,1.27045,1.2708,1.50,1.50
2012.04.20 05:32:06.456,1.27042,1.27079,1.50,1.50
2012.04.20 05:32:06.527,1.27053,1.27079,1.50,1.50
2012.04.20 05:32:06.772,1.27049,1.2708,1.50,1.50
2012.04.20 05:32:47.535,1.27045,1.27079,1.50,1.50
2012.04.20 05:32:47.603,1.27045,1.27079,2.25,1.50
2012.04.20 05:32:47.676,1.27043,1.27079,1.50,1.50
2012.04.20 05:32:47.922,1.27043,1.27079,2.25,1.50
2012.04.20 05:32:48.114,1.27043,1.27079,2.25,1.50
2012.04.20 05:32:49.104,1.27044,1.27083,1.14,1.50
2012.04.20 05:32:49.237,1.27043,1.27084,1.89,1.50
2012.04.20 05:32:49.377,1.27049,1.27084,1.50,1.50
2012.04.20 05:32:49.853,1.27053,1.27084,1.50,1.50
2012.04.20 05:32:50.913,1.27048,1.27084,1.50,1.50
2012.04.20 05:32:51.057,1.27048,1.27084,2.25,1.50
2012.04.20 05:32:51.565,1.27044,1.27083,1.14,3.00
2012.04.20 05:33:02.306,1.27041,1.2708,4.44,1.50
2012.04.20 05:33:03.047,1.27041,1.27081,2.25,1.50
2012.04.20 05:33:03.641,1.27041,1.27081,2.25,1.50
2012.04.20 05:33:03.815,1.27041,1.27081,2.25,1.50
2012.04.20 05:33:04.161,1.27041,1.27081,2.25,1.50
2012.04.20 05:33:04.425,1.27041,1.27081,1.50,1.50
2012.04.20 05:33:04.733,1.27048,1.27077,1.50,1.50
2012.04.20 05:33:04.863,1.27048,1.27079,1.50,1.50
2012.04.20 05:33:04.934,1.27043,1.27077,1.50,1.50
2012.04.20 05:33:05.063,1.27047,1.27081,1.50,1.50
2012.04.20 05:33:05.493,1.27047,1.27081,1.50,1.50
2012.04.20 05:33:05.578,1.27047,1.27081,1.50,1.50
2012.04.20 05:33:05.797,1.27047,1.27081,1.50,1.50
2012.04.20 05:33:06.363,1.27047,1.27081,1.50,1.50
2012.04.20 05:33:07.272,1.27047,1.27078,1.50,1.50
2012.04.20 05:33:07.403,1.27047,1.27081,1.50,1.50
2012.04.20 05:33:07.886,1.27047,1.27081,1.50,1.50
2012.04.20 05:33:08.571,1.27047,1.27078,1.50,1.50
2012.04.20 05:33:08.702,1.27047,1.27081,1.50,1.50
2012.04.20 05:33:09.226,1.27047,1.27081,1.50,1.50
2012.04.20 05:33:09.397,1.27047,1.27081,1.50,1.50
2012.04.20 05:33:09.701,1.27047,1.27081,1.50,1.50
2012.04.20 05:33:10.024,1.27047,1.27081,1.50,1.50
2012.04.20 05:33:10.331,1.27047,1.27077,1.50,1.50
2012.04.20 05:33:10.703,1.27047,1.27081,1.50,1.50
2012.04.20 05:33:11.343,1.27047,1.27081,1.50,1.50
2012.04.20 05:33:11.413,1.27047,1.27081,1.50,1.50
2012.04.20 05:33:11.642,1.27047,1.27081,1.50,1.50
2012.04.20 05:33:12.071,1.27047,1.27081,1.50,1.50
2012.04.20 05:33:12.585,1.27044,1.27078,1.50,1.50
2012.04.20 05:33:12.796,1.27044,1.27078,1.50,1.50
2012.04.20 05:33:13.151,1.27044,1.27078,1.50,1.50
2012.04.20 05:33:13.462,1.27048,1.27081,1.50,1.50
2012.04.20 05:33:13.531,1.27045,1.27081,1.50,1.50
2012.04.20 05:33:13.922,1.27045,1.27081,1.50,1.50
2012.04.20 05:33:14.172,1.27045,1.27081,1.50,1.50
2012.04.20 05:33:14.556,1.27045,1.27081,1.50,1.50
2012.04.20 05:33:15.326,1.27045,1.27076,1.50,1.50
2012.04.20 05:33:15.701,1.27045,1.2708,1.50,1.50
2012.04.20 05:33:16.141,1.27045,1.27079,1.50,1.50
2012.04.20 05:33:17.003,1.27045,1.27076,1.50,1.50
2012.04.20 05:33:17.133,1.27049,1.27075,1.50,1.50
2012.04.20 05:33:17.482,1.27049,1.27082,1.50,1.50
2012.04.20 05:33:17.903,1.27049,1.27082,1.50,1.50
2012.04.20 05:33:18.222,1.27049,1.27082,1.50,1.50
2012.04.20 05:33:18.542,1.27049,1.27082,1.50,1.50
2012.04.20 05:33:18.943,1.27049,1.27078,1.50,1.50
2012.04.20 05:33:19.066,1.27049,1.27078,1.50,1.50
2012.04.20 05:33:19.413,1.27049,1.27081,1.50,1.50
2012.04.20 05:33:19.861,1.27049,1.27081,1.50,1.50
2012.04.20 05:33:20.056,1.27049,1.27081,1.50,1.50
2012.04.20 05:33:20.431,1.27049,1.27081,1.50,1.50
2012.04.20 05:33:21.346,1.27044,1.27077,1.50,1.50
2012.04.20 05:33:21.474,1.27044,1.27077,1.50,1.50
2012.04.20 05:33:21.842,1.27041,1.27078,1.50,2.25
2012.04.20 05:33:21.972,1.27041,1.27076,1.50,1.50
2012.04.20 05:33:22.404,1.27041,1.27074,1.50,1.50
2012.04.20 05:33:22.764,1.27041,1.27074,1.50,1.50
2012.04.20 05:33:22.832,1.27041,1.27076,1.50,2.25
2012.04.20 05:33:23.142,1.27041,1.27074,1.50,1.50
2012.04.20 05:33:23.472,1.27041,1.27074,1.50,1.50
2012.04.20 05:33:23.795,1.27041,1.27075,1.50,1.50
2012.04.20 05:33:24.132,1.27041,1.27074,1.50,1.50
2012.04.20 05:33:24.461,1.27041,1.27074,1.50,1.50
2012.04.20 05:33:24.953,1.27041,1.27076,1.50,2.25
2012.04.20 05:33:25.151,1.27041,1.27074,1.50,1.50
2012.04.20 05:33:25.461,1.27041,1.27074,1.50,1.50
2012.04.20 05:33:25.944,1.27041,1.27076,1.50,2.25
2012.04.20 05:33:26.504,1.27041,1.27073,1.50,1.50
2012.04.20 05:33:26.832,1.27041,1.27073,1.50,1.50
2012.04.20 05:33:27.152,1.27041,1.27075,1.50,1.50
2012.04.20 05:33:27.652,1.27041,1.27073,1.50,1.50
2012.04.20 05:33:28.143,1.27041,1.27076,1.50,2.25
2012.04.20 05:33:28.306,1.27041,1.27073,1.50,1.50
2012.04.20 05:33:28.871,1.27041,1.27073,1.50,1.50
2012.04.20 05:33:29.451,1.27041,1.27076,1.50,2.25
2012.04.20 05:33:29.651,1.27041,1.27073,1.50,1.50
2012.04.20 05:33:30.093,1.27041,1.27073,1.50,1.50
2012.04.20 05:33:30.441,1.27041,1.27076,1.50,2.25
2012.04.20 05:33:30.861,1.27041,1.27073,1.50,1.50
2012.04.20 05:33:31.384,1.27036,1.27073,3.00,1.50
2012.04.20 05:33:31.452,1.27036,1.27075,3.00,1.50
2012.04.20 05:33:31.826,1.27036,1.27073,3.00,1.50
2012.04.20 05:33:32.391,1.27036,1.27075,3.00,1.50
2012.04.20 05:33:32.912,1.27036,1.27073,3.00,1.50
2012.04.20 05:33:33.053,1.27036,1.27073,3.00,1.50
2012.04.20 05:33:33.641,1.27036,1.27075,3.00,1.50
2012.04.20 05:33:33.806,1.27036,1.27073,3.00,1.50
2012.04.20 05:33:34.403,1.27036,1.27073,3.00,1.50
2012.04.20 05:33:34.831,1.27036,1.27074,3.75,1.50
2012.04.20 05:33:35.336,1.27036,1.27073,3.00,1.50
2012.04.20 05:33:35.566,1.27036,1.27073,3.00,1.50
2012.04.20 05:33:36.161,1.27036,1.27075,3.00,1.50
2012.04.20 05:33:36.336,1.27036,1.27073,3.00,1.50
2012.04.20 05:33:36.886,1.27036,1.27073,3.00,1.50
2012.04.20 05:33:37.381,1.27036,1.27074,3.75,1.50
2012.04.20 05:33:37.931,1.27036,1.27073,3.00,1.50
2012.04.20 05:33:38.371,1.27036,1.27075,3.00,1.50
2012.04.20 05:33:38.681,1.27036,1.27073,3.00,1.50
2012.04.20 05:33:39.122,1.27036,1.27073,3.00,1.50
2012.04.20 05:33:39.582,1.27036,1.27074,3.75,1.50
2012.04.20 05:33:40.023,1.27036,1.27073,3.00,1.50
2012.04.20 05:33:40.341,1.27036,1.27075,3.00,1.50
2012.04.20 05:33:40.871,1.27036,1.27074,3.00,1.50
2012.04.20 05:33:41.401,1.27036,1.27074,3.75,1.50
2012.04.20 05:33:41.615,1.27036,1.27074,3.00,1.50
2012.04.20 05:33:41.941,1.27036,1.27074,3.00,1.50
2012.04.20 05:33:42.411,1.27036,1.27075,3.00,1.50
2012.04.20 05:33:42.605,1.27036,1.27074,3.00,1.50
2012.04.20 05:33:43.222,1.27036,1.27074,3.00,1.50
2012.04.20 05:33:43.410,1.27036,1.27074,3.75,1.50
2012.04.20 05:33:43.763,1.27036,1.27074,3.00,1.50
2012.04.20 05:33:44.204,1.27036,1.27074,3.00,1.50
2012.04.20 05:33:44.421,1.27036,1.27074,3.75,1.50
2012.04.20 05:33:44.671,1.27036,1.27074,3.00,1.50
2012.04.20 05:33:45.192,1.27036,1.27074,3.00,1.50
2012.04.20 05:33:45.401,1.27036,1.27075,3.00,1.50
2012.04.20 05:33:45.591,1.27036,1.27074,3.00,1.50
2012.04.20 05:33:46.022,1.27036,1.27074,3.00,1.50
2012.04.20 05:33:46.401,1.27036,1.27075,3.00,1.50
2012.04.20 05:33:46.581,1.27036,1.27074,3.00,1.50
2012.04.20 05:33:46.902,1.27036,1.27074,3.00,1.50
2012.04.20 05:33:47.524,1.27036,1.27075,3.00,1.50
2012.04.20 05:33:47.592,1.27036,1.27074,3.00,1.50
2012.04.20 05:33:47.911,1.27036,1.27074,3.00,1.50
2012.04.20 05:33:48.371,1.27036,1.27074,3.75,1.50
2012.04.20 05:33:48.592,1.27036,1.27074,3.00,1.50
2012.04.20 05:33:49.043,1.27036,1.27074,3.00,1.50
2012.04.20 05:33:49.361,1.27036,1.27075,3.00,1.50
2012.04.20 05:33:49.645,1.27036,1.27074,3.00,1.50
2012.04.20 05:33:50.203,1.27036,1.27074,3.00,1.50
2012.04.20 05:33:50.312,1.27036,1.27075,3.00,1.50
2012.04.20 05:33:50.708,1.27036,1.27074,3.00,1.50
2012.04.20 05:33:51.073,1.27036,1.27074,3.00,1.50
2012.04.20 05:33:51.450,1.27036,1.27076,3.75,2.25
2012.04.20 05:33:51.986,1.27036,1.27074,3.00,1.50
2012.04.20 05:33:52.442,1.27037,1.27075,1.50,2.25
2012.04.20 05:33:52.672,1.27036,1.27074,3.00,1.50
2012.04.20 05:33:53.254,1.27036,1.27074,3.00,1.50
2012.04.20 05:33:53.651,1.27036,1.27075,3.75,1.50
2012.04.20 05:33:53.825,1.27036,1.27074,3.00,1.50
2012.04.20 05:33:54.405,1.27036,1.27074,3.00,1.50
2012.04.20 05:33:54.682,1.27037,1.27075,1.50,2.25
2012.04.20 05:33:54.932,1.27036,1.27074,3.00,1.50
2012.04.20 05:33:55.285,1.27036,1.27074,3.00,1.50
2012.04.20 05:33:55.603,1.27037,1.27075,1.50,2.25
2012.04.20 05:33:56.001,1.27036,1.27074,3.00,1.50
2012.04.20 05:33:56.342,1.27036,1.27073,3.00,1.50
2012.04.20 05:33:56.691,1.27037,1.27075,1.50,2.25
2012.04.20 05:33:57.085,1.27036,1.27073,3.00,1.50
2012.04.20 05:33:57.810,1.27041,1.27077,1.80,3.00
2012.04.20 05:33:57.953,1.27041,1.27077,1.80,1.50
2012.04.20 05:33:59.432,1.27041,1.27077,2.55,1.50
2012.04.20 05:34:01.608,1.27041,1.27078,1.80,1.50
2012.04.20 05:34:01.894,1.27045,1.27078,1.50,1.50
2012.04.20 05:34:38.575,1.27041,1.27077,1.80,1.50
2012.04.20 05:34:39.351,1.27045,1.27077,1.50,1.50
2012.04.20 05:34:47.685,1.27045,1.27077,1.50,1.50
2012.04.20 05:35:03.121,1.27045,1.27079,1.50,1.50
2012.04.20 05:35:03.323,1.27041,1.27079,3.30,1.50
2012.04.20 05:35:05.181,1.27041,1.27079,3.30,1.50
2012.04.20 05:35:05.774,1.27041,1.27077,3.30,1.50
2012.04.20 05:35:13.320,1.27044,1.27077,1.50,1.50
2012.04.20 05:35:25.992,1.27049,1.27077,1.50,1.50
2012.04.20 05:35:26.249,1.2705,1.27089,1.14,1.50
2012.04.20 05:35:26.446,1.27053,1.27091,1.05,2.25
2012.04.20 05:35:26.574,1.27063,1.27094,2.55,1.50
2012.04.20 05:35:26.643,1.27065,1.27104,2.25,1.50
2012.04.20 05:35:29.180,1.27065,1.27101,1.50,1.50
2012.04.20 05:35:29.258,1.27057,1.27096,2.49,2.25
2012.04.20 05:35:29.505,1.27052,1.27088,1.14,3.30
2012.04.20 05:35:30.533,1.27051,1.27088,1.14,3.30
2012.04.20 05:35:31.082,1.27054,1.27093,1.89,2.25
2012.04.20 05:35:35.635,1.27056,1.27098,1.89,2.25
2012.04.20 05:35:35.825,1.27056,1.27096,1.89,1.50
2012.04.20 05:35:36.494,1.27056,1.27091,2.19,2.25
2012.04.20 05:35:36.966,1.27062,1.27091,1.14,2.25
2012.04.20 05:35:37.040,1.27067,1.27107,2.19,1.50
2012.04.20 05:35:37.556,1.27067,1.27106,2.19,1.50
2012.04.20 05:35:49.451,1.27067,1.27104,2.19,1.50
2012.04.20 05:35:49.644,1.2707,1.27104,1.50,1.50
2012.04.20 05:35:56.623,1.27066,1.27103,1.50,1.50
2012.04.20 05:35:56.695,1.27066,1.27103,1.50,1.50
2012.04.20 05:35:57.184,1.27064,1.27098,1.14,1.50
2012.04.20 05:36:08.796,1.27066,1.27099,1.50,1.50
2012.04.20 05:36:08.988,1.27062,1.27094,1.89,2.55
2012.04.20 05:36:09.053,1.27062,1.27094,1.50,3.30
2012.04.20 05:36:09.634,1.27057,1.27094,2.25,2.55
2012.04.20 05:36:11.605,1.27057,1.27094,2.25,2.55
2012.04.20 05:36:11.913,1.27057,1.27095,2.25,1.50
2012.04.20 05:36:12.045,1.27057,1.27096,2.25,1.50
2012.04.20 05:36:12.114,1.27057,1.27094,2.25,2.55
2012.04.20 05:36:13.805,1.27057,1.27094,2.25,2.55
2012.04.20 05:36:14.112,1.27057,1.27096,2.25,1.50
2012.04.20 05:36:14.727,1.27063,1.27095,2.25,1.50
2012.04.20 05:36:16.904,1.27063,1.27095,1.50,1.50
2012.04.20 05:36:16.973,1.27059,1.27095,1.50,1.50
2012.04.20 05:36:17.224,1.27059,1.27091,2.25,1.50
2012.04.20 05:36:18.057,1.27069,1.27096,1.35,2.25
2012.04.20 05:36:18.306,1.27069,1.27101,2.25,1.50
2012.04.20 05:36:18.377,1.27064,1.27099,1.65,1.50
2012.04.20 05:36:18.504,1.27064,1.27096,1.50,1.50
2012.04.20 05:36:18.573,1.27061,1.27096,1.35,1.50
2012.04.20 05:36:19.064,1.27058,1.27094,2.25,3.30
2012.04.20 05:36:23.654,1.27054,1.27092,1.50,1.50
2012.04.20 05:36:23.961,1.27061,1.27091,1.50,2.55
2012.04.20 05:36:32.672,1.27061,1.27091,1.50,3.30
2012.04.20 05:36:36.113,1.27058,1.27091,1.50,3.30
2012.04.20 05:37:00.763,1.27058,1.27091,1.50,3.30
2012.04.20 05:37:10.734,1.27052,1.27091,1.50,4.80
2012.04.20 05:37:11.214,1.27057,1.27091,1.50,3.30
2012.04.20 05:37:11.823,1.27057,1.27091,2.25,3.30
2012.04.20 05:37:12.073,1.27061,1.27091,1.50,1.80
2012.04.20 05:37:12.445,1.2706,1.2709,1.50,1.80
2012.04.20 05:37:15.148,1.27056,1.2709,1.50,2.55
2012.04.20 05:37:17.876,1.27056,1.2709,2.64,2.55
2012.04.20 05:37:18.069,1.27056,1.27095,2.64,4.05
2012.04.20 05:37:18.376,1.27063,1.27095,1.14,2.25
2012.04.20 05:37:18.698,1.27071,1.27101,1.13,2.25
2012.04.20 05:37:19.515,1.27071,1.27104,1.13,1.50
2012.04.20 05:37:22.066,1.2707,1.27104,2.25,1.50
2012.04.20 05:37:22.326,1.2707,1.27103,1.88,1.50
2012.04.20 05:37:22.658,1.27063,1.271,1.88,2.55
2012.04.20 05:37:22.728,1.27072,1.271,1.50,2.55
2012.04.20 05:37:23.228,1.27084,1.27116,2.25,1.50
2012.04.20 05:37:23.292,1.27084,1.27116,2.25,1.50
2012.04.20 05:37:26.456,1.27084,1.27122,1.89,1.50
2012.04.20 05:37:26.525,1.27084,1.27122,1.89,1.50
2012.04.20 05:37:27.538,1.27084,1.27123,1.89,4.05
2012.04.20 05:37:28.685,1.27084,1.27123,2.64,4.05
2012.04.20 05:37:29.335,1.27084,1.27119,2.25,1.50
2012.04.20 05:37:30.374,1.27084,1.27119,2.25,1.50
2012.04.20 05:37:31.804,1.27084,1.27123,2.64,4.05
2012.04.20 05:37:32.282,1.27088,1.27122,1.50,1.50
2012.04.20 05:37:32.824,1.27084,1.27123,1.89,4.05
2012.04.20 05:37:33.334,1.27084,1.27122,1.89,1.50
2012.04.20 05:37:34.783,1.27084,1.27123,1.89,4.05
2012.04.20 05:37:34.924,1.27084,1.27118,1.89,1.50
2012.04.20 05:37:35.172,1.27077,1.27116,3.69,2.25
2012.04.20 05:37:35.250,1.27084,1.27121,1.50,1.50
2012.04.20 05:37:35.694,1.27084,1.27116,1.50,2.55
2012.04.20 05:37:35.822,1.2708,1.27116,1.50,2.55
2012.04.20 05:37:50.274,1.2708,1.27115,2.25,1.50
2012.04.20 05:37:50.346,1.2708,1.27115,2.25,1.50
2012.04.20 05:37:50.535,1.2708,1.27115,4.05,1.50
2012.04.20 05:37:50.605,1.2708,1.27115,4.05,1.50
2012.04.20 05:37:50.675,1.2708,1.27115,4.05,1.50
2012.04.20 05:37:50.806,1.2708,1.27115,4.05,1.50
2012.04.20 05:37:50.996,1.27087,1.27119,1.50,1.50
2012.04.20 05:37:56.362,1.2708,1.27111,1.89,2.55
2012.04.20 05:37:56.556,1.2708,1.27111,1.50,2.55
2012.04.20 05:37:57.775,1.27075,1.27111,1.89,2.55
2012.04.20 05:37:59.085,1.27079,1.27111,1.50,2.55
2012.04.20 05:37:59.414,1.27079,1.27111,1.50,2.55
2012.04.20 05:38:05.153,1.27079,1.27111,1.50,2.55
2012.04.20 05:38:05.509,1.27089,1.2712,2.55,1.50
2012.04.20 05:38:05.875,1.27089,1.2712,2.55,1.50
2012.04.20 05:38:06.632,1.27095,1.2712,1.50,1.50
2012.04.20 05:38:06.884,1.27093,1.27119,1.50,1.50
2012.04.20 05:38:08.039,1.27089,1.27119,1.50,1.50
2012.04.20 05:38:09.246,1.27094,1.27119,1.50,1.50
2012.04.20 05:38:12.062,1.2709,1.27119,1.50,1.50
2012.04.20 05:38:13.078,1.27094,1.27119,1.50,1.50
2012.04.20 05:38:15.994,1.27094,1.27122,1.50,1.50
2012.04.20 05:38:16.481,1.27088,1.2712,1.50,1.50
2012.04.20 05:38:17.988,1.27088,1.27122,2.25,1.87
2012.04.20 05:38:22.139,1.27089,1.27123,2.25,1.87
2012.04.20 05:38:26.884,1.27094,1.27122,1.50,1.87
2012.04.20 05:38:28.051,1.27094,1.27122,1.50,2.62
2012.04.20 05:38:28.845,1.2709,1.27122,2.25,2.62
2012.04.20 05:38:35.446,1.2709,1.27123,2.25,1.87
2012.04.20 05:38:35.923,1.2709,1.27123,2.25,1.87
2012.04.20 05:38:38.863,1.2709,1.27122,1.50,1.50
2012.04.20 05:38:39.175,1.27085,1.27121,1.50,1.50
2012.04.20 05:38:39.245,1.27085,1.2712,1.50,2.25
2012.04.20 05:38:39.494,1.27085,1.27119,1.50,1.50
2012.04.20 05:38:39.625,1.27085,1.27119,1.50,1.50
2012.04.20 05:38:40.996,1.27082,1.2712,4.44,2.25
2012.04.20 05:38:41.482,1.27082,1.2712,4.44,2.25
2012.04.20 05:38:41.698,1.27082,1.2712,4.05,1.50
2012.04.20 05:38:44.745,1.27082,1.2712,3.30,2.25
2012.04.20 05:38:44.815,1.27086,1.2712,1.50,2.25
2012.04.20 05:38:55.505,1.27086,1.27117,1.50,1.50
2012.04.20 05:38:56.049,1.27077,1.27114,2.55,1.50
2012.04.20 05:38:56.629,1.2708,1.27114,1.80,1.50
2012.04.20 05:39:02.602,1.2708,1.27114,2.55,1.50
2012.04.20 05:39:03.214,1.27086,1.27113,1.50,1.50
2012.04.20 05:39:04.837,1.27085,1.27112,1.80,1.50
2012.04.20 05:39:05.307,1.2708,1.27112,2.55,1.50
2012.04.20 05:39:05.875,1.27079,1.27112,4.05,1.50
2012.04.20 05:39:05.944,1.27084,1.27112,1.50,1.50
2012.04.20 05:39:11.922,1.27086,1.27113,1.50,1.50
2012.04.20 05:39:12.365,1.27086,1.27113,1.50,2.25
2012.04.20 05:39:15.124,1.27082,1.27112,1.50,1.87
2012.04.20 05:39:20.335,1.27077,1.27109,1.50,1.50
2012.04.20 05:39:20.464,1.27077,1.27109,2.25,1.50
2012.04.20 05:39:20.594,1.27077,1.27109,2.25,1.50
2012.04.20 05:39:20.723,1.27074,1.27109,2.55,1.50
2012.04.20 05:39:21.983,1.27078,1.2711,1.50,1.50
2012.04.20 05:39:29.476,1.27079,1.2711,1.80,1.50
2012.04.20 05:39:29.783,1.27079,1.27109,2.55,1.50
2012.04.20 05:39:30.405,1.27079,1.27109,2.55,1.50
2012.04.20 05:39:32.154,1.27079,1.27109,1.80,1.50
2012.04.20 05:39:32.463,1.27078,1.2711,2.25,1.50
2012.04.20 05:39:33.094,1.27079,1.27109,2.55,1.50
2012.04.20 05:39:38.125,1.27079,1.27109,2.55,1.50
2012.04.20 05:39:38.436,1.27087,1.27109,2.55,1.50
2012.04.20 05:39:38.503,1.27077,1.27109,2.25,1.50
2012.04.20 05:39:38.814,1.27075,1.27112,2.40,2.55
2012.04.20 05:39:38.885,1.27067,1.27109,3.01,2.25
2012.04.20 05:39:39.016,1.27067,1.27109,2.63,2.25
2012.04.20 05:39:40.828,1.27067,1.27107,2.63,1.50
2012.04.20 05:39:54.771,1.27067,1.27104,1.13,2.25
2012.04.20 05:39:58.874,1.27063,1.27104,2.64,2.25
2012.04.20 05:40:03.643,1.27062,1.271,1.14,2.25
2012.04.20 05:40:04.706,1.27068,1.27107,1.50,3.00
2012.04.20 05:40:04.838,1.27068,1.27107,1.89,2.25
2012.04.20 05:40:05.166,1.27077,1.27103,1.14,2.25
2012.04.20 05:40:05.779,1.27076,1.27111,1.14,2.25
2012.04.20 05:40:06.593,1.27076,1.27111,1.14,2.25
2012.04.20 05:40:09.996,1.27072,1.27111,1.89,2.25
2012.04.20 05:40:10.325,1.27072,1.27111,1.89,2.25
2012.04.20 05:40:10.685,1.27077,1.27112,1.50,1.50
2012.04.20 05:40:17.816,1.27071,1.27111,1.89,2.25
2012.04.20 05:40:18.446,1.27075,1.27112,1.50,1.50
2012.04.20 05:40:20.135,1.2708,1.27112,1.50,1.50
2012.04.20 05:40:23.216,1.27076,1.27112,1.50,1.50
2012.04.20 05:40:23.406,1.27076,1.27112,1.50,1.50
2012.04.20 05:40:23.705,1.27073,1.27112,1.89,3.00
2012.04.20 05:40:25.437,1.27068,1.27109,3.01,3.00
2012.04.20 05:40:25.986,1.27064,1.27103,1.51,2.25
2012.04.20 05:40:26.585,1.27067,1.27103,1.13,2.25
2012.04.20 05:40:26.715,1.27067,1.27103,1.13,2.25
2012.04.20 05:40:29.050,1.27068,1.27103,1.14,2.25
2012.04.20 05:40:29.364,1.27072,1.27111,1.50,2.25
2012.04.20 05:40:29.906,1.27072,1.27113,2.25,1.50
2012.04.20 05:40:31.844,1.27072,1.27109,1.14,2.25
2012.04.20 05:40:32.156,1.27072,1.27101,1.14,1.50
2012.04.20 05:40:32.875,1.27072,1.27101,1.14,1.50
2012.04.20 05:40:34.413,1.27072,1.27101,1.14,1.50
2012.04.20 05:40:34.994,1.27072,1.27101,1.14,1.50
2012.04.20 05:40:36.913,1.27072,1.27101,1.14,1.50
2012.04.20 05:40:37.555,1.2707,1.27101,1.14,1.50
2012.04.20 05:40:37.698,1.27067,1.27101,1.14,1.50
2012.04.20 05:40:38.270,1.27067,1.27101,1.14,1.50
2012.04.20 05:40:39.149,1.27067,1.27101,1.89,1.50
2012.04.20 05:40:39.668,1.27067,1.27101,1.89,1.50
2012.04.20 05:40:39.734,1.27067,1.27101,1.89,1.50
2012.04.20 05:40:40.142,1.27067,1.27101,1.14,1.50
2012.04.20 05:40:42.254,1.27073,1.27101,2.25,1.50
2012.04.20 05:40:42.506,1.27072,1.27101,1.50,1.50
2012.04.20 05:40:43.054,1.27072,1.27101,1.50,1.50
2012.04.20 05:40:43.394,1.27072,1.27101,1.50,1.50
2012.04.20 05:40:45.865,1.27072,1.27101,2.25,1.50
2012.04.20 05:40:45.995,1.27073,1.27101,2.55,1.50
2012.04.20 05:40:46.069,1.27076,1.27101,2.25,1.50
2012.04.20 05:40:46.198,1.27079,1.27101,2.25,1.50
2012.04.20 05:40:46.917,1.27079,1.27101,2.25,1.50
2012.04.20 05:40:47.566,1.27077,1.27101,2.25,1.50
2012.04.20 05:40:50.592,1.27077,1.27101,2.25,1.50
2012.04.20 05:40:56.769,1.27077,1.27101,2.25,1.50
2012.04.20 05:40:57.073,1.27077,1.27101,1.50,1.50
2012.04.20 05:40:57.436,1.27077,1.27101,2.25,1.50
2012.04.20 05:40:57.755,1.27077,1.27101,2.25,1.50
2012.04.20 05:40:58.764,1.2708,1.27104,2.55,1.50
2012.04.20 05:41:00.165,1.27081,1.27107,2.25,1.50
2012.04.20 05:41:04.908,1.27084,1.27107,1.50,1.50
2012.04.20 05:41:04.976,1.27081,1.27107,2.64,1.50
2012.04.20 05:41:06.116,1.27076,1.27103,1.89,1.50
2012.04.20 05:41:14.454,1.27077,1.27103,1.14,1.50
2012.04.20 05:41:22.154,1.27076,1.27103,1.89,1.50
2012.04.20 05:41:24.024,1.27076,1.27102,1.89,1.50
2012.04.20 05:41:30.785,1.27079,1.27102,1.89,1.50
2012.04.20 05:41:32.114,1.27075,1.2711,1.89,1.13
2012.04.20 05:41:32.427,1.27081,1.2711,1.14,1.13
2012.04.20 05:41:34.656,1.27085,1.27118,1.14,1.50
2012.04.20 05:41:40.691,1.27081,1.27118,1.14,3.00
2012.04.20 05:41:41.237,1.27081,1.27118,1.14,3.00
2012.04.20 05:41:42.883,1.2708,1.27117,2.19,1.50
2012.04.20 05:41:42.956,1.27076,1.27111,1.89,2.55
2012.04.20 05:41:43.026,1.27076,1.27111,1.89,2.55
2012.04.20 05:41:43.349,1.2708,1.27111,1.50,2.55
2012.04.20 05:41:43.595,1.27077,1.27115,1.14,2.25
2012.04.20 05:41:43.784,1.27078,1.27117,1.89,3.75
2012.04.20 05:41:44.486,1.2708,1.27117,1.89,1.50
2012.04.20 05:41:45.485,1.2708,1.27117,1.50,1.50
2012.04.20 05:41:45.613,1.27076,1.27117,1.89,1.50
2012.04.20 05:41:45.894,1.2708,1.27117,1.50,1.50
2012.04.20 05:41:46.144,1.27075,1.27117,1.89,3.00
2012.04.20 05:41:46.647,1.27083,1.27117,1.50,1.50
2012.04.20 05:41:48.319,1.2708,1.27117,1.50,1.50
2012.04.20 05:41:49.275,1.27076,1.27116,1.14,1.50
2012.04.20 05:41:50.047,1.27075,1.27117,1.89,3.00
2012.04.20 05:41:51.298,1.27075,1.27116,1.89,1.50
2012.04.20 05:41:51.903,1.2708,1.27116,1.50,1.50
2012.04.20 05:41:52.646,1.27076,1.27116,1.89,3.00
2012.04.20 05:42:00.304,1.27076,1.27115,1.89,1.87
2012.04.20 05:42:17.226,1.2708,1.27108,1.50,1.50
2012.04.20 05:42:17.324,1.27075,1.27108,2.64,1.50
2012.04.20 05:42:17.514,1.27079,1.27108,1.50,1.50
2012.04.20 05:42:21.263,1.27075,1.27108,1.14,1.50
2012.04.20 05:42:21.765,1.27075,1.27108,1.14,1.50
2012.04.20 05:42:26.633,1.27077,1.27108,1.50,1.50
2012.04.20 05:42:28.796,1.27075,1.27108,1.14,1.50
2012.04.20 05:42:36.023,1.27077,1.27108,1.50,1.50
2012.04.20 05:42:36.215,1.27077,1.27107,1.89,1.50
2012.04.20 05:42:36.474,1.27081,1.27107,1.50,1.50
2012.04.20 05:42:36.677,1.2708,1.27107,1.14,1.50
2012.04.20 05:42:37.412,1.27078,1.27107,2.25,1.50
2012.04.20 05:42:40.385,1.27075,1.27106,1.89,1.50
2012.04.20 05:42:40.940,1.27075,1.27106,1.89,1.50
2012.04.20 05:42:41.012,1.27085,1.27108,2.55,1.50
2012.04.20 05:42:41.145,1.27085,1.27108,1.80,1.50
2012.04.20 05:42:41.275,1.27085,1.27108,1.80,1.50
2012.04.20 05:42:41.585,1.2708,1.27108,1.89,1.50
2012.04.20 05:42:41.895,1.27069,1.27108,2.94,1.50
2012.04.20 05:42:42.146,1.27069,1.27105,2.25,1.50
2012.04.20 05:42:44.345,1.27066,1.27097,1.50,1.50
2012.04.20 05:42:44.415,1.27066,1.27097,1.50,1.50
2012.04.20 05:42:45.475,1.27068,1.27097,1.50,1.50
2012.04.20 05:42:45.786,1.27065,1.27093,1.13,1.50
2012.04.20 05:42:45.981,1.27061,1.27089,1.13,1.50
2012.04.20 05:42:46.114,1.2706,1.27089,2.25,1.50
2012.04.20 05:42:54.132,1.2706,1.27089,2.25,1.50
2012.04.20 05:42:54.211,1.27064,1.27089,1.50,1.50
2012.04.20 05:42:54.506,1.27064,1.27089,2.25,1.50
2012.04.20 05:43:00.368,1.27059,1.27087,2.25,1.50
2012.04.20 05:43:00.497,1.27059,1.27086,2.25,1.50
2012.04.20 05:43:05.578,1.27056,1.27086,1.50,1.50
2012.04.20 05:43:05.757,1.27056,1.27086,2.25,1.50
2012.04.20 05:43:06.355,1.27061,1.27089,2.25,1.50
2012.04.20 05:43:06.426,1.27061,1.27089,2.25,1.50
2012.04.20 05:43:06.978,1.27061,1.27089,2.25,1.50
2012.04.20 05:43:08.398,1.27058,1.27089,2.25,1.50
2012.04.20 05:43:08.853,1.27058,1.27089,2.25,1.50
2012.04.20 05:43:11.316,1.27058,1.27089,1.50,1.50
2012.04.20 05:43:12.895,1.27058,1.27089,2.25,1.50
2012.04.20 05:43:13.203,1.27058,1.27089,1.50,1.50
2012.04.20 05:43:13.499,1.27058,1.27089,2.25,1.50
2012.04.20 05:43:13.807,1.27058,1.27089,1.50,1.50
2012.04.20 05:43:18.086,1.27052,1.27089,3.00,1.50
2012.04.20 05:43:19.177,1.27052,1.27089,3.00,1.50
2012.04.20 05:43:19.245,1.27059,1.27089,1.50,1.50
2012.04.20 05:43:20.468,1.27063,1.27089,1.50,1.50
2012.04.20 05:43:20.959,1.27056,1.27089,1.14,1.50
2012.04.20 05:43:21.091,1.27049,1.27085,1.14,2.25
2012.04.20 05:43:21.645,1.2705,1.27085,1.14,2.25
2012.04.20 05:43:22.239,1.27046,1.27085,1.89,2.25
2012.04.20 05:43:24.764,1.27049,1.27087,1.50,1.50
2012.04.20 05:43:24.895,1.27046,1.27087,3.39,3.00
2012.04.20 05:43:25.206,1.27047,1.27086,1.14,1.50
2012.04.20 05:43:25.396,1.27052,1.27086,2.25,1.50
2012.04.20 05:43:26.721,1.27052,1.27086,2.25,1.50
2012.04.20 05:43:27.655,1.27049,1.27087,4.05,1.50
2012.04.20 05:43:29.306,1.27056,1.27086,1.50,1.50
2012.04.20 05:43:29.909,1.27053,1.27086,2.25,1.50
2012.04.20 05:43:30.596,1.27054,1.27086,1.50,1.50
2012.04.20 05:43:30.664,1.27051,1.27086,1.50,1.50
2012.04.20 05:43:30.794,1.27053,1.27086,1.50,1.50
2012.04.20 05:43:31.487,1.27051,1.27085,1.50,2.25
2012.04.20 05:43:32.010,1.27051,1.27084,1.50,1.50
2012.04.20 05:43:32.205,1.27053,1.27084,1.50,1.50
2012.04.20 05:43:32.945,1.27053,1.27084,1.50,1.50
2012.04.20 05:43:33.736,1.27053,1.27084,1.50,1.50
2012.04.20 05:43:34.286,1.27058,1.27088,1.50,1.50
2012.04.20 05:43:34.726,1.27053,1.27087,2.25,1.50
2012.04.20 05:43:34.904,1.27054,1.27087,1.50,1.50
2012.04.20 05:43:38.285,1.27052,1.27088,1.50,3.00
2012.04.20 05:43:38.437,1.27051,1.27088,1.50,3.00
2012.04.20 05:43:38.747,1.27052,1.27088,2.25,1.50
2012.04.20 05:43:39.115,1.27052,1.27088,2.25,1.50
2012.04.20 05:43:40.725,1.27053,1.27088,1.50,1.50
2012.04.20 05:43:41.365,1.27052,1.27084,1.50,1.50
2012.04.20 05:43:41.904,1.27052,1.27084,1.50,1.50
2012.04.20 05:43:43.649,1.27052,1.27084,1.50,1.50
2012.04.20 05:43:46.518,1.27052,1.27084,1.50,1.50
2012.04.20 05:43:49.163,1.27052,1.27084,1.50,1.50
2012.04.20 05:43:51.222,1.27052,1.27084,1.50,1.50
2012.04.20 05:43:51.783,1.27052,1.27084,1.50,1.50
2012.04.20 05:43:52.429,1.27052,1.27084,1.50,1.50
2012.04.20 05:43:54.876,1.27052,1.27084,1.50,1.50
2012.04.20 05:43:59.757,1.27052,1.27084,1.50,1.50
2012.04.20 05:44:01.277,1.27052,1.27084,2.25,1.50
2012.04.20 05:44:06.736,1.27052,1.27084,1.50,1.50
2012.04.20 05:44:07.925,1.27052,1.27084,1.50,2.25
2012.04.20 05:44:08.055,1.27046,1.27083,1.50,1.50
2012.04.20 05:44:08.753,1.27046,1.27084,1.50,2.25
2012.04.20 05:44:10.544,1.27046,1.27083,1.50,1.13
2012.04.20 05:44:11.065,1.27046,1.27083,1.50,1.13
2012.04.20 05:44:11.736,1.27046,1.27081,1.50,1.50
2012.04.20 05:44:15.604,1.27046,1.27081,1.50,1.50
2012.04.20 05:44:16.114,1.27046,1.27081,1.50,1.50
2012.04.20 05:44:23.536,1.27046,1.27082,1.50,1.50
2012.04.20 05:44:24.004,1.27046,1.27082,1.50,1.50
2012.04.20 05:44:24.513,1.27046,1.27082,1.50,1.50
2012.04.20 05:44:28.620,1.27046,1.27084,1.50,1.88
2012.04.20 05:44:28.746,1.27046,1.27084,1.50,1.50
2012.04.20 05:44:30.034,1.27046,1.27084,1.50,1.50
2012.04.20 05:44:30.383,1.27046,1.27084,1.50,1.50
2012.04.20 05:44:30.994,1.27046,1.27084,2.25,1.50
2012.04.20 05:44:31.065,1.27046,1.27084,2.25,1.50
2012.04.20 05:44:31.134,1.27046,1.27084,2.25,1.50
2012.04.20 05:44:31.686,1.27046,1.27085,3.00,3.00
2012.04.20 05:44:32.248,1.27046,1.27085,3.00,3.00
2012.04.20 05:44:32.316,1.27046,1.27084,3.00,1.50
2012.04.20 05:44:32.505,1.27046,1.27082,1.50,2.25
2012.04.20 05:44:33.257,1.27046,1.27082,1.50,2.25
2012.04.20 05:44:33.794,1.27045,1.27082,1.50,2.25
2012.04.20 05:44:37.124,1.27046,1.2708,1.50,2.25
2012.04.20 05:44:38.374,1.27046,1.27083,1.50,2.63
2012.04.20 05:44:50.777,1.27052,1.27079,1.50,2.25
2012.04.20 05:44:50.845,1.27052,1.27082,1.50,2.25
2012.04.20 05:44:51.035,1.27046,1.27082,2.25,2.25
2012.04.20 05:44:51.104,1.27046,1.27082,1.50,2.25
2012.04.20 05:44:51.174,1.27046,1.27078,2.25,1.50
2012.04.20 05:44:51.436,1.27046,1.27074,1.50,1.50
2012.04.20 05:44:51.506,1.27046,1.27074,1.50,1.50
2012.04.20 05:44:51.577,1.27046,1.27081,1.50,1.50
2012.04.20 05:44:52.898,1.27041,1.27078,1.50,2.25
2012.04.20 05:44:53.700,1.27046,1.27081,1.50,1.50
2012.04.20 05:44:54.294,1.27046,1.27081,1.50,1.50
2012.04.20 05:44:54.612,1.27046,1.2708,1.50,1.50
2012.04.20 05:44:55.306,1.27045,1.2708,2.25,1.50
2012.04.20 05:44:55.917,1.27047,1.2708,1.50,1.50
2012.04.20 05:44:56.428,1.27047,1.2708,1.50,1.50
2012.04.20 05:44:57.022,1.27046,1.27081,1.50,1.50
2012.04.20 05:44:58.214,1.27046,1.27081,1.50,1.50
2012.04.20 05:44:58.378,1.27046,1.27081,1.50,1.50
2012.04.20 05:44:58.832,1.27046,1.27081,1.50,1.50
2012.04.20 05:44:59.504,1.27046,1.27081,1.50,1.50
2012.04.20 05:44:59.577,1.27047,1.27086,1.50,3.00
2012.04.20 05:45:00.473,1.27052,1.27081,1.50,2.25
2012.04.20 05:45:02.617,1.27052,1.27084,1.50,1.50
2012.04.20 05:45:04.027,1.27046,1.27084,1.50,1.50
2012.04.20 05:45:04.273,1.27052,1.27084,1.50,1.50
2012.04.20 05:45:04.793,1.27052,1.27085,1.50,2.25
2012.04.20 05:45:04.984,1.27052,1.27087,1.50,1.50
2012.04.20 05:45:05.454,1.27052,1.27083,1.50,1.50
2012.04.20 05:45:05.533,1.27049,1.27086,2.25,1.50
2012.04.20 05:45:05.604,1.27047,1.27081,1.35,1.50
2012.04.20 05:45:05.674,1.27046,1.27081,1.35,1.50
2012.04.20 05:45:05.745,1.27046,1.27081,1.50,1.50
2012.04.20 05:45:05.874,1.27048,1.27086,2.25,1.50
2012.04.20 05:45:06.664,1.27048,1.27085,2.25,1.50
2012.04.20 05:45:07.505,1.27048,1.27083,1.50,1.50
2012.04.20 05:45:07.644,1.27045,1.27083,1.50,3.00
2012.04.20 05:45:07.715,1.27045,1.27083,1.50,2.25
2012.04.20 05:45:08.025,1.27047,1.27085,2.25,1.50
2012.04.20 05:45:09.538,1.27049,1.27085,2.25,1.50
2012.04.20 05:45:11.785,1.27049,1.27085,1.50,1.50
2012.04.20 05:45:13.396,1.27049,1.27085,2.25,1.50
2012.04.20 05:45:13.463,1.27049,1.27085,1.50,1.50
2012.04.20 05:45:13.834,1.27049,1.27085,2.25,1.50
2012.04.20 05:45:13.944,1.27049,1.27085,1.50,1.50
2012.04.20 05:45:15.684,1.27049,1.27085,2.25,1.50
2012.04.20 05:45:16.300,1.27052,1.27085,2.25,1.50
2012.04.20 05:45:16.433,1.27053,1.27085,1.50,1.50
2012.04.20 05:45:18.973,1.27057,1.27085,1.50,1.50
2012.04.20 05:45:25.385,1.27057,1.27086,1.50,1.50
2012.04.20 05:45:31.227,1.27056,1.27088,1.50,1.50
2012.04.20 05:45:31.776,1.27055,1.27089,2.25,1.50
2012.04.20 05:45:32.352,1.27058,1.2709,2.25,1.13
2012.04.20 05:45:34.696,1.27058,1.2709,2.25,1.13
2012.04.20 05:45:34.945,1.27058,1.2709,2.25,1.13
2012.04.20 05:45:35.076,1.27058,1.2709,2.25,1.13
2012.04.20 05:45:35.207,1.27058,1.2709,2.25,1.13
2012.04.20 05:45:36.074,1.27061,1.2709,2.25,1.13
2012.04.20 05:45:38.511,1.2706,1.2709,2.25,1.13
2012.04.20 05:45:40.210,1.27064,1.2709,1.14,1.13
2012.04.20 05:45:40.716,1.27065,1.27095,2.25,1.50
2012.04.20 05:45:41.246,1.27062,1.27095,1.50,1.50
2012.04.20 05:45:41.316,1.27066,1.27095,2.25,1.13
2012.04.20 05:45:42.389,1.27062,1.27091,1.50,1.13
2012.04.20 05:45:44.015,1.27055,1.27091,1.50,1.13
2012.04.20 05:45:44.223,1.27059,1.27091,1.50,1.13
2012.04.20 05:45:45.545,1.27059,1.27091,1.50,3.68
2012.04.20 05:45:45.614,1.27052,1.27091,2.25,3.68
2012.04.20 05:45:45.684,1.27052,1.27088,2.25,1.50
2012.04.20 05:45:45.997,1.27049,1.27085,1.50,1.13
2012.04.20 05:45:46.065,1.27045,1.27082,1.50,1.80
2012.04.20 05:45:46.488,1.27045,1.27082,3.00,1.80
2012.04.20 05:45:46.558,1.27045,1.27082,3.00,2.18
2012.04.20 05:45:46.891,1.27045,1.27082,3.00,2.18
2012.04.20 05:45:48.066,1.2705,1.27082,1.50,1.80
2012.04.20 05:45:48.196,1.2705,1.27085,1.50,1.13
2012.04.20 05:45:49.649,1.27049,1.27084,2.25,1.13
2012.04.20 05:45:50.208,1.27049,1.27084,3.00,1.13
2012.04.20 05:45:50.729,1.27049,1.27084,3.00,1.13
2012.04.20 05:45:51.077,1.27047,1.27085,1.50,2.25
2012.04.20 05:45:51.144,1.27047,1.27085,1.50,2.25
2012.04.20 05:45:51.980,1.27051,1.27084,1.50,1.50
2012.04.20 05:45:52.636,1.27056,1.27084,1.50,1.50
2012.04.20 05:45:53.792,1.27051,1.27089,1.50,2.25
2012.04.20 05:45:56.218,1.27057,1.27089,1.50,2.25
2012.04.20 05:45:56.710,1.27057,1.27091,2.78,1.13
2012.04.20 05:45:57.131,1.27062,1.27091,1.50,1.13
2012.04.20 05:45:57.214,1.27062,1.27091,1.50,1.13
2012.04.20 05:45:57.544,1.27062,1.27091,1.50,1.13
2012.04.20 05:45:57.748,1.27062,1.27091,1.50,1.13
2012.04.20 05:45:58.273,1.27059,1.27091,1.14,1.13
2012.04.20 05:45:58.793,1.2706,1.27091,1.14,1.13
2012.04.20 05:46:00.563,1.2706,1.27091,1.14,1.13
2012.04.20 05:46:06.557,1.2706,1.27091,1.14,1.13
2012.04.20 05:46:07.496,1.2706,1.27091,1.14,1.13
2012.04.20 05:46:08.534,1.2706,1.2709,1.14,1.88
2012.04.20 05:46:09.084,1.27057,1.2709,1.89,1.13
2012.04.20 05:46:12.725,1.27057,1.2709,1.14,1.13
2012.04.20 05:46:12.914,1.27055,1.2709,1.14,1.13
2012.04.20 05:46:13.224,1.27057,1.2709,1.14,1.13
2012.04.20 05:46:13.535,1.27057,1.2709,1.89,1.13
2012.04.20 05:46:14.163,1.27047,1.27086,2.64,2.25
2012.04.20 05:46:14.850,1.27047,1.27086,2.64,2.25
2012.04.20 05:46:15.616,1.2705,1.27087,2.25,1.50
2012.04.20 05:46:16.467,1.27054,1.27086,2.25,1.50
2012.04.20 05:46:17.618,1.2705,1.27086,2.25,1.50
2012.04.20 05:46:19.716,1.2705,1.27086,2.25,1.50
2012.04.20 05:46:20.026,1.2705,1.27086,2.25,1.50
2012.04.20 05:46:21.475,1.27047,1.27084,1.50,1.50
2012.04.20 05:46:23.315,1.27046,1.27084,1.50,1.50
2012.04.20 05:46:23.969,1.27046,1.27084,2.25,1.50
2012.04.20 05:46:24.993,1.27046,1.27084,2.25,1.50
2012.04.20 05:46:25.546,1.27051,1.27084,1.50,1.50
2012.04.20 05:46:26.716,1.27048,1.27084,2.25,1.50
2012.04.20 05:46:26.905,1.27048,1.27085,2.25,1.50
2012.04.20 05:46:28.024,1.27058,1.27086,1.50,1.50
2012.04.20 05:46:29.237,1.27055,1.27089,2.25,1.50
2012.04.20 05:46:30.686,1.27049,1.27089,1.14,2.25
2012.04.20 05:46:31.709,1.27055,1.2709,2.25,1.50
2012.04.20 05:46:33.384,1.27049,1.27086,2.94,2.25
2012.04.20 05:46:33.636,1.2705,1.27086,1.14,2.25
2012.04.20 05:46:33.946,1.27055,1.27089,2.25,1.50
2012.04.20 05:46:34.845,1.27053,1.27089,2.25,1.50
2012.04.20 05:46:35.617,1.27048,1.27087,2.25,1.50
2012.04.20 05:46:35.689,1.27046,1.27081,1.50,2.25
2012.04.20 05:46:36.278,1.27046,1.27081,1.50,2.25
2012.04.20 05:46:37.739,1.27046,1.27081,1.50,2.25
2012.04.20 05:46:47.305,1.27046,1.27081,1.50,2.25
2012.04.20 05:46:50.984,1.27046,1.27081,1.50,2.25
2012.04.20 05:46:51.516,1.27046,1.27084,1.50,1.50
2012.04.20 05:46:51.593,1.27046,1.27079,1.50,1.50
2012.04.20 05:46:52.127,1.27048,1.27084,2.25,1.50
2012.04.20 05:46:53.097,1.27052,1.27084,2.25,1.50
2012.04.20 05:46:53.657,1.27047,1.27084,3.00,1.50
2012.04.20 05:46:53.726,1.27047,1.27084,3.00,1.50
2012.04.20 05:46:53.855,1.27047,1.27083,1.50,2.25
2012.04.20 05:46:54.485,1.27051,1.27084,1.50,1.50
2012.04.20 05:46:55.240,1.27047,1.27078,1.50,1.50
2012.04.20 05:46:55.887,1.27047,1.27078,1.50,1.50
2012.04.20 05:46:56.456,1.27052,1.27078,1.50,2.25
2012.04.20 05:46:57.257,1.27046,1.27078,1.50,1.50
2012.04.20 05:46:57.326,1.27046,1.27078,1.50,2.25
2012.04.20 05:46:57.867,1.27041,1.27075,1.50,2.25
2012.04.20 05:46:59.579,1.27039,1.27075,1.50,3.75
2012.04.20 05:47:01.646,1.27041,1.27074,1.50,1.13
2012.04.20 05:47:01.940,1.27041,1.27074,1.50,1.13
2012.04.20 05:47:02.086,1.27041,1.27074,1.50,1.13
2012.04.20 05:47:02.155,1.27041,1.27074,1.50,1.13
2012.04.20 05:47:02.429,1.27041,1.27073,1.50,1.50
2012.04.20 05:47:02.866,1.27041,1.27073,1.50,1.50
2012.04.20 05:47:03.060,1.27041,1.27073,1.50,1.50
2012.04.20 05:47:04.145,1.27048,1.27076,1.50,3.00
2012.04.20 05:47:04.336,1.27048,1.27079,1.50,1.65
2012.04.20 05:47:05.225,1.27047,1.27078,1.50,1.13
2012.04.20 05:47:06.894,1.27048,1.27078,1.50,1.13
2012.04.20 05:47:07.683,1.27044,1.27078,2.25,1.13
2012.04.20 05:47:09.729,1.27044,1.27077,2.25,1.50
2012.04.20 05:47:09.974,1.27044,1.27077,2.25,1.50
2012.04.20 05:47:10.668,1.27044,1.27077,2.25,1.50
2012.04.20 05:47:11.440,1.27044,1.27077,1.50,1.50
2012.04.20 05:47:11.564,1.27044,1.27077,2.25,1.50
2012.04.20 05:47:11.666,1.27044,1.27077,1.50,1.50
2012.04.20 05:47:15.681,1.27044,1.27077,2.25,1.50
2012.04.20 05:47:16.562,1.27044,1.27077,2.25,1.50
2012.04.20 05:47:18.493,1.27044,1.27077,3.00,1.50
2012.04.20 05:47:19.274,1.27044,1.27077,3.00,1.50
2012.04.20 05:47:19.636,1.27044,1.27077,3.00,1.50
2012.04.20 05:47:19.912,1.27044,1.27077,3.00,1.50
2012.04.20 05:47:20.688,1.27044,1.27077,3.00,1.50
2012.04.20 05:47:22.658,1.27044,1.27077,3.00,1.50
2012.04.20 05:47:22.904,1.27044,1.27077,3.00,1.50
2012.04.20 05:47:23.266,1.27044,1.27077,3.00,1.50
2012.04.20 05:47:23.747,1.27044,1.27077,3.00,1.50
2012.04.20 05:47:24.273,1.27044,1.27077,3.00,1.50
2012.04.20 05:47:24.511,1.27044,1.27077,3.00,1.50
2012.04.20 05:47:25.094,1.27044,1.27077,3.00,1.50
2012.04.20 05:47:25.167,1.27044,1.27077,3.00,1.50
2012.04.20 05:47:26.444,1.27044,1.27077,2.25,1.50
2012.04.20 05:47:27.597,1.27044,1.27077,3.00,1.50
2012.04.20 05:47:27.664,1.27044,1.27077,3.00,1.50
2012.04.20 05:47:28.054,1.27044,1.27077,2.25,1.50
2012.04.20 05:47:28.136,1.27044,1.27077,2.25,1.50
2012.04.20 05:47:28.356,1.27044,1.27077,2.25,1.50
2012.04.20 05:47:29.246,1.27044,1.27077,2.25,1.50
2012.04.20 05:47:33.784,1.27045,1.27077,2.25,1.50
2012.04.20 05:47:33.859,1.27045,1.27077,2.25,1.50
2012.04.20 05:47:34.681,1.27045,1.27077,2.25,1.50
2012.04.20 05:47:35.426,1.27045,1.27077,2.25,1.50
2012.04.20 05:47:35.621,1.27045,1.27077,2.25,1.50
2012.04.20 05:47:35.695,1.27045,1.27077,2.25,1.50
2012.04.20 05:47:35.996,1.27045,1.27077,2.25,1.50
2012.04.20 05:47:41.646,1.27041,1.27077,1.50,1.50
2012.04.20 05:47:42.257,1.27042,1.27078,1.50,1.13
2012.04.20 05:47:45.194,1.27043,1.27078,1.50,1.13
2012.04.20 05:47:45.838,1.27045,1.27078,1.50,1.13
2012.04.20 05:47:46.427,1.27045,1.27078,2.25,1.13
2012.04.20 05:47:48.867,1.27042,1.27078,2.25,1.88
2012.04.20 05:47:52.980,1.27044,1.27078,1.50,1.88
2012.04.20 05:47:59.029,1.27044,1.27079,2.25,1.50
2012.04.20 05:48:02.266,1.27042,1.27078,2.25,1.50
2012.04.20 05:48:04.332,1.27042,1.27081,2.25,3.00
2012.04.20 05:48:05.704,1.27042,1.27079,2.25,1.13
2012.04.20 05:48:08.438,1.27043,1.27079,1.50,1.13
2012.04.20 05:48:08.586,1.27042,1.27079,3.00,1.13
2012.04.20 05:48:09.083,1.27043,1.27079,1.50,1.13
2012.04.20 05:48:17.036,1.27041,1.2708,2.64,1.13
2012.04.20 05:48:17.286,1.27042,1.27079,1.50,1.13
2012.04.20 05:48:23.027,1.27042,1.27079,1.50,1.13
2012.04.20 05:48:24.816,1.27042,1.27079,1.50,1.13
2012.04.20 05:48:24.976,1.27042,1.27079,1.50,1.13
2012.04.20 05:48:25.467,1.27041,1.27079,3.00,1.13
2012.04.20 05:48:26.025,1.27041,1.27081,2.25,1.13
2012.04.20 05:48:26.546,1.27044,1.27081,2.25,1.13
2012.04.20 05:48:26.733,1.27044,1.2708,1.50,1.13
2012.04.20 05:48:27.234,1.27041,1.27079,3.00,1.13
2012.04.20 05:48:27.304,1.27045,1.27079,1.50,1.13
2012.04.20 05:48:29.664,1.27045,1.2708,1.50,1.50
2012.04.20 05:48:30.205,1.27045,1.27079,1.50,1.13
2012.04.20 05:48:31.741,1.27045,1.2708,1.50,1.50
2012.04.20 05:48:32.387,1.27046,1.27081,1.50,1.50
2012.04.20 05:48:32.887,1.2705,1.27083,1.50,1.50
2012.04.20 05:48:33.019,1.27046,1.27085,1.50,3.00
2012.04.20 05:48:33.368,1.27046,1.27084,1.50,1.50
2012.04.20 05:48:33.922,1.27047,1.27085,1.14,2.25
2012.04.20 05:48:35.144,1.27047,1.27085,1.14,2.25
2012.04.20 05:48:35.634,1.27047,1.27085,2.25,1.50
2012.04.20 05:48:35.946,1.27044,1.27084,1.14,2.25
2012.04.20 05:48:36.874,1.27048,1.27084,1.50,1.50
2012.04.20 05:48:37.190,1.27048,1.27084,2.25,1.50
2012.04.20 05:48:37.317,1.27048,1.27084,2.25,1.50
2012.04.20 05:48:38.049,1.27051,1.27084,2.25,1.50
2012.04.20 05:48:38.707,1.27054,1.27084,1.50,1.50
2012.04.20 05:48:39.926,1.27054,1.27088,1.50,1.50
2012.04.20 05:48:40.997,1.27054,1.27088,1.50,1.50
2012.04.20 05:48:41.065,1.27047,1.27088,1.14,3.00
2012.04.20 05:48:42.963,1.27048,1.27088,1.50,2.10
2012.04.20 05:48:43.106,1.27048,1.27082,1.50,1.50
2012.04.20 05:48:43.416,1.27041,1.2708,1.50,2.25
2012.04.20 05:48:44.081,1.27041,1.27077,1.50,1.50
2012.04.20 05:48:45.040,1.27039,1.27077,3.00,1.50
2012.04.20 05:48:45.688,1.27039,1.27077,3.00,1.50
2012.04.20 05:48:46.496,1.27039,1.27076,1.50,2.25
2012.04.20 05:48:46.707,1.27036,1.27076,1.50,2.25
2012.04.20 05:48:46.776,1.27036,1.27076,1.50,2.25
2012.04.20 05:48:47.348,1.27036,1.27076,1.50,2.25
2012.04.20 05:48:47.661,1.27039,1.27073,1.50,1.50
2012.04.20 05:48:47.740,1.27039,1.27073,1.50,1.50
2012.04.20 05:48:47.864,1.27041,1.27076,2.25,2.25
2012.04.20 05:48:48.001,1.27045,1.27076,1.50,1.50
2012.04.20 05:48:48.315,1.27045,1.27079,1.50,1.50
2012.04.20 05:48:48.856,1.27045,1.27079,1.50,1.50
2012.04.20 05:48:50.035,1.27041,1.27077,1.50,1.50
2012.04.20 05:48:50.369,1.27045,1.27074,2.25,1.13
2012.04.20 05:48:53.264,1.27041,1.27074,3.00,1.13
2012.04.20 05:48:53.464,1.27041,1.27074,3.00,1.13
2012.04.20 05:48:54.007,1.27042,1.27073,1.50,1.50
2012.04.20 05:48:54.590,1.27046,1.27074,1.50,1.13
2012.04.20 05:48:54.836,1.27042,1.27073,1.50,1.50
2012.04.20 05:48:55.535,1.2704,1.27073,3.00,1.50
2012.04.20 05:48:56.863,1.27043,1.27073,2.25,1.50
2012.04.20 05:48:56.937,1.27043,1.27073,2.25,1.50
2012.04.20 05:48:57.375,1.27043,1.27073,2.25,1.50
2012.04.20 05:48:57.824,1.27052,1.27074,1.50,1.13
2012.04.20 05:48:58.085,1.27052,1.27084,1.50,1.50
2012.04.20 05:48:58.604,1.27056,1.27084,1.50,1.50
2012.04.20 05:48:59.466,1.27056,1.27085,1.50,1.50
2012.04.20 05:49:02.967,1.27051,1.27082,2.25,1.50
2012.04.20 05:49:03.164,1.27044,1.27082,2.25,3.00
2012.04.20 05:49:03.235,1.27044,1.27082,2.25,3.00
2012.04.20 05:49:03.548,1.27044,1.27082,2.25,3.00
2012.04.20 05:49:04.535,1.27045,1.27081,2.25,1.50
2012.04.20 05:49:04.855,1.27047,1.27081,2.25,1.50
2012.04.20 05:49:05.047,1.27045,1.27078,1.50,1.50
2012.04.20 05:49:05.297,1.27051,1.27079,1.50,1.50
2012.04.20 05:49:05.488,1.27047,1.27077,1.50,2.25
2012.04.20 05:49:05.555,1.27047,1.27077,1.50,2.25
2012.04.20 05:49:06.109,1.27047,1.27075,1.50,2.25
2012.04.20 05:49:06.848,1.27047,1.27078,1.50,1.50
2012.04.20 05:49:07.170,1.27051,1.27079,1.50,2.25
2012.04.20 05:49:07.296,1.27051,1.27079,1.50,2.25
2012.04.20 05:49:09.265,1.27047,1.27077,1.50,1.50
2012.04.20 05:49:09.845,1.2705,1.27077,1.50,1.50
2012.04.20 05:49:10.341,1.27051,1.27076,1.50,2.25
2012.04.20 05:49:11.968,1.2704,1.27069,2.25,1.50
2012.04.20 05:49:12.157,1.27043,1.27071,1.50,1.80
2012.04.20 05:49:12.405,1.2704,1.27069,2.25,1.50
2012.04.20 05:49:12.599,1.27041,1.27064,1.50,1.50
2012.04.20 05:49:12.727,1.27043,1.27064,1.50,1.50
2012.04.20 05:49:12.855,1.27042,1.27074,1.50,1.13
2012.04.20 05:49:13.325,1.27042,1.27074,1.50,1.13
2012.04.20 05:49:13.645,1.27042,1.27073,1.50,2.70
2012.04.20 05:49:13.897,1.27052,1.27081,2.25,1.05
2012.04.20 05:49:13.970,1.27052,1.27073,1.50,2.70
2012.04.20 05:49:14.037,1.27041,1.27073,1.50,2.70
2012.04.20 05:49:14.168,1.27045,1.27073,1.50,1.95
2012.04.20 05:49:14.305,1.27045,1.27084,3.00,2.63
2012.04.20 05:49:14.374,1.27045,1.27077,3.00,1.05
2012.04.20 05:49:14.573,1.27049,1.27083,2.25,1.50
2012.04.20 05:49:15.463,1.27049,1.27083,2.25,1.50
2012.04.20 05:49:16.266,1.27049,1.27088,2.25,1.50
2012.04.20 05:49:16.918,1.27045,1.27083,2.25,1.50
2012.04.20 05:49:17.434,1.27045,1.27083,2.25,1.50
2012.04.20 05:49:19.338,1.27046,1.27084,1.50,1.13
2012.04.20 05:49:19.497,1.27052,1.27084,1.50,1.13
2012.04.20 05:49:20.713,1.27049,1.27083,2.25,1.13
2012.04.20 05:49:21.318,1.2705,1.27083,1.50,1.13
2012.04.20 05:49:22.842,1.2705,1.27083,1.50,1.13
2012.04.20 05:49:25.466,1.2705,1.27089,1.50,3.30
2012.04.20 05:49:26.098,1.27049,1.27084,2.25,1.13
2012.04.20 05:49:26.784,1.27049,1.27084,2.25,1.13
2012.04.20 05:49:30.474,1.27049,1.27084,2.25,1.13
2012.04.20 05:49:34.282,1.27046,1.27084,3.00,1.13
2012.04.20 05:49:36.253,1.27046,1.27084,3.00,1.13
2012.04.20 05:49:38.755,1.27046,1.27084,3.00,1.13
2012.04.20 05:49:43.526,1.27049,1.27086,1.50,2.25
2012.04.20 05:49:43.598,1.27052,1.27089,1.50,2.25
2012.04.20 05:49:43.845,1.27046,1.27085,2.25,2.25
2012.04.20 05:49:44.353,1.27046,1.27084,2.25,1.13
2012.04.20 05:49:49.404,1.27046,1.27084,2.25,1.13
2012.04.20 05:49:49.478,1.27049,1.27084,1.50,1.13
2012.04.20 05:49:50.704,1.27052,1.27086,1.50,1.13
2012.04.20 05:49:54.995,1.27054,1.27089,1.14,1.88
2012.04.20 05:49:55.306,1.27058,1.27089,1.50,1.50
2012.04.20 05:49:55.615,1.27063,1.27085,1.50,1.50
2012.04.20 05:49:55.925,1.27061,1.27079,1.50,1.50
2012.04.20 05:49:56.238,1.27046,1.27075,1.50,1.50
2012.04.20 05:49:56.544,1.27044,1.27075,1.89,2.10
2012.04.20 05:49:56.734,1.27059,1.2708,1.50,1.50
2012.04.20 05:49:56.986,1.27054,1.2708,1.50,1.50
2012.04.20 05:50:02.166,1.27048,1.2708,1.50,1.88
2012.04.20 05:50:02.294,1.27048,1.2708,1.50,1.88
2012.04.20 05:50:02.366,1.27042,1.27075,1.14,1.50
2012.04.20 05:50:02.675,1.27042,1.27075,1.14,1.88
2012.04.20 05:50:02.985,1.27057,1.2707,1.14,1.50
2012.04.20 05:50:03.114,1.27057,1.2708,1.14,1.50
2012.04.20 05:50:03.244,1.27057,1.27083,1.14,1.88
2012.04.20 05:50:04.012,1.27065,1.27083,1.50,1.50
2012.04.20 05:50:04.327,1.27069,1.27083,1.14,1.50
2012.04.20 05:50:04.394,1.27069,1.2709,1.14,1.50
2012.04.20 05:50:04.525,1.27069,1.27102,1.14,1.50
2012.04.20 05:50:05.160,1.27069,1.27102,1.14,1.50
2012.04.20 05:50:06.960,1.27069,1.27103,1.14,2.25
2012.04.20 05:50:09.081,1.27069,1.27098,1.14,1.50
2012.04.20 05:50:09.159,1.27067,1.27097,1.14,1.50
2012.04.20 05:50:09.226,1.27067,1.27091,1.14,1.50
2012.04.20 05:50:09.535,1.27067,1.27094,1.14,2.25
2012.04.20 05:50:09.786,1.27062,1.27092,1.14,2.25
2012.04.20 05:50:10.095,1.2706,1.27092,1.14,2.25
2012.04.20 05:50:10.626,1.27059,1.27086,1.14,1.13
2012.04.20 05:50:15.423,1.27059,1.27087,1.14,1.13
2012.04.20 05:50:22.302,1.27056,1.27087,1.14,2.25
2012.04.20 05:50:22.895,1.27056,1.27085,1.14,1.13
2012.04.20 05:50:23.489,1.27057,1.27082,1.14,2.25
2012.04.20 05:50:23.555,1.27049,1.27082,1.14,2.25
2012.04.20 05:50:24.205,1.2705,1.27083,1.14,1.13
2012.04.20 05:50:25.921,1.27049,1.27083,1.14,1.13
2012.04.20 05:50:28.133,1.2705,1.27083,1.14,1.13
2012.04.20 05:50:28.447,1.27054,1.27087,1.14,1.88
2012.04.20 05:50:34.142,1.27053,1.27087,1.14,1.50
2012.04.20 05:50:34.863,1.27054,1.27087,1.14,2.25
2012.04.20 05:50:35.114,1.27054,1.27087,1.14,4.05
2012.04.20 05:50:35.364,1.27053,1.27087,1.14,2.55
2012.04.20 05:50:36.096,1.27057,1.27087,1.50,2.55
2012.04.20 05:50:36.613,1.27054,1.27087,1.14,2.55
2012.04.20 05:50:37.116,1.27054,1.27087,1.14,2.55
2012.04.20 05:50:38.294,1.27057,1.27087,1.50,1.80
2012.04.20 05:50:38.486,1.27055,1.27092,2.25,1.80
2012.04.20 05:50:38.796,1.27055,1.27086,1.14,2.25
2012.04.20 05:50:39.165,1.27051,1.27086,1.14,2.25
2012.04.20 05:50:40.496,1.27051,1.27086,1.14,2.25
2012.04.20 05:50:42.154,1.27052,1.27078,1.14,1.50
2012.04.20 05:50:42.345,1.27051,1.27087,1.14,2.25
2012.04.20 05:50:42.742,1.27052,1.27077,1.14,1.50
2012.04.20 05:50:43.305,1.27052,1.27081,1.14,2.25
2012.04.20 05:50:43.615,1.27054,1.27081,1.14,1.50
2012.04.20 05:50:43.746,1.27054,1.27081,1.14,1.50
2012.04.20 05:50:44.056,1.27055,1.27081,1.14,1.50
2012.04.20 05:50:44.581,1.27054,1.27084,1.14,2.25
2012.04.20 05:50:49.035,1.27055,1.27084,1.14,1.50
2012.04.20 05:50:49.108,1.27055,1.27089,1.14,2.63
2012.04.20 05:50:51.057,1.27059,1.27089,1.14,1.50
2012.04.20 05:50:51.127,1.27059,1.27085,1.14,1.50
2012.04.20 05:50:51.375,1.27059,1.27091,1.14,2.25
2012.04.20 05:50:53.562,1.27059,1.27091,1.14,2.25
2012.04.20 05:50:54.907,1.27059,1.27083,1.14,1.50
2012.04.20 05:50:55.096,1.27059,1.27085,1.14,2.25
2012.04.20 05:50:58.009,1.2706,1.27082,1.14,1.50
2012.04.20 05:50:58.235,1.2706,1.27087,1.14,2.25
2012.04.20 05:50:58.468,1.2706,1.27083,1.14,1.50
2012.04.20 05:51:14.344,1.2706,1.27092,1.14,1.50
2012.04.20 05:51:28.113,1.27063,1.27093,1.50,3.30
2012.04.20 05:51:28.375,1.27064,1.27093,2.25,1.80
2012.04.20 05:51:28.445,1.27064,1.27101,2.25,1.50
2012.04.20 05:51:28.575,1.27063,1.27098,1.50,1.50
2012.04.20 05:51:28.766,1.27062,1.27093,1.50,2.25
2012.04.20 05:51:28.894,1.27062,1.27093,1.50,1.50
2012.04.20 05:51:29.024,1.2706,1.27093,1.09,1.50
2012.04.20 05:51:29.338,1.27062,1.27096,1.50,1.05
2012.04.20 05:51:29.466,1.27062,1.27093,1.50,1.50
2012.04.20 05:51:30.128,1.27062,1.27097,1.50,1.50
2012.04.20 05:51:38.295,1.27059,1.27097,1.13,1.50
2012.04.20 05:51:38.615,1.27059,1.27091,1.50,1.50
2012.04.20 05:51:38.806,1.27059,1.27095,1.50,1.50
2012.04.20 05:51:38.937,1.27064,1.27101,1.13,2.25
2012.04.20 05:51:39.068,1.27062,1.27101,2.25,2.25
2012.04.20 05:51:39.376,1.2706,1.27094,1.13,1.50
2012.04.20 05:51:39.939,1.2706,1.27091,1.13,1.50
2012.04.20 05:51:40.126,1.2706,1.27091,1.13,1.50
2012.04.20 05:51:40.255,1.27063,1.27094,1.50,1.50
2012.04.20 05:51:40.385,1.27063,1.27094,2.25,1.50
2012.04.20 05:51:40.954,1.27063,1.27094,1.50,1.50
2012.04.20 05:51:44.468,1.27062,1.27094,1.50,1.50
2012.04.20 05:51:44.596,1.27062,1.27099,1.50,1.50
2012.04.20 05:51:44.975,1.27062,1.27096,1.50,1.50
2012.04.20 05:51:48.644,1.27057,1.27096,3.75,2.25
2012.04.20 05:51:48.964,1.27057,1.27096,3.75,2.25
2012.04.20 05:51:49.526,1.27057,1.27096,3.00,2.25
2012.04.20 05:51:50.296,1.27057,1.27096,3.00,2.25
2012.04.20 05:51:55.768,1.27057,1.27096,3.00,2.25
2012.04.20 05:51:57.944,1.27057,1.27096,2.25,2.25
2012.04.20 05:52:01.194,1.27059,1.27097,1.50,1.50
2012.04.20 05:52:01.974,1.27059,1.27097,2.25,1.50
2012.04.20 05:52:02.539,1.27062,1.27101,1.14,2.25
2012.04.20 05:52:03.093,1.27062,1.27101,1.14,2.25
2012.04.20 05:52:03.594,1.27062,1.27096,1.14,2.25
2012.04.20 05:52:03.926,1.27063,1.27102,1.89,1.50
2012.04.20 05:52:04.307,1.27063,1.27099,1.50,1.50
2012.04.20 05:52:04.557,1.27061,1.27099,2.25,1.50
2012.04.20 05:52:05.120,1.27064,1.27098,1.50,1.50
2012.04.20 05:52:07.274,1.27064,1.27099,1.50,1.87
2012.04.20 05:52:12.634,1.27064,1.27099,1.50,1.87
2012.04.20 05:52:12.706,1.27064,1.27099,2.25,1.50
2012.04.20 05:52:12.955,1.27064,1.27098,1.50,1.50
2012.04.20 05:52:13.026,1.27064,1.27099,2.25,1.50
2012.04.20 05:52:13.095,1.27064,1.27099,2.25,1.50
2012.04.20 05:52:15.321,1.27066,1.27089,1.50,1.50
2012.04.20 05:52:15.627,1.27061,1.27089,1.14,1.50
2012.04.20 05:52:15.698,1.27067,1.27101,2.25,2.55
2012.04.20 05:52:15.828,1.27067,1.27102,2.25,1.50
2012.04.20 05:52:15.957,1.2707,1.27105,1.13,1.50
2012.04.20 05:52:16.205,1.27068,1.27105,1.13,1.50
2012.04.20 05:52:16.725,1.27071,1.27105,1.50,1.50
2012.04.20 05:52:19.986,1.27071,1.27106,2.25,1.50
2012.04.20 05:52:20.537,1.27072,1.27108,1.14,2.25
2012.04.20 05:52:21.226,1.27072,1.27107,1.14,1.50
2012.04.20 05:52:21.717,1.27076,1.27107,1.50,1.50
2012.04.20 05:52:22.052,1.27077,1.27108,1.14,1.50
2012.04.20 05:52:22.545,1.27081,1.27108,1.88,1.50
2012.04.20 05:52:24.488,1.27081,1.27108,1.13,1.50
2012.04.20 05:52:26.756,1.27081,1.27108,1.13,1.50
2012.04.20 05:52:27.068,1.27077,1.27108,1.89,1.50
2012.04.20 05:52:27.140,1.27072,1.27107,2.64,1.50
2012.04.20 05:52:27.325,1.27074,1.27107,1.50,1.50
2012.04.20 05:52:27.657,1.27072,1.27104,2.64,1.50
2012.04.20 05:52:27.727,1.27072,1.27104,2.64,1.50
2012.04.20 05:52:28.259,1.27072,1.27104,2.64,1.50
2012.04.20 05:52:28.870,1.27072,1.27104,2.25,1.50
2012.04.20 05:52:29.496,1.27072,1.27104,2.25,1.50
2012.04.20 05:52:30.407,1.27074,1.27111,1.50,2.25
2012.04.20 05:52:30.955,1.27074,1.27111,1.89,1.50
2012.04.20 05:52:31.464,1.27074,1.27111,1.89,1.50
2012.04.20 05:52:32.426,1.27074,1.2711,1.89,1.50
2012.04.20 05:52:37.186,1.27078,1.27112,1.14,1.50
2012.04.20 05:52:37.315,1.27079,1.27112,1.14,1.50
2012.04.20 05:52:38.550,1.27079,1.27109,1.14,1.50
2012.04.20 05:52:39.077,1.27078,1.27109,2.64,1.50
2012.04.20 05:52:41.957,1.27085,1.27109,1.80,1.50
2012.04.20 05:52:42.285,1.27092,1.27113,1.50,1.50
2012.04.20 05:52:42.355,1.27092,1.27113,1.50,1.50
2012.04.20 05:52:42.429,1.27092,1.27123,1.50,2.25
2012.04.20 05:52:42.499,1.27092,1.27123,1.13,2.25
2012.04.20 05:52:42.568,1.2709,1.27122,1.13,1.50
2012.04.20 05:52:42.699,1.27087,1.27122,2.25,1.50
2012.04.20 05:52:43.068,1.27085,1.27122,2.55,1.50
2012.04.20 05:52:43.595,1.27081,1.27117,2.64,1.50
2012.04.20 05:52:43.919,1.27087,1.27116,1.14,1.50
2012.04.20 05:52:43.991,1.27086,1.27119,1.14,1.50
2012.04.20 05:52:44.067,1.27081,1.27118,1.89,1.50
2012.04.20 05:52:44.378,1.27081,1.27114,1.89,1.50
2012.04.20 05:52:44.880,1.2708,1.27113,1.14,1.50
2012.04.20 05:52:44.947,1.2708,1.27113,1.14,1.50
2012.04.20 05:52:45.756,1.2708,1.27113,1.14,1.50
2012.04.20 05:52:46.289,1.27079,1.27113,1.14,1.50
2012.04.20 05:52:46.835,1.2708,1.27108,1.14,1.50
2012.04.20 05:52:47.035,1.2708,1.27108,1.14,1.50
2012.04.20 05:52:53.024,1.2708,1.27109,1.14,1.50
2012.04.20 05:52:53.456,1.27084,1.27109,1.50,1.50
2012.04.20 05:52:54.584,1.27088,1.27115,1.50,1.50
2012.04.20 05:52:57.056,1.27083,1.27114,1.89,1.50
2012.04.20 05:52:58.374,1.27085,1.27115,1.14,1.50
2012.04.20 05:52:58.447,1.27086,1.27114,1.14,1.50
2012.04.20 05:52:59.356,1.27087,1.27114,2.25,1.50
2012.04.20 05:52:59.867,1.27087,1.27114,2.25,1.50
2012.04.20 05:53:00.435,1.27086,1.27114,1.14,1.50
2012.04.20 05:53:00.507,1.27089,1.27114,1.14,1.50
2012.04.20 05:53:00.846,1.27094,1.27114,1.50,1.50
2012.04.20 05:53:02.067,1.27094,1.27114,1.50,1.50
2012.04.20 05:53:02.658,1.27094,1.27115,1.50,1.50
2012.04.20 05:53:04.046,1.27087,1.27114,2.64,1.50
2012.04.20 05:53:04.174,1.27087,1.27114,1.14,1.50
2012.04.20 05:53:04.246,1.27087,1.27115,1.14,1.50
2012.04.20 05:53:04.555,1.27088,1.27121,1.14,2.25
2012.04.20 05:53:05.140,1.27087,1.27119,1.14,2.25
2012.04.20 05:53:05.735,1.27087,1.27119,1.14,2.25
2012.04.20 05:53:06.414,1.27087,1.27119,1.14,2.25
2012.04.20 05:53:07.569,1.2708,1.27113,1.14,1.50
2012.04.20 05:53:07.647,1.27082,1.27119,1.14,2.25
2012.04.20 05:53:07.958,1.27086,1.2712,2.25,1.50
2012.04.20 05:53:08.088,1.27087,1.2712,1.14,3.00
2012.04.20 05:53:08.155,1.27084,1.2712,1.14,3.00
2012.04.20 05:53:08.346,1.27085,1.27119,1.14,1.50
2012.04.20 05:53:08.656,1.27086,1.2712,1.14,1.50
2012.04.20 05:53:09.389,1.27086,1.2712,1.14,1.50
2012.04.20 05:53:11.149,1.27086,1.2712,1.14,1.50
2012.04.20 05:53:16.834,1.27087,1.27119,1.14,2.25
2012.04.20 05:53:17.227,1.2709,1.27119,2.55,1.50
2012.04.20 05:53:17.297,1.27091,1.27119,1.50,1.50
2012.04.20 05:53:17.545,1.27092,1.2712,1.14,2.25
2012.04.20 05:53:20.606,1.27093,1.27119,1.14,1.50
2012.04.20 05:53:21.305,1.27087,1.2712,1.13,2.25
2012.04.20 05:53:24.926,1.27082,1.27119,3.01,1.50
2012.04.20 05:53:24.998,1.27082,1.2712,2.64,1.50
2012.04.20 05:53:25.317,1.27085,1.27121,1.89,1.50
2012.04.20 05:53:25.868,1.2708,1.27111,1.14,1.50
2012.04.20 05:53:26.538,1.27081,1.27114,1.14,1.50
2012.04.20 05:53:26.769,1.27081,1.27114,1.14,1.50
2012.04.20 05:53:27.496,1.27078,1.27107,1.89,1.50
2012.04.20 05:53:27.699,1.27081,1.2711,1.14,2.25
2012.04.20 05:53:28.009,1.27081,1.27117,1.14,2.25
2012.04.20 05:53:28.573,1.27081,1.27113,1.14,1.50
2012.04.20 05:53:29.788,1.27082,1.27113,1.14,1.50
2012.04.20 05:53:29.997,1.27081,1.27113,2.19,1.50
2012.04.20 05:53:30.557,1.27087,1.27119,1.89,1.50
2012.04.20 05:53:30.745,1.27087,1.27113,1.89,1.50
2012.04.20 05:53:33.427,1.27087,1.27112,1.89,1.50
2012.04.20 05:53:34.063,1.27087,1.27113,1.89,1.50
2012.04.20 05:53:34.386,1.27083,1.27113,1.89,1.50
2012.04.20 05:53:34.777,1.27077,1.27112,1.89,1.50
2012.04.20 05:53:35.297,1.27077,1.27113,1.89,1.50
2012.04.20 05:53:38.756,1.27082,1.27118,1.89,1.50
2012.04.20 05:53:39.816,1.27082,1.27119,1.89,1.50
2012.04.20 05:53:41.375,1.27082,1.27118,1.89,1.50
2012.04.20 05:53:42.935,1.27078,1.27119,1.89,3.75
2012.04.20 05:53:43.246,1.27076,1.27113,2.19,2.25
2012.04.20 05:53:43.797,1.27079,1.27108,1.89,1.50
2012.04.20 05:53:45.724,1.27082,1.2711,1.14,1.50
2012.04.20 05:53:46.281,1.27076,1.27108,2.19,1.50
2012.04.20 05:53:48.284,1.27076,1.27111,2.19,1.50
2012.04.20 05:53:49.046,1.27076,1.27113,2.94,1.50
2012.04.20 05:53:52.228,1.27077,1.27108,1.14,1.50
2012.04.20 05:53:52.295,1.27077,1.27108,1.14,1.50
2012.04.20 05:53:52.606,1.2708,1.27116,1.14,2.25
2012.04.20 05:53:52.868,1.27077,1.27116,1.14,2.25
2012.04.20 05:53:53.007,1.2708,1.27116,1.14,2.25
2012.04.20 05:53:53.258,1.27081,1.27115,1.14,1.50
2012.04.20 05:53:54.036,1.27083,1.27119,1.14,3.00
2012.04.20 05:53:56.830,1.27081,1.27118,1.14,1.50
2012.04.20 05:53:56.898,1.2708,1.27118,1.89,1.50
2012.04.20 05:53:57.350,1.27082,1.27115,1.14,1.50
2012.04.20 05:53:57.416,1.27082,1.27115,1.89,1.50
2012.04.20 05:53:57.733,1.27098,1.27119,3.30,1.50
2012.04.20 05:53:57.808,1.27095,1.27119,1.13,1.50
2012.04.20 05:53:57.936,1.27095,1.27117,1.13,3.00
2012.04.20 05:53:58.608,1.27095,1.27117,1.13,3.00
2012.04.20 05:54:01.547,1.27095,1.27117,1.13,2.25
2012.04.20 05:54:09.278,1.27096,1.27117,1.13,2.25
2012.04.20 05:54:11.557,1.27096,1.27118,1.13,1.50
2012.04.20 05:54:11.806,1.27096,1.27118,1.13,1.50
2012.04.20 05:54:12.907,1.2708,1.27115,2.25,1.50
2012.04.20 05:54:12.977,1.2708,1.2711,1.50,1.50
2012.04.20 05:54:13.048,1.2708,1.2711,1.50,1.50
2012.04.20 05:54:13.236,1.27077,1.2711,1.50,1.50
2012.04.20 05:54:13.425,1.27075,1.27111,2.25,1.50
2012.04.20 05:54:13.557,1.27075,1.27114,3.00,1.50
2012.04.20 05:54:13.626,1.27083,1.27114,1.50,1.50
2012.04.20 05:54:13.998,1.27083,1.27114,1.50,1.50
2012.04.20 05:54:14.127,1.27076,1.27112,2.25,2.25
2012.04.20 05:54:14.950,1.27078,1.27114,1.50,1.50
2012.04.20 05:54:15.497,1.27078,1.27114,1.50,1.50
2012.04.20 05:54:15.879,1.27076,1.27113,1.50,1.50
2012.04.20 05:54:15.947,1.27076,1.27112,1.50,2.25
2012.04.20 05:54:16.399,1.27072,1.27101,3.00,1.50
2012.04.20 05:54:16.938,1.27072,1.27106,3.00,1.50
2012.04.20 05:54:17.247,1.27072,1.27106,3.00,1.50
2012.04.20 05:54:18.515,1.27076,1.27106,2.25,1.50
2012.04.20 05:54:18.586,1.27076,1.27106,2.25,1.50
2012.04.20 05:54:18.919,1.27076,1.27105,1.50,1.50
2012.04.20 05:54:19.335,1.27076,1.27106,3.00,1.50
2012.04.20 05:54:21.197,1.27076,1.27106,2.25,1.50
2012.04.20 05:54:22.026,1.2708,1.27113,2.55,1.50
2012.04.20 05:54:22.216,1.2708,1.27113,4.05,1.50
2012.04.20 05:54:22.784,1.2708,1.2711,2.25,1.50
2012.04.20 05:54:22.855,1.2708,1.2711,2.25,1.50
2012.04.20 05:54:38.250,1.27082,1.2711,1.50,1.50
2012.04.20 05:54:38.717,1.27077,1.27109,2.25,1.50
2012.04.20 05:54:39.604,1.27075,1.27109,2.55,1.50
2012.04.20 05:54:40.164,1.27075,1.27109,2.55,1.50
2012.04.20 05:54:41.337,1.27075,1.27109,2.55,1.50
2012.04.20 05:54:43.489,1.27075,1.27109,2.55,1.50
2012.04.20 05:54:44.086,1.27068,1.27106,2.25,1.50
2012.04.20 05:54:46.814,1.27066,1.271,2.25,1.50
2012.04.20 05:54:47.245,1.27075,1.27102,1.50,1.50
2012.04.20 05:54:49.117,1.27072,1.27103,1.50,1.50
2012.04.20 05:54:49.185,1.27072,1.27103,2.25,1.50
2012.04.20 05:54:49.726,1.27072,1.27103,2.25,1.50
2012.04.20 05:54:50.116,1.27072,1.27103,3.00,1.50
2012.04.20 05:54:50.247,1.27091,1.27106,1.50,1.50
2012.04.20 05:54:50.440,1.27089,1.27114,2.25,1.50
2012.04.20 05:54:50.507,1.27089,1.27113,1.50,1.50
2012.04.20 05:54:50.695,1.27089,1.27118,2.25,1.50
2012.04.20 05:54:50.949,1.27081,1.27119,2.25,1.50
2012.04.20 05:54:51.016,1.27081,1.27118,2.25,1.50
2012.04.20 05:54:51.325,1.27084,1.27118,1.50,1.50
2012.04.20 05:54:51.456,1.27084,1.27118,1.50,1.50
2012.04.20 05:54:51.959,1.2708,1.27118,1.50,1.50
2012.04.20 05:54:52.087,1.27084,1.27118,1.50,1.50
2012.04.20 05:54:52.399,1.27084,1.27118,1.50,1.50
2012.04.20 05:54:54.165,1.27084,1.27118,1.50,1.50
2012.04.20 05:54:55.548,1.27077,1.27115,2.25,1.50
2012.04.20 05:54:58.043,1.27077,1.27115,2.25,1.50
2012.04.20 05:55:00.419,1.27075,1.27112,1.14,1.50
2012.04.20 05:55:02.343,1.27072,1.27112,1.14,1.50
2012.04.20 05:55:02.646,1.27077,1.27112,2.25,1.50
2012.04.20 05:55:07.158,1.27076,1.27112,2.25,1.50
2012.04.20 05:55:07.347,1.27076,1.27112,2.25,1.50
2012.04.20 05:55:08.206,1.27078,1.27117,1.14,1.87
2012.04.20 05:55:09.107,1.27081,1.27117,1.50,1.87
2012.04.20 05:55:09.488,1.27082,1.27116,1.50,2.25
2012.04.20 05:55:09.797,1.27084,1.27117,2.25,1.50
2012.04.20 05:55:12.485,1.27086,1.27118,1.14,3.00
2012.04.20 05:55:13.185,1.27088,1.27117,2.25,1.50
2012.04.20 05:55:13.634,1.27088,1.27127,2.64,1.50
2012.04.20 05:55:14.795,1.27088,1.27127,1.50,2.62
2012.04.20 05:55:15.105,1.27083,1.2712,2.25,1.50
2012.04.20 05:55:15.175,1.27083,1.2712,2.25,1.50
2012.04.20 05:55:19.396,1.27083,1.2712,2.25,1.50
2012.04.20 05:55:20.142,1.27083,1.2712,2.25,1.50
2012.04.20 05:55:20.504,1.27083,1.2712,1.50,1.50
2012.04.20 05:55:21.297,1.27079,1.2712,2.64,3.00
2012.04.20 05:55:21.734,1.27084,1.2712,1.50,1.50
2012.04.20 05:55:24.945,1.27084,1.2712,2.25,1.50
2012.04.20 05:55:25.018,1.27084,1.2712,2.25,1.50
2012.04.20 05:55:25.087,1.27087,1.27124,1.50,1.50
2012.04.20 05:55:25.274,1.27087,1.27123,1.50,1.50
2012.04.20 05:55:25.348,1.27084,1.27124,1.50,2.25
2012.04.20 05:55:25.418,1.27089,1.27124,1.50,2.25
2012.04.20 05:55:26.101,1.27089,1.27127,2.25,1.50
2012.04.20 05:55:26.174,1.27092,1.27128,1.50,1.50
2012.04.20 05:55:26.307,1.27089,1.27128,2.25,2.25
2012.04.20 05:55:26.495,1.27089,1.27128,2.25,2.25
2012.04.20 05:55:26.626,1.27092,1.2713,2.25,1.50
2012.04.20 05:55:27.146,1.27096,1.2713,1.50,1.50
2012.04.20 05:55:29.957,1.27096,1.27129,1.50,1.50
2012.04.20 05:55:30.205,1.27092,1.27126,2.25,1.50
2012.04.20 05:55:30.275,1.27092,1.27126,2.25,1.50
2012.04.20 05:55:31.486,1.27092,1.27129,2.25,1.50
2012.04.20 05:55:31.735,1.27092,1.27129,2.25,1.50
2012.04.20 05:55:32.046,1.27098,1.27131,2.25,1.50
2012.04.20 05:55:32.355,1.27098,1.27131,2.25,1.50
2012.04.20 05:55:32.432,1.27098,1.27131,1.50,1.50
2012.04.20 05:55:32.566,1.27095,1.27128,1.50,1.50
2012.04.20 05:55:32.695,1.27095,1.27132,1.50,2.25
2012.04.20 05:55:33.686,1.27095,1.27128,1.50,1.50
2012.04.20 05:55:33.905,1.27095,1.27128,1.50,1.50
2012.04.20 05:55:34.156,1.2709,1.27125,1.50,1.50
2012.04.20 05:55:37.244,1.27086,1.27126,2.25,1.50
2012.04.20 05:55:41.608,1.27087,1.27125,2.25,1.50
2012.04.20 05:55:41.903,1.2709,1.27125,1.50,1.50
2012.04.20 05:55:42.902,1.27095,1.27131,2.25,1.50
2012.04.20 05:55:42.977,1.27095,1.27131,2.25,1.50
2012.04.20 05:55:43.047,1.27095,1.27131,1.50,1.50
2012.04.20 05:55:43.588,1.27094,1.27131,1.50,1.50
2012.04.20 05:55:43.897,1.27097,1.27131,1.50,1.50
2012.04.20 05:55:44.545,1.27094,1.27131,1.50,1.50
2012.04.20 05:55:46.417,1.27094,1.27124,2.25,1.35
2012.04.20 05:55:46.492,1.27084,1.27118,2.25,2.25
2012.04.20 05:55:46.628,1.27083,1.27118,2.25,1.50
2012.04.20 05:55:46.759,1.27085,1.27121,1.50,1.50
2012.04.20 05:55:47.127,1.27081,1.27121,1.50,3.00
2012.04.20 05:55:48.489,1.27078,1.27117,1.14,3.00
2012.04.20 05:55:52.964,1.27077,1.27117,3.39,2.25
2012.04.20 05:55:53.480,1.27082,1.27117,1.50,1.50
2012.04.20 05:55:55.995,1.27082,1.27118,1.50,3.00
2012.04.20 05:55:57.807,1.27074,1.27114,4.44,2.25
2012.04.20 05:55:57.996,1.27078,1.27114,1.14,2.25
2012.04.20 05:55:58.421,1.27078,1.27114,1.14,2.25
2012.04.20 05:55:58.495,1.27088,1.27118,1.50,1.50
2012.04.20 05:55:58.986,1.2708,1.27117,2.55,1.50
2012.04.20 05:55:59.056,1.27084,1.27117,2.25,1.50
2012.04.20 05:55:59.366,1.27084,1.27122,2.25,1.50
2012.04.20 05:55:59.436,1.27084,1.27122,1.50,1.50
2012.04.20 05:55:59.577,1.27087,1.27121,1.50,1.50
2012.04.20 05:56:00.357,1.27082,1.27121,2.25,2.25
2012.04.20 05:56:00.488,1.27082,1.27121,1.50,2.25
2012.04.20 05:56:00.616,1.27087,1.27121,1.50,1.50
2012.04.20 05:56:10.509,1.27083,1.27121,1.50,1.50
2012.04.20 05:56:10.815,1.27079,1.27116,2.25,1.50
2012.04.20 05:56:12.351,1.27084,1.27115,1.50,1.50
2012.04.20 05:56:12.898,1.27087,1.27115,1.50,1.50
2012.04.20 05:56:13.271,1.27087,1.27119,1.50,1.50
2012.04.20 05:56:15.714,1.27083,1.27119,1.50,1.50
2012.04.20 05:56:15.789,1.27086,1.27119,1.50,1.50
2012.04.20 05:56:19.235,1.27083,1.27119,1.50,1.50
2012.04.20 05:56:20.075,1.27083,1.2711,1.50,1.50
2012.04.20 05:56:20.206,1.27077,1.27109,1.89,1.50
2012.04.20 05:56:20.457,1.27077,1.27108,1.50,1.50
2012.04.20 05:56:20.527,1.27072,1.27108,1.14,1.50
2012.04.20 05:56:21.074,1.27073,1.27107,1.89,1.50
2012.04.20 05:56:21.726,1.27073,1.27108,1.89,1.50
2012.04.20 05:56:22.249,1.27069,1.27108,2.64,2.25
2012.04.20 05:56:22.323,1.27069,1.27104,1.14,1.50
2012.04.20 05:56:22.398,1.27071,1.27107,1.89,1.50
2012.04.20 05:56:22.767,1.27073,1.27107,1.14,1.50
2012.04.20 05:56:23.945,1.27071,1.27108,2.64,1.50
2012.04.20 05:56:24.436,1.27071,1.27113,2.64,2.40
2012.04.20 05:56:24.808,1.27077,1.27113,1.14,2.25
2012.04.20 05:56:25.698,1.27073,1.27114,1.89,2.25
2012.04.20 05:56:27.183,1.27079,1.27114,1.14,2.25
2012.04.20 05:56:27.327,1.27079,1.27114,1.14,2.25
2012.04.20 05:56:27.457,1.27079,1.27114,2.19,2.25
2012.04.20 05:56:27.976,1.27077,1.27117,1.89,2.25
2012.04.20 05:56:28.526,1.27077,1.27117,1.89,2.25
2012.04.20 05:56:29.166,1.27077,1.27117,1.89,2.25
2012.04.20 05:56:29.238,1.27077,1.27117,1.89,2.25
2012.04.20 05:56:29.908,1.27076,1.27116,1.89,2.25
2012.04.20 05:56:30.717,1.27076,1.27116,2.64,2.25
2012.04.20 05:56:32.153,1.27076,1.27116,2.64,2.25
2012.04.20 05:56:34.754,1.27076,1.27103,1.89,2.25
2012.04.20 05:56:35.068,1.27071,1.27095,1.14,1.13
2012.04.20 05:56:35.738,1.27071,1.27095,1.14,1.13
2012.04.20 05:56:36.105,1.27071,1.27101,1.14,2.25
2012.04.20 05:56:36.513,1.27071,1.27111,1.14,2.25
2012.04.20 05:56:37.160,1.27071,1.27111,1.14,2.25
2012.04.20 05:56:37.225,1.27071,1.27111,1.14,2.25
2012.04.20 05:56:37.829,1.27071,1.27111,1.14,2.25
2012.04.20 05:56:38.150,1.27069,1.27107,1.89,2.25
2012.04.20 05:56:38.277,1.27071,1.27113,1.89,2.25
2012.04.20 05:56:38.827,1.27075,1.27115,1.50,2.25
2012.04.20 05:56:39.228,1.27069,1.27105,1.89,1.50
2012.04.20 05:56:39.300,1.27075,1.27113,1.50,1.50
2012.04.20 05:56:40.055,1.27072,1.27111,1.89,2.25
2012.04.20 05:56:40.729,1.27075,1.27112,1.50,1.50
2012.04.20 05:56:43.336,1.27069,1.27105,1.14,1.50
2012.04.20 05:56:43.958,1.27069,1.27106,1.14,1.50
2012.04.20 05:56:44.300,1.27069,1.27106,1.14,1.50
2012.04.20 05:56:46.416,1.27072,1.27108,1.50,1.50
2012.04.20 05:56:46.727,1.27075,1.27108,1.50,1.50
2012.04.20 05:56:54.384,1.2707,1.27108,1.50,1.50
2012.04.20 05:56:54.678,1.27073,1.27108,1.50,1.50
2012.04.20 05:57:13.575,1.27069,1.27109,2.25,1.50
2012.04.20 05:57:14.337,1.27073,1.27108,1.50,1.50
2012.04.20 05:57:18.528,1.27069,1.27108,2.64,1.50
2012.04.20 05:57:20.446,1.27069,1.27109,1.50,2.25
2012.04.20 05:57:24.568,1.27069,1.27109,1.50,2.25
2012.04.20 05:57:25.078,1.27066,1.27105,1.14,1.50
2012.04.20 05:57:25.895,1.27068,1.27108,1.89,2.25
2012.04.20 05:57:26.247,1.27066,1.27104,1.14,1.50
2012.04.20 05:57:26.976,1.27068,1.27107,1.89,2.25
2012.04.20 05:57:29.121,1.27066,1.27104,1.14,1.50
2012.04.20 05:57:30.998,1.27067,1.27107,1.50,2.25
2012.04.20 05:57:31.910,1.27066,1.27103,1.14,1.50
2012.04.20 05:57:39.817,1.27063,1.27099,1.50,1.50
2012.04.20 05:57:40.157,1.27063,1.27096,1.50,1.50
2012.04.20 05:57:40.455,1.27061,1.27096,2.64,1.50
2012.04.20 05:57:41.166,1.27064,1.27105,1.50,1.50
2012.04.20 05:57:41.296,1.27062,1.271,1.14,1.50
2012.04.20 05:57:41.467,1.27065,1.27104,1.89,1.50
2012.04.20 05:57:41.871,1.27068,1.27104,1.14,1.50
2012.04.20 05:57:42.119,1.27067,1.27104,1.14,1.50
2012.04.20 05:57:42.902,1.27068,1.27105,1.14,2.25
2012.04.20 05:57:43.555,1.27067,1.27104,1.14,1.50
2012.04.20 05:57:43.835,1.27066,1.27104,1.14,1.50
2012.04.20 05:57:44.086,1.27066,1.271,1.14,1.50
2012.04.20 05:57:44.635,1.27066,1.27103,1.14,1.50
2012.04.20 05:57:45.215,1.27066,1.27103,1.14,1.50
2012.04.20 05:57:47.176,1.27064,1.27103,1.89,1.50
2012.04.20 05:57:47.407,1.27064,1.27103,2.64,1.50
2012.04.20 05:57:47.716,1.27064,1.271,1.14,1.50
2012.04.20 05:57:47.786,1.27064,1.27104,1.14,1.50
2012.04.20 05:57:48.396,1.27062,1.27104,3.39,1.50
2012.04.20 05:57:48.989,1.27062,1.27104,3.39,1.50
2012.04.20 05:57:49.357,1.27062,1.27098,1.89,1.50
2012.04.20 05:57:49.757,1.27064,1.27098,1.14,1.50
2012.04.20 05:57:49.825,1.27064,1.27103,1.14,1.50
2012.04.20 05:57:59.345,1.27066,1.27107,2.25,2.25
2012.04.20 05:58:00.004,1.27066,1.27107,1.89,2.25
2012.04.20 05:58:00.075,1.27062,1.27101,3.39,1.50
2012.04.20 05:58:00.929,1.27064,1.27106,1.89,2.25
2012.04.20 05:58:01.145,1.2707,1.27111,1.50,2.25
2012.04.20 05:58:01.847,1.2707,1.27111,1.50,2.25
2012.04.20 05:58:01.916,1.27067,1.27107,1.89,2.25
2012.04.20 05:58:07.989,1.27067,1.27107,1.89,2.25
2012.04.20 05:58:08.114,1.27063,1.27102,1.89,1.50
2012.04.20 05:58:08.423,1.27067,1.27104,1.14,1.50
2012.04.20 05:58:10.234,1.27066,1.27104,1.14,1.50
2012.04.20 05:58:10.305,1.27066,1.27107,2.64,2.25
2012.04.20 05:58:10.633,1.27066,1.27103,1.14,1.50
2012.04.20 05:58:10.704,1.27069,1.2711,1.50,2.25
2012.04.20 05:58:14.087,1.27066,1.27101,1.14,1.50
2012.04.20 05:58:14.415,1.27067,1.27107,1.89,2.25
2012.04.20 05:58:15.338,1.27066,1.27103,1.14,1.50
2012.04.20 05:58:20.197,1.27062,1.27099,1.89,1.50
2012.04.20 05:58:23.861,1.27062,1.27099,1.89,1.50
2012.04.20 05:58:24.258,1.27064,1.27106,1.89,2.25
2012.04.20 05:58:24.906,1.27067,1.27106,1.14,2.25
2012.04.20 05:58:25.337,1.27063,1.27101,1.14,1.50
2012.04.20 05:58:26.103,1.27063,1.27101,1.14,1.50
2012.04.20 05:58:26.179,1.27064,1.27105,1.89,1.50
2012.04.20 05:58:27.904,1.27064,1.27105,1.89,2.25
2012.04.20 05:58:28.345,1.27067,1.27102,1.14,1.50
2012.04.20 05:58:28.967,1.27071,1.27113,1.50,2.25
2012.04.20 05:58:29.303,1.27067,1.27102,1.14,1.50
2012.04.20 05:58:29.374,1.27067,1.27107,2.64,2.25
2012.04.20 05:58:32.764,1.27067,1.27107,1.89,2.25
2012.04.20 05:58:33.319,1.27067,1.27107,1.89,2.25
2012.04.20 05:58:33.998,1.27071,1.2711,2.25,2.25
2012.04.20 05:58:35.209,1.27071,1.2711,2.25,2.25
2012.04.20 05:58:35.465,1.27071,1.2711,1.50,2.25
2012.04.20 05:58:38.796,1.27067,1.27103,1.14,1.50
2012.04.20 05:58:38.868,1.27068,1.2711,1.89,2.25
2012.04.20 05:58:39.438,1.2707,1.2711,1.14,2.25
2012.04.20 05:58:40.746,1.27072,1.2711,1.50,1.50
2012.04.20 05:58:42.653,1.2707,1.27109,1.89,2.25
2012.04.20 05:58:43.239,1.27071,1.27109,1.14,2.25
2012.04.20 05:58:44.134,1.27073,1.27113,1.89,2.25
2012.04.20 05:58:45.174,1.27073,1.27113,1.89,2.25
2012.04.20 05:58:46.284,1.27073,1.27113,1.89,2.25
2012.04.20 05:58:46.598,1.27066,1.27101,1.14,2.25
2012.04.20 05:58:46.789,1.27061,1.27094,1.89,2.55
2012.04.20 05:58:47.631,1.27061,1.27092,1.14,2.25
2012.04.20 05:58:48.168,1.27061,1.27094,1.14,2.55
2012.04.20 05:58:48.969,1.27057,1.27094,1.14,2.55
2012.04.20 05:58:50.220,1.27057,1.27089,1.14,1.50
2012.04.20 05:58:50.350,1.27062,1.27094,1.14,2.25
2012.04.20 05:58:50.418,1.27066,1.27094,1.50,2.25
2012.04.20 05:58:50.993,1.27075,1.27101,2.55,1.05
2012.04.20 05:58:51.128,1.27075,1.27101,1.80,1.05
2012.04.20 05:58:51.259,1.27074,1.27111,1.14,2.25
2012.04.20 05:58:51.810,1.27075,1.27116,1.89,1.50
2012.04.20 05:58:52.837,1.27075,1.27116,1.89,1.50
2012.04.20 05:58:53.400,1.27075,1.27116,1.89,1.50
2012.04.20 05:58:53.900,1.27075,1.27116,1.89,1.50
2012.04.20 05:58:54.914,1.27076,1.27116,1.14,1.50
2012.04.20 05:58:55.347,1.27073,1.27113,1.89,3.00
2012.04.20 05:58:55.419,1.27071,1.2711,1.14,2.25
2012.04.20 05:58:55.547,1.27071,1.2711,1.14,2.25
2012.04.20 05:58:55.616,1.27077,1.27113,1.89,2.25
2012.04.20 05:58:56.168,1.27068,1.27109,1.89,2.25
2012.04.20 05:58:57.756,1.27068,1.27109,1.89,2.25
2012.04.20 05:59:05.187,1.27068,1.27109,1.89,2.25
2012.04.20 05:59:05.747,1.27068,1.27109,1.89,2.25
2012.04.20 05:59:07.326,1.27079,1.27113,1.89,1.50
2012.04.20 05:59:08.175,1.27079,1.27117,1.89,1.50
2012.04.20 05:59:08.546,1.27076,1.27113,1.50,1.50
2012.04.20 05:59:08.735,1.27076,1.27113,1.50,1.50
2012.04.20 05:59:09.316,1.27073,1.27113,1.89,3.00
2012.04.20 05:59:09.625,1.27081,1.27113,1.50,1.50
2012.04.20 05:59:11.337,1.27076,1.27114,1.50,2.63
2012.04.20 05:59:11.526,1.27076,1.27115,1.89,2.25
2012.04.20 05:59:12.194,1.27077,1.27116,1.89,2.25
2012.04.20 05:59:12.708,1.2708,1.27119,1.50,1.50
2012.04.20 05:59:12.835,1.27071,1.2711,1.14,2.25
2012.04.20 05:59:13.587,1.27071,1.2711,1.14,2.25
2012.04.20 05:59:14.687,1.27073,1.27109,1.89,1.50
2012.04.20 05:59:15.335,1.27071,1.27111,1.14,2.25
2012.04.20 05:59:15.845,1.27071,1.27111,1.14,2.25
2012.04.20 05:59:15.975,1.27077,1.27111,1.14,2.25
2012.04.20 05:59:16.442,1.27085,1.27124,1.50,3.00
2012.04.20 05:59:17.067,1.27085,1.27124,1.89,3.00
2012.04.20 05:59:17.716,1.27085,1.27124,1.89,2.25
2012.04.20 05:59:21.639,1.27081,1.27121,1.14,2.25
2012.04.20 05:59:22.186,1.27077,1.27117,2.64,2.25
2012.04.20 05:59:23.527,1.27077,1.27116,2.64,2.25
2012.04.20 05:59:25.231,1.2708,1.2712,1.89,2.25
2012.04.20 05:59:25.825,1.2708,1.2712,1.89,2.25
2012.04.20 05:59:26.957,1.27081,1.27115,1.14,1.13
2012.04.20 05:59:27.697,1.27076,1.27113,2.64,1.50
2012.04.20 05:59:27.768,1.27076,1.27118,3.01,2.25
2012.04.20 05:59:27.836,1.27076,1.27118,3.01,2.25
2012.04.20 05:59:28.147,1.27084,1.27118,1.14,2.25
2012.04.20 05:59:28.457,1.27084,1.27118,1.14,2.25
2012.04.20 05:59:28.706,1.27084,1.27122,1.89,1.50
2012.04.20 05:59:29.445,1.27084,1.27114,2.64,1.50
2012.04.20 05:59:32.234,1.27084,1.2712,2.64,1.50
2012.04.20 05:59:32.374,1.27084,1.2712,2.64,1.50
2012.04.20 05:59:32.700,1.2709,1.27121,1.13,1.50
2012.04.20 05:59:32.828,1.27096,1.27124,1.50,1.50
2012.04.20 05:59:32.959,1.2709,1.27125,1.13,1.50
2012.04.20 05:59:33.028,1.27097,1.27125,1.50,1.50
2012.04.20 05:59:33.453,1.27089,1.27125,1.14,1.50
2012.04.20 05:59:33.530,1.27079,1.27116,1.89,1.50
2012.04.20 05:59:33.658,1.27084,1.27116,1.50,1.50
2012.04.20 05:59:33.846,1.27084,1.27116,1.50,1.50
2012.04.20 05:59:35.469,1.27084,1.27116,1.50,1.50
2012.04.20 05:59:35.836,1.27081,1.2712,3.00,3.00
2012.04.20 05:59:41.184,1.27085,1.27117,1.50,1.50
2012.04.20 05:59:41.317,1.27079,1.27118,2.64,3.00
2012.04.20 05:59:41.506,1.27073,1.27114,2.64,1.88
2012.04.20 05:59:41.575,1.2707,1.2711,1.89,2.25
2012.04.20 05:59:42.265,1.27072,1.2711,1.14,2.25
2012.04.20 05:59:47.649,1.27075,1.27113,1.50,2.25
2012.04.20 05:59:51.046,1.27075,1.27116,1.89,2.25
2012.04.20 05:59:51.956,1.27077,1.27116,2.64,2.25
2012.04.20 05:59:53.021,1.27081,1.27115,1.50,1.50
2012.04.20 05:59:53.095,1.27088,1.27123,1.89,1.50
2012.04.20 05:59:53.526,1.27084,1.27124,1.14,2.25
2012.04.20 05:59:53.657,1.27084,1.2712,1.14,2.25
2012.04.20 05:59:54.227,1.27081,1.27119,1.14,2.25
2012.04.20 05:59:54.296,1.27083,1.27119,2.19,2.25
2012.04.20 05:59:54.488,1.27094,1.27127,1.14,2.25
2012.04.20 05:59:55.076,1.27093,1.27127,1.14,2.25
2012.04.20 05:59:55.657,1.27094,1.27128,1.14,1.88
2012.04.20 05:59:56.141,1.27093,1.27128,1.14,1.13
2012.04.20 05:59:57.246,1.27094,1.27127,2.25,1.13
2012.04.20 05:59:57.437,1.27094,1.27127,2.64,1.13
2012.04.20 05:59:57.684,1.27094,1.27127,1.14,1.13
