2010.09.20 09:00:00.713,1.29625,1.29675,3.20,2.30
2010.09.20 09:00:01.020,1.2963,1.29675,1.60,2.30
2010.09.20 09:00:01.365,1.29625,1.29675,1.60,2.30
2010.09.20 09:00:01.705,1.29625,1.29675,1.60,1.00
2010.09.20 09:00:02.195,1.29625,1.29675,1.60,2.30
2010.09.20 09:00:02.436,1.2962,1.29665,1.00,1.50
2010.09.20 09:00:06.392,1.2962,1.2967,2.00,1.00
2010.09.20 09:00:06.722,1.29625,1.29675,1.60,1.50
2010.09.20 09:00:08.261,1.29635,1.29675,1.00,1.50
2010.09.20 09:00:08.522,1.2964,1.29685,1.60,2.70
2010.09.20 09:00:09.153,1.29645,1.29685,1.60,2.70
2010.09.20 09:00:09.468,1.2963,1.29675,1.60,1.00
2010.09.20 09:00:09.771,1.29645,1.2968,1.60,1.50
2010.09.20 09:00:10.515,1.29635,1.2968,3.20,1.50
2010.09.20 09:00:10.811,1.29635,1.2968,2.20,1.50
2010.09.20 09:00:11.093,1.29635,1.2968,3.80,1.50
2010.09.20 09:00:12.140,1.29635,1.2968,3.20,4.70
2010.09.20 09:00:12.474,1.29635,1.29675,3.20,1.60
2010.09.20 09:00:12.796,1.29635,1.29675,1.60,1.50
2010.09.20 09:00:16.365,1.2963,1.29675,2.00,1.50
2010.09.20 09:00:25.591,1.2963,1.29675,1.60,1.50
2010.09.20 09:00:27.791,1.2964,1.29675,1.00,1.50
2010.09.20 09:00:28.033,1.29635,1.2968,2.20,3.10
2010.09.20 09:00:28.265,1.29635,1.2968,3.80,3.10
2010.09.20 09:00:29.056,1.29635,1.2968,3.80,1.50
2010.09.20 09:00:30.417,1.29635,1.2969,5.40,3.60
2010.09.20 09:00:30.775,1.29655,1.2969,1.60,1.00
2010.09.20 09:00:34.007,1.2965,1.2969,1.60,1.00
2010.09.20 09:00:34.652,1.29645,1.2969,3.20,1.90
2010.09.20 09:00:35.636,1.29645,1.29685,1.60,1.00
2010.09.20 09:00:35.983,1.29635,1.2968,1.60,1.50
2010.09.20 09:00:37.139,1.29635,1.2968,3.20,1.50
2010.09.20 09:00:37.477,1.29645,1.2968,1.60,1.50
2010.09.20 09:00:38.304,1.29635,1.2968,3.20,1.50
2010.09.20 09:00:39.937,1.29635,1.2968,1.60,1.50
2010.09.20 09:00:40.240,1.29635,1.29675,1.60,1.50
2010.09.20 09:00:41.049,1.2965,1.29685,1.00,1.00
2010.09.20 09:00:41.397,1.29655,1.29685,1.60,1.00
2010.09.20 09:00:45.609,1.29645,1.29685,3.20,1.00
2010.09.20 09:00:46.737,1.2965,1.29685,1.00,1.00
2010.09.20 09:00:47.239,1.2965,1.29685,1.60,1.00
2010.09.20 09:00:47.572,1.29655,1.29705,2.40,1.00
2010.09.20 09:00:47.916,1.29655,1.29705,2.40,2.00
2010.09.20 09:00:48.725,1.2965,1.29705,1.60,4.20
2010.09.20 09:00:48.988,1.2965,1.297,1.60,1.60
2010.09.20 09:00:50.834,1.29645,1.2969,1.70,1.60
2010.09.20 09:00:51.689,1.29645,1.2969,1.00,1.60
2010.09.20 09:00:52.243,1.29645,1.2969,1.00,1.60
2010.09.20 09:00:56.525,1.29645,1.29695,1.00,2.20
2010.09.20 09:00:56.778,1.29645,1.29695,1.60,1.00
2010.09.20 09:00:59.559,1.29645,1.297,1.60,1.10
2010.09.20 09:01:00.725,1.29645,1.297,1.60,1.20
2010.09.20 09:01:02.129,1.29645,1.297,1.60,1.10
2010.09.20 09:01:03.064,1.29645,1.297,3.20,1.00
2010.09.20 09:01:03.293,1.29645,1.297,3.20,1.00
2010.09.20 09:01:04.316,1.29655,1.297,1.60,1.00
2010.09.20 09:01:08.208,1.29655,1.297,1.60,3.50
2010.09.20 09:01:08.547,1.29645,1.297,1.60,1.90
2010.09.20 09:01:09.338,1.29645,1.29685,1.60,1.00
2010.09.20 09:01:12.783,1.29645,1.29685,2.40,1.00
2010.09.20 09:01:14.665,1.29635,1.29685,4.70,1.00
2010.09.20 09:01:14.854,1.29635,1.29685,4.60,1.00
2010.09.20 09:01:16.009,1.29635,1.29685,4.70,1.00
2010.09.20 09:01:17.460,1.29635,1.29685,1.00,1.00
2010.09.20 09:01:17.743,1.29635,1.29685,1.00,2.00
2010.09.20 09:01:18.498,1.29635,1.29685,1.00,2.80
2010.09.20 09:01:18.855,1.29625,1.29685,3.50,3.50
2010.09.20 09:01:19.663,1.2963,1.29685,1.00,3.50
2010.09.20 09:01:20.002,1.2964,1.29685,1.00,3.50
2010.09.20 09:01:20.342,1.29645,1.29685,1.60,1.00
2010.09.20 09:01:25.545,1.29645,1.29685,1.60,1.00
2010.09.20 09:01:25.814,1.29645,1.29685,1.70,1.00
2010.09.20 09:01:26.572,1.29645,1.29685,1.60,1.00
2010.09.20 09:01:27.254,1.29645,1.29685,1.70,1.00
2010.09.20 09:01:28.065,1.29645,1.29685,1.60,1.00
2010.09.20 09:01:29.159,1.29645,1.29695,1.60,1.50
2010.09.20 09:01:32.134,1.29635,1.29685,2.10,2.20
2010.09.20 09:01:32.479,1.2964,1.2969,1.60,1.00
2010.09.20 09:01:33.470,1.29645,1.29695,1.60,1.00
2010.09.20 09:01:35.579,1.2965,1.297,2.20,2.80
2010.09.20 09:01:35.926,1.29655,1.297,1.60,2.80
2010.09.20 09:01:36.983,1.29655,1.297,1.60,2.70
2010.09.20 09:01:37.320,1.29665,1.297,3.20,2.00
2010.09.20 09:01:39.140,1.29665,1.297,3.20,1.60
2010.09.20 09:01:40.472,1.29655,1.297,5.40,1.60
2010.09.20 09:01:41.433,1.29665,1.297,1.60,1.60
2010.09.20 09:01:41.708,1.29665,1.297,3.20,1.60
2010.09.20 09:01:45.699,1.29655,1.297,8.60,1.60
2010.09.20 09:01:46.164,1.29655,1.297,7.00,1.60
2010.09.20 09:01:46.691,1.29655,1.297,4.80,1.60
2010.09.20 09:01:47.024,1.29655,1.29705,3.20,1.10
2010.09.20 09:01:47.349,1.2966,1.29705,1.00,2.00
2010.09.20 09:01:48.162,1.29665,1.29705,1.60,1.20
2010.09.20 09:01:48.991,1.29665,1.29705,1.60,1.00
2010.09.20 09:01:49.333,1.29665,1.2971,3.20,1.50
2010.09.20 09:01:50.151,1.29665,1.2971,3.20,1.60
2010.09.20 09:01:50.501,1.29665,1.2971,3.20,1.50
2010.09.20 09:01:50.846,1.29665,1.2971,1.60,1.50
2010.09.20 09:01:51.640,1.29665,1.29705,1.60,1.00
2010.09.20 09:01:51.991,1.29655,1.29705,1.60,1.00
2010.09.20 09:01:53.434,1.29655,1.297,1.60,1.00
2010.09.20 09:01:54.223,1.29655,1.29695,1.60,1.60
2010.09.20 09:01:54.574,1.29655,1.297,1.60,1.00
2010.09.20 09:01:55.246,1.29655,1.2971,1.60,3.10
2010.09.20 09:01:56.738,1.2966,1.29705,1.00,3.00
2010.09.20 09:01:57.054,1.29655,1.29705,1.00,3.00
2010.09.20 09:01:58.207,1.2965,1.29705,3.30,3.00
2010.09.20 09:01:59.193,1.2965,1.29705,3.20,3.40
2010.09.20 09:01:59.501,1.2965,1.29705,1.60,3.40
2010.09.20 09:01:59.813,1.2965,1.29705,3.20,3.40
2010.09.20 09:02:00.575,1.2965,1.297,1.70,1.00
2010.09.20 09:02:00.914,1.2965,1.29695,1.00,1.60
2010.09.20 09:02:01.486,1.2965,1.297,1.00,1.40
2010.09.20 09:02:01.832,1.29655,1.29695,1.00,1.60
2010.09.20 09:02:02.628,1.29655,1.29695,1.00,1.60
2010.09.20 09:02:02.971,1.29645,1.29705,5.60,5.00
2010.09.20 09:02:03.305,1.29645,1.29705,7.20,5.00
2010.09.20 09:02:04.169,1.2965,1.29705,1.60,5.00
2010.09.20 09:02:04.514,1.2965,1.29705,3.20,5.00
2010.09.20 09:02:06.274,1.29655,1.29705,1.60,3.40
2010.09.20 09:02:06.576,1.2965,1.29705,3.30,5.00
2010.09.20 09:02:07.703,1.2965,1.29705,3.20,5.00
2010.09.20 09:02:08.712,1.29655,1.29705,1.00,5.00
2010.09.20 09:02:09.056,1.29655,1.29705,1.00,4.30
2010.09.20 09:02:10.537,1.29655,1.29705,1.00,3.60
2010.09.20 09:02:10.746,1.2965,1.29705,3.30,3.60
2010.09.20 09:02:11.605,1.2965,1.29705,3.90,3.60
2010.09.20 09:02:11.794,1.29655,1.29705,2.40,2.00
2010.09.20 09:02:11.983,1.29655,1.29705,2.40,1.00
2010.09.20 09:02:12.846,1.2966,1.29705,1.60,1.00
2010.09.20 09:02:13.002,1.2966,1.29705,2.40,1.00
2010.09.20 09:02:13.158,1.29665,1.29705,1.60,1.00
2010.09.20 09:02:13.663,1.29665,1.29705,2.20,1.00
2010.09.20 09:02:13.823,1.2966,1.29705,1.00,1.00
2010.09.20 09:02:17.222,1.29665,1.29705,1.60,1.00
2010.09.20 09:02:18.875,1.29655,1.29705,2.40,1.00
2010.09.20 09:02:21.168,1.29655,1.29705,1.60,2.00
2010.09.20 09:02:22.319,1.29645,1.29695,1.60,1.60
2010.09.20 09:02:22.670,1.29645,1.29695,1.70,1.60
2010.09.20 09:02:24.695,1.29645,1.29695,1.60,1.60
2010.09.20 09:02:25.408,1.29645,1.29695,3.20,1.60
2010.09.20 09:02:31.199,1.29645,1.29695,3.20,1.60
2010.09.20 09:02:31.325,1.29645,1.29695,1.60,3.20
2010.09.20 09:02:31.664,1.29645,1.297,6.40,1.00
2010.09.20 09:02:32.007,1.29645,1.297,3.30,1.00
2010.09.20 09:02:33.319,1.29645,1.297,3.20,1.00
2010.09.20 09:02:33.894,1.29645,1.297,4.80,1.00
2010.09.20 09:02:34.454,1.29645,1.297,6.40,1.00
2010.09.20 09:02:34.664,1.29645,1.297,6.40,1.00
2010.09.20 09:02:34.881,1.29645,1.297,4.80,1.00
2010.09.20 09:02:35.096,1.29645,1.297,3.20,1.00
2010.09.20 09:02:35.745,1.29645,1.297,3.30,1.00
2010.09.20 09:02:36.094,1.29645,1.297,4.90,1.00
2010.09.20 09:02:36.776,1.29645,1.297,4.80,1.00
2010.09.20 09:02:37.618,1.29645,1.297,3.20,1.00
2010.09.20 09:02:38.404,1.29645,1.297,4.80,1.00
2010.09.20 09:02:39.016,1.29645,1.297,6.40,1.00
2010.09.20 09:02:39.231,1.29645,1.297,3.20,1.00
2010.09.20 09:02:39.868,1.29645,1.297,4.00,2.20
2010.09.20 09:02:40.346,1.29645,1.29685,4.00,1.60
2010.09.20 09:02:40.669,1.29645,1.297,2.40,1.00
2010.09.20 09:02:40.976,1.29645,1.2969,2.40,1.60
2010.09.20 09:02:41.767,1.2964,1.2969,1.00,2.20
2010.09.20 09:02:44.215,1.2964,1.29685,3.20,1.60
2010.09.20 09:02:44.453,1.2964,1.29685,3.20,2.20
2010.09.20 09:02:45.085,1.2964,1.2968,1.60,1.60
2010.09.20 09:02:45.304,1.29635,1.2968,5.30,1.60
2010.09.20 09:02:45.743,1.29635,1.2968,5.20,1.60
2010.09.20 09:02:47.141,1.29635,1.2968,4.40,1.60
2010.09.20 09:02:47.420,1.29635,1.2968,1.00,1.60
2010.09.20 09:02:48.908,1.29635,1.2968,1.00,1.60
2010.09.20 09:02:49.168,1.29635,1.2968,1.00,2.20
2010.09.20 09:02:50.711,1.2963,1.2968,3.20,2.20
2010.09.20 09:02:52.155,1.29635,1.29685,1.00,2.20
2010.09.20 09:02:53.690,1.2964,1.29685,1.00,2.20
2010.09.20 09:02:55.361,1.29645,1.2969,1.00,2.00
2010.09.20 09:02:55.586,1.29645,1.2969,2.40,1.00
2010.09.20 09:02:55.816,1.29645,1.2969,4.00,1.00
2010.09.20 09:02:56.437,1.29645,1.2969,2.40,1.00
2010.09.20 09:02:56.690,1.29645,1.2969,3.20,1.00
2010.09.20 09:02:57.624,1.29645,1.2969,3.30,1.00
2010.09.20 09:02:57.869,1.29655,1.2969,1.60,1.00
2010.09.20 09:02:59.030,1.29655,1.29695,1.60,1.00
2010.09.20 09:03:04.734,1.29645,1.29695,4.00,1.00
2010.09.20 09:03:05.442,1.29645,1.29695,2.40,1.00
2010.09.20 09:03:05.588,1.29645,1.29695,3.20,1.00
2010.09.20 09:03:06.849,1.29645,1.29695,1.60,1.00
2010.09.20 09:03:07.536,1.29645,1.29695,4.80,1.00
2010.09.20 09:03:08.281,1.29645,1.29695,2.40,1.00
2010.09.20 09:03:19.378,1.29645,1.2967,1.60,1.60
2010.09.20 09:03:19.727,1.29625,1.29685,4.00,3.80
2010.09.20 09:03:20.067,1.29625,1.2968,3.60,4.70
2010.09.20 09:03:20.902,1.29625,1.29665,2.00,1.60
2010.09.20 09:03:22.001,1.29625,1.29675,2.00,1.60
2010.09.20 09:03:24.169,1.29625,1.2968,3.20,1.00
2010.09.20 09:03:25.598,1.29635,1.2968,1.60,1.00
2010.09.20 09:03:26.996,1.29625,1.2968,1.60,1.10
2010.09.20 09:03:27.544,1.29635,1.2968,1.60,1.10
2010.09.20 09:03:27.896,1.29635,1.2968,1.60,1.90
2010.09.20 09:03:28.695,1.29645,1.2968,1.60,1.10
2010.09.20 09:03:28.940,1.29635,1.2968,1.60,1.90
2010.09.20 09:03:29.672,1.29635,1.2968,1.60,1.10
2010.09.20 09:03:30.021,1.29635,1.2968,1.60,1.00
2010.09.20 09:03:31.419,1.29645,1.2968,2.20,1.00
2010.09.20 09:03:32.249,1.29625,1.2968,3.20,1.10
2010.09.20 09:03:32.596,1.29625,1.29675,3.20,3.20
2010.09.20 09:03:33.464,1.29625,1.2967,4.80,3.20
2010.09.20 09:03:34.263,1.29625,1.29665,4.80,1.60
2010.09.20 09:03:34.616,1.29615,1.29665,2.20,1.50
2010.09.20 09:03:35.430,1.29625,1.2967,1.60,4.70
2010.09.20 09:03:37.091,1.29615,1.29665,1.60,1.60
2010.09.20 09:03:37.438,1.29615,1.29665,1.60,1.60
2010.09.20 09:03:40.247,1.29615,1.29665,1.60,1.60
2010.09.20 09:03:40.814,1.29615,1.29665,1.60,3.10
2010.09.20 09:03:41.338,1.29615,1.29665,1.60,4.70
2010.09.20 09:03:41.628,1.2962,1.29665,1.00,4.70
2010.09.20 09:03:42.701,1.29615,1.29665,1.70,4.70
2010.09.20 09:03:44.027,1.2961,1.2967,2.40,1.90
2010.09.20 09:03:44.372,1.29615,1.2967,1.60,1.00
2010.09.20 09:03:45.203,1.2962,1.2967,1.00,1.90
2010.09.20 09:03:46.002,1.29615,1.2967,1.60,1.90
2010.09.20 09:03:46.066,1.2962,1.2967,1.00,1.20
2010.09.20 09:03:46.412,1.2962,1.2967,1.60,1.00
2010.09.20 09:03:47.193,1.2962,1.2967,2.40,1.00
2010.09.20 09:03:47.544,1.2962,1.2967,1.70,1.00
2010.09.20 09:03:48.870,1.2962,1.2967,1.60,1.00
2010.09.20 09:03:51.324,1.29625,1.2967,1.00,1.00
2010.09.20 09:03:52.069,1.29625,1.2967,1.60,1.00
2010.09.20 09:03:52.422,1.29625,1.2967,3.20,1.00
2010.09.20 09:03:52.963,1.29625,1.2967,2.40,1.00
2010.09.20 09:03:53.314,1.29625,1.2967,1.60,1.10
2010.09.20 09:03:56.083,1.29625,1.2967,1.60,1.00
2010.09.20 09:03:58.966,1.29625,1.29665,1.60,1.00
2010.09.20 09:03:59.295,1.29625,1.29665,1.60,1.50
2010.09.20 09:04:00.088,1.29615,1.2966,1.60,1.50
2010.09.20 09:04:01.200,1.29605,1.2966,2.00,1.50
2010.09.20 09:04:01.876,1.2961,1.2966,1.00,1.50
2010.09.20 09:04:03.664,1.29605,1.2966,2.10,1.50
2010.09.20 09:04:04.076,1.29615,1.2966,1.00,1.50
2010.09.20 09:04:04.689,1.29605,1.29655,1.00,1.50
2010.09.20 09:04:04.818,1.29605,1.29655,1.00,1.00
2010.09.20 09:04:05.412,1.2961,1.2966,1.00,1.00
2010.09.20 09:04:05.550,1.2961,1.29665,1.60,1.60
2010.09.20 09:04:07.067,1.29615,1.29675,1.00,2.00
2010.09.20 09:04:07.261,1.2962,1.29675,1.00,2.00
2010.09.20 09:04:08.264,1.2962,1.29675,1.00,2.00
2010.09.20 09:04:08.605,1.2962,1.29665,1.00,1.60
2010.09.20 09:04:09.565,1.2962,1.29665,1.00,1.60
2010.09.20 09:04:10.998,1.2962,1.29665,1.00,1.60
2010.09.20 09:04:11.486,1.2962,1.29665,1.70,1.60
2010.09.20 09:04:12.134,1.29625,1.2967,1.00,1.00
2010.09.20 09:04:12.478,1.29625,1.2967,1.00,1.00
2010.09.20 09:04:12.829,1.29625,1.2967,1.60,1.00
2010.09.20 09:04:13.177,1.29625,1.2967,1.60,1.00
2010.09.20 09:04:18.543,1.29625,1.29675,1.60,1.60
2010.09.20 09:04:19.115,1.29625,1.2968,3.20,1.00
2010.09.20 09:04:19.819,1.2963,1.2968,1.60,1.00
2010.09.20 09:04:21.545,1.29635,1.2968,1.60,1.00
2010.09.20 09:04:22.162,1.29635,1.2968,1.60,1.90
2010.09.20 09:04:23.942,1.29625,1.29675,1.60,1.50
2010.09.20 09:04:24.460,1.29625,1.2967,1.60,1.60
2010.09.20 09:04:25.107,1.29615,1.29665,2.00,1.40
2010.09.20 09:04:25.274,1.29615,1.29665,2.00,3.00
2010.09.20 09:04:25.851,1.29615,1.29665,2.00,3.80
2010.09.20 09:04:26.202,1.29615,1.2966,2.00,1.50
2010.09.20 09:04:27.018,1.29615,1.2966,2.00,3.10
2010.09.20 09:04:27.374,1.29615,1.2966,2.00,1.00
2010.09.20 09:04:28.744,1.29635,1.29665,1.00,1.00
2010.09.20 09:04:29.286,1.29635,1.29665,1.00,1.60
2010.09.20 09:04:37.943,1.29635,1.29665,1.00,2.30
2010.09.20 09:04:38.043,1.29605,1.29665,5.80,2.30
2010.09.20 09:04:38.641,1.29605,1.29665,2.60,2.30
2010.09.20 09:04:39.085,1.29605,1.2966,2.60,1.00
2010.09.20 09:04:39.520,1.29605,1.2966,2.80,1.00
2010.09.20 09:04:40.315,1.29625,1.2966,1.00,1.00
2010.09.20 09:04:40.520,1.29625,1.2967,1.00,1.00
2010.09.20 09:04:41.199,1.29615,1.2966,1.60,1.00
2010.09.20 09:04:41.413,1.29625,1.29665,1.60,1.00
2010.09.20 09:04:43.093,1.29625,1.2967,1.60,1.00
2010.09.20 09:04:45.873,1.29635,1.2967,1.60,1.00
2010.09.20 09:04:46.545,1.2963,1.2967,1.00,1.00
2010.09.20 09:04:46.721,1.2963,1.2968,1.20,1.60
2010.09.20 09:04:47.906,1.29635,1.2968,1.00,1.60
2010.09.20 09:04:48.253,1.29635,1.29685,1.00,2.10
2010.09.20 09:04:49.026,1.2964,1.29685,1.60,1.00
2010.09.20 09:04:49.338,1.2964,1.29685,1.60,2.00
2010.09.20 09:05:05.697,1.29645,1.29685,1.60,2.00
2010.09.20 09:05:06.044,1.29645,1.29695,1.60,1.60
2010.09.20 09:05:06.675,1.2965,1.297,1.00,1.00
2010.09.20 09:05:06.860,1.2965,1.297,1.60,1.00
2010.09.20 09:05:07.860,1.2965,1.297,1.60,1.00
2010.09.20 09:05:08.410,1.2965,1.297,1.00,2.00
2010.09.20 09:05:09.091,1.2965,1.297,1.00,1.60
2010.09.20 09:05:09.779,1.2965,1.29675,1.00,2.20
2010.09.20 09:05:10.500,1.2964,1.29685,1.00,2.00
2010.09.20 09:05:10.746,1.29645,1.29685,1.00,2.00
2010.09.20 09:05:13.546,1.29655,1.29685,2.20,1.60
2010.09.20 09:05:14.381,1.29645,1.297,4.80,3.10
2010.09.20 09:05:14.733,1.29645,1.297,1.60,4.80
2010.09.20 09:05:15.560,1.29645,1.297,1.60,4.70
2010.09.20 09:05:15.913,1.29645,1.29695,1.60,1.50
2010.09.20 09:05:17.331,1.2964,1.29695,1.00,3.10
2010.09.20 09:05:17.572,1.2964,1.29695,1.20,1.60
2010.09.20 09:05:17.810,1.2964,1.297,1.20,3.10
2010.09.20 09:05:18.047,1.2964,1.29695,1.20,2.20
2010.09.20 09:05:19.481,1.2964,1.29695,1.20,3.80
2010.09.20 09:05:19.728,1.29645,1.297,1.60,2.30
2010.09.20 09:05:20.695,1.2964,1.297,2.00,2.30
2010.09.20 09:05:20.982,1.2964,1.2969,1.00,1.40
2010.09.20 09:05:21.729,1.2964,1.2969,1.00,1.00
2010.09.20 09:05:22.083,1.2964,1.29685,1.00,1.60
2010.09.20 09:05:22.879,1.2964,1.2969,1.00,1.00
2010.09.20 09:05:23.223,1.2964,1.2969,1.00,1.00
2010.09.20 09:05:24.710,1.29645,1.29695,1.60,1.60
2010.09.20 09:05:25.059,1.29645,1.297,1.60,5.50
2010.09.20 09:05:25.787,1.29645,1.29695,1.60,1.50
2010.09.20 09:05:26.804,1.29645,1.2969,1.60,1.50
2010.09.20 09:05:27.893,1.29645,1.2969,1.60,1.60
2010.09.20 09:05:28.107,1.29645,1.29695,1.60,4.80
2010.09.20 09:05:28.982,1.2964,1.29695,1.00,3.10
2010.09.20 09:05:31.116,1.2964,1.297,1.20,3.20
2010.09.20 09:05:31.686,1.29645,1.297,1.60,3.20
2010.09.20 09:05:31.900,1.29645,1.29705,3.20,2.10
2010.09.20 09:05:32.251,1.2964,1.29705,3.70,2.00
2010.09.20 09:05:32.856,1.2965,1.29705,1.60,2.00
2010.09.20 09:05:33.198,1.2965,1.29695,1.60,1.60
2010.09.20 09:05:33.890,1.29645,1.29695,1.80,1.60
2010.09.20 09:05:34.119,1.2965,1.29685,1.00,1.60
2010.09.20 09:05:34.820,1.29645,1.29685,1.70,1.60
2010.09.20 09:05:35.053,1.2964,1.29685,1.00,2.20
2010.09.20 09:05:35.309,1.2964,1.29685,1.00,3.80
2010.09.20 09:05:36.083,1.2964,1.29675,1.00,1.60
2010.09.20 09:05:42.181,1.29635,1.29685,2.00,1.60
2010.09.20 09:05:43.755,1.29635,1.29685,2.10,1.60
2010.09.20 09:05:44.097,1.2964,1.29685,1.00,1.60
2010.09.20 09:05:45.161,1.2964,1.29685,1.00,1.60
2010.09.20 09:05:46.364,1.29635,1.29695,3.70,2.30
2010.09.20 09:05:46.708,1.29645,1.297,1.60,2.00
2010.09.20 09:05:47.568,1.29645,1.297,3.20,2.00
2010.09.20 09:05:48.185,1.29645,1.297,2.40,2.00
2010.09.20 09:05:48.496,1.29645,1.297,1.60,2.00
2010.09.20 09:05:49.165,1.2964,1.29695,3.20,1.60
2010.09.20 09:05:49.488,1.2965,1.29695,1.40,1.60
2010.09.20 09:05:50.223,1.29645,1.297,1.60,1.90
2010.09.20 09:05:52.063,1.29645,1.29695,1.60,1.50
2010.09.20 09:05:52.507,1.29645,1.2969,1.60,1.50
2010.09.20 09:05:56.260,1.29645,1.29685,1.60,1.00
2010.09.20 09:05:57.092,1.29645,1.2969,1.60,1.00
2010.09.20 09:05:57.430,1.29645,1.29685,1.60,1.00
2010.09.20 09:06:00.439,1.2964,1.29685,1.00,1.00
2010.09.20 09:06:00.531,1.2964,1.29685,1.00,2.30
2010.09.20 09:06:00.614,1.2964,1.2968,1.00,1.00
2010.09.20 09:06:01.138,1.2964,1.2968,1.00,2.30
2010.09.20 09:06:01.249,1.2964,1.2968,1.00,1.00
2010.09.20 09:06:01.810,1.2964,1.29685,1.00,1.60
2010.09.20 09:06:06.036,1.2964,1.29695,1.00,3.10
2010.09.20 09:06:06.144,1.2964,1.29695,1.00,2.30
2010.09.20 09:06:06.335,1.29645,1.29695,1.00,1.60
2010.09.20 09:06:06.914,1.29645,1.297,1.00,1.50
2010.09.20 09:06:07.110,1.29645,1.297,2.00,1.50
2010.09.20 09:06:08.260,1.29645,1.297,2.00,1.00
2010.09.20 09:06:08.547,1.29645,1.2969,2.00,1.60
2010.09.20 09:06:09.275,1.29645,1.29685,1.00,3.80
2010.09.20 09:06:11.143,1.29645,1.29685,1.00,1.60
2010.09.20 09:06:11.679,1.29645,1.29685,1.00,3.80
2010.09.20 09:06:12.435,1.29645,1.29685,1.00,1.60
2010.09.20 09:06:16.051,1.29645,1.29695,1.20,1.60
2010.09.20 09:06:16.315,1.29655,1.29695,1.00,1.60
2010.09.20 09:06:16.404,1.29655,1.29695,1.60,1.60
2010.09.20 09:06:16.911,1.29655,1.29685,1.60,1.60
2010.09.20 09:06:18.333,1.29645,1.29685,2.00,1.60
2010.09.20 09:06:18.677,1.29645,1.29695,2.00,1.60
2010.09.20 09:06:19.541,1.2966,1.29715,1.60,3.60
2010.09.20 09:06:21.048,1.29655,1.29715,2.20,3.60
2010.09.20 09:06:21.278,1.29655,1.29715,3.20,3.60
2010.09.20 09:06:22.214,1.29665,1.29715,3.20,2.00
2010.09.20 09:06:22.561,1.2967,1.29715,2.00,1.60
2010.09.20 09:06:23.083,1.2967,1.29725,2.00,1.60
2010.09.20 09:06:23.402,1.29675,1.2973,1.60,1.00
2010.09.20 09:06:27.448,1.29675,1.2972,1.60,1.00
2010.09.20 09:06:29.502,1.2967,1.2972,3.80,1.00
2010.09.20 09:06:29.830,1.2968,1.2972,1.60,1.00
2010.09.20 09:06:31.999,1.29685,1.29735,1.00,1.60
2010.09.20 09:06:32.337,1.29685,1.29735,1.60,1.60
2010.09.20 09:06:33.138,1.2969,1.2974,1.00,1.00
2010.09.20 09:06:33.493,1.29685,1.29745,3.80,2.10
2010.09.20 09:06:34.976,1.29685,1.29745,3.80,2.00
2010.09.20 09:06:35.318,1.29685,1.29745,3.90,1.00
2010.09.20 09:06:35.617,1.2969,1.29745,3.20,1.00
2010.09.20 09:06:37.478,1.29695,1.2975,3.00,4.40
2010.09.20 09:06:37.793,1.29695,1.2975,3.20,2.00
2010.09.20 09:06:39.256,1.29695,1.2975,3.20,1.00
2010.09.20 09:06:39.596,1.29695,1.29745,1.60,1.60
2010.09.20 09:06:40.084,1.2969,1.2975,3.20,1.00
2010.09.20 09:06:40.432,1.2969,1.29745,3.20,1.00
2010.09.20 09:06:42.009,1.2969,1.2975,3.80,1.00
2010.09.20 09:06:42.171,1.2969,1.2975,3.20,1.00
2010.09.20 09:06:42.495,1.2969,1.2975,3.20,1.00
2010.09.20 09:06:43.646,1.2969,1.2975,3.20,1.00
2010.09.20 09:06:44.522,1.29695,1.2975,3.20,1.00
2010.09.20 09:06:44.870,1.2969,1.2975,3.20,1.00
2010.09.20 09:06:46.010,1.2969,1.2975,3.80,1.00
2010.09.20 09:06:46.312,1.2969,1.29745,3.80,1.00
2010.09.20 09:06:46.656,1.2969,1.2975,3.20,1.00
2010.09.20 09:06:47.441,1.29695,1.2975,1.60,2.00
2010.09.20 09:06:47.678,1.29695,1.29745,1.60,1.00
2010.09.20 09:06:49.419,1.29695,1.29745,2.40,1.00
2010.09.20 09:06:50.258,1.29695,1.29745,3.20,1.00
2010.09.20 09:06:51.694,1.29695,1.29745,5.40,1.00
2010.09.20 09:06:52.877,1.29705,1.29745,1.60,1.00
2010.09.20 09:06:53.004,1.29695,1.29745,3.20,1.00
2010.09.20 09:06:53.578,1.29695,1.29745,2.40,1.00
2010.09.20 09:07:02.665,1.29695,1.29745,3.20,1.00
2010.09.20 09:07:04.099,1.29695,1.29745,2.40,1.00
2010.09.20 09:07:05.470,1.2971,1.29745,1.60,1.00
2010.09.20 09:07:07.404,1.29715,1.29745,1.60,1.00
2010.09.20 09:07:08.917,1.29715,1.29755,1.60,1.60
2010.09.20 09:07:10.225,1.29715,1.2976,1.60,1.00
2010.09.20 09:07:18.731,1.2972,1.2976,1.00,1.00
2010.09.20 09:07:25.607,1.2972,1.2976,1.00,1.00
2010.09.20 09:07:26.360,1.29715,1.2976,1.60,1.00
2010.09.20 09:07:26.859,1.29715,1.2976,1.60,1.00
2010.09.20 09:07:27.427,1.29715,1.2976,1.00,1.00
2010.09.20 09:07:27.769,1.2971,1.2976,1.60,1.00
2010.09.20 09:07:28.570,1.29715,1.2976,1.60,1.00
2010.09.20 09:07:28.901,1.29715,1.29765,1.60,3.70
2010.09.20 09:07:29.797,1.29715,1.29765,1.60,3.60
2010.09.20 09:07:30.156,1.29715,1.29765,1.60,3.60
2010.09.20 09:07:31.365,1.29715,1.29765,1.00,3.60
2010.09.20 09:07:31.620,1.29705,1.29765,3.20,4.30
2010.09.20 09:07:33.567,1.29705,1.29765,3.80,4.40
2010.09.20 09:07:33.726,1.29705,1.29765,3.80,4.30
2010.09.20 09:07:34.207,1.2971,1.29765,1.60,3.60
2010.09.20 09:07:37.403,1.2971,1.29765,1.60,3.60
2010.09.20 09:07:38.358,1.29715,1.29765,1.60,2.00
2010.09.20 09:07:38.703,1.29715,1.2976,1.60,1.00
2010.09.20 09:07:40.814,1.29715,1.2973,1.60,1.00
2010.09.20 09:07:40.956,1.29715,1.2973,1.00,1.00
2010.09.20 09:07:41.097,1.29705,1.2973,1.60,1.00
2010.09.20 09:07:41.680,1.29695,1.2973,1.60,1.00
2010.09.20 09:07:41.874,1.29675,1.2973,1.00,2.70
2010.09.20 09:07:42.057,1.29675,1.2973,1.00,5.90
2010.09.20 09:07:42.236,1.29675,1.29725,1.00,1.60
2010.09.20 09:07:43.028,1.29675,1.2973,1.60,5.90
2010.09.20 09:07:43.364,1.29675,1.2973,2.20,3.50
2010.09.20 09:07:43.620,1.29685,1.2973,1.60,1.00
2010.09.20 09:07:44.348,1.29665,1.2972,1.60,1.00
2010.09.20 09:07:44.703,1.29655,1.29705,1.00,1.90
2010.09.20 09:07:45.522,1.29655,1.29695,1.00,1.60
2010.09.20 09:07:45.822,1.29635,1.29695,5.20,2.30
2010.09.20 09:07:46.455,1.29635,1.29695,5.20,3.10
2010.09.20 09:07:46.763,1.2964,1.29695,1.00,3.10
2010.09.20 09:07:47.891,1.2964,1.29695,1.00,3.10
2010.09.20 09:07:49.887,1.2964,1.29695,1.00,3.10
2010.09.20 09:07:50.185,1.29635,1.29695,3.60,3.10
2010.09.20 09:07:50.285,1.29635,1.2969,2.80,1.00
2010.09.20 09:07:50.484,1.29635,1.29695,2.00,3.10
2010.09.20 09:07:51.040,1.29635,1.29695,2.40,3.50
2010.09.20 09:07:51.262,1.2963,1.29685,2.30,1.60
2010.09.20 09:07:51.687,1.2964,1.29685,1.00,1.60
2010.09.20 09:07:52.945,1.2964,1.29685,1.00,1.60
2010.09.20 09:07:53.292,1.2963,1.29685,2.40,1.60
2010.09.20 09:07:53.386,1.2963,1.29685,2.30,1.60
2010.09.20 09:07:54.051,1.29635,1.29685,1.00,1.60
2010.09.20 09:07:54.165,1.2964,1.29695,1.00,3.50
2010.09.20 09:07:54.510,1.2964,1.29685,1.00,1.60
2010.09.20 09:07:55.429,1.2963,1.29685,1.00,1.60
2010.09.20 09:07:55.717,1.2963,1.29685,1.00,2.30
2010.09.20 09:07:56.856,1.29635,1.29685,1.00,2.30
2010.09.20 09:07:58.109,1.29635,1.29685,1.00,1.60
2010.09.20 09:07:58.597,1.2964,1.29685,1.00,1.60
2010.09.20 09:07:59.696,1.29645,1.29685,1.00,1.60
2010.09.20 09:08:00.918,1.29645,1.2969,1.00,1.00
2010.09.20 09:08:02.403,1.2964,1.2969,1.00,1.00
2010.09.20 09:08:03.767,1.29635,1.2969,1.70,1.00
2010.09.20 09:08:04.057,1.29635,1.29685,1.60,1.00
2010.09.20 09:08:04.869,1.2963,1.29685,1.00,2.30
2010.09.20 09:08:05.221,1.2963,1.29685,1.40,2.30
2010.09.20 09:08:06.376,1.2963,1.29685,1.60,2.30
2010.09.20 09:08:07.643,1.29635,1.29685,1.00,2.30
2010.09.20 09:08:10.562,1.29635,1.29685,1.70,1.00
2010.09.20 09:08:10.854,1.29635,1.29685,1.60,1.00
2010.09.20 09:08:13.112,1.29635,1.29685,1.70,1.00
2010.09.20 09:08:14.833,1.2964,1.29685,1.00,1.00
2010.09.20 09:08:15.652,1.2964,1.2969,1.00,1.00
2010.09.20 09:08:18.462,1.29635,1.2969,1.60,1.00
2010.09.20 09:08:22.141,1.29635,1.2969,1.60,2.30
2010.09.20 09:08:24.975,1.29635,1.2969,1.60,1.00
2010.09.20 09:08:25.717,1.2964,1.2969,1.00,1.00
2010.09.20 09:08:26.823,1.2964,1.2969,1.00,1.00
2010.09.20 09:08:29.746,1.29635,1.2969,1.70,1.00
2010.09.20 09:08:30.058,1.2964,1.2969,1.00,1.00
2010.09.20 09:08:31.584,1.29635,1.2969,1.60,1.00
2010.09.20 09:08:32.194,1.2964,1.2969,1.00,1.00
2010.09.20 09:08:33.717,1.2964,1.29695,1.00,3.50
2010.09.20 09:08:33.767,1.2964,1.29695,1.00,3.50
2010.09.20 09:08:33.816,1.2964,1.29695,1.00,2.70
2010.09.20 09:08:34.325,1.29645,1.29695,1.60,1.10
2010.09.20 09:08:34.390,1.29645,1.29695,1.60,1.00
2010.09.20 09:08:34.859,1.29645,1.29695,1.70,1.00
2010.09.20 09:08:35.827,1.2965,1.29695,1.00,1.00
2010.09.20 09:08:38.873,1.2965,1.297,1.00,1.90
2010.09.20 09:08:40.364,1.2964,1.29695,2.40,1.60
2010.09.20 09:08:41.046,1.29645,1.29695,1.60,1.60
2010.09.20 09:08:41.246,1.2964,1.2969,1.60,1.00
2010.09.20 09:08:41.588,1.29635,1.2969,1.60,1.00
2010.09.20 09:08:43.680,1.29635,1.29685,1.60,1.00
2010.09.20 09:08:45.189,1.29645,1.29695,1.60,1.50
2010.09.20 09:08:45.549,1.29635,1.2969,1.60,1.50
2010.09.20 09:08:48.913,1.29635,1.2969,1.60,1.90
2010.09.20 09:08:50.384,1.29635,1.2969,1.60,1.10
2010.09.20 09:08:50.612,1.2964,1.2969,1.60,1.00
2010.09.20 09:08:53.400,1.29645,1.2969,1.60,1.00
2010.09.20 09:08:55.531,1.29645,1.2969,3.20,1.00
2010.09.20 09:08:56.701,1.29635,1.2969,3.20,1.00
2010.09.20 09:08:59.014,1.29635,1.29695,3.20,5.10
2010.09.20 09:09:00.058,1.29635,1.29695,3.20,5.10
2010.09.20 09:09:00.218,1.29635,1.29695,3.20,6.70
2010.09.20 09:09:00.779,1.29635,1.29685,1.60,1.60
2010.09.20 09:09:02.175,1.2964,1.29685,1.00,1.60
2010.09.20 09:09:02.464,1.2964,1.29695,1.00,3.60
2010.09.20 09:09:03.506,1.29635,1.29695,3.20,3.60
2010.09.20 09:09:05.119,1.29635,1.29695,3.20,3.60
2010.09.20 09:09:05.466,1.29635,1.29695,3.20,5.20
2010.09.20 09:09:06.803,1.29635,1.29695,3.20,5.10
2010.09.20 09:09:07.084,1.2963,1.29685,1.60,1.60
2010.09.20 09:09:10.503,1.2963,1.2969,1.60,1.50
2010.09.20 09:09:10.703,1.2963,1.29685,1.60,1.60
2010.09.20 09:09:14.984,1.2963,1.29685,1.00,1.60
2010.09.20 09:09:16.782,1.2963,1.29685,1.60,1.60
2010.09.20 09:09:17.029,1.29635,1.29695,1.60,3.50
2010.09.20 09:09:17.546,1.29635,1.29695,2.40,3.50
2010.09.20 09:09:17.804,1.29635,1.29695,3.20,3.50
2010.09.20 09:09:18.517,1.29635,1.29695,3.20,3.60
2010.09.20 09:09:19.517,1.29635,1.29695,3.20,3.50
2010.09.20 09:09:20.868,1.29635,1.29695,1.60,3.50
2010.09.20 09:09:21.173,1.29635,1.29695,3.20,3.50
2010.09.20 09:09:21.483,1.29635,1.29695,3.20,2.70
2010.09.20 09:09:21.673,1.2964,1.29695,1.00,2.00
2010.09.20 09:09:24.179,1.2964,1.29685,1.00,1.60
2010.09.20 09:09:27.660,1.2964,1.29695,1.00,2.00
2010.09.20 09:09:29.138,1.2964,1.29695,1.00,2.00
2010.09.20 09:09:30.746,1.2964,1.29695,1.00,1.00
2010.09.20 09:09:31.364,1.2964,1.29695,1.00,2.00
2010.09.20 09:09:33.617,1.29655,1.29695,2.00,1.60
2010.09.20 09:09:33.960,1.29655,1.29705,2.00,1.60
2010.09.20 09:09:34.803,1.2967,1.29715,1.00,1.60
2010.09.20 09:09:35.151,1.29665,1.29715,1.60,1.60
2010.09.20 09:09:35.485,1.2966,1.29705,1.60,1.60
2010.09.20 09:09:37.780,1.29665,1.29705,1.60,1.60
2010.09.20 09:09:38.126,1.29665,1.29715,1.60,1.60
2010.09.20 09:09:40.386,1.29665,1.2972,1.60,1.20
2010.09.20 09:09:40.553,1.29665,1.29715,1.60,1.60
2010.09.20 09:09:41.342,1.29665,1.29705,1.60,1.60
2010.09.20 09:09:41.540,1.29665,1.29715,1.60,1.60
2010.09.20 09:09:42.354,1.29665,1.29715,1.60,1.60
2010.09.20 09:09:44.734,1.2966,1.29715,1.60,1.60
2010.09.20 09:09:46.355,1.29665,1.2972,3.20,1.00
2010.09.20 09:09:46.987,1.29665,1.2972,3.20,1.00
2010.09.20 09:09:47.379,1.29665,1.2972,3.20,1.00
2010.09.20 09:09:49.036,1.2967,1.29725,1.60,3.70
2010.09.20 09:09:49.295,1.2967,1.29725,1.60,3.60
2010.09.20 09:09:51.997,1.2967,1.2972,1.60,1.00
2010.09.20 09:09:52.175,1.2967,1.2972,1.60,1.00
2010.09.20 09:09:52.991,1.2967,1.29725,1.60,5.20
2010.09.20 09:09:53.339,1.2967,1.29725,1.00,5.20
2010.09.20 09:09:53.958,1.29665,1.29725,3.20,5.90
2010.09.20 09:09:54.243,1.29665,1.29725,3.20,4.30
2010.09.20 09:09:56.669,1.29665,1.29725,3.30,4.30
2010.09.20 09:09:58.404,1.29665,1.29725,3.30,2.70
2010.09.20 09:09:58.556,1.29665,1.2972,3.20,1.00
2010.09.20 09:09:59.200,1.29665,1.29715,1.00,1.60
2010.09.20 09:09:59.539,1.2967,1.29715,1.60,1.60
2010.09.20 09:10:00.313,1.2967,1.2972,1.60,1.00
2010.09.20 09:10:00.662,1.2967,1.29715,1.60,1.60
2010.09.20 09:10:01.009,1.29675,1.2972,1.00,1.00
2010.09.20 09:10:01.357,1.29675,1.2972,1.60,1.00
2010.09.20 09:10:03.736,1.2968,1.2972,1.00,1.00
2010.09.20 09:10:08.884,1.2968,1.29725,1.00,1.60
2010.09.20 09:10:10.776,1.2968,1.2973,1.00,1.00
2010.09.20 09:10:11.114,1.2968,1.2973,1.00,1.00
2010.09.20 09:10:22.752,1.29685,1.2973,1.00,1.00
2010.09.20 09:10:23.097,1.29685,1.2973,1.00,1.00
2010.09.20 09:10:24.259,1.2968,1.2973,1.00,1.00
2010.09.20 09:10:26.465,1.29685,1.2973,1.00,1.00
2010.09.20 09:10:28.295,1.29685,1.2973,1.00,1.00
2010.09.20 09:10:28.867,1.29685,1.2973,1.00,1.00
2010.09.20 09:10:29.611,1.29685,1.2973,1.00,1.00
2010.09.20 09:10:29.886,1.29685,1.2973,1.00,1.00
2010.09.20 09:10:54.738,1.29685,1.2973,2.40,1.00
2010.09.20 09:10:56.517,1.29685,1.2973,3.20,1.00
2010.09.20 09:10:57.761,1.29685,1.2973,1.00,1.00
2010.09.20 09:10:58.912,1.2968,1.2973,1.60,1.00
2010.09.20 09:10:59.263,1.2968,1.2973,1.00,1.00
2010.09.20 09:10:59.606,1.29675,1.2973,3.20,1.00
2010.09.20 09:11:00.628,1.2968,1.2973,1.60,1.00
2010.09.20 09:11:20.730,1.2968,1.2973,1.60,1.00
2010.09.20 09:11:21.650,1.2968,1.2973,1.60,1.00
2010.09.20 09:11:33.136,1.2968,1.2973,1.60,1.00
2010.09.20 09:11:33.479,1.2968,1.2973,1.60,1.00
2010.09.20 09:11:34.308,1.29685,1.2973,1.00,1.00
2010.09.20 09:11:34.643,1.29675,1.2973,1.60,1.90
2010.09.20 09:11:35.371,1.29675,1.2973,2.20,1.00
2010.09.20 09:11:35.674,1.29685,1.2973,1.60,1.00
2010.09.20 09:11:36.781,1.29665,1.2972,2.00,1.00
2010.09.20 09:11:37.135,1.29665,1.2971,1.00,1.60
2010.09.20 09:11:37.488,1.29665,1.29715,1.00,3.10
2010.09.20 09:11:38.243,1.29665,1.29705,1.00,1.00
2010.09.20 09:11:38.539,1.29665,1.29705,1.00,1.60
2010.09.20 09:11:39.527,1.2966,1.29705,1.70,1.60
2010.09.20 09:11:40.547,1.2966,1.29705,1.60,1.60
2010.09.20 09:11:41.697,1.2966,1.29705,2.40,1.60
2010.09.20 09:11:42.825,1.2966,1.29705,1.00,1.60
2010.09.20 09:11:43.010,1.2966,1.29715,1.00,1.60
2010.09.20 09:11:43.516,1.2966,1.2972,1.00,3.80
2010.09.20 09:11:43.708,1.2966,1.29715,1.00,1.60
2010.09.20 09:11:44.566,1.2966,1.29715,1.00,1.60
2010.09.20 09:11:44.905,1.29665,1.29715,1.00,1.60
2010.09.20 09:11:47.774,1.2966,1.2971,1.00,1.60
2010.09.20 09:11:49.496,1.2966,1.29715,1.00,1.60
2010.09.20 09:11:50.233,1.2966,1.29715,1.60,1.60
2010.09.20 09:11:50.756,1.2966,1.29715,1.00,2.40
2010.09.20 09:11:50.928,1.29655,1.29715,2.10,3.10
2010.09.20 09:11:51.564,1.29655,1.29715,2.10,4.70
2010.09.20 09:11:51.909,1.2966,1.29715,1.00,4.70
2010.09.20 09:11:52.438,1.29655,1.29715,3.70,4.70
2010.09.20 09:11:55.248,1.2966,1.29715,1.00,4.70
2010.09.20 09:11:56.578,1.2966,1.29715,1.00,3.10
2010.09.20 09:11:57.533,1.29655,1.29715,3.70,4.70
2010.09.20 09:11:58.365,1.29655,1.29715,3.70,6.30
2010.09.20 09:11:59.123,1.29655,1.29715,3.70,7.90
2010.09.20 09:12:06.850,1.29655,1.2971,3.30,1.00
2010.09.20 09:12:10.284,1.29655,1.2971,1.70,1.00
2010.09.20 09:12:10.506,1.29655,1.29705,1.70,1.60
2010.09.20 09:12:14.745,1.29655,1.29705,1.60,1.60
2010.09.20 09:12:15.352,1.2965,1.29705,1.60,1.60
2010.09.20 09:12:16.010,1.2965,1.29705,1.60,1.60
2010.09.20 09:12:16.597,1.2965,1.29705,1.60,1.60
2010.09.20 09:12:16.812,1.2965,1.29705,1.60,1.60
2010.09.20 09:12:18.563,1.2965,1.29705,1.60,1.60
2010.09.20 09:12:19.995,1.2965,1.29705,1.60,1.60
2010.09.20 09:12:20.832,1.2965,1.297,1.60,1.60
2010.09.20 09:12:21.416,1.2965,1.29705,1.60,3.20
2010.09.20 09:12:22.159,1.29655,1.29705,1.60,1.60
2010.09.20 09:12:22.502,1.29655,1.29705,1.70,1.60
2010.09.20 09:12:23.605,1.29655,1.29705,1.60,1.60
2010.09.20 09:12:25.688,1.29665,1.29705,1.00,1.60
2010.09.20 09:12:26.189,1.2967,1.29705,1.00,1.60
2010.09.20 09:12:26.549,1.2967,1.2971,1.00,1.00
2010.09.20 09:12:29.127,1.2967,1.29715,1.00,2.00
2010.09.20 09:12:39.901,1.2967,1.29715,1.00,1.00
2010.09.20 09:12:40.120,1.2967,1.29715,1.00,2.00
2010.09.20 09:12:40.678,1.2967,1.29715,1.00,2.00
2010.09.20 09:12:41.555,1.29665,1.29715,1.60,2.00
2010.09.20 09:12:41.843,1.29665,1.29715,3.20,1.00
2010.09.20 09:12:42.118,1.2967,1.29715,1.00,1.00
2010.09.20 09:12:44.267,1.29665,1.29715,3.20,1.00
2010.09.20 09:12:44.487,1.29665,1.29715,1.60,2.00
2010.09.20 09:12:45.418,1.2967,1.29715,1.00,2.00
2010.09.20 09:12:49.125,1.2967,1.29715,1.00,1.60
2010.09.20 09:12:58.900,1.2967,1.29715,1.00,2.00
2010.09.20 09:13:05.109,1.2967,1.29715,1.00,1.00
2010.09.20 09:13:06.146,1.29665,1.29715,4.80,1.00
2010.09.20 09:13:06.489,1.29675,1.29715,2.20,1.00
2010.09.20 09:13:07.344,1.29675,1.29715,1.60,1.00
2010.09.20 09:13:07.663,1.29675,1.29715,2.20,1.00
2010.09.20 09:13:09.004,1.29675,1.2972,2.20,2.00
2010.09.20 09:13:09.555,1.29675,1.2972,2.20,1.00
2010.09.20 09:13:13.018,1.29685,1.2972,1.60,1.00
2010.09.20 09:13:13.780,1.29665,1.29715,2.60,1.00
2010.09.20 09:13:14.074,1.29655,1.297,2.00,1.40
2010.09.20 09:13:14.428,1.29655,1.297,1.00,1.00
2010.09.20 09:13:15.242,1.29655,1.2971,1.00,1.50
2010.09.20 09:13:15.590,1.29655,1.297,1.00,1.00
2010.09.20 09:13:16.464,1.29655,1.29695,1.00,1.50
2010.09.20 09:13:19.436,1.29645,1.29695,1.60,1.50
2010.09.20 09:13:20.848,1.29645,1.297,1.60,1.50
2010.09.20 09:13:22.536,1.29645,1.29705,3.20,1.50
2010.09.20 09:13:22.837,1.29645,1.29705,3.20,3.10
2010.09.20 09:13:23.646,1.29645,1.297,1.60,1.00
2010.09.20 09:13:23.944,1.2964,1.2969,2.00,1.60
2010.09.20 09:13:24.229,1.2964,1.2969,2.00,1.60
2010.09.20 09:13:27.215,1.2964,1.2969,2.00,2.20
2010.09.20 09:13:28.059,1.2964,1.29685,2.00,1.60
2010.09.20 09:13:28.395,1.2964,1.29685,1.00,1.60
2010.09.20 09:13:33.396,1.2964,1.29695,1.00,5.50
2010.09.20 09:13:33.730,1.2964,1.29695,1.00,5.60
2010.09.20 09:13:37.624,1.2964,1.29695,1.00,5.50
2010.09.20 09:13:37.774,1.2964,1.29695,1.00,5.50
2010.09.20 09:13:40.355,1.2964,1.29685,1.00,1.60
2010.09.20 09:13:41.702,1.2964,1.2969,1.00,1.00
2010.09.20 09:13:41.968,1.2964,1.29695,1.00,5.50
2010.09.20 09:13:42.226,1.2964,1.29695,1.00,5.60
2010.09.20 09:13:43.506,1.2964,1.29695,1.00,5.50
2010.09.20 09:13:43.704,1.2964,1.2969,1.00,1.60
2010.09.20 09:13:43.754,1.2964,1.2969,1.00,3.20
2010.09.20 09:13:44.034,1.2964,1.2969,1.00,4.80
2010.09.20 09:13:44.088,1.2964,1.2969,1.00,1.60
2010.09.20 09:13:44.135,1.2964,1.2969,1.00,2.20
2010.09.20 09:13:44.932,1.2964,1.29685,1.00,1.60
2010.09.20 09:13:47.577,1.2964,1.2969,1.00,1.60
2010.09.20 09:13:48.107,1.2964,1.29695,1.00,5.50
2010.09.20 09:13:48.390,1.2964,1.29695,1.00,5.60
2010.09.20 09:13:48.676,1.2964,1.2969,1.00,3.20
2010.09.20 09:13:57.405,1.2964,1.29695,1.00,5.60
2010.09.20 09:13:58.763,1.2964,1.29695,1.00,6.20
2010.09.20 09:14:00.964,1.2964,1.29695,1.00,6.20
2010.09.20 09:14:01.315,1.2964,1.29695,1.00,4.60
2010.09.20 09:14:02.135,1.2964,1.29695,1.00,6.20
2010.09.20 09:14:02.700,1.2964,1.2969,1.00,1.60
2010.09.20 09:14:05.073,1.2964,1.29695,1.00,6.20
2010.09.20 09:14:12.191,1.2964,1.29665,1.00,1.60
2010.09.20 09:14:12.384,1.2964,1.29675,1.00,1.00
2010.09.20 09:14:13.392,1.2964,1.29675,1.00,2.00
2010.09.20 09:14:14.899,1.29635,1.29675,1.60,2.00
2010.09.20 09:14:15.252,1.29615,1.2967,5.60,1.00
2010.09.20 09:14:15.449,1.29615,1.2967,3.20,1.00
2010.09.20 09:14:17.005,1.29615,1.29665,3.20,1.00
2010.09.20 09:14:19.141,1.29615,1.29665,1.60,1.00
2010.09.20 09:14:20.408,1.29615,1.29665,1.00,1.00
2010.09.20 09:14:20.644,1.29615,1.29665,1.00,2.30
2010.09.20 09:14:23.635,1.2962,1.29665,1.00,2.30
2010.09.20 09:14:24.399,1.29615,1.2967,1.60,1.00
2010.09.20 09:14:25.266,1.29615,1.29665,1.60,1.00
2010.09.20 09:14:25.627,1.2961,1.2966,1.00,1.00
2010.09.20 09:14:27.050,1.29615,1.2966,1.00,1.00
2010.09.20 09:14:28.186,1.2961,1.2966,1.00,1.00
2010.09.20 09:14:29.587,1.2961,1.29655,1.00,1.60
2010.09.20 09:14:30.516,1.29605,1.29655,1.00,1.60
2010.09.20 09:14:31.302,1.29615,1.29655,1.00,1.60
2010.09.20 09:14:31.510,1.29605,1.29655,1.00,1.60
2010.09.20 09:14:32.028,1.29615,1.29655,1.00,1.60
2010.09.20 09:14:34.195,1.2962,1.29655,1.00,1.60
2010.09.20 09:14:36.822,1.2961,1.29655,1.00,1.60
2010.09.20 09:14:38.671,1.2962,1.29655,1.00,1.60
2010.09.20 09:14:39.483,1.2961,1.29655,1.00,2.30
2010.09.20 09:14:39.632,1.296,1.29655,1.00,2.30
2010.09.20 09:14:40.792,1.29605,1.29655,1.70,1.00
2010.09.20 09:14:41.548,1.29605,1.29655,1.60,1.00
2010.09.20 09:14:42.140,1.29605,1.29655,1.70,1.00
2010.09.20 09:14:56.551,1.29605,1.29655,1.60,1.00
2010.09.20 09:15:05.602,1.2961,1.29655,1.00,1.00
2010.09.20 09:15:10.905,1.29605,1.29655,1.60,1.00
2010.09.20 09:15:12.367,1.29605,1.29655,1.00,1.00
2010.09.20 09:15:13.155,1.29605,1.29655,1.60,1.00
2010.09.20 09:15:19.693,1.29605,1.29655,1.60,1.00
2010.09.20 09:15:23.729,1.29605,1.29655,1.70,1.00
2010.09.20 09:15:25.762,1.29605,1.29655,1.60,1.00
2010.09.20 09:15:27.540,1.29605,1.2966,1.60,1.50
2010.09.20 09:15:28.755,1.2961,1.2966,1.00,1.50
2010.09.20 09:15:29.459,1.29605,1.2966,1.60,1.50
2010.09.20 09:15:30.765,1.29605,1.2966,1.60,3.10
2010.09.20 09:15:31.906,1.2961,1.2966,1.00,3.10
2010.09.20 09:15:32.246,1.2961,1.2966,1.00,1.50
2010.09.20 09:15:34.063,1.29605,1.2966,1.60,1.50
2010.09.20 09:15:35.076,1.2961,1.2966,1.00,1.50
2010.09.20 09:15:45.126,1.29605,1.2966,1.60,1.50
2010.09.20 09:15:50.595,1.29605,1.29665,3.40,2.30
2010.09.20 09:15:50.938,1.29605,1.29665,1.60,2.30
2010.09.20 09:15:51.749,1.29605,1.29655,1.00,1.60
2010.09.20 09:15:52.060,1.296,1.29655,3.90,1.60
2010.09.20 09:15:52.367,1.29605,1.29655,1.00,1.60
2010.09.20 09:15:53.423,1.29605,1.2966,1.70,1.00
2010.09.20 09:15:53.764,1.2961,1.2966,2.20,1.60
2010.09.20 09:15:54.110,1.29605,1.29665,3.30,2.30
2010.09.20 09:15:55.121,1.2961,1.29665,1.00,2.30
2010.09.20 09:15:55.725,1.2961,1.29665,1.00,2.30
2010.09.20 09:15:56.684,1.29605,1.29665,3.30,2.30
2010.09.20 09:15:56.934,1.29605,1.29655,3.30,1.00
2010.09.20 09:15:58.249,1.29605,1.29655,3.20,1.00
2010.09.20 09:15:58.525,1.29605,1.29655,1.60,1.00
2010.09.20 09:15:58.766,1.29605,1.29655,3.20,1.00
2010.09.20 09:15:59.005,1.29605,1.29655,1.60,1.00
2010.09.20 09:15:59.718,1.29605,1.29655,1.60,2.00
2010.09.20 09:15:59.911,1.29605,1.29655,1.70,3.60
2010.09.20 09:16:00.086,1.29615,1.29655,1.00,2.00
2010.09.20 09:16:00.619,1.29615,1.29655,1.00,1.00
2010.09.20 09:16:00.800,1.29615,1.29655,3.80,1.00
2010.09.20 09:16:01.153,1.29615,1.29655,3.20,1.00
2010.09.20 09:16:01.501,1.29615,1.29655,1.60,1.00
2010.09.20 09:16:02.237,1.29615,1.29655,3.20,1.00
2010.09.20 09:16:02.490,1.29615,1.29655,3.80,1.00
2010.09.20 09:16:02.751,1.29615,1.29655,4.60,1.00
2010.09.20 09:16:03.009,1.29615,1.29655,1.60,1.00
2010.09.20 09:16:03.700,1.29615,1.29655,3.80,1.00
2010.09.20 09:16:04.064,1.29615,1.29655,2.20,1.00
2010.09.20 09:16:04.198,1.29615,1.29655,4.60,1.00
2010.09.20 09:16:04.326,1.29615,1.29655,4.80,1.00
2010.09.20 09:16:04.457,1.29615,1.29655,4.60,1.00
2010.09.20 09:16:05.061,1.29605,1.29655,2.40,1.00
2010.09.20 09:16:05.409,1.2961,1.29655,1.00,1.00
2010.09.20 09:16:06.829,1.29605,1.29655,2.50,1.00
2010.09.20 09:16:08.507,1.29605,1.29655,2.40,1.00
2010.09.20 09:16:11.036,1.29605,1.29655,2.20,1.00
2010.09.20 09:16:11.356,1.29605,1.29655,1.60,1.00
2010.09.20 09:16:12.174,1.29615,1.29655,1.60,2.00
2010.09.20 09:16:15.696,1.29615,1.29655,1.60,1.00
2010.09.20 09:16:17.234,1.2962,1.29655,1.70,1.00
2010.09.20 09:16:18.584,1.2962,1.29655,1.60,1.00
2010.09.20 09:16:20.215,1.2962,1.29655,1.60,1.00
2010.09.20 09:16:21.873,1.2962,1.29655,1.70,1.00
2010.09.20 09:16:25.165,1.2962,1.29655,1.60,1.00
2010.09.20 09:16:26.457,1.2962,1.29665,1.60,2.00
2010.09.20 09:16:29.203,1.2962,1.29665,1.60,1.60
2010.09.20 09:16:30.589,1.2962,1.29675,1.60,2.00
2010.09.20 09:16:34.299,1.29625,1.29675,1.00,2.00
2010.09.20 09:16:34.584,1.29625,1.29675,1.60,2.00
2010.09.20 09:16:36.966,1.29625,1.29665,1.60,1.60
2010.09.20 09:16:38.397,1.29625,1.29675,1.60,2.00
2010.09.20 09:16:40.798,1.29615,1.29665,1.60,1.60
2010.09.20 09:16:41.138,1.29615,1.29665,1.60,1.60
2010.09.20 09:16:42.337,1.2961,1.29655,1.60,1.60
2010.09.20 09:16:49.215,1.2961,1.29655,1.60,1.60
2010.09.20 09:16:49.569,1.29615,1.29655,1.00,1.60
2010.09.20 09:16:50.663,1.29615,1.29655,1.00,1.60
2010.09.20 09:16:52.178,1.2961,1.29655,1.00,1.60
2010.09.20 09:16:53.635,1.2961,1.29655,1.60,1.60
2010.09.20 09:17:00.534,1.2961,1.29665,1.60,1.60
2010.09.20 09:17:04.870,1.29615,1.29665,1.60,1.60
2010.09.20 09:17:05.117,1.2962,1.29665,1.00,1.60
2010.09.20 09:17:05.360,1.2962,1.2966,1.60,1.60
2010.09.20 09:17:06.194,1.2962,1.2967,1.60,2.00
2010.09.20 09:17:07.612,1.2962,1.2967,1.00,2.00
2010.09.20 09:17:07.914,1.29615,1.2967,3.20,2.00
2010.09.20 09:17:09.617,1.2961,1.29665,1.70,2.20
2010.09.20 09:17:09.855,1.2961,1.29665,1.60,3.20
2010.09.20 09:17:10.537,1.2961,1.29665,1.00,1.60
2010.09.20 09:17:10.882,1.2961,1.29665,1.00,4.80
2010.09.20 09:17:11.683,1.2961,1.29665,1.00,3.20
2010.09.20 09:17:12.367,1.2961,1.29665,1.00,3.20
2010.09.20 09:17:13.419,1.2961,1.29665,1.00,3.20
2010.09.20 09:17:15.812,1.2961,1.29665,1.00,1.60
2010.09.20 09:17:16.076,1.2961,1.29665,1.40,1.60
2010.09.20 09:17:16.351,1.29615,1.29665,1.60,2.30
2010.09.20 09:17:16.617,1.29615,1.29665,1.60,3.10
2010.09.20 09:17:17.316,1.29605,1.29665,2.80,3.10
2010.09.20 09:17:17.581,1.29605,1.29665,2.80,6.30
2010.09.20 09:17:17.840,1.29605,1.29665,2.80,4.70
2010.09.20 09:17:18.358,1.29605,1.29665,2.80,4.70
2010.09.20 09:17:19.239,1.29605,1.29665,2.40,6.40
2010.09.20 09:17:19.587,1.29605,1.2966,2.40,1.60
2010.09.20 09:17:19.765,1.29605,1.29665,2.40,6.40
2010.09.20 09:17:19.914,1.29605,1.29665,2.40,4.80
2010.09.20 09:17:22.606,1.29605,1.29665,2.50,4.70
2010.09.20 09:17:22.919,1.29605,1.29665,2.50,6.30
2010.09.20 09:17:24.269,1.29605,1.29665,2.40,4.70
2010.09.20 09:17:24.506,1.29605,1.29665,2.40,4.70
2010.09.20 09:17:24.966,1.2961,1.2967,1.60,2.70
2010.09.20 09:17:25.195,1.2961,1.29665,1.60,1.60
2010.09.20 09:17:26.039,1.2961,1.29665,1.60,3.20
2010.09.20 09:17:26.816,1.2961,1.29665,1.70,3.20
2010.09.20 09:17:28.932,1.2961,1.29665,1.60,3.20
2010.09.20 09:17:29.276,1.2961,1.29665,1.60,1.60
2010.09.20 09:17:30.725,1.2961,1.29665,1.70,1.60
2010.09.20 09:17:31.046,1.2961,1.29665,1.60,1.60
2010.09.20 09:17:32.694,1.2961,1.29665,1.60,3.20
2010.09.20 09:17:34.255,1.2961,1.29665,1.60,1.60
2010.09.20 09:17:36.156,1.29615,1.29665,1.00,1.60
2010.09.20 09:17:38.207,1.2961,1.29665,1.60,1.60
2010.09.20 09:17:38.444,1.2961,1.29665,1.60,3.20
2010.09.20 09:17:43.904,1.2961,1.29665,1.60,1.60
2010.09.20 09:17:44.809,1.2961,1.29665,1.60,3.20
2010.09.20 09:17:49.344,1.2961,1.29665,1.60,1.60
2010.09.20 09:17:53.260,1.2962,1.2967,1.60,1.00
2010.09.20 09:17:54.214,1.2962,1.2967,1.00,2.00
2010.09.20 09:17:54.566,1.2962,1.2967,1.60,1.00
2010.09.20 09:17:55.634,1.29625,1.2967,1.00,1.00
2010.09.20 09:17:57.074,1.2962,1.2967,1.60,1.00
2010.09.20 09:17:57.361,1.2962,1.2967,1.00,1.00
2010.09.20 09:17:57.875,1.29615,1.2967,4.80,1.00
2010.09.20 09:17:58.221,1.2961,1.29665,1.60,1.60
2010.09.20 09:17:58.568,1.29615,1.29665,1.00,1.60
2010.09.20 09:17:58.908,1.29615,1.29665,1.00,1.60
2010.09.20 09:17:59.655,1.29615,1.29665,1.00,4.80
2010.09.20 09:17:59.997,1.29615,1.29665,1.00,4.80
2010.09.20 09:18:00.189,1.29615,1.29665,1.00,1.60
2010.09.20 09:18:00.567,1.29615,1.29665,1.00,3.20
2010.09.20 09:18:00.756,1.29615,1.29665,1.00,1.60
2010.09.20 09:18:01.499,1.2962,1.29665,1.00,1.60
2010.09.20 09:18:02.772,1.29615,1.2967,1.60,3.50
2010.09.20 09:18:03.608,1.29615,1.2967,1.60,3.50
2010.09.20 09:18:04.608,1.29615,1.2967,1.70,3.50
2010.09.20 09:18:06.829,1.29615,1.2967,1.60,3.50
2010.09.20 09:18:06.956,1.29615,1.29665,1.60,2.30
2010.09.20 09:18:07.793,1.2962,1.29665,1.00,2.30
2010.09.20 09:18:08.060,1.2962,1.2967,1.00,3.50
2010.09.20 09:18:08.388,1.29615,1.2967,1.70,3.50
2010.09.20 09:18:11.285,1.29615,1.2967,1.60,3.60
2010.09.20 09:18:11.477,1.29615,1.29665,1.60,1.60
2010.09.20 09:18:14.862,1.2961,1.29665,1.60,1.60
2010.09.20 09:18:15.058,1.29615,1.29665,1.00,1.60
2010.09.20 09:18:19.065,1.2961,1.29665,1.60,1.60
2010.09.20 09:18:22.304,1.29615,1.29665,1.00,1.60
2010.09.20 09:18:31.287,1.2962,1.2967,1.00,1.00
2010.09.20 09:18:31.460,1.2962,1.2967,1.40,1.00
2010.09.20 09:18:31.637,1.29625,1.2967,1.00,1.00
2010.09.20 09:18:32.281,1.29625,1.2967,1.60,1.00
2010.09.20 09:18:39.083,1.29625,1.2967,1.00,1.00
2010.09.20 09:18:39.852,1.2962,1.29675,1.40,1.60
2010.09.20 09:18:41.367,1.2962,1.29675,1.00,1.60
2010.09.20 09:18:42.598,1.29615,1.29675,1.00,3.10
2010.09.20 09:18:42.861,1.29615,1.29665,1.00,1.60
2010.09.20 09:18:48.764,1.29615,1.29665,1.00,3.20
2010.09.20 09:18:53.442,1.29615,1.29665,1.00,3.20
2010.09.20 09:18:54.135,1.29615,1.29665,1.00,1.60
2010.09.20 09:19:03.198,1.29615,1.29665,1.00,1.60
2010.09.20 09:19:03.865,1.29615,1.29665,1.00,1.60
2010.09.20 09:19:04.089,1.29615,1.29665,1.00,4.80
2010.09.20 09:19:05.778,1.29615,1.29665,1.00,3.20
2010.09.20 09:19:06.225,1.29615,1.29665,1.00,1.60
2010.09.20 09:19:09.187,1.29615,1.29665,1.00,1.60
2010.09.20 09:19:09.436,1.29615,1.29665,1.00,3.20
2010.09.20 09:19:09.594,1.29615,1.29665,1.00,4.80
2010.09.20 09:19:09.755,1.29615,1.29665,1.00,1.60
2010.09.20 09:19:10.940,1.29615,1.29665,1.00,1.60
2010.09.20 09:19:11.795,1.29615,1.2967,1.70,3.50
2010.09.20 09:19:13.000,1.29615,1.2967,1.60,3.50
2010.09.20 09:19:13.578,1.29615,1.2967,1.60,3.50
2010.09.20 09:19:14.440,1.29625,1.2967,1.60,3.50
2010.09.20 09:19:17.668,1.29615,1.2967,2.40,2.00
2010.09.20 09:19:17.806,1.29615,1.2967,2.40,1.00
2010.09.20 09:19:19.417,1.29615,1.2967,2.40,1.00
2010.09.20 09:19:22.276,1.29615,1.2967,1.00,1.00
2010.09.20 09:19:22.607,1.29615,1.29665,1.00,1.60
2010.09.20 09:19:33.014,1.29615,1.2967,2.40,1.00
2010.09.20 09:19:34.796,1.29615,1.2967,2.40,1.00
2010.09.20 09:19:39.351,1.29615,1.29675,2.40,6.70
2010.09.20 09:19:52.266,1.29615,1.29675,2.40,5.10
2010.09.20 09:19:52.595,1.29615,1.29675,2.40,6.70
2010.09.20 09:19:53.375,1.29615,1.29675,2.50,6.70
2010.09.20 09:19:53.744,1.2962,1.29675,1.00,5.20
2010.09.20 09:19:55.196,1.2962,1.29675,1.00,2.00
2010.09.20 09:20:04.874,1.2962,1.29675,1.00,1.00
2010.09.20 09:20:05.054,1.2962,1.29675,1.00,2.00
2010.09.20 09:20:06.022,1.2962,1.29675,1.00,2.00
2010.09.20 09:20:11.549,1.2962,1.29675,1.60,2.00
2010.09.20 09:20:11.736,1.29625,1.29675,1.00,2.00
2010.09.20 09:20:12.830,1.29625,1.29675,1.00,2.00
2010.09.20 09:20:13.001,1.2963,1.29675,1.00,2.00
2010.09.20 09:20:14.676,1.29625,1.29675,1.00,2.00
2010.09.20 09:20:16.598,1.2962,1.29675,1.00,3.60
2010.09.20 09:20:16.697,1.2962,1.29675,1.00,2.00
2010.09.20 09:20:16.978,1.2962,1.29675,1.00,1.00
2010.09.20 09:20:17.235,1.29625,1.29675,1.60,1.00
2010.09.20 09:20:17.334,1.29625,1.29675,2.40,1.00
2010.09.20 09:20:19.205,1.29625,1.29685,2.40,4.90
2010.09.20 09:20:20.307,1.29625,1.29685,2.40,4.70
2010.09.20 09:20:22.834,1.29625,1.29685,2.40,4.90
2010.09.20 09:20:25.255,1.29625,1.29685,2.40,4.80
2010.09.20 09:20:25.395,1.29625,1.29685,2.40,7.00
2010.09.20 09:20:26.481,1.29625,1.29685,2.40,8.60
2010.09.20 09:20:26.697,1.29625,1.29675,1.00,1.60
2010.09.20 09:20:30.216,1.29625,1.29685,2.40,3.30
2010.09.20 09:20:30.675,1.29625,1.29685,2.40,3.10
2010.09.20 09:20:30.975,1.29625,1.2968,1.60,3.90
2010.09.20 09:20:31.480,1.29625,1.2968,1.60,4.70
2010.09.20 09:20:31.779,1.29625,1.2968,1.60,3.10
2010.09.20 09:20:32.126,1.29625,1.2968,1.60,1.50
2010.09.20 09:20:38.465,1.29625,1.2968,2.40,1.00
2010.09.20 09:20:38.505,1.29625,1.29675,1.00,1.60
2010.09.20 09:20:41.715,1.2962,1.29675,1.00,3.90
2010.09.20 09:20:42.016,1.29625,1.29675,1.00,3.90
2010.09.20 09:20:42.647,1.29625,1.2968,2.20,1.00
2010.09.20 09:20:42.985,1.29625,1.2968,1.60,1.00
2010.09.20 09:20:43.799,1.29625,1.2968,1.60,2.50
2010.09.20 09:20:44.162,1.29625,1.2968,1.60,1.50
2010.09.20 09:20:44.510,1.29625,1.2968,4.60,3.90
2010.09.20 09:20:45.335,1.29625,1.2968,4.60,1.00
2010.09.20 09:20:45.681,1.29625,1.2968,4.60,1.00
2010.09.20 09:20:51.651,1.29625,1.2968,1.60,2.40
2010.09.20 09:20:51.808,1.29625,1.29675,1.60,1.00
2010.09.20 09:20:52.943,1.29625,1.29675,1.60,1.60
2010.09.20 09:20:53.287,1.29625,1.29675,1.60,1.00
2010.09.20 09:20:53.912,1.29625,1.2967,1.60,1.00
2010.09.20 09:20:54.839,1.29615,1.29675,3.20,3.90
2010.09.20 09:20:54.998,1.29615,1.29675,3.20,5.60
2010.09.20 09:20:55.165,1.29615,1.29675,2.40,6.40
2010.09.20 09:20:56.032,1.29615,1.29675,2.40,4.70
2010.09.20 09:20:56.380,1.29615,1.29675,2.40,3.20
2010.09.20 09:20:56.730,1.29615,1.2967,2.40,1.00
2010.09.20 09:20:57.403,1.29615,1.2967,1.60,1.60
2010.09.20 09:20:57.678,1.2961,1.29665,2.10,4.80
2010.09.20 09:20:57.937,1.2961,1.29665,2.10,1.60
2010.09.20 09:21:00.458,1.29615,1.29665,1.00,1.60
2010.09.20 09:21:02.138,1.2961,1.29665,2.00,1.60
2010.09.20 09:21:04.976,1.2961,1.29665,2.00,3.20
2010.09.20 09:21:05.094,1.2961,1.2966,2.00,1.60
2010.09.20 09:21:05.334,1.2961,1.29665,2.00,1.60
2010.09.20 09:21:05.774,1.2961,1.29665,1.60,1.60
2010.09.20 09:21:13.338,1.2961,1.29665,1.60,1.60
2010.09.20 09:21:14.022,1.29605,1.29665,3.70,3.90
2010.09.20 09:21:14.210,1.29605,1.29665,3.70,5.50
2010.09.20 09:21:15.606,1.29605,1.29665,2.00,3.90
2010.09.20 09:21:15.894,1.29605,1.29665,3.60,3.90
2010.09.20 09:21:17.270,1.2961,1.29665,1.00,3.90
2010.09.20 09:21:17.378,1.29605,1.29665,3.70,3.90
2010.09.20 09:21:18.738,1.29605,1.29665,3.60,3.90
2010.09.20 09:21:19.075,1.29605,1.29665,3.60,2.30
2010.09.20 09:21:19.414,1.29605,1.29665,3.60,3.90
2010.09.20 09:21:23.216,1.29605,1.29665,3.60,3.00
2010.09.20 09:21:23.366,1.29605,1.29665,3.60,3.00
2010.09.20 09:21:23.666,1.29605,1.2966,2.80,1.00
2010.09.20 09:21:24.416,1.29605,1.2966,2.00,1.00
2010.09.20 09:21:24.706,1.29605,1.2966,2.00,1.00
2010.09.20 09:21:25.953,1.29605,1.2966,1.60,1.00
2010.09.20 09:21:26.337,1.29605,1.29665,3.20,4.60
2010.09.20 09:21:26.527,1.29605,1.29665,3.20,2.30
2010.09.20 09:21:26.997,1.2961,1.29665,1.60,1.60
2010.09.20 09:21:27.091,1.2961,1.29665,1.60,2.20
2010.09.20 09:21:27.457,1.2961,1.29665,1.70,2.20
2010.09.20 09:21:28.885,1.2961,1.29665,1.60,2.20
2010.09.20 09:21:34.936,1.2961,1.29665,1.60,2.20
2010.09.20 09:21:36.606,1.29605,1.29665,2.40,3.80
2010.09.20 09:21:40.865,1.2961,1.29665,1.00,3.80
2010.09.20 09:21:43.537,1.2961,1.29665,1.00,3.80
2010.09.20 09:21:46.281,1.29605,1.29665,2.40,3.80
2010.09.20 09:21:46.629,1.29605,1.29665,2.40,5.40
2010.09.20 09:21:47.257,1.29605,1.2965,2.50,1.00
2010.09.20 09:21:47.527,1.29605,1.29665,3.20,3.00
2010.09.20 09:21:49.040,1.29605,1.29665,3.20,3.00
2010.09.20 09:21:49.627,1.29615,1.29665,1.00,3.00
2010.09.20 09:21:50.577,1.2961,1.29665,1.00,3.00
2010.09.20 09:21:54.418,1.2961,1.29655,1.00,1.60
2010.09.20 09:21:57.630,1.29605,1.29655,1.60,1.60
2010.09.20 09:21:58.271,1.29605,1.29655,1.60,1.60
2010.09.20 09:21:58.624,1.296,1.29655,3.60,1.60
2010.09.20 09:21:59.305,1.296,1.29655,3.90,1.60
2010.09.20 09:22:00.129,1.29605,1.29655,1.00,1.60
2010.09.20 09:22:02.631,1.29605,1.29655,1.60,1.60
2010.09.20 09:22:02.988,1.29605,1.29655,1.70,1.60
2010.09.20 09:22:04.744,1.29605,1.29655,1.60,1.60
2010.09.20 09:22:04.936,1.2961,1.29655,1.00,1.60
2010.09.20 09:22:05.898,1.29605,1.29655,1.70,1.60
2010.09.20 09:22:06.240,1.29615,1.29665,1.00,2.70
2010.09.20 09:22:06.527,1.29615,1.29665,1.60,2.00
2010.09.20 09:22:07.519,1.29615,1.29665,1.60,2.00
2010.09.20 09:22:08.837,1.29615,1.29665,1.60,2.00
2010.09.20 09:22:09.039,1.29615,1.29655,1.60,1.60
2010.09.20 09:22:09.448,1.29615,1.29655,1.00,1.60
2010.09.20 09:22:10.271,1.2961,1.29655,1.70,1.60
2010.09.20 09:22:14.603,1.2961,1.29655,1.60,1.60
2010.09.20 09:22:15.248,1.29605,1.29655,2.00,1.60
2010.09.20 09:22:15.932,1.29605,1.29655,2.00,1.60
2010.09.20 09:22:16.221,1.29605,1.29665,3.80,2.30
2010.09.20 09:22:16.726,1.2961,1.29665,1.00,2.30
2010.09.20 09:22:17.609,1.29615,1.29665,1.00,2.30
2010.09.20 09:22:19.987,1.29615,1.29665,1.00,1.60
2010.09.20 09:22:20.794,1.2961,1.29655,1.00,1.60
2010.09.20 09:22:21.068,1.2961,1.29655,1.00,1.60
2010.09.20 09:22:21.621,1.29605,1.29655,2.00,1.60
2010.09.20 09:22:22.616,1.29605,1.29655,2.10,1.60
2010.09.20 09:22:23.265,1.29605,1.29665,2.10,3.80
2010.09.20 09:22:23.579,1.29605,1.29655,2.00,1.60
2010.09.20 09:22:25.017,1.2961,1.29655,1.00,1.60
2010.09.20 09:22:26.683,1.29605,1.29655,2.10,1.60
2010.09.20 09:22:27.805,1.29605,1.29655,2.00,1.60
2010.09.20 09:22:32.398,1.2961,1.29655,1.00,1.60
2010.09.20 09:22:33.237,1.29605,1.29655,2.00,1.60
2010.09.20 09:22:33.413,1.2961,1.29655,1.00,1.60
2010.09.20 09:22:33.760,1.2961,1.29655,1.00,2.30
2010.09.20 09:22:34.272,1.2961,1.29655,1.00,1.60
2010.09.20 09:22:34.628,1.29605,1.29655,1.00,1.60
2010.09.20 09:22:36.985,1.29605,1.2966,1.00,1.50
2010.09.20 09:22:37.162,1.29605,1.29655,1.00,1.60
2010.09.20 09:22:39.274,1.29595,1.29655,4.80,1.60
2010.09.20 09:22:39.985,1.29595,1.29655,3.20,1.60
2010.09.20 09:22:40.308,1.29595,1.29655,4.80,1.60
2010.09.20 09:22:41.596,1.296,1.29655,1.00,1.60
2010.09.20 09:22:41.754,1.296,1.29655,1.60,1.60
2010.09.20 09:22:42.430,1.296,1.29655,1.60,1.60
2010.09.20 09:22:43.383,1.29605,1.29655,1.60,1.60
2010.09.20 09:22:46.263,1.29605,1.29645,1.70,1.60
2010.09.20 09:22:46.491,1.2961,1.29655,1.00,1.60
2010.09.20 09:22:46.715,1.2961,1.29645,1.00,1.60
2010.09.20 09:22:47.009,1.29605,1.29645,1.60,1.60
2010.09.20 09:22:49.855,1.29605,1.29655,1.60,1.60
2010.09.20 09:22:50.194,1.29605,1.29645,1.60,1.60
2010.09.20 09:22:50.535,1.2961,1.29645,1.00,1.60
2010.09.20 09:22:51.525,1.29605,1.29665,1.60,3.50
2010.09.20 09:22:51.796,1.2961,1.29665,1.00,2.00
2010.09.20 09:22:52.583,1.29605,1.29655,1.00,1.60
2010.09.20 09:22:55.887,1.29605,1.29655,1.00,1.60
2010.09.20 09:22:56.406,1.29605,1.2966,2.40,1.00
2010.09.20 09:22:57.716,1.29605,1.2966,2.50,1.00
2010.09.20 09:23:01.727,1.29605,1.2966,2.90,1.00
2010.09.20 09:23:02.858,1.29605,1.29655,2.10,1.50
2010.09.20 09:23:03.104,1.2961,1.29655,1.00,1.60
2010.09.20 09:23:03.351,1.29605,1.2966,1.00,1.00
2010.09.20 09:23:04.091,1.29605,1.2966,2.00,1.00
2010.09.20 09:23:04.444,1.29605,1.29655,1.00,1.00
2010.09.20 09:23:04.786,1.29605,1.29655,1.00,2.30
2010.09.20 09:23:05.365,1.29605,1.29655,1.00,2.30
2010.09.20 09:23:05.722,1.2961,1.29655,1.00,2.30
2010.09.20 09:23:07.208,1.2961,1.29655,1.00,2.30
2010.09.20 09:23:08.386,1.29605,1.2965,1.00,1.60
2010.09.20 09:23:08.552,1.29605,1.2965,1.00,2.30
2010.09.20 09:23:09.293,1.2959,1.29645,1.00,1.60
2010.09.20 09:23:10.811,1.2959,1.29645,1.00,1.60
2010.09.20 09:23:11.341,1.2959,1.29645,1.00,1.60
2010.09.20 09:23:14.648,1.29585,1.29635,1.00,1.60
2010.09.20 09:23:15.524,1.29585,1.29635,1.00,1.60
2010.09.20 09:23:20.366,1.2959,1.29635,1.00,1.60
2010.09.20 09:23:21.336,1.29585,1.29635,1.60,1.60
2010.09.20 09:23:22.159,1.29585,1.29635,3.80,1.60
2010.09.20 09:23:22.515,1.2959,1.29645,1.00,1.60
2010.09.20 09:23:22.862,1.2959,1.29645,1.60,1.60
2010.09.20 09:23:25.200,1.29595,1.2965,1.70,2.70
2010.09.20 09:23:26.850,1.29595,1.2965,1.60,2.70
2010.09.20 09:23:29.545,1.29595,1.2965,1.60,1.10
2010.09.20 09:23:32.097,1.29595,1.2965,1.60,1.10
2010.09.20 09:23:32.837,1.296,1.2965,1.00,1.00
2010.09.20 09:23:36.512,1.29595,1.2965,2.40,1.00
2010.09.20 09:23:36.780,1.29595,1.2965,2.40,1.00
2010.09.20 09:23:37.508,1.29595,1.2965,2.40,1.00
2010.09.20 09:23:40.351,1.29595,1.29645,1.60,1.60
2010.09.20 09:23:40.699,1.2959,1.29645,1.00,3.20
2010.09.20 09:23:43.713,1.2959,1.29645,1.00,3.90
2010.09.20 09:23:44.004,1.29585,1.2964,2.40,1.00
2010.09.20 09:23:44.603,1.29585,1.29635,1.00,1.60
2010.09.20 09:23:44.893,1.29585,1.29635,1.00,1.60
2010.09.20 09:23:46.030,1.29585,1.29635,1.00,1.60
2010.09.20 09:23:46.075,1.29585,1.29635,1.00,1.60
2010.09.20 09:23:46.400,1.29585,1.29635,1.00,1.60
2010.09.20 09:23:47.188,1.29585,1.29635,1.00,3.20
2010.09.20 09:23:48.416,1.29585,1.29635,1.00,4.80
2010.09.20 09:23:48.698,1.29585,1.29635,1.00,3.20
2010.09.20 09:23:57.355,1.29585,1.29635,1.00,4.80
2010.09.20 09:23:57.467,1.29585,1.29635,1.00,3.20
2010.09.20 09:24:01.846,1.2958,1.29635,1.00,4.80
2010.09.20 09:24:02.519,1.2958,1.2963,1.00,1.60
2010.09.20 09:24:02.718,1.2958,1.29625,1.00,2.20
2010.09.20 09:24:04.599,1.2958,1.29625,1.00,2.20
2010.09.20 09:24:06.048,1.29575,1.2963,2.00,2.30
2010.09.20 09:24:06.347,1.29575,1.2963,2.10,2.30
2010.09.20 09:24:07.531,1.2958,1.2963,1.00,2.30
2010.09.20 09:24:08.718,1.29585,1.2963,1.00,1.60
2010.09.20 09:24:10.479,1.29575,1.2963,3.30,1.60
2010.09.20 09:24:12.934,1.2958,1.2963,1.00,1.60
2010.09.20 09:24:13.463,1.2958,1.2963,1.00,2.30
2010.09.20 09:24:13.627,1.2958,1.2963,1.00,5.50
2010.09.20 09:24:14.933,1.2958,1.29625,1.00,3.20
2010.09.20 09:24:15.386,1.2958,1.2963,1.00,3.90
2010.09.20 09:24:20.565,1.2958,1.29625,1.00,1.60
2010.09.20 09:24:20.935,1.29585,1.29625,1.00,1.60
2010.09.20 09:24:21.290,1.29585,1.29625,1.00,1.60
2010.09.20 09:24:22.151,1.29585,1.2964,4.60,2.00
2010.09.20 09:24:22.499,1.29585,1.2964,5.40,2.00
2010.09.20 09:24:24.699,1.29595,1.2964,1.60,2.00
2010.09.20 09:24:26.217,1.29575,1.29635,3.20,1.00
2010.09.20 09:24:26.955,1.29575,1.29635,1.00,2.30
2010.09.20 09:24:27.308,1.29575,1.29635,2.40,2.30
2010.09.20 09:24:29.535,1.29575,1.29635,3.20,2.30
2010.09.20 09:24:32.763,1.2958,1.2963,1.00,1.00
2010.09.20 09:24:34.217,1.29575,1.2963,1.60,1.00
2010.09.20 09:24:35.787,1.2958,1.2963,1.00,1.00
2010.09.20 09:24:38.788,1.29575,1.2963,1.70,1.00
2010.09.20 09:24:39.096,1.29575,1.29625,1.00,1.60
2010.09.20 09:24:40.087,1.2957,1.29625,1.70,1.60
2010.09.20 09:24:40.606,1.2957,1.2963,1.70,1.00
2010.09.20 09:24:40.826,1.2957,1.29625,1.70,1.60
2010.09.20 09:24:42.620,1.2957,1.29625,1.60,3.20
2010.09.20 09:24:43.238,1.2957,1.29625,1.60,3.80
2010.09.20 09:24:43.433,1.2957,1.29625,1.00,1.60
2010.09.20 09:24:44.222,1.29575,1.29625,1.00,1.60
2010.09.20 09:24:45.002,1.2957,1.29625,1.00,1.60
2010.09.20 09:24:45.201,1.2957,1.29625,1.00,1.60
2010.09.20 09:24:46.403,1.29565,1.2962,1.60,1.60
2010.09.20 09:24:46.752,1.2957,1.2963,1.00,1.50
2010.09.20 09:24:47.954,1.2957,1.29625,1.00,1.60
2010.09.20 09:24:48.983,1.2957,1.29625,1.00,2.40
2010.09.20 09:24:49.548,1.2957,1.29625,1.60,1.60
2010.09.20 09:24:49.821,1.29565,1.29625,3.20,1.60
2010.09.20 09:24:50.102,1.29565,1.29625,3.20,3.10
2010.09.20 09:24:51.022,1.29565,1.29625,3.20,2.40
2010.09.20 09:24:51.351,1.2957,1.29625,1.60,1.60
2010.09.20 09:24:51.682,1.29565,1.29625,3.30,1.60
2010.09.20 09:24:52.008,1.29565,1.29625,3.20,1.60
2010.09.20 09:24:52.924,1.2957,1.29625,1.60,1.60
2010.09.20 09:24:53.197,1.2957,1.29625,1.00,2.30
2010.09.20 09:24:53.287,1.29565,1.29625,2.50,3.10
2010.09.20 09:24:53.377,1.29565,1.29625,2.50,2.40
2010.09.20 09:24:53.467,1.29565,1.29625,2.50,1.60
2010.09.20 09:24:53.556,1.29565,1.29625,2.40,1.60
2010.09.20 09:24:53.737,1.2957,1.29625,1.00,1.60
2010.09.20 09:24:53.828,1.2957,1.29625,1.60,1.60
2010.09.20 09:24:54.475,1.2957,1.29625,1.00,1.60
2010.09.20 09:24:54.793,1.2957,1.29625,1.60,1.60
2010.09.20 09:24:56.067,1.29565,1.29625,3.20,1.60
2010.09.20 09:24:56.168,1.29565,1.29615,1.60,1.60
2010.09.20 09:24:57.048,1.29555,1.29605,1.60,1.60
2010.09.20 09:24:57.390,1.29555,1.29605,1.70,1.60
2010.09.20 09:24:57.568,1.2956,1.29605,1.00,1.60
2010.09.20 09:24:57.750,1.29565,1.29605,1.00,1.60
2010.09.20 09:24:58.424,1.2957,1.29605,1.00,1.60
2010.09.20 09:25:02.500,1.29565,1.29605,1.00,1.60
2010.09.20 09:25:05.067,1.2956,1.29605,1.00,1.60
2010.09.20 09:25:07.210,1.29555,1.29605,1.60,1.60
2010.09.20 09:25:07.295,1.29555,1.2961,1.60,1.00
2010.09.20 09:25:07.376,1.2955,1.2961,1.70,1.90
2010.09.20 09:25:07.467,1.2955,1.2961,1.60,1.90
2010.09.20 09:25:07.555,1.2956,1.2961,1.60,1.00
2010.09.20 09:25:07.646,1.2956,1.29605,1.60,1.60
2010.09.20 09:25:08.759,1.29555,1.29605,1.00,1.60
2010.09.20 09:25:09.428,1.29555,1.29605,1.00,1.60
2010.09.20 09:25:14.287,1.29555,1.29605,1.00,1.60
2010.09.20 09:25:20.335,1.29555,1.29605,1.60,1.60
2010.09.20 09:25:20.396,1.2956,1.29605,1.00,1.60
2010.09.20 09:25:23.678,1.29555,1.29605,1.60,1.60
2010.09.20 09:25:33.960,1.29555,1.29605,1.70,1.60
2010.09.20 09:25:34.147,1.29555,1.29615,3.30,2.30
2010.09.20 09:25:34.336,1.2956,1.29615,1.00,1.60
2010.09.20 09:25:35.478,1.2956,1.29615,1.00,1.60
2010.09.20 09:25:36.161,1.2956,1.29615,1.00,1.60
2010.09.20 09:25:37.301,1.2956,1.29615,1.00,1.60
2010.09.20 09:25:38.135,1.2956,1.29615,1.00,1.60
2010.09.20 09:25:38.797,1.2956,1.2961,1.00,2.20
2010.09.20 09:25:38.944,1.29555,1.29605,1.70,1.60
2010.09.20 09:25:39.710,1.29555,1.29605,1.60,1.60
2010.09.20 09:25:41.777,1.29555,1.29605,1.60,1.60
2010.09.20 09:25:42.082,1.29555,1.2961,1.00,3.20
2010.09.20 09:25:42.568,1.2955,1.2961,1.60,3.20
2010.09.20 09:25:42.673,1.29555,1.29615,1.60,3.50
2010.09.20 09:25:42.856,1.29555,1.29615,2.40,3.50
2010.09.20 09:25:43.196,1.29555,1.29615,3.20,3.50
2010.09.20 09:25:44.314,1.29555,1.29615,3.20,3.50
2010.09.20 09:25:44.553,1.2956,1.29615,1.00,3.50
2010.09.20 09:25:46.425,1.2956,1.29615,1.00,2.70
2010.09.20 09:25:46.566,1.2956,1.29615,1.00,2.00
2010.09.20 09:25:48.506,1.2956,1.29615,1.00,2.00
2010.09.20 09:25:48.999,1.2956,1.29615,1.00,2.20
2010.09.20 09:25:49.275,1.2956,1.29605,1.00,1.60
2010.09.20 09:25:50.469,1.2956,1.29605,1.00,1.60
2010.09.20 09:25:51.802,1.2956,1.29605,1.00,1.60
2010.09.20 09:25:52.952,1.2956,1.29605,1.00,1.60
2010.09.20 09:25:54.640,1.2956,1.29605,1.00,1.60
2010.09.20 09:25:55.580,1.2956,1.29605,1.00,1.60
2010.09.20 09:26:08.030,1.2956,1.29605,1.00,1.60
2010.09.20 09:26:08.822,1.2956,1.29605,1.00,1.60
2010.09.20 09:26:09.638,1.29555,1.29605,1.70,1.60
2010.09.20 09:26:10.587,1.29555,1.29605,1.60,1.60
2010.09.20 09:26:12.016,1.29555,1.29605,1.60,1.60
2010.09.20 09:26:12.964,1.29555,1.29605,1.70,1.60
2010.09.20 09:26:14.538,1.29555,1.29605,1.60,1.60
2010.09.20 09:26:17.723,1.29555,1.29605,1.70,1.60
2010.09.20 09:26:20.469,1.29555,1.29605,1.60,1.60
2010.09.20 09:26:21.207,1.2955,1.29605,1.60,1.60
2010.09.20 09:26:21.427,1.29545,1.29605,3.70,3.90
2010.09.20 09:26:21.769,1.29545,1.29605,3.70,5.50
2010.09.20 09:26:22.667,1.29555,1.29605,1.00,5.50
2010.09.20 09:26:22.928,1.2955,1.29605,1.00,5.50
2010.09.20 09:26:23.668,1.2955,1.296,1.00,2.20
2010.09.20 09:26:24.023,1.29545,1.29595,2.10,1.60
2010.09.20 09:26:24.374,1.29555,1.29605,1.60,1.60
2010.09.20 09:26:33.062,1.2955,1.29605,1.60,1.60
2010.09.20 09:26:38.939,1.29555,1.29605,1.00,1.60
2010.09.20 09:26:39.178,1.2955,1.29605,1.60,1.60
2010.09.20 09:26:39.691,1.29555,1.29605,1.60,1.60
2010.09.20 09:26:43.562,1.29555,1.29605,1.60,1.60
2010.09.20 09:26:43.797,1.29555,1.29605,1.60,1.60
2010.09.20 09:26:46.632,1.2955,1.29605,1.60,1.60
2010.09.20 09:26:51.216,1.29555,1.2961,3.20,6.30
2010.09.20 09:26:51.439,1.29555,1.2961,3.20,7.00
2010.09.20 09:26:51.986,1.29555,1.2961,1.60,7.00
2010.09.20 09:26:52.213,1.2955,1.29605,1.00,2.30
2010.09.20 09:26:53.574,1.29545,1.29605,5.30,2.30
2010.09.20 09:26:54.415,1.29545,1.29605,5.30,3.90
2010.09.20 09:26:55.618,1.29545,1.29605,5.30,5.50
2010.09.20 09:26:55.856,1.29545,1.29605,5.20,5.60
2010.09.20 09:26:56.362,1.29545,1.296,5.20,1.60
2010.09.20 09:26:56.611,1.29545,1.296,3.60,1.60
2010.09.20 09:26:56.960,1.29545,1.296,3.60,3.20
2010.09.20 09:26:58.507,1.29545,1.296,3.60,1.60
2010.09.20 09:26:58.815,1.29545,1.29605,3.60,5.50
2010.09.20 09:26:59.812,1.29545,1.29605,4.20,5.50
2010.09.20 09:27:03.110,1.29545,1.29605,4.20,5.70
2010.09.20 09:27:03.258,1.29545,1.29605,4.20,5.60
2010.09.20 09:27:03.876,1.29545,1.29605,4.20,5.50
2010.09.20 09:27:04.139,1.2955,1.29605,1.00,5.50
2010.09.20 09:27:04.907,1.2956,1.29605,1.00,3.20
2010.09.20 09:27:05.255,1.2956,1.29605,1.00,1.60
2010.09.20 09:27:17.440,1.29555,1.29605,1.00,1.60
2010.09.20 09:27:18.147,1.29555,1.2961,1.00,3.80
2010.09.20 09:27:18.485,1.2955,1.29605,1.00,1.60
2010.09.20 09:27:20.917,1.2955,1.29605,1.60,1.60
2010.09.20 09:27:21.562,1.29555,1.2961,1.60,6.30
2010.09.20 09:27:21.917,1.29555,1.29605,3.20,3.20
2010.09.20 09:27:22.653,1.29555,1.29605,3.20,3.20
2010.09.20 09:27:25.299,1.29555,1.2961,4.90,1.60
2010.09.20 09:27:25.611,1.29555,1.2961,4.90,3.20
2010.09.20 09:27:26.429,1.29555,1.2961,4.80,3.20
2010.09.20 09:27:27.953,1.2955,1.29605,1.60,1.60
2010.09.20 09:27:30.060,1.2955,1.29605,2.20,1.60
2010.09.20 09:27:30.414,1.29555,1.29605,1.00,1.50
2010.09.20 09:27:31.253,1.2955,1.29605,1.00,3.80
2010.09.20 09:27:31.603,1.2955,1.29605,1.00,3.80
2010.09.20 09:27:33.121,1.2958,1.2961,1.00,1.00
2010.09.20 09:27:33.476,1.2958,1.29615,1.60,1.60
2010.09.20 09:27:34.161,1.29595,1.2963,1.00,1.60
2010.09.20 09:27:34.431,1.296,1.29645,1.60,3.20
2010.09.20 09:27:35.143,1.296,1.29645,1.60,1.60
2010.09.20 09:27:37.188,1.29605,1.2965,1.00,1.00
2010.09.20 09:27:39.299,1.29605,1.29645,1.00,1.60
2010.09.20 09:27:50.347,1.29605,1.2965,1.00,1.00
2010.09.20 09:28:06.004,1.29605,1.2965,1.00,1.00
2010.09.20 09:28:06.571,1.29605,1.2965,1.00,2.20
2010.09.20 09:28:06.709,1.296,1.2965,1.60,1.00
2010.09.20 09:28:07.055,1.29605,1.2965,1.00,1.00
2010.09.20 09:28:23.651,1.29605,1.2965,1.00,2.60
2010.09.20 09:28:23.840,1.296,1.2965,1.60,2.60
2010.09.20 09:28:24.542,1.296,1.29645,1.60,1.60
2010.09.20 09:28:30.299,1.296,1.2965,1.60,2.60
2010.09.20 09:28:30.587,1.296,1.29645,1.60,1.60
2010.09.20 09:28:31.609,1.29605,1.29645,1.00,1.60
2010.09.20 09:28:33.343,1.29605,1.2965,1.00,1.00
2010.09.20 09:28:33.594,1.29605,1.29645,1.00,1.60
2010.09.20 09:28:33.843,1.296,1.29645,1.60,1.60
2010.09.20 09:28:34.641,1.29605,1.29645,1.00,1.60
2010.09.20 09:28:36.976,1.29605,1.2965,1.00,1.00
2010.09.20 09:28:39.864,1.29605,1.29655,1.00,3.60
2010.09.20 09:28:47.192,1.29605,1.29645,1.00,1.60
2010.09.20 09:28:50.257,1.29605,1.29655,1.00,3.60
2010.09.20 09:28:50.380,1.29605,1.29655,1.00,3.70
2010.09.20 09:28:51.268,1.29605,1.29655,1.00,3.60
2010.09.20 09:29:13.751,1.29605,1.2965,1.00,1.00
2010.09.20 09:29:15.052,1.2961,1.2965,1.00,1.00
2010.09.20 09:29:24.871,1.29605,1.2965,3.20,1.00
2010.09.20 09:29:25.536,1.29605,1.2965,1.60,1.00
2010.09.20 09:29:25.705,1.29605,1.29655,1.60,1.60
2010.09.20 09:29:26.850,1.29605,1.29655,1.60,1.60
2010.09.20 09:29:27.202,1.29605,1.29655,1.60,1.60
2010.09.20 09:29:31.315,1.29605,1.29655,1.60,1.60
2010.09.20 09:29:31.527,1.29605,1.29655,1.60,1.60
2010.09.20 09:29:35.043,1.29605,1.2966,3.20,1.00
2010.09.20 09:29:40.555,1.2961,1.2966,1.00,1.00
2010.09.20 09:29:41.358,1.2961,1.2966,1.60,1.00
2010.09.20 09:29:43.269,1.29615,1.2966,1.00,1.00
2010.09.20 09:29:44.050,1.29605,1.2966,1.60,1.00
2010.09.20 09:29:44.479,1.2961,1.2965,1.00,2.20
2010.09.20 09:29:44.833,1.29605,1.29645,1.60,1.60
2010.09.20 09:29:45.635,1.29615,1.29655,1.00,1.60
2010.09.20 09:29:51.589,1.296,1.29645,2.00,1.60
2010.09.20 09:29:58.461,1.296,1.29645,2.00,1.60
2010.09.20 09:29:59.998,1.296,1.29645,1.60,1.60
2010.09.20 09:30:04.369,1.296,1.29645,1.60,1.60
2010.09.20 09:30:05.113,1.29605,1.29645,1.60,1.60
2010.09.20 09:30:06.140,1.29605,1.29645,1.70,1.60
2010.09.20 09:30:08.139,1.29605,1.29645,1.60,1.60
2010.09.20 09:30:10.572,1.2961,1.29655,1.00,1.60
2010.09.20 09:30:20.755,1.2961,1.29655,1.00,1.60
2010.09.20 09:30:21.390,1.29615,1.29655,1.00,1.60
2010.09.20 09:30:39.098,1.29625,1.29665,1.60,5.20
2010.09.20 09:30:39.238,1.29625,1.29665,1.60,3.20
2010.09.20 09:30:39.519,1.29625,1.29665,1.60,1.60
2010.09.20 09:30:41.779,1.29635,1.2967,1.00,1.00
2010.09.20 09:30:46.965,1.29625,1.2967,1.60,1.00
2010.09.20 09:30:49.890,1.2962,1.29665,1.60,1.60
2010.09.20 09:30:51.585,1.29625,1.29675,1.60,2.10
2010.09.20 09:30:52.710,1.2962,1.2966,2.40,1.60
2010.09.20 09:30:56.240,1.2962,1.2966,4.00,1.60
2010.09.20 09:30:57.582,1.2962,1.2966,2.40,1.60
2010.09.20 09:30:58.706,1.2962,1.2966,1.00,1.60
2010.09.20 09:31:02.141,1.2963,1.2967,1.00,2.00
2010.09.20 09:31:02.317,1.2963,1.2967,1.60,1.00
2010.09.20 09:31:03.248,1.2963,1.2967,1.60,1.00
2010.09.20 09:31:03.541,1.2963,1.2967,3.20,1.00
2010.09.20 09:31:04.627,1.2963,1.2967,2.40,1.00
2010.09.20 09:31:04.883,1.29625,1.2967,1.60,1.00
2010.09.20 09:31:15.735,1.29625,1.2967,1.60,1.00
2010.09.20 09:31:15.875,1.29625,1.2967,1.60,1.00
2010.09.20 09:31:18.744,1.29625,1.29675,1.60,5.20
2010.09.20 09:31:20.006,1.29625,1.29675,1.60,5.20
2010.09.20 09:31:21.172,1.29625,1.29675,1.60,3.70
2010.09.20 09:31:21.527,1.29615,1.29665,1.60,1.60
2010.09.20 09:31:28.881,1.2962,1.29665,1.60,1.60
2010.09.20 09:31:29.379,1.29625,1.29665,1.60,1.60
2010.09.20 09:31:30.328,1.2963,1.29665,1.00,1.60
2010.09.20 09:31:30.714,1.2963,1.29675,1.00,3.60
2010.09.20 09:31:31.545,1.2963,1.29675,1.00,2.00
2010.09.20 09:31:33.584,1.2963,1.29675,1.00,3.60
2010.09.20 09:31:34.512,1.2963,1.29675,1.00,2.00
2010.09.20 09:31:37.248,1.2963,1.29675,1.00,3.60
2010.09.20 09:31:39.315,1.2963,1.29675,1.00,2.00
2010.09.20 09:31:39.865,1.2963,1.29675,1.00,1.60
2010.09.20 09:31:40.396,1.2963,1.2968,1.00,1.00
2010.09.20 09:31:40.499,1.2963,1.2968,1.00,1.00
2010.09.20 09:31:40.550,1.2963,1.2968,1.00,1.00
2010.09.20 09:31:40.598,1.2963,1.2968,1.00,2.20
2010.09.20 09:31:41.091,1.2963,1.29675,1.00,1.60
2010.09.20 09:31:43.451,1.2963,1.29675,1.00,1.60
2010.09.20 09:31:43.547,1.2963,1.29675,1.00,1.60
2010.09.20 09:31:49.689,1.2963,1.2968,1.00,2.00
2010.09.20 09:31:50.406,1.2963,1.2968,4.00,2.00
2010.09.20 09:31:50.752,1.2963,1.29675,4.00,1.60
2010.09.20 09:31:56.170,1.29635,1.2968,1.00,1.00
2010.09.20 09:31:57.022,1.2963,1.29675,1.00,2.20
2010.09.20 09:31:57.334,1.2963,1.29675,1.00,1.60
2010.09.20 09:31:59.022,1.2963,1.29675,1.00,2.20
2010.09.20 09:31:59.923,1.2963,1.2967,1.00,1.00
2010.09.20 09:32:00.832,1.2963,1.29675,1.00,1.60
2010.09.20 09:32:01.181,1.2963,1.29675,1.00,1.60
2010.09.20 09:32:05.167,1.2963,1.29675,1.00,1.60
2010.09.20 09:32:05.410,1.2963,1.29675,1.00,1.60
2010.09.20 09:32:06.437,1.2963,1.29675,1.00,1.60
2010.09.20 09:32:07.438,1.2963,1.2968,1.00,1.00
2010.09.20 09:32:10.820,1.2963,1.29675,1.00,1.60
2010.09.20 09:32:17.361,1.2963,1.29675,1.60,1.60
2010.09.20 09:32:17.694,1.2963,1.2968,1.60,1.00
2010.09.20 09:32:18.668,1.2963,1.2968,1.60,1.00
2010.09.20 09:32:25.274,1.2962,1.29675,1.60,2.20
2010.09.20 09:32:27.959,1.2962,1.29675,1.60,2.30
2010.09.20 09:32:30.279,1.2962,1.29675,1.60,2.00
2010.09.20 09:32:32.423,1.2962,1.2967,1.60,1.00
2010.09.20 09:32:32.567,1.2962,1.2967,1.60,1.00
2010.09.20 09:32:32.723,1.2962,1.29665,1.60,1.00
2010.09.20 09:32:32.871,1.2962,1.29665,1.00,2.20
2010.09.20 09:32:33.360,1.29615,1.29665,1.00,3.80
2010.09.20 09:32:33.714,1.29615,1.29665,1.00,1.60
2010.09.20 09:32:34.061,1.2961,1.29665,2.00,1.60
2010.09.20 09:32:35.426,1.29615,1.29665,1.00,1.60
2010.09.20 09:32:35.592,1.2961,1.29665,2.00,1.70
2010.09.20 09:32:35.750,1.2961,1.29665,2.00,4.00
2010.09.20 09:32:36.311,1.2961,1.29665,2.00,3.80
2010.09.20 09:32:38.501,1.2961,1.29665,2.00,3.90
2010.09.20 09:32:38.597,1.2961,1.29665,2.00,3.80
2010.09.20 09:32:38.896,1.2961,1.29665,2.00,3.80
2010.09.20 09:32:39.493,1.2961,1.29665,2.00,3.80
2010.09.20 09:32:41.949,1.2961,1.29665,2.00,3.80
2010.09.20 09:32:42.598,1.2961,1.29665,2.00,4.00
2010.09.20 09:32:45.450,1.2961,1.29665,2.00,3.80
2010.09.20 09:32:45.588,1.2961,1.29665,1.60,1.60
2010.09.20 09:32:46.389,1.29615,1.29665,1.00,1.60
2010.09.20 09:32:46.677,1.2961,1.2966,1.60,1.60
2010.09.20 09:32:47.539,1.2961,1.29655,1.60,1.00
2010.09.20 09:32:48.605,1.2961,1.29655,1.60,1.00
2010.09.20 09:32:52.281,1.29605,1.2966,4.80,1.60
2010.09.20 09:32:52.494,1.2961,1.29665,1.60,1.60
2010.09.20 09:32:53.649,1.2961,1.2966,1.60,2.20
2010.09.20 09:32:53.990,1.2961,1.2966,1.60,1.60
2010.09.20 09:32:54.591,1.2961,1.2966,1.60,1.60
2010.09.20 09:32:55.788,1.2961,1.2966,1.60,1.60
2010.09.20 09:32:58.872,1.2961,1.29655,1.60,1.60
2010.09.20 09:32:59.224,1.2961,1.29655,1.00,1.60
2010.09.20 09:33:01.593,1.29615,1.29655,1.00,1.60
2010.09.20 09:33:02.569,1.29615,1.2966,1.00,1.60
2010.09.20 09:33:02.913,1.29615,1.2966,1.00,1.70
2010.09.20 09:33:03.765,1.29615,1.29655,1.00,1.60
2010.09.20 09:33:07.818,1.2961,1.29655,1.00,1.60
2010.09.20 09:33:15.266,1.2961,1.29665,1.00,2.00
2010.09.20 09:33:15.502,1.2961,1.29655,1.00,1.60
2010.09.20 09:33:17.033,1.2961,1.29645,1.00,1.60
2010.09.20 09:33:18.771,1.29605,1.29645,1.60,1.60
2010.09.20 09:33:24.742,1.29605,1.29655,1.60,1.60
2010.09.20 09:33:24.938,1.29605,1.29645,1.60,1.60
2010.09.20 09:33:30.288,1.29605,1.29655,1.60,1.60
2010.09.20 09:33:37.043,1.29605,1.29645,1.60,1.60
2010.09.20 09:33:37.315,1.2961,1.29665,3.80,1.00
2010.09.20 09:33:37.580,1.29615,1.29665,1.60,1.00
2010.09.20 09:33:38.262,1.2961,1.29665,2.20,2.00
2010.09.20 09:33:38.998,1.2961,1.29665,1.60,2.00
2010.09.20 09:33:39.459,1.2961,1.29665,1.60,1.60
2010.09.20 09:33:39.657,1.2961,1.29665,1.00,1.60
2010.09.20 09:33:39.758,1.29605,1.29655,2.00,1.60
2010.09.20 09:33:41.569,1.2961,1.29655,1.00,1.60
2010.09.20 09:33:41.758,1.2961,1.29655,1.60,1.60
2010.09.20 09:33:42.137,1.2961,1.29665,1.60,1.60
2010.09.20 09:33:44.728,1.2961,1.29665,1.00,2.30
2010.09.20 09:33:44.838,1.29605,1.29665,3.60,2.30
2010.09.20 09:33:45.357,1.2961,1.29665,1.00,1.60
2010.09.20 09:33:45.479,1.2961,1.29655,1.60,1.60
2010.09.20 09:33:46.381,1.2961,1.29665,1.60,1.60
2010.09.20 09:33:47.999,1.2961,1.2965,1.00,1.00
2010.09.20 09:33:48.352,1.29605,1.29645,1.00,1.60
2010.09.20 09:33:48.706,1.29605,1.29655,1.20,1.60
2010.09.20 09:33:49.820,1.2961,1.29655,1.60,1.60
2010.09.20 09:33:50.419,1.2961,1.29665,1.60,1.60
2010.09.20 09:33:51.839,1.2961,1.29655,1.60,1.60
2010.09.20 09:33:57.046,1.2961,1.29665,1.60,1.60
2010.09.20 09:33:57.490,1.2961,1.29665,1.00,1.60
2010.09.20 09:33:58.314,1.2961,1.29665,1.00,3.00
2010.09.20 09:33:58.680,1.29605,1.29665,2.40,3.80
2010.09.20 09:34:00.390,1.29605,1.29665,2.40,3.90
2010.09.20 09:34:00.598,1.29605,1.29655,1.00,1.60
2010.09.20 09:34:04.729,1.296,1.29655,1.20,2.30
2010.09.20 09:34:04.947,1.296,1.29655,1.20,3.90
2010.09.20 09:34:05.565,1.296,1.29645,1.20,1.60
2010.09.20 09:34:05.795,1.296,1.29645,1.30,1.60
2010.09.20 09:34:06.797,1.296,1.29645,1.20,1.60
2010.09.20 09:34:07.613,1.296,1.29645,1.30,1.60
2010.09.20 09:34:12.534,1.296,1.29645,1.20,1.60
2010.09.20 09:34:12.738,1.29605,1.29645,1.00,1.60
2010.09.20 09:34:16.649,1.296,1.29635,1.00,1.60
2010.09.20 09:34:16.849,1.29605,1.29645,3.20,1.60
2010.09.20 09:34:17.538,1.296,1.29645,1.00,1.60
2010.09.20 09:34:17.773,1.296,1.29635,1.00,1.60
2010.09.20 09:34:19.641,1.296,1.29635,1.00,1.60
2010.09.20 09:34:21.368,1.29595,1.29635,4.80,1.60
2010.09.20 09:34:21.497,1.29595,1.29635,3.20,1.60
2010.09.20 09:34:21.627,1.29595,1.29625,3.20,1.60
2010.09.20 09:34:22.233,1.29595,1.29625,1.00,1.60
2010.09.20 09:34:22.594,1.2958,1.29625,3.20,1.60
2010.09.20 09:34:22.944,1.29585,1.29625,1.00,1.60
2010.09.20 09:34:23.754,1.29595,1.29645,1.00,2.00
2010.09.20 09:34:24.074,1.29605,1.29645,1.00,1.00
2010.09.20 09:34:26.987,1.296,1.29645,3.80,1.00
2010.09.20 09:34:27.389,1.296,1.29645,5.40,1.00
2010.09.20 09:34:27.760,1.296,1.29645,3.80,1.00
2010.09.20 09:34:27.949,1.2959,1.2964,1.00,1.60
2010.09.20 09:34:28.138,1.29585,1.29635,4.80,1.60
2010.09.20 09:34:28.705,1.2959,1.29635,1.00,1.60
2010.09.20 09:34:29.010,1.29595,1.29645,1.60,2.00
2010.09.20 09:34:29.908,1.29595,1.29645,1.00,2.00
2010.09.20 09:34:30.540,1.2959,1.29645,4.00,2.00
2010.09.20 09:34:30.829,1.2959,1.29645,2.40,2.00
2010.09.20 09:34:33.112,1.296,1.29645,1.00,2.00
2010.09.20 09:34:33.508,1.296,1.29645,1.00,1.00
2010.09.20 09:34:34.644,1.29605,1.29655,1.00,2.00
2010.09.20 09:34:34.956,1.29605,1.29655,1.60,2.00
2010.09.20 09:34:35.108,1.29605,1.29655,4.80,1.00
2010.09.20 09:34:35.775,1.29605,1.29655,4.80,2.00
2010.09.20 09:34:36.592,1.29605,1.29655,4.80,3.60
2010.09.20 09:34:37.348,1.296,1.29655,5.40,2.00
2010.09.20 09:34:41.246,1.296,1.29655,5.40,1.00
2010.09.20 09:34:41.505,1.296,1.29655,5.40,2.00
2010.09.20 09:34:43.944,1.29605,1.29655,1.60,2.00
2010.09.20 09:34:44.122,1.29605,1.29655,3.20,2.00
2010.09.20 09:34:50.326,1.29605,1.29655,3.20,2.00
2010.09.20 09:34:50.480,1.29605,1.29655,1.60,2.00
2010.09.20 09:34:51.936,1.29605,1.29655,1.60,2.00
2010.09.20 09:34:54.587,1.29605,1.29655,1.60,2.00
2010.09.20 09:35:00.626,1.29605,1.29655,3.20,2.00
2010.09.20 09:35:13.383,1.29605,1.29655,3.20,2.00
2010.09.20 09:35:13.568,1.29605,1.29655,1.60,2.00
2010.09.20 09:35:14.633,1.29605,1.29655,3.20,2.00
2010.09.20 09:35:14.929,1.29605,1.29655,3.20,2.00
2010.09.20 09:35:18.889,1.29605,1.29655,3.20,2.00
2010.09.20 09:35:26.686,1.29605,1.29655,1.60,2.00
2010.09.20 09:35:27.632,1.29605,1.29655,3.20,2.00
2010.09.20 09:35:29.668,1.29605,1.29655,4.80,2.00
2010.09.20 09:35:29.789,1.29605,1.29655,6.40,1.00
2010.09.20 09:35:29.908,1.2961,1.29655,1.60,1.00
2010.09.20 09:35:30.027,1.2961,1.29655,2.20,1.00
2010.09.20 09:35:31.357,1.2961,1.29655,1.00,1.00
2010.09.20 09:35:31.888,1.29605,1.29655,6.50,1.00
2010.09.20 09:35:31.958,1.29605,1.29655,6.40,1.00
2010.09.20 09:35:33.457,1.29605,1.29655,8.00,1.00
2010.09.20 09:35:34.348,1.29605,1.29655,4.80,1.00
2010.09.20 09:35:34.519,1.29605,1.29655,1.60,2.00
2010.09.20 09:35:34.688,1.29605,1.29655,5.60,2.00
2010.09.20 09:35:35.457,1.296,1.29655,4.80,2.00
2010.09.20 09:35:36.777,1.296,1.29655,4.80,3.60
2010.09.20 09:35:37.167,1.29605,1.29655,1.60,3.60
2010.09.20 09:35:37.718,1.2961,1.29655,1.60,3.60
2010.09.20 09:35:37.897,1.2961,1.29655,1.60,2.00
2010.09.20 09:35:38.068,1.296,1.29655,4.80,2.00
2010.09.20 09:35:38.415,1.296,1.29655,4.00,2.00
2010.09.20 09:35:38.977,1.296,1.29655,2.40,2.00
2010.09.20 09:35:48.654,1.296,1.29655,2.40,2.40
2010.09.20 09:35:50.172,1.296,1.29655,2.40,4.00
2010.09.20 09:35:50.272,1.29605,1.29655,1.60,4.00
2010.09.20 09:35:50.809,1.29605,1.29655,1.00,2.40
2010.09.20 09:35:54.821,1.29605,1.29655,1.60,2.40
2010.09.20 09:35:55.004,1.29615,1.29655,1.00,1.00
2010.09.20 09:35:55.270,1.29615,1.29655,1.00,1.00
2010.09.20 09:35:55.992,1.29605,1.2965,1.60,1.60
2010.09.20 09:35:56.345,1.29605,1.29655,1.60,2.40
2010.09.20 09:35:59.862,1.296,1.2965,1.60,2.20
2010.09.20 09:36:00.182,1.296,1.29655,1.60,2.40
2010.09.20 09:36:00.926,1.29615,1.29655,1.60,1.00
2010.09.20 09:36:04.198,1.29615,1.29655,3.20,1.00
2010.09.20 09:36:07.506,1.29615,1.29655,1.60,1.00
2010.09.20 09:36:09.156,1.29615,1.29655,3.20,1.00
2010.09.20 09:36:09.726,1.29615,1.29655,3.20,1.00
2010.09.20 09:36:15.982,1.29615,1.29655,2.40,1.00
2010.09.20 09:36:16.286,1.2961,1.29655,1.60,1.00
2010.09.20 09:36:35.524,1.2961,1.2965,1.60,1.60
2010.09.20 09:36:35.793,1.2961,1.29655,1.60,2.40
2010.09.20 09:36:36.604,1.2961,1.2965,1.60,1.60
2010.09.20 09:36:36.952,1.2961,1.29655,1.60,2.40
2010.09.20 09:36:37.181,1.2961,1.29655,1.00,2.40
2010.09.20 09:36:37.994,1.2961,1.29655,1.60,2.40
2010.09.20 09:36:38.671,1.2961,1.29655,1.60,1.00
2010.09.20 09:36:39.008,1.2961,1.29655,1.60,2.40
2010.09.20 09:36:41.367,1.2961,1.29655,1.60,1.00
2010.09.20 09:36:43.801,1.29625,1.29655,1.60,1.00
2010.09.20 09:36:44.062,1.29615,1.29655,3.20,1.00
2010.09.20 09:36:46.078,1.29615,1.29655,3.20,1.00
2010.09.20 09:36:46.429,1.29615,1.29655,1.60,1.00
2010.09.20 09:36:46.774,1.2962,1.29655,1.00,1.00
2010.09.20 09:36:47.613,1.2963,1.2966,1.60,1.00
2010.09.20 09:36:50.221,1.29635,1.2966,1.00,1.00
2010.09.20 09:36:59.455,1.29635,1.29675,1.00,3.60
2010.09.20 09:36:59.535,1.29635,1.29675,1.00,2.00
2010.09.20 09:37:02.816,1.29635,1.29675,1.00,1.00
2010.09.20 09:37:09.157,1.29635,1.29675,1.00,2.00
2010.09.20 09:37:27.490,1.2963,1.29675,1.00,2.00
2010.09.20 09:37:31.792,1.2963,1.29675,1.00,1.00
2010.09.20 09:37:32.154,1.2963,1.29675,1.00,2.00
2010.09.20 09:37:38.429,1.29625,1.29675,1.60,2.00
2010.09.20 09:37:46.759,1.2962,1.2967,1.00,1.00
2010.09.20 09:37:50.196,1.29625,1.2967,1.00,1.00
2010.09.20 09:37:53.160,1.2963,1.2967,1.00,1.00
2010.09.20 09:37:53.423,1.2964,1.2967,1.60,1.00
2010.09.20 09:37:53.691,1.29645,1.2967,1.60,1.00
2010.09.20 09:37:53.949,1.29625,1.2967,1.60,1.00
2010.09.20 09:37:54.228,1.29625,1.2967,3.20,1.00
2010.09.20 09:37:58.447,1.29625,1.2967,3.20,1.00
2010.09.20 09:37:59.697,1.29625,1.2968,3.20,1.00
2010.09.20 09:38:00.870,1.29625,1.2968,3.20,1.00
2010.09.20 09:38:05.787,1.29625,1.2968,3.20,1.00
2010.09.20 09:38:09.680,1.29625,1.29675,3.20,1.00
2010.09.20 09:38:11.484,1.29625,1.29675,1.60,1.00
2010.09.20 09:38:12.827,1.29625,1.29675,1.60,1.00
2010.09.20 09:38:14.129,1.29625,1.29675,1.60,1.00
2010.09.20 09:38:16.217,1.29625,1.29675,1.60,1.00
2010.09.20 09:38:17.764,1.29625,1.29675,3.20,1.00
2010.09.20 09:38:20.557,1.29625,1.29675,1.60,1.00
2010.09.20 09:38:21.141,1.29625,1.29675,1.60,2.00
2010.09.20 09:38:36.677,1.29625,1.29675,1.60,2.00
2010.09.20 09:38:36.897,1.29625,1.29675,1.00,2.00
2010.09.20 09:38:37.532,1.29625,1.29675,1.00,2.00
2010.09.20 09:38:39.049,1.2963,1.29675,1.60,2.00
2010.09.20 09:38:41.731,1.2963,1.29675,1.60,2.20
2010.09.20 09:38:41.851,1.2963,1.29665,1.60,1.60
2010.09.20 09:39:04.484,1.29635,1.29665,1.60,1.60
2010.09.20 09:39:04.634,1.29635,1.29675,4.80,1.60
2010.09.20 09:39:04.779,1.29635,1.2968,4.80,1.00
2010.09.20 09:39:04.920,1.29645,1.2968,1.00,1.00
2010.09.20 09:39:14.120,1.29645,1.2968,2.40,1.00
2010.09.20 09:39:15.470,1.2965,1.2968,1.00,1.00
2010.09.20 09:39:19.517,1.2965,1.29685,1.00,3.60
2010.09.20 09:39:19.596,1.2965,1.29685,1.00,2.00
2010.09.20 09:39:20.357,1.2965,1.2968,1.00,3.20
2010.09.20 09:39:20.700,1.29625,1.2968,3.20,1.60
2010.09.20 09:39:21.226,1.29635,1.2968,1.00,1.60
2010.09.20 09:39:21.575,1.29635,1.29685,3.80,1.00
2010.09.20 09:39:21.891,1.29635,1.29685,3.80,1.00
2010.09.20 09:39:23.951,1.29635,1.2968,3.80,1.00
2010.09.20 09:39:30.182,1.29635,1.29685,3.80,1.00
2010.09.20 09:39:30.559,1.29635,1.2968,3.80,1.00
2010.09.20 09:39:32.638,1.29635,1.29685,3.80,1.00
2010.09.20 09:39:35.118,1.2964,1.29685,1.00,1.00
2010.09.20 09:39:39.756,1.2964,1.29685,1.00,1.00
2010.09.20 09:39:41.605,1.2964,1.2969,1.00,1.00
2010.09.20 09:39:43.226,1.2964,1.2969,1.00,1.00
2010.09.20 09:39:43.429,1.29645,1.2969,1.00,1.00
2010.09.20 09:39:44.910,1.29645,1.29685,1.00,1.00
2010.09.20 09:39:48.944,1.29645,1.29685,2.40,1.00
2010.09.20 09:39:49.305,1.29635,1.2969,4.60,2.10
2010.09.20 09:39:49.656,1.29645,1.2969,1.60,2.00
2010.09.20 09:39:50.505,1.2964,1.2969,3.80,2.00
2010.09.20 09:39:51.291,1.29645,1.2969,5.40,2.00
2010.09.20 09:39:51.635,1.2965,1.2969,1.60,2.00
2010.09.20 09:39:51.986,1.29645,1.2969,3.00,2.00
2010.09.20 09:39:52.831,1.29635,1.29685,1.60,1.50
2010.09.20 09:39:53.511,1.29635,1.2968,1.60,1.00
2010.09.20 09:39:54.014,1.29635,1.2968,1.60,1.50
2010.09.20 09:39:58.697,1.29635,1.2968,1.60,1.00
2010.09.20 09:39:58.847,1.29635,1.29685,1.60,1.60
2010.09.20 09:39:59.562,1.29635,1.29685,1.60,1.50
2010.09.20 09:40:00.418,1.29635,1.2968,1.60,1.00
2010.09.20 09:40:02.190,1.29635,1.2968,1.60,1.00
2010.09.20 09:40:03.575,1.29635,1.2968,1.60,1.00
2010.09.20 09:40:05.922,1.29635,1.2968,2.20,1.00
2010.09.20 09:40:06.129,1.2964,1.2968,1.60,1.00
2010.09.20 09:40:14.260,1.2964,1.29685,1.60,3.10
2010.09.20 09:40:15.115,1.29635,1.29685,1.60,1.50
2010.09.20 09:40:19.508,1.29635,1.29685,1.60,1.60
2010.09.20 09:40:26.569,1.29635,1.29685,1.60,3.20
2010.09.20 09:40:26.697,1.29635,1.2968,1.60,1.00
2010.09.20 09:40:32.379,1.29625,1.2968,3.20,2.30
2010.09.20 09:40:32.580,1.29625,1.29675,1.60,1.00
2010.09.20 09:40:33.691,1.29625,1.29675,1.60,1.50
2010.09.20 09:40:35.509,1.29625,1.29675,3.40,1.50
2010.09.20 09:40:35.690,1.2964,1.29685,1.60,1.50
2010.09.20 09:40:35.869,1.2964,1.29685,1.60,3.10
2010.09.20 09:40:36.784,1.2964,1.29685,1.60,3.20
2010.09.20 09:40:37.061,1.2964,1.29685,1.60,1.60
2010.09.20 09:40:37.809,1.2964,1.2968,1.60,1.00
2010.09.20 09:40:39.038,1.2964,1.29685,1.60,3.10
2010.09.20 09:40:39.128,1.29635,1.29685,2.20,3.10
2010.09.20 09:40:39.218,1.29635,1.29675,1.60,1.00
2010.09.20 09:40:50.309,1.29635,1.2967,1.60,1.00
2010.09.20 09:40:50.432,1.29625,1.2967,3.90,1.00
2010.09.20 09:40:50.558,1.29625,1.2967,3.90,1.50
2010.09.20 09:40:50.678,1.29625,1.2967,3.80,1.50
2010.09.20 09:40:53.266,1.29625,1.2967,1.60,3.10
2010.09.20 09:40:53.469,1.29615,1.29645,2.00,1.00
2010.09.20 09:40:53.814,1.2961,1.29635,1.60,1.00
2010.09.20 09:40:54.638,1.296,1.2965,2.20,1.50
2010.09.20 09:40:55.452,1.2961,1.2965,1.80,1.50
2010.09.20 09:40:56.225,1.29625,1.2967,3.80,1.50
2010.09.20 09:41:01.845,1.29625,1.2967,3.80,4.70
2010.09.20 09:41:02.034,1.29625,1.2967,3.20,3.10
2010.09.20 09:41:02.221,1.29625,1.2966,1.60,1.00
2010.09.20 09:41:02.873,1.29615,1.2966,2.00,1.00
2010.09.20 09:41:03.227,1.29615,1.2965,1.00,1.00
2010.09.20 09:41:05.091,1.29615,1.29665,3.80,1.50
2010.09.20 09:41:09.587,1.29615,1.29675,4.60,4.70
2010.09.20 09:41:09.729,1.29615,1.29675,7.90,5.10
2010.09.20 09:41:10.580,1.29615,1.29675,8.00,5.10
2010.09.20 09:41:12.967,1.2962,1.29675,1.60,5.10
2010.09.20 09:41:14.492,1.2962,1.29675,1.60,5.10
2010.09.20 09:41:15.049,1.2962,1.29675,1.60,4.30
2010.09.20 09:41:15.210,1.29625,1.29675,2.20,4.30
2010.09.20 09:41:15.370,1.29625,1.29675,3.80,2.70
2010.09.20 09:41:16.348,1.29625,1.29675,3.80,2.80
2010.09.20 09:41:16.551,1.29625,1.29675,5.60,2.70
2010.09.20 09:41:16.750,1.29625,1.29675,9.80,2.00
2010.09.20 09:41:16.954,1.29635,1.29675,1.60,2.00
2010.09.20 09:41:18.342,1.2963,1.29665,1.00,1.00
2010.09.20 09:41:18.994,1.2963,1.29675,1.00,2.00
2010.09.20 09:41:19.375,1.29615,1.29675,5.40,3.60
2010.09.20 09:41:20.193,1.29615,1.29675,1.60,2.70
2010.09.20 09:41:20.544,1.29615,1.29675,3.20,2.70
2010.09.20 09:41:20.873,1.29615,1.2967,1.60,1.00
2010.09.20 09:41:22.383,1.2961,1.2966,2.20,1.00
2010.09.20 09:41:22.624,1.2961,1.2966,2.20,1.10
2010.09.20 09:41:22.862,1.29615,1.2966,1.60,1.00
2010.09.20 09:41:29.129,1.29615,1.2966,1.60,1.00
2010.09.20 09:41:30.279,1.2961,1.2966,1.00,1.00
2010.09.20 09:41:30.509,1.29615,1.2966,1.60,1.00
2010.09.20 09:41:30.968,1.29615,1.2966,3.20,1.00
2010.09.20 09:41:31.770,1.29615,1.2966,3.20,1.00
2010.09.20 09:41:32.232,1.29615,1.2966,3.20,1.00
2010.09.20 09:41:33.950,1.2962,1.2966,1.00,1.00
2010.09.20 09:41:34.174,1.29625,1.2967,2.20,2.00
2010.09.20 09:41:34.396,1.29625,1.2967,1.60,2.00
2010.09.20 09:41:34.614,1.2962,1.2967,1.60,2.00
2010.09.20 09:41:34.939,1.29625,1.2967,1.60,2.00
2010.09.20 09:41:36.586,1.29625,1.2967,1.60,2.00
2010.09.20 09:41:39.512,1.29625,1.2967,1.60,2.00
2010.09.20 09:41:39.646,1.29625,1.2967,1.60,1.00
2010.09.20 09:41:41.579,1.2962,1.2967,1.00,1.00
2010.09.20 09:41:41.800,1.2963,1.2967,1.00,1.00
2010.09.20 09:41:46.908,1.2963,1.29675,1.00,1.60
2010.09.20 09:41:59.757,1.2963,1.2968,1.00,2.10
2010.09.20 09:42:01.688,1.2963,1.2968,1.00,1.90
2010.09.20 09:42:02.633,1.2964,1.2968,1.60,1.90
2010.09.20 09:42:02.748,1.2964,1.2968,1.60,1.00
2010.09.20 09:42:02.941,1.2964,1.29675,1.60,1.00
2010.09.20 09:42:04.125,1.2964,1.2968,1.60,1.00
2010.09.20 09:42:04.329,1.2964,1.2968,1.60,1.00
2010.09.20 09:42:04.529,1.29635,1.29675,1.60,1.00
2010.09.20 09:42:07.397,1.29635,1.29675,1.60,1.00
2010.09.20 09:42:07.612,1.2964,1.29675,1.60,1.00
2010.09.20 09:42:09.110,1.2963,1.29675,1.00,1.50
2010.09.20 09:42:12.711,1.2964,1.2968,1.60,1.00
2010.09.20 09:42:14.549,1.2964,1.29675,1.60,1.00
2010.09.20 09:42:15.277,1.2964,1.2968,1.60,1.00
2010.09.20 09:42:17.429,1.2964,1.2968,1.60,1.00
2010.09.20 09:42:17.682,1.2964,1.2968,1.60,2.00
2010.09.20 09:42:24.099,1.2964,1.29675,1.60,1.00
2010.09.20 09:42:24.231,1.29625,1.29675,3.80,1.90
2010.09.20 09:42:24.470,1.29635,1.29675,1.60,1.90
2010.09.20 09:42:28.190,1.2964,1.29675,1.60,2.00
2010.09.20 09:42:28.978,1.2964,1.29675,1.60,1.00
2010.09.20 09:42:29.573,1.2964,1.29675,1.60,1.00
2010.09.20 09:42:31.069,1.2964,1.29675,1.60,1.00
2010.09.20 09:42:32.645,1.2964,1.29675,1.60,1.00
2010.09.20 09:42:39.917,1.29635,1.2968,1.60,3.20
2010.09.20 09:42:40.019,1.2963,1.29675,1.00,1.00
2010.09.20 09:42:40.549,1.2963,1.29675,1.00,1.50
2010.09.20 09:42:41.337,1.29625,1.29675,3.80,1.50
2010.09.20 09:42:43.313,1.2963,1.29675,1.00,1.00
2010.09.20 09:42:47.977,1.2963,1.29675,1.00,1.00
2010.09.20 09:42:48.231,1.2963,1.29675,1.00,1.00
2010.09.20 09:43:19.779,1.29635,1.2968,1.60,1.00
2010.09.20 09:43:19.877,1.2964,1.2968,1.60,1.00
2010.09.20 09:43:22.662,1.2964,1.2968,1.60,3.60
2010.09.20 09:43:22.936,1.29635,1.29675,1.60,1.00
2010.09.20 09:43:28.718,1.29635,1.2968,1.60,1.10
2010.09.20 09:43:30.808,1.29635,1.2968,1.60,1.00
2010.09.20 09:43:30.878,1.2964,1.2968,1.60,1.00
2010.09.20 09:43:31.690,1.29635,1.2968,1.60,1.00
2010.09.20 09:43:36.127,1.29635,1.2968,1.60,1.00
2010.09.20 09:43:37.254,1.29635,1.2968,1.60,1.00
2010.09.20 09:43:38.444,1.29635,1.2968,1.60,1.10
2010.09.20 09:43:38.799,1.29625,1.2968,8.70,1.00
2010.09.20 09:43:39.623,1.2963,1.2968,1.00,1.00
2010.09.20 09:43:40.778,1.29625,1.2968,5.50,1.00
2010.09.20 09:43:41.115,1.2963,1.2968,1.00,1.00
2010.09.20 09:43:41.450,1.29625,1.2968,5.50,1.00
2010.09.20 09:43:41.763,1.2963,1.2968,1.00,1.10
2010.09.20 09:43:42.564,1.2963,1.2968,1.00,2.70
2010.09.20 09:43:42.780,1.2963,1.2968,1.00,1.00
2010.09.20 09:43:44.358,1.29635,1.2968,1.60,1.00
2010.09.20 09:43:52.581,1.29635,1.29675,1.60,1.00
2010.09.20 09:43:53.299,1.29625,1.2968,3.20,1.00
2010.09.20 09:43:53.644,1.29625,1.2968,3.30,1.00
2010.09.20 09:43:53.991,1.29625,1.2968,3.20,1.00
2010.09.20 09:43:56.022,1.2963,1.2968,2.20,1.00
2010.09.20 09:43:56.316,1.29635,1.2968,3.20,1.00
2010.09.20 09:43:56.601,1.2964,1.2968,1.60,1.00
2010.09.20 09:43:57.811,1.2965,1.29685,1.00,3.20
2010.09.20 09:43:58.040,1.29655,1.297,4.80,3.10
2010.09.20 09:43:58.527,1.29655,1.297,6.40,1.60
2010.09.20 09:43:58.866,1.2966,1.29705,1.60,1.60
2010.09.20 09:43:59.215,1.29655,1.2971,2.40,1.00
2010.09.20 09:44:00.070,1.29655,1.2971,5.60,1.60
2010.09.20 09:44:01.172,1.29655,1.29705,5.60,1.00
2010.09.20 09:44:02.204,1.29655,1.2971,5.60,1.70
2010.09.20 09:44:02.556,1.2964,1.2969,3.20,1.00
2010.09.20 09:44:03.386,1.29635,1.2969,7.20,2.20
2010.09.20 09:44:03.742,1.2964,1.29685,3.20,1.60
2010.09.20 09:44:05.469,1.29635,1.29685,3.20,1.60
2010.09.20 09:44:05.842,1.29645,1.29685,1.60,1.60
2010.09.20 09:44:06.368,1.29645,1.2969,1.60,1.40
2010.09.20 09:44:06.568,1.29645,1.297,1.60,1.00
2010.09.20 09:44:09.991,1.29645,1.29695,1.60,1.50
2010.09.20 09:44:13.631,1.29645,1.2969,1.60,1.00
2010.09.20 09:44:13.824,1.29635,1.2969,4.00,1.00
2010.09.20 09:44:14.492,1.29635,1.2969,4.60,1.00
2010.09.20 09:44:15.306,1.29635,1.2969,4.00,1.00
2010.09.20 09:44:15.654,1.29635,1.2969,4.60,1.00
2010.09.20 09:44:16.538,1.29635,1.2969,4.80,1.00
2010.09.20 09:44:18.299,1.29635,1.2969,6.40,1.00
2010.09.20 09:44:19.061,1.2964,1.2969,1.00,1.00
2010.09.20 09:44:20.116,1.2964,1.2969,1.00,1.00
2010.09.20 09:44:26.745,1.2964,1.29695,1.00,3.10
2010.09.20 09:44:28.763,1.29635,1.2969,2.20,1.50
2010.09.20 09:44:29.555,1.29635,1.2969,1.70,1.50
2010.09.20 09:44:30.965,1.29635,1.2969,1.60,1.50
2010.09.20 09:44:33.261,1.29635,1.2969,2.30,1.00
2010.09.20 09:44:34.311,1.29645,1.2969,1.60,1.00
2010.09.20 09:44:35.528,1.29635,1.29685,1.60,1.00
2010.09.20 09:44:36.672,1.2963,1.2968,1.00,1.50
2010.09.20 09:44:38.614,1.2963,1.29675,1.00,1.50
2010.09.20 09:44:38.864,1.29625,1.29675,1.60,1.50
2010.09.20 09:44:39.112,1.29625,1.2967,1.60,1.50
2010.09.20 09:44:40.412,1.29625,1.2967,1.60,1.50
2010.09.20 09:44:40.650,1.29635,1.2968,1.60,1.50
2010.09.20 09:44:41.322,1.29635,1.2968,3.80,1.00
2010.09.20 09:44:41.563,1.29635,1.29685,2.20,1.10
2010.09.20 09:44:41.910,1.29635,1.29685,3.80,1.10
2010.09.20 09:44:46.941,1.29645,1.29685,1.60,1.00
2010.09.20 09:44:49.872,1.29635,1.2969,2.20,1.50
2010.09.20 09:44:50.210,1.29635,1.2969,3.80,1.50
2010.09.20 09:44:52.267,1.29635,1.2969,3.80,1.60
2010.09.20 09:44:52.858,1.29635,1.2969,2.20,1.60
2010.09.20 09:44:53.205,1.29635,1.29685,1.60,1.50
2010.09.20 09:44:53.551,1.2963,1.29685,1.00,3.10
2010.09.20 09:44:54.339,1.29625,1.2968,3.60,1.50
2010.09.20 09:44:54.684,1.29625,1.29675,3.60,1.00
2010.09.20 09:44:55.040,1.29625,1.29675,3.60,1.00
2010.09.20 09:44:56.036,1.29625,1.2968,4.40,1.00
2010.09.20 09:44:56.256,1.29625,1.29685,4.40,3.10
2010.09.20 09:44:57.552,1.29625,1.29685,4.50,3.10
2010.09.20 09:44:59.674,1.29625,1.29685,4.80,3.10
2010.09.20 09:44:59.867,1.29625,1.29685,3.20,3.10
2010.09.20 09:45:00.548,1.29625,1.29685,3.00,3.10
2010.09.20 09:45:01.077,1.29635,1.29685,1.60,3.10
2010.09.20 09:45:01.395,1.29635,1.2969,3.80,3.70
2010.09.20 09:45:01.694,1.29635,1.2969,3.20,3.50
2010.09.20 09:45:03.068,1.29635,1.2969,3.30,3.50
2010.09.20 09:45:03.183,1.29635,1.2969,3.20,3.50
2010.09.20 09:45:04.392,1.29635,1.2968,3.20,1.00
2010.09.20 09:45:04.973,1.29635,1.2968,1.60,1.00
2010.09.20 09:45:05.233,1.29625,1.2968,1.60,1.00
2010.09.20 09:45:14.428,1.29625,1.2968,1.60,1.00
2010.09.20 09:45:14.639,1.29625,1.29685,3.10,3.10
2010.09.20 09:45:14.829,1.29635,1.29685,1.60,1.50
2010.09.20 09:45:15.514,1.29625,1.29685,3.00,3.10
2010.09.20 09:45:16.873,1.29625,1.29685,3.00,3.20
2010.09.20 09:45:18.393,1.29625,1.29685,3.10,3.10
2010.09.20 09:45:19.888,1.2963,1.29685,1.00,3.50
2010.09.20 09:45:20.915,1.29625,1.29685,3.00,3.50
2010.09.20 09:45:21.223,1.29625,1.29685,3.10,3.50
2010.09.20 09:45:29.754,1.29625,1.29685,3.10,3.10
2010.09.20 09:45:30.922,1.29635,1.29685,1.60,1.50
2010.09.20 09:45:31.321,1.29635,1.2969,1.60,2.00
2010.09.20 09:45:32.071,1.2963,1.2969,1.00,3.80
2010.09.20 09:45:32.418,1.29635,1.2968,1.60,1.00
2010.09.20 09:45:33.224,1.29625,1.29685,2.50,3.10
2010.09.20 09:45:34.635,1.2963,1.29685,1.00,3.10
2010.09.20 09:45:39.588,1.29625,1.29685,2.50,3.10
2010.09.20 09:45:39.770,1.29625,1.2968,2.40,1.00
2010.09.20 09:45:40.547,1.29625,1.29675,1.60,1.00
2010.09.20 09:45:41.675,1.29625,1.2967,1.60,1.00
2010.09.20 09:45:43.550,1.29625,1.2968,1.00,1.00
2010.09.20 09:45:43.765,1.29625,1.29685,3.80,2.70
2010.09.20 09:45:45.426,1.2963,1.29685,1.00,2.70
2010.09.20 09:45:45.661,1.2963,1.29685,1.00,2.00
2010.09.20 09:45:45.748,1.2963,1.29685,1.70,2.00
2010.09.20 09:45:46.848,1.2963,1.29685,1.60,2.00
2010.09.20 09:45:47.188,1.2963,1.29685,1.60,1.00
2010.09.20 09:45:47.527,1.2963,1.29685,1.60,2.00
2010.09.20 09:45:53.080,1.2963,1.29685,1.60,2.00
2010.09.20 09:45:53.706,1.29625,1.29685,3.30,2.70
2010.09.20 09:45:53.994,1.29625,1.29685,3.30,2.30
2010.09.20 09:45:54.631,1.29625,1.29685,3.20,2.30
2010.09.20 09:45:57.622,1.29625,1.29685,3.90,2.30
2010.09.20 09:45:58.661,1.2963,1.29685,1.00,2.30
2010.09.20 09:46:01.530,1.29625,1.29675,1.00,1.60
2010.09.20 09:46:03.669,1.29625,1.29675,1.00,1.60
2010.09.20 09:46:03.878,1.29625,1.29675,1.00,1.60
2010.09.20 09:46:17.877,1.29625,1.29675,1.00,1.60
2010.09.20 09:46:19.325,1.29625,1.29685,3.10,3.10
2010.09.20 09:46:20.757,1.2963,1.29685,1.00,3.10
2010.09.20 09:46:25.095,1.2963,1.29685,1.00,3.10
2010.09.20 09:46:25.776,1.2963,1.29685,1.00,2.30
2010.09.20 09:46:26.062,1.29635,1.29685,1.00,2.30
2010.09.20 09:46:27.117,1.2963,1.29685,1.00,2.30
2010.09.20 09:46:29.192,1.29635,1.29685,1.00,2.30
2010.09.20 09:46:29.426,1.2963,1.29685,1.00,3.10
2010.09.20 09:46:39.249,1.29635,1.29685,1.00,2.30
2010.09.20 09:46:40.193,1.29635,1.29685,1.00,2.30
2010.09.20 09:46:45.346,1.29635,1.29685,1.00,2.30
2010.09.20 09:46:46.114,1.2964,1.29685,1.00,2.30
2010.09.20 09:46:47.399,1.2963,1.29685,1.00,2.30
2010.09.20 09:46:48.348,1.2963,1.29675,1.00,1.60
2010.09.20 09:46:49.492,1.2963,1.29675,1.00,1.60
2010.09.20 09:46:50.290,1.29635,1.29675,1.00,1.60
2010.09.20 09:46:51.704,1.29625,1.29685,3.90,2.70
2010.09.20 09:46:51.990,1.2963,1.29685,1.00,2.00
2010.09.20 09:46:52.270,1.29635,1.29685,1.00,2.00
2010.09.20 09:46:52.999,1.29635,1.29685,1.70,2.00
2010.09.20 09:46:53.563,1.29635,1.29685,1.60,2.00
2010.09.20 09:46:54.873,1.29635,1.29685,1.60,2.00
2010.09.20 09:46:56.209,1.29635,1.29685,1.60,2.00
2010.09.20 09:46:57.540,1.29635,1.29685,1.60,2.00
2010.09.20 09:46:58.958,1.2964,1.29685,1.00,2.00
2010.09.20 09:46:59.983,1.2964,1.29685,1.00,2.00
2010.09.20 09:47:04.140,1.29635,1.29685,1.70,1.60
2010.09.20 09:47:05.347,1.2964,1.29685,1.00,1.60
2010.09.20 09:47:06.236,1.29635,1.29685,1.70,1.60
2010.09.20 09:47:07.428,1.2964,1.29685,1.00,1.60
2010.09.20 09:47:26.652,1.2964,1.29685,1.00,1.60
2010.09.20 09:47:27.327,1.2964,1.29675,1.00,1.60
2010.09.20 09:47:27.586,1.29635,1.29675,1.00,1.60
2010.09.20 09:47:27.841,1.29635,1.29675,1.00,1.60
2010.09.20 09:47:28.920,1.29635,1.29675,1.00,1.60
2010.09.20 09:47:30.020,1.29635,1.29675,1.00,1.60
2010.09.20 09:47:33.205,1.2963,1.29675,1.00,1.60
2010.09.20 09:47:35.476,1.29625,1.29675,1.00,1.60
2010.09.20 09:47:38.783,1.29625,1.29685,3.00,1.90
2010.09.20 09:47:39.617,1.2963,1.29685,1.00,2.00
2010.09.20 09:47:39.861,1.2963,1.29685,1.00,1.60
2010.09.20 09:47:40.101,1.2963,1.29685,1.00,1.60
2010.09.20 09:47:41.020,1.2963,1.29685,1.00,1.60
2010.09.20 09:47:49.081,1.2963,1.29685,2.40,1.60
2010.09.20 09:47:51.828,1.2963,1.29685,1.00,1.60
2010.09.20 09:47:56.149,1.29625,1.29685,7.20,2.30
2010.09.20 09:47:56.449,1.2963,1.29675,1.00,1.60
2010.09.20 09:47:56.741,1.29625,1.29675,4.90,1.60
2010.09.20 09:47:57.031,1.29625,1.29675,4.00,1.60
2010.09.20 09:47:57.785,1.29625,1.29685,7.20,3.10
2010.09.20 09:47:58.549,1.29635,1.29685,1.00,3.10
2010.09.20 09:47:58.790,1.29635,1.2968,1.00,1.60
2010.09.20 09:47:59.060,1.29635,1.29675,1.00,1.60
2010.09.20 09:47:59.908,1.2963,1.29675,1.00,1.60
2010.09.20 09:48:01.778,1.29635,1.29685,2.20,1.00
2010.09.20 09:48:01.980,1.29635,1.29685,3.80,1.00
2010.09.20 09:48:03.555,1.29635,1.29685,3.90,1.00
2010.09.20 09:48:05.413,1.29635,1.29685,3.80,1.00
2010.09.20 09:48:05.889,1.29635,1.29685,3.80,1.10
2010.09.20 09:48:10.037,1.29635,1.29685,3.80,1.00
2010.09.20 09:48:25.160,1.29635,1.29685,1.60,1.00
2010.09.20 09:48:25.848,1.2963,1.29685,1.00,2.30
2010.09.20 09:48:30.307,1.29635,1.29685,1.00,2.30
2010.09.20 09:48:30.449,1.29635,1.2969,3.80,1.50
2010.09.20 09:48:32.029,1.29635,1.2969,3.80,1.70
2010.09.20 09:48:32.279,1.29635,1.2969,3.80,1.50
2010.09.20 09:48:33.429,1.29635,1.2969,3.80,3.10
2010.09.20 09:48:33.711,1.29635,1.2969,3.80,4.70
2010.09.20 09:48:35.092,1.29635,1.29685,3.80,1.00
2010.09.20 09:48:35.351,1.29635,1.29685,3.20,1.00
2010.09.20 09:48:35.592,1.29635,1.29685,1.60,1.00
2010.09.20 09:48:35.989,1.2963,1.29685,1.00,2.30
2010.09.20 09:48:36.826,1.29625,1.29685,4.40,2.30
2010.09.20 09:48:38.445,1.29625,1.29685,4.30,2.30
2010.09.20 09:48:40.598,1.2963,1.29685,1.00,2.30
2010.09.20 09:48:40.789,1.29625,1.2968,6.00,1.00
2010.09.20 09:48:41.130,1.29625,1.2968,2.60,1.00
2010.09.20 09:48:41.981,1.29625,1.29685,7.40,2.30
2010.09.20 09:48:42.592,1.29625,1.29685,7.50,2.30
2010.09.20 09:48:44.398,1.29625,1.29685,7.10,2.30
2010.09.20 09:48:45.040,1.29625,1.2968,3.20,1.00
2010.09.20 09:48:45.199,1.2963,1.2968,1.00,1.00
2010.09.20 09:48:45.359,1.29625,1.2968,2.20,1.00
2010.09.20 09:48:48.079,1.29625,1.2968,2.40,1.00
2010.09.20 09:48:48.668,1.2963,1.2968,1.00,1.00
2010.09.20 09:48:53.010,1.29625,1.2968,2.40,1.00
2010.09.20 09:48:54.494,1.29625,1.2968,1.60,1.00
2010.09.20 09:48:54.841,1.29625,1.2968,2.20,1.50
2010.09.20 09:48:55.639,1.29625,1.2968,2.20,1.00
2010.09.20 09:48:56.818,1.29625,1.2968,2.30,1.00
2010.09.20 09:48:57.971,1.2963,1.2968,1.00,1.00
2010.09.20 09:49:10.719,1.29635,1.2968,1.00,1.00
2010.09.20 09:49:10.824,1.29635,1.29685,2.40,2.40
2010.09.20 09:49:11.021,1.29635,1.29685,2.40,1.60
2010.09.20 09:49:11.248,1.29635,1.2969,4.00,1.90
2010.09.20 09:49:12.611,1.29635,1.2969,2.40,1.90
2010.09.20 09:49:12.909,1.29635,1.2969,2.20,1.90
2010.09.20 09:49:13.686,1.29635,1.2969,4.00,1.90
2010.09.20 09:49:14.005,1.29635,1.29685,1.60,1.00
2010.09.20 09:49:14.409,1.2963,1.29685,1.00,2.30
2010.09.20 09:49:15.778,1.29625,1.29685,3.90,2.30
2010.09.20 09:49:16.041,1.29625,1.29685,3.20,2.30
2010.09.20 09:49:16.611,1.29625,1.2968,1.60,1.00
2010.09.20 09:49:17.292,1.29625,1.2968,1.70,1.00
2010.09.20 09:49:18.621,1.29625,1.2968,2.20,1.00
2010.09.20 09:49:19.649,1.29625,1.2968,5.40,1.00
2010.09.20 09:49:20.649,1.29625,1.2968,5.60,1.00
2010.09.20 09:49:21.154,1.29625,1.2968,5.50,1.00
2010.09.20 09:49:21.505,1.2963,1.2968,1.00,1.00
2010.09.20 09:49:22.340,1.2963,1.29685,1.60,2.30
2010.09.20 09:49:23.124,1.29635,1.29685,1.00,2.30
2010.09.20 09:49:23.830,1.2963,1.29685,1.60,2.30
2010.09.20 09:49:24.132,1.2963,1.29685,1.70,2.30
2010.09.20 09:49:24.731,1.29635,1.29685,2.20,1.00
2010.09.20 09:49:25.536,1.29645,1.2969,2.20,1.90
2010.09.20 09:49:27.652,1.29645,1.2969,1.00,1.90
2010.09.20 09:49:28.612,1.29645,1.2969,2.20,1.00
2010.09.20 09:49:30.821,1.29645,1.29695,2.20,1.50
2010.09.20 09:49:35.871,1.29655,1.29695,2.20,1.50
2010.09.20 09:49:36.143,1.29655,1.29695,3.80,1.50
2010.09.20 09:49:36.621,1.29655,1.29695,3.80,1.00
2010.09.20 09:49:36.967,1.29655,1.29695,1.60,1.00
2010.09.20 09:49:37.314,1.29655,1.297,1.60,1.00
2010.09.20 09:49:38.157,1.29645,1.2969,2.20,1.50
2010.09.20 09:49:41.074,1.29655,1.297,1.60,3.20
2010.09.20 09:49:41.345,1.2965,1.29695,1.00,1.50
2010.09.20 09:49:42.118,1.2965,1.2969,1.00,1.50
2010.09.20 09:49:55.696,1.29645,1.29695,2.20,1.50
2010.09.20 09:49:58.000,1.29645,1.29695,2.30,1.50
2010.09.20 09:49:58.108,1.29655,1.29695,1.60,1.50
2010.09.20 09:49:58.668,1.29655,1.297,3.20,1.60
2010.09.20 09:49:59.017,1.29655,1.29705,3.80,1.90
2010.09.20 09:50:01.109,1.2966,1.29705,1.60,1.90
2010.09.20 09:50:05.631,1.29665,1.2971,3.80,1.50
2010.09.20 09:50:06.740,1.29665,1.2971,2.20,1.50
2010.09.20 09:50:07.029,1.29665,1.29705,1.60,1.00
2010.09.20 09:50:14.509,1.29665,1.29705,1.60,1.50
2010.09.20 09:50:14.600,1.29665,1.297,1.60,1.00
2010.09.20 09:50:15.503,1.29655,1.297,1.60,1.00
2010.09.20 09:50:17.309,1.29645,1.29695,1.60,1.00
2010.09.20 09:50:17.653,1.29645,1.297,1.60,1.50
2010.09.20 09:50:18.930,1.29665,1.2971,3.80,5.10
2010.09.20 09:50:23.002,1.29665,1.2971,3.20,5.10
2010.09.20 09:50:23.836,1.29655,1.297,3.80,1.00
2010.09.20 09:50:28.290,1.29655,1.297,2.20,1.00
2010.09.20 09:50:30.679,1.29655,1.297,2.40,1.00
2010.09.20 09:50:31.234,1.29655,1.29705,2.40,4.80
2010.09.20 09:50:31.453,1.29665,1.2971,3.80,5.10
2010.09.20 09:50:31.568,1.29665,1.2971,1.60,5.10
2010.09.20 09:50:32.236,1.2966,1.2971,1.60,1.90
2010.09.20 09:50:34.570,1.29655,1.29705,1.60,1.00
2010.09.20 09:50:34.789,1.2965,1.29705,1.00,1.00
2010.09.20 09:50:35.009,1.29655,1.29705,1.60,1.00
2010.09.20 09:50:37.581,1.29655,1.297,1.60,1.00
2010.09.20 09:50:38.580,1.29655,1.29705,2.20,1.00
2010.09.20 09:50:39.456,1.29655,1.29705,1.00,1.00
2010.09.20 09:50:39.639,1.29655,1.297,1.00,1.00
2010.09.20 09:50:39.949,1.29645,1.297,1.70,1.00
2010.09.20 09:50:40.694,1.29645,1.297,2.20,1.50
2010.09.20 09:50:42.181,1.29645,1.297,2.20,1.60
2010.09.20 09:50:42.496,1.29645,1.297,2.40,1.50
2010.09.20 09:50:42.737,1.29645,1.297,2.20,1.50
2010.09.20 09:50:43.232,1.2965,1.297,1.60,1.50
2010.09.20 09:50:43.573,1.29655,1.297,2.20,1.00
2010.09.20 09:50:46.052,1.29665,1.29705,1.60,1.00
2010.09.20 09:50:46.583,1.29665,1.29705,2.20,1.00
2010.09.20 09:50:46.919,1.2966,1.29705,1.00,1.00
2010.09.20 09:50:49.757,1.2966,1.2971,1.00,1.60
2010.09.20 09:50:49.981,1.2966,1.29715,1.00,2.00
2010.09.20 09:50:59.514,1.2966,1.29715,1.00,2.10
2010.09.20 09:51:00.575,1.2966,1.29715,1.00,2.00
2010.09.20 09:51:02.313,1.29665,1.29715,2.20,2.00
2010.09.20 09:51:02.506,1.29665,1.29715,3.80,1.00
2010.09.20 09:51:06.044,1.29655,1.29715,7.00,3.50
2010.09.20 09:51:06.454,1.29655,1.29715,3.20,3.50
2010.09.20 09:51:07.459,1.29655,1.2971,1.60,1.00
2010.09.20 09:51:16.742,1.2965,1.29705,2.00,1.60
2010.09.20 09:51:17.309,1.29655,1.29705,1.00,3.10
2010.09.20 09:51:17.385,1.2965,1.29705,1.00,3.10
2010.09.20 09:51:19.903,1.29645,1.29705,4.20,2.30
2010.09.20 09:51:20.262,1.29655,1.29705,1.60,2.30
2010.09.20 09:51:20.471,1.29655,1.29705,2.20,1.60
2010.09.20 09:51:21.138,1.29655,1.29705,3.00,1.60
2010.09.20 09:51:21.373,1.29655,1.29705,3.80,1.60
2010.09.20 09:51:21.595,1.29655,1.2971,7.00,1.00
2010.09.20 09:51:22.482,1.2966,1.2971,1.60,1.00
2010.09.20 09:51:25.199,1.29655,1.2971,7.10,1.00
2010.09.20 09:51:25.799,1.29655,1.2971,5.40,1.00
2010.09.20 09:51:28.460,1.29655,1.2971,5.50,1.00
2010.09.20 09:51:28.578,1.29655,1.2971,3.90,1.10
2010.09.20 09:51:28.688,1.29655,1.2971,3.80,1.10
2010.09.20 09:51:28.799,1.29655,1.2971,3.80,2.70
2010.09.20 09:51:30.611,1.29655,1.29705,3.80,1.00
2010.09.20 09:51:34.172,1.29655,1.29705,4.00,1.00
2010.09.20 09:51:38.780,1.29655,1.29705,3.80,1.00
2010.09.20 09:52:01.029,1.29655,1.29705,3.90,1.00
2010.09.20 09:52:02.056,1.29655,1.29705,3.80,1.00
2010.09.20 09:52:08.050,1.29655,1.29705,3.80,2.30
2010.09.20 09:52:10.403,1.29655,1.29705,3.80,1.00
2010.09.20 09:52:29.180,1.29665,1.2971,1.60,1.60
2010.09.20 09:52:29.253,1.29665,1.2971,2.20,1.00
2010.09.20 09:52:29.275,1.29665,1.29715,2.20,1.00
2010.09.20 09:52:30.115,1.29665,1.2972,2.20,2.30
2010.09.20 09:52:30.952,1.29665,1.2972,2.20,1.00
2010.09.20 09:52:33.289,1.29665,1.2972,3.00,1.00
2010.09.20 09:52:34.169,1.29665,1.2972,3.00,1.00
2010.09.20 09:52:35.909,1.29665,1.29725,4.00,3.50
2010.09.20 09:52:38.034,1.29665,1.29725,3.80,3.50
2010.09.20 09:52:38.388,1.2969,1.29725,1.60,1.00
2010.09.20 09:52:39.785,1.29695,1.29725,1.60,1.00
2010.09.20 09:52:40.085,1.2969,1.2973,1.60,1.60
2010.09.20 09:52:40.608,1.2969,1.29735,1.60,1.00
2010.09.20 09:52:42.500,1.2969,1.29735,1.60,1.00
2010.09.20 09:52:45.602,1.29685,1.29735,2.40,1.00
2010.09.20 09:52:50.125,1.29685,1.2973,2.40,1.00
2010.09.20 09:52:55.660,1.29685,1.2973,1.60,1.00
2010.09.20 09:53:00.103,1.29685,1.29735,1.60,2.00
2010.09.20 09:53:00.327,1.2968,1.29735,2.20,2.00
2010.09.20 09:53:00.770,1.29685,1.29735,1.60,2.00
2010.09.20 09:53:01.246,1.29685,1.29735,3.20,2.00
2010.09.20 09:53:01.344,1.2969,1.29735,1.00,2.00
2010.09.20 09:53:01.509,1.29695,1.29735,1.60,2.00
2010.09.20 09:53:03.434,1.29695,1.29735,1.60,1.00
2010.09.20 09:53:12.859,1.29695,1.2974,2.20,2.00
2010.09.20 09:53:13.771,1.29695,1.2974,3.00,2.00
2010.09.20 09:53:14.111,1.29695,1.2974,3.80,2.00
2010.09.20 09:53:14.450,1.29695,1.2974,3.80,1.00
2010.09.20 09:53:25.677,1.2969,1.2974,1.40,1.00
2010.09.20 09:53:25.885,1.29695,1.2973,1.60,1.00
2010.09.20 09:53:26.095,1.29675,1.2973,4.00,1.00
2010.09.20 09:53:26.756,1.29675,1.2972,1.60,1.00
2010.09.20 09:53:27.038,1.29675,1.29715,1.60,1.00
2010.09.20 09:53:32.519,1.29665,1.29715,1.60,1.00
2010.09.20 09:53:32.889,1.29675,1.29715,1.60,1.00
2010.09.20 09:53:36.116,1.29675,1.2971,1.60,1.00
2010.09.20 09:53:36.513,1.29665,1.2971,1.60,1.00
2010.09.20 09:53:40.269,1.29675,1.2971,1.60,1.00
2010.09.20 09:53:42.728,1.29665,1.2971,1.60,1.00
2010.09.20 09:53:44.601,1.29675,1.2971,1.60,1.00
2010.09.20 09:53:50.069,1.29675,1.29715,1.60,1.00
2010.09.20 09:54:18.921,1.29675,1.29715,1.60,1.00
2010.09.20 09:54:19.454,1.29675,1.29715,1.60,1.00
2010.09.20 09:54:20.259,1.29675,1.2972,1.60,1.00
2010.09.20 09:54:21.819,1.29675,1.2972,1.60,1.00
2010.09.20 09:54:21.872,1.29675,1.2972,1.60,1.00
2010.09.20 09:54:28.330,1.29675,1.2972,1.60,1.00
2010.09.20 09:54:28.692,1.29675,1.2972,1.60,1.00
2010.09.20 09:54:29.711,1.29675,1.2972,1.60,1.10
2010.09.20 09:54:30.050,1.29675,1.2972,1.60,1.20
2010.09.20 09:54:36.785,1.29675,1.2972,1.60,2.80
2010.09.20 09:54:39.835,1.29675,1.29715,1.60,1.00
2010.09.20 09:54:49.320,1.29665,1.29715,3.20,1.00
2010.09.20 09:54:49.481,1.29665,1.29715,1.60,1.00
2010.09.20 09:54:49.950,1.29655,1.2971,2.40,1.00
2010.09.20 09:54:50.487,1.29665,1.2971,1.60,1.00
2010.09.20 09:54:50.775,1.29655,1.2971,2.40,1.00
2010.09.20 09:54:52.604,1.29655,1.2971,2.50,1.00
2010.09.20 09:54:52.871,1.29655,1.2971,2.40,1.00
2010.09.20 09:54:54.052,1.29655,1.2971,1.60,1.90
2010.09.20 09:55:02.793,1.29655,1.2971,1.60,2.00
2010.09.20 09:55:03.297,1.29655,1.29705,1.60,1.50
2010.09.20 09:55:04.141,1.29645,1.29705,3.60,3.10
2010.09.20 09:55:09.501,1.29645,1.29705,3.60,3.20
2010.09.20 09:55:10.169,1.29645,1.29705,3.60,3.10
2010.09.20 09:55:12.602,1.29645,1.29705,3.60,3.10
2010.09.20 09:55:20.518,1.29645,1.29705,3.60,1.50
2010.09.20 09:55:20.718,1.29645,1.29705,3.60,3.10
2010.09.20 09:55:26.371,1.2965,1.29705,1.00,1.60
2010.09.20 09:55:30.498,1.2965,1.29705,1.00,1.60
2010.09.20 09:55:44.269,1.29655,1.29705,1.00,1.60
2010.09.20 09:55:47.423,1.2965,1.29705,1.00,1.60
2010.09.20 09:55:48.920,1.2965,1.29705,1.00,1.60
2010.09.20 09:55:53.973,1.29655,1.2971,1.60,3.50
2010.09.20 09:55:55.666,1.29655,1.2971,1.60,3.70
2010.09.20 09:56:03.810,1.29655,1.2971,1.60,3.50
2010.09.20 09:56:06.156,1.2965,1.2971,1.00,3.50
2010.09.20 09:56:06.909,1.2965,1.29705,1.00,1.60
2010.09.20 09:56:07.320,1.2965,1.29705,1.00,2.20
2010.09.20 09:56:07.490,1.2965,1.29705,1.00,3.80
2010.09.20 09:56:07.660,1.2965,1.29695,1.00,1.60
2010.09.20 09:56:07.829,1.2965,1.29705,1.00,3.20
2010.09.20 09:56:08.000,1.2965,1.29705,1.00,1.60
2010.09.20 09:56:09.611,1.2965,1.29705,1.00,1.60
2010.09.20 09:56:10.250,1.2965,1.29705,1.00,2.00
2010.09.20 09:56:17.470,1.2965,1.29705,1.00,2.00
2010.09.20 09:56:17.629,1.2965,1.29705,1.00,3.60
2010.09.20 09:56:18.252,1.2965,1.29705,1.00,2.00
2010.09.20 09:56:19.731,1.2965,1.29705,1.00,2.00
2010.09.20 09:56:23.030,1.2965,1.29705,1.00,2.00
2010.09.20 09:56:23.846,1.29655,1.29705,1.60,1.00
2010.09.20 09:56:30.208,1.29655,1.2971,1.60,2.00
2010.09.20 09:56:37.199,1.29655,1.2971,2.40,1.20
2010.09.20 09:56:37.329,1.2966,1.2971,1.60,1.00
2010.09.20 09:56:37.821,1.2966,1.2971,2.20,1.00
2010.09.20 09:56:37.950,1.29665,1.2971,1.60,1.00
2010.09.20 09:56:41.102,1.2967,1.29715,2.20,1.00
2010.09.20 09:56:43.440,1.29665,1.2972,3.80,1.70
2010.09.20 09:56:49.914,1.29665,1.2972,3.80,1.50
2010.09.20 09:56:51.333,1.29665,1.2972,3.80,1.70
2010.09.20 09:56:55.837,1.29665,1.2972,3.80,1.50
2010.09.20 09:56:56.100,1.29665,1.2972,3.80,3.10
2010.09.20 09:56:56.320,1.29665,1.29715,3.80,1.00
2010.09.20 09:57:02.524,1.29675,1.29715,1.60,1.00
2010.09.20 09:57:18.678,1.29665,1.29715,1.60,1.00
2010.09.20 09:57:19.863,1.29665,1.29715,1.60,1.10
2010.09.20 09:57:20.160,1.29665,1.2971,1.60,1.00
2010.09.20 09:57:26.023,1.29665,1.2971,3.80,1.00
2010.09.20 09:57:26.855,1.2967,1.2971,1.00,1.00
2010.09.20 09:57:27.116,1.29675,1.2971,1.60,1.00
2010.09.20 09:57:30.235,1.29675,1.29715,1.60,2.00
2010.09.20 09:57:30.552,1.29675,1.29715,1.60,1.00
2010.09.20 09:57:30.874,1.29675,1.29715,1.60,1.00
2010.09.20 09:57:31.986,1.2968,1.29715,1.00,1.00
2010.09.20 09:57:32.247,1.29675,1.29715,1.60,1.00
2010.09.20 09:57:33.806,1.29675,1.29715,1.60,1.00
2010.09.20 09:57:34.221,1.29675,1.29715,1.60,1.00
2010.09.20 09:57:35.125,1.29675,1.29715,1.60,1.90
2010.09.20 09:57:35.386,1.29665,1.29715,1.60,1.90
2010.09.20 09:57:35.642,1.29665,1.29715,1.60,2.10
2010.09.20 09:57:36.393,1.29645,1.297,2.40,1.50
2010.09.20 09:57:36.748,1.29655,1.297,1.60,1.50
2010.09.20 09:57:37.869,1.29655,1.297,1.60,1.00
2010.09.20 09:57:50.277,1.29645,1.297,2.60,1.00
2010.09.20 09:57:50.398,1.29645,1.297,2.70,1.00
2010.09.20 09:57:51.316,1.29655,1.297,1.60,1.00
2010.09.20 09:57:51.686,1.29645,1.29695,2.00,1.50
2010.09.20 09:57:54.129,1.29645,1.29695,1.00,1.50
2010.09.20 09:57:54.805,1.29645,1.29695,1.00,3.10
2010.09.20 09:57:55.031,1.29645,1.29695,1.00,4.70
2010.09.20 09:57:55.568,1.29645,1.29695,1.00,4.70
2010.09.20 09:58:00.746,1.29645,1.29695,1.00,6.30
2010.09.20 09:58:00.965,1.29645,1.29695,1.00,5.60
2010.09.20 09:58:01.187,1.29645,1.29695,1.00,3.20
2010.09.20 09:58:01.408,1.29645,1.29695,1.00,1.60
2010.09.20 09:58:01.629,1.29655,1.297,1.60,1.00
2010.09.20 09:58:03.508,1.29655,1.297,1.60,1.10
2010.09.20 09:58:09.047,1.29655,1.297,1.60,1.00
2010.09.20 09:58:09.376,1.29645,1.297,2.10,1.10
2010.09.20 09:58:10.165,1.2965,1.29705,1.00,1.00
2010.09.20 09:58:10.471,1.2965,1.29705,1.00,2.00
2010.09.20 09:58:12.100,1.2965,1.29705,1.40,2.00
2010.09.20 09:58:13.484,1.29655,1.29705,1.60,1.00
2010.09.20 09:58:17.504,1.29645,1.29705,2.00,3.80
2010.09.20 09:58:18.406,1.29645,1.29705,2.00,3.90
2010.09.20 09:58:19.464,1.29645,1.297,2.00,1.00
2010.09.20 09:58:19.651,1.29645,1.297,2.00,1.50
2010.09.20 09:58:25.619,1.29645,1.29695,2.00,1.50
2010.09.20 09:58:27.062,1.29645,1.29695,1.00,3.10
2010.09.20 09:58:28.897,1.29645,1.2969,1.00,1.50
2010.09.20 09:58:35.363,1.29635,1.2969,2.10,1.50
2010.09.20 09:58:35.516,1.29635,1.2969,2.00,1.50
2010.09.20 09:58:42.337,1.2964,1.2969,1.00,1.50
2010.09.20 09:58:53.996,1.2964,1.29695,1.00,3.10
2010.09.20 09:58:54.673,1.29635,1.29695,3.30,3.10
2010.09.20 09:58:55.049,1.29635,1.29695,3.20,3.10
2010.09.20 09:58:55.389,1.2964,1.29695,1.00,3.10
2010.09.20 09:58:56.807,1.29635,1.29695,3.20,3.10
2010.09.20 09:58:57.362,1.29635,1.29695,3.30,3.10
2010.09.20 09:58:57.678,1.29635,1.2969,2.40,1.00
2010.09.20 09:58:57.974,1.29635,1.2969,1.60,1.00
2010.09.20 09:58:58.767,1.29635,1.2969,1.00,1.00
2010.09.20 09:58:59.118,1.2963,1.29685,1.40,1.60
2010.09.20 09:59:00.709,1.29635,1.29685,1.00,1.60
2010.09.20 09:59:01.571,1.29635,1.29685,1.00,1.60
2010.09.20 09:59:02.399,1.2964,1.29695,1.60,3.90
2010.09.20 09:59:02.751,1.2964,1.29695,3.20,1.60
2010.09.20 09:59:03.083,1.2964,1.29695,1.60,2.20
2010.09.20 09:59:03.865,1.2964,1.29695,1.60,1.60
2010.09.20 09:59:04.203,1.2964,1.29695,1.60,1.60
2010.09.20 09:59:04.540,1.2964,1.29695,1.60,1.60
2010.09.20 09:59:08.227,1.2964,1.29695,1.60,1.60
2010.09.20 09:59:08.567,1.2964,1.29695,3.20,1.60
2010.09.20 09:59:08.750,1.2964,1.29695,3.80,1.60
2010.09.20 09:59:09.429,1.29645,1.297,1.60,1.90
2010.09.20 09:59:09.909,1.29645,1.297,1.60,1.50
2010.09.20 09:59:10.236,1.29645,1.297,1.60,1.50
2010.09.20 09:59:36.680,1.29645,1.297,3.20,1.50
2010.09.20 09:59:38.456,1.29645,1.297,1.60,1.50
2010.09.20 09:59:38.806,1.29645,1.297,3.20,1.50
2010.09.20 09:59:40.157,1.29645,1.297,3.30,1.50
2010.09.20 09:59:46.118,1.29645,1.297,1.70,1.50
2010.09.20 09:59:46.320,1.29645,1.297,1.60,1.50
2010.09.20 09:59:47.163,1.29645,1.297,3.20,1.50
2010.09.20 09:59:47.855,1.29645,1.29705,4.80,2.30
2010.09.20 09:59:48.190,1.29645,1.29695,1.00,1.60
2010.09.20 09:59:48.676,1.29645,1.29695,1.00,2.20
2010.09.20 09:59:49.165,1.29645,1.29695,1.00,2.20
2010.09.20 09:59:49.727,1.2964,1.29695,3.20,2.20
2010.09.20 09:59:50.037,1.2964,1.29695,1.00,2.20
2010.09.20 09:59:51.586,1.2964,1.29695,1.00,2.20
2010.09.20 09:59:52.558,1.29645,1.29695,1.00,2.20
2010.09.20 09:59:56.997,1.29645,1.29695,1.00,2.20
2010.09.20 09:59:57.298,1.29645,1.29695,1.00,1.60
2010.09.20 09:59:58.056,1.2964,1.29695,1.00,1.60
2010.09.20 09:59:58.072,1.2964,1.29695,1.00,2.20
2010.09.20 09:59:58.413,1.29645,1.297,1.60,1.90
2010.09.20 09:59:59.671,1.29645,1.297,1.60,1.90
2010.09.20 09:59:59.957,1.29645,1.297,1.60,1.50
