2013.09.27 14:00:00.502,1.12763,1.12798,2.25,1.50
2013.09.27 14:00:00.562,1.12763,1.12793,2.25,1.50
2013.09.27 14:00:00.981,1.12759,1.12796,1.50,3.00
2013.09.27 14:00:01.042,1.12759,1.12796,1.50,2.25
2013.09.27 14:00:01.666,1.12758,1.12795,1.50,1.50
2013.09.27 14:00:01.975,1.12764,1.12794,1.50,1.50
2013.09.27 14:00:02.282,1.12764,1.12789,1.50,1.50
2013.09.27 14:00:03.112,1.12762,1.12789,1.88,2.25
2013.09.27 14:00:03.293,1.12754,1.12788,1.13,2.25
2013.09.27 14:00:03.865,1.12756,1.12787,1.13,1.50
2013.09.27 14:00:04.243,1.12756,1.12783,1.13,1.50
2013.09.27 14:00:05.355,1.12753,1.1278,1.13,1.50
2013.09.27 14:00:05.665,1.12755,1.12779,1.13,1.50
2013.09.27 14:00:06.033,1.12752,1.12781,1.50,1.50
2013.09.27 14:00:06.154,1.12747,1.12778,1.50,1.50
2013.09.27 14:00:06.334,1.12745,1.12779,1.50,1.50
2013.09.27 14:00:07.112,1.12743,1.12778,1.13,3.00
2013.09.27 14:00:07.494,1.12743,1.12777,1.50,2.25
2013.09.27 14:00:08.643,1.12743,1.12776,1.50,1.13
2013.09.27 14:00:09.593,1.12746,1.12774,1.13,1.50
2013.09.27 14:00:09.653,1.12746,1.12777,1.50,1.88
2013.09.27 14:00:10.143,1.12746,1.12777,1.88,1.13
2013.09.27 14:00:10.771,1.12749,1.12777,1.88,1.50
2013.09.27 14:00:11.093,1.12751,1.12781,1.13,1.13
2013.09.27 14:00:11.214,1.12751,1.12782,1.50,1.50
2013.09.27 14:00:11.334,1.12751,1.12785,1.50,3.00
2013.09.27 14:00:11.513,1.12749,1.1278,1.50,1.88
2013.09.27 14:00:11.933,1.12754,1.12783,1.13,1.13
2013.09.27 14:00:12.298,1.1276,1.12784,1.13,1.13
2013.09.27 14:00:12.362,1.1276,1.12784,1.13,1.13
2013.09.27 14:00:12.424,1.1276,1.12782,1.13,1.13
2013.09.27 14:00:12.783,1.12749,1.12778,1.13,1.50
2013.09.27 14:00:12.962,1.12743,1.12778,1.50,1.50
2013.09.27 14:00:13.142,1.12746,1.12778,1.50,1.50
2013.09.27 14:00:13.674,1.12743,1.12775,1.50,1.50
2013.09.27 14:00:16.184,1.12739,1.12774,1.50,1.13
2013.09.27 14:00:16.244,1.12736,1.1277,2.63,1.13
2013.09.27 14:00:16.426,1.12733,1.12769,1.13,1.50
2013.09.27 14:00:16.551,1.12731,1.12768,1.50,1.50
2013.09.27 14:00:17.743,1.12733,1.12769,2.25,3.00
2013.09.27 14:00:18.500,1.12735,1.12767,1.50,1.50
2013.09.27 14:00:21.693,1.12738,1.12768,1.50,1.13
2013.09.27 14:00:24.415,1.12734,1.12767,1.50,1.50
2013.09.27 14:00:24.534,1.12738,1.12767,1.50,1.13
2013.09.27 14:00:24.855,1.12733,1.12767,3.00,1.50
2013.09.27 14:00:24.973,1.12738,1.12768,1.50,1.13
2013.09.27 14:00:26.352,1.12734,1.12767,1.50,1.50
2013.09.27 14:00:26.412,1.12733,1.12767,1.50,1.50
2013.09.27 14:00:27.044,1.12733,1.12764,1.50,1.50
2013.09.27 14:00:27.522,1.12734,1.12764,1.50,1.50
2013.09.27 14:00:28.214,1.12735,1.12764,1.50,1.50
2013.09.27 14:00:30.304,1.12733,1.12764,3.00,1.50
2013.09.27 14:00:32.261,1.12733,1.12764,1.50,1.50
2013.09.27 14:00:33.342,1.12733,1.12764,1.50,1.50
2013.09.27 14:00:33.522,1.12734,1.12764,1.50,1.50
2013.09.27 14:00:34.963,1.12737,1.12764,2.25,1.50
2013.09.27 14:00:35.083,1.12737,1.12764,1.13,1.50
2013.09.27 14:00:35.443,1.12746,1.12768,1.88,1.50
2013.09.27 14:00:36.362,1.12747,1.12768,1.50,1.50
2013.09.27 14:00:36.602,1.12738,1.12764,1.50,1.50
2013.09.27 14:00:37.974,1.12745,1.12767,1.13,2.25
2013.09.27 14:00:38.513,1.12743,1.12764,1.13,1.50
2013.09.27 14:00:39.986,1.12743,1.12764,1.13,1.50
2013.09.27 14:00:40.630,1.12744,1.12769,1.13,1.50
2013.09.27 14:00:40.886,1.12745,1.12771,1.13,1.50
2013.09.27 14:00:41.073,1.12744,1.12769,1.13,1.50
2013.09.27 14:00:41.783,1.12745,1.12769,1.13,1.50
2013.09.27 14:00:42.083,1.12745,1.12769,1.13,1.50
2013.09.27 14:00:42.444,1.12745,1.12768,1.13,1.50
2013.09.27 14:00:43.001,1.12745,1.12768,1.13,1.50
2013.09.27 14:00:43.533,1.12744,1.12774,1.13,1.88
2013.09.27 14:00:43.653,1.12742,1.12771,2.63,1.50
2013.09.27 14:00:43.713,1.12742,1.12769,1.88,2.25
2013.09.27 14:00:44.254,1.12738,1.12768,2.25,1.50
2013.09.27 14:00:44.553,1.12738,1.12767,1.50,1.50
2013.09.27 14:00:44.922,1.12735,1.12764,1.50,1.50
2013.09.27 14:00:51.114,1.12735,1.12764,1.50,1.50
2013.09.27 14:00:52.453,1.12734,1.12772,2.63,1.88
2013.09.27 14:00:52.513,1.12736,1.12772,1.13,1.13
2013.09.27 14:00:52.632,1.12737,1.12772,2.25,1.50
2013.09.27 14:00:52.812,1.12737,1.12773,2.25,1.88
2013.09.27 14:00:53.609,1.12737,1.12773,2.25,1.13
2013.09.27 14:00:53.674,1.12737,1.12773,1.50,1.13
2013.09.27 14:00:54.113,1.12738,1.12774,1.50,1.13
2013.09.27 14:00:54.293,1.1274,1.12774,1.50,1.88
2013.09.27 14:00:54.843,1.12741,1.12773,1.50,1.13
2013.09.27 14:00:55.382,1.1274,1.12773,1.50,1.13
2013.09.27 14:00:55.442,1.1274,1.12773,1.50,1.13
2013.09.27 14:00:57.184,1.1274,1.12773,1.50,1.13
2013.09.27 14:00:57.416,1.12742,1.12773,1.50,1.13
2013.09.27 14:00:57.945,1.1274,1.12773,1.50,1.13
2013.09.27 14:01:00.003,1.12742,1.12775,1.50,1.50
2013.09.27 14:01:00.362,1.12739,1.12772,1.50,1.50
2013.09.27 14:01:01.427,1.12742,1.12775,1.50,1.50
2013.09.27 14:01:01.792,1.1274,1.12775,1.50,1.50
2013.09.27 14:01:02.513,1.1274,1.12775,1.50,1.50
2013.09.27 14:01:04.873,1.12741,1.12775,1.50,1.50
2013.09.27 14:01:04.993,1.12743,1.12775,1.50,1.50
2013.09.27 14:01:05.112,1.12745,1.12778,3.00,1.13
2013.09.27 14:01:05.234,1.12747,1.12778,2.25,1.13
2013.09.27 14:01:05.532,1.12747,1.12782,2.25,1.88
2013.09.27 14:01:05.835,1.1275,1.12783,1.50,1.13
2013.09.27 14:01:05.962,1.12751,1.12783,1.50,1.13
2013.09.27 14:01:06.502,1.12753,1.12789,1.50,1.50
2013.09.27 14:01:06.892,1.12751,1.12782,1.50,1.13
2013.09.27 14:01:12.852,1.12753,1.12784,2.25,1.13
2013.09.27 14:01:13.582,1.12753,1.12784,2.25,1.50
2013.09.27 14:01:15.163,1.12753,1.12784,2.25,1.50
2013.09.27 14:01:16.103,1.12753,1.12784,2.25,1.50
2013.09.27 14:01:16.893,1.12753,1.12784,2.25,1.50
2013.09.27 14:01:17.266,1.12754,1.12784,1.50,1.50
2013.09.27 14:01:17.882,1.12755,1.12788,1.50,1.50
2013.09.27 14:01:18.682,1.12753,1.12788,3.75,2.25
2013.09.27 14:01:18.982,1.12757,1.12788,1.50,1.88
2013.09.27 14:01:20.311,1.12759,1.1279,1.13,1.50
2013.09.27 14:01:20.878,1.12759,1.1279,1.88,1.50
2013.09.27 14:01:21.413,1.12759,1.1279,1.50,1.50
2013.09.27 14:01:21.974,1.12759,1.1279,1.13,1.50
2013.09.27 14:01:23.002,1.12758,1.1279,1.50,1.50
2013.09.27 14:01:23.902,1.12759,1.12789,1.13,1.50
2013.09.27 14:01:24.084,1.12756,1.12782,1.13,1.13
2013.09.27 14:01:24.203,1.12753,1.12782,1.50,1.13
2013.09.27 14:01:24.507,1.12754,1.12784,2.25,1.50
2013.09.27 14:01:24.693,1.12754,1.12784,2.25,1.50
2013.09.27 14:01:24.873,1.1276,1.12784,1.13,1.50
2013.09.27 14:01:25.113,1.12755,1.1279,3.38,1.50
2013.09.27 14:01:25.532,1.12758,1.1279,1.13,2.25
2013.09.27 14:01:28.117,1.12761,1.1279,1.13,1.50
2013.09.27 14:01:28.486,1.12761,1.1279,2.25,1.50
2013.09.27 14:01:28.794,1.12763,1.1279,1.50,1.50
2013.09.27 14:01:29.095,1.12762,1.1279,1.13,1.50
2013.09.27 14:01:29.165,1.12761,1.1279,1.88,2.25
2013.09.27 14:01:29.713,1.12761,1.12792,1.88,1.13
2013.09.27 14:01:29.773,1.12761,1.12792,2.63,1.13
2013.09.27 14:01:29.832,1.12763,1.12793,1.50,1.13
2013.09.27 14:01:30.072,1.12764,1.12793,1.50,1.88
2013.09.27 14:01:30.393,1.12764,1.12793,1.50,1.88
2013.09.27 14:01:30.735,1.12764,1.12793,1.50,1.88
2013.09.27 14:01:31.312,1.12767,1.12793,2.25,1.88
2013.09.27 14:01:31.634,1.12769,1.12793,1.50,1.88
2013.09.27 14:01:31.994,1.12774,1.12792,1.50,1.50
2013.09.27 14:01:32.053,1.12763,1.12792,1.50,1.50
2013.09.27 14:01:32.235,1.12763,1.12793,2.25,1.50
2013.09.27 14:01:32.959,1.12763,1.12792,1.50,1.50
2013.09.27 14:01:33.513,1.12759,1.12789,1.13,1.50
2013.09.27 14:01:33.572,1.12758,1.12788,1.88,1.50
2013.09.27 14:01:33.633,1.12758,1.12788,1.50,1.50
2013.09.27 14:01:34.173,1.12756,1.1279,1.50,1.50
2013.09.27 14:01:34.293,1.12757,1.12792,2.25,1.88
2013.09.27 14:01:34.353,1.12761,1.12792,1.50,1.88
2013.09.27 14:01:34.713,1.12758,1.12792,2.25,1.13
2013.09.27 14:01:37.574,1.12757,1.12788,2.25,1.50
2013.09.27 14:01:37.936,1.12757,1.12786,2.25,1.50
2013.09.27 14:01:38.343,1.12757,1.12792,3.00,1.13
2013.09.27 14:01:38.838,1.12757,1.12792,3.00,1.13
2013.09.27 14:01:39.142,1.12759,1.12786,1.50,1.50
2013.09.27 14:01:40.103,1.12758,1.12786,1.50,1.50
2013.09.27 14:01:40.660,1.12757,1.12786,3.75,1.50
2013.09.27 14:01:42.752,1.1276,1.12786,1.50,1.50
2013.09.27 14:01:50.172,1.12758,1.12786,2.25,1.50
2013.09.27 14:01:50.231,1.12758,1.12786,1.50,1.50
2013.09.27 14:01:51.443,1.12758,1.12794,2.25,1.88
2013.09.27 14:02:03.092,1.12761,1.1279,1.50,1.50
2013.09.27 14:02:03.216,1.12761,1.12794,3.75,1.50
2013.09.27 14:02:04.001,1.12762,1.12798,1.50,1.88
2013.09.27 14:02:04.612,1.12762,1.12794,2.25,1.50
2013.09.27 14:02:06.875,1.12764,1.12794,2.25,1.50
2013.09.27 14:02:07.643,1.12764,1.12793,2.25,1.50
2013.09.27 14:02:08.122,1.12762,1.12792,1.50,1.50
2013.09.27 14:02:11.181,1.12759,1.12792,1.50,1.50
2013.09.27 14:02:11.712,1.12759,1.12789,1.50,1.50
2013.09.27 14:02:13.112,1.12761,1.12789,1.50,1.50
2013.09.27 14:02:14.283,1.1276,1.12789,1.50,1.50
2013.09.27 14:02:28.763,1.12761,1.12789,1.50,1.50
2013.09.27 14:02:32.096,1.12762,1.12792,2.25,1.50
2013.09.27 14:02:32.593,1.12765,1.12794,1.13,1.88
2013.09.27 14:02:32.892,1.12765,1.12791,1.13,1.50
2013.09.27 14:02:34.213,1.12763,1.12793,1.13,1.50
2013.09.27 14:02:35.944,1.12764,1.12791,1.13,1.50
2013.09.27 14:02:36.243,1.12762,1.12792,1.50,1.50
2013.09.27 14:02:36.544,1.12765,1.12792,1.50,1.50
2013.09.27 14:02:37.222,1.12765,1.12794,2.25,1.50
2013.09.27 14:02:38.212,1.12765,1.12794,1.50,1.50
2013.09.27 14:02:38.453,1.12767,1.12794,1.50,1.50
2013.09.27 14:02:38.632,1.12764,1.12791,1.50,1.50
2013.09.27 14:02:38.692,1.12762,1.12794,1.50,1.50
2013.09.27 14:02:39.813,1.12761,1.12794,2.25,1.50
2013.09.27 14:02:43.904,1.12765,1.12793,1.50,1.13
2013.09.27 14:02:44.863,1.12765,1.12791,1.50,1.13
2013.09.27 14:02:45.233,1.12765,1.12791,1.50,1.13
2013.09.27 14:02:45.534,1.12758,1.12791,1.50,2.63
2013.09.27 14:02:45.714,1.12756,1.12788,1.50,1.13
2013.09.27 14:02:45.833,1.12754,1.12788,1.88,1.13
2013.09.27 14:02:46.623,1.12756,1.12788,1.13,1.13
2013.09.27 14:02:47.572,1.12757,1.12788,1.50,1.13
2013.09.27 14:02:49.064,1.1276,1.12787,1.50,1.13
2013.09.27 14:02:49.184,1.1276,1.12789,1.50,1.88
2013.09.27 14:02:49.245,1.12761,1.12789,2.25,1.50
2013.09.27 14:02:49.303,1.12761,1.12789,2.25,1.50
2013.09.27 14:02:49.662,1.12763,1.12789,1.50,1.13
2013.09.27 14:02:50.182,1.12763,1.1279,1.50,1.13
2013.09.27 14:02:50.542,1.12761,1.12788,1.50,1.13
2013.09.27 14:02:50.865,1.12758,1.12785,1.50,1.13
2013.09.27 14:02:50.984,1.12758,1.12785,1.50,1.13
2013.09.27 14:02:51.242,1.12758,1.12789,1.50,1.88
2013.09.27 14:02:51.913,1.12758,1.12785,1.50,1.13
2013.09.27 14:02:52.944,1.12756,1.12786,1.50,1.13
2013.09.27 14:02:53.832,1.12754,1.12786,1.50,1.13
2013.09.27 14:02:54.925,1.12753,1.12785,1.50,1.50
2013.09.27 14:02:54.986,1.12752,1.12787,1.50,1.50
2013.09.27 14:02:55.342,1.12752,1.12783,3.00,1.50
2013.09.27 14:02:55.463,1.12754,1.12783,1.13,1.50
2013.09.27 14:02:55.822,1.12757,1.12786,1.50,1.13
2013.09.27 14:02:56.303,1.12755,1.12786,1.13,1.13
2013.09.27 14:02:56.841,1.12757,1.12786,1.50,1.13
2013.09.27 14:03:00.613,1.12757,1.12786,1.50,1.13
2013.09.27 14:03:01.394,1.12756,1.12787,1.50,1.50
2013.09.27 14:03:01.632,1.12754,1.12784,1.50,1.13
2013.09.27 14:03:02.172,1.12752,1.12784,1.50,1.13
2013.09.27 14:03:02.483,1.12752,1.12784,1.50,1.13
2013.09.27 14:03:02.803,1.12752,1.1278,1.50,1.13
2013.09.27 14:03:07.082,1.12749,1.12781,1.50,1.13
2013.09.27 14:03:07.914,1.12752,1.12783,1.50,1.88
2013.09.27 14:03:09.553,1.12749,1.12783,1.50,1.88
2013.09.27 14:03:11.192,1.12752,1.12783,1.50,1.88
2013.09.27 14:03:12.152,1.12752,1.12783,1.50,1.13
2013.09.27 14:03:13.352,1.12752,1.12783,1.50,1.88
2013.09.27 14:03:15.236,1.12749,1.12783,1.50,1.88
2013.09.27 14:03:16.993,1.12748,1.12778,1.50,1.88
2013.09.27 14:03:17.114,1.12744,1.12778,1.50,2.63
2013.09.27 14:03:17.172,1.12742,1.12778,1.50,3.38
2013.09.27 14:03:17.232,1.1274,1.12778,3.00,4.13
2013.09.27 14:03:17.772,1.12742,1.12778,2.25,1.13
2013.09.27 14:03:18.172,1.12746,1.12778,1.50,1.50
2013.09.27 14:03:18.814,1.12748,1.12782,1.50,1.13
2013.09.27 14:03:18.933,1.12749,1.12784,3.00,1.88
2013.09.27 14:03:19.112,1.12749,1.12782,3.00,1.50
2013.09.27 14:03:19.786,1.12749,1.12784,2.25,1.13
2013.09.27 14:03:19.874,1.12749,1.12783,3.00,1.88
2013.09.27 14:03:20.234,1.12747,1.12782,1.13,2.25
2013.09.27 14:03:20.473,1.12747,1.12777,1.88,1.13
2013.09.27 14:03:20.895,1.12744,1.12779,1.50,1.50
2013.09.27 14:03:20.953,1.12744,1.12777,1.13,1.13
2013.09.27 14:03:21.135,1.12743,1.12775,2.25,1.50
2013.09.27 14:03:23.962,1.12743,1.12775,1.50,1.50
2013.09.27 14:03:24.143,1.12743,1.12773,1.50,2.25
2013.09.27 14:03:24.702,1.12746,1.12773,1.50,2.25
2013.09.27 14:03:25.444,1.12746,1.12773,1.50,2.25
2013.09.27 14:03:25.973,1.12746,1.12772,1.50,1.50
2013.09.27 14:03:26.682,1.12746,1.12773,1.50,2.25
2013.09.27 14:03:27.304,1.12746,1.12772,1.50,1.50
2013.09.27 14:03:27.663,1.12743,1.12772,1.50,1.50
2013.09.27 14:03:36.912,1.12746,1.12775,1.50,1.50
2013.09.27 14:03:37.392,1.12747,1.12775,1.88,1.13
2013.09.27 14:03:37.453,1.12747,1.12777,1.88,3.00
2013.09.27 14:03:37.512,1.12747,1.12778,1.88,1.50
2013.09.27 14:03:37.572,1.12749,1.1278,1.50,1.50
2013.09.27 14:03:37.632,1.12747,1.12779,2.25,1.13
2013.09.27 14:03:38.173,1.1275,1.12779,1.50,1.13
2013.09.27 14:03:38.536,1.1275,1.12779,2.25,1.13
2013.09.27 14:03:39.634,1.1275,1.12778,2.25,1.13
2013.09.27 14:03:41.416,1.1275,1.12779,2.25,1.13
2013.09.27 14:03:44.112,1.1275,1.12778,2.25,1.13
2013.09.27 14:03:44.232,1.1275,1.12776,1.50,1.50
2013.09.27 14:03:44.293,1.12745,1.12776,1.50,1.50
2013.09.27 14:03:44.353,1.12745,1.12778,1.50,1.13
2013.09.27 14:03:44.532,1.12743,1.12778,3.00,1.88
2013.09.27 14:03:44.653,1.12747,1.12778,1.88,1.13
2013.09.27 14:03:44.712,1.12747,1.12778,1.50,1.13
2013.09.27 14:03:44.892,1.12747,1.12783,1.88,1.50
2013.09.27 14:03:45.315,1.12747,1.12783,1.50,1.88
2013.09.27 14:03:45.373,1.12747,1.12781,1.50,1.13
2013.09.27 14:03:46.383,1.12749,1.12777,1.50,1.50
2013.09.27 14:03:46.502,1.12744,1.12776,3.38,1.50
2013.09.27 14:03:46.682,1.12746,1.12776,1.50,1.50
2013.09.27 14:03:47.403,1.12741,1.12777,3.00,1.13
2013.09.27 14:03:47.464,1.12741,1.12779,3.00,3.75
2013.09.27 14:03:47.824,1.12743,1.12776,1.50,1.50
2013.09.27 14:03:49.594,1.12745,1.12778,1.13,2.25
2013.09.27 14:03:49.775,1.12749,1.12778,1.13,1.50
2013.09.27 14:03:49.834,1.12749,1.12779,1.13,1.50
2013.09.27 14:03:50.192,1.12749,1.12779,1.13,1.50
2013.09.27 14:03:50.733,1.12749,1.12782,1.13,1.50
2013.09.27 14:03:51.274,1.12749,1.12779,1.13,2.25
2013.09.27 14:03:52.754,1.12747,1.12779,2.25,1.50
2013.09.27 14:03:53.112,1.12747,1.12779,2.25,1.50
2013.09.27 14:03:53.882,1.1275,1.12779,1.50,1.13
2013.09.27 14:03:54.184,1.12747,1.12783,5.25,1.13
2013.09.27 14:03:54.303,1.12749,1.12783,1.50,1.13
2013.09.27 14:03:54.604,1.12748,1.12783,1.50,1.88
2013.09.27 14:03:54.723,1.12748,1.12783,1.50,2.63
2013.09.27 14:03:55.143,1.12748,1.12782,1.50,1.50
2013.09.27 14:03:57.896,1.12748,1.12783,1.50,1.88
2013.09.27 14:03:58.114,1.12748,1.12783,1.50,1.88
2013.09.27 14:03:58.413,1.12752,1.12778,1.50,1.50
2013.09.27 14:03:58.533,1.12752,1.12782,1.50,2.63
2013.09.27 14:03:58.652,1.12748,1.12782,2.25,2.63
2013.09.27 14:04:00.393,1.12748,1.12776,2.25,1.50
2013.09.27 14:04:00.513,1.12748,1.12776,1.50,1.50
2013.09.27 14:04:00.812,1.12748,1.12776,1.50,1.50
2013.09.27 14:04:01.112,1.12747,1.12776,2.25,1.50
2013.09.27 14:04:01.653,1.12747,1.12776,1.50,2.25
2013.09.27 14:04:02.958,1.12747,1.12778,2.25,1.50
2013.09.27 14:04:04.212,1.12747,1.12778,2.25,1.50
2013.09.27 14:04:04.332,1.12745,1.12777,1.50,1.50
2013.09.27 14:04:04.392,1.12742,1.12776,1.50,1.50
2013.09.27 14:04:04.513,1.1274,1.12774,1.13,1.50
2013.09.27 14:04:04.692,1.12737,1.12774,4.13,1.88
2013.09.27 14:04:05.052,1.1273,1.12767,1.50,1.50
2013.09.27 14:04:05.232,1.12731,1.12766,1.50,1.13
2013.09.27 14:04:05.592,1.12734,1.12769,1.50,1.50
2013.09.27 14:04:07.165,1.12736,1.12764,2.63,1.50
2013.09.27 14:04:07.462,1.12736,1.12769,1.88,1.50
2013.09.27 14:04:07.762,1.12738,1.12771,1.50,1.50
2013.09.27 14:04:13.663,1.12738,1.12773,1.50,1.50
2013.09.27 14:04:17.134,1.1274,1.12771,2.25,1.50
2013.09.27 14:04:17.437,1.12737,1.12767,1.50,1.50
2013.09.27 14:04:17.742,1.12741,1.12769,1.88,1.50
2013.09.27 14:04:18.102,1.12743,1.12769,2.25,1.50
2013.09.27 14:04:18.223,1.12745,1.12771,1.13,1.50
2013.09.27 14:04:18.283,1.12747,1.12771,1.50,1.50
2013.09.27 14:04:18.462,1.12745,1.12774,1.50,1.50
2013.09.27 14:04:22.017,1.12745,1.12774,1.50,1.50
2013.09.27 14:04:22.564,1.12745,1.12774,1.50,1.50
2013.09.27 14:04:22.922,1.12752,1.12779,1.50,1.50
2013.09.27 14:04:23.103,1.12745,1.12774,1.88,1.50
2013.09.27 14:04:23.583,1.12747,1.12774,1.88,1.50
2013.09.27 14:04:23.943,1.12749,1.12774,1.50,1.50
2013.09.27 14:04:24.003,1.12749,1.12774,1.13,1.50
2013.09.27 14:04:24.063,1.12746,1.12774,1.13,1.50
2013.09.27 14:04:25.151,1.12746,1.12774,1.13,1.50
2013.09.27 14:04:25.663,1.12746,1.12774,1.13,1.50
2013.09.27 14:04:25.723,1.12745,1.12774,1.13,1.50
2013.09.27 14:04:25.843,1.12745,1.12774,1.13,1.50
2013.09.27 14:04:25.963,1.12735,1.12773,2.25,1.50
2013.09.27 14:04:26.023,1.12736,1.12769,1.13,1.50
2013.09.27 14:04:26.146,1.1274,1.12769,1.13,1.50
2013.09.27 14:04:26.215,1.12744,1.12774,1.13,1.50
2013.09.27 14:04:26.275,1.12744,1.12774,1.13,1.50
2013.09.27 14:04:26.573,1.12746,1.12774,1.13,1.50
2013.09.27 14:04:27.081,1.12745,1.12774,2.25,1.50
2013.09.27 14:04:32.752,1.12744,1.12774,1.50,1.50
2013.09.27 14:04:34.275,1.12746,1.12773,1.13,1.50
2013.09.27 14:04:35.433,1.12747,1.12773,1.13,1.50
2013.09.27 14:04:35.674,1.12745,1.12774,1.13,1.50
2013.09.27 14:04:35.735,1.12746,1.12774,1.88,1.50
2013.09.27 14:04:36.103,1.12746,1.12777,3.38,1.50
2013.09.27 14:04:38.604,1.12742,1.12772,1.50,1.50
2013.09.27 14:04:38.845,1.1274,1.12772,1.50,1.50
2013.09.27 14:04:38.965,1.12743,1.12774,1.50,1.50
2013.09.27 14:04:39.293,1.1274,1.12772,1.50,1.50
2013.09.27 14:04:39.413,1.12741,1.12774,1.50,1.88
2013.09.27 14:04:39.652,1.1274,1.12772,1.50,1.50
2013.09.27 14:04:40.483,1.12743,1.12772,1.50,1.50
2013.09.27 14:04:41.024,1.12741,1.12772,1.50,1.50
2013.09.27 14:04:41.143,1.12741,1.12774,2.25,2.25
2013.09.27 14:04:41.443,1.12743,1.12772,1.13,1.50
2013.09.27 14:04:41.744,1.12744,1.12772,1.88,1.50
2013.09.27 14:04:41.933,1.12744,1.12773,1.88,1.50
2013.09.27 14:04:42.682,1.12745,1.12777,2.63,1.50
2013.09.27 14:04:42.923,1.12745,1.12773,1.50,1.50
2013.09.27 14:04:43.043,1.12743,1.12773,1.13,1.50
2013.09.27 14:04:46.413,1.12742,1.12768,2.25,1.13
2013.09.27 14:04:46.713,1.12741,1.12768,2.25,1.13
2013.09.27 14:04:46.833,1.1274,1.12768,1.50,1.32
2013.09.27 14:04:46.893,1.1274,1.12768,1.50,1.13
2013.09.27 14:04:47.073,1.12741,1.1277,1.50,1.13
2013.09.27 14:04:47.132,1.12741,1.1277,1.50,1.13
2013.09.27 14:04:47.433,1.12741,1.12775,1.50,1.69
2013.09.27 14:04:52.937,1.12742,1.12775,2.07,1.50
2013.09.27 14:04:53.184,1.12747,1.12778,1.13,1.50
2013.09.27 14:04:53.822,1.12746,1.12781,1.50,1.13
2013.09.27 14:04:54.004,1.1275,1.12779,1.50,1.50
2013.09.27 14:04:54.122,1.12749,1.12778,1.50,1.50
2013.09.27 14:04:54.482,1.12749,1.12781,1.50,1.13
2013.09.27 14:04:55.882,1.12749,1.1278,2.25,1.50
2013.09.27 14:04:56.242,1.12751,1.1278,1.50,1.50
2013.09.27 14:04:56.815,1.12751,1.1278,1.50,1.50
2013.09.27 14:04:57.323,1.12751,1.1278,2.25,1.50
2013.09.27 14:04:57.844,1.12751,1.1278,2.25,1.50
2013.09.27 14:04:58.262,1.12751,1.12781,2.25,1.13
2013.09.27 14:04:58.382,1.12751,1.1278,1.50,1.50
2013.09.27 14:04:58.442,1.1275,1.1278,1.50,1.50
2013.09.27 14:04:58.683,1.12739,1.12774,1.88,2.25
2013.09.27 14:04:58.802,1.12739,1.12774,1.50,2.25
2013.09.27 14:04:59.243,1.12739,1.12774,2.25,1.50
2013.09.27 14:04:59.673,1.12739,1.12774,3.00,2.25
2013.09.27 14:05:00.372,1.12739,1.12774,2.25,2.25
2013.09.27 14:05:00.813,1.12737,1.12768,3.38,1.50
2013.09.27 14:05:01.593,1.12737,1.12768,1.13,2.07
2013.09.27 14:05:01.715,1.12732,1.12768,2.44,2.82
2013.09.27 14:05:02.073,1.12737,1.12768,1.88,1.69
2013.09.27 14:05:04.004,1.12737,1.12765,1.50,1.50
2013.09.27 14:05:04.124,1.12735,1.12765,1.50,1.50
2013.09.27 14:05:04.663,1.12735,1.12763,1.50,1.50
2013.09.27 14:05:04.903,1.12729,1.12763,1.13,2.07
2013.09.27 14:05:04.963,1.12728,1.12757,1.88,1.13
2013.09.27 14:05:06.266,1.12729,1.12755,1.13,1.32
2013.09.27 14:05:06.355,1.12729,1.12755,1.13,2.07
2013.09.27 14:05:06.414,1.12728,1.12753,1.50,1.32
2013.09.27 14:05:06.775,1.12726,1.1275,1.50,1.88
2013.09.27 14:05:07.724,1.12726,1.1275,1.13,1.13
2013.09.27 14:05:08.232,1.12724,1.1275,1.50,1.13
2013.09.27 14:05:08.538,1.12719,1.1275,3.00,1.13
2013.09.27 14:05:08.664,1.12719,1.12749,1.13,1.13
2013.09.27 14:05:08.783,1.12718,1.12749,3.00,1.13
2013.09.27 14:05:08.844,1.12718,1.12749,1.88,1.13
2013.09.27 14:05:08.903,1.12718,1.12749,1.50,1.13
2013.09.27 14:05:09.024,1.12718,1.12749,2.25,1.13
2013.09.27 14:05:09.082,1.12718,1.12749,3.00,1.13
2013.09.27 14:05:09.623,1.12721,1.1275,1.88,1.13
2013.09.27 14:05:09.963,1.1272,1.12748,1.50,1.13
2013.09.27 14:05:11.884,1.12722,1.1275,1.13,1.13
2013.09.27 14:05:12.404,1.12722,1.12751,1.50,1.50
2013.09.27 14:05:12.524,1.12723,1.12751,1.13,1.13
2013.09.27 14:05:13.072,1.12724,1.12756,1.50,1.13
2013.09.27 14:05:15.653,1.12722,1.12751,1.88,1.13
2013.09.27 14:05:15.773,1.12722,1.12747,1.13,2.25
2013.09.27 14:05:16.013,1.1272,1.12748,1.13,1.13
2013.09.27 14:05:16.614,1.12722,1.12752,1.50,1.13
2013.09.27 14:05:18.196,1.12722,1.12753,1.50,1.88
2013.09.27 14:05:19.314,1.12722,1.12751,1.13,1.50
2013.09.27 14:05:19.674,1.12722,1.12751,3.00,1.50
2013.09.27 14:05:19.973,1.12722,1.12751,1.50,1.50
2013.09.27 14:05:20.553,1.12722,1.12751,1.50,1.50
2013.09.27 14:05:23.933,1.12722,1.12752,1.88,1.69
2013.09.27 14:05:24.063,1.12722,1.12751,1.13,1.50
2013.09.27 14:05:24.183,1.12722,1.12751,1.13,1.50
2013.09.27 14:05:25.189,1.12722,1.12754,2.25,2.07
2013.09.27 14:05:25.264,1.12719,1.12751,3.00,1.88
2013.09.27 14:05:25.393,1.12723,1.12751,1.50,1.13
2013.09.27 14:05:25.872,1.12722,1.12751,2.25,1.88
2013.09.27 14:05:26.414,1.12723,1.12753,2.63,1.50
2013.09.27 14:05:26.932,1.12723,1.12753,1.50,1.50
2013.09.27 14:05:27.511,1.12723,1.12753,1.50,1.50
2013.09.27 14:05:27.575,1.12723,1.12756,1.50,2.07
2013.09.27 14:05:28.122,1.12723,1.12753,2.25,1.50
2013.09.27 14:05:28.643,1.12724,1.12753,1.50,1.50
2013.09.27 14:05:28.703,1.12723,1.12751,2.25,1.13
2013.09.27 14:05:28.883,1.12719,1.12746,1.50,1.50
2013.09.27 14:05:29.723,1.12718,1.12747,2.63,1.50
2013.09.27 14:05:30.272,1.12718,1.12747,3.00,1.50
2013.09.27 14:05:31.013,1.12719,1.12748,2.44,1.13
2013.09.27 14:05:31.075,1.12722,1.12749,1.32,1.50
2013.09.27 14:05:31.624,1.12722,1.12749,2.44,1.50
2013.09.27 14:05:31.803,1.12724,1.12757,2.07,1.13
2013.09.27 14:05:32.042,1.12727,1.12757,2.44,1.13
2013.09.27 14:05:32.103,1.12727,1.1276,2.82,1.50
2013.09.27 14:05:32.716,1.12727,1.12758,2.82,1.50
2013.09.27 14:05:33.982,1.12727,1.12758,2.44,1.50
2013.09.27 14:05:34.464,1.12725,1.12758,2.44,1.50
2013.09.27 14:05:35.795,1.12725,1.12758,1.69,1.50
2013.09.27 14:05:36.773,1.12727,1.12758,2.07,1.50
2013.09.27 14:05:37.013,1.12727,1.12758,1.32,1.13
2013.09.27 14:05:37.073,1.12728,1.12758,1.13,1.13
2013.09.27 14:05:37.552,1.12727,1.12759,2.07,1.50
2013.09.27 14:05:38.074,1.12727,1.12759,2.07,1.50
2013.09.27 14:05:38.652,1.12727,1.12759,2.07,1.50
2013.09.27 14:05:39.186,1.12727,1.12759,1.69,1.88
2013.09.27 14:05:40.307,1.12726,1.12759,2.44,1.88
2013.09.27 14:05:41.255,1.12727,1.12759,1.69,1.88
2013.09.27 14:05:41.613,1.12728,1.12759,2.25,1.50
2013.09.27 14:05:46.762,1.12729,1.12754,1.69,1.50
2013.09.27 14:05:47.902,1.12729,1.12754,1.69,1.50
2013.09.27 14:05:50.563,1.12729,1.12754,1.69,1.50
2013.09.27 14:05:52.072,1.12728,1.12754,2.44,1.50
2013.09.27 14:05:53.512,1.12729,1.12759,2.82,1.50
2013.09.27 14:05:54.052,1.1273,1.12759,1.50,1.50
2013.09.27 14:06:01.562,1.12728,1.12754,1.69,1.50
2013.09.27 14:06:03.025,1.12726,1.12754,1.69,1.50
2013.09.27 14:06:03.863,1.12727,1.12754,1.69,1.50
2013.09.27 14:06:04.113,1.12728,1.12754,1.69,1.50
2013.09.27 14:06:05.454,1.12729,1.12758,1.69,1.50
2013.09.27 14:06:05.813,1.12731,1.12758,1.50,1.50
2013.09.27 14:06:06.117,1.12728,1.12758,1.69,1.50
2013.09.27 14:06:08.504,1.12731,1.12754,1.50,1.50
2013.09.27 14:06:08.624,1.12728,1.12754,2.25,1.50
2013.09.27 14:06:09.162,1.12729,1.12754,1.50,1.50
2013.09.27 14:06:09.353,1.12729,1.12758,1.50,1.50
2013.09.27 14:06:09.882,1.12727,1.12758,1.50,1.50
2013.09.27 14:06:13.615,1.12725,1.12754,2.44,1.50
2013.09.27 14:06:13.913,1.12725,1.12754,2.44,1.50
2013.09.27 14:06:14.442,1.12725,1.12754,2.25,1.50
2013.09.27 14:06:14.682,1.12725,1.12754,1.50,1.50
2013.09.27 14:06:14.802,1.12722,1.12754,2.44,1.50
2013.09.27 14:06:16.482,1.12722,1.12751,3.19,1.50
2013.09.27 14:06:16.793,1.12723,1.12751,2.44,1.50
2013.09.27 14:06:16.975,1.12726,1.12755,1.50,1.50
2013.09.27 14:06:17.274,1.12727,1.12759,1.69,1.50
2013.09.27 14:06:18.023,1.12728,1.12759,1.69,1.50
2013.09.27 14:06:18.794,1.12728,1.12759,1.69,1.50
2013.09.27 14:06:19.093,1.12725,1.12755,1.69,1.50
2013.09.27 14:06:21.784,1.12725,1.12755,1.69,1.50
2013.09.27 14:06:22.489,1.12725,1.12755,2.44,1.50
2013.09.27 14:06:24.963,1.12725,1.12758,1.50,1.69
2013.09.27 14:06:25.082,1.12722,1.12758,1.69,3.19
2013.09.27 14:06:25.735,1.12721,1.12755,2.44,1.50
2013.09.27 14:06:26.462,1.12723,1.12755,1.69,1.50
2013.09.27 14:06:26.998,1.12725,1.12755,1.69,1.50
2013.09.27 14:06:28.313,1.12725,1.12758,2.44,1.69
2013.09.27 14:06:29.104,1.12725,1.12759,1.69,1.50
2013.09.27 14:06:29.295,1.12721,1.12755,2.44,1.13
2013.09.27 14:06:29.724,1.12721,1.12758,3.57,2.44
2013.09.27 14:06:30.262,1.12724,1.12757,1.32,1.50
2013.09.27 14:06:30.325,1.12723,1.12757,1.69,1.50
2013.09.27 14:06:30.863,1.12723,1.12749,2.44,1.50
2013.09.27 14:06:32.095,1.12724,1.12754,2.44,1.50
2013.09.27 14:06:33.284,1.12728,1.12749,1.50,1.50
2013.09.27 14:06:34.313,1.12729,1.12749,1.50,1.50
2013.09.27 14:06:35.233,1.12728,1.12753,1.50,1.50
2013.09.27 14:06:35.783,1.12729,1.12753,1.50,1.69
2013.09.27 14:06:36.326,1.12724,1.12756,1.88,1.69
2013.09.27 14:06:36.694,1.12724,1.12753,1.88,3.00
2013.09.27 14:06:36.754,1.12724,1.12753,1.32,2.25
2013.09.27 14:06:36.873,1.12724,1.12754,2.82,1.50
2013.09.27 14:06:36.932,1.12724,1.12754,1.32,1.50
2013.09.27 14:06:37.953,1.12724,1.12754,1.32,1.50
2013.09.27 14:06:38.253,1.12726,1.12754,1.50,1.50
2013.09.27 14:06:38.614,1.12724,1.12754,1.32,1.50
2013.09.27 14:06:38.672,1.12723,1.12754,2.07,2.25
2013.09.27 14:06:38.913,1.12727,1.12754,1.50,1.50
2013.09.27 14:06:39.474,1.12727,1.12754,1.69,1.50
2013.09.27 14:06:40.422,1.12727,1.12757,1.69,1.50
2013.09.27 14:06:40.983,1.12727,1.12757,2.44,1.50
2013.09.27 14:06:41.044,1.12728,1.12757,1.69,1.50
2013.09.27 14:06:42.564,1.12727,1.12757,1.69,1.50
2013.09.27 14:06:43.122,1.12728,1.12754,1.69,1.50
2013.09.27 14:06:43.426,1.12729,1.12754,1.50,1.50
2013.09.27 14:06:43.973,1.12728,1.1275,1.50,1.50
2013.09.27 14:06:44.695,1.12729,1.1275,1.50,1.50
2013.09.27 14:06:45.582,1.12728,1.1275,1.50,1.50
2013.09.27 14:06:46.157,1.12729,1.1275,1.50,1.50
2013.09.27 14:06:47.104,1.12729,1.1275,1.50,1.50
2013.09.27 14:06:47.403,1.12728,1.12753,1.50,1.50
2013.09.27 14:06:48.092,1.12728,1.12753,1.50,1.50
2013.09.27 14:06:48.713,1.12729,1.12754,1.50,1.50
2013.09.27 14:06:49.365,1.12728,1.12754,1.50,1.88
2013.09.27 14:06:49.663,1.12728,1.1275,1.50,1.50
2013.09.27 14:06:49.783,1.12722,1.1275,1.69,1.50
2013.09.27 14:06:51.155,1.12722,1.1275,1.69,1.50
2013.09.27 14:06:51.396,1.12724,1.12751,1.32,1.50
2013.09.27 14:06:51.573,1.12728,1.12752,1.50,1.13
2013.09.27 14:06:52.092,1.12728,1.12751,1.50,1.50
2013.09.27 14:06:52.745,1.12728,1.12751,1.50,1.50
2013.09.27 14:06:53.443,1.12729,1.1275,1.50,1.50
2013.09.27 14:06:53.952,1.12728,1.1275,1.50,1.50
2013.09.27 14:06:54.462,1.12728,1.1275,1.50,1.50
2013.09.27 14:06:55.412,1.12729,1.1275,1.50,2.25
2013.09.27 14:06:55.952,1.12728,1.1275,1.50,1.50
2013.09.27 14:06:56.012,1.12724,1.1275,1.50,1.50
2013.09.27 14:06:56.876,1.12724,1.1275,1.50,1.50
2013.09.27 14:06:57.471,1.12723,1.1275,1.50,1.50
2013.09.27 14:06:57.594,1.12723,1.1275,1.50,1.50
2013.09.27 14:06:58.122,1.12724,1.1275,1.50,1.50
2013.09.27 14:06:59.303,1.12723,1.1275,1.69,1.50
2013.09.27 14:06:59.829,1.12724,1.12749,1.69,1.50
2013.09.27 14:06:59.895,1.12724,1.12749,1.69,1.50
2013.09.27 14:07:00.263,1.12724,1.1275,1.50,1.50
2013.09.27 14:07:00.862,1.12728,1.1275,1.50,1.50
2013.09.27 14:07:01.525,1.12728,1.1275,1.50,1.50
2013.09.27 14:07:02.155,1.12727,1.1275,1.50,1.50
2013.09.27 14:07:02.771,1.12728,1.1275,1.50,1.50
2013.09.27 14:07:03.592,1.12727,1.1275,1.50,1.50
2013.09.27 14:07:04.371,1.12728,1.1275,1.50,1.50
2013.09.27 14:07:05.112,1.12719,1.1275,2.44,1.50
2013.09.27 14:07:05.172,1.12719,1.1275,1.69,1.50
2013.09.27 14:07:12.584,1.12718,1.1275,1.69,1.50
2013.09.27 14:07:13.263,1.12719,1.1275,3.19,1.50
2013.09.27 14:07:13.813,1.12718,1.1275,2.44,1.50
2013.09.27 14:07:14.173,1.12717,1.12748,1.69,1.50
2013.09.27 14:07:15.502,1.12717,1.12748,1.69,1.50
2013.09.27 14:07:18.934,1.12718,1.12752,1.69,1.50
2013.09.27 14:07:19.752,1.12721,1.12754,1.69,1.50
2013.09.27 14:07:19.874,1.12721,1.12754,2.25,1.69
2013.09.27 14:07:20.642,1.12721,1.12754,1.69,1.50
2013.09.27 14:07:20.702,1.12721,1.12755,1.69,1.13
2013.09.27 14:07:23.323,1.12722,1.12756,1.69,1.32
2013.09.27 14:07:23.443,1.12721,1.12754,2.44,1.50
2013.09.27 14:07:23.624,1.12722,1.12756,1.69,1.32
2013.09.27 14:07:26.192,1.12724,1.12754,1.32,1.13
2013.09.27 14:07:26.552,1.12728,1.12758,1.50,2.44
2013.09.27 14:07:27.382,1.12726,1.12759,1.69,1.13
2013.09.27 14:07:27.634,1.12727,1.12753,1.32,1.50
2013.09.27 14:07:27.754,1.12726,1.12751,1.69,1.13
2013.09.27 14:07:28.052,1.12729,1.12754,1.69,1.50
2013.09.27 14:07:32.363,1.12727,1.12753,2.07,1.50
2013.09.27 14:07:32.544,1.12727,1.12753,1.32,1.50
2013.09.27 14:07:32.722,1.12729,1.12759,1.32,1.50
2013.09.27 14:07:33.316,1.12729,1.12759,1.32,1.50
2013.09.27 14:07:37.094,1.1273,1.12762,1.69,1.13
2013.09.27 14:07:37.155,1.12734,1.12763,1.32,1.88
2013.09.27 14:07:37.513,1.12738,1.12767,2.07,1.50
2013.09.27 14:07:37.695,1.12743,1.12772,2.07,1.50
2013.09.27 14:07:37.755,1.12748,1.12772,1.13,1.50
2013.09.27 14:07:38.114,1.12749,1.12773,1.50,2.25
2013.09.27 14:07:38.473,1.12744,1.12763,1.50,1.88
2013.09.27 14:07:38.592,1.12737,1.12765,2.44,1.50
2013.09.27 14:07:38.652,1.12737,1.12765,1.69,1.88
2013.09.27 14:07:39.015,1.12729,1.12763,1.69,3.00
2013.09.27 14:07:39.552,1.12731,1.12759,2.44,1.50
2013.09.27 14:07:41.356,1.12731,1.12759,1.69,1.50
2013.09.27 14:07:41.484,1.12732,1.12759,1.32,1.50
2013.09.27 14:07:41.663,1.1273,1.12759,1.69,1.50
2013.09.27 14:07:42.023,1.12727,1.12759,1.69,1.50
2013.09.27 14:07:42.343,1.12727,1.12759,1.69,1.50
2013.09.27 14:07:43.193,1.12724,1.12758,1.69,1.50
2013.09.27 14:07:43.312,1.12723,1.12758,1.69,1.69
2013.09.27 14:07:43.492,1.12724,1.12758,2.44,1.50
2013.09.27 14:07:44.032,1.12722,1.12758,3.19,1.50
2013.09.27 14:07:45.716,1.12728,1.12759,1.69,2.44
2013.09.27 14:07:45.788,1.12729,1.12762,1.50,1.69
2013.09.27 14:07:46.322,1.12729,1.12765,1.50,1.69
2013.09.27 14:07:46.566,1.12728,1.12764,1.50,1.69
2013.09.27 14:07:47.664,1.12727,1.1276,2.44,1.50
2013.09.27 14:07:47.783,1.12729,1.1276,1.69,1.50
2013.09.27 14:07:48.202,1.12729,1.1276,1.69,1.50
2013.09.27 14:07:48.742,1.12729,1.1276,1.69,1.50
2013.09.27 14:07:48.862,1.12729,1.12764,2.44,2.44
2013.09.27 14:07:48.922,1.12729,1.1276,1.50,1.69
2013.09.27 14:07:52.574,1.12729,1.1276,1.50,1.69
2013.09.27 14:07:53.082,1.12729,1.1276,1.50,1.88
2013.09.27 14:07:54.194,1.12729,1.1276,2.25,2.44
2013.09.27 14:07:54.433,1.12729,1.1276,2.25,2.44
2013.09.27 14:07:54.793,1.12728,1.1276,1.50,1.88
2013.09.27 14:07:58.693,1.12728,1.12759,1.69,1.13
2013.09.27 14:07:58.833,1.12728,1.12759,1.69,1.13
2013.09.27 14:08:00.904,1.12729,1.12759,1.69,1.13
2013.09.27 14:08:02.033,1.12729,1.1276,1.69,1.88
2013.09.27 14:08:02.153,1.12729,1.1276,1.69,1.88
2013.09.27 14:08:03.867,1.12728,1.1276,1.69,1.88
2013.09.27 14:08:04.178,1.12729,1.1276,1.69,1.50
2013.09.27 14:08:06.384,1.12729,1.1276,1.50,1.50
2013.09.27 14:08:06.443,1.12726,1.1276,1.69,2.25
2013.09.27 14:08:06.985,1.12727,1.12757,1.32,1.50
2013.09.27 14:08:09.502,1.12727,1.12757,1.32,1.50
2013.09.27 14:08:10.583,1.12726,1.12752,3.00,1.13
2013.09.27 14:08:10.764,1.12719,1.1275,1.13,1.50
2013.09.27 14:08:11.243,1.12717,1.12747,1.13,2.63
2013.09.27 14:08:14.016,1.12716,1.12745,1.88,1.50
2013.09.27 14:08:14.714,1.12717,1.12745,1.50,1.69
2013.09.27 14:08:14.773,1.12717,1.12746,1.50,2.07
2013.09.27 14:08:16.096,1.12719,1.12746,1.88,1.69
2013.09.27 14:08:17.934,1.12719,1.12745,1.13,1.69
2013.09.27 14:08:19.592,1.12718,1.12745,1.13,1.69
2013.09.27 14:08:20.102,1.12718,1.12744,1.13,2.07
2013.09.27 14:08:20.402,1.12714,1.1274,2.63,1.50
2013.09.27 14:08:20.582,1.12717,1.12742,1.50,2.25
2013.09.27 14:08:20.822,1.12711,1.12737,2.25,1.32
2013.09.27 14:08:21.484,1.12708,1.12741,2.34,1.32
2013.09.27 14:08:21.853,1.12711,1.12738,1.50,1.13
2013.09.27 14:08:25.924,1.12708,1.12738,1.59,1.88
2013.09.27 14:08:25.986,1.1271,1.12738,1.50,1.88
2013.09.27 14:08:26.413,1.12711,1.12738,1.13,1.13
2013.09.27 14:08:26.833,1.12712,1.1274,1.50,1.50
2013.09.27 14:08:26.953,1.12712,1.1274,1.43,1.50
2013.09.27 14:08:27.135,1.12714,1.12747,1.50,1.69
2013.09.27 14:08:27.553,1.12719,1.12748,1.05,1.69
2013.09.27 14:08:27.673,1.12719,1.12748,1.05,1.69
2013.09.27 14:08:29.395,1.12713,1.12744,2.25,1.13
2013.09.27 14:08:29.696,1.12713,1.12736,1.13,1.13
2013.09.27 14:08:29.815,1.12713,1.12742,1.13,1.69
2013.09.27 14:08:29.936,1.12713,1.12743,1.13,2.82
2013.09.27 14:08:30.493,1.1271,1.12739,1.13,1.69
2013.09.27 14:08:30.755,1.12714,1.12741,1.13,1.69
2013.09.27 14:08:31.148,1.1271,1.12739,1.13,1.50
2013.09.27 14:08:32.889,1.1271,1.12739,1.13,1.50
2013.09.27 14:08:33.394,1.12711,1.12742,1.13,1.69
2013.09.27 14:08:33.574,1.12711,1.12741,1.13,1.69
2013.09.27 14:08:34.323,1.12711,1.12736,1.13,1.13
2013.09.27 14:08:34.444,1.12711,1.12736,1.13,1.13
2013.09.27 14:08:34.982,1.1271,1.12737,1.88,1.69
2013.09.27 14:08:35.497,1.12711,1.12736,1.13,1.13
2013.09.27 14:08:35.863,1.12711,1.12737,1.13,2.44
2013.09.27 14:08:36.504,1.12711,1.12736,1.13,1.88
2013.09.27 14:08:37.022,1.12708,1.12739,1.59,3.57
2013.09.27 14:08:37.874,1.12709,1.12743,1.78,1.88
2013.09.27 14:08:37.932,1.12709,1.12742,1.78,1.50
2013.09.27 14:08:39.633,1.12708,1.12742,1.59,1.32
2013.09.27 14:08:39.873,1.12708,1.12741,1.59,1.69
2013.09.27 14:08:40.236,1.12709,1.12741,1.77,1.69
2013.09.27 14:08:41.673,1.12709,1.12742,2.52,1.50
2013.09.27 14:08:43.568,1.12713,1.12743,1.13,1.13
2013.09.27 14:08:44.402,1.12709,1.12742,1.02,1.50
2013.09.27 14:08:44.843,1.1271,1.1274,1.02,1.50
2013.09.27 14:08:45.933,1.12712,1.12745,1.50,1.13
2013.09.27 14:08:46.356,1.1271,1.12741,1.77,1.69
2013.09.27 14:08:47.392,1.12709,1.12738,1.02,1.50
2013.09.27 14:08:48.033,1.1271,1.12738,1.02,1.50
2013.09.27 14:08:49.862,1.12706,1.12738,1.22,2.25
2013.09.27 14:08:49.982,1.12706,1.12738,1.22,2.25
2013.09.27 14:08:53.857,1.12706,1.12734,1.22,1.50
2013.09.27 14:08:54.758,1.12708,1.12736,1.22,2.25
2013.09.27 14:08:54.899,1.12708,1.12736,1.22,2.25
2013.09.27 14:08:55.414,1.1271,1.12736,1.13,1.50
2013.09.27 14:08:56.146,1.12707,1.12736,1.97,2.25
2013.09.27 14:08:56.755,1.12707,1.12736,1.97,2.25
2013.09.27 14:08:57.293,1.12707,1.12736,1.97,1.50
2013.09.27 14:08:57.822,1.12707,1.12736,1.97,2.25
2013.09.27 14:08:58.332,1.1271,1.12736,1.13,2.25
2013.09.27 14:08:58.684,1.12707,1.12736,1.78,2.25
2013.09.27 14:08:58.804,1.12707,1.12736,2.53,1.50
2013.09.27 14:08:58.985,1.12707,1.12735,1.59,1.13
2013.09.27 14:08:59.104,1.12706,1.12726,3.09,1.50
2013.09.27 14:08:59.653,1.12706,1.12726,3.09,1.50
2013.09.27 14:09:00.593,1.12706,1.12727,3.09,1.50
2013.09.27 14:09:01.012,1.12707,1.12727,1.59,1.50
2013.09.27 14:09:01.834,1.12707,1.12726,1.59,1.50
2013.09.27 14:09:02.132,1.12707,1.12726,1.59,1.50
2013.09.27 14:09:02.692,1.12707,1.12726,1.59,1.50
2013.09.27 14:09:03.392,1.12705,1.12727,1.22,1.88
2013.09.27 14:09:03.939,1.12703,1.12726,1.40,1.50
2013.09.27 14:09:04.473,1.12703,1.12726,1.40,1.50
2013.09.27 14:09:04.653,1.12702,1.12725,1.59,1.50
2013.09.27 14:09:04.953,1.12707,1.12731,1.59,1.50
2013.09.27 14:09:05.012,1.12707,1.12734,1.59,1.50
2013.09.27 14:09:05.133,1.12706,1.1274,1.22,2.07
2013.09.27 14:09:05.193,1.12705,1.12735,2.34,1.69
2013.09.27 14:09:06.048,1.12705,1.1273,1.59,1.50
2013.09.27 14:09:06.576,1.12703,1.12738,1.03,2.25
2013.09.27 14:09:12.143,1.12708,1.1274,1.22,1.69
2013.09.27 14:09:12.323,1.12708,1.12737,1.22,2.25
2013.09.27 14:09:12.443,1.12708,1.12734,1.22,1.50
2013.09.27 14:09:12.504,1.12708,1.12734,1.22,1.50
2013.09.27 14:09:12.683,1.12701,1.12734,1.97,1.50
2013.09.27 14:09:13.224,1.12701,1.12735,1.59,2.25
2013.09.27 14:09:13.784,1.12703,1.12738,1.22,3.19
2013.09.27 14:09:15.797,1.12703,1.12738,1.22,2.44
2013.09.27 14:09:16.463,1.12702,1.12738,1.22,3.19
2013.09.27 14:09:18.309,1.12702,1.12738,1.22,3.19
2013.09.27 14:09:19.066,1.12705,1.12739,1.97,1.69
2013.09.27 14:09:19.563,1.12705,1.12739,1.59,1.69
2013.09.27 14:09:19.983,1.12707,1.1274,2.15,1.13
2013.09.27 14:09:20.103,1.12707,1.12742,2.90,1.32
2013.09.27 14:09:20.222,1.1271,1.12743,1.50,1.50
2013.09.27 14:09:20.342,1.1271,1.12746,1.50,1.69
2013.09.27 14:09:20.583,1.12709,1.12744,2.72,1.50
2013.09.27 14:09:21.165,1.12711,1.12743,1.50,1.50
2013.09.27 14:09:22.444,1.12709,1.12743,1.97,2.25
2013.09.27 14:09:22.803,1.12711,1.12743,1.50,1.50
2013.09.27 14:09:23.402,1.12711,1.12743,1.50,1.69
2013.09.27 14:09:24.214,1.12711,1.12742,1.50,1.69
2013.09.27 14:09:24.274,1.12711,1.12742,1.50,1.69
2013.09.27 14:09:24.586,1.12712,1.12743,2.25,1.50
2013.09.27 14:09:24.705,1.12714,1.12748,1.88,2.25
2013.09.27 14:09:25.433,1.12715,1.12744,3.38,1.50
2013.09.27 14:09:25.980,1.12715,1.12744,1.13,1.50
2013.09.27 14:09:26.303,1.12714,1.12749,2.25,1.69
2013.09.27 14:09:29.164,1.12715,1.12744,1.50,1.50
2013.09.27 14:09:29.284,1.12715,1.12748,1.50,2.07
2013.09.27 14:09:29.646,1.12718,1.12748,2.25,1.50
2013.09.27 14:09:29.833,1.12718,1.12748,2.25,1.50
2013.09.27 14:09:29.893,1.12718,1.12752,2.25,2.44
2013.09.27 14:09:33.522,1.12718,1.12749,2.25,1.50
2013.09.27 14:09:36.074,1.12718,1.12751,1.50,1.50
2013.09.27 14:09:36.192,1.12717,1.12754,1.50,3.57
2013.09.27 14:09:38.463,1.12717,1.12749,1.50,1.50
2013.09.27 14:09:40.213,1.12718,1.12749,1.50,1.50
2013.09.27 14:09:41.184,1.12722,1.12749,1.13,1.50
2013.09.27 14:09:41.483,1.1272,1.12749,2.25,1.50
2013.09.27 14:09:44.054,1.12726,1.12749,1.50,1.50
2013.09.27 14:09:44.413,1.12719,1.12749,2.63,1.50
2013.09.27 14:09:44.593,1.12714,1.12749,1.32,1.50
2013.09.27 14:09:47.673,1.12716,1.12749,2.25,2.44
2013.09.27 14:09:48.019,1.12716,1.12749,1.50,1.69
2013.09.27 14:09:48.794,1.12716,1.12749,2.25,1.69
2013.09.27 14:09:52.714,1.12712,1.12746,2.44,1.50
2013.09.27 14:09:52.836,1.12712,1.12748,2.25,1.69
2013.09.27 14:09:52.954,1.12712,1.12748,2.25,1.69
2013.09.27 14:09:53.196,1.12716,1.12749,1.50,2.44
2013.09.27 14:09:53.906,1.12716,1.12749,1.50,2.44
2013.09.27 14:09:53.983,1.12715,1.12745,1.50,1.50
2013.09.27 14:09:59.084,1.12715,1.12745,1.69,1.50
2013.09.27 14:09:59.833,1.12715,1.12745,1.69,1.50
2013.09.27 14:10:00.073,1.12713,1.12744,2.07,1.50
2013.09.27 14:10:01.263,1.12715,1.12745,1.50,1.50
2013.09.27 14:10:01.803,1.12713,1.12743,1.32,1.13
2013.09.27 14:10:01.863,1.12712,1.12741,2.14,1.50
2013.09.27 14:10:02.224,1.127,1.12733,1.29,1.13
2013.09.27 14:10:02.824,1.12702,1.12733,1.10,1.13
2013.09.27 14:10:02.945,1.127,1.12733,1.03,1.13
2013.09.27 14:10:04.002,1.12702,1.12733,1.59,1.88
2013.09.27 14:10:04.553,1.12703,1.12733,2.15,1.13
2013.09.27 14:10:05.073,1.12703,1.12733,2.72,1.13
2013.09.27 14:10:06.283,1.12703,1.12733,2.72,1.13
2013.09.27 14:10:07.113,1.12708,1.12738,1.22,1.88
2013.09.27 14:10:07.172,1.1271,1.12738,1.50,1.13
2013.09.27 14:10:07.532,1.1271,1.12741,1.50,1.50
2013.09.27 14:10:08.165,1.1271,1.12739,1.88,1.50
2013.09.27 14:10:09.502,1.1271,1.12739,1.50,1.88
2013.09.27 14:10:10.052,1.1271,1.12739,1.50,3.00
2013.09.27 14:10:11.522,1.1271,1.12737,1.50,1.13
2013.09.27 14:10:11.763,1.12709,1.12734,1.22,2.25
2013.09.27 14:10:11.822,1.12705,1.12732,1.59,1.13
2013.09.27 14:10:12.063,1.12705,1.12731,1.59,1.13
2013.09.27 14:10:12.242,1.12705,1.12733,1.59,1.13
2013.09.27 14:10:12.602,1.12709,1.12738,1.13,1.50
2013.09.27 14:10:13.794,1.12709,1.12735,1.13,1.13
2013.09.27 14:10:14.099,1.12708,1.12735,1.59,1.13
2013.09.27 14:10:14.166,1.12706,1.12735,1.59,1.13
2013.09.27 14:10:14.225,1.12707,1.12737,2.34,1.50
2013.09.27 14:10:14.803,1.12706,1.12737,1.59,1.13
2013.09.27 14:10:15.043,1.12706,1.12734,1.59,1.50
2013.09.27 14:10:15.582,1.12696,1.12732,1.59,2.25
2013.09.27 14:10:16.084,1.12693,1.12731,1.59,1.13
2013.09.27 14:10:16.852,1.12699,1.1273,1.59,1.13
2013.09.27 14:10:18.747,1.12699,1.12728,1.59,1.50
2013.09.27 14:10:19.286,1.12699,1.12728,1.59,2.25
2013.09.27 14:10:19.795,1.12699,1.12728,1.59,2.25
2013.09.27 14:10:20.153,1.12696,1.12728,1.59,2.25
2013.09.27 14:10:20.729,1.12696,1.12728,1.59,2.25
2013.09.27 14:10:21.384,1.12696,1.12728,1.59,2.25
2013.09.27 14:10:22.290,1.12696,1.12728,1.59,2.25
2013.09.27 14:10:22.353,1.12696,1.12728,1.59,2.25
2013.09.27 14:10:22.872,1.12696,1.12728,1.59,2.25
2013.09.27 14:10:26.382,1.12696,1.12728,1.59,2.25
2013.09.27 14:10:27.293,1.12696,1.12728,1.59,2.25
2013.09.27 14:10:27.533,1.12699,1.1273,1.59,1.50
2013.09.27 14:10:27.713,1.12697,1.12731,1.59,1.50
2013.09.27 14:10:28.557,1.12701,1.12731,1.59,1.50
2013.09.27 14:10:29.558,1.12701,1.1273,1.59,1.13
2013.09.27 14:10:30.223,1.12701,1.1273,1.59,1.13
2013.09.27 14:10:32.173,1.12698,1.1273,1.22,1.50
2013.09.27 14:10:32.712,1.12701,1.12729,1.59,1.50
2013.09.27 14:10:32.832,1.12701,1.1273,1.59,1.50
2013.09.27 14:10:33.428,1.12701,1.12732,1.59,2.63
2013.09.27 14:10:33.684,1.12701,1.12732,1.59,3.00
2013.09.27 14:10:34.103,1.12701,1.12732,1.59,2.25
2013.09.27 14:10:34.165,1.12699,1.1273,1.59,1.13
2013.09.27 14:10:34.703,1.12697,1.12728,1.59,2.25
2013.09.27 14:10:35.244,1.12697,1.1273,2.34,1.13
2013.09.27 14:10:35.545,1.12697,1.12728,2.34,1.88
2013.09.27 14:10:36.138,1.12697,1.12728,1.59,1.88
2013.09.27 14:10:37.074,1.12697,1.12726,1.59,1.13
2013.09.27 14:10:37.414,1.12697,1.12728,1.59,1.13
2013.09.27 14:10:37.935,1.12697,1.12728,1.59,1.13
2013.09.27 14:10:38.393,1.12697,1.12729,1.59,1.50
2013.09.27 14:10:38.692,1.12697,1.12728,1.59,1.50
2013.09.27 14:10:39.199,1.12697,1.12727,1.59,1.13
2013.09.27 14:10:40.113,1.12697,1.12728,1.59,1.88
2013.09.27 14:10:40.173,1.12697,1.12728,1.59,2.25
2013.09.27 14:10:40.473,1.12697,1.12728,1.59,2.25
2013.09.27 14:10:41.283,1.12697,1.12728,1.59,2.25
2013.09.27 14:10:41.582,1.12697,1.12728,2.34,1.88
2013.09.27 14:10:42.635,1.12697,1.12729,3.09,1.13
2013.09.27 14:10:43.172,1.12697,1.1273,2.34,1.13
2013.09.27 14:10:43.233,1.12702,1.12733,1.59,1.50
2013.09.27 14:10:43.783,1.12701,1.1273,1.59,1.88
2013.09.27 14:10:43.843,1.12701,1.12729,1.59,1.73
2013.09.27 14:10:44.143,1.12696,1.12724,1.50,2.25
2013.09.27 14:10:44.203,1.12693,1.12722,2.25,1.50
2013.09.27 14:10:46.384,1.12696,1.12725,2.25,1.50
2013.09.27 14:10:46.693,1.12699,1.12732,1.50,1.50
2013.09.27 14:10:46.753,1.12701,1.12734,1.50,1.88
2013.09.27 14:10:46.993,1.12702,1.12734,1.50,1.13
2013.09.27 14:10:47.113,1.12705,1.12738,1.50,1.50
2013.09.27 14:10:47.379,1.12705,1.12738,1.50,1.50
2013.09.27 14:10:47.933,1.12705,1.12733,1.50,1.13
2013.09.27 14:10:48.284,1.12705,1.12733,1.50,1.13
2013.09.27 14:10:48.924,1.12705,1.12733,1.50,1.13
2013.09.27 14:10:49.453,1.12705,1.12733,1.50,1.13
2013.09.27 14:10:49.754,1.12712,1.12738,1.13,1.88
2013.09.27 14:10:50.173,1.12706,1.12733,1.13,1.13
2013.09.27 14:10:51.263,1.12707,1.12734,1.13,1.13
2013.09.27 14:10:52.250,1.12707,1.12733,1.13,1.13
2013.09.27 14:10:52.433,1.12706,1.12733,1.50,1.13
2013.09.27 14:10:52.975,1.12704,1.12733,1.50,1.13
2013.09.27 14:10:53.838,1.12704,1.12733,1.50,1.13
2013.09.27 14:10:55.004,1.12704,1.12733,1.50,1.13
2013.09.27 14:10:55.126,1.12706,1.12733,1.50,1.13
2013.09.27 14:10:55.662,1.12704,1.12733,1.50,1.13
2013.09.27 14:10:56.271,1.12704,1.12733,1.50,1.13
2013.09.27 14:10:57.419,1.12704,1.12733,1.50,1.13
2013.09.27 14:10:57.786,1.12704,1.12735,1.50,1.13
2013.09.27 14:10:58.453,1.12704,1.12733,1.50,1.13
2013.09.27 14:10:59.186,1.12704,1.12733,1.50,1.13
2013.09.27 14:10:59.654,1.12703,1.12733,2.25,1.88
2013.09.27 14:10:59.892,1.12703,1.12733,1.50,2.25
2013.09.27 14:11:00.074,1.12702,1.12733,3.00,2.25
2013.09.27 14:11:00.532,1.12702,1.12733,2.25,2.25
2013.09.27 14:11:01.374,1.12702,1.12733,2.25,2.25
2013.09.27 14:11:02.963,1.12702,1.12728,1.50,1.13
2013.09.27 14:11:03.713,1.12702,1.12728,1.50,1.13
2013.09.27 14:11:03.833,1.12702,1.12729,1.50,1.13
2013.09.27 14:11:04.193,1.12704,1.12735,1.50,1.13
2013.09.27 14:11:04.313,1.12705,1.12739,1.50,1.13
2013.09.27 14:11:04.373,1.12705,1.12739,1.50,1.13
2013.09.27 14:11:04.493,1.12704,1.12739,1.50,1.50
2013.09.27 14:11:04.735,1.12705,1.12739,1.50,1.50
2013.09.27 14:11:04.916,1.12706,1.12736,1.50,1.13
2013.09.27 14:11:05.674,1.12705,1.12736,2.25,1.50
2013.09.27 14:11:06.925,1.12705,1.12736,1.50,1.13
2013.09.27 14:11:07.284,1.12705,1.12736,1.50,1.88
2013.09.27 14:11:07.704,1.12705,1.12734,1.50,1.88
2013.09.27 14:11:08.255,1.12705,1.12734,1.50,1.88
2013.09.27 14:11:08.873,1.12705,1.12734,1.50,1.13
2013.09.27 14:11:08.986,1.12705,1.12734,1.50,1.13
2013.09.27 14:11:10.242,1.12705,1.12734,1.50,1.13
2013.09.27 14:11:11.014,1.12705,1.12736,1.50,1.88
2013.09.27 14:11:12.170,1.12705,1.12736,1.50,1.88
2013.09.27 14:11:13.385,1.12705,1.12736,1.50,2.63
2013.09.27 14:11:13.714,1.12705,1.12736,1.50,1.88
2013.09.27 14:11:14.383,1.12705,1.12736,1.50,2.63
2013.09.27 14:11:14.743,1.12705,1.12736,1.50,2.25
2013.09.27 14:11:14.924,1.12705,1.12736,1.50,1.88
2013.09.27 14:11:17.233,1.12705,1.12736,1.50,1.88
2013.09.27 14:11:17.473,1.12705,1.12736,1.50,2.25
2013.09.27 14:11:18.724,1.12705,1.12736,1.50,2.63
2013.09.27 14:11:18.796,1.12705,1.12736,1.50,1.88
2013.09.27 14:11:19.044,1.12705,1.12736,1.50,2.63
2013.09.27 14:11:19.553,1.12705,1.12735,1.50,1.50
2013.09.27 14:11:19.674,1.12705,1.12735,1.50,1.50
2013.09.27 14:11:20.034,1.12702,1.1273,1.50,1.13
2013.09.27 14:11:20.154,1.12702,1.1273,1.50,1.13
2013.09.27 14:11:20.453,1.12702,1.12732,3.00,1.13
2013.09.27 14:11:20.573,1.12704,1.12732,2.25,1.88
2013.09.27 14:11:20.694,1.12704,1.12732,3.38,1.13
2013.09.27 14:11:20.935,1.12711,1.12739,1.50,1.13
2013.09.27 14:11:20.994,1.12713,1.12742,1.50,1.50
2013.09.27 14:11:21.410,1.12713,1.12739,1.50,1.13
2013.09.27 14:11:22.122,1.12713,1.12743,2.25,3.00
2013.09.27 14:11:23.543,1.12713,1.1274,2.25,1.13
2013.09.27 14:11:24.083,1.12711,1.12738,1.50,1.13
2013.09.27 14:11:25.145,1.12711,1.12738,1.50,1.13
2013.09.27 14:11:25.664,1.12711,1.12738,1.50,1.13
2013.09.27 14:11:25.725,1.12711,1.1274,2.25,1.13
2013.09.27 14:11:27.174,1.12713,1.1274,2.25,1.13
2013.09.27 14:11:27.514,1.12713,1.1274,2.25,1.13
2013.09.27 14:11:28.616,1.12713,1.1274,2.25,1.13
2013.09.27 14:11:28.805,1.1271,1.12739,1.50,1.13
2013.09.27 14:11:29.544,1.12708,1.12736,1.50,1.50
2013.09.27 14:11:29.864,1.12707,1.12735,1.50,1.50
2013.09.27 14:11:30.471,1.12706,1.12735,1.50,1.50
2013.09.27 14:11:31.013,1.12705,1.12734,1.50,1.50
2013.09.27 14:11:31.663,1.12706,1.12735,1.50,1.50
2013.09.27 14:11:32.183,1.12706,1.12735,1.50,1.50
2013.09.27 14:11:35.135,1.12704,1.12731,1.50,1.13
2013.09.27 14:11:35.194,1.12704,1.12731,1.50,1.13
2013.09.27 14:11:35.532,1.12704,1.12731,1.50,1.13
2013.09.27 14:11:37.974,1.12704,1.12731,1.50,1.13
2013.09.27 14:11:38.215,1.12701,1.12731,2.25,1.13
2013.09.27 14:11:38.393,1.12701,1.12731,2.25,1.13
2013.09.27 14:11:38.753,1.12702,1.1273,1.50,1.13
2013.09.27 14:11:38.934,1.12702,1.12727,1.50,1.13
2013.09.27 14:11:39.173,1.12702,1.12727,1.50,1.13
2013.09.27 14:11:39.694,1.12702,1.12728,1.50,1.13
2013.09.27 14:11:41.473,1.12703,1.12732,1.50,1.88
2013.09.27 14:11:43.165,1.12707,1.12732,1.50,1.50
2013.09.27 14:11:43.343,1.12706,1.12732,1.50,1.50
2013.09.27 14:11:44.194,1.12706,1.12734,1.50,1.50
2013.09.27 14:11:44.315,1.12705,1.12738,1.13,1.13
2013.09.27 14:11:44.876,1.12705,1.12737,1.13,1.13
2013.09.27 14:11:45.294,1.1271,1.12739,1.50,1.13
2013.09.27 14:11:45.354,1.12711,1.12742,2.25,1.13
2013.09.27 14:11:45.474,1.12712,1.12744,1.50,1.13
2013.09.27 14:11:48.114,1.12714,1.12744,1.50,1.13
2013.09.27 14:11:48.772,1.12716,1.12745,1.50,1.13
2013.09.27 14:11:49.223,1.12714,1.12745,2.25,1.13
2013.09.27 14:11:49.702,1.12714,1.12738,1.50,1.13
2013.09.27 14:11:49.763,1.12714,1.12738,1.50,1.13
2013.09.27 14:11:50.893,1.12713,1.12739,1.50,1.13
2013.09.27 14:11:51.195,1.12708,1.12735,1.50,1.88
2013.09.27 14:11:51.314,1.12703,1.12735,1.50,1.88
2013.09.27 14:11:51.434,1.12703,1.12735,1.50,1.50
2013.09.27 14:11:51.676,1.12703,1.12727,1.50,1.50
2013.09.27 14:11:51.856,1.12703,1.12727,1.50,1.50
2013.09.27 14:11:52.610,1.127,1.12735,1.50,1.13
2013.09.27 14:11:53.164,1.127,1.12733,1.50,1.50
2013.09.27 14:11:56.844,1.127,1.12729,1.50,1.50
2013.09.27 14:11:56.965,1.12702,1.12729,1.50,1.50
2013.09.27 14:11:57.146,1.12705,1.12736,1.50,1.13
2013.09.27 14:11:57.323,1.1271,1.12741,1.50,1.50
2013.09.27 14:11:57.682,1.1271,1.12736,1.50,1.50
2013.09.27 14:11:57.983,1.12706,1.12736,1.50,1.50
2013.09.27 14:12:01.613,1.12706,1.12736,1.50,1.50
2013.09.27 14:12:01.673,1.12706,1.12733,1.50,1.13
2013.09.27 14:12:01.853,1.12705,1.12733,2.25,1.13
2013.09.27 14:12:03.693,1.12706,1.12735,1.50,1.13
2013.09.27 14:12:04.233,1.12707,1.12736,2.25,1.50
2013.09.27 14:12:04.293,1.12708,1.12736,1.50,1.50
2013.09.27 14:12:06.563,1.12708,1.12736,1.50,1.50
2013.09.27 14:12:07.102,1.12705,1.12736,1.13,1.50
2013.09.27 14:12:13.904,1.12707,1.12738,1.88,1.50
2013.09.27 14:12:13.965,1.12707,1.12736,2.63,1.50
2013.09.27 14:12:14.324,1.12709,1.12738,1.13,1.50
2013.09.27 14:12:14.383,1.12708,1.12738,1.50,1.50
2013.09.27 14:12:14.983,1.12706,1.12733,1.50,1.50
2013.09.27 14:12:15.103,1.12708,1.12733,1.50,1.50
2013.09.27 14:12:15.163,1.12705,1.12733,1.50,1.50
2013.09.27 14:12:15.283,1.12706,1.12739,2.25,1.50
2013.09.27 14:12:16.143,1.12706,1.12733,1.50,1.50
2013.09.27 14:12:16.683,1.12707,1.12733,2.25,1.50
2013.09.27 14:12:16.983,1.12703,1.12732,3.75,1.50
2013.09.27 14:12:17.223,1.12704,1.12732,1.50,1.50
2013.09.27 14:12:17.464,1.12707,1.12738,1.50,1.50
2013.09.27 14:12:17.525,1.12708,1.12738,2.25,1.50
2013.09.27 14:12:17.643,1.1271,1.12737,1.50,1.50
2013.09.27 14:12:18.473,1.12706,1.12737,2.25,1.50
2013.09.27 14:12:19.653,1.12706,1.12737,2.25,1.50
2013.09.27 14:12:19.953,1.12703,1.12734,2.25,1.50
2013.09.27 14:12:20.193,1.12701,1.12737,2.63,1.50
2013.09.27 14:12:20.615,1.12702,1.12731,1.50,1.50
2013.09.27 14:12:20.803,1.12703,1.12731,1.50,1.50
2013.09.27 14:12:21.104,1.12708,1.12737,3.00,1.50
2013.09.27 14:12:21.163,1.12708,1.12738,3.00,1.13
2013.09.27 14:12:21.713,1.12708,1.12739,4.13,1.50
2013.09.27 14:12:22.631,1.12708,1.12738,3.75,1.13
2013.09.27 14:12:23.043,1.12708,1.12739,4.13,1.88
2013.09.27 14:12:25.885,1.12708,1.12737,3.38,1.50
2013.09.27 14:12:26.764,1.12708,1.12737,4.13,1.50
2013.09.27 14:12:28.050,1.12709,1.12737,1.13,1.50
2013.09.27 14:12:28.174,1.12708,1.12737,3.00,1.50
2013.09.27 14:12:29.975,1.12707,1.12737,1.50,1.50
2013.09.27 14:12:30.622,1.12707,1.12737,1.50,1.50
2013.09.27 14:12:31.439,1.12708,1.12737,1.50,1.50
2013.09.27 14:12:32.954,1.12707,1.12737,1.50,1.50
2013.09.27 14:12:33.473,1.12708,1.12737,1.50,1.50
2013.09.27 14:12:34.121,1.12707,1.12737,1.50,1.50
2013.09.27 14:12:34.764,1.12707,1.12737,1.50,1.50
2013.09.27 14:12:35.573,1.12708,1.12737,1.50,1.50
2013.09.27 14:12:36.193,1.12708,1.12737,1.50,1.50
2013.09.27 14:12:36.815,1.12708,1.12737,2.25,1.50
2013.09.27 14:12:37.464,1.12708,1.12737,2.25,1.50
2013.09.27 14:12:39.344,1.12708,1.12737,1.50,1.50
2013.09.27 14:12:40.041,1.12708,1.12737,2.25,1.50
2013.09.27 14:12:40.164,1.12708,1.12734,1.50,1.13
2013.09.27 14:12:40.405,1.12708,1.12736,2.25,1.13
2013.09.27 14:12:40.645,1.12706,1.12737,2.25,2.25
2013.09.27 14:12:41.729,1.12706,1.12737,1.50,1.50
2013.09.27 14:12:43.183,1.12707,1.12737,1.50,1.50
2013.09.27 14:12:47.574,1.12708,1.12737,1.13,1.50
2013.09.27 14:12:48.054,1.12708,1.12737,1.13,1.50
2013.09.27 14:12:49.723,1.12708,1.12737,1.50,1.50
2013.09.27 14:12:50.237,1.12709,1.12737,1.50,1.50
2013.09.27 14:12:50.364,1.12706,1.12737,3.19,1.50
2013.09.27 14:12:56.083,1.12706,1.12737,2.25,1.50
2013.09.27 14:12:56.564,1.12706,1.12737,2.25,1.50
2013.09.27 14:13:05.883,1.12707,1.12737,1.50,1.50
2013.09.27 14:13:06.003,1.1271,1.12737,1.50,1.50
2013.09.27 14:13:07.343,1.12711,1.12743,1.50,1.13
2013.09.27 14:13:08.628,1.12709,1.12744,1.50,1.50
2013.09.27 14:13:09.113,1.12712,1.12744,1.50,1.50
2013.09.27 14:13:09.413,1.12713,1.12744,2.63,1.50
2013.09.27 14:13:10.119,1.12718,1.12744,1.50,1.50
2013.09.27 14:13:10.853,1.12717,1.12744,1.50,1.50
2013.09.27 14:13:11.563,1.12717,1.12744,1.50,1.50
2013.09.27 14:13:11.866,1.12718,1.12744,1.50,2.25
2013.09.27 14:13:12.103,1.12713,1.12744,1.50,2.25
2013.09.27 14:13:12.758,1.12713,1.12744,2.25,2.25
2013.09.27 14:13:14.194,1.12712,1.12737,1.50,1.50
2013.09.27 14:13:14.995,1.12713,1.12739,1.13,1.50
2013.09.27 14:13:15.354,1.12709,1.12738,1.88,1.88
2013.09.27 14:13:15.533,1.12717,1.12738,1.50,1.50
2013.09.27 14:13:16.040,1.12717,1.12738,1.50,1.50
2013.09.27 14:13:16.546,1.12718,1.12738,1.50,1.50
2013.09.27 14:13:17.062,1.12717,1.12738,1.50,1.50
2013.09.27 14:13:17.633,1.12718,1.12737,1.50,1.50
2013.09.27 14:13:17.753,1.12713,1.12737,1.50,1.50
2013.09.27 14:13:18.835,1.12713,1.12739,1.50,1.50
2013.09.27 14:13:18.956,1.12714,1.12739,1.50,1.50
2013.09.27 14:13:20.036,1.12717,1.12739,1.50,1.50
2013.09.27 14:13:21.444,1.12718,1.12739,1.50,1.50
2013.09.27 14:13:22.503,1.12717,1.12739,1.50,1.50
2013.09.27 14:13:23.077,1.12717,1.12738,1.50,1.50
2013.09.27 14:13:23.356,1.12713,1.12737,1.50,1.50
2013.09.27 14:13:23.536,1.12713,1.12737,2.25,1.50
2013.09.27 14:13:24.086,1.12718,1.12737,1.50,1.50
2013.09.27 14:13:24.154,1.12718,1.12742,1.50,1.50
2013.09.27 14:13:24.693,1.12713,1.12738,1.50,1.50
2013.09.27 14:13:25.926,1.12713,1.12738,1.50,1.50
2013.09.27 14:13:26.456,1.12713,1.12738,1.50,1.50
2013.09.27 14:13:27.077,1.12714,1.12738,1.50,1.50
2013.09.27 14:13:27.388,1.12708,1.12738,2.25,1.50
2013.09.27 14:13:27.933,1.12708,1.12739,3.00,1.50
2013.09.27 14:13:28.165,1.1271,1.12739,1.13,1.50
2013.09.27 14:13:28.344,1.12716,1.12745,1.13,1.50
2013.09.27 14:13:28.714,1.12713,1.12744,3.00,1.50
2013.09.27 14:13:30.753,1.12722,1.12748,1.50,1.50
2013.09.27 14:13:30.954,1.12723,1.12751,1.50,1.13
2013.09.27 14:13:31.015,1.12728,1.12751,1.50,1.13
2013.09.27 14:13:31.254,1.12728,1.12749,1.50,1.88
2013.09.27 14:13:31.433,1.12728,1.12746,1.50,1.88
2013.09.27 14:13:31.554,1.12722,1.12739,1.13,1.13
2013.09.27 14:13:31.615,1.12717,1.12739,1.50,1.13
2013.09.27 14:13:31.734,1.12712,1.1274,1.50,3.00
2013.09.27 14:13:31.793,1.12711,1.1274,1.50,2.25
2013.09.27 14:13:31.974,1.12708,1.12737,2.63,3.00
2013.09.27 14:13:32.035,1.12707,1.12738,1.50,3.38
2013.09.27 14:13:32.214,1.12701,1.12737,2.63,1.88
2013.09.27 14:13:32.636,1.12702,1.12739,2.63,1.88
2013.09.27 14:13:32.814,1.12702,1.12737,1.13,1.50
2013.09.27 14:13:33.173,1.12703,1.12737,1.50,1.88
2013.09.27 14:13:33.785,1.12703,1.12733,2.25,1.50
2013.09.27 14:13:38.673,1.12703,1.12734,2.25,1.88
2013.09.27 14:13:39.873,1.12703,1.12733,2.25,1.50
2013.09.27 14:13:42.339,1.12698,1.12732,1.50,1.50
2013.09.27 14:13:42.649,1.12697,1.12732,1.50,1.50
2013.09.27 14:13:42.984,1.12696,1.12729,1.50,1.13
2013.09.27 14:13:43.043,1.12693,1.12729,3.00,1.13
2013.09.27 14:13:43.224,1.12697,1.1273,1.50,1.13
2013.09.27 14:13:43.463,1.12703,1.1273,2.25,1.88
2013.09.27 14:13:43.523,1.12704,1.1273,3.00,1.13
2013.09.27 14:13:43.823,1.12703,1.12741,1.88,2.63
2013.09.27 14:13:44.123,1.12703,1.12736,1.88,1.50
2013.09.27 14:13:44.246,1.12703,1.12733,1.13,1.50
2013.09.27 14:13:44.874,1.12704,1.12733,1.50,1.50
2013.09.27 14:13:44.936,1.12703,1.12734,2.63,1.50
2013.09.27 14:13:45.007,1.12707,1.12734,1.50,1.50
2013.09.27 14:13:45.553,1.12708,1.12743,1.50,1.50
2013.09.27 14:13:46.673,1.12709,1.12741,1.50,1.50
2013.09.27 14:13:49.243,1.12708,1.12738,1.50,1.50
2013.09.27 14:13:49.663,1.12707,1.12738,1.50,1.50
2013.09.27 14:13:50.222,1.12706,1.12738,1.50,1.50
2013.09.27 14:13:50.943,1.12706,1.12738,1.50,1.50
2013.09.27 14:13:51.691,1.12707,1.12738,1.50,1.50
2013.09.27 14:13:55.073,1.12706,1.12738,1.50,1.50
2013.09.27 14:13:57.253,1.12706,1.12738,2.25,1.50
2013.09.27 14:13:58.488,1.12706,1.12738,2.25,1.50
2013.09.27 14:13:59.592,1.12706,1.12738,2.25,1.50
2013.09.27 14:14:00.074,1.12705,1.12738,2.25,1.50
2013.09.27 14:14:00.434,1.12695,1.1273,1.13,1.50
2013.09.27 14:14:00.553,1.12693,1.1273,2.25,1.50
2013.09.27 14:14:01.336,1.12695,1.1273,1.50,1.50
2013.09.27 14:14:01.453,1.12697,1.12732,1.50,1.13
2013.09.27 14:14:01.693,1.12697,1.12728,2.25,1.50
2013.09.27 14:14:04.132,1.127,1.12726,1.50,1.50
2013.09.27 14:14:05.015,1.12698,1.12726,1.50,1.50
2013.09.27 14:14:06.394,1.12697,1.12729,1.50,1.50
2013.09.27 14:14:10.413,1.12696,1.12729,2.25,1.50
2013.09.27 14:14:11.273,1.12697,1.12729,1.50,1.50
2013.09.27 14:14:12.354,1.12696,1.12729,2.25,1.50
2013.09.27 14:14:14.484,1.12696,1.12726,2.25,1.50
2013.09.27 14:14:16.155,1.12697,1.12726,2.25,1.50
2013.09.27 14:14:16.633,1.12699,1.12726,1.13,1.50
2013.09.27 14:14:16.693,1.12702,1.12734,1.13,1.50
2013.09.27 14:14:16.753,1.12703,1.12734,1.50,1.50
2013.09.27 14:14:16.933,1.12704,1.12739,2.25,1.50
2013.09.27 14:14:17.945,1.12705,1.12737,2.25,1.50
2013.09.27 14:14:21.370,1.12705,1.12737,1.50,1.50
2013.09.27 14:14:21.913,1.12704,1.12733,2.25,1.50
2013.09.27 14:14:22.453,1.12703,1.12733,1.50,1.50
2013.09.27 14:14:23.113,1.12704,1.12733,2.25,1.50
2013.09.27 14:14:30.773,1.12704,1.12733,1.50,1.50
2013.09.27 14:14:32.920,1.12702,1.12733,2.25,1.50
2013.09.27 14:14:33.177,1.12699,1.12733,1.88,1.50
2013.09.27 14:14:33.606,1.12702,1.12735,1.50,1.50
2013.09.27 14:14:33.847,1.12705,1.12738,1.50,1.50
2013.09.27 14:14:34.390,1.12705,1.12742,2.25,1.88
2013.09.27 14:14:34.875,1.12707,1.12738,1.50,1.50
2013.09.27 14:14:36.748,1.12704,1.12738,1.50,1.50
2013.09.27 14:14:37.113,1.12703,1.12735,1.50,1.50
2013.09.27 14:14:37.293,1.12703,1.12732,1.50,1.50
2013.09.27 14:14:37.832,1.12703,1.12732,1.50,1.50
2013.09.27 14:14:38.383,1.12703,1.12732,1.50,1.50
2013.09.27 14:14:39.310,1.12703,1.12732,1.50,1.50
2013.09.27 14:14:39.853,1.12703,1.12732,1.50,1.50
2013.09.27 14:14:41.692,1.12703,1.12732,1.50,1.50
2013.09.27 14:14:42.991,1.12703,1.12732,1.50,1.50
2013.09.27 14:14:43.293,1.12698,1.12729,1.13,1.50
2013.09.27 14:14:44.803,1.12694,1.12729,3.38,1.50
2013.09.27 14:14:46.845,1.12697,1.12727,1.13,1.50
2013.09.27 14:14:47.024,1.12688,1.12724,2.25,1.13
2013.09.27 14:14:47.263,1.12685,1.12722,3.00,1.50
2013.09.27 14:14:47.523,1.12686,1.12721,1.50,1.50
2013.09.27 14:14:49.317,1.12686,1.12721,1.50,1.50
2013.09.27 14:14:55.973,1.12686,1.12716,2.25,1.50
2013.09.27 14:14:56.033,1.12687,1.12716,1.50,1.50
2013.09.27 14:14:56.214,1.12692,1.12725,2.25,1.13
2013.09.27 14:14:56.273,1.12693,1.12725,1.50,1.13
2013.09.27 14:14:56.753,1.12694,1.12729,2.25,1.88
2013.09.27 14:15:02.583,1.12696,1.12729,3.00,1.50
2013.09.27 14:15:02.643,1.12698,1.12729,1.50,1.50
2013.09.27 14:15:18.713,1.12698,1.12734,2.25,1.13
2013.09.27 14:15:20.263,1.12699,1.12734,1.50,1.13
2013.09.27 14:15:20.624,1.12701,1.12732,1.50,1.50
2013.09.27 14:15:20.984,1.12701,1.12727,1.13,1.50
2013.09.27 14:15:21.343,1.12694,1.12729,2.63,2.25
2013.09.27 14:15:21.894,1.12695,1.1273,1.50,1.50
2013.09.27 14:15:22.524,1.12696,1.12732,1.50,1.88
2013.09.27 14:15:22.703,1.12694,1.12723,3.75,1.50
2013.09.27 14:15:23.292,1.12696,1.12728,1.50,1.50
2013.09.27 14:15:24.161,1.12694,1.12728,3.00,1.50
2013.09.27 14:15:33.258,1.12695,1.12724,1.50,1.50
2013.09.27 14:15:33.566,1.12699,1.12728,1.50,1.50
2013.09.27 14:15:33.744,1.127,1.12734,1.50,1.88
2013.09.27 14:15:34.284,1.12699,1.1273,2.25,1.50
2013.09.27 14:15:34.823,1.12697,1.1273,2.25,1.50
2013.09.27 14:15:35.193,1.12697,1.12728,1.50,1.50
2013.09.27 14:15:35.553,1.12689,1.12724,3.38,1.50
2013.09.27 14:15:36.093,1.12689,1.12724,1.13,1.50
2013.09.27 14:15:36.213,1.12689,1.1272,1.88,1.50
2013.09.27 14:15:36.635,1.12695,1.1272,1.50,1.50
2013.09.27 14:15:36.996,1.12698,1.12731,1.50,1.50
2013.09.27 14:15:37.065,1.12698,1.12729,2.25,1.50
2013.09.27 14:15:37.811,1.12697,1.12729,1.50,1.50
2013.09.27 14:15:51.764,1.12695,1.12727,1.50,1.50
2013.09.27 14:15:51.824,1.12693,1.12727,1.50,3.00
2013.09.27 14:15:51.885,1.12693,1.12723,1.50,1.50
2013.09.27 14:15:52.124,1.12688,1.12719,1.13,1.50
2013.09.27 14:15:53.453,1.12684,1.12718,2.82,1.50
2013.09.27 14:15:54.014,1.12684,1.12718,1.88,1.50
2013.09.27 14:15:54.376,1.12691,1.12719,1.13,1.50
2013.09.27 14:15:57.233,1.12692,1.12719,2.63,1.50
2013.09.27 14:15:57.476,1.12693,1.12729,1.50,2.25
2013.09.27 14:15:58.393,1.12692,1.12727,3.75,1.13
2013.09.27 14:15:58.454,1.12692,1.12726,3.75,1.50
2013.09.27 14:15:59.433,1.12695,1.12727,1.50,1.13
2013.09.27 14:15:59.674,1.12697,1.1273,1.50,1.50
2013.09.27 14:16:01.365,1.12699,1.12728,1.50,1.50
2013.09.27 14:16:01.903,1.12698,1.12728,2.63,1.50
2013.09.27 14:16:02.486,1.12699,1.12728,1.50,1.50
2013.09.27 14:16:03.993,1.127,1.12728,1.50,1.50
2013.09.27 14:16:04.413,1.127,1.12726,1.50,1.50
2013.09.27 14:16:04.533,1.12697,1.12726,2.25,1.50
2013.09.27 14:16:05.084,1.12696,1.12726,1.50,1.50
2013.09.27 14:16:05.893,1.12697,1.12726,2.25,1.50
2013.09.27 14:16:06.088,1.12698,1.12726,1.50,1.50
2013.09.27 14:16:11.207,1.127,1.12733,2.25,1.88
2013.09.27 14:16:13.988,1.127,1.12729,3.00,1.50
2013.09.27 14:16:15.020,1.127,1.12729,2.25,1.50
2013.09.27 14:16:15.345,1.12699,1.1273,1.88,1.13
2013.09.27 14:16:16.687,1.12699,1.12731,1.88,1.88
2013.09.27 14:16:18.364,1.12699,1.12731,1.88,1.88
2013.09.27 14:16:19.444,1.12699,1.12731,1.88,1.88
2013.09.27 14:16:19.984,1.12699,1.12731,1.50,1.50
2013.09.27 14:16:23.405,1.12701,1.12728,1.50,1.13
2013.09.27 14:16:23.833,1.12701,1.12728,1.50,1.50
2013.09.27 14:16:24.014,1.12702,1.12731,3.00,1.50
2013.09.27 14:16:25.110,1.12703,1.12736,1.50,1.13
2013.09.27 14:16:25.623,1.12703,1.12736,1.50,1.50
2013.09.27 14:16:28.393,1.12703,1.12736,1.50,1.50
2013.09.27 14:16:32.845,1.12705,1.12736,1.50,1.50
2013.09.27 14:16:37.235,1.12711,1.12739,1.50,1.50
2013.09.27 14:16:37.754,1.12709,1.12738,1.50,1.50
2013.09.27 14:16:38.057,1.12711,1.12737,1.50,1.13
2013.09.27 14:16:47.455,1.12716,1.12743,1.50,1.50
2013.09.27 14:16:47.892,1.12712,1.12743,3.75,1.50
2013.09.27 14:16:48.573,1.12712,1.12743,4.13,1.50
2013.09.27 14:16:48.754,1.12712,1.12743,3.38,1.50
2013.09.27 14:16:49.114,1.12712,1.12738,2.25,1.13
2013.09.27 14:16:49.233,1.12714,1.12743,2.25,1.13
2013.09.27 14:16:49.293,1.12716,1.12744,2.25,1.50
2013.09.27 14:16:49.805,1.12717,1.12749,2.25,1.13
2013.09.27 14:16:49.923,1.12717,1.12753,3.00,3.38
2013.09.27 14:16:50.104,1.12718,1.12753,2.25,3.00
2013.09.27 14:16:51.363,1.1272,1.12749,1.50,1.50
2013.09.27 14:16:51.545,1.12719,1.12749,1.50,1.50
2013.09.27 14:16:53.323,1.12719,1.12749,2.25,1.50
2013.09.27 14:16:55.723,1.12714,1.12747,1.88,1.13
2013.09.27 14:16:57.304,1.12717,1.12743,1.50,1.13
2013.09.27 14:16:57.874,1.12716,1.12749,1.50,1.88
2013.09.27 14:16:57.934,1.12716,1.12749,1.50,1.50
2013.09.27 14:16:58.810,1.12717,1.12749,1.50,1.50
2013.09.27 14:17:00.184,1.12717,1.12749,1.50,1.50
2013.09.27 14:17:00.723,1.12713,1.12749,1.13,2.25
2013.09.27 14:17:01.034,1.12714,1.12744,1.13,1.13
2013.09.27 14:17:04.445,1.12716,1.12744,1.88,1.13
2013.09.27 14:17:04.984,1.12719,1.12745,1.50,1.50
2013.09.27 14:17:05.044,1.12714,1.12745,1.13,1.50
2013.09.27 14:17:05.105,1.12713,1.12741,1.50,1.50
2013.09.27 14:17:05.726,1.12713,1.12744,1.50,1.88
2013.09.27 14:17:06.394,1.12713,1.12741,1.50,1.50
2013.09.27 14:17:07.176,1.12713,1.12744,1.50,1.88
2013.09.27 14:17:07.724,1.12713,1.12744,1.50,1.50
2013.09.27 14:17:08.461,1.12713,1.12744,1.50,1.88
2013.09.27 14:17:08.736,1.12713,1.12741,1.13,1.13
2013.09.27 14:17:09.092,1.12712,1.12736,1.13,1.13
2013.09.27 14:17:10.434,1.12712,1.12738,1.88,1.13
2013.09.27 14:17:10.494,1.12712,1.12743,1.88,3.00
2013.09.27 14:17:11.550,1.12714,1.12743,1.13,1.50
2013.09.27 14:17:14.893,1.12717,1.12743,1.13,1.50
2013.09.27 14:17:15.253,1.12724,1.12746,1.50,1.13
2013.09.27 14:17:15.493,1.12715,1.12743,3.75,1.13
2013.09.27 14:17:15.553,1.12715,1.12743,3.00,1.13
2013.09.27 14:17:15.672,1.12715,1.12746,3.00,1.50
2013.09.27 14:17:17.973,1.12715,1.12746,1.13,1.50
2013.09.27 14:17:18.274,1.12716,1.12746,1.13,1.50
2013.09.27 14:17:19.533,1.12716,1.12746,1.13,1.50
2013.09.27 14:17:20.235,1.12716,1.12746,1.13,1.88
2013.09.27 14:17:20.839,1.12716,1.12746,1.13,1.50
2013.09.27 14:17:21.026,1.12723,1.12749,1.13,1.13
2013.09.27 14:17:21.204,1.12723,1.12751,1.13,1.13
2013.09.27 14:17:21.444,1.12724,1.12754,1.50,1.50
2013.09.27 14:17:21.564,1.12722,1.12757,1.50,2.25
2013.09.27 14:17:22.894,1.12722,1.12756,2.25,1.50
2013.09.27 14:17:28.724,1.12728,1.12756,1.50,2.25
2013.09.27 14:17:29.435,1.12728,1.12756,2.25,1.50
2013.09.27 14:17:29.795,1.12728,1.12757,2.25,2.25
2013.09.27 14:17:30.874,1.12723,1.12757,1.50,2.63
2013.09.27 14:17:31.534,1.12726,1.12757,1.50,3.00
2013.09.27 14:17:34.643,1.12726,1.12757,1.50,1.88
2013.09.27 14:17:34.825,1.12726,1.12761,1.88,1.88
2013.09.27 14:17:35.135,1.12726,1.12756,1.13,1.50
2013.09.27 14:17:36.874,1.12726,1.12756,1.88,1.50
2013.09.27 14:17:46.604,1.12726,1.12756,1.13,2.25
2013.09.27 14:17:51.164,1.12726,1.12756,1.88,1.50
2013.09.27 14:17:53.194,1.12723,1.12756,1.50,2.25
2013.09.27 14:17:57.824,1.12727,1.12756,1.50,1.50
2013.09.27 14:17:58.388,1.12728,1.12756,1.50,1.50
2013.09.27 14:17:58.573,1.12725,1.12756,1.50,1.50
2013.09.27 14:17:58.813,1.12727,1.12758,1.50,2.25
2013.09.27 14:18:01.695,1.12727,1.12756,1.50,1.13
2013.09.27 14:18:05.523,1.12727,1.12758,1.50,1.50
2013.09.27 14:18:07.143,1.12727,1.12756,1.50,1.13
2013.09.27 14:18:07.714,1.12727,1.12758,1.50,1.50
2013.09.27 14:18:09.145,1.12724,1.12756,2.25,1.50
2013.09.27 14:18:11.464,1.12723,1.12753,1.50,1.50
2013.09.27 14:18:11.643,1.12723,1.12753,1.50,1.13
2013.09.27 14:18:14.593,1.12722,1.12753,3.75,1.50
2013.09.27 14:18:16.702,1.12731,1.12766,1.50,1.50
2013.09.27 14:18:17.074,1.12729,1.12762,1.50,1.88
2013.09.27 14:18:17.254,1.12733,1.12767,1.50,2.63
2013.09.27 14:18:17.434,1.12736,1.1277,1.50,1.88
2013.09.27 14:18:17.496,1.12739,1.1277,1.50,1.13
2013.09.27 14:18:17.613,1.12742,1.1277,1.50,1.13
2013.09.27 14:18:17.853,1.1274,1.12775,1.50,1.50
2013.09.27 14:18:17.974,1.12746,1.12775,1.13,1.50
2013.09.27 14:18:18.214,1.12741,1.12778,1.50,1.50
2013.09.27 14:18:18.965,1.12741,1.12776,1.50,1.50
2013.09.27 14:18:19.083,1.12742,1.12774,1.50,1.50
2013.09.27 14:18:19.204,1.12741,1.12776,1.50,1.50
2013.09.27 14:18:21.404,1.12748,1.12778,1.13,2.25
2013.09.27 14:18:21.875,1.12746,1.12775,1.13,1.50
2013.09.27 14:18:22.414,1.12746,1.12774,1.13,2.63
2013.09.27 14:18:23.073,1.12746,1.12775,1.13,1.88
2013.09.27 14:18:26.574,1.12744,1.12775,3.00,1.88
2013.09.27 14:18:28.167,1.12748,1.12777,1.13,2.25
2013.09.27 14:18:28.357,1.12745,1.12775,1.13,1.50
2013.09.27 14:18:28.425,1.12744,1.12775,1.88,1.50
2013.09.27 14:18:28.903,1.12747,1.12776,1.13,1.50
2013.09.27 14:18:31.923,1.12744,1.12775,2.25,1.50
2013.09.27 14:18:32.283,1.12744,1.12775,2.25,1.50
2013.09.27 14:18:32.344,1.12742,1.12775,2.63,1.50
2013.09.27 14:18:34.723,1.12746,1.12775,1.50,1.50
2013.09.27 14:18:34.964,1.12745,1.12774,2.25,1.13
2013.09.27 14:18:35.144,1.12746,1.12775,1.88,1.50
2013.09.27 14:18:35.683,1.12746,1.12775,1.13,1.50
2013.09.27 14:18:35.743,1.12746,1.12775,1.88,1.50
2013.09.27 14:18:35.803,1.12746,1.12774,1.50,1.13
2013.09.27 14:18:36.194,1.12745,1.12775,1.50,1.50
2013.09.27 14:18:36.494,1.12746,1.12774,1.50,1.13
2013.09.27 14:18:36.974,1.12748,1.12775,1.88,1.13
2013.09.27 14:18:37.034,1.12748,1.12775,1.88,1.13
2013.09.27 14:18:37.782,1.12749,1.12778,1.50,2.25
2013.09.27 14:18:38.371,1.12749,1.12778,1.50,2.25
2013.09.27 14:18:39.146,1.12748,1.12775,1.88,1.13
2013.09.27 14:18:40.202,1.12749,1.12775,1.50,1.13
2013.09.27 14:18:40.747,1.12749,1.12775,1.50,1.13
2013.09.27 14:18:41.767,1.12749,1.12778,1.50,2.25
2013.09.27 14:18:42.645,1.12748,1.12777,1.88,2.25
2013.09.27 14:18:44.843,1.1275,1.12777,1.13,2.25
2013.09.27 14:18:45.023,1.12758,1.12781,1.50,1.50
2013.09.27 14:18:45.204,1.12754,1.1278,1.13,2.25
2013.09.27 14:18:45.264,1.12749,1.1278,2.63,2.25
2013.09.27 14:18:45.934,1.1275,1.12778,1.50,1.13
2013.09.27 14:18:47.683,1.12748,1.12774,1.13,1.13
2013.09.27 14:18:48.784,1.12748,1.12774,1.13,1.88
2013.09.27 14:18:49.309,1.12748,1.12774,1.13,1.88
2013.09.27 14:18:55.383,1.12746,1.12774,1.50,1.50
2013.09.27 14:18:57.165,1.12746,1.12774,1.50,1.50
2013.09.27 14:18:57.285,1.12746,1.12773,1.50,1.13
2013.09.27 14:18:58.765,1.12746,1.12774,1.50,1.50
2013.09.27 14:18:58.883,1.12746,1.12774,1.50,1.88
2013.09.27 14:18:59.437,1.12746,1.12774,1.50,1.50
2013.09.27 14:19:00.374,1.12746,1.12774,1.50,1.50
2013.09.27 14:19:00.765,1.12746,1.12774,1.50,1.88
2013.09.27 14:19:00.883,1.12746,1.12774,1.88,1.50
2013.09.27 14:19:01.654,1.12746,1.12774,1.50,1.88
2013.09.27 14:19:03.214,1.12746,1.12774,1.88,1.50
2013.09.27 14:19:04.054,1.12746,1.12774,1.88,1.50
2013.09.27 14:19:05.263,1.12746,1.12774,1.88,1.50
2013.09.27 14:19:06.012,1.12746,1.12774,1.50,1.50
2013.09.27 14:19:06.513,1.12746,1.12774,1.50,1.50
2013.09.27 14:19:07.396,1.12746,1.12774,1.50,1.50
2013.09.27 14:19:08.286,1.12745,1.12773,1.13,1.50
2013.09.27 14:19:08.589,1.12744,1.12769,1.50,1.50
2013.09.27 14:19:08.660,1.12744,1.12771,1.50,2.25
2013.09.27 14:19:08.725,1.12746,1.12773,1.13,1.50
2013.09.27 14:19:09.036,1.12745,1.12777,1.13,1.50
2013.09.27 14:19:09.407,1.12746,1.12779,1.88,1.50
2013.09.27 14:19:09.656,1.12746,1.12781,2.25,1.50
2013.09.27 14:19:10.194,1.12746,1.12779,1.50,2.25
2013.09.27 14:19:10.735,1.12748,1.12781,1.50,1.50
2013.09.27 14:19:11.285,1.12748,1.12781,2.63,2.25
2013.09.27 14:19:11.414,1.12748,1.12781,2.63,2.25
2013.09.27 14:19:13.017,1.12748,1.12779,2.63,1.50
2013.09.27 14:19:13.729,1.12749,1.12785,2.25,1.88
2013.09.27 14:19:13.914,1.12749,1.12781,2.25,1.50
2013.09.27 14:19:14.313,1.12749,1.12785,1.13,2.25
2013.09.27 14:19:17.964,1.12749,1.12783,1.50,2.25
2013.09.27 14:19:21.023,1.12749,1.12783,1.50,2.25
2013.09.27 14:19:21.444,1.12749,1.12783,1.13,2.25
2013.09.27 14:19:21.624,1.12748,1.1278,1.13,1.50
2013.09.27 14:19:21.984,1.12745,1.12779,1.13,1.13
2013.09.27 14:19:22.166,1.12747,1.12781,1.13,1.88
2013.09.27 14:19:22.229,1.12747,1.12781,1.13,2.25
2013.09.27 14:19:22.536,1.12749,1.12783,1.13,1.50
2013.09.27 14:19:22.897,1.12752,1.12783,1.50,1.50
2013.09.27 14:19:23.147,1.12749,1.1278,2.25,1.50
2013.09.27 14:19:23.207,1.12749,1.1278,1.13,1.50
2013.09.27 14:19:23.325,1.12749,1.1278,1.13,1.50
2013.09.27 14:19:23.393,1.12749,1.1278,1.13,1.50
2013.09.27 14:19:24.273,1.12749,1.12779,1.13,1.50
2013.09.27 14:19:25.054,1.12749,1.12779,1.13,1.50
2013.09.27 14:19:25.113,1.12749,1.12779,1.13,1.50
2013.09.27 14:19:25.657,1.12749,1.12776,1.13,2.25
2013.09.27 14:19:26.203,1.12741,1.12776,1.88,3.00
2013.09.27 14:19:26.324,1.12742,1.12775,1.13,2.25
2013.09.27 14:19:27.133,1.12742,1.12775,1.13,2.25
2013.09.27 14:19:30.003,1.12737,1.12763,1.50,1.50
2013.09.27 14:19:30.578,1.12737,1.12766,1.50,1.50
2013.09.27 14:19:30.643,1.12742,1.12767,1.50,1.50
2013.09.27 14:19:30.765,1.12742,1.12773,1.50,2.25
2013.09.27 14:19:31.065,1.12744,1.12773,1.50,1.50
2013.09.27 14:19:31.415,1.12741,1.12775,1.50,2.63
2013.09.27 14:19:43.567,1.12738,1.12774,2.63,1.13
2013.09.27 14:19:44.154,1.12739,1.12766,1.50,1.50
2013.09.27 14:19:44.963,1.1274,1.12772,1.13,1.50
2013.09.27 14:19:52.264,1.1274,1.12766,1.88,2.25
2013.09.27 14:19:54.102,1.1274,1.12772,1.50,1.50
2013.09.27 14:19:56.494,1.12742,1.12772,1.50,1.50
2013.09.27 14:20:00.415,1.12741,1.12773,1.13,1.13
2013.09.27 14:20:01.184,1.12739,1.12766,1.13,1.13
2013.09.27 14:20:01.924,1.12737,1.12771,1.13,1.88
2013.09.27 14:20:02.104,1.12732,1.12766,1.88,1.50
2013.09.27 14:20:02.283,1.12732,1.12766,1.13,2.25
2013.09.27 14:20:03.064,1.12732,1.12767,1.50,3.38
2013.09.27 14:20:03.603,1.12733,1.12764,1.50,1.50
2013.09.27 14:20:04.515,1.12735,1.12764,1.13,1.50
2013.09.27 14:20:04.876,1.12737,1.12767,1.50,1.50
2013.09.27 14:20:05.415,1.12735,1.12766,1.50,1.50
2013.09.27 14:20:05.475,1.12738,1.12766,1.13,1.50
2013.09.27 14:20:06.303,1.12742,1.12771,1.13,1.50
2013.09.27 14:20:06.376,1.12742,1.12771,1.13,1.50
2013.09.27 14:20:08.383,1.12742,1.12773,1.13,1.50
2013.09.27 14:20:08.503,1.12742,1.12768,1.13,2.25
2013.09.27 14:20:08.685,1.12739,1.12768,1.88,2.25
2013.09.27 14:20:08.744,1.12739,1.12767,1.88,1.50
2013.09.27 14:20:09.405,1.12736,1.12767,1.13,3.00
2013.09.27 14:20:09.764,1.12731,1.12762,1.88,1.50
2013.09.27 14:20:10.153,1.12731,1.12761,1.88,1.50
2013.09.27 14:20:10.470,1.12731,1.12762,1.13,1.50
2013.09.27 14:20:10.805,1.12731,1.12762,1.88,1.50
2013.09.27 14:20:11.803,1.12733,1.12762,1.13,1.50
2013.09.27 14:20:12.435,1.12731,1.12762,1.88,1.50
2013.09.27 14:20:13.904,1.12733,1.12761,1.13,1.50
2013.09.27 14:20:17.746,1.12733,1.12761,1.13,1.50
2013.09.27 14:20:25.944,1.12729,1.12764,1.13,3.00
2013.09.27 14:20:27.186,1.12728,1.12761,1.50,1.13
2013.09.27 14:20:31.123,1.12732,1.12753,1.88,1.50
2013.09.27 14:20:31.532,1.12732,1.12752,1.50,2.25
2013.09.27 14:20:32.875,1.12732,1.12753,2.25,1.50
2013.09.27 14:20:33.113,1.12736,1.12759,1.50,1.13
2013.09.27 14:20:33.175,1.12742,1.12763,1.50,1.13
2013.09.27 14:20:33.355,1.12744,1.1277,1.50,1.13
2013.09.27 14:20:33.474,1.12744,1.12764,1.50,1.50
2013.09.27 14:20:34.073,1.12741,1.12763,1.50,1.50
2013.09.27 14:20:34.444,1.12743,1.12767,1.50,1.50
2013.09.27 14:20:34.505,1.12743,1.12768,1.50,1.50
2013.09.27 14:20:35.185,1.12743,1.12771,1.50,1.88
2013.09.27 14:20:35.664,1.12743,1.1277,2.25,1.50
2013.09.27 14:20:37.153,1.12744,1.12764,1.50,1.50
2013.09.27 14:20:37.393,1.12746,1.12773,2.25,1.50
2013.09.27 14:20:37.453,1.12746,1.12777,2.25,1.13
2013.09.27 14:20:38.019,1.12746,1.12777,2.25,1.50
2013.09.27 14:20:43.255,1.12744,1.12779,1.50,1.50
2013.09.27 14:20:43.375,1.12744,1.12779,1.50,1.50
2013.09.27 14:20:44.254,1.12742,1.1277,1.88,1.50
2013.09.27 14:20:44.735,1.12747,1.1277,1.50,1.50
2013.09.27 14:20:45.276,1.12747,1.12777,1.50,1.50
2013.09.27 14:20:45.403,1.12744,1.12777,2.25,2.25
2013.09.27 14:20:45.704,1.12744,1.12766,1.13,1.50
2013.09.27 14:20:45.883,1.12742,1.12767,1.50,1.50
2013.09.27 14:20:46.004,1.12742,1.12774,2.25,1.50
2013.09.27 14:20:46.304,1.12742,1.12772,1.88,1.50
2013.09.27 14:20:49.538,1.12743,1.12767,1.13,1.50
2013.09.27 14:20:49.693,1.12743,1.12769,1.13,1.50
2013.09.27 14:20:50.439,1.12743,1.12769,1.13,1.50
2013.09.27 14:20:51.085,1.12747,1.12775,1.50,1.13
2013.09.27 14:20:51.206,1.12747,1.12776,1.88,2.25
2013.09.27 14:20:51.564,1.12752,1.12783,1.13,2.25
2013.09.27 14:20:51.700,1.12752,1.12785,1.13,1.50
2013.09.27 14:20:51.958,1.12752,1.12784,1.13,1.50
2013.09.27 14:20:52.447,1.12752,1.12783,1.88,2.25
2013.09.27 14:20:52.954,1.12757,1.12783,1.13,2.25
2013.09.27 14:20:53.536,1.12757,1.12783,1.13,2.25
2013.09.27 14:20:54.568,1.12757,1.12787,1.88,2.25
2013.09.27 14:20:54.637,1.12758,1.12787,1.13,1.50
2013.09.27 14:20:54.923,1.12757,1.12786,1.13,1.50
2013.09.27 14:20:55.283,1.12756,1.12781,1.88,1.50
2013.09.27 14:20:55.910,1.12757,1.12783,1.13,1.50
2013.09.27 14:20:56.307,1.12756,1.12782,1.50,1.13
2013.09.27 14:20:56.616,1.12751,1.12767,1.50,2.25
2013.09.27 14:20:56.675,1.12748,1.12767,1.13,1.50
2013.09.27 14:20:56.793,1.12745,1.12769,3.00,1.50
2013.09.27 14:20:56.854,1.12747,1.12769,1.50,1.50
2013.09.27 14:20:57.034,1.12747,1.1277,2.25,1.50
2013.09.27 14:20:57.274,1.12748,1.12769,1.50,1.50
2013.09.27 14:20:57.654,1.12748,1.1277,1.50,1.50
2013.09.27 14:20:57.835,1.12744,1.12767,1.50,2.25
2013.09.27 14:20:58.274,1.12744,1.12766,2.25,1.50
2013.09.27 14:20:58.435,1.12744,1.12767,2.25,1.50
2013.09.27 14:20:58.916,1.12747,1.12777,1.13,1.50
2013.09.27 14:21:07.773,1.12748,1.12773,1.13,1.50
2013.09.27 14:21:08.563,1.12749,1.12776,1.13,1.88
2013.09.27 14:21:12.563,1.12747,1.12775,1.13,1.50
2013.09.27 14:21:12.623,1.12747,1.12775,1.13,1.65
2013.09.27 14:21:13.446,1.12745,1.12772,2.25,1.05
2013.09.27 14:21:14.325,1.12745,1.12771,1.88,1.05
2013.09.27 14:21:14.517,1.12742,1.12772,2.63,1.43
2013.09.27 14:21:15.005,1.12744,1.12772,3.00,1.05
2013.09.27 14:21:15.484,1.12746,1.12772,1.13,1.05
2013.09.27 14:21:15.667,1.12744,1.12772,2.25,1.05
2013.09.27 14:21:15.974,1.12742,1.12772,1.88,1.05
2013.09.27 14:21:16.094,1.12742,1.12771,1.13,1.28
2013.09.27 14:21:16.153,1.12741,1.12771,1.13,1.13
2013.09.27 14:21:16.334,1.12741,1.1277,1.13,1.50
2013.09.27 14:21:16.453,1.1274,1.1277,1.50,1.50
2013.09.27 14:21:16.941,1.12741,1.12772,2.25,1.05
2013.09.27 14:21:17.784,1.12743,1.12772,1.13,1.05
2013.09.27 14:21:20.093,1.12743,1.12772,1.13,1.05
2013.09.27 14:21:23.954,1.12741,1.12768,1.50,1.50
2013.09.27 14:21:26.395,1.12741,1.12766,1.50,1.50
2013.09.27 14:21:26.936,1.12739,1.12766,2.82,2.25
2013.09.27 14:21:28.236,1.12739,1.12766,2.82,1.50
2013.09.27 14:21:28.476,1.12739,1.12766,1.13,1.50
2013.09.27 14:21:29.014,1.12739,1.12766,1.13,2.25
2013.09.27 14:21:29.374,1.12739,1.12766,1.88,2.25
2013.09.27 14:21:29.824,1.12739,1.12767,1.13,2.25
2013.09.27 14:21:30.004,1.12738,1.12767,3.38,1.50
2013.09.27 14:21:30.322,1.12741,1.12769,1.13,1.50
2013.09.27 14:21:31.455,1.1274,1.12769,1.88,2.25
2013.09.27 14:21:31.966,1.12739,1.12769,1.13,1.50
2013.09.27 14:21:33.607,1.1274,1.1277,1.13,1.50
2013.09.27 14:21:34.126,1.12739,1.12768,1.88,1.50
2013.09.27 14:21:34.918,1.12739,1.12768,1.13,1.50
2013.09.27 14:21:35.043,1.1274,1.12769,1.13,1.50
2013.09.27 14:21:35.745,1.12739,1.12769,1.13,1.50
2013.09.27 14:21:37.806,1.12739,1.12769,1.13,2.25
2013.09.27 14:21:40.043,1.1274,1.12769,1.13,2.25
2013.09.27 14:21:41.155,1.12739,1.12768,1.50,1.13
2013.09.27 14:21:41.214,1.12737,1.12768,1.50,1.13
2013.09.27 14:21:41.398,1.12737,1.12766,1.88,1.50
2013.09.27 14:21:41.704,1.12739,1.12766,1.88,2.25
2013.09.27 14:21:42.535,1.12739,1.12764,2.63,1.13
2013.09.27 14:21:42.896,1.12733,1.12755,1.50,1.50
2013.09.27 14:21:42.955,1.12735,1.12757,2.25,1.50
2013.09.27 14:21:43.075,1.12737,1.12759,2.25,1.50
2013.09.27 14:21:43.254,1.12738,1.12759,1.50,1.50
2013.09.27 14:21:43.956,1.12738,1.12761,1.50,1.50
2013.09.27 14:21:44.434,1.12738,1.12762,1.50,1.50
2013.09.27 14:21:44.974,1.12737,1.12764,1.50,1.13
2013.09.27 14:21:46.435,1.12736,1.12767,1.50,1.50
2013.09.27 14:21:47.355,1.12739,1.1277,3.00,2.25
2013.09.27 14:21:47.414,1.1274,1.12771,1.88,2.25
2013.09.27 14:21:48.384,1.12739,1.12766,2.25,1.13
2013.09.27 14:21:48.684,1.12737,1.12766,1.50,1.13
2013.09.27 14:21:48.984,1.12739,1.1277,2.25,1.50
2013.09.27 14:21:49.646,1.12741,1.1277,1.50,1.50
2013.09.27 14:21:50.124,1.1274,1.1277,1.50,1.50
2013.09.27 14:21:50.244,1.12738,1.1277,1.50,1.50
2013.09.27 14:21:50.366,1.12736,1.12768,1.50,1.50
2013.09.27 14:21:51.324,1.12737,1.12768,1.50,1.50
2013.09.27 14:21:53.005,1.12736,1.12768,2.25,1.50
2013.09.27 14:21:53.913,1.12737,1.12768,1.50,1.50
2013.09.27 14:21:56.394,1.12737,1.12766,2.25,1.50
2013.09.27 14:21:57.143,1.12738,1.12769,1.50,1.50
2013.09.27 14:21:57.526,1.12738,1.12769,2.25,1.50
2013.09.27 14:21:57.787,1.12738,1.12766,1.50,1.50
2013.09.27 14:21:58.135,1.12737,1.12766,1.50,1.50
2013.09.27 14:21:58.684,1.12735,1.12766,1.50,1.50
2013.09.27 14:21:59.644,1.12737,1.12768,2.25,1.50
2013.09.27 14:21:59.703,1.12739,1.12768,3.00,1.50
2013.09.27 14:22:01.748,1.12741,1.1277,1.50,1.50
2013.09.27 14:22:02.427,1.12741,1.1277,1.50,1.50
2013.09.27 14:22:03.085,1.12741,1.1277,1.50,1.50
2013.09.27 14:22:03.604,1.12739,1.1277,2.25,1.50
2013.09.27 14:22:04.145,1.12742,1.12771,1.50,1.05
2013.09.27 14:22:04.566,1.12741,1.1277,1.13,1.50
2013.09.27 14:22:07.809,1.12734,1.12762,1.50,2.63
2013.09.27 14:22:09.943,1.12733,1.12761,1.88,1.88
2013.09.27 14:22:10.494,1.12734,1.12761,1.88,1.50
2013.09.27 14:22:13.776,1.12734,1.12761,1.88,1.50
2013.09.27 14:22:13.836,1.12735,1.12762,1.50,2.63
2013.09.27 14:22:14.014,1.12737,1.12763,2.25,1.88
2013.09.27 14:22:14.315,1.12739,1.12768,1.88,1.50
2013.09.27 14:22:14.435,1.12739,1.12772,1.88,2.55
2013.09.27 14:22:14.976,1.12738,1.12768,1.50,1.50
2013.09.27 14:22:16.115,1.12737,1.12766,3.00,1.13
2013.09.27 14:22:16.633,1.12737,1.12763,3.00,1.13
2013.09.27 14:22:18.233,1.12737,1.12768,2.25,1.50
2013.09.27 14:22:22.764,1.12737,1.12763,1.50,1.13
2013.09.27 14:22:23.126,1.12734,1.12761,1.13,1.50
2013.09.27 14:22:23.675,1.12734,1.12762,1.13,1.50
2013.09.27 14:22:24.076,1.12734,1.12761,1.13,1.88
2013.09.27 14:22:26.954,1.12734,1.12759,1.13,1.13
2013.09.27 14:22:27.657,1.12734,1.12759,1.13,1.13
2013.09.27 14:22:28.593,1.12734,1.12759,1.88,1.13
2013.09.27 14:22:28.834,1.12734,1.12759,2.25,1.13
2013.09.27 14:22:30.364,1.12734,1.12761,2.25,1.13
2013.09.27 14:22:32.684,1.12734,1.12761,2.25,1.13
2013.09.27 14:22:34.748,1.12734,1.12761,1.50,1.13
2013.09.27 14:22:34.874,1.12734,1.12762,2.25,1.13
2013.09.27 14:22:35.234,1.12736,1.12761,1.50,1.13
2013.09.27 14:22:35.416,1.12737,1.12761,1.50,1.13
2013.09.27 14:22:35.655,1.12737,1.12768,1.50,1.50
2013.09.27 14:22:36.324,1.12736,1.12763,1.13,1.13
2013.09.27 14:22:36.384,1.12735,1.12761,1.13,1.13
2013.09.27 14:22:36.504,1.12736,1.12761,2.25,1.88
2013.09.27 14:22:36.864,1.12734,1.12761,1.50,1.13
2013.09.27 14:22:36.924,1.12734,1.12761,1.50,1.13
2013.09.27 14:22:37.043,1.12734,1.12756,1.13,1.13
2013.09.27 14:22:47.614,1.12729,1.12761,2.25,1.50
2013.09.27 14:22:48.883,1.12734,1.12763,1.50,1.13
2013.09.27 14:22:48.943,1.12733,1.12763,1.13,1.88
2013.09.27 14:22:49.063,1.12733,1.12761,1.13,1.88
2013.09.27 14:22:49.184,1.12733,1.12762,1.13,1.50
2013.09.27 14:22:49.854,1.12733,1.12762,1.13,1.88
2013.09.27 14:22:50.245,1.12733,1.12761,1.13,1.88
2013.09.27 14:22:50.853,1.12733,1.12761,1.13,1.88
2013.09.27 14:22:52.334,1.12733,1.12761,1.13,1.13
2013.09.27 14:22:53.594,1.12733,1.12761,1.13,1.13
2013.09.27 14:22:54.973,1.12733,1.12763,1.13,2.63
2013.09.27 14:22:55.273,1.12733,1.12759,1.13,1.13
2013.09.27 14:22:56.287,1.12733,1.12762,1.13,1.88
2013.09.27 14:22:57.494,1.12733,1.12761,1.13,1.88
2013.09.27 14:22:57.674,1.12733,1.12761,1.13,1.13
2013.09.27 14:22:58.554,1.12733,1.12763,1.13,1.88
2013.09.27 14:22:59.096,1.12733,1.12763,1.13,1.88
2013.09.27 14:22:59.874,1.12733,1.12763,1.13,1.88
2013.09.27 14:23:00.666,1.12733,1.12763,1.13,1.50
2013.09.27 14:23:02.763,1.12734,1.12763,1.13,1.50
2013.09.27 14:23:04.264,1.12734,1.12762,1.13,1.88
2013.09.27 14:23:04.624,1.12732,1.12762,1.50,1.88
2013.09.27 14:23:04.743,1.12732,1.12762,1.50,1.50
2013.09.27 14:23:06.249,1.12732,1.12762,2.25,1.50
2013.09.27 14:23:06.753,1.12732,1.12762,2.25,1.88
2013.09.27 14:23:07.414,1.12732,1.12761,1.50,1.50
2013.09.27 14:23:07.800,1.12732,1.12758,1.50,1.13
2013.09.27 14:23:08.615,1.12732,1.1276,1.50,1.13
2013.09.27 14:23:09.094,1.12734,1.12763,1.13,1.50
2013.09.27 14:23:19.844,1.12734,1.12763,2.25,1.50
2013.09.27 14:23:19.906,1.12734,1.1276,2.25,1.13
2013.09.27 14:23:20.205,1.12732,1.12763,1.88,2.25
2013.09.27 14:23:21.014,1.12734,1.12763,1.50,1.50
2013.09.27 14:23:21.554,1.12735,1.12763,1.50,1.50
2013.09.27 14:23:21.683,1.12734,1.12763,2.25,1.50
2013.09.27 14:23:22.194,1.12734,1.12763,1.50,1.50
2013.09.27 14:23:22.963,1.12734,1.12763,1.50,1.50
2013.09.27 14:23:34.485,1.12728,1.12759,1.13,1.50
2013.09.27 14:23:44.396,1.12728,1.12759,2.25,1.88
2013.09.27 14:23:46.195,1.12728,1.12759,3.00,1.88
2013.09.27 14:23:54.003,1.12731,1.12761,3.00,1.13
2013.09.27 14:23:57.633,1.12729,1.12759,1.50,1.13
2013.09.27 14:24:00.705,1.1273,1.12759,1.50,1.88
2013.09.27 14:24:00.824,1.1273,1.12759,1.50,1.88
2013.09.27 14:24:00.884,1.12726,1.12757,1.88,1.13
2013.09.27 14:24:01.244,1.12728,1.12759,1.50,1.88
2013.09.27 14:24:01.784,1.12731,1.12759,1.50,1.13
2013.09.27 14:24:02.323,1.12731,1.12759,1.50,1.13
2013.09.27 14:24:18.534,1.12728,1.12759,1.50,1.13
2013.09.27 14:24:21.115,1.12732,1.12761,1.50,1.50
2013.09.27 14:24:21.174,1.12732,1.12761,1.50,1.13
2013.09.27 14:24:21.714,1.12732,1.12766,1.50,1.50
2013.09.27 14:24:21.894,1.12731,1.12764,2.25,1.50
2013.09.27 14:24:28.008,1.12729,1.1276,1.13,1.50
2013.09.27 14:24:28.436,1.12731,1.12757,1.50,1.13
2013.09.27 14:24:28.795,1.12718,1.12751,1.50,2.25
2013.09.27 14:24:29.284,1.12714,1.12744,1.50,1.13
2013.09.27 14:24:29.344,1.12713,1.1275,1.50,1.88
2013.09.27 14:24:30.805,1.12714,1.12746,1.50,1.88
2013.09.27 14:24:32.205,1.12715,1.12746,1.50,1.88
2013.09.27 14:24:32.326,1.12718,1.12746,1.13,1.50
2013.09.27 14:24:32.685,1.12718,1.12751,1.13,1.50
2013.09.27 14:24:32.924,1.12719,1.12751,1.50,1.50
2013.09.27 14:24:33.104,1.12717,1.12748,1.13,1.50
2013.09.27 14:24:33.463,1.12717,1.12749,1.13,2.25
2013.09.27 14:24:33.884,1.12717,1.12748,1.13,1.50
2013.09.27 14:24:34.244,1.12716,1.12738,1.50,1.13
2013.09.27 14:24:34.364,1.12712,1.12742,3.00,1.13
2013.09.27 14:24:34.424,1.12714,1.12743,1.50,1.13
2013.09.27 14:24:34.484,1.12714,1.12743,2.25,1.88
2013.09.27 14:24:34.664,1.12713,1.1274,1.50,1.13
2013.09.27 14:24:35.084,1.12711,1.12739,1.50,1.13
2013.09.27 14:24:45.075,1.12711,1.1274,1.50,1.50
2013.09.27 14:24:45.317,1.12713,1.1274,1.50,1.50
2013.09.27 14:24:45.674,1.12711,1.12742,2.25,1.13
2013.09.27 14:24:45.856,1.12711,1.1274,2.25,1.50
2013.09.27 14:24:45.977,1.12711,1.12739,2.25,1.13
2013.09.27 14:24:51.343,1.12711,1.12739,2.25,1.13
2013.09.27 14:24:54.454,1.12711,1.12738,1.50,1.13
2013.09.27 14:24:54.693,1.12711,1.12738,1.50,1.13
2013.09.27 14:24:55.434,1.12711,1.12743,1.50,1.13
2013.09.27 14:24:55.854,1.12711,1.12744,1.50,1.50
2013.09.27 14:24:56.594,1.12711,1.12744,1.50,1.50
2013.09.27 14:24:57.174,1.12709,1.12744,1.50,1.50
2013.09.27 14:25:06.775,1.12709,1.12744,1.50,1.50
2013.09.27 14:25:07.175,1.12709,1.12744,1.50,1.50
2013.09.27 14:25:07.894,1.12708,1.12738,1.88,1.13
2013.09.27 14:25:08.015,1.12707,1.12735,1.13,1.13
2013.09.27 14:25:08.254,1.12708,1.12734,1.13,1.13
2013.09.27 14:25:16.864,1.12708,1.12739,1.13,1.88
2013.09.27 14:25:20.962,1.12708,1.12739,1.13,1.88
2013.09.27 14:25:21.229,1.12708,1.12739,1.13,1.50
2013.09.27 14:25:21.298,1.12708,1.1274,1.13,2.25
2013.09.27 14:25:21.604,1.12708,1.12739,1.13,2.63
2013.09.27 14:25:21.784,1.12708,1.12739,1.13,2.25
2013.09.27 14:25:22.466,1.12704,1.12739,1.50,1.88
2013.09.27 14:25:22.825,1.12703,1.12735,2.25,1.13
2013.09.27 14:25:23.894,1.12702,1.12731,1.13,1.13
2013.09.27 14:25:24.644,1.12701,1.12733,1.88,1.13
2013.09.27 14:25:34.385,1.12702,1.12732,1.13,1.13
2013.09.27 14:25:35.867,1.12705,1.1273,1.50,1.13
2013.09.27 14:25:35.936,1.12708,1.12731,1.50,1.88
2013.09.27 14:25:36.176,1.12704,1.12731,1.50,1.50
2013.09.27 14:25:36.718,1.12709,1.12733,1.50,1.88
2013.09.27 14:25:36.784,1.12709,1.12733,2.25,1.50
2013.09.27 14:25:38.625,1.12711,1.12747,1.50,1.88
2013.09.27 14:25:40.217,1.12711,1.12741,1.50,1.13
2013.09.27 14:25:40.409,1.12711,1.12741,1.50,2.25
2013.09.27 14:25:40.536,1.1271,1.1274,1.50,1.13
2013.09.27 14:25:41.074,1.12709,1.12741,1.50,1.13
2013.09.27 14:25:41.616,1.12706,1.12734,1.50,1.13
2013.09.27 14:25:42.844,1.12706,1.12736,2.25,1.88
2013.09.27 14:25:51.929,1.12706,1.12738,2.25,1.13
2013.09.27 14:25:52.054,1.12706,1.1274,3.00,1.50
2013.09.27 14:25:52.114,1.12708,1.12741,1.50,1.50
2013.09.27 14:25:52.234,1.1271,1.12744,1.50,1.50
2013.09.27 14:25:52.355,1.12712,1.12744,1.50,1.13
2013.09.27 14:25:52.716,1.1271,1.12739,1.88,1.13
2013.09.27 14:25:53.225,1.12711,1.12743,1.13,1.88
2013.09.27 14:25:53.585,1.12709,1.1274,1.13,1.50
2013.09.27 14:25:57.868,1.12708,1.1274,2.25,1.50
2013.09.27 14:26:01.624,1.12708,1.1274,2.25,2.25
2013.09.27 14:26:01.924,1.12708,1.1274,2.25,1.50
2013.09.27 14:26:02.225,1.12707,1.1274,1.50,1.50
2013.09.27 14:26:02.405,1.12709,1.1274,1.50,1.50
2013.09.27 14:26:03.479,1.12708,1.1274,2.25,1.50
2013.09.27 14:26:09.081,1.12708,1.1274,2.25,1.50
2013.09.27 14:26:12.854,1.12708,1.1274,2.25,1.50
2013.09.27 14:26:12.915,1.12709,1.1274,1.50,1.50
2013.09.27 14:26:13.154,1.12707,1.1274,1.88,1.50
2013.09.27 14:26:13.394,1.12709,1.12742,1.50,1.50
2013.09.27 14:26:20.875,1.12708,1.12742,2.25,1.50
2013.09.27 14:26:20.934,1.12708,1.12739,1.50,1.50
2013.09.27 14:26:21.174,1.12708,1.12743,1.50,2.25
2013.09.27 14:26:21.354,1.12707,1.12739,1.88,1.50
2013.09.27 14:26:21.414,1.12708,1.12739,1.50,1.50
2013.09.27 14:26:23.304,1.12708,1.12739,1.50,1.50
2013.09.27 14:26:23.845,1.12707,1.12743,2.63,1.50
2013.09.27 14:26:27.314,1.12712,1.12743,1.50,1.50
2013.09.27 14:26:29.175,1.12711,1.12743,1.50,1.50
2013.09.27 14:26:33.844,1.1271,1.12743,1.50,2.25
2013.09.27 14:26:36.433,1.12707,1.12739,1.88,1.13
2013.09.27 14:26:36.554,1.12707,1.12737,1.13,1.13
2013.09.27 14:26:36.675,1.12706,1.12736,1.50,1.13
2013.09.27 14:26:36.974,1.12708,1.12738,1.50,1.50
2013.09.27 14:26:37.154,1.12708,1.12739,1.50,1.13
2013.09.27 14:26:40.708,1.12709,1.1274,1.50,1.88
2013.09.27 14:26:40.776,1.12705,1.1274,1.50,1.88
2013.09.27 14:26:40.837,1.12705,1.12736,1.88,1.50
2013.09.27 14:26:40.896,1.12706,1.12738,2.25,1.50
2013.09.27 14:26:41.512,1.12708,1.12739,1.50,1.50
2013.09.27 14:26:45.374,1.1271,1.12739,1.50,1.50
2013.09.27 14:26:49.974,1.1271,1.12736,1.50,1.13
2013.09.27 14:26:50.094,1.12707,1.12736,2.25,1.13
2013.09.27 14:26:50.214,1.12707,1.12736,1.50,1.13
2013.09.27 14:26:50.395,1.12704,1.12738,1.88,1.50
2013.09.27 14:26:50.455,1.12708,1.12738,1.50,1.50
2013.09.27 14:26:50.694,1.1271,1.12742,1.50,2.25
2013.09.27 14:26:51.046,1.1271,1.12744,1.50,1.13
2013.09.27 14:27:06.915,1.1271,1.12745,2.25,1.13
2013.09.27 14:27:07.214,1.1271,1.12739,2.25,1.13
2013.09.27 14:27:07.455,1.12716,1.12744,1.50,1.13
2013.09.27 14:27:07.515,1.12716,1.12747,1.50,3.00
2013.09.27 14:27:07.694,1.12713,1.12747,1.13,3.00
2013.09.27 14:27:08.305,1.12715,1.1275,1.50,1.88
2013.09.27 14:27:09.038,1.12717,1.1275,1.50,1.88
2013.09.27 14:27:09.284,1.12722,1.12748,1.50,1.13
2013.09.27 14:27:09.824,1.12721,1.12755,1.50,1.13
2013.09.27 14:27:10.354,1.12722,1.12754,1.88,1.50
2013.09.27 14:27:10.535,1.12723,1.12752,1.13,1.13
2013.09.27 14:27:11.940,1.12722,1.12753,1.13,1.13
2013.09.27 14:27:33.975,1.1272,1.12747,1.88,1.13
2013.09.27 14:27:34.786,1.12714,1.12741,1.13,1.13
2013.09.27 14:27:34.856,1.12712,1.12741,1.88,1.13
2013.09.27 14:27:36.196,1.12713,1.12745,1.50,1.13
2013.09.27 14:27:44.145,1.12715,1.12745,1.13,1.13
2013.09.27 14:27:44.266,1.12718,1.12745,1.50,1.13
2013.09.27 14:27:44.386,1.1272,1.12747,1.13,1.50
2013.09.27 14:27:44.924,1.12718,1.12745,1.50,1.13
2013.09.27 14:27:45.175,1.1272,1.12749,1.13,1.13
2013.09.27 14:27:47.905,1.12721,1.12749,1.13,1.13
2013.09.27 14:27:59.905,1.12718,1.1275,2.63,1.13
2013.09.27 14:28:01.172,1.12719,1.12746,1.88,1.13
2013.09.27 14:28:01.236,1.12723,1.12751,1.50,1.50
2013.09.27 14:28:01.355,1.12723,1.12751,1.50,1.50
2013.09.27 14:28:01.415,1.12728,1.12751,1.50,1.50
2013.09.27 14:28:01.774,1.12732,1.12751,1.50,1.13
2013.09.27 14:28:02.074,1.12729,1.12751,1.50,1.13
2013.09.27 14:28:02.255,1.12729,1.12751,2.25,1.13
2013.09.27 14:28:02.614,1.12726,1.12751,1.13,1.13
2013.09.27 14:28:03.869,1.12726,1.12751,1.13,1.13
2013.09.27 14:28:04.954,1.12726,1.12751,2.63,1.13
2013.09.27 14:28:05.194,1.12728,1.12756,1.50,1.50
2013.09.27 14:28:05.434,1.12728,1.12751,1.50,1.13
2013.09.27 14:28:05.615,1.12728,1.12751,1.50,1.13
2013.09.27 14:28:06.635,1.12731,1.12759,1.13,1.13
2013.09.27 14:28:12.245,1.12732,1.12764,1.13,1.13
2013.09.27 14:28:15.895,1.12733,1.12765,1.13,1.50
2013.09.27 14:28:15.955,1.12733,1.12767,1.13,1.13
2013.09.27 14:28:16.134,1.12733,1.12767,1.13,1.13
2013.09.27 14:28:16.375,1.12734,1.12769,1.13,2.63
2013.09.27 14:28:16.495,1.12737,1.12769,2.25,2.25
2013.09.27 14:28:16.897,1.12737,1.12768,3.00,1.13
2013.09.27 14:28:20.414,1.12734,1.12769,1.88,1.88
2013.09.27 14:28:24.705,1.12735,1.12764,1.50,1.50
2013.09.27 14:28:28.784,1.12735,1.12764,1.13,1.50
2013.09.27 14:28:31.694,1.12734,1.12767,1.13,1.50
2013.09.27 14:28:32.115,1.12741,1.1277,1.50,1.88
2013.09.27 14:28:32.354,1.12739,1.12771,1.13,2.55
2013.09.27 14:28:32.596,1.12742,1.12771,1.50,1.05
2013.09.27 14:28:33.655,1.12741,1.1277,1.13,1.13
2013.09.27 14:28:34.695,1.12736,1.12764,1.50,1.13
2013.09.27 14:28:34.994,1.12736,1.12764,1.50,2.63
2013.09.27 14:28:35.676,1.12736,1.12764,1.50,2.63
2013.09.27 14:28:36.096,1.12732,1.12762,1.13,1.13
2013.09.27 14:28:40.895,1.12737,1.12763,1.50,2.25
2013.09.27 14:28:42.455,1.12732,1.12762,1.13,1.50
2013.09.27 14:28:44.735,1.12736,1.12763,1.50,1.50
2013.09.27 14:28:45.115,1.12736,1.12767,1.50,1.50
2013.09.27 14:28:49.165,1.12737,1.12766,1.50,1.50
2013.09.27 14:28:50.485,1.12732,1.12766,1.88,2.25
2013.09.27 14:28:52.196,1.12737,1.12766,1.50,1.50
2013.09.27 14:28:54.117,1.12732,1.12766,1.88,2.25
2013.09.27 14:28:54.854,1.12737,1.12766,1.50,1.50
2013.09.27 14:28:57.246,1.12733,1.12766,1.50,2.25
2013.09.27 14:28:58.184,1.12736,1.12769,1.50,2.63
2013.09.27 14:28:59.447,1.12737,1.12768,1.50,1.88
2013.09.27 14:29:00.888,1.12737,1.12768,2.25,1.50
2013.09.27 14:29:01.165,1.12737,1.12768,1.50,1.88
2013.09.27 14:29:02.875,1.12737,1.12767,1.50,1.13
2013.09.27 14:29:03.234,1.12732,1.12764,2.63,1.13
2013.09.27 14:29:05.406,1.12736,1.12762,1.50,1.50
2013.09.27 14:29:05.855,1.12736,1.12761,1.50,1.88
2013.09.27 14:29:06.525,1.12736,1.12762,1.50,1.50
2013.09.27 14:29:07.224,1.12736,1.12762,1.50,1.50
2013.09.27 14:29:07.869,1.12732,1.12762,2.63,2.25
2013.09.27 14:29:09.006,1.12737,1.12762,1.50,1.88
2013.09.27 14:29:10.277,1.12737,1.12763,1.50,1.88
2013.09.27 14:29:11.605,1.12732,1.12762,2.25,1.13
2013.09.27 14:29:12.206,1.12732,1.12758,1.50,1.50
2013.09.27 14:29:12.890,1.12729,1.12756,1.13,1.50
2013.09.27 14:29:13.567,1.12729,1.12757,1.50,1.50
2013.09.27 14:29:14.987,1.12729,1.12755,1.50,1.50
2013.09.27 14:29:16.374,1.12729,1.12752,1.50,1.50
2013.09.27 14:29:16.767,1.12736,1.12761,1.50,1.50
2013.09.27 14:29:16.827,1.12736,1.12764,1.50,1.88
2013.09.27 14:29:16.886,1.12736,1.12764,1.50,1.13
2013.09.27 14:29:16.946,1.12734,1.12763,1.50,1.50
2013.09.27 14:29:17.308,1.12732,1.12761,1.50,1.88
2013.09.27 14:29:18.071,1.1274,1.1277,2.25,1.88
2013.09.27 14:29:21.434,1.12736,1.12763,1.13,1.50
2013.09.27 14:29:21.494,1.12736,1.12763,1.13,1.50
2013.09.27 14:29:21.678,1.12736,1.12763,1.13,1.50
2013.09.27 14:29:21.744,1.12736,1.12769,1.13,1.13
2013.09.27 14:29:22.164,1.12734,1.12764,1.50,1.13
2013.09.27 14:29:22.224,1.12734,1.12761,1.50,1.50
2013.09.27 14:29:24.385,1.12733,1.12762,1.50,2.25
2013.09.27 14:29:24.624,1.12736,1.12761,2.63,1.50
2013.09.27 14:29:26.184,1.12736,1.12769,1.88,1.88
2013.09.27 14:29:30.898,1.12738,1.12769,1.13,1.50
2013.09.27 14:29:31.344,1.1274,1.1277,1.13,1.88
2013.09.27 14:29:41.027,1.1274,1.1277,1.13,1.13
2013.09.27 14:29:54.485,1.12739,1.12769,1.50,1.13
2013.09.27 14:29:59.945,1.12745,1.12771,1.50,1.05
2013.09.27 14:30:00.185,1.12745,1.12772,1.13,1.05
2013.09.27 14:30:01.204,1.12741,1.12771,2.63,2.40
2013.09.27 14:30:01.384,1.12741,1.1277,2.63,1.50
2013.09.27 14:30:01.504,1.12743,1.1277,1.13,1.50
2013.09.27 14:30:02.044,1.1274,1.1277,1.88,1.50
2013.09.27 14:30:02.584,1.12747,1.12772,1.13,1.05
2013.09.27 14:30:02.704,1.12746,1.12772,1.13,1.05
2013.09.27 14:30:03.887,1.12745,1.12772,1.13,1.05
2013.09.27 14:30:04.187,1.12742,1.12768,1.13,1.50
2013.09.27 14:30:04.854,1.12739,1.12767,1.13,1.50
2013.09.27 14:30:05.395,1.12739,1.12766,1.13,1.50
2013.09.27 14:30:05.954,1.12736,1.12763,1.50,1.50
2013.09.27 14:30:06.371,1.12736,1.12763,2.25,1.50
2013.09.27 14:30:07.144,1.12738,1.12763,1.88,1.50
2013.09.27 14:30:07.687,1.12736,1.12767,2.63,1.50
2013.09.27 14:30:14.226,1.12736,1.12764,1.13,1.50
2013.09.27 14:30:14.594,1.12733,1.12762,1.88,1.13
2013.09.27 14:30:14.954,1.12732,1.12759,1.50,1.50
2013.09.27 14:30:15.476,1.12731,1.12759,2.25,2.25
2013.09.27 14:30:16.788,1.12738,1.12759,1.50,2.25
2013.09.27 14:30:17.025,1.1274,1.12764,2.25,2.25
2013.09.27 14:30:18.497,1.12742,1.12763,2.25,1.50
2013.09.27 14:30:18.556,1.12743,1.12763,1.50,1.50
2013.09.27 14:30:18.975,1.1274,1.12763,1.50,1.50
2013.09.27 14:30:19.036,1.12738,1.12764,1.13,1.50
2013.09.27 14:30:21.133,1.12739,1.12763,1.13,1.50
2013.09.27 14:30:21.615,1.12737,1.12763,1.13,1.50
2013.09.27 14:30:21.797,1.12737,1.12763,1.13,1.50
2013.09.27 14:30:24.665,1.12737,1.12763,1.50,1.88
2013.09.27 14:30:25.444,1.12734,1.12759,1.13,1.50
2013.09.27 14:30:25.520,1.12737,1.12763,1.13,2.25
2013.09.27 14:30:26.694,1.12736,1.12756,1.13,1.50
2013.09.27 14:30:26.995,1.12731,1.12756,1.50,1.50
2013.09.27 14:30:27.475,1.12741,1.12756,1.50,1.50
2013.09.27 14:30:27.535,1.12741,1.12769,2.25,1.50
2013.09.27 14:30:27.715,1.12741,1.12772,2.25,1.05
2013.09.27 14:30:28.915,1.12743,1.12772,1.50,1.05
2013.09.27 14:30:28.976,1.12743,1.12771,1.50,1.05
2013.09.27 14:30:33.225,1.12745,1.12771,1.50,1.05
2013.09.27 14:30:36.194,1.12746,1.12772,2.25,1.05
2013.09.27 14:30:36.436,1.12747,1.12772,1.50,1.05
2013.09.27 14:30:36.555,1.12746,1.12772,2.25,1.05
2013.09.27 14:30:37.096,1.12746,1.12772,3.00,1.05
2013.09.27 14:30:37.815,1.12746,1.12771,3.00,1.05
2013.09.27 14:30:40.144,1.12746,1.12771,1.50,1.05
2013.09.27 14:30:40.486,1.12744,1.12772,2.63,1.05
2013.09.27 14:30:42.286,1.12742,1.12772,1.13,1.05
2013.09.27 14:30:42.849,1.12742,1.12772,1.50,1.05
2013.09.27 14:30:43.506,1.12742,1.12771,1.13,1.05
2013.09.27 14:30:46.258,1.12742,1.12772,1.69,1.05
2013.09.27 14:30:46.916,1.12744,1.12772,1.13,1.05
2013.09.27 14:30:50.474,1.12742,1.12772,1.13,1.05
2013.09.27 14:30:51.393,1.12741,1.12772,1.88,1.05
2013.09.27 14:30:57.035,1.12742,1.12772,1.13,1.80
2013.09.27 14:31:03.967,1.12741,1.12772,1.13,1.43
2013.09.27 14:31:12.755,1.1274,1.12772,1.88,1.05
2013.09.27 14:31:13.655,1.12741,1.1277,1.50,1.13
2013.09.27 14:31:13.897,1.12741,1.12769,1.13,1.88
2013.09.27 14:31:13.955,1.1274,1.12768,1.88,2.25
2013.09.27 14:31:14.505,1.12733,1.12764,4.13,1.50
2013.09.27 14:31:14.895,1.12733,1.12763,3.75,1.13
2013.09.27 14:31:15.135,1.12734,1.12764,1.13,1.50
2013.09.27 14:31:16.267,1.12736,1.12769,1.50,2.25
2013.09.27 14:31:16.346,1.12734,1.12764,1.88,1.50
2013.09.27 14:31:20.235,1.12737,1.12768,1.50,1.88
2013.09.27 14:31:20.296,1.12743,1.12768,1.50,1.88
2013.09.27 14:31:20.476,1.12743,1.12768,1.50,1.13
2013.09.27 14:31:20.660,1.1274,1.12768,1.50,1.88
2013.09.27 14:31:21.325,1.1274,1.12768,1.13,1.50
2013.09.27 14:31:21.564,1.1274,1.12768,1.88,1.50
2013.09.27 14:31:22.964,1.12737,1.12768,1.13,1.50
2013.09.27 14:31:24.295,1.12737,1.12768,1.13,1.50
2013.09.27 14:31:24.655,1.12737,1.12767,1.13,1.50
2013.09.27 14:31:25.505,1.12737,1.12767,1.13,1.50
2013.09.27 14:31:27.031,1.12734,1.12764,2.25,1.50
2013.09.27 14:31:27.564,1.12734,1.12764,2.44,1.50
2013.09.27 14:31:28.625,1.12734,1.12764,2.44,1.50
2013.09.27 14:31:28.901,1.12733,1.12764,4.69,1.50
2013.09.27 14:31:29.145,1.12734,1.12764,1.88,1.50
2013.09.27 14:31:29.405,1.12738,1.12767,1.13,1.13
2013.09.27 14:31:31.878,1.12734,1.12764,1.69,1.50
2013.09.27 14:31:32.450,1.12734,1.12764,1.69,1.50
2013.09.27 14:31:34.254,1.12733,1.1276,1.69,1.13
2013.09.27 14:31:34.796,1.12734,1.12763,2.07,1.50
2013.09.27 14:31:35.594,1.12733,1.12764,2.07,1.50
2013.09.27 14:31:36.736,1.12733,1.12765,1.69,1.88
2013.09.27 14:31:37.474,1.12731,1.12758,1.32,1.50
2013.09.27 14:31:38.318,1.1273,1.12758,1.69,1.50
2013.09.27 14:31:39.140,1.1273,1.12758,1.69,1.50
2013.09.27 14:31:39.664,1.1273,1.12758,1.69,1.50
2013.09.27 14:31:40.345,1.1273,1.12758,1.69,1.50
2013.09.27 14:31:41.966,1.12732,1.12761,1.32,1.13
2013.09.27 14:31:42.553,1.12732,1.12763,1.32,2.63
2013.09.27 14:31:45.134,1.12731,1.12761,1.32,1.13
2013.09.27 14:31:45.709,1.12732,1.12762,1.32,1.13
2013.09.27 14:31:47.855,1.12731,1.12762,1.32,1.13
2013.09.27 14:31:48.390,1.12732,1.12763,1.32,2.25
2013.09.27 14:31:49.005,1.1273,1.12763,2.07,2.63
2013.09.27 14:31:51.465,1.1273,1.12759,1.32,1.50
2013.09.27 14:31:52.185,1.12732,1.12761,1.32,1.13
2013.09.27 14:31:52.545,1.12729,1.12758,2.82,1.50
2013.09.27 14:31:53.085,1.12728,1.12758,1.32,1.50
2013.09.27 14:31:53.894,1.12728,1.12759,1.32,1.88
2013.09.27 14:31:54.435,1.12729,1.12759,1.32,1.88
2013.09.27 14:31:56.535,1.12729,1.12759,1.32,1.88
2013.09.27 14:31:59.879,1.12729,1.12759,1.32,1.50
2013.09.27 14:32:04.427,1.12728,1.12758,2.07,1.13
2013.09.27 14:32:04.487,1.12728,1.12757,2.07,1.13
2013.09.27 14:32:04.547,1.12725,1.12754,1.69,1.50
2013.09.27 14:32:07.866,1.12725,1.12754,1.69,1.50
2013.09.27 14:32:08.427,1.12725,1.12754,1.69,1.50
2013.09.27 14:32:10.196,1.12727,1.12754,1.32,1.50
2013.09.27 14:32:11.168,1.12728,1.12754,1.69,1.50
2013.09.27 14:32:15.603,1.12728,1.12754,1.69,1.50
2013.09.27 14:32:15.665,1.12728,1.12754,1.69,1.50
2013.09.27 14:32:18.775,1.12727,1.12754,2.07,1.50
2013.09.27 14:32:19.255,1.12727,1.12754,1.69,1.50
2013.09.27 14:32:19.315,1.12727,1.12754,1.69,1.50
2013.09.27 14:32:39.495,1.1273,1.12751,1.13,1.50
2013.09.27 14:32:39.676,1.1273,1.12754,1.13,1.50
2013.09.27 14:32:39.735,1.1273,1.12756,1.13,1.50
2013.09.27 14:32:44.725,1.12729,1.12754,2.44,1.50
2013.09.27 14:32:45.387,1.1273,1.12759,1.13,1.50
2013.09.27 14:32:47.398,1.12729,1.12754,1.32,1.50
2013.09.27 14:32:53.196,1.12729,1.12754,1.69,1.50
2013.09.27 14:32:55.726,1.12726,1.12754,1.69,1.50
2013.09.27 14:32:56.971,1.12727,1.12754,1.32,1.50
2013.09.27 14:32:57.585,1.12726,1.12754,2.07,1.50
2013.09.27 14:32:58.145,1.12725,1.12756,1.32,2.25
2013.09.27 14:32:58.206,1.12722,1.12753,3.38,1.50
2013.09.27 14:32:58.266,1.12722,1.12753,3.38,2.25
2013.09.27 14:32:58.386,1.12722,1.12753,3.38,2.63
2013.09.27 14:32:58.824,1.12722,1.12753,3.38,3.38
2013.09.27 14:33:01.456,1.12722,1.12753,3.38,3.38
2013.09.27 14:33:02.115,1.12722,1.12753,3.38,3.38
2013.09.27 14:33:02.775,1.12722,1.12753,3.38,3.38
2013.09.27 14:33:05.015,1.12722,1.12753,3.38,2.63
2013.09.27 14:33:06.435,1.12722,1.12753,3.38,2.25
2013.09.27 14:33:06.968,1.12722,1.12751,3.00,1.13
2013.09.27 14:33:08.286,1.12722,1.12751,2.63,1.50
2013.09.27 14:33:08.695,1.12722,1.1275,1.50,1.13
2013.09.27 14:33:24.557,1.12722,1.12746,1.50,1.13
2013.09.27 14:33:24.885,1.1272,1.12748,1.13,1.13
2013.09.27 14:33:25.425,1.12719,1.12746,1.13,1.50
2013.09.27 14:33:25.885,1.12717,1.12744,1.13,1.13
2013.09.27 14:33:31.098,1.12717,1.12744,1.13,1.88
2013.09.27 14:33:31.215,1.12717,1.12744,1.13,1.88
2013.09.27 14:33:32.498,1.1272,1.12748,1.13,1.88
2013.09.27 14:33:33.495,1.1272,1.12746,1.13,1.13
2013.09.27 14:33:34.486,1.1272,1.12746,1.13,1.13
2013.09.27 14:33:34.605,1.1272,1.12747,1.13,1.50
2013.09.27 14:33:34.726,1.12719,1.12749,1.13,1.88
2013.09.27 14:33:34.907,1.12726,1.1275,1.13,1.50
2013.09.27 14:33:35.035,1.12729,1.12752,1.88,1.50
2013.09.27 14:33:35.215,1.12729,1.12754,1.88,1.88
2013.09.27 14:33:35.276,1.12729,1.12753,1.50,1.50
2013.09.27 14:33:36.473,1.12728,1.12752,2.25,1.50
2013.09.27 14:33:36.785,1.12728,1.12755,1.50,1.50
2013.09.27 14:33:37.585,1.12728,1.12754,1.50,1.50
2013.09.27 14:33:38.005,1.12721,1.12749,1.50,1.13
2013.09.27 14:33:38.065,1.1272,1.12749,1.88,1.13
2013.09.27 14:33:38.365,1.1272,1.12748,1.13,1.13
2013.09.27 14:33:40.224,1.12715,1.12746,2.25,1.50
2013.09.27 14:33:49.296,1.12717,1.12745,1.13,1.50
2013.09.27 14:33:52.168,1.12716,1.12745,2.63,1.50
2013.09.27 14:33:54.465,1.12716,1.12745,1.13,1.50
2013.09.27 14:33:56.207,1.12716,1.12745,1.50,1.50
2013.09.27 14:33:56.566,1.12717,1.12745,1.13,1.50
2013.09.27 14:33:57.456,1.12716,1.12745,1.50,1.50
2013.09.27 14:33:57.996,1.12716,1.12745,1.88,1.50
2013.09.27 14:33:58.757,1.12716,1.12745,1.88,1.50
2013.09.27 14:33:59.684,1.12716,1.12745,1.88,1.50
2013.09.27 14:34:00.657,1.12716,1.12745,1.88,1.50
2013.09.27 14:34:01.345,1.12717,1.12745,1.13,1.50
2013.09.27 14:34:01.705,1.12719,1.12745,1.13,1.50
2013.09.27 14:34:02.065,1.12718,1.12742,1.13,1.13
2013.09.27 14:34:02.425,1.12716,1.12742,1.50,2.25
2013.09.27 14:34:02.486,1.12718,1.12742,1.88,1.50
2013.09.27 14:34:02.665,1.12718,1.12747,3.38,1.50
2013.09.27 14:34:03.215,1.12719,1.12747,2.25,1.13
2013.09.27 14:34:05.445,1.1272,1.12748,1.88,1.50
2013.09.27 14:34:06.395,1.12719,1.12747,1.50,1.50
2013.09.27 14:34:06.696,1.12723,1.12747,1.50,1.50
2013.09.27 14:34:06.755,1.12722,1.12748,1.50,2.25
2013.09.27 14:34:07.295,1.12718,1.12748,2.63,2.63
2013.09.27 14:34:07.487,1.12718,1.12747,1.88,1.50
2013.09.27 14:34:08.419,1.12718,1.12747,1.88,2.25
2013.09.27 14:34:16.935,1.12726,1.12747,1.13,1.13
2013.09.27 14:34:17.475,1.12723,1.12747,1.50,1.13
2013.09.27 14:34:17.534,1.12721,1.12747,2.25,1.13
2013.09.27 14:34:29.316,1.12723,1.12749,1.50,1.50
2013.09.27 14:34:29.676,1.12722,1.12746,1.50,2.25
2013.09.27 14:34:29.735,1.12718,1.12744,1.50,1.50
2013.09.27 14:34:29.915,1.12718,1.12744,1.13,1.50
2013.09.27 14:34:30.155,1.12712,1.1274,1.50,1.50
2013.09.27 14:34:30.275,1.12712,1.12742,1.50,1.50
2013.09.27 14:34:30.827,1.12712,1.12744,1.50,1.88
2013.09.27 14:34:30.946,1.12712,1.12741,1.50,1.50
2013.09.27 14:34:31.305,1.12712,1.12743,1.50,2.63
2013.09.27 14:34:31.605,1.12712,1.12742,1.50,1.13
2013.09.27 14:34:32.528,1.12711,1.12742,1.13,1.13
2013.09.27 14:34:33.075,1.12711,1.12742,1.13,1.13
2013.09.27 14:34:33.387,1.12711,1.12736,1.13,1.13
2013.09.27 14:34:42.855,1.1271,1.12736,1.13,1.13
2013.09.27 14:34:43.035,1.1271,1.12736,1.13,1.13
2013.09.27 14:34:43.095,1.1271,1.12736,1.13,1.13
2013.09.27 14:34:43.215,1.12702,1.12732,2.44,1.13
2013.09.27 14:34:43.395,1.12702,1.12732,2.44,1.50
2013.09.27 14:34:43.515,1.12702,1.12732,1.50,1.13
2013.09.27 14:34:43.635,1.12701,1.12732,1.50,1.13
2013.09.27 14:34:43.997,1.12705,1.12728,1.13,1.13
2013.09.27 14:34:44.556,1.12705,1.12728,1.32,1.13
2013.09.27 14:34:44.945,1.12705,1.12728,1.32,1.13
2013.09.27 14:34:45.065,1.12705,1.12728,1.32,1.13
2013.09.27 14:34:45.665,1.12705,1.12728,1.32,1.13
2013.09.27 14:34:45.727,1.12705,1.12728,1.32,1.13
2013.09.27 14:34:46.035,1.12704,1.12728,1.32,1.13
2013.09.27 14:34:46.241,1.12705,1.12728,1.32,1.13
2013.09.27 14:34:47.601,1.12704,1.12728,1.32,1.13
2013.09.27 14:34:48.426,1.12705,1.12728,1.32,1.13
2013.09.27 14:34:48.996,1.12705,1.12728,1.32,1.13
2013.09.27 14:34:50.015,1.12704,1.12729,1.13,1.13
2013.09.27 14:34:51.189,1.12705,1.12729,1.13,1.13
2013.09.27 14:35:01.525,1.12705,1.12724,1.32,1.50
2013.09.27 14:35:02.776,1.12705,1.12729,1.32,1.13
2013.09.27 14:35:05.206,1.12705,1.12729,1.32,1.13
2013.09.27 14:35:05.507,1.12705,1.12729,1.32,1.13
2013.09.27 14:35:07.976,1.12708,1.12734,2.44,1.50
2013.09.27 14:35:08.397,1.12711,1.12734,1.69,2.25
2013.09.27 14:35:08.517,1.12711,1.12728,1.69,1.13
2013.09.27 14:35:15.315,1.12711,1.12729,1.69,1.13
2013.09.27 14:35:20.944,1.12711,1.12728,1.50,1.13
2013.09.27 14:35:22.907,1.12711,1.12732,1.69,1.13
2013.09.27 14:35:23.499,1.12714,1.12732,1.69,1.13
2013.09.27 14:35:24.019,1.12716,1.12732,1.50,1.13
2013.09.27 14:35:24.636,1.12714,1.12732,1.50,1.13
2013.09.27 14:35:25.055,1.12714,1.12732,1.50,1.13
2013.09.27 14:35:30.088,1.12716,1.12737,1.50,1.13
2013.09.27 14:35:30.396,1.12716,1.12737,1.13,1.13
2013.09.27 14:35:30.577,1.12711,1.12737,1.32,1.13
2013.09.27 14:35:30.697,1.12711,1.12737,1.32,1.13
2013.09.27 14:35:31.634,1.12711,1.12736,1.32,1.13
2013.09.27 14:35:32.008,1.12714,1.12736,1.32,1.13
2013.09.27 14:35:32.126,1.12717,1.12739,1.13,1.50
2013.09.27 14:35:32.664,1.12718,1.12747,2.25,2.25
2013.09.27 14:35:33.025,1.12717,1.12739,1.50,1.50
2013.09.27 14:35:33.565,1.12719,1.12746,1.13,1.13
2013.09.27 14:35:34.085,1.12718,1.12739,1.50,1.50
2013.09.27 14:35:35.386,1.12714,1.12739,2.44,1.50
2013.09.27 14:35:35.505,1.12714,1.12739,2.44,1.50
2013.09.27 14:35:37.927,1.12714,1.12739,1.88,1.50
2013.09.27 14:35:38.468,1.12712,1.12739,1.13,1.50
2013.09.27 14:35:39.036,1.12714,1.12739,1.50,1.50
2013.09.27 14:35:39.395,1.12718,1.12746,1.13,1.13
2013.09.27 14:35:39.696,1.12719,1.12746,1.13,1.13
2013.09.27 14:35:39.815,1.12719,1.12746,1.13,1.13
2013.09.27 14:35:40.236,1.12719,1.12746,1.13,1.13
2013.09.27 14:35:41.925,1.12718,1.12746,1.13,1.13
2013.09.27 14:35:42.575,1.12722,1.12746,1.50,1.13
2013.09.27 14:35:43.119,1.12722,1.12747,1.50,1.13
2013.09.27 14:35:45.415,1.12722,1.12747,1.69,1.13
2013.09.27 14:35:46.571,1.12722,1.12747,1.69,1.13
2013.09.27 14:35:47.045,1.12722,1.12747,1.32,1.13
2013.09.27 14:35:48.569,1.12722,1.12747,1.32,1.13
2013.09.27 14:35:49.665,1.12722,1.12747,1.13,1.13
2013.09.27 14:35:54.425,1.12717,1.12747,1.32,1.13
2013.09.27 14:35:54.975,1.12717,1.12747,1.32,1.13
2013.09.27 14:35:55.575,1.12716,1.12745,3.75,1.13
2013.09.27 14:35:58.115,1.12716,1.12743,3.00,1.13
2013.09.27 14:35:58.234,1.12716,1.12743,2.25,1.13
2013.09.27 14:35:58.535,1.12716,1.12747,1.88,1.50
2013.09.27 14:36:00.319,1.12714,1.12743,1.69,1.50
2013.09.27 14:36:01.331,1.12716,1.12747,1.13,1.50
2013.09.27 14:36:02.021,1.12716,1.12747,1.13,1.50
2013.09.27 14:36:03.446,1.12716,1.12747,1.13,1.50
2013.09.27 14:36:04.026,1.12716,1.12747,1.13,1.50
2013.09.27 14:36:04.397,1.12719,1.12749,1.88,1.50
2013.09.27 14:36:04.715,1.12721,1.12748,1.13,1.50
2013.09.27 14:36:05.255,1.12719,1.12749,1.88,1.50
2013.09.27 14:36:09.525,1.12718,1.12749,1.88,3.00
2013.09.27 14:36:09.764,1.12718,1.12743,1.88,1.50
2013.09.27 14:36:09.824,1.12718,1.12743,1.88,1.50
2013.09.27 14:36:11.088,1.12718,1.12749,1.88,3.00
2013.09.27 14:36:11.395,1.12718,1.12749,1.88,3.00
2013.09.27 14:36:11.515,1.12718,1.12743,1.88,1.50
2013.09.27 14:36:12.275,1.12718,1.12748,1.88,1.50
2013.09.27 14:36:14.005,1.12718,1.12743,1.88,1.50
2013.09.27 14:36:14.486,1.12718,1.12743,1.88,1.50
2013.09.27 14:36:14.776,1.12718,1.12743,1.50,1.50
2013.09.27 14:36:14.928,1.12718,1.12743,1.88,1.50
2013.09.27 14:36:17.425,1.12718,1.12743,1.88,1.50
2013.09.27 14:36:17.935,1.12718,1.12743,1.88,1.50
2013.09.27 14:36:21.435,1.12717,1.12745,1.13,1.88
2013.09.27 14:36:21.676,1.12711,1.12744,1.13,4.13
2013.09.27 14:36:22.095,1.12706,1.12737,1.50,1.50
2013.09.27 14:36:22.155,1.12705,1.12737,1.88,1.50
2013.09.27 14:36:22.275,1.12702,1.12736,1.13,1.13
2013.09.27 14:36:22.825,1.12702,1.12735,1.50,1.50
2013.09.27 14:36:23.075,1.12706,1.12737,1.13,2.63
2013.09.27 14:36:23.244,1.12706,1.12735,1.13,1.13
2013.09.27 14:36:24.016,1.12706,1.12735,1.13,1.13
2013.09.27 14:36:24.679,1.12706,1.12736,1.13,1.13
2013.09.27 14:36:24.738,1.12706,1.12736,1.13,1.13
2013.09.27 14:36:25.035,1.12706,1.12733,1.13,1.50
2013.09.27 14:36:25.776,1.12706,1.12733,1.13,1.50
2013.09.27 14:36:26.360,1.12706,1.12735,1.13,1.13
2013.09.27 14:36:26.765,1.12706,1.12735,1.13,1.13
2013.09.27 14:36:27.379,1.12706,1.12733,1.13,1.50
2013.09.27 14:36:28.686,1.12706,1.12733,1.32,1.50
2013.09.27 14:36:28.992,1.12702,1.12731,1.32,1.13
2013.09.27 14:36:29.298,1.12705,1.12734,1.69,1.13
2013.09.27 14:36:29.846,1.12704,1.12734,1.69,1.13
2013.09.27 14:36:32.817,1.12702,1.12729,2.44,1.50
2013.09.27 14:36:33.055,1.12701,1.12726,1.32,1.50
2013.09.27 14:36:33.115,1.12701,1.12724,1.32,1.50
2013.09.27 14:36:33.177,1.12701,1.12728,1.69,1.50
2013.09.27 14:36:33.236,1.12703,1.12728,1.32,1.50
2013.09.27 14:36:33.296,1.12704,1.12728,1.32,1.50
2013.09.27 14:36:33.475,1.12704,1.12732,1.32,1.50
2013.09.27 14:36:33.541,1.12702,1.12733,1.32,1.13
2013.09.27 14:36:33.666,1.12702,1.12735,1.32,1.50
2013.09.27 14:36:33.726,1.12704,1.12735,1.32,1.50
2013.09.27 14:36:34.879,1.12712,1.12736,1.13,1.13
2013.09.27 14:36:35.875,1.12712,1.12742,1.69,1.13
2013.09.27 14:36:36.055,1.12714,1.12748,2.07,1.50
2013.09.27 14:36:37.811,1.12716,1.12746,1.32,1.50
2013.09.27 14:36:38.566,1.12716,1.12746,1.32,1.88
2013.09.27 14:36:38.889,1.12716,1.12746,1.32,1.88
2013.09.27 14:36:39.357,1.12716,1.12746,1.32,1.88
2013.09.27 14:36:39.966,1.12716,1.12749,1.32,1.88
2013.09.27 14:36:40.085,1.12716,1.12749,1.32,2.63
2013.09.27 14:36:41.775,1.12714,1.12744,2.07,1.88
2013.09.27 14:36:41.835,1.12714,1.12744,1.32,1.88
2013.09.27 14:36:42.365,1.12713,1.12744,2.82,1.88
2013.09.27 14:36:44.592,1.12713,1.12744,2.82,1.50
2013.09.27 14:36:45.366,1.12716,1.12746,1.13,1.13
2013.09.27 14:36:49.240,1.12713,1.12744,2.07,1.50
2013.09.27 14:36:49.545,1.12713,1.12743,1.50,1.13
2013.09.27 14:36:49.665,1.12713,1.12744,1.50,1.50
2013.09.27 14:36:49.785,1.12713,1.12743,1.50,1.13
2013.09.27 14:36:49.906,1.12713,1.12743,1.50,1.13
2013.09.27 14:36:50.085,1.1271,1.12741,1.88,1.13
2013.09.27 14:36:51.926,1.12714,1.12744,1.50,1.13
2013.09.27 14:36:55.669,1.12709,1.12739,1.88,1.13
2013.09.27 14:36:55.737,1.12706,1.1274,1.50,1.13
2013.09.27 14:36:56.276,1.12705,1.12738,1.13,1.13
2013.09.27 14:36:56.396,1.12705,1.12738,1.69,1.88
2013.09.27 14:36:56.456,1.12703,1.12733,1.32,1.13
2013.09.27 14:36:57.445,1.12704,1.12735,2.07,1.13
2013.09.27 14:36:59.505,1.12706,1.12738,1.88,1.13
2013.09.27 14:36:59.566,1.12707,1.12739,1.69,1.50
2013.09.27 14:36:59.880,1.12709,1.12738,1.50,1.13
2013.09.27 14:36:59.946,1.12707,1.12733,1.69,1.50
2013.09.27 14:37:01.488,1.12709,1.12738,1.50,1.13
2013.09.27 14:37:01.726,1.12705,1.12733,1.69,1.50
2013.09.27 14:37:02.176,1.12705,1.12732,1.50,1.50
2013.09.27 14:37:02.295,1.12703,1.12732,2.82,1.50
2013.09.27 14:37:03.052,1.12704,1.12732,2.44,1.50
2013.09.27 14:37:04.365,1.12705,1.12732,1.35,1.50
2013.09.27 14:37:05.964,1.12706,1.12734,1.35,1.13
2013.09.27 14:37:06.495,1.12706,1.12736,1.35,1.13
2013.09.27 14:37:07.013,1.12706,1.12736,1.35,1.13
2013.09.27 14:37:08.797,1.12706,1.12736,1.35,1.13
2013.09.27 14:37:08.899,1.12706,1.12736,1.35,1.13
2013.09.27 14:37:10.145,1.12706,1.12736,1.35,1.13
2013.09.27 14:37:11.376,1.12706,1.12736,1.54,1.13
2013.09.27 14:37:11.969,1.12706,1.12735,1.92,1.13
2013.09.27 14:37:12.702,1.12706,1.12737,2.67,1.13
2013.09.27 14:37:13.086,1.12706,1.12738,2.29,2.25
2013.09.27 14:37:15.485,1.12706,1.12737,1.54,1.50
2013.09.27 14:37:16.025,1.12706,1.12737,1.54,1.50
2013.09.27 14:37:16.565,1.12706,1.12737,1.54,1.50
2013.09.27 14:37:17.125,1.12706,1.12737,1.54,1.50
2013.09.27 14:37:19.577,1.12706,1.12737,1.35,1.88
2013.09.27 14:37:20.166,1.12706,1.12736,1.35,1.13
2013.09.27 14:37:20.715,1.12706,1.12734,1.35,1.13
2013.09.27 14:37:23.075,1.12706,1.12733,1.35,1.13
2013.09.27 14:37:23.625,1.12706,1.12736,1.54,1.13
2013.09.27 14:37:24.195,1.12706,1.12733,1.54,1.13
2013.09.27 14:37:25.445,1.12706,1.12737,1.54,2.63
2013.09.27 14:37:25.955,1.12706,1.12737,1.54,2.63
2013.09.27 14:37:27.757,1.12706,1.12737,1.54,1.88
2013.09.27 14:37:28.581,1.12706,1.12737,1.54,1.88
2013.09.27 14:37:29.796,1.12706,1.12737,1.54,1.88
2013.09.27 14:37:30.326,1.12706,1.12737,1.54,1.88
2013.09.27 14:37:30.948,1.12706,1.12737,1.54,1.88
2013.09.27 14:37:32.639,1.12706,1.12737,1.54,1.88
2013.09.27 14:37:33.805,1.12706,1.12737,1.54,1.88
2013.09.27 14:37:34.795,1.12706,1.12737,1.54,1.88
2013.09.27 14:37:35.327,1.12706,1.12737,1.54,1.88
2013.09.27 14:37:35.995,1.12706,1.12737,1.54,1.88
2013.09.27 14:37:37.207,1.12706,1.12737,1.54,1.88
2013.09.27 14:37:37.738,1.12706,1.12737,1.35,1.88
2013.09.27 14:37:38.345,1.12706,1.12737,1.35,1.88
2013.09.27 14:37:39.007,1.12706,1.12737,1.35,1.88
2013.09.27 14:37:40.585,1.12706,1.12737,1.35,1.88
2013.09.27 14:37:42.836,1.12706,1.12737,1.35,1.88
2013.09.27 14:37:43.383,1.12706,1.12737,1.35,1.88
2013.09.27 14:37:43.965,1.12706,1.12737,1.35,1.88
2013.09.27 14:37:45.356,1.12706,1.12737,1.35,1.88
2013.09.27 14:37:48.108,1.12706,1.12737,1.35,1.88
2013.09.27 14:37:49.346,1.12708,1.12737,1.35,1.50
2013.09.27 14:37:49.657,1.12708,1.12739,1.35,2.63
2013.09.27 14:37:49.835,1.12706,1.12737,2.29,1.13
2013.09.27 14:37:50.577,1.12706,1.12737,2.10,1.13
2013.09.27 14:37:51.366,1.12706,1.12735,1.35,1.13
2013.09.27 14:37:52.226,1.12706,1.12735,1.35,1.13
2013.09.27 14:37:52.746,1.12707,1.12737,1.35,1.13
2013.09.27 14:37:54.162,1.12707,1.12737,1.35,1.13
2013.09.27 14:37:55.018,1.12708,1.12735,1.54,1.13
2013.09.27 14:37:55.755,1.12706,1.12735,1.54,1.13
2013.09.27 14:37:56.655,1.12706,1.12735,1.54,1.13
2013.09.27 14:37:58.766,1.12706,1.12735,1.54,1.13
2013.09.27 14:37:59.286,1.12706,1.12735,1.54,1.13
2013.09.27 14:38:00.052,1.12706,1.12735,1.54,1.13
2013.09.27 14:38:00.848,1.12706,1.12735,1.54,1.13
2013.09.27 14:38:01.429,1.12706,1.12735,1.54,1.13
2013.09.27 14:38:02.507,1.12706,1.12735,1.35,1.13
2013.09.27 14:38:03.027,1.12706,1.12735,1.35,1.13
2013.09.27 14:38:03.796,1.12706,1.12735,1.35,1.13
2013.09.27 14:38:05.876,1.12704,1.12735,1.54,1.13
2013.09.27 14:38:07.724,1.12704,1.12735,1.54,1.13
2013.09.27 14:38:08.494,1.12704,1.12735,1.54,1.13
2013.09.27 14:38:08.958,1.12703,1.12734,1.54,1.13
2013.09.27 14:38:09.295,1.12702,1.12732,1.73,1.13
2013.09.27 14:38:10.235,1.12702,1.12728,1.35,1.13
2013.09.27 14:38:10.778,1.12702,1.12728,1.35,1.13
2013.09.27 14:38:10.965,1.12706,1.12734,1.35,3.00
2013.09.27 14:38:11.166,1.12702,1.12729,1.35,1.13
2013.09.27 14:38:11.705,1.12702,1.12729,1.35,1.13
2013.09.27 14:38:12.032,1.12699,1.12729,1.92,1.13
2013.09.27 14:38:12.475,1.12706,1.12732,1.35,1.13
2013.09.27 14:38:13.016,1.12706,1.12733,1.35,1.13
2013.09.27 14:38:13.576,1.12702,1.12728,2.10,1.13
2013.09.27 14:38:14.255,1.12702,1.12728,2.29,1.13
2013.09.27 14:38:14.932,1.12702,1.12728,2.29,1.13
2013.09.27 14:38:15.176,1.12702,1.12729,1.35,1.13
2013.09.27 14:38:15.537,1.12702,1.12723,1.35,1.50
2013.09.27 14:38:16.076,1.12704,1.12723,1.35,1.50
2013.09.27 14:38:16.736,1.12702,1.12724,2.10,1.13
2013.09.27 14:38:17.277,1.12703,1.12722,1.35,1.50
2013.09.27 14:38:17.861,1.12702,1.12724,1.35,1.50
2013.09.27 14:38:18.395,1.12702,1.12724,1.35,1.50
2013.09.27 14:38:19.918,1.12702,1.12724,1.35,1.50
2013.09.27 14:38:20.037,1.12702,1.12724,1.35,1.13
2013.09.27 14:38:20.555,1.12702,1.12728,2.10,1.13
2013.09.27 14:38:20.676,1.12702,1.12728,2.10,1.13
2013.09.27 14:38:20.980,1.12706,1.12733,1.35,1.13
2013.09.27 14:38:21.535,1.12706,1.12733,1.35,1.13
2013.09.27 14:38:22.545,1.12706,1.12733,1.35,1.13
2013.09.27 14:38:23.307,1.12706,1.12733,1.35,1.13
2013.09.27 14:38:23.876,1.12706,1.12734,2.10,1.88
2013.09.27 14:38:23.936,1.12706,1.12734,2.10,1.88
2013.09.27 14:38:24.235,1.12709,1.12735,1.50,1.13
2013.09.27 14:38:24.295,1.12709,1.12736,1.50,2.25
2013.09.27 14:38:24.835,1.12712,1.12738,1.69,1.13
2013.09.27 14:38:25.646,1.12712,1.12742,1.69,2.25
2013.09.27 14:38:27.396,1.12709,1.12739,1.54,1.50
2013.09.27 14:38:29.401,1.12708,1.12739,3.04,1.13
2013.09.27 14:38:29.935,1.12709,1.12739,1.54,1.88
2013.09.27 14:38:30.116,1.12711,1.12739,1.50,1.50
2013.09.27 14:38:30.356,1.12711,1.12739,1.50,1.13
2013.09.27 14:38:30.960,1.12711,1.12739,1.50,1.13
2013.09.27 14:38:31.145,1.12711,1.12739,1.69,1.88
2013.09.27 14:38:31.265,1.12711,1.1274,1.69,2.25
2013.09.27 14:38:31.805,1.12709,1.1274,2.07,1.88
2013.09.27 14:38:33.705,1.12711,1.12741,1.50,2.25
2013.09.27 14:38:34.216,1.12709,1.12738,1.69,1.13
2013.09.27 14:38:34.516,1.12709,1.12739,2.10,3.00
2013.09.27 14:38:35.432,1.12711,1.12742,1.50,4.13
2013.09.27 14:38:35.616,1.12713,1.12742,1.50,2.63
2013.09.27 14:38:36.229,1.12715,1.12742,1.32,1.50
2013.09.27 14:38:36.946,1.12713,1.12742,1.50,1.88
2013.09.27 14:38:37.275,1.12716,1.12742,1.50,1.50
2013.09.27 14:38:37.805,1.12716,1.12742,1.50,1.50
2013.09.27 14:38:38.052,1.12713,1.12742,2.07,1.50
2013.09.27 14:38:38.875,1.12714,1.12742,1.69,2.25
2013.09.27 14:38:39.413,1.12713,1.12742,2.07,2.25
2013.09.27 14:38:41.867,1.12714,1.12742,1.50,1.50
2013.09.27 14:38:42.377,1.12713,1.12742,1.50,2.25
2013.09.27 14:38:43.697,1.12714,1.12742,1.88,2.25
2013.09.27 14:38:44.150,1.12716,1.12742,1.50,1.50
2013.09.27 14:38:44.477,1.12716,1.12741,1.69,1.50
2013.09.27 14:38:44.658,1.12713,1.12737,1.69,1.50
2013.09.27 14:38:44.718,1.12714,1.12737,1.50,1.50
2013.09.27 14:38:44.837,1.12714,1.12743,1.69,1.50
2013.09.27 14:38:48.487,1.12712,1.12742,1.69,1.50
2013.09.27 14:38:49.398,1.12712,1.12742,1.69,2.25
2013.09.27 14:38:50.426,1.12712,1.12742,1.69,2.25
2013.09.27 14:38:50.927,1.12712,1.12742,1.69,2.25
2013.09.27 14:38:51.486,1.12712,1.12742,1.69,2.25
2013.09.27 14:38:52.146,1.12714,1.12742,1.69,2.25
2013.09.27 14:38:52.325,1.12716,1.12744,1.50,1.50
2013.09.27 14:38:52.647,1.12712,1.12742,1.69,1.50
2013.09.27 14:38:53.006,1.12712,1.12741,1.69,1.13
2013.09.27 14:38:53.185,1.12716,1.12742,1.13,1.13
2013.09.27 14:38:53.546,1.12717,1.12743,1.50,1.50
2013.09.27 14:38:53.905,1.12723,1.12749,1.50,1.13
2013.09.27 14:38:53.965,1.12721,1.12749,1.50,1.88
2013.09.27 14:38:54.205,1.12724,1.12749,1.50,1.88
2013.09.27 14:38:54.265,1.12724,1.12749,1.88,1.13
2013.09.27 14:38:54.326,1.12723,1.12749,1.88,1.50
2013.09.27 14:38:55.395,1.12723,1.12749,1.13,1.50
2013.09.27 14:38:57.835,1.12724,1.12749,1.13,1.50
2013.09.27 14:38:58.395,1.12723,1.12749,1.13,1.50
2013.09.27 14:38:58.856,1.12723,1.12746,1.13,1.50
2013.09.27 14:38:58.975,1.12719,1.12746,2.63,1.50
2013.09.27 14:38:59.517,1.12721,1.12748,1.13,1.50
2013.09.27 14:39:01.766,1.12719,1.12746,1.13,1.50
2013.09.27 14:39:02.966,1.12718,1.1274,1.88,1.13
2013.09.27 14:39:03.027,1.12718,1.12737,1.50,1.50
2013.09.27 14:39:03.325,1.12717,1.12746,4.13,1.50
2013.09.27 14:39:03.757,1.12713,1.12744,2.82,1.50
2013.09.27 14:39:03.995,1.12713,1.12742,2.25,1.13
2013.09.27 14:39:04.355,1.12711,1.12741,1.50,1.88
2013.09.27 14:39:04.715,1.12709,1.12739,1.35,1.13
2013.09.27 14:39:04.776,1.12708,1.12737,1.35,1.50
2013.09.27 14:39:04.955,1.12709,1.12736,1.35,1.13
2013.09.27 14:39:05.626,1.12708,1.12737,2.85,1.88
2013.09.27 14:39:13.815,1.12709,1.12737,1.50,1.13
2013.09.27 14:39:19.108,1.12706,1.12739,1.50,1.88
2013.09.27 14:39:19.229,1.12706,1.12735,1.13,1.13
2013.09.27 14:39:19.287,1.12706,1.12735,1.13,1.88
2013.09.27 14:39:19.467,1.12702,1.12731,1.13,2.63
2013.09.27 14:39:19.649,1.12696,1.12727,1.88,1.13
2013.09.27 14:39:19.706,1.12696,1.12722,1.50,1.13
2013.09.27 14:39:20.067,1.12691,1.12715,1.13,2.25
2013.09.27 14:39:20.426,1.12691,1.12704,2.07,1.50
2013.09.27 14:39:20.976,1.12691,1.12704,2.07,1.50
2013.09.27 14:39:21.527,1.12693,1.12705,1.50,1.50
2013.09.27 14:39:21.915,1.12694,1.12706,1.50,1.50
2013.09.27 14:39:21.976,1.12689,1.12701,3.19,1.50
2013.09.27 14:39:22.455,1.12685,1.12697,1.13,1.50
2013.09.27 14:39:22.697,1.12683,1.12698,1.13,1.50
2013.09.27 14:39:22.875,1.12682,1.12697,1.50,1.50
2013.09.27 14:39:23.056,1.12682,1.12697,1.50,1.50
2013.09.27 14:39:23.633,1.12682,1.12697,1.50,1.50
2013.09.27 14:39:25.046,1.12682,1.12695,1.50,1.50
2013.09.27 14:39:25.446,1.12682,1.12697,1.13,2.25
2013.09.27 14:39:25.965,1.12676,1.12693,1.88,2.25
2013.09.27 14:39:26.205,1.12676,1.12693,1.13,1.50
2013.09.27 14:39:26.326,1.12674,1.12693,1.13,1.50
2013.09.27 14:39:26.686,1.12681,1.12692,1.69,1.50
2013.09.27 14:39:27.461,1.12676,1.12703,2.25,1.50
2013.09.27 14:39:27.649,1.12676,1.12711,2.25,1.13
2013.09.27 14:39:27.708,1.12676,1.12709,1.50,1.50
2013.09.27 14:39:27.898,1.12676,1.12708,1.88,1.50
2013.09.27 14:39:28.079,1.12676,1.12713,2.44,1.50
2013.09.27 14:39:28.910,1.12677,1.12712,1.88,1.50
2013.09.27 14:39:29.255,1.12677,1.12712,1.50,1.50
2013.09.27 14:39:30.666,1.12677,1.1271,1.88,1.50
2013.09.27 14:39:34.927,1.12677,1.1271,2.07,1.88
2013.09.27 14:39:35.285,1.12681,1.1271,1.32,1.13
2013.09.27 14:39:36.466,1.12684,1.1271,1.69,1.13
2013.09.27 14:39:38.370,1.12682,1.1271,1.32,1.13
2013.09.27 14:39:38.928,1.12683,1.1271,1.32,1.13
2013.09.27 14:39:38.988,1.12684,1.12714,1.32,1.88
2013.09.27 14:39:45.456,1.12684,1.12698,1.32,1.50
2013.09.27 14:39:45.995,1.12683,1.12694,1.13,1.50
2013.09.27 14:39:46.556,1.12684,1.12694,1.13,1.50
2013.09.27 14:39:47.255,1.12682,1.12694,1.13,2.25
2013.09.27 14:39:47.375,1.12681,1.12694,1.13,1.50
2013.09.27 14:39:48.163,1.1268,1.12693,1.13,1.50
2013.09.27 14:39:50.818,1.12682,1.12694,1.69,1.50
2013.09.27 14:39:51.178,1.1268,1.12693,1.13,1.50
2013.09.27 14:39:51.238,1.12679,1.12693,1.88,1.50
2013.09.27 14:39:51.667,1.12676,1.12693,1.13,1.50
2013.09.27 14:39:52.338,1.1267,1.12694,2.63,1.50
2013.09.27 14:39:53.397,1.1267,1.12693,1.50,1.50
2013.09.27 14:39:53.936,1.12667,1.12693,1.50,1.50
2013.09.27 14:39:54.057,1.12665,1.12695,1.13,1.50
2013.09.27 14:39:54.176,1.12671,1.12695,1.13,1.50
2013.09.27 14:39:54.875,1.12667,1.12693,1.13,1.50
2013.09.27 14:39:55.675,1.12666,1.12693,1.13,1.50
2013.09.27 14:39:55.735,1.12666,1.12693,1.13,1.50
2013.09.27 14:39:55.975,1.12666,1.12693,1.13,1.50
2013.09.27 14:39:56.485,1.12666,1.12693,1.13,1.50
2013.09.27 14:39:57.167,1.12667,1.12694,1.13,2.25
2013.09.27 14:39:57.406,1.12666,1.12694,1.13,3.00
2013.09.27 14:39:58.138,1.12666,1.12694,1.13,3.00
2013.09.27 14:39:58.895,1.12665,1.12694,1.13,3.00
2013.09.27 14:39:59.266,1.12666,1.12694,1.13,3.00
2013.09.27 14:39:59.625,1.12671,1.12694,1.13,2.25
2013.09.27 14:39:59.685,1.12671,1.12694,1.13,2.25
2013.09.27 14:40:00.045,1.12671,1.12694,1.13,2.25
2013.09.27 14:40:00.225,1.12671,1.12694,1.13,2.25
2013.09.27 14:40:00.659,1.12668,1.12694,1.50,2.25
2013.09.27 14:40:00.786,1.12667,1.12694,1.13,2.25
2013.09.27 14:40:01.636,1.12667,1.12694,1.13,2.25
2013.09.27 14:40:01.935,1.12666,1.12694,1.13,2.25
2013.09.27 14:40:02.666,1.12665,1.12694,1.13,2.25
2013.09.27 14:40:03.446,1.12665,1.12694,1.32,2.25
2013.09.27 14:40:05.378,1.12666,1.12694,1.32,2.25
2013.09.27 14:40:06.156,1.12672,1.12694,1.32,1.50
2013.09.27 14:40:06.648,1.12674,1.12694,1.88,1.50
2013.09.27 14:40:06.828,1.12674,1.12694,1.32,1.50
2013.09.27 14:40:07.561,1.12673,1.12694,1.32,1.50
2013.09.27 14:40:07.630,1.12674,1.12694,1.32,2.25
2013.09.27 14:40:08.275,1.12673,1.12694,1.32,2.25
2013.09.27 14:40:08.834,1.12673,1.12694,1.32,1.50
2013.09.27 14:40:10.076,1.12674,1.12694,1.88,1.50
2013.09.27 14:40:10.315,1.12685,1.127,1.50,1.50
2013.09.27 14:40:10.436,1.12683,1.12698,2.63,1.50
2013.09.27 14:40:10.560,1.12677,1.12695,1.50,1.50
2013.09.27 14:40:10.626,1.12678,1.12695,1.13,1.50
2013.09.27 14:40:10.686,1.12678,1.12695,1.13,1.50
2013.09.27 14:40:10.806,1.12673,1.12694,1.50,1.50
2013.09.27 14:40:10.928,1.12667,1.12694,3.19,2.25
2013.09.27 14:40:11.406,1.12667,1.12693,2.44,1.50
2013.09.27 14:40:13.348,1.12667,1.12693,1.69,1.50
2013.09.27 14:40:13.888,1.12668,1.12693,1.50,1.50
2013.09.27 14:40:19.966,1.12671,1.12693,1.13,1.50
2013.09.27 14:40:20.981,1.12669,1.12695,1.13,1.50
2013.09.27 14:40:22.109,1.12666,1.12695,1.50,1.50
2013.09.27 14:40:26.719,1.12666,1.12695,1.50,1.50
2013.09.27 14:40:46.465,1.12668,1.12695,1.50,1.50
2013.09.27 14:40:49.257,1.12668,1.12694,1.50,1.50
2013.09.27 14:40:49.373,1.12668,1.12694,2.25,1.50
2013.09.27 14:40:49.809,1.12668,1.12694,1.50,1.50
2013.09.27 14:40:50.629,1.12668,1.12694,1.50,1.50
2013.09.27 14:40:51.916,1.12668,1.12693,1.50,1.50
2013.09.27 14:40:52.645,1.12668,1.12693,1.50,1.50
2013.09.27 14:40:54.656,1.12668,1.12693,1.50,1.50
2013.09.27 14:40:55.166,1.12665,1.12693,1.32,1.50
2013.09.27 14:40:55.907,1.12668,1.12694,1.50,1.50
2013.09.27 14:40:56.047,1.12666,1.12694,1.69,1.50
2013.09.27 14:41:06.819,1.12666,1.12694,1.32,1.50
2013.09.27 14:41:06.939,1.12667,1.12694,1.69,1.50
2013.09.27 14:41:07.485,1.12669,1.12694,1.13,1.50
2013.09.27 14:41:07.818,1.1267,1.12694,1.13,1.50
2013.09.27 14:41:08.117,1.12668,1.12694,2.07,1.50
2013.09.27 14:41:12.897,1.12669,1.12695,1.13,1.50
2013.09.27 14:41:13.581,1.1267,1.12695,1.13,1.50
2013.09.27 14:41:13.996,1.12668,1.12695,1.50,1.50
2013.09.27 14:41:14.506,1.12667,1.12695,1.69,1.50
2013.09.27 14:41:16.515,1.12666,1.12694,1.69,1.50
2013.09.27 14:41:17.046,1.12666,1.12694,1.13,1.88
2013.09.27 14:41:17.548,1.12666,1.12695,1.13,1.50
2013.09.27 14:41:20.011,1.12665,1.12694,2.44,1.13
2013.09.27 14:41:20.676,1.12665,1.12694,2.44,1.13
2013.09.27 14:41:21.207,1.12665,1.12694,2.44,1.13
2013.09.27 14:41:21.267,1.12665,1.12695,2.44,1.88
2013.09.27 14:41:21.842,1.12665,1.12694,2.44,1.13
2013.09.27 14:41:22.347,1.12665,1.12695,2.44,1.88
2013.09.27 14:41:22.469,1.12665,1.12694,2.44,1.13
2013.09.27 14:41:26.086,1.12665,1.12695,2.44,1.88
2013.09.27 14:41:29.277,1.12667,1.12695,1.69,1.88
2013.09.27 14:41:30.297,1.12667,1.12695,1.69,1.88
2013.09.27 14:41:32.492,1.12663,1.12694,2.07,1.50
2013.09.27 14:41:39.859,1.12669,1.12694,1.69,1.50
2013.09.27 14:41:40.507,1.12668,1.12695,1.69,1.13
2013.09.27 14:41:48.708,1.12672,1.12699,1.50,1.13
2013.09.27 14:41:50.160,1.12672,1.12699,1.50,1.13
2013.09.27 14:41:50.825,1.12672,1.12696,1.50,1.88
2013.09.27 14:41:53.315,1.12672,1.12696,1.50,2.63
2013.09.27 14:41:53.748,1.12668,1.12693,2.63,1.50
2013.09.27 14:41:53.808,1.12668,1.12695,2.63,1.13
2013.09.27 14:41:54.896,1.12672,1.12697,1.50,1.50
2013.09.27 14:41:54.956,1.12672,1.12697,1.50,1.13
2013.09.27 14:41:55.016,1.12672,1.12702,1.88,1.13
2013.09.27 14:41:55.075,1.12672,1.12703,1.88,1.50
2013.09.27 14:41:55.136,1.12674,1.12701,1.13,1.13
2013.09.27 14:41:55.436,1.12669,1.12698,1.69,1.13
2013.09.27 14:41:55.976,1.12668,1.12698,2.44,1.13
2013.09.27 14:41:56.363,1.12668,1.12697,2.44,1.13
2013.09.27 14:41:56.876,1.12668,1.127,2.44,3.00
2013.09.27 14:41:57.416,1.12667,1.12695,1.32,1.13
2013.09.27 14:41:57.846,1.12667,1.12699,1.88,2.25
2013.09.27 14:41:58.116,1.12667,1.12699,1.88,2.25
2013.09.27 14:42:00.497,1.12668,1.12699,1.13,2.25
2013.09.27 14:42:00.654,1.12668,1.12696,1.13,1.13
2013.09.27 14:42:01.165,1.12668,1.12699,1.13,2.25
2013.09.27 14:42:01.726,1.12668,1.12699,1.32,1.88
2013.09.27 14:42:01.906,1.12668,1.12699,1.32,1.88
2013.09.27 14:42:02.447,1.12668,1.12702,2.44,1.50
2013.09.27 14:42:03.107,1.12668,1.12702,1.69,1.50
2013.09.27 14:42:08.601,1.12668,1.12702,2.07,1.50
2013.09.27 14:42:08.846,1.12668,1.12703,2.63,1.50
2013.09.27 14:42:08.966,1.12671,1.12703,1.13,1.50
2013.09.27 14:42:09.506,1.12672,1.12703,2.44,1.50
2013.09.27 14:42:10.327,1.12676,1.12706,1.50,1.88
2013.09.27 14:42:10.456,1.12677,1.12706,1.50,1.88
2013.09.27 14:42:10.996,1.1268,1.12706,1.13,2.25
2013.09.27 14:42:11.355,1.12675,1.12703,1.13,1.50
2013.09.27 14:42:11.718,1.12682,1.12703,1.13,1.50
2013.09.27 14:42:36.716,1.12681,1.12703,1.13,1.13
2013.09.27 14:42:43.916,1.12682,1.12707,1.13,1.88
2013.09.27 14:42:44.156,1.12686,1.12709,1.13,1.13
2013.09.27 14:42:44.516,1.12686,1.12711,1.13,1.13
2013.09.27 14:42:44.576,1.12683,1.12712,1.69,1.13
2013.09.27 14:42:44.696,1.12683,1.12712,2.07,1.13
2013.09.27 14:42:44.876,1.12683,1.12712,2.07,1.13
2013.09.27 14:42:45.116,1.12685,1.12712,1.13,1.13
2013.09.27 14:42:45.236,1.12689,1.12711,1.13,1.13
2013.09.27 14:42:45.476,1.1269,1.12711,1.13,1.13
2013.09.27 14:42:50.576,1.1269,1.12711,1.13,1.13
2013.09.27 14:42:50.816,1.1269,1.1271,1.13,1.50
2013.09.27 14:42:51.056,1.12691,1.12715,1.32,1.13
2013.09.27 14:42:51.895,1.1269,1.12715,1.13,1.13
2013.09.27 14:42:52.576,1.1269,1.12715,1.13,1.13
2013.09.27 14:42:54.205,1.1269,1.12715,1.13,1.50
2013.09.27 14:42:58.910,1.12691,1.12716,1.13,1.13
2013.09.27 14:42:59.085,1.12691,1.12714,1.50,1.13
2013.09.27 14:43:05.336,1.1269,1.12708,1.13,1.13
2013.09.27 14:43:07.337,1.12691,1.12708,1.13,1.13
2013.09.27 14:43:07.517,1.12692,1.12716,1.50,1.50
2013.09.27 14:43:07.578,1.12692,1.12719,1.50,1.88
2013.09.27 14:43:07.879,1.12697,1.12723,1.50,1.13
2013.09.27 14:43:08.175,1.12697,1.12723,1.50,1.88
2013.09.27 14:43:08.486,1.12697,1.1272,1.50,1.50
2013.09.27 14:43:08.546,1.12697,1.1272,1.50,1.50
2013.09.27 14:43:08.785,1.12697,1.1272,1.50,1.50
2013.09.27 14:43:08.965,1.12697,1.1272,1.50,1.50
2013.09.27 14:43:09.266,1.12699,1.1272,1.13,1.50
2013.09.27 14:43:09.856,1.12699,1.1272,1.13,1.50
2013.09.27 14:43:11.357,1.12699,1.12724,1.13,2.25
2013.09.27 14:43:11.476,1.127,1.12724,1.13,3.00
2013.09.27 14:43:12.300,1.127,1.1272,1.13,1.13
2013.09.27 14:43:12.375,1.12689,1.12706,1.13,1.50
2013.09.27 14:43:12.615,1.12687,1.12704,1.69,1.50
2013.09.27 14:43:14.798,1.12686,1.12704,2.07,1.50
2013.09.27 14:43:29.886,1.12686,1.12704,1.88,1.50
2013.09.27 14:43:33.097,1.12686,1.12704,1.13,1.50
2013.09.27 14:43:35.236,1.12686,1.12703,1.13,1.50
2013.09.27 14:43:35.776,1.12686,1.12703,1.88,1.50
2013.09.27 14:43:36.536,1.12686,1.12703,1.88,1.50
2013.09.27 14:43:38.397,1.12688,1.12703,1.32,1.50
2013.09.27 14:43:42.617,1.12689,1.12703,1.32,1.50
2013.09.27 14:43:43.293,1.12688,1.12703,1.32,1.50
2013.09.27 14:43:43.846,1.12688,1.12703,1.32,1.50
2013.09.27 14:43:44.027,1.12688,1.12703,1.32,1.50
2013.09.27 14:43:44.566,1.12687,1.12703,1.32,1.50
2013.09.27 14:43:45.347,1.12687,1.12703,1.32,1.50
2013.09.27 14:43:45.878,1.12687,1.12703,1.32,1.50
2013.09.27 14:43:47.897,1.12687,1.12703,1.32,1.50
2013.09.27 14:43:49.136,1.12686,1.12703,2.07,1.50
2013.09.27 14:43:49.907,1.12687,1.12703,1.32,1.50
2013.09.27 14:43:50.027,1.12686,1.12704,2.07,1.50
2013.09.27 14:43:50.578,1.12687,1.12703,1.13,1.50
2013.09.27 14:43:51.195,1.12687,1.12703,1.32,1.50
2013.09.27 14:43:51.416,1.12687,1.12703,1.13,1.50
2013.09.27 14:43:51.666,1.12687,1.12703,1.13,1.50
2013.09.27 14:43:57.572,1.12687,1.12704,1.32,1.50
2013.09.27 14:43:58.275,1.12687,1.12704,1.32,1.50
2013.09.27 14:43:59.926,1.12687,1.12704,2.07,1.50
2013.09.27 14:44:01.096,1.12686,1.12704,3.19,1.50
2013.09.27 14:44:01.787,1.12686,1.12704,2.44,1.50
2013.09.27 14:44:06.196,1.12686,1.12704,1.69,1.50
2013.09.27 14:44:07.228,1.12688,1.12703,1.32,1.50
2013.09.27 14:44:08.986,1.12689,1.12703,1.13,1.50
2013.09.27 14:44:09.526,1.12688,1.12704,1.32,1.50
2013.09.27 14:44:11.277,1.1269,1.12703,1.32,1.50
2013.09.27 14:44:16.546,1.12688,1.12703,1.32,1.50
2013.09.27 14:44:18.236,1.1269,1.12703,1.13,1.50
2013.09.27 14:44:18.496,1.1269,1.12703,1.32,1.50
2013.09.27 14:44:18.616,1.12688,1.12703,1.32,1.50
2013.09.27 14:44:19.686,1.1269,1.12703,1.32,1.50
2013.09.27 14:44:20.226,1.1269,1.12704,1.32,1.50
2013.09.27 14:44:21.326,1.12694,1.12704,1.13,1.50
2013.09.27 14:44:22.166,1.12691,1.12704,1.32,1.50
2013.09.27 14:44:26.738,1.12691,1.12704,1.32,1.50
2013.09.27 14:44:27.597,1.12689,1.12704,1.32,1.50
2013.09.27 14:44:27.900,1.12691,1.12704,1.32,1.50
2013.09.27 14:44:28.087,1.12692,1.12705,1.13,1.50
2013.09.27 14:44:28.888,1.12675,1.12703,1.13,1.50
2013.09.27 14:44:28.946,1.12674,1.12702,1.88,1.50
2013.09.27 14:44:29.186,1.12672,1.12702,2.63,1.50
2013.09.27 14:44:29.466,1.12673,1.12702,1.50,1.88
2013.09.27 14:44:35.577,1.12677,1.12702,1.13,1.50
2013.09.27 14:44:37.156,1.12676,1.12702,1.13,1.50
2013.09.27 14:44:38.326,1.12677,1.12702,1.13,1.50
2013.09.27 14:44:38.446,1.12677,1.12703,1.88,1.50
2013.09.27 14:44:38.976,1.12677,1.12703,1.50,1.50
2013.09.27 14:44:40.986,1.12677,1.12703,1.88,1.50
2013.09.27 14:44:41.106,1.12677,1.12703,1.88,1.50
2013.09.27 14:44:42.707,1.12677,1.12702,1.13,1.50
2013.09.27 14:44:46.677,1.12676,1.12704,1.50,2.63
2013.09.27 14:44:51.856,1.12677,1.12702,1.13,1.50
2013.09.27 14:44:52.610,1.12677,1.12704,1.13,2.25
2013.09.27 14:44:53.500,1.12677,1.12702,1.13,1.50
2013.09.27 14:44:55.544,1.12677,1.12704,1.13,2.25
2013.09.27 14:44:56.341,1.12674,1.12704,1.13,3.00
2013.09.27 14:44:56.635,1.12673,1.12702,1.32,1.50
2013.09.27 14:44:57.784,1.12673,1.12702,1.69,1.50
2013.09.27 14:44:58.086,1.12684,1.12704,1.50,1.50
2013.09.27 14:45:02.365,1.12685,1.12704,1.50,1.50
2013.09.27 14:45:03.726,1.12685,1.12705,1.50,1.50
2013.09.27 14:45:04.456,1.12692,1.12705,1.50,1.50
2013.09.27 14:45:05.426,1.12687,1.12705,1.50,1.50
2013.09.27 14:45:05.668,1.12684,1.12704,1.50,1.50
2013.09.27 14:45:05.977,1.12679,1.12703,1.50,1.50
2013.09.27 14:45:06.036,1.12678,1.12703,1.50,2.25
2013.09.27 14:45:06.157,1.12683,1.12703,2.07,1.50
2013.09.27 14:45:06.698,1.12684,1.12703,1.69,1.50
2013.09.27 14:45:07.997,1.12687,1.12703,1.13,1.50
2013.09.27 14:45:11.528,1.12683,1.12703,1.32,1.50
2013.09.27 14:45:12.291,1.12682,1.12703,1.32,1.50
2013.09.27 14:45:15.403,1.12679,1.12703,2.07,1.50
2013.09.27 14:45:15.649,1.12679,1.12703,2.07,1.50
2013.09.27 14:45:16.186,1.12684,1.12703,2.07,1.50
2013.09.27 14:45:18.136,1.12686,1.12703,1.13,1.88
2013.09.27 14:45:18.317,1.12678,1.12697,1.50,1.13
2013.09.27 14:45:18.376,1.12678,1.12702,1.50,1.88
2013.09.27 14:45:18.496,1.12682,1.12702,1.50,1.13
2013.09.27 14:45:18.737,1.12681,1.12701,1.50,1.50
2013.09.27 14:45:18.857,1.12676,1.12701,2.44,1.50
2013.09.27 14:45:18.916,1.12677,1.12702,1.69,1.50
2013.09.27 14:45:19.456,1.12674,1.12703,2.07,2.25
2013.09.27 14:45:20.186,1.12679,1.12703,1.32,2.25
2013.09.27 14:45:20.427,1.12678,1.12703,2.07,2.25
2013.09.27 14:45:20.786,1.12682,1.12703,1.69,1.50
2013.09.27 14:45:21.897,1.12683,1.12703,1.32,1.50
2013.09.27 14:45:34.419,1.12682,1.12703,1.69,1.50
2013.09.27 14:45:36.887,1.12682,1.12704,1.69,1.50
2013.09.27 14:45:43.376,1.12682,1.12704,2.44,1.50
2013.09.27 14:45:43.917,1.12683,1.12704,1.32,1.50
2013.09.27 14:45:47.456,1.12683,1.12704,1.32,1.50
2013.09.27 14:45:49.627,1.12683,1.12703,1.32,1.13
2013.09.27 14:45:49.688,1.12682,1.127,1.50,1.13
2013.09.27 14:45:49.748,1.12676,1.12695,1.32,1.13
2013.09.27 14:45:49.808,1.12676,1.12695,1.50,1.13
2013.09.27 14:45:49.928,1.12676,1.12696,1.50,1.88
2013.09.27 14:45:50.048,1.12671,1.12699,1.69,1.50
2013.09.27 14:45:50.906,1.12676,1.12701,1.32,1.50
2013.09.27 14:45:50.966,1.12676,1.12702,2.07,2.25
2013.09.27 14:45:51.146,1.1268,1.12704,1.32,3.00
2013.09.27 14:45:51.207,1.12678,1.12704,1.69,3.00
2013.09.27 14:45:51.866,1.12677,1.12703,1.32,1.50
2013.09.27 14:45:52.168,1.12677,1.12701,1.69,1.50
2013.09.27 14:45:52.815,1.12679,1.12703,1.69,2.25
2013.09.27 14:45:53.117,1.12677,1.12689,1.32,1.13
2013.09.27 14:45:53.177,1.12675,1.12689,1.32,1.13
2013.09.27 14:45:53.298,1.1267,1.12689,2.44,1.13
2013.09.27 14:45:53.428,1.12675,1.12696,1.32,1.50
2013.09.27 14:45:53.487,1.12675,1.12701,1.32,1.50
2013.09.27 14:45:53.547,1.12675,1.12703,1.32,3.00
2013.09.27 14:45:53.849,1.12679,1.12702,1.69,1.50
2013.09.27 14:45:54.406,1.12682,1.12702,1.69,1.50
2013.09.27 14:45:56.969,1.12683,1.12702,1.32,1.50
2013.09.27 14:46:00.927,1.12683,1.12702,2.44,1.50
2013.09.27 14:46:04.451,1.12682,1.12702,1.32,1.50
2013.09.27 14:46:06.986,1.12681,1.12703,1.32,1.50
2013.09.27 14:46:07.536,1.12678,1.12703,1.32,1.50
2013.09.27 14:46:07.716,1.12682,1.12703,1.69,1.50
2013.09.27 14:46:09.406,1.12682,1.12703,2.07,1.50
2013.09.27 14:46:13.007,1.12683,1.12703,1.13,1.50
2013.09.27 14:46:13.567,1.12683,1.12703,1.13,1.50
2013.09.27 14:46:14.886,1.12683,1.12703,1.13,1.50
2013.09.27 14:46:15.463,1.12683,1.12703,1.13,1.50
2013.09.27 14:46:15.990,1.12682,1.12703,2.07,1.50
2013.09.27 14:46:16.727,1.1268,1.12703,1.32,2.25
2013.09.27 14:46:17.246,1.1268,1.12703,1.13,2.25
2013.09.27 14:46:21.416,1.12682,1.12703,1.13,1.50
2013.09.27 14:46:21.916,1.12693,1.12708,1.13,1.50
2013.09.27 14:46:21.977,1.12693,1.12709,1.13,1.50
2013.09.27 14:46:22.457,1.12697,1.12711,1.50,1.50
2013.09.27 14:46:22.516,1.12697,1.12719,1.50,1.50
2013.09.27 14:46:22.636,1.12697,1.12722,1.50,1.13
2013.09.27 14:46:23.177,1.12692,1.12713,1.50,1.13
2013.09.27 14:46:23.236,1.12687,1.12713,1.50,1.13
2013.09.27 14:46:23.536,1.12681,1.12712,1.88,1.50
2013.09.27 14:46:25.103,1.12681,1.12712,2.25,1.50
2013.09.27 14:46:25.226,1.12697,1.12718,1.50,3.00
2013.09.27 14:46:25.938,1.12698,1.12725,1.13,1.50
2013.09.27 14:46:26.147,1.12697,1.12722,1.50,1.13
2013.09.27 14:46:26.506,1.12697,1.12715,1.50,1.13
2013.09.27 14:46:26.871,1.12687,1.12716,2.25,1.13
2013.09.27 14:46:26.996,1.12683,1.12715,1.50,1.13
2013.09.27 14:46:27.676,1.12684,1.12713,1.50,1.13
2013.09.27 14:46:27.736,1.12681,1.12713,1.88,1.13
2013.09.27 14:46:27.928,1.12677,1.12712,2.44,1.13
2013.09.27 14:46:28.106,1.12679,1.12712,1.50,1.13
2013.09.27 14:46:28.904,1.12681,1.12711,1.50,1.50
2013.09.27 14:46:29.300,1.12678,1.1271,1.50,1.50
2013.09.27 14:46:30.286,1.12679,1.1271,1.50,1.50
2013.09.27 14:46:36.197,1.12678,1.12709,2.44,1.50
2013.09.27 14:46:47.327,1.12677,1.12707,1.69,1.88
2013.09.27 14:46:47.932,1.12675,1.12707,1.32,2.25
2013.09.27 14:46:49.277,1.12673,1.12702,2.82,1.50
2013.09.27 14:46:54.414,1.12673,1.12702,2.82,1.50
2013.09.27 14:46:54.956,1.12677,1.12711,1.69,1.50
2013.09.27 14:46:55.137,1.12678,1.12711,1.13,1.50
2013.09.27 14:46:55.196,1.12682,1.12712,1.13,1.88
2013.09.27 14:46:55.376,1.12682,1.12713,1.13,1.88
2013.09.27 14:46:55.936,1.12684,1.12716,1.32,1.13
2013.09.27 14:46:57.251,1.12684,1.12713,1.32,1.50
2013.09.27 14:46:57.876,1.12703,1.12717,1.13,1.13
2013.09.27 14:46:57.939,1.12712,1.12721,1.13,1.50
2013.09.27 14:46:57.998,1.12714,1.12721,1.50,1.50
2013.09.27 14:46:58.117,1.12712,1.12728,1.88,2.25
2013.09.27 14:46:58.176,1.12714,1.1273,1.50,3.00
2013.09.27 14:46:58.236,1.12715,1.12732,1.50,2.25
2013.09.27 14:46:58.797,1.12716,1.12743,1.13,1.50
2013.09.27 14:46:59.456,1.12715,1.12743,1.88,1.50
2013.09.27 14:46:59.639,1.12712,1.1274,1.88,1.50
2013.09.27 14:46:59.758,1.12716,1.12735,1.50,1.13
2013.09.27 14:46:59.997,1.12708,1.12732,1.88,1.13
2013.09.27 14:47:00.236,1.12708,1.12732,1.50,1.13
2013.09.27 14:47:01.046,1.127,1.12735,1.13,1.13
2013.09.27 14:47:01.287,1.12702,1.12731,1.88,1.50
2013.09.27 14:47:04.439,1.12702,1.12725,1.88,1.13
2013.09.27 14:47:04.500,1.12697,1.12722,2.07,1.13
2013.09.27 14:47:04.926,1.12698,1.12724,1.88,1.50
2013.09.27 14:47:05.166,1.12697,1.12728,2.63,1.50
2013.09.27 14:47:05.526,1.12698,1.12723,2.63,1.13
2013.09.27 14:47:05.948,1.12696,1.12719,1.50,1.13
2013.09.27 14:47:06.067,1.12688,1.12719,1.88,1.50
2013.09.27 14:47:06.127,1.12688,1.12719,2.63,1.50
2013.09.27 14:47:06.247,1.12687,1.12718,2.25,1.13
2013.09.27 14:47:08.406,1.12687,1.12715,3.00,1.13
2013.09.27 14:47:08.947,1.12688,1.12718,1.13,1.88
2013.09.27 14:47:09.006,1.12689,1.12718,1.13,1.13
2013.09.27 14:47:09.608,1.12691,1.12718,1.13,1.13
2013.09.27 14:47:09.788,1.12712,1.12734,1.50,2.63
2013.09.27 14:47:10.799,1.12708,1.12738,1.13,1.13
2013.09.27 14:47:11.347,1.12707,1.12736,1.50,1.13
2013.09.27 14:47:14.436,1.12708,1.12736,1.69,1.13
2013.09.27 14:47:15.496,1.12712,1.12738,1.50,1.50
2013.09.27 14:47:15.616,1.12712,1.12736,1.50,1.50
2013.09.27 14:47:17.876,1.12712,1.12736,1.13,1.50
2013.09.27 14:47:17.996,1.12708,1.12736,1.50,1.50
2013.09.27 14:47:18.176,1.12708,1.12731,2.25,1.13
2013.09.27 14:47:18.719,1.12708,1.12733,1.50,1.50
2013.09.27 14:47:20.546,1.12708,1.12733,1.50,1.13
2013.09.27 14:47:21.337,1.12708,1.12733,1.50,1.13
2013.09.27 14:47:21.891,1.12708,1.12733,1.50,1.13
2013.09.27 14:47:22.686,1.12716,1.12736,1.50,1.13
2013.09.27 14:47:22.747,1.12716,1.12738,1.50,1.50
2013.09.27 14:47:22.926,1.12716,1.12739,1.50,1.13
2013.09.27 14:47:23.476,1.12717,1.12738,1.50,1.13
2013.09.27 14:47:23.676,1.12716,1.12738,1.50,1.13
2013.09.27 14:47:24.534,1.12715,1.12728,1.50,1.13
2013.09.27 14:47:24.613,1.12707,1.12733,1.50,1.13
2013.09.27 14:47:24.736,1.127,1.12731,3.38,1.13
2013.09.27 14:47:24.797,1.12702,1.12731,1.50,1.13
2013.09.27 14:47:24.860,1.12702,1.12735,1.13,1.13
2013.09.27 14:47:24.987,1.127,1.12731,1.50,1.13
2013.09.27 14:47:25.047,1.12698,1.12731,3.38,1.13
2013.09.27 14:47:25.587,1.12698,1.12724,1.50,1.13
2013.09.27 14:47:25.887,1.12698,1.12728,3.00,1.50
2013.09.27 14:47:26.846,1.12698,1.12727,2.25,1.13
2013.09.27 14:47:27.322,1.12699,1.12728,1.13,1.50
2013.09.27 14:47:27.387,1.12715,1.12728,1.13,1.13
2013.09.27 14:47:27.447,1.12723,1.12729,1.50,1.13
2013.09.27 14:47:27.507,1.12723,1.12733,1.50,1.50
2013.09.27 14:47:27.572,1.12723,1.12742,1.50,2.25
2013.09.27 14:47:27.637,1.12723,1.12744,1.50,2.25
2013.09.27 14:47:27.697,1.12724,1.12744,1.50,1.50
2013.09.27 14:47:28.057,1.12716,1.12734,1.50,1.13
2013.09.27 14:47:28.477,1.12716,1.12734,1.50,1.13
2013.09.27 14:47:28.718,1.12708,1.12734,1.50,1.13
2013.09.27 14:47:28.778,1.12707,1.12734,2.25,1.13
2013.09.27 14:47:28.956,1.12708,1.12737,1.50,1.13
2013.09.27 14:47:29.996,1.12708,1.12737,1.50,1.13
2013.09.27 14:47:30.647,1.12708,1.12737,1.50,1.13
2013.09.27 14:47:31.326,1.12711,1.12737,1.13,1.13
2013.09.27 14:47:31.566,1.12726,1.12749,1.50,2.63
2013.09.27 14:47:31.686,1.12726,1.12747,1.50,1.13
2013.09.27 14:47:33.216,1.12726,1.12748,1.50,1.13
2013.09.27 14:47:33.280,1.12726,1.12749,1.50,1.13
2013.09.27 14:47:33.966,1.12726,1.12749,1.50,1.88
2013.09.27 14:47:35.066,1.12725,1.12747,1.50,1.50
2013.09.27 14:47:35.449,1.12726,1.12747,1.50,1.13
2013.09.27 14:47:35.938,1.12721,1.12741,1.13,1.13
2013.09.27 14:47:35.999,1.12718,1.12741,1.13,1.13
2013.09.27 14:47:36.119,1.12717,1.12741,2.25,1.13
2013.09.27 14:47:36.186,1.12717,1.12735,1.50,1.13
2013.09.27 14:47:36.306,1.12709,1.12735,1.50,1.13
2013.09.27 14:47:36.606,1.12709,1.12735,2.25,1.13
2013.09.27 14:47:36.966,1.12709,1.12733,2.25,1.13
2013.09.27 14:47:37.029,1.12709,1.12733,1.50,1.13
2013.09.27 14:47:37.147,1.12707,1.12733,1.50,1.13
2013.09.27 14:47:40.419,1.12706,1.12732,1.88,1.13
2013.09.27 14:47:42.126,1.12703,1.12732,1.88,1.13
2013.09.27 14:47:50.329,1.12703,1.12732,1.13,1.88
2013.09.27 14:47:50.686,1.12699,1.12729,1.50,1.50
2013.09.27 14:47:50.866,1.12699,1.12729,1.13,1.50
2013.09.27 14:47:50.926,1.12698,1.12729,1.50,1.50
2013.09.27 14:47:50.986,1.12696,1.1273,2.25,1.13
2013.09.27 14:47:51.627,1.12696,1.12729,2.25,1.50
2013.09.27 14:47:52.407,1.12697,1.12729,1.13,1.50
2013.09.27 14:47:54.659,1.12717,1.12728,1.13,1.13
2013.09.27 14:47:54.776,1.12717,1.12736,1.13,3.00
2013.09.27 14:47:54.897,1.12716,1.12736,1.88,1.50
2013.09.27 14:47:54.958,1.12718,1.12741,1.50,1.50
2013.09.27 14:47:55.077,1.1272,1.12745,1.50,1.13
2013.09.27 14:47:55.497,1.1272,1.12742,1.50,1.50
2013.09.27 14:47:55.557,1.12717,1.12732,1.50,1.13
2013.09.27 14:47:55.677,1.12708,1.12732,1.50,1.13
2013.09.27 14:47:55.736,1.12707,1.12732,1.50,1.13
2013.09.27 14:47:55.916,1.12707,1.12732,1.50,1.13
2013.09.27 14:47:56.096,1.12698,1.12729,1.13,1.13
2013.09.27 14:47:57.858,1.127,1.12728,1.17,1.50
2013.09.27 14:47:58.217,1.12715,1.12737,1.13,1.13
2013.09.27 14:47:58.276,1.1271,1.12737,1.50,1.13
2013.09.27 14:47:58.397,1.12708,1.12737,2.82,1.13
2013.09.27 14:47:59.796,1.12708,1.12738,1.69,1.50
2013.09.27 14:48:02.176,1.12708,1.12732,1.50,1.13
2013.09.27 14:48:02.297,1.12704,1.12725,1.50,1.88
2013.09.27 14:48:02.417,1.12704,1.12725,2.25,1.13
2013.09.27 14:48:02.656,1.12705,1.12725,1.69,1.13
2013.09.27 14:48:03.016,1.12701,1.12725,1.69,1.88
2013.09.27 14:48:03.197,1.12705,1.12731,1.13,1.50
2013.09.27 14:48:03.258,1.12705,1.12733,1.13,1.50
2013.09.27 14:48:03.377,1.12704,1.12731,2.07,1.50
2013.09.27 14:48:03.617,1.12702,1.12731,3.19,1.50
2013.09.27 14:48:05.146,1.12702,1.12724,2.82,1.13
2013.09.27 14:48:05.506,1.12702,1.12731,1.88,1.50
2013.09.27 14:48:05.566,1.12702,1.12731,2.07,1.50
2013.09.27 14:48:06.046,1.12705,1.12735,1.50,1.13
2013.09.27 14:48:06.477,1.12708,1.12736,1.50,1.13
2013.09.27 14:48:07.016,1.12705,1.12733,1.50,1.13
2013.09.27 14:48:07.196,1.12705,1.12734,1.50,1.88
2013.09.27 14:48:07.499,1.12707,1.12734,1.50,1.50
2013.09.27 14:48:07.856,1.12705,1.12734,1.88,1.50
2013.09.27 14:48:07.916,1.12702,1.12733,1.13,1.50
2013.09.27 14:48:07.977,1.127,1.12733,1.69,1.50
2013.09.27 14:48:08.097,1.12698,1.12733,2.07,1.50
2013.09.27 14:48:08.156,1.12698,1.12734,2.82,1.88
2013.09.27 14:48:08.893,1.12698,1.12733,2.82,1.88
2013.09.27 14:48:09.366,1.12698,1.12731,2.63,1.13
2013.09.27 14:48:09.791,1.12698,1.12729,1.88,1.50
2013.09.27 14:48:10.658,1.12698,1.12729,1.88,1.50
2013.09.27 14:48:10.776,1.12698,1.12729,1.88,1.50
2013.09.27 14:48:12.282,1.12698,1.12729,2.25,1.50
2013.09.27 14:48:12.526,1.12717,1.12736,2.63,1.50
2013.09.27 14:48:12.586,1.12717,1.12736,2.63,1.50
2013.09.27 14:48:12.707,1.12714,1.12734,1.13,1.50
2013.09.27 14:48:12.766,1.12707,1.12729,1.50,1.13
2013.09.27 14:48:13.306,1.12701,1.12729,2.25,1.50
2013.09.27 14:48:14.816,1.12703,1.12729,1.13,1.50
2013.09.27 14:48:15.057,1.12719,1.12742,1.50,2.63
2013.09.27 14:48:15.177,1.12718,1.12743,1.50,1.13
2013.09.27 14:48:19.586,1.12718,1.12746,1.50,1.13
2013.09.27 14:48:20.187,1.1272,1.12748,1.13,2.63
2013.09.27 14:48:20.487,1.1272,1.12743,1.50,1.13
2013.09.27 14:48:20.667,1.1272,1.12742,1.50,1.13
2013.09.27 14:48:20.846,1.12711,1.12742,1.88,1.13
2013.09.27 14:48:23.570,1.12709,1.12738,2.25,1.13
2013.09.27 14:48:23.931,1.12707,1.12735,1.50,1.13
2013.09.27 14:48:28.926,1.12714,1.1274,1.13,1.13
2013.09.27 14:48:29.487,1.12716,1.12743,1.50,1.13
2013.09.27 14:48:33.991,1.12714,1.12744,1.13,1.88
2013.09.27 14:48:34.806,1.12714,1.1274,1.13,1.13
2013.09.27 14:48:34.926,1.12711,1.12739,1.13,1.13
2013.09.27 14:48:36.982,1.12714,1.12742,1.13,1.13
2013.09.27 14:48:59.648,1.12713,1.1274,1.32,1.13
2013.09.27 14:48:59.947,1.12711,1.12739,1.13,1.13
2013.09.27 14:49:00.008,1.12711,1.12739,1.13,1.13
2013.09.27 14:49:00.068,1.12711,1.12739,1.13,1.13
2013.09.27 14:49:01.329,1.12713,1.12738,1.88,1.13
2013.09.27 14:49:01.955,1.12715,1.12738,1.50,1.13
2013.09.27 14:49:02.586,1.12714,1.12738,1.88,1.13
2013.09.27 14:49:05.397,1.12713,1.12738,1.88,1.13
2013.09.27 14:49:07.319,1.12712,1.12738,3.00,1.13
2013.09.27 14:49:07.836,1.12712,1.1274,3.38,1.50
2013.09.27 14:49:08.196,1.12731,1.12751,2.25,1.88
2013.09.27 14:49:14.427,1.12731,1.12751,1.50,1.88
2013.09.27 14:49:14.777,1.1272,1.12738,1.50,1.13
2013.09.27 14:49:14.897,1.12717,1.12738,3.00,1.13
2013.09.27 14:49:14.957,1.12717,1.12738,2.63,1.13
2013.09.27 14:49:15.017,1.12721,1.12745,1.50,1.13
2013.09.27 14:49:15.136,1.12721,1.12744,1.50,1.13
2013.09.27 14:49:15.450,1.12717,1.12739,2.25,1.13
2013.09.27 14:49:18.399,1.1272,1.12742,1.13,1.50
2013.09.27 14:49:18.518,1.12727,1.12748,2.25,2.25
2013.09.27 14:49:19.116,1.12729,1.12748,1.50,1.50
2013.09.27 14:49:19.359,1.12726,1.12747,2.25,2.25
2013.09.27 14:49:19.670,1.12723,1.12738,2.70,1.13
2013.09.27 14:49:19.798,1.12721,1.12738,3.00,1.13
2013.09.27 14:49:21.396,1.12725,1.12741,1.50,1.50
2013.09.27 14:49:21.908,1.12727,1.12749,1.50,1.50
2013.09.27 14:49:21.968,1.12727,1.1275,1.50,1.13
2013.09.27 14:49:22.267,1.12727,1.12752,1.69,1.50
2013.09.27 14:49:22.447,1.12727,1.12748,2.25,1.13
2013.09.27 14:49:24.958,1.12727,1.12748,2.44,1.13
2013.09.27 14:49:25.076,1.12727,1.12748,2.44,1.13
2013.09.27 14:49:25.196,1.12727,1.12756,2.82,3.00
2013.09.27 14:49:25.317,1.1273,1.12756,1.13,1.50
2013.09.27 14:49:25.496,1.12731,1.12765,1.32,1.88
2013.09.27 14:49:25.677,1.12733,1.12765,1.50,1.13
2013.09.27 14:49:25.736,1.12736,1.12768,1.50,1.50
2013.09.27 14:49:26.037,1.12736,1.1277,1.13,1.50
2013.09.27 14:49:26.398,1.12734,1.1277,1.69,1.88
2013.09.27 14:49:26.943,1.12736,1.12765,1.88,1.50
2013.09.27 14:49:30.456,1.12736,1.12765,1.88,1.50
2013.09.27 14:49:30.950,1.12736,1.12764,1.13,1.13
2013.09.27 14:49:31.496,1.12733,1.12764,1.69,1.13
2013.09.27 14:49:31.737,1.12732,1.12759,2.25,1.50
2013.09.27 14:49:32.097,1.12732,1.12758,1.69,1.50
2013.09.27 14:49:32.398,1.1273,1.12758,1.32,1.50
2013.09.27 14:49:32.953,1.12728,1.12761,2.44,2.25
2013.09.27 14:49:33.486,1.12729,1.12756,2.07,1.50
2013.09.27 14:49:33.918,1.12728,1.12756,1.32,1.50
2013.09.27 14:49:34.792,1.12728,1.12759,1.32,2.25
2013.09.27 14:49:34.869,1.12732,1.12761,1.32,1.50
2013.09.27 14:49:35.229,1.12736,1.12762,1.32,1.50
2013.09.27 14:49:36.606,1.12736,1.12764,1.13,1.50
2013.09.27 14:49:36.837,1.12735,1.12764,1.13,1.50
2013.09.27 14:49:37.216,1.12735,1.12766,1.88,1.88
2013.09.27 14:49:37.862,1.12738,1.12769,1.13,1.13
2013.09.27 14:49:38.368,1.12741,1.1277,1.13,1.50
2013.09.27 14:49:38.757,1.12742,1.12769,1.13,1.50
2013.09.27 14:49:38.877,1.12741,1.12768,2.25,1.13
2013.09.27 14:49:39.117,1.12746,1.12769,1.13,1.50
2013.09.27 14:49:39.237,1.12747,1.12779,1.13,2.63
2013.09.27 14:49:39.296,1.12747,1.12779,1.13,1.88
2013.09.27 14:49:39.356,1.12751,1.1278,1.13,1.13
2013.09.27 14:49:39.656,1.12762,1.12784,2.63,1.50
2013.09.27 14:49:39.716,1.12762,1.12788,2.25,1.50
2013.09.27 14:49:40.276,1.12767,1.12788,1.50,1.13
2013.09.27 14:49:40.699,1.12766,1.12784,1.50,1.13
2013.09.27 14:49:40.756,1.12758,1.12784,1.88,1.88
2013.09.27 14:49:40.936,1.12756,1.12781,1.50,1.13
2013.09.27 14:49:41.177,1.12751,1.12779,1.50,1.50
2013.09.27 14:49:41.657,1.12752,1.12779,1.13,1.50
2013.09.27 14:49:41.897,1.12751,1.12779,1.13,1.50
2013.09.27 14:49:42.737,1.1275,1.12782,1.13,1.50
2013.09.27 14:49:42.916,1.12748,1.12774,1.13,1.50
2013.09.27 14:49:43.159,1.12762,1.12776,1.50,1.13
2013.09.27 14:49:43.277,1.12762,1.12779,1.50,2.25
2013.09.27 14:49:43.337,1.12762,1.12786,1.50,1.13
2013.09.27 14:49:43.397,1.12761,1.12784,1.50,1.50
2013.09.27 14:49:43.456,1.12756,1.12782,1.13,1.32
2013.09.27 14:49:43.638,1.12749,1.1278,1.50,1.50
2013.09.27 14:49:43.696,1.12762,1.12782,1.50,2.25
2013.09.27 14:49:43.937,1.12756,1.12784,1.88,1.50
2013.09.27 14:49:43.997,1.12749,1.12781,1.88,1.50
2013.09.27 14:49:44.503,1.12747,1.12781,1.13,3.00
2013.09.27 14:49:45.048,1.12749,1.12783,1.13,1.50
2013.09.27 14:49:46.396,1.12756,1.12783,1.50,1.50
2013.09.27 14:49:46.709,1.12759,1.12783,1.13,1.50
2013.09.27 14:49:46.770,1.12757,1.1278,1.50,1.13
2013.09.27 14:49:46.830,1.12752,1.1278,1.50,1.13
2013.09.27 14:49:47.545,1.12748,1.12781,1.13,1.50
2013.09.27 14:49:52.697,1.12748,1.12779,1.13,1.50
2013.09.27 14:49:54.576,1.12748,1.12779,1.88,1.50
2013.09.27 14:49:54.696,1.12748,1.12776,1.13,2.25
2013.09.27 14:49:55.056,1.12748,1.12776,1.88,1.50
2013.09.27 14:49:55.416,1.1276,1.12781,1.50,1.13
2013.09.27 14:49:55.716,1.12752,1.12779,1.50,1.88
2013.09.27 14:49:55.897,1.12752,1.12779,1.50,1.88
2013.09.27 14:49:56.256,1.12761,1.12788,1.13,1.50
2013.09.27 14:49:56.497,1.12761,1.12786,1.13,1.50
2013.09.27 14:49:56.736,1.12761,1.12786,1.13,1.50
2013.09.27 14:49:56.977,1.12761,1.12786,1.13,1.50
2013.09.27 14:49:57.756,1.12756,1.12784,1.13,1.50
2013.09.27 14:49:57.937,1.12756,1.12784,1.13,1.50
2013.09.27 14:49:58.476,1.12756,1.12784,1.88,1.50
2013.09.27 14:49:59.215,1.12756,1.12784,1.88,1.50
2013.09.27 14:49:59.279,1.12756,1.12784,1.50,1.88
2013.09.27 14:50:00.093,1.12756,1.12784,2.25,1.88
2013.09.27 14:50:00.459,1.12752,1.12778,1.50,1.13
2013.09.27 14:50:00.517,1.1275,1.12777,1.50,1.88
2013.09.27 14:50:01.526,1.12744,1.12771,2.25,1.50
2013.09.27 14:50:02.896,1.12745,1.1277,2.25,1.50
2013.09.27 14:50:02.957,1.12749,1.12775,1.13,1.50
2013.09.27 14:50:03.860,1.12747,1.12774,1.13,1.50
2013.09.27 14:50:04.326,1.12746,1.12775,1.50,2.25
2013.09.27 14:50:05.246,1.12747,1.12775,1.13,2.25
2013.09.27 14:50:05.546,1.12747,1.12774,1.32,1.50
2013.09.27 14:50:06.277,1.12747,1.12775,1.32,2.25
2013.09.27 14:50:06.516,1.12747,1.12775,1.32,2.25
2013.09.27 14:50:07.407,1.12747,1.12775,1.13,2.25
2013.09.27 14:50:08.047,1.12747,1.12774,1.13,1.50
2013.09.27 14:50:14.349,1.12747,1.12775,1.13,1.50
2013.09.27 14:50:15.527,1.12742,1.12768,2.07,1.13
2013.09.27 14:50:15.997,1.12744,1.1277,1.32,1.50
2013.09.27 14:50:16.904,1.12743,1.1277,1.32,1.50
2013.09.27 14:50:17.490,1.12746,1.12773,1.32,1.50
2013.09.27 14:50:17.996,1.12747,1.12776,1.32,1.50
2013.09.27 14:50:19.738,1.12748,1.12776,1.32,2.25
2013.09.27 14:50:20.496,1.12748,1.12776,1.32,1.50
2013.09.27 14:50:20.857,1.12754,1.12776,2.44,1.50
2013.09.27 14:50:20.917,1.1276,1.12788,1.32,1.50
2013.09.27 14:50:20.977,1.12762,1.12789,1.32,2.25
2013.09.27 14:50:21.336,1.1276,1.12791,1.69,1.50
2013.09.27 14:50:22.206,1.12763,1.12791,1.32,1.50
2013.09.27 14:50:22.567,1.12766,1.12794,1.32,1.50
2013.09.27 14:50:23.144,1.12766,1.12794,1.32,1.50
2013.09.27 14:50:25.297,1.12766,1.12794,1.32,1.50
2013.09.27 14:50:33.586,1.12767,1.128,1.13,1.13
2013.09.27 14:50:34.196,1.12766,1.12789,1.13,1.50
2013.09.27 14:50:37.417,1.12763,1.12786,1.13,1.50
2013.09.27 14:50:37.909,1.12766,1.12789,1.13,1.50
2013.09.27 14:50:47.354,1.12766,1.12789,1.13,1.50
2013.09.27 14:50:48.356,1.12766,1.1279,1.32,1.50
2013.09.27 14:50:50.398,1.1277,1.12798,1.13,1.50
2013.09.27 14:50:51.478,1.1276,1.1279,1.13,1.50
2013.09.27 14:50:51.656,1.12759,1.1279,1.13,1.88
2013.09.27 14:50:52.157,1.12759,1.12789,1.13,1.13
2013.09.27 14:50:52.219,1.12759,1.12789,1.88,1.13
2013.09.27 14:50:52.597,1.12758,1.12788,1.13,1.50
2013.09.27 14:50:52.658,1.12756,1.12785,2.63,1.50
2013.09.27 14:50:52.896,1.1276,1.12785,1.13,1.50
2013.09.27 14:50:54.326,1.12762,1.12785,1.13,1.50
2013.09.27 14:50:56.186,1.12766,1.12788,1.13,1.50
2013.09.27 14:50:57.597,1.12767,1.12788,1.88,1.50
2013.09.27 14:50:57.659,1.12767,1.12788,1.13,1.50
2013.09.27 14:50:57.719,1.12767,1.12788,1.13,1.50
2013.09.27 14:50:58.586,1.12767,1.12793,1.13,1.50
2013.09.27 14:51:01.176,1.12764,1.12785,1.50,1.50
2013.09.27 14:51:01.536,1.12764,1.12785,1.50,1.50
2013.09.27 14:51:01.658,1.12764,1.12785,1.50,1.50
2013.09.27 14:51:01.776,1.12763,1.12785,1.50,1.50
2013.09.27 14:51:02.368,1.12764,1.12785,1.13,1.50
2013.09.27 14:51:02.429,1.12763,1.12785,1.13,1.50
2013.09.27 14:51:02.548,1.12764,1.12785,1.13,1.50
2013.09.27 14:51:02.666,1.12764,1.12785,1.13,1.50
2013.09.27 14:51:06.862,1.12767,1.12789,1.13,2.25
2013.09.27 14:51:07.496,1.12767,1.12793,1.13,1.50
2013.09.27 14:51:09.920,1.12767,1.12793,1.13,1.50
2013.09.27 14:51:10.166,1.12767,1.12793,1.13,1.50
2013.09.27 14:51:11.806,1.12767,1.12793,1.13,1.50
2013.09.27 14:51:11.937,1.12767,1.12793,1.13,1.50
2013.09.27 14:51:12.548,1.12767,1.12793,1.13,1.50
2013.09.27 14:51:13.104,1.12767,1.12793,1.13,1.50
2013.09.27 14:51:13.986,1.12765,1.12793,1.13,1.50
2013.09.27 14:51:14.166,1.12766,1.12794,1.50,1.50
2013.09.27 14:51:14.227,1.12766,1.12788,1.50,1.50
2013.09.27 14:51:17.856,1.12767,1.12794,1.13,1.50
2013.09.27 14:51:18.486,1.12767,1.12792,1.13,1.13
2013.09.27 14:51:21.938,1.12767,1.12786,1.13,1.13
2013.09.27 14:51:21.998,1.12762,1.12786,1.50,1.13
2013.09.27 14:51:22.177,1.12758,1.12785,1.50,1.50
2013.09.27 14:51:22.297,1.12755,1.12785,1.50,1.50
2013.09.27 14:51:22.717,1.12755,1.12787,1.50,1.88
2013.09.27 14:51:23.137,1.12752,1.12787,2.25,2.63
2013.09.27 14:51:23.687,1.12752,1.12781,1.50,1.50
2013.09.27 14:51:24.108,1.12752,1.12781,1.88,1.50
2013.09.27 14:51:24.287,1.12766,1.12786,1.13,1.50
2013.09.27 14:51:24.347,1.12766,1.12789,1.13,1.50
2013.09.27 14:51:24.407,1.12765,1.1279,1.88,1.50
2013.09.27 14:51:24.646,1.12759,1.12786,1.50,1.50
2013.09.27 14:51:30.976,1.12757,1.12788,2.25,1.88
2013.09.27 14:51:31.817,1.12766,1.12794,1.50,1.50
2013.09.27 14:51:32.327,1.12766,1.12794,1.50,1.50
2013.09.27 14:51:33.008,1.12766,1.12794,1.50,1.50
2013.09.27 14:51:35.269,1.12765,1.12788,1.69,1.50
2013.09.27 14:51:35.667,1.12769,1.12798,1.32,1.88
2013.09.27 14:51:35.731,1.12767,1.12792,1.32,1.50
2013.09.27 14:51:35.917,1.12767,1.1279,1.32,1.50
2013.09.27 14:51:35.977,1.12767,1.12792,1.32,1.50
2013.09.27 14:51:36.096,1.12767,1.12793,1.32,2.25
2013.09.27 14:51:36.656,1.12767,1.12793,1.32,1.50
2013.09.27 14:51:38.117,1.12767,1.12793,2.44,1.50
2013.09.27 14:51:38.236,1.12767,1.12793,1.13,1.50
2013.09.27 14:51:41.506,1.12764,1.12793,2.07,1.50
2013.09.27 14:51:42.038,1.12764,1.12793,1.88,1.50
2013.09.27 14:51:44.897,1.12764,1.12793,1.13,1.50
2013.09.27 14:51:44.956,1.12764,1.12793,1.13,1.50
2013.09.27 14:51:45.257,1.12764,1.12793,1.13,1.50
2013.09.27 14:51:50.036,1.12764,1.12793,1.13,1.50
2013.09.27 14:51:50.713,1.12764,1.12793,1.13,1.50
2013.09.27 14:51:51.587,1.12764,1.12793,1.50,1.50
2013.09.27 14:51:51.648,1.12767,1.12793,1.13,1.50
2013.09.27 14:51:51.887,1.12768,1.12793,1.88,1.50
2013.09.27 14:51:52.187,1.12764,1.12793,1.13,1.50
2013.09.27 14:51:52.751,1.12764,1.12793,1.13,1.88
2013.09.27 14:51:56.191,1.12757,1.12786,3.00,1.50
2013.09.27 14:51:57.167,1.12757,1.12786,2.63,1.50
2013.09.27 14:51:58.176,1.12757,1.12786,2.63,1.50
2013.09.27 14:52:00.789,1.12757,1.12786,3.75,1.50
2013.09.27 14:52:01.216,1.12757,1.12786,3.38,1.50
2013.09.27 14:52:01.792,1.12757,1.12786,3.75,1.50
2013.09.27 14:52:02.307,1.12757,1.12786,2.63,1.50
2013.09.27 14:52:02.367,1.12757,1.12786,3.38,1.50
2013.09.27 14:52:02.427,1.12757,1.12786,2.25,1.50
2013.09.27 14:52:02.727,1.12757,1.12786,2.25,1.88
2013.09.27 14:52:02.907,1.12757,1.12786,3.75,1.88
2013.09.27 14:52:03.266,1.12765,1.12794,1.13,1.88
2013.09.27 14:52:03.518,1.12765,1.12795,1.88,1.50
2013.09.27 14:52:03.577,1.12766,1.12794,1.13,1.50
2013.09.27 14:52:04.376,1.12765,1.12794,1.13,1.50
2013.09.27 14:52:04.726,1.12766,1.12794,1.13,1.50
2013.09.27 14:52:04.892,1.12766,1.12794,1.13,1.50
2013.09.27 14:52:05.137,1.12766,1.12794,1.13,1.50
2013.09.27 14:52:07.947,1.12765,1.12792,1.13,1.13
2013.09.27 14:52:08.188,1.12762,1.1279,1.50,1.50
2013.09.27 14:52:09.303,1.12762,1.1279,1.50,1.50
2013.09.27 14:52:09.858,1.12765,1.1279,1.13,1.50
2013.09.27 14:52:11.398,1.12761,1.12789,1.13,1.50
2013.09.27 14:52:12.998,1.12759,1.12787,1.13,1.50
2013.09.27 14:52:13.541,1.12758,1.12785,1.50,1.13
2013.09.27 14:52:15.367,1.12756,1.12787,1.69,1.88
2013.09.27 14:52:16.218,1.12759,1.12787,1.50,1.50
2013.09.27 14:52:18.367,1.12761,1.12789,1.50,2.25
2013.09.27 14:52:18.426,1.12768,1.1279,1.50,1.13
2013.09.27 14:52:20.632,1.12772,1.12798,1.50,1.88
2013.09.27 14:52:31.194,1.12772,1.12799,1.50,1.50
2013.09.27 14:52:31.256,1.12772,1.12801,1.50,1.50
2013.09.27 14:52:31.318,1.1278,1.12798,1.50,1.13
2013.09.27 14:52:31.619,1.12777,1.12796,1.50,1.13
2013.09.27 14:52:31.740,1.1277,1.12793,1.50,1.50
2013.09.27 14:52:31.916,1.12768,1.12793,1.88,1.50
2013.09.27 14:52:32.157,1.1277,1.12796,1.50,1.50
2013.09.27 14:52:32.877,1.12768,1.12794,1.88,1.50
2013.09.27 14:52:32.937,1.12766,1.12794,2.63,1.50
2013.09.27 14:52:33.117,1.12769,1.12798,1.13,1.50
2013.09.27 14:52:33.178,1.12769,1.12798,1.13,1.50
2013.09.27 14:52:34.048,1.12767,1.12796,1.13,1.50
2013.09.27 14:52:36.594,1.12767,1.12796,1.13,1.50
2013.09.27 14:52:37.162,1.12767,1.12796,1.88,1.50
2013.09.27 14:52:46.702,1.12768,1.12796,1.13,1.50
2013.09.27 14:52:50.356,1.12771,1.12796,1.13,1.50
2013.09.27 14:52:50.896,1.1277,1.12795,1.13,1.50
2013.09.27 14:52:51.226,1.1277,1.12796,1.13,1.50
2013.09.27 14:52:54.416,1.1277,1.12796,1.13,1.50
2013.09.27 14:52:54.927,1.1277,1.12796,1.13,1.50
2013.09.27 14:52:58.428,1.1277,1.12795,1.13,1.13
2013.09.27 14:52:58.738,1.1277,1.12794,1.13,1.13
2013.09.27 14:52:59.097,1.12771,1.12794,1.50,1.13
2013.09.27 14:52:59.687,1.12772,1.12795,1.13,1.13
2013.09.27 14:53:03.968,1.12773,1.12796,1.13,1.88
2013.09.27 14:53:08.279,1.12771,1.12796,1.88,1.88
2013.09.27 14:53:08.371,1.12771,1.12794,1.88,1.13
2013.09.27 14:53:08.677,1.12769,1.12791,1.50,1.13
2013.09.27 14:53:08.797,1.12761,1.12792,1.13,1.13
2013.09.27 14:53:08.977,1.12759,1.12787,1.50,1.13
2013.09.27 14:53:09.216,1.12757,1.12789,1.13,1.50
2013.09.27 14:53:09.276,1.12754,1.12789,3.00,2.25
2013.09.27 14:53:10.156,1.12752,1.12781,1.88,1.13
2013.09.27 14:53:10.216,1.12752,1.12779,1.13,1.50
2013.09.27 14:53:10.599,1.12752,1.1278,1.13,1.50
2013.09.27 14:53:10.657,1.1275,1.12779,1.88,1.50
2013.09.27 14:53:11.198,1.12749,1.12779,1.13,1.50
2013.09.27 14:53:11.376,1.12749,1.12779,1.13,1.50
2013.09.27 14:53:15.917,1.12747,1.12777,1.50,2.25
2013.09.27 14:53:16.039,1.12744,1.12776,1.13,1.50
2013.09.27 14:53:16.660,1.12745,1.12777,1.50,1.50
2013.09.27 14:53:16.721,1.12746,1.12778,1.50,1.50
2013.09.27 14:53:16.848,1.12761,1.1278,1.13,1.88
2013.09.27 14:53:17.089,1.12764,1.12784,1.50,1.13
2013.09.27 14:53:17.208,1.12761,1.12786,1.50,1.13
2013.09.27 14:53:17.747,1.12761,1.12787,1.13,1.13
2013.09.27 14:53:18.266,1.12761,1.12784,1.13,1.13
2013.09.27 14:53:18.917,1.12761,1.12787,1.13,1.13
2013.09.27 14:53:19.036,1.12761,1.12784,1.13,1.13
2013.09.27 14:53:19.762,1.12761,1.12784,1.13,1.13
2013.09.27 14:53:21.037,1.12777,1.12791,1.13,1.13
2013.09.27 14:53:21.109,1.12777,1.12799,1.13,1.50
2013.09.27 14:53:21.227,1.12777,1.12798,1.13,1.13
2013.09.27 14:53:21.467,1.12777,1.128,1.13,1.13
2013.09.27 14:53:21.527,1.12777,1.12803,1.13,1.88
2013.09.27 14:53:21.587,1.12777,1.12803,1.13,1.88
2013.09.27 14:53:22.597,1.12777,1.12803,1.13,1.50
2013.09.27 14:53:22.777,1.12777,1.12803,1.13,1.50
2013.09.27 14:53:26.397,1.12776,1.12803,1.13,1.50
2013.09.27 14:53:26.638,1.12777,1.12803,1.13,1.50
2013.09.27 14:53:27.292,1.12777,1.12802,1.88,1.50
2013.09.27 14:53:32.407,1.12778,1.12804,1.50,1.50
2013.09.27 14:53:40.699,1.12778,1.12804,1.13,1.50
2013.09.27 14:53:41.759,1.12777,1.12804,2.25,1.50
2013.09.27 14:53:49.109,1.12777,1.12801,2.63,1.50
2013.09.27 14:53:50.394,1.1278,1.12804,1.13,1.50
2013.09.27 14:53:50.468,1.1278,1.1281,1.13,3.00
2013.09.27 14:53:50.707,1.1278,1.12804,1.13,1.50
2013.09.27 14:53:53.427,1.12778,1.12804,1.50,1.50
2013.09.27 14:53:53.977,1.12781,1.12808,1.13,1.50
2013.09.27 14:53:55.396,1.12778,1.12803,1.13,1.50
2013.09.27 14:53:55.937,1.12777,1.12797,1.13,1.13
2013.09.27 14:53:56.278,1.12776,1.128,1.50,1.13
2013.09.27 14:53:56.519,1.1277,1.12799,1.13,1.50
2013.09.27 14:53:57.057,1.12769,1.12799,1.50,1.88
2013.09.27 14:54:00.897,1.1277,1.12799,1.50,1.13
2013.09.27 14:54:01.437,1.12779,1.12808,1.13,1.50
2013.09.27 14:54:01.556,1.12779,1.12808,1.13,1.50
2013.09.27 14:54:01.617,1.12779,1.12809,1.13,1.50
2013.09.27 14:54:02.407,1.12779,1.12808,1.13,1.50
2013.09.27 14:54:02.467,1.12777,1.12807,1.50,1.50
2013.09.27 14:54:02.826,1.12777,1.12807,1.88,2.25
2013.09.27 14:54:03.137,1.12779,1.12808,1.50,1.13
2013.09.27 14:54:03.894,1.12788,1.12809,1.50,1.50
2013.09.27 14:54:04.218,1.12786,1.12811,1.50,2.25
2013.09.27 14:54:04.456,1.12787,1.12811,2.25,1.13
2013.09.27 14:54:05.208,1.12787,1.12813,2.25,3.00
2013.09.27 14:54:05.567,1.12781,1.12809,1.88,1.13
2013.09.27 14:54:06.388,1.12781,1.12809,1.88,1.88
2013.09.27 14:54:06.567,1.12781,1.12806,1.88,1.50
2013.09.27 14:54:06.927,1.12778,1.12803,1.50,1.13
2013.09.27 14:54:06.987,1.12777,1.12806,1.50,1.88
2013.09.27 14:54:07.517,1.12771,1.12806,1.13,2.63
2013.09.27 14:54:08.303,1.12774,1.12805,1.50,1.13
2013.09.27 14:54:08.847,1.12774,1.12803,1.50,1.13
2013.09.27 14:54:09.148,1.1277,1.12794,1.32,1.50
2013.09.27 14:54:09.207,1.12774,1.12797,1.50,1.50
2013.09.27 14:54:09.387,1.12774,1.12803,1.50,1.13
2013.09.27 14:54:09.448,1.12774,1.12803,1.50,1.13
2013.09.27 14:54:09.867,1.12771,1.12801,3.00,1.13
2013.09.27 14:54:22.547,1.12771,1.12799,1.50,1.13
2013.09.27 14:54:23.027,1.12772,1.12798,1.50,1.88
2013.09.27 14:54:23.578,1.12772,1.12802,1.69,1.13
2013.09.27 14:54:24.008,1.12774,1.12803,1.50,1.88
2013.09.27 14:54:30.137,1.12771,1.12802,1.69,1.13
2013.09.27 14:54:31.616,1.12772,1.128,1.50,1.13
2013.09.27 14:54:32.358,1.12774,1.128,1.50,1.13
2013.09.27 14:54:32.597,1.12786,1.12811,2.25,1.88
2013.09.27 14:54:32.717,1.12786,1.1281,2.25,1.13
2013.09.27 14:54:32.898,1.12783,1.12809,1.13,1.13
2013.09.27 14:54:32.959,1.12781,1.12804,1.88,1.13
2013.09.27 14:54:33.137,1.12779,1.12804,1.13,1.13
2013.09.27 14:54:33.497,1.12771,1.12799,2.82,1.13
2013.09.27 14:54:33.737,1.12771,1.12799,2.82,1.13
2013.09.27 14:54:34.257,1.12771,1.12799,2.82,1.13
2013.09.27 14:54:34.598,1.12771,1.12799,2.82,1.13
2013.09.27 14:54:34.899,1.12778,1.12804,1.50,3.00
2013.09.27 14:54:35.019,1.12778,1.12806,1.50,2.63
2013.09.27 14:54:36.446,1.12778,1.12804,1.50,1.13
2013.09.27 14:54:36.627,1.12778,1.12806,1.50,1.88
2013.09.27 14:54:39.947,1.12781,1.12806,1.13,1.13
2013.09.27 14:54:41.419,1.12785,1.12806,1.50,1.13
2013.09.27 14:54:41.598,1.12785,1.12808,1.50,1.50
2013.09.27 14:54:41.659,1.12784,1.12808,1.13,1.50
2013.09.27 14:54:41.719,1.12781,1.12808,1.13,1.50
2013.09.27 14:54:41.896,1.12781,1.12808,1.88,1.88
2013.09.27 14:54:42.712,1.12781,1.12809,1.88,1.88
2013.09.27 14:54:43.117,1.12794,1.12812,1.13,1.88
2013.09.27 14:54:43.872,1.12795,1.12825,1.13,1.88
2013.09.27 14:54:43.940,1.12795,1.12824,1.13,1.88
2013.09.27 14:54:43.999,1.12795,1.12822,1.13,1.13
2013.09.27 14:54:44.478,1.1279,1.12818,1.32,1.13
2013.09.27 14:54:45.350,1.12791,1.12818,1.13,1.88
2013.09.27 14:54:45.720,1.12792,1.12818,1.13,1.50
2013.09.27 14:54:47.437,1.128,1.12822,1.50,1.50
2013.09.27 14:54:48.418,1.12796,1.12819,1.13,1.50
2013.09.27 14:54:48.659,1.12797,1.12821,1.13,2.25
2013.09.27 14:54:48.719,1.12801,1.12821,1.13,1.50
2013.09.27 14:54:48.839,1.12801,1.12825,1.13,1.13
2013.09.27 14:54:49.437,1.12802,1.12828,1.13,1.50
2013.09.27 14:54:50.989,1.12797,1.12823,2.63,1.50
2013.09.27 14:54:51.378,1.12799,1.12828,1.13,1.50
2013.09.27 14:54:51.920,1.12802,1.12828,1.13,1.50
2013.09.27 14:54:52.229,1.12805,1.1283,1.13,1.13
2013.09.27 14:54:55.817,1.12805,1.12822,1.13,1.13
2013.09.27 14:54:56.540,1.12805,1.12825,1.13,1.88
2013.09.27 14:54:57.338,1.12805,1.12825,1.13,1.88
2013.09.27 14:54:58.068,1.12805,1.12825,1.13,1.50
2013.09.27 14:54:58.128,1.12805,1.12825,1.13,1.50
2013.09.27 14:55:10.659,1.12801,1.12826,1.13,2.25
2013.09.27 14:55:10.838,1.12801,1.12823,1.13,1.13
2013.09.27 14:55:10.898,1.12801,1.12823,1.13,1.13
2013.09.27 14:55:11.078,1.1279,1.12823,1.13,1.50
2013.09.27 14:55:11.438,1.1279,1.12822,1.13,1.32
2013.09.27 14:55:11.557,1.1279,1.12821,1.13,1.32
2013.09.27 14:55:12.788,1.1279,1.12819,1.13,1.32
2013.09.27 14:55:13.932,1.1279,1.1282,1.50,1.13
2013.09.27 14:55:14.479,1.1279,1.12821,1.50,1.32
2013.09.27 14:55:15.929,1.1279,1.1282,1.50,1.13
2013.09.27 14:55:19.788,1.1279,1.1282,1.13,1.13
2013.09.27 14:55:20.028,1.1279,1.1282,1.88,1.13
2013.09.27 14:55:21.189,1.12792,1.1282,3.00,1.13
2013.09.27 14:55:22.045,1.12792,1.1282,3.00,1.13
2013.09.27 14:55:22.299,1.12792,1.1282,1.50,1.13
2013.09.27 14:55:22.418,1.12794,1.1282,1.50,1.13
2013.09.27 14:55:22.611,1.12795,1.1282,1.50,1.13
2013.09.27 14:55:22.683,1.12794,1.12819,1.88,1.50
2013.09.27 14:55:22.928,1.12789,1.12814,1.50,1.13
2013.09.27 14:55:22.989,1.12789,1.12814,1.50,1.13
2013.09.27 14:55:23.348,1.12783,1.12813,1.13,1.50
2013.09.27 14:55:24.046,1.12785,1.12813,1.50,1.50
2013.09.27 14:55:24.107,1.12785,1.12812,1.50,1.13
2013.09.27 14:55:24.370,1.12785,1.12814,1.50,1.88
2013.09.27 14:55:24.430,1.12786,1.12814,1.13,1.50
2013.09.27 14:55:24.731,1.12788,1.12816,1.50,1.50
2013.09.27 14:55:24.977,1.1279,1.12817,1.50,1.50
2013.09.27 14:55:25.102,1.12793,1.12821,1.50,1.13
2013.09.27 14:55:25.287,1.12789,1.1282,1.50,1.13
2013.09.27 14:55:27.398,1.12795,1.12826,1.13,2.25
2013.09.27 14:55:30.707,1.1279,1.1282,1.13,1.50
2013.09.27 14:55:31.187,1.12793,1.12824,1.13,2.44
2013.09.27 14:55:33.448,1.12791,1.1282,1.50,1.13
2013.09.27 14:55:33.567,1.1279,1.1282,2.82,1.50
2013.09.27 14:55:33.628,1.12796,1.1282,1.50,1.50
2013.09.27 14:55:33.867,1.12804,1.1283,2.25,2.25
2013.09.27 14:55:33.927,1.12799,1.12828,1.88,1.13
2013.09.27 14:55:34.167,1.12798,1.12829,2.25,1.13
2013.09.27 14:55:34.526,1.12799,1.12828,1.13,1.13
2013.09.27 14:55:44.677,1.12798,1.12827,1.13,1.50
2013.09.27 14:55:47.638,1.12801,1.12827,1.13,1.50
2013.09.27 14:55:52.928,1.12804,1.12827,1.50,1.50
2013.09.27 14:55:53.167,1.12804,1.12827,1.50,1.13
2013.09.27 14:55:54.387,1.12798,1.12828,2.25,1.50
2013.09.27 14:56:19.999,1.12803,1.12829,1.50,1.50
2013.09.27 14:56:20.068,1.12807,1.1283,1.50,1.50
2013.09.27 14:56:20.308,1.12814,1.12832,1.13,1.50
2013.09.27 14:56:20.848,1.12813,1.12833,1.88,1.50
2013.09.27 14:56:21.027,1.12813,1.1284,1.88,1.50
2013.09.27 14:56:21.087,1.12816,1.1284,1.50,1.50
2013.09.27 14:56:22.167,1.12816,1.12842,2.25,1.50
2013.09.27 14:56:25.572,1.12816,1.12838,2.25,1.13
2013.09.27 14:56:25.758,1.12806,1.12834,1.50,1.13
2013.09.27 14:56:25.818,1.12801,1.12834,1.50,1.13
2013.09.27 14:56:26.118,1.12801,1.12833,1.50,1.50
2013.09.27 14:56:27.178,1.12804,1.12834,1.50,1.13
2013.09.27 14:56:30.098,1.12801,1.12834,3.00,1.50
2013.09.27 14:56:30.169,1.12806,1.12833,1.13,1.50
2013.09.27 14:56:30.409,1.12806,1.12833,1.13,1.50
2013.09.27 14:56:30.467,1.12804,1.12833,1.13,1.50
2013.09.27 14:56:30.587,1.12798,1.12826,2.63,1.13
2013.09.27 14:56:30.647,1.12801,1.1283,1.13,2.25
2013.09.27 14:56:30.708,1.12805,1.12833,1.32,1.50
2013.09.27 14:56:32.167,1.12804,1.1283,1.32,1.50
2013.09.27 14:56:32.418,1.12804,1.1283,3.57,1.50
2013.09.27 14:56:32.779,1.12814,1.12838,1.69,1.50
2013.09.27 14:56:32.838,1.12814,1.12842,1.69,1.88
2013.09.27 14:56:33.199,1.12814,1.1284,1.50,1.13
2013.09.27 14:56:33.259,1.12809,1.12839,1.69,1.50
2013.09.27 14:56:33.438,1.12807,1.12837,2.44,1.13
2013.09.27 14:56:33.987,1.12809,1.12834,1.13,1.13
2013.09.27 14:56:37.407,1.12809,1.12836,1.50,1.88
2013.09.27 14:56:37.587,1.12809,1.12838,1.50,1.50
2013.09.27 14:56:37.707,1.12809,1.12838,1.50,1.88
2013.09.27 14:56:38.007,1.12804,1.12833,2.07,1.50
2013.09.27 14:56:38.127,1.12807,1.12838,1.13,1.50
2013.09.27 14:56:38.367,1.12806,1.12833,1.32,1.50
2013.09.27 14:56:39.307,1.12804,1.12833,2.44,2.25
2013.09.27 14:56:39.827,1.12804,1.12833,2.44,1.50
2013.09.27 14:56:40.367,1.12804,1.12833,2.25,3.00
2013.09.27 14:56:40.787,1.12804,1.12833,1.88,1.50
2013.09.27 14:56:41.619,1.12804,1.12833,1.88,2.25
2013.09.27 14:56:42.157,1.12804,1.12831,1.88,1.50
2013.09.27 14:56:42.925,1.12804,1.12831,1.13,1.50
2013.09.27 14:56:43.227,1.12804,1.12834,1.88,2.25
2013.09.27 14:56:43.528,1.12804,1.12832,1.88,1.50
2013.09.27 14:56:43.840,1.12804,1.1283,1.13,1.88
2013.09.27 14:56:44.320,1.12802,1.12827,1.50,1.50
2013.09.27 14:56:44.630,1.12796,1.12825,1.50,1.50
2013.09.27 14:56:44.937,1.12794,1.12826,1.50,1.50
2013.09.27 14:56:45.239,1.12797,1.12826,1.50,1.50
2013.09.27 14:56:45.597,1.12789,1.12823,1.50,1.50
2013.09.27 14:56:47.131,1.12793,1.12822,1.50,1.13
2013.09.27 14:56:49.219,1.12793,1.12822,1.50,1.13
2013.09.27 14:56:49.918,1.12793,1.12822,1.50,1.13
2013.09.27 14:56:52.447,1.12793,1.12822,1.50,1.13
2013.09.27 14:56:52.807,1.12793,1.12821,1.50,1.88
2013.09.27 14:56:52.987,1.12793,1.12822,1.50,1.13
2013.09.27 14:56:53.657,1.12793,1.12824,1.50,1.88
2013.09.27 14:56:54.620,1.12793,1.12824,2.44,1.88
2013.09.27 14:56:59.703,1.12793,1.12824,1.69,1.88
2013.09.27 14:57:02.557,1.12793,1.12824,1.88,1.88
2013.09.27 14:57:06.318,1.12796,1.12825,1.88,2.25
2013.09.27 14:57:07.350,1.12796,1.12824,1.88,1.13
2013.09.27 14:57:07.527,1.12792,1.1281,1.50,2.25
2013.09.27 14:57:08.067,1.12788,1.12815,1.13,1.50
2013.09.27 14:57:08.127,1.12788,1.12815,1.13,1.13
2013.09.27 14:57:09.577,1.12788,1.12815,1.13,1.88
2013.09.27 14:57:10.177,1.12788,1.12815,1.13,1.50
2013.09.27 14:57:10.717,1.12788,1.12815,1.13,1.13
2013.09.27 14:57:11.258,1.12788,1.12816,1.13,1.50
2013.09.27 14:57:15.278,1.12787,1.12817,2.07,1.50
2013.09.27 14:57:16.127,1.12788,1.12817,1.69,2.25
2013.09.27 14:57:20.469,1.12787,1.12812,1.69,1.50
2013.09.27 14:57:20.539,1.12787,1.12817,1.69,3.00
2013.09.27 14:57:21.317,1.12788,1.12813,1.13,1.13
2013.09.27 14:57:21.677,1.12789,1.12809,1.50,1.13
2013.09.27 14:57:22.218,1.12789,1.12809,1.50,1.13
2013.09.27 14:57:23.177,1.12789,1.12809,1.50,1.13
2013.09.27 14:57:23.697,1.12789,1.12809,1.50,1.13
2013.09.27 14:57:24.057,1.12788,1.12817,1.69,1.50
2013.09.27 14:57:24.117,1.12791,1.12817,1.50,1.50
2013.09.27 14:57:24.417,1.12788,1.12816,1.69,1.50
2013.09.27 14:57:25.657,1.12792,1.12819,1.13,1.50
2013.09.27 14:57:26.019,1.12787,1.12816,1.50,1.50
2013.09.27 14:57:26.318,1.1279,1.12819,1.50,2.63
2013.09.27 14:57:27.087,1.12789,1.12818,1.13,1.13
2013.09.27 14:57:27.448,1.1279,1.12818,1.50,1.13
2013.09.27 14:57:27.987,1.1279,1.12819,1.50,1.50
2013.09.27 14:57:28.458,1.1279,1.12819,1.13,1.50
2013.09.27 14:57:28.637,1.1279,1.12819,1.88,1.50
2013.09.27 14:57:28.721,1.1279,1.12818,1.50,1.13
2013.09.27 14:57:29.161,1.1279,1.12818,1.50,1.13
2013.09.27 14:57:29.708,1.1279,1.12819,1.50,1.88
2013.09.27 14:57:30.179,1.1279,1.12818,1.50,1.13
2013.09.27 14:57:30.371,1.1279,1.12818,1.50,1.13
2013.09.27 14:57:30.877,1.1279,1.12818,1.50,1.50
2013.09.27 14:57:30.938,1.12788,1.12818,1.13,1.13
2013.09.27 14:57:31.449,1.1279,1.12815,1.50,1.13
2013.09.27 14:57:32.239,1.12788,1.12817,1.13,1.13
2013.09.27 14:57:32.549,1.1279,1.12819,2.07,1.50
2013.09.27 14:57:32.668,1.1279,1.12819,1.32,1.50
2013.09.27 14:57:32.727,1.12791,1.12819,1.13,1.50
2013.09.27 14:57:32.968,1.1279,1.12816,1.32,1.13
2013.09.27 14:57:33.507,1.1279,1.12814,1.13,1.50
2013.09.27 14:57:33.569,1.12788,1.12814,1.13,1.50
2013.09.27 14:57:38.609,1.12788,1.12814,1.13,1.50
2013.09.27 14:57:38.860,1.1279,1.12813,1.50,1.50
2013.09.27 14:57:39.218,1.12789,1.12806,1.13,1.50
2013.09.27 14:57:40.669,1.12786,1.12807,1.50,1.50
2013.09.27 14:57:40.789,1.12786,1.12815,1.50,1.50
2013.09.27 14:57:41.141,1.12784,1.12815,2.82,1.13
2013.09.27 14:57:42.377,1.12786,1.12815,1.50,1.13
2013.09.27 14:57:45.039,1.12783,1.12809,1.69,1.13
2013.09.27 14:57:45.109,1.12783,1.12809,2.63,1.13
2013.09.27 14:57:45.170,1.12788,1.12813,1.13,1.13
2013.09.27 14:57:45.299,1.12786,1.12809,1.88,1.13
2013.09.27 14:57:45.419,1.12787,1.12814,1.50,1.50
2013.09.27 14:57:45.969,1.12787,1.12814,1.13,1.50
2013.09.27 14:57:47.219,1.12787,1.12813,1.13,1.13
2013.09.27 14:57:47.785,1.12787,1.12813,1.13,1.13
2013.09.27 14:57:49.641,1.12784,1.12813,1.69,1.50
2013.09.27 14:57:49.712,1.12784,1.12811,1.69,1.50
2013.09.27 14:57:50.868,1.12785,1.12814,1.13,1.50
2013.09.27 14:57:51.399,1.12785,1.12813,1.13,1.13
2013.09.27 14:57:51.458,1.12783,1.12808,1.32,1.50
2013.09.27 14:57:51.701,1.12784,1.12811,2.07,1.50
2013.09.27 14:57:51.768,1.12784,1.12813,2.07,1.50
2013.09.27 14:57:51.827,1.12786,1.12814,1.13,1.50
2013.09.27 14:57:53.033,1.12786,1.12813,1.13,1.13
2013.09.27 14:57:53.580,1.12783,1.12809,1.88,1.88
2013.09.27 14:57:54.353,1.12783,1.12808,1.50,1.88
2013.09.27 14:57:54.778,1.12783,1.12808,1.50,1.50
2013.09.27 14:57:55.927,1.12781,1.12806,1.69,1.50
2013.09.27 14:57:56.287,1.12783,1.12808,1.50,1.13
2013.09.27 14:57:57.623,1.12783,1.12808,1.50,1.13
2013.09.27 14:57:57.881,1.12782,1.12807,1.13,1.13
2013.09.27 14:57:58.409,1.12783,1.12806,1.69,1.13
2013.09.27 14:57:58.879,1.12784,1.12808,1.69,1.13
2013.09.27 14:57:59.451,1.12784,1.12806,1.69,1.13
2013.09.27 14:58:00.271,1.12782,1.12806,2.44,1.13
2013.09.27 14:58:00.447,1.12783,1.12809,1.50,1.88
2013.09.27 14:58:00.999,1.12785,1.12809,1.69,1.88
2013.09.27 14:58:01.277,1.12785,1.12809,1.69,1.88
2013.09.27 14:58:01.338,1.12785,1.12809,1.69,1.88
2013.09.27 14:58:01.988,1.12785,1.12809,1.69,1.88
2013.09.27 14:58:02.553,1.12785,1.12809,1.69,1.88
2013.09.27 14:58:02.926,1.12783,1.12807,1.69,1.13
2013.09.27 14:58:03.477,1.12778,1.12807,1.13,1.13
2013.09.27 14:58:04.207,1.12783,1.12808,1.50,1.13
2013.09.27 14:58:04.387,1.12783,1.12809,1.50,1.88
2013.09.27 14:58:06.048,1.12781,1.12809,1.13,2.63
2013.09.27 14:58:06.557,1.12782,1.12809,1.13,2.63
2013.09.27 14:58:07.757,1.12782,1.12809,1.13,2.63
2013.09.27 14:58:11.561,1.12782,1.12809,1.13,2.63
2013.09.27 14:58:12.097,1.12782,1.12809,1.13,2.63
2013.09.27 14:58:14.148,1.1278,1.12809,2.63,2.63
2013.09.27 14:58:14.757,1.12782,1.12809,1.13,2.63
2013.09.27 14:58:16.177,1.12781,1.12811,1.13,1.13
2013.09.27 14:58:26.126,1.12786,1.12813,1.50,1.50
2013.09.27 14:58:26.203,1.12786,1.12813,1.50,1.88
2013.09.27 14:58:26.570,1.12786,1.12813,1.88,1.50
2013.09.27 14:58:26.997,1.12789,1.12813,1.13,1.50
2013.09.27 14:58:27.920,1.12786,1.12813,1.88,1.50
2013.09.27 14:58:28.668,1.1279,1.12818,1.13,1.50
2013.09.27 14:58:28.727,1.12792,1.12818,1.13,1.50
2013.09.27 14:58:30.707,1.12797,1.12817,1.50,1.50
2013.09.27 14:58:30.948,1.12794,1.12819,1.13,1.50
2013.09.27 14:58:31.067,1.12789,1.12819,2.63,1.50
2013.09.27 14:58:31.190,1.12789,1.12818,2.25,1.13
2013.09.27 14:58:31.427,1.12789,1.1281,1.13,1.13
2013.09.27 14:58:31.728,1.12781,1.12811,1.13,1.13
2013.09.27 14:58:35.668,1.12779,1.12807,1.50,1.50
2013.09.27 14:58:35.847,1.12781,1.12807,1.13,1.13
2013.09.27 14:58:36.388,1.12781,1.12809,1.50,1.50
2013.09.27 14:58:36.448,1.12778,1.12807,1.50,1.50
2013.09.27 14:58:36.808,1.12778,1.12807,1.88,1.50
2013.09.27 14:58:37.418,1.12778,1.12807,1.13,3.00
2013.09.27 14:58:38.174,1.12782,1.12804,1.13,2.63
2013.09.27 14:58:41.627,1.12782,1.12804,1.88,1.88
2013.09.27 14:58:41.929,1.12785,1.12814,1.50,1.50
2013.09.27 14:58:42.470,1.12785,1.12813,1.50,1.50
2013.09.27 14:58:43.013,1.12783,1.12812,1.13,1.50
2013.09.27 14:58:43.257,1.12782,1.12811,1.88,1.88
2013.09.27 14:58:43.378,1.12782,1.12809,1.13,1.13
2013.09.27 14:58:43.677,1.12784,1.12809,1.13,1.13
2013.09.27 14:58:44.097,1.12782,1.12809,1.88,1.13
2013.09.27 14:58:44.159,1.12782,1.12805,1.88,1.13
2013.09.27 14:58:45.340,1.12777,1.12804,2.63,1.50
2013.09.27 14:58:45.400,1.12777,1.12805,2.25,1.88
2013.09.27 14:58:46.064,1.12777,1.12798,1.50,1.88
2013.09.27 14:58:46.430,1.12781,1.12804,1.13,1.50
2013.09.27 14:58:46.490,1.12781,1.12806,1.13,1.50
2013.09.27 14:58:46.727,1.12783,1.12806,1.50,1.50
2013.09.27 14:58:47.267,1.12781,1.12806,1.50,1.50
2013.09.27 14:58:47.447,1.12781,1.12806,1.13,1.50
2013.09.27 14:58:50.011,1.12781,1.12806,1.50,1.50
2013.09.27 14:58:50.569,1.12781,1.12807,1.13,2.63
2013.09.27 14:58:55.077,1.12777,1.12803,1.13,1.13
2013.09.27 14:58:55.197,1.12772,1.12801,2.25,1.13
2013.09.27 14:58:55.573,1.12774,1.12801,1.13,1.88
2013.09.27 14:58:56.183,1.12774,1.12801,1.13,1.13
2013.09.27 14:58:57.758,1.12776,1.12803,1.13,2.25
2013.09.27 14:58:57.818,1.12776,1.12803,1.13,1.50
2013.09.27 14:58:58.118,1.12772,1.12803,1.13,1.50
2013.09.27 14:58:58.298,1.1277,1.12791,1.88,1.13
2013.09.27 14:58:59.302,1.1277,1.12792,1.13,1.88
2013.09.27 14:58:59.867,1.12768,1.12791,2.25,1.50
2013.09.27 14:59:00.048,1.12768,1.12798,1.88,1.13
2013.09.27 14:59:00.167,1.1277,1.12799,1.50,3.00
2013.09.27 14:59:00.407,1.1277,1.12798,1.13,2.63
2013.09.27 14:59:00.887,1.1277,1.12798,1.13,3.00
2013.09.27 14:59:01.067,1.1277,1.12799,1.13,1.50
2013.09.27 14:59:01.547,1.1277,1.12798,1.50,2.63
2013.09.27 14:59:01.607,1.1277,1.12796,1.13,2.25
2013.09.27 14:59:02.500,1.12767,1.12793,1.88,2.25
2013.09.27 14:59:03.058,1.12767,1.12792,1.13,1.50
2013.09.27 14:59:03.439,1.12767,1.12792,1.13,1.50
2013.09.27 14:59:05.110,1.12766,1.12792,1.50,2.25
2013.09.27 14:59:05.658,1.1277,1.12792,1.13,1.50
2013.09.27 14:59:05.958,1.12766,1.12792,1.13,1.13
2013.09.27 14:59:06.138,1.1276,1.12787,1.50,1.88
2013.09.27 14:59:06.257,1.12759,1.12788,1.50,1.50
2013.09.27 14:59:06.557,1.1276,1.12786,1.50,1.13
2013.09.27 14:59:06.927,1.12759,1.12786,1.13,1.13
2013.09.27 14:59:06.988,1.12759,1.12789,1.50,1.13
2013.09.27 14:59:07.467,1.12759,1.12788,1.50,1.50
2013.09.27 14:59:07.707,1.12759,1.12786,1.13,1.88
2013.09.27 14:59:07.947,1.12758,1.12786,1.50,1.13
2013.09.27 14:59:08.368,1.12756,1.12777,1.50,1.88
2013.09.27 14:59:08.668,1.12759,1.12789,1.88,1.50
2013.09.27 14:59:08.789,1.12764,1.12793,1.13,2.25
2013.09.27 14:59:08.908,1.12765,1.12793,1.50,1.50
2013.09.27 14:59:09.462,1.12768,1.128,1.13,1.50
2013.09.27 14:59:09.647,1.12768,1.12802,1.50,3.00
2013.09.27 14:59:09.707,1.12781,1.12803,1.13,1.50
2013.09.27 14:59:09.767,1.12781,1.12807,1.13,3.00
2013.09.27 14:59:10.008,1.12781,1.12808,1.13,1.50
2013.09.27 14:59:10.581,1.12781,1.12808,1.50,1.50
2013.09.27 14:59:11.047,1.12781,1.12808,1.13,1.50
2013.09.27 14:59:12.148,1.12781,1.12813,1.13,1.50
2013.09.27 14:59:12.928,1.12779,1.12803,1.88,1.50
2013.09.27 14:59:13.168,1.12776,1.12798,1.50,1.13
2013.09.27 14:59:13.287,1.12778,1.12807,1.13,1.50
2013.09.27 14:59:15.877,1.1278,1.12807,1.50,1.50
2013.09.27 14:59:15.999,1.12782,1.12807,1.13,1.50
2013.09.27 14:59:16.238,1.12782,1.12807,1.50,1.50
2013.09.27 14:59:16.417,1.12785,1.12814,1.13,1.88
2013.09.27 14:59:16.478,1.12787,1.12814,1.13,1.88
2013.09.27 14:59:16.538,1.12786,1.12817,2.25,2.25
2013.09.27 14:59:16.778,1.12788,1.12821,1.13,2.63
2013.09.27 14:59:17.138,1.1279,1.12821,1.88,1.50
2013.09.27 14:59:17.529,1.12789,1.12814,1.13,1.13
2013.09.27 14:59:19.407,1.12789,1.12814,1.13,1.50
2013.09.27 14:59:19.467,1.12792,1.12817,2.63,1.50
2013.09.27 14:59:19.768,1.12792,1.12817,1.13,1.50
2013.09.27 14:59:20.310,1.12792,1.12817,1.13,1.50
2013.09.27 14:59:20.429,1.12788,1.1281,1.50,1.13
2013.09.27 14:59:20.488,1.12786,1.1281,1.50,1.13
2013.09.27 14:59:20.729,1.12779,1.12807,2.63,2.25
2013.09.27 14:59:20.788,1.12778,1.12807,1.88,3.00
2013.09.27 14:59:21.639,1.12782,1.12809,1.13,1.50
2013.09.27 14:59:21.878,1.12781,1.12807,1.13,1.50
2013.09.27 14:59:22.001,1.1278,1.12807,1.88,1.50
2013.09.27 14:59:22.636,1.12778,1.12806,1.13,1.50
2013.09.27 14:59:23.163,1.12778,1.12806,1.13,1.50
2013.09.27 14:59:23.468,1.1278,1.12807,1.13,1.50
2013.09.27 14:59:23.527,1.12779,1.12806,1.88,1.50
2013.09.27 14:59:24.199,1.12777,1.12807,1.50,3.00
2013.09.27 14:59:24.757,1.12777,1.12806,1.13,2.25
2013.09.27 14:59:25.189,1.12778,1.12807,1.13,2.25
2013.09.27 14:59:26.628,1.12777,1.12799,1.50,1.13
2013.09.27 14:59:29.359,1.12774,1.12799,1.13,1.88
2013.09.27 14:59:29.899,1.12774,1.12798,1.13,1.13
2013.09.27 14:59:30.200,1.12767,1.12785,1.13,1.13
2013.09.27 14:59:30.260,1.12766,1.12785,3.00,1.13
2013.09.27 14:59:30.320,1.12767,1.12786,1.50,1.13
2013.09.27 14:59:30.620,1.12771,1.12796,1.13,1.50
2013.09.27 14:59:30.690,1.1277,1.12793,1.13,1.13
2013.09.27 14:59:31.779,1.1277,1.12793,1.13,1.32
2013.09.27 14:59:32.081,1.1277,1.12793,1.13,2.07
2013.09.27 14:59:32.320,1.1277,1.12793,1.13,3.57
2013.09.27 14:59:32.379,1.12766,1.12793,1.50,4.32
2013.09.27 14:59:32.440,1.12766,1.12788,1.50,1.50
2013.09.27 14:59:32.800,1.12766,1.12785,1.50,1.13
2013.09.27 14:59:33.114,1.12766,1.12782,1.50,2.82
2013.09.27 14:59:33.178,1.12756,1.12781,1.50,1.50
2013.09.27 14:59:33.618,1.12755,1.12781,1.13,2.44
2013.09.27 14:59:33.978,1.12751,1.12775,1.88,1.13
2013.09.27 14:59:34.218,1.12759,1.12782,1.13,1.88
2013.09.27 14:59:34.278,1.12759,1.12784,1.13,1.69
2013.09.27 14:59:34.697,1.12759,1.12784,1.13,1.50
2013.09.27 14:59:34.937,1.1276,1.12785,1.13,1.32
2013.09.27 14:59:35.857,1.12757,1.12786,3.75,2.07
2013.09.27 14:59:36.623,1.12757,1.1278,1.88,1.13
2013.09.27 14:59:36.987,1.12759,1.12784,1.13,1.50
2013.09.27 14:59:37.108,1.12759,1.12785,1.13,1.50
2013.09.27 14:59:37.167,1.12759,1.12782,1.13,1.50
2013.09.27 14:59:37.527,1.12759,1.12781,1.13,2.44
2013.09.27 14:59:37.775,1.12755,1.12781,1.13,3.19
2013.09.27 14:59:38.468,1.12757,1.12782,1.13,2.44
2013.09.27 14:59:38.589,1.12754,1.12781,1.50,1.69
2013.09.27 14:59:38.649,1.12754,1.12781,1.50,2.63
2013.09.27 14:59:38.710,1.12753,1.12774,1.50,1.13
2013.09.27 14:59:38.829,1.12751,1.12768,1.13,1.50
2013.09.27 14:59:38.890,1.12753,1.12768,1.13,1.50
2013.09.27 14:59:39.069,1.12751,1.12774,1.13,1.13
2013.09.27 14:59:39.850,1.12754,1.12775,1.13,1.13
2013.09.27 14:59:39.919,1.12751,1.12768,1.13,1.13
2013.09.27 14:59:39.980,1.1275,1.12767,2.25,1.13
2013.09.27 14:59:40.520,1.12751,1.12774,1.50,1.13
2013.09.27 14:59:41.060,1.12751,1.12774,1.50,1.88
2013.09.27 14:59:41.408,1.12752,1.12777,1.50,2.25
2013.09.27 14:59:41.469,1.12758,1.12779,1.50,2.07
2013.09.27 14:59:41.713,1.12755,1.12779,1.50,1.13
2013.09.27 14:59:42.259,1.12755,1.12781,1.88,2.44
2013.09.27 14:59:42.947,1.12755,1.12779,1.88,2.07
2013.09.27 14:59:43.188,1.12754,1.12773,1.88,1.13
2013.09.27 14:59:43.369,1.12749,1.12773,1.50,1.88
2013.09.27 14:59:43.668,1.12752,1.12773,1.50,1.88
2013.09.27 14:59:44.190,1.12752,1.12773,1.50,1.88
2013.09.27 14:59:45.282,1.12752,1.12773,1.50,1.88
2013.09.27 14:59:45.350,1.12752,1.12771,1.50,1.50
2013.09.27 14:59:45.659,1.12747,1.12771,1.50,2.25
2013.09.27 14:59:45.718,1.12747,1.12771,1.50,1.50
2013.09.27 14:59:46.148,1.12747,1.12772,2.25,1.88
2013.09.27 14:59:46.328,1.12748,1.12772,1.50,2.82
2013.09.27 14:59:46.448,1.12747,1.12771,3.00,2.07
2013.09.27 14:59:46.988,1.12747,1.1277,3.00,1.13
2013.09.27 14:59:47.047,1.12747,1.12771,3.00,1.88
2013.09.27 14:59:47.468,1.12754,1.12775,1.50,1.13
2013.09.27 14:59:47.770,1.12748,1.12771,1.50,1.50
2013.09.27 14:59:48.590,1.12748,1.12771,1.50,1.50
2013.09.27 14:59:49.129,1.12748,1.12772,1.50,1.88
2013.09.27 14:59:49.190,1.12748,1.12771,1.50,1.50
2013.09.27 14:59:49.250,1.12747,1.12764,1.50,1.50
2013.09.27 14:59:49.788,1.12747,1.12764,2.25,1.50
2013.09.27 14:59:49.848,1.12747,1.12763,2.25,1.50
2013.09.27 14:59:50.591,1.12747,1.12763,1.50,1.69
2013.09.27 14:59:50.719,1.12748,1.12763,1.50,2.44
2013.09.27 14:59:50.778,1.12748,1.12763,1.50,1.50
2013.09.27 14:59:50.957,1.12748,1.12767,1.50,1.13
2013.09.27 14:59:51.079,1.12746,1.12767,1.50,1.13
2013.09.27 14:59:51.438,1.12746,1.12766,1.50,1.50
2013.09.27 14:59:52.351,1.12746,1.1277,1.50,1.69
2013.09.27 14:59:52.589,1.12741,1.12763,1.50,1.50
2013.09.27 14:59:52.651,1.12741,1.12763,1.50,1.50
2013.09.27 14:59:52.711,1.12738,1.12761,1.50,1.13
2013.09.27 14:59:52.779,1.12738,1.12757,1.50,1.50
2013.09.27 14:59:53.080,1.12738,1.12757,2.25,2.25
2013.09.27 14:59:53.270,1.12736,1.12757,2.25,2.25
2013.09.27 14:59:53.689,1.12738,1.12757,1.50,1.50
2013.09.27 14:59:53.809,1.1274,1.12762,1.50,1.50
2013.09.27 14:59:53.869,1.1274,1.12763,1.88,2.25
2013.09.27 14:59:54.111,1.12742,1.12769,1.13,1.50
2013.09.27 14:59:54.241,1.12742,1.12766,1.13,1.13
2013.09.27 14:59:54.995,1.12742,1.12766,1.13,1.88
2013.09.27 14:59:55.212,1.12737,1.12759,1.50,1.88
2013.09.27 14:59:55.639,1.12742,1.12761,1.13,1.50
2013.09.27 14:59:55.758,1.12742,1.12766,1.13,1.50
2013.09.27 14:59:55.939,1.12743,1.12768,1.13,1.32
2013.09.27 14:59:56.299,1.12737,1.12758,2.25,1.50
2013.09.27 14:59:56.598,1.12739,1.12759,1.50,1.50
2013.09.27 14:59:56.898,1.12746,1.12766,1.50,3.00
2013.09.27 14:59:57.421,1.1274,1.12765,1.50,1.50
2013.09.27 14:59:57.639,1.12741,1.12764,1.13,1.50
2013.09.27 14:59:57.758,1.12741,1.12767,1.88,1.50
2013.09.27 14:59:57.938,1.12743,1.12768,1.50,1.50
2013.09.27 14:59:58.300,1.12743,1.12763,1.13,1.13
2013.09.27 14:59:58.848,1.12743,1.12762,1.13,1.50
2013.09.27 14:59:58.968,1.12742,1.12756,1.50,1.13
2013.09.27 14:59:59.029,1.1274,1.12756,1.50,1.13
2013.09.27 14:59:59.147,1.1274,1.12756,1.50,1.13
2013.09.27 14:59:59.209,1.12737,1.12754,1.50,1.88
2013.09.27 14:59:59.751,1.12738,1.12755,1.50,1.50
2013.09.27 14:59:59.818,1.12738,1.12755,1.50,1.50
2013.09.27 14:59:59.938,1.12738,1.12754,1.50,1.13
