2015.12.30 18:00:00.197,1.06545,1.0658,1.05,1.00
2015.12.30 18:00:00.299,1.06546,1.0658,1.00,1.00
2015.12.30 18:00:00.400,1.06544,1.0658,1.67,1.00
2015.12.30 18:00:00.451,1.06547,1.06582,1.67,1.50
2015.12.30 18:00:00.788,1.06552,1.06587,1.00,1.00
2015.12.30 18:00:00.838,1.06554,1.06587,1.00,1.00
2015.12.30 18:00:01.482,1.06552,1.06587,1.00,1.00
2015.12.30 18:00:01.797,1.06552,1.06587,1.67,1.37
2015.12.30 18:00:02.101,1.06548,1.06585,3.60,1.00
2015.12.30 18:00:02.605,1.06548,1.06585,2.17,1.00
2015.12.30 18:00:02.707,1.06555,1.06585,1.67,1.00
2015.12.30 18:00:02.757,1.06556,1.06587,1.05,1.00
2015.12.30 18:00:03.098,1.06557,1.06592,2.17,1.00
2015.12.30 18:00:03.792,1.0656,1.06597,1.42,1.00
2015.12.30 18:00:07.505,1.0656,1.06597,1.67,1.00
2015.12.30 18:00:11.030,1.0656,1.06597,1.00,1.00
2015.12.30 18:00:11.468,1.06553,1.0659,1.67,1.00
2015.12.30 18:00:11.620,1.06554,1.0659,1.05,1.00
2015.12.30 18:00:11.721,1.06556,1.06593,1.00,1.00
2015.12.30 18:00:11.822,1.06556,1.06593,1.67,1.00
2015.12.30 18:00:13.009,1.06556,1.06593,1.67,1.00
2015.12.30 18:00:14.645,1.06556,1.06593,1.67,1.00
2015.12.30 18:00:15.132,1.06556,1.06593,1.00,1.00
2015.12.30 18:00:16.244,1.06556,1.06593,1.67,1.00
2015.12.30 18:00:16.625,1.0656,1.06593,1.50,1.00
2015.12.30 18:00:16.676,1.06564,1.06601,1.00,1.00
2015.12.30 18:00:17.499,1.06564,1.06601,1.37,1.00
2015.12.30 18:00:17.601,1.06564,1.06601,1.00,1.00
2015.12.30 18:00:18.235,1.06567,1.06601,1.00,1.00
2015.12.30 18:00:18.337,1.06567,1.06604,1.00,1.00
2015.12.30 18:00:20.938,1.06567,1.06604,1.67,1.00
2015.12.30 18:00:21.039,1.06565,1.06599,1.67,1.00
2015.12.30 18:00:21.342,1.0656,1.06595,1.67,1.00
2015.12.30 18:00:21.544,1.06557,1.06592,1.67,1.00
2015.12.30 18:00:21.847,1.06559,1.06596,1.67,1.00
2015.12.30 18:00:22.581,1.06559,1.06596,1.67,1.00
2015.12.30 18:00:22.783,1.06559,1.06596,1.67,1.00
2015.12.30 18:00:23.142,1.06559,1.06596,2.17,1.00
2015.12.30 18:00:23.345,1.06564,1.06599,1.67,1.00
2015.12.30 18:00:23.873,1.06564,1.06599,1.00,1.00
2015.12.30 18:00:25.085,1.06561,1.06596,1.00,1.00
2015.12.30 18:00:25.646,1.06557,1.06594,1.42,1.00
2015.12.30 18:00:26.055,1.06559,1.06594,1.00,1.00
2015.12.30 18:00:26.344,1.06557,1.06594,1.00,1.00
2015.12.30 18:00:26.546,1.0656,1.06597,1.00,1.00
2015.12.30 18:00:26.960,1.06563,1.066,1.00,1.00
2015.12.30 18:00:27.264,1.0656,1.06597,1.00,1.00
2015.12.30 18:00:29.897,1.06557,1.06592,1.67,1.00
2015.12.30 18:00:30.100,1.06557,1.06592,1.00,1.00
2015.12.30 18:00:31.601,1.06553,1.06588,1.00,1.00
2015.12.30 18:00:34.526,1.06553,1.06588,1.67,1.00
2015.12.30 18:00:38.444,1.06553,1.06588,1.67,1.00
2015.12.30 18:00:42.009,1.06556,1.06591,1.67,1.00
2015.12.30 18:00:44.517,1.06556,1.06591,1.67,1.00
2015.12.30 18:00:45.621,1.06556,1.06591,1.67,1.00
2015.12.30 18:00:47.213,1.06556,1.06591,1.67,1.00
2015.12.30 18:00:50.067,1.06556,1.06591,1.67,1.00
2015.12.30 18:00:50.425,1.06558,1.06595,1.67,1.00
2015.12.30 18:00:50.947,1.06556,1.06591,1.67,1.00
2015.12.30 18:00:51.883,1.06556,1.06591,1.67,1.00
2015.12.30 18:00:53.867,1.06556,1.06591,1.67,1.00
2015.12.30 18:00:53.968,1.06559,1.06594,1.42,1.00
2015.12.30 18:00:54.322,1.06563,1.06598,1.00,1.00
2015.12.30 18:00:55.393,1.06563,1.06598,1.50,1.00
2015.12.30 18:00:55.909,1.06563,1.06598,1.00,1.00
2015.12.30 18:00:56.458,1.06563,1.06598,1.67,1.00
2015.12.30 18:00:57.274,1.06565,1.06602,1.00,1.00
2015.12.30 18:00:58.174,1.06565,1.06602,1.67,1.00
2015.12.30 18:01:04.370,1.06566,1.06601,1.67,1.00
2015.12.30 18:01:04.674,1.06563,1.06598,2.17,1.00
2015.12.30 18:01:04.977,1.06563,1.06598,2.17,1.00
2015.12.30 18:01:05.784,1.06563,1.06598,1.67,1.00
2015.12.30 18:01:06.595,1.06563,1.06598,1.67,1.00
2015.12.30 18:01:07.102,1.06563,1.06598,1.67,1.00
2015.12.30 18:01:07.691,1.06563,1.06598,1.67,1.00
2015.12.30 18:01:08.262,1.06563,1.06598,1.67,1.00
2015.12.30 18:01:08.773,1.06563,1.06598,1.67,1.00
2015.12.30 18:01:09.300,1.06563,1.06598,1.67,1.00
2015.12.30 18:01:09.804,1.06563,1.06598,1.67,1.00
2015.12.30 18:01:10.332,1.06563,1.06598,1.67,1.00
2015.12.30 18:01:10.967,1.06563,1.06598,1.67,1.00
2015.12.30 18:01:12.707,1.06564,1.06598,1.05,1.00
2015.12.30 18:01:12.758,1.06565,1.06602,1.67,1.00
2015.12.30 18:01:14.073,1.06565,1.06602,1.67,1.00
2015.12.30 18:01:14.821,1.06565,1.06602,1.00,1.00
2015.12.30 18:01:17.221,1.06565,1.06602,1.67,1.00
2015.12.30 18:01:17.602,1.06563,1.06598,1.00,1.00
2015.12.30 18:01:17.905,1.06561,1.06596,1.42,1.00
2015.12.30 18:01:19.031,1.06563,1.06598,1.00,1.00
2015.12.30 18:01:19.334,1.0656,1.06596,1.67,1.00
2015.12.30 18:01:19.435,1.06562,1.06599,1.67,1.00
2015.12.30 18:01:19.639,1.0656,1.06594,1.67,1.00
2015.12.30 18:01:20.630,1.06559,1.06594,1.42,1.00
2015.12.30 18:01:22.908,1.06563,1.06598,1.00,1.00
2015.12.30 18:01:34.654,1.06561,1.06595,1.67,1.00
2015.12.30 18:01:35.007,1.06563,1.06598,1.42,1.00
2015.12.30 18:01:35.411,1.06559,1.06594,1.67,1.00
2015.12.30 18:01:35.563,1.06559,1.06594,1.42,1.00
2015.12.30 18:01:36.071,1.06562,1.06597,1.00,1.00
2015.12.30 18:01:37.566,1.06559,1.06594,1.67,1.00
2015.12.30 18:01:38.072,1.06559,1.06594,1.00,1.00
2015.12.30 18:01:38.938,1.06559,1.06594,1.67,1.00
2015.12.30 18:01:40.179,1.06559,1.06594,1.42,1.00
2015.12.30 18:01:40.801,1.06559,1.06594,1.67,1.00
2015.12.30 18:01:41.306,1.06559,1.06594,1.42,1.00
2015.12.30 18:01:41.814,1.06559,1.06594,1.67,1.00
2015.12.30 18:01:42.364,1.06559,1.06594,1.00,1.00
2015.12.30 18:01:42.718,1.06555,1.0659,1.50,1.00
2015.12.30 18:01:43.021,1.06552,1.06587,1.80,1.00
2015.12.30 18:01:43.325,1.06549,1.06584,2.17,1.00
2015.12.30 18:01:43.376,1.06553,1.06588,1.00,1.00
2015.12.30 18:01:43.477,1.06553,1.06588,1.67,1.00
2015.12.30 18:01:43.726,1.06557,1.06592,1.00,1.00
2015.12.30 18:01:44.282,1.06559,1.06596,1.50,1.00
2015.12.30 18:01:45.798,1.06559,1.06593,1.50,1.00
2015.12.30 18:01:46.238,1.06555,1.06589,1.00,1.00
2015.12.30 18:01:46.758,1.06555,1.0659,1.00,1.00
2015.12.30 18:01:48.116,1.06555,1.06587,1.00,1.00
2015.12.30 18:01:48.167,1.06552,1.06587,1.00,1.00
2015.12.30 18:01:48.671,1.06552,1.06588,1.00,1.00
2015.12.30 18:01:49.117,1.06554,1.06591,1.00,1.00
2015.12.30 18:01:49.673,1.06557,1.06591,1.00,1.00
2015.12.30 18:01:50.077,1.06558,1.06593,1.00,1.50
2015.12.30 18:01:50.503,1.06558,1.0659,1.00,1.00
2015.12.30 18:01:50.656,1.06553,1.0659,1.00,1.50
2015.12.30 18:01:51.717,1.06553,1.06589,1.00,1.00
2015.12.30 18:01:52.385,1.06553,1.06587,1.00,1.00
2015.12.30 18:01:52.587,1.06553,1.0659,1.00,1.00
2015.12.30 18:01:52.638,1.06557,1.06592,1.00,1.00
2015.12.30 18:01:52.942,1.06549,1.06584,1.00,1.50
2015.12.30 18:01:55.389,1.06549,1.06584,2.25,1.00
2015.12.30 18:01:55.440,1.06555,1.0659,1.00,1.00
2015.12.30 18:01:55.592,1.06558,1.0659,1.00,1.00
2015.12.30 18:01:56.047,1.06555,1.0659,1.00,1.00
2015.12.30 18:01:56.351,1.06552,1.06587,1.50,1.00
2015.12.30 18:01:56.901,1.06552,1.06586,1.50,1.00
2015.12.30 18:01:57.468,1.06552,1.06587,1.50,1.00
2015.12.30 18:01:59.468,1.06552,1.06585,1.00,1.00
2015.12.30 18:01:59.519,1.06552,1.06587,1.00,1.00
2015.12.30 18:01:59.671,1.06548,1.06585,1.50,1.50
2015.12.30 18:01:59.823,1.06548,1.06579,1.00,1.00
2015.12.30 18:02:00.135,1.06544,1.06579,2.17,1.00
2015.12.30 18:02:00.337,1.06544,1.06579,2.17,1.00
2015.12.30 18:02:01.147,1.06544,1.06579,2.17,1.00
2015.12.30 18:02:01.299,1.06549,1.06584,1.00,1.00
2015.12.30 18:02:01.753,1.06549,1.06584,1.67,1.00
2015.12.30 18:02:02.144,1.06549,1.06584,1.00,1.00
2015.12.30 18:02:05.920,1.06545,1.06581,1.67,1.00
2015.12.30 18:02:06.299,1.06549,1.06586,1.00,1.00
2015.12.30 18:02:07.799,1.06549,1.06585,1.00,1.00
2015.12.30 18:02:07.900,1.06547,1.06582,1.42,1.00
2015.12.30 18:02:10.616,1.06549,1.06582,1.00,1.00
2015.12.30 18:02:14.182,1.06547,1.06582,1.00,1.00
2015.12.30 18:02:21.099,1.06547,1.06582,2.17,1.00
2015.12.30 18:02:21.301,1.06547,1.06582,1.50,1.00
2015.12.30 18:02:26.069,1.06551,1.06582,1.00,1.00
2015.12.30 18:02:26.473,1.06547,1.06582,1.00,1.00
2015.12.30 18:02:26.776,1.0655,1.06582,1.00,1.00
2015.12.30 18:02:27.446,1.06547,1.06582,1.00,1.00
2015.12.30 18:02:31.704,1.06547,1.06582,1.67,1.00
2015.12.30 18:02:32.348,1.06547,1.06582,1.42,1.00
2015.12.30 18:02:34.942,1.06547,1.06582,1.67,1.00
2015.12.30 18:02:35.446,1.06547,1.06582,2.17,1.00
2015.12.30 18:02:36.934,1.0655,1.06582,1.00,1.00
2015.12.30 18:02:37.472,1.06552,1.06582,1.00,1.00
2015.12.30 18:02:38.482,1.0655,1.06582,1.00,1.00
2015.12.30 18:02:38.798,1.06552,1.06582,1.00,1.00
2015.12.30 18:02:39.303,1.06551,1.06582,1.00,1.00
2015.12.30 18:02:39.808,1.06552,1.06582,1.00,1.00
2015.12.30 18:02:42.548,1.06551,1.06582,1.00,1.00
2015.12.30 18:02:43.182,1.06552,1.06582,1.00,1.00
2015.12.30 18:02:46.169,1.06551,1.06582,1.00,1.00
2015.12.30 18:02:46.512,1.06558,1.06585,1.00,1.00
2015.12.30 18:02:46.815,1.06562,1.06588,1.00,1.00
2015.12.30 18:02:50.438,1.06558,1.06588,1.00,1.00
2015.12.30 18:02:55.811,1.06559,1.06588,1.00,1.00
2015.12.30 18:02:57.983,1.06558,1.06588,1.00,1.00
2015.12.30 18:02:58.236,1.06563,1.06588,1.00,1.00
2015.12.30 18:03:01.264,1.0656,1.06588,1.00,1.00
2015.12.30 18:03:02.563,1.06556,1.06588,1.00,1.00
2015.12.30 18:03:03.028,1.0656,1.06588,1.00,1.00
2015.12.30 18:03:05.563,1.06555,1.06588,1.05,1.00
2015.12.30 18:03:05.918,1.0656,1.06588,1.00,1.00
2015.12.30 18:03:06.913,1.06555,1.06588,1.00,1.00
2015.12.30 18:03:07.015,1.06553,1.06588,1.00,1.00
2015.12.30 18:03:07.267,1.06553,1.06587,1.00,1.37
2015.12.30 18:03:07.570,1.06544,1.06578,1.00,1.37
2015.12.30 18:03:07.621,1.06543,1.06578,1.00,1.00
2015.12.30 18:03:07.980,1.06546,1.0658,1.00,1.00
2015.12.30 18:03:08.132,1.06543,1.06578,1.00,1.00
2015.12.30 18:03:08.183,1.06543,1.06578,1.00,1.37
2015.12.30 18:03:08.335,1.06543,1.06573,1.00,1.00
2015.12.30 18:03:08.386,1.06543,1.06572,1.00,1.37
2015.12.30 18:03:08.487,1.06534,1.06569,1.00,1.00
2015.12.30 18:03:08.639,1.06534,1.06563,1.00,1.00
2015.12.30 18:03:08.791,1.06535,1.06566,1.00,1.00
2015.12.30 18:03:09.525,1.06533,1.06566,1.00,1.00
2015.12.30 18:03:09.576,1.06533,1.06566,1.00,1.37
2015.12.30 18:03:09.627,1.06531,1.06564,1.00,1.75
2015.12.30 18:03:10.134,1.0653,1.0656,1.00,1.00
2015.12.30 18:03:10.185,1.06526,1.0656,1.50,1.00
2015.12.30 18:03:10.286,1.0652,1.06555,1.00,1.00
2015.12.30 18:03:10.337,1.06523,1.06553,1.00,1.00
2015.12.30 18:03:10.680,1.06539,1.06567,1.00,1.00
2015.12.30 18:03:10.933,1.06535,1.06565,1.00,1.00
2015.12.30 18:03:11.034,1.06532,1.06567,1.50,1.75
2015.12.30 18:03:11.136,1.06536,1.06567,1.00,1.00
2015.12.30 18:03:11.489,1.06539,1.06567,1.00,1.00
2015.12.30 18:03:12.143,1.06537,1.06567,1.00,1.00
2015.12.30 18:03:12.295,1.06541,1.06567,1.00,1.00
2015.12.30 18:03:12.598,1.06543,1.06567,1.00,1.00
2015.12.30 18:03:12.750,1.06547,1.06575,1.00,1.00
2015.12.30 18:03:17.636,1.06546,1.06575,1.00,1.00
2015.12.30 18:03:19.620,1.06546,1.06575,1.50,1.00
2015.12.30 18:03:20.124,1.06546,1.06575,1.00,1.00
2015.12.30 18:03:20.635,1.06544,1.06575,1.05,1.00
2015.12.30 18:03:20.737,1.06543,1.06575,1.67,1.75
2015.12.30 18:03:21.451,1.06543,1.06575,1.42,1.75
2015.12.30 18:03:21.654,1.0654,1.06571,1.42,1.12
2015.12.30 18:03:21.805,1.0654,1.06571,1.42,1.50
2015.12.30 18:03:22.314,1.06535,1.06571,1.05,2.25
2015.12.30 18:03:22.365,1.06535,1.0657,1.05,1.75
2015.12.30 18:03:22.466,1.06535,1.06565,1.05,1.00
2015.12.30 18:03:22.568,1.06531,1.06564,1.67,1.50
2015.12.30 18:03:23.592,1.06531,1.06564,1.00,1.00
2015.12.30 18:03:29.278,1.06534,1.06564,1.00,1.00
2015.12.30 18:03:29.430,1.06534,1.06568,1.50,1.50
2015.12.30 18:03:30.346,1.06539,1.06568,1.00,1.50
2015.12.30 18:03:30.498,1.06539,1.06572,1.87,1.00
2015.12.30 18:03:30.549,1.06539,1.06572,2.25,1.00
2015.12.30 18:03:30.650,1.06535,1.06571,2.25,1.50
2015.12.30 18:03:30.701,1.06535,1.06567,2.25,1.00
2015.12.30 18:03:31.204,1.06535,1.06567,1.37,1.37
2015.12.30 18:03:31.709,1.06535,1.06565,1.00,1.00
2015.12.30 18:03:33.043,1.06535,1.06568,1.75,1.00
2015.12.30 18:03:33.246,1.06535,1.06566,1.00,1.00
2015.12.30 18:03:35.211,1.06533,1.06566,1.00,1.00
2015.12.30 18:03:35.464,1.06533,1.06562,1.00,1.00
2015.12.30 18:03:35.565,1.06526,1.06558,1.00,1.00
2015.12.30 18:03:36.127,1.06526,1.0656,1.37,1.37
2015.12.30 18:03:36.178,1.06526,1.0656,1.75,1.00
2015.12.30 18:03:36.645,1.0653,1.06563,1.50,1.00
2015.12.30 18:03:37.026,1.0653,1.06562,1.00,1.50
2015.12.30 18:03:37.584,1.0653,1.06562,1.87,1.12
2015.12.30 18:03:37.636,1.0653,1.06565,3.00,1.87
2015.12.30 18:03:40.097,1.06533,1.06565,1.00,1.87
2015.12.30 18:03:40.300,1.0653,1.0656,3.00,1.00
2015.12.30 18:03:40.351,1.0653,1.0656,2.25,1.12
2015.12.30 18:03:40.503,1.0653,1.06557,1.00,1.00
2015.12.30 18:03:40.553,1.06522,1.06554,1.00,2.25
2015.12.30 18:03:40.655,1.06519,1.06554,1.50,2.25
2015.12.30 18:03:40.930,1.06517,1.06539,1.37,1.87
2015.12.30 18:03:40.981,1.0651,1.06528,1.00,1.00
2015.12.30 18:03:41.032,1.06506,1.06534,1.00,2.25
2015.12.30 18:03:41.083,1.06506,1.06526,1.00,1.75
2015.12.30 18:03:41.133,1.06503,1.06526,1.00,1.75
2015.12.30 18:03:41.285,1.06499,1.06526,1.00,1.75
2015.12.30 18:03:41.588,1.06499,1.06535,1.75,2.25
2015.12.30 18:03:41.638,1.06516,1.06535,1.00,1.75
2015.12.30 18:03:41.790,1.06516,1.06549,1.75,1.50
2015.12.30 18:03:41.892,1.06516,1.06551,1.75,1.00
2015.12.30 18:03:42.430,1.06519,1.06551,1.50,1.00
2015.12.30 18:03:42.733,1.06534,1.0655,1.00,1.00
2015.12.30 18:03:42.885,1.06497,1.0652,1.00,1.00
2015.12.30 18:03:42.935,1.0649,1.0652,1.87,1.37
2015.12.30 18:03:43.238,1.0649,1.06513,1.00,1.37
2015.12.30 18:03:43.289,1.0649,1.06513,1.00,1.00
2015.12.30 18:03:43.339,1.0649,1.06513,1.00,1.37
2015.12.30 18:03:43.883,1.0649,1.06513,1.00,1.75
2015.12.30 18:03:44.085,1.06488,1.06513,1.00,1.75
2015.12.30 18:03:44.237,1.06501,1.06513,1.00,1.37
2015.12.30 18:03:44.288,1.065,1.06529,1.00,2.25
2015.12.30 18:03:44.389,1.06504,1.06535,1.00,1.12
2015.12.30 18:03:44.439,1.06506,1.06535,1.37,1.12
2015.12.30 18:03:44.490,1.06508,1.06539,1.50,1.00
2015.12.30 18:03:44.541,1.06509,1.06542,1.50,1.00
2015.12.30 18:03:44.592,1.06514,1.06546,1.00,1.50
2015.12.30 18:03:44.642,1.06517,1.06546,1.00,1.50
2015.12.30 18:03:44.693,1.06517,1.06548,1.50,1.00
2015.12.30 18:03:44.744,1.06517,1.06554,1.87,1.37
2015.12.30 18:03:44.795,1.06517,1.06554,2.25,1.37
2015.12.30 18:03:45.432,1.0653,1.06554,1.37,1.00
2015.12.30 18:03:45.483,1.0653,1.06566,2.25,1.12
2015.12.30 18:03:45.639,1.0653,1.06564,1.37,1.37
2015.12.30 18:03:45.690,1.06527,1.06556,1.00,1.75
2015.12.30 18:03:45.792,1.06531,1.0656,1.00,1.75
2015.12.30 18:03:45.893,1.06531,1.06564,1.50,1.12
2015.12.30 18:03:46.145,1.06538,1.06567,1.00,1.75
2015.12.30 18:03:46.297,1.06538,1.0657,1.12,1.00
2015.12.30 18:03:46.968,1.06538,1.06575,1.12,2.25
2015.12.30 18:03:50.558,1.06541,1.06574,1.00,1.75
2015.12.30 18:03:51.418,1.06537,1.06574,1.50,1.75
2015.12.30 18:03:51.469,1.06536,1.06569,1.37,1.37
2015.12.30 18:03:51.520,1.06535,1.06564,1.00,1.00
2015.12.30 18:03:52.126,1.06533,1.06564,1.00,1.00
2015.12.30 18:03:53.345,1.0653,1.06563,1.00,1.37
2015.12.30 18:03:53.497,1.0653,1.06564,1.12,1.75
2015.12.30 18:04:01.444,1.06533,1.06565,1.00,1.75
2015.12.30 18:04:01.545,1.06533,1.06565,1.12,1.00
2015.12.30 18:04:06.315,1.06527,1.06547,1.75,1.27
2015.12.30 18:04:06.416,1.06523,1.06541,2.25,1.00
2015.12.30 18:04:06.517,1.06519,1.06541,1.00,1.00
2015.12.30 18:04:06.568,1.06509,1.06541,1.37,1.37
2015.12.30 18:04:06.619,1.06509,1.06541,1.00,1.75
2015.12.30 18:04:06.720,1.06507,1.06541,1.12,2.25
2015.12.30 18:04:06.771,1.06507,1.06541,1.12,2.25
2015.12.30 18:04:07.174,1.06512,1.06541,1.87,1.37
2015.12.30 18:04:07.228,1.0652,1.06548,1.00,1.00
2015.12.30 18:04:07.329,1.06525,1.06548,1.00,1.00
2015.12.30 18:04:07.431,1.06525,1.06556,1.37,1.50
2015.12.30 18:04:07.482,1.0653,1.06556,1.00,1.87
2015.12.30 18:04:07.734,1.06529,1.06562,1.00,1.75
2015.12.30 18:04:07.835,1.06526,1.06558,1.12,1.12
2015.12.30 18:04:08.088,1.06526,1.06558,1.12,1.50
2015.12.30 18:04:08.341,1.06516,1.06551,1.50,1.75
2015.12.30 18:04:09.390,1.06516,1.06551,1.50,1.75
2015.12.30 18:04:09.440,1.06514,1.0655,1.00,1.75
2015.12.30 18:04:09.705,1.06526,1.06547,1.00,1.37
2015.12.30 18:04:09.757,1.06529,1.06557,1.00,1.75
2015.12.30 18:04:09.808,1.06534,1.06559,1.00,1.37
2015.12.30 18:04:09.858,1.06537,1.06567,1.00,1.50
2015.12.30 18:04:09.960,1.06542,1.06567,1.00,1.00
2015.12.30 18:04:10.061,1.06542,1.06571,1.00,1.00
2015.12.30 18:04:10.162,1.06542,1.06575,1.00,1.12
2015.12.30 18:04:10.365,1.06542,1.06573,1.00,1.00
2015.12.30 18:04:10.668,1.06536,1.06563,1.00,1.00
2015.12.30 18:04:11.093,1.06539,1.06566,2.25,1.00
2015.12.30 18:04:11.144,1.06548,1.06576,1.00,1.00
2015.12.30 18:04:11.245,1.06548,1.06579,1.50,1.00
2015.12.30 18:04:11.296,1.06552,1.06579,1.12,1.00
2015.12.30 18:04:11.397,1.06552,1.06586,1.50,1.12
2015.12.30 18:04:11.549,1.06548,1.06573,1.75,1.00
2015.12.30 18:04:11.650,1.0655,1.06581,1.75,1.00
2015.12.30 18:04:11.702,1.0655,1.06578,1.37,1.37
2015.12.30 18:04:11.752,1.06543,1.06575,1.00,1.00
2015.12.30 18:04:11.803,1.06539,1.06571,1.37,1.00
2015.12.30 18:04:12.056,1.06525,1.06556,1.00,1.00
2015.12.30 18:04:12.959,1.06525,1.06557,1.37,1.00
2015.12.30 18:04:13.111,1.06522,1.06557,1.37,1.37
2015.12.30 18:04:13.162,1.06522,1.06553,1.00,1.50
2015.12.30 18:04:13.213,1.06522,1.06553,1.00,1.75
2015.12.30 18:04:13.263,1.0652,1.06545,1.00,1.00
2015.12.30 18:04:13.314,1.06517,1.06545,1.00,1.00
2015.12.30 18:04:14.841,1.06514,1.06545,1.50,1.00
2015.12.30 18:04:17.437,1.06514,1.06543,1.50,1.00
2015.12.30 18:04:17.741,1.06505,1.0654,1.00,1.50
2015.12.30 18:04:17.952,1.06509,1.06541,1.00,1.75
2015.12.30 18:04:18.255,1.06532,1.06559,1.00,1.00
2015.12.30 18:04:18.356,1.06526,1.06561,2.25,1.00
2015.12.30 18:04:18.407,1.06526,1.06561,1.87,1.37
2015.12.30 18:04:18.458,1.06526,1.06561,1.87,2.25
2015.12.30 18:04:18.559,1.06523,1.06537,1.75,1.00
2015.12.30 18:04:18.660,1.06523,1.06537,1.00,1.37
2015.12.30 18:04:18.711,1.0651,1.06537,1.00,1.37
2015.12.30 18:04:18.812,1.06515,1.06541,1.00,1.37
2015.12.30 18:04:18.863,1.06515,1.06541,1.00,1.00
2015.12.30 18:04:18.914,1.06511,1.06541,2.25,1.00
2015.12.30 18:04:19.124,1.06513,1.06545,1.12,1.00
2015.12.30 18:04:19.184,1.06523,1.06545,1.00,1.00
2015.12.30 18:04:19.235,1.06523,1.06548,1.00,1.50
2015.12.30 18:04:19.336,1.06522,1.06555,1.00,1.75
2015.12.30 18:04:19.387,1.0652,1.06548,1.00,1.75
2015.12.30 18:04:19.438,1.0652,1.06548,1.00,2.25
2015.12.30 18:04:19.489,1.06513,1.06544,1.00,1.75
2015.12.30 18:04:19.691,1.06513,1.06544,1.00,1.75
2015.12.30 18:04:19.792,1.06508,1.06537,1.00,1.37
2015.12.30 18:04:19.843,1.0651,1.06537,1.00,1.00
2015.12.30 18:04:19.893,1.0651,1.06537,1.37,1.00
2015.12.30 18:04:19.995,1.06517,1.06547,1.37,1.00
2015.12.30 18:04:20.146,1.06522,1.06547,1.00,1.00
2015.12.30 18:04:20.197,1.06522,1.06551,1.00,1.00
2015.12.30 18:04:20.348,1.06523,1.06553,1.00,1.00
2015.12.30 18:04:20.578,1.06525,1.06553,1.37,1.00
2015.12.30 18:04:20.629,1.0654,1.06568,1.37,1.37
2015.12.30 18:04:20.680,1.06537,1.06571,1.00,1.75
2015.12.30 18:04:20.731,1.06537,1.06568,1.00,1.75
2015.12.30 18:04:20.782,1.06534,1.06562,1.00,1.75
2015.12.30 18:04:20.833,1.06531,1.06562,1.00,1.75
2015.12.30 18:04:20.934,1.06528,1.06558,1.00,1.12
2015.12.30 18:04:21.351,1.06524,1.06552,1.75,1.00
2015.12.30 18:04:21.452,1.06516,1.06549,1.75,1.50
2015.12.30 18:04:21.503,1.06514,1.06546,1.37,1.00
2015.12.30 18:04:21.553,1.06511,1.06539,2.25,1.00
2015.12.30 18:04:21.655,1.06507,1.06535,1.75,1.00
2015.12.30 18:04:21.757,1.06507,1.06536,2.25,1.00
2015.12.30 18:04:21.961,1.06514,1.06536,1.12,1.00
2015.12.30 18:04:22.013,1.06514,1.06542,1.50,1.00
2015.12.30 18:04:22.064,1.06518,1.06542,1.00,1.00
2015.12.30 18:04:22.216,1.06524,1.06553,1.37,1.00
2015.12.30 18:04:22.267,1.06524,1.06553,1.00,1.00
2015.12.30 18:04:22.368,1.06523,1.0655,1.00,1.00
2015.12.30 18:04:22.672,1.06554,1.06574,2.25,1.50
2015.12.30 18:04:22.874,1.06554,1.06581,1.75,1.50
2015.12.30 18:04:22.975,1.0655,1.06581,1.00,1.12
2015.12.30 18:04:23.379,1.0655,1.06568,1.00,1.50
2015.12.30 18:04:23.437,1.06541,1.06568,1.00,1.37
2015.12.30 18:04:23.488,1.06544,1.06575,1.00,1.50
2015.12.30 18:04:23.539,1.06546,1.06575,1.00,1.37
2015.12.30 18:04:23.590,1.06546,1.06575,1.12,1.00
2015.12.30 18:04:23.759,1.06546,1.06578,1.12,1.12
2015.12.30 18:04:28.773,1.06549,1.06578,1.00,1.12
2015.12.30 18:04:33.405,1.06544,1.06578,1.75,1.12
2015.12.30 18:04:33.456,1.06542,1.06577,2.62,1.37
2015.12.30 18:04:33.715,1.06538,1.06574,1.12,1.75
2015.12.30 18:04:33.766,1.06538,1.06574,1.12,1.75
2015.12.30 18:04:33.817,1.06541,1.06574,1.00,1.75
2015.12.30 18:04:34.401,1.06548,1.06573,1.00,1.37
2015.12.30 18:04:34.502,1.06548,1.06577,1.50,1.12
2015.12.30 18:04:34.553,1.06548,1.06577,1.87,1.12
2015.12.30 18:04:34.821,1.0655,1.06585,1.75,2.25
2015.12.30 18:04:35.176,1.0655,1.06585,1.37,2.25
2015.12.30 18:04:35.277,1.06548,1.06583,1.87,1.75
2015.12.30 18:04:38.398,1.06549,1.06583,1.50,1.75
2015.12.30 18:04:38.449,1.06552,1.06583,1.00,1.75
2015.12.30 18:04:38.765,1.06559,1.06585,1.00,1.00
2015.12.30 18:04:38.815,1.06559,1.06593,1.00,1.50
2015.12.30 18:04:38.917,1.06559,1.06582,1.00,1.00
2015.12.30 18:04:39.120,1.06538,1.0657,1.37,1.37
2015.12.30 18:04:39.171,1.06538,1.0657,1.00,1.75
2015.12.30 18:04:39.272,1.06535,1.06568,1.00,1.50
2015.12.30 18:04:39.474,1.06534,1.06564,1.12,1.00
2015.12.30 18:04:39.626,1.06523,1.06556,1.37,1.00
2015.12.30 18:04:39.867,1.06522,1.06553,1.12,1.00
2015.12.30 18:04:40.169,1.0652,1.06541,1.00,1.00
2015.12.30 18:04:40.471,1.0652,1.06537,1.00,1.00
2015.12.30 18:04:40.523,1.06522,1.06545,1.50,1.00
2015.12.30 18:04:40.674,1.06522,1.06547,1.75,1.00
2015.12.30 18:04:40.725,1.06522,1.06549,1.75,1.50
2015.12.30 18:04:41.465,1.06527,1.06549,1.37,1.00
2015.12.30 18:04:41.617,1.06537,1.06561,1.00,1.00
2015.12.30 18:04:41.718,1.06537,1.06564,1.00,1.00
2015.12.30 18:04:41.971,1.06537,1.0656,1.00,1.00
2015.12.30 18:04:42.130,1.06537,1.06568,1.00,1.00
2015.12.30 18:04:43.688,1.06533,1.06561,1.00,1.75
2015.12.30 18:04:43.739,1.06525,1.06552,1.00,1.00
2015.12.30 18:04:43.789,1.06522,1.06552,1.87,1.37
2015.12.30 18:04:43.891,1.06518,1.0655,1.00,1.50
2015.12.30 18:04:44.179,1.06518,1.06551,1.12,1.37
2015.12.30 18:04:44.818,1.06518,1.06551,1.50,1.00
2015.12.30 18:04:44.919,1.06518,1.06546,1.12,1.00
2015.12.30 18:04:46.617,1.06518,1.06544,1.00,1.00
2015.12.30 18:04:46.668,1.06515,1.06544,1.50,1.50
2015.12.30 18:04:46.719,1.06515,1.0654,1.50,1.00
2015.12.30 18:04:47.069,1.06515,1.06537,1.50,1.00
2015.12.30 18:04:47.922,1.06515,1.06538,1.50,1.00
2015.12.30 18:04:51.803,1.06514,1.06538,1.75,1.00
2015.12.30 18:04:52.107,1.06521,1.0654,1.00,1.00
2015.12.30 18:04:52.157,1.06521,1.06547,1.00,1.00
2015.12.30 18:04:52.258,1.06521,1.0655,1.00,1.00
2015.12.30 18:04:52.309,1.06521,1.0655,1.37,1.00
2015.12.30 18:04:52.360,1.06521,1.06554,1.75,1.00
2015.12.30 18:04:52.461,1.0652,1.06548,1.50,1.00
2015.12.30 18:04:52.802,1.06519,1.06552,1.00,1.00
2015.12.30 18:04:52.854,1.06522,1.06552,1.00,1.50
2015.12.30 18:04:53.157,1.06518,1.06551,1.37,1.37
2015.12.30 18:04:53.258,1.06516,1.06546,1.00,1.00
2015.12.30 18:04:53.310,1.06516,1.06543,1.00,1.12
2015.12.30 18:04:53.461,1.06511,1.06545,1.50,2.25
2015.12.30 18:04:53.865,1.06511,1.06539,1.00,1.00
2015.12.30 18:04:54.214,1.06506,1.06537,1.75,1.00
2015.12.30 18:04:54.517,1.06505,1.06534,2.25,1.00
2015.12.30 18:04:54.770,1.065,1.06534,1.75,1.00
2015.12.30 18:04:54.821,1.065,1.06529,1.50,1.00
2015.12.30 18:04:54.872,1.065,1.06529,1.12,1.00
2015.12.30 18:04:54.973,1.065,1.06531,1.12,1.00
2015.12.30 18:04:55.208,1.06521,1.06533,1.00,1.00
2015.12.30 18:04:55.311,1.06522,1.06549,1.75,1.50
2015.12.30 18:04:55.412,1.06521,1.06549,1.12,1.00
2015.12.30 18:04:55.513,1.06518,1.06549,1.00,1.00
2015.12.30 18:04:55.564,1.06517,1.06546,1.12,1.00
2015.12.30 18:04:55.890,1.06517,1.06541,1.12,1.00
2015.12.30 18:04:55.991,1.06518,1.06544,1.00,1.00
2015.12.30 18:04:56.193,1.06518,1.06546,1.00,1.00
2015.12.30 18:04:56.244,1.06517,1.0654,1.12,1.00
2015.12.30 18:04:56.562,1.06507,1.06541,1.00,1.75
2015.12.30 18:04:56.713,1.06504,1.0654,1.87,1.75
2015.12.30 18:04:56.865,1.06504,1.06536,1.87,1.00
2015.12.30 18:04:57.168,1.06512,1.06537,1.00,1.75
2015.12.30 18:04:57.218,1.06512,1.06541,1.00,1.75
2015.12.30 18:04:57.269,1.06507,1.06535,1.12,1.00
2015.12.30 18:04:57.539,1.06513,1.06534,1.00,1.00
2015.12.30 18:04:57.590,1.06513,1.06543,1.00,1.37
2015.12.30 18:04:57.693,1.06513,1.06546,1.00,1.00
2015.12.30 18:04:57.794,1.06512,1.06544,1.00,1.00
2015.12.30 18:04:58.139,1.06505,1.06541,1.00,1.75
2015.12.30 18:04:58.480,1.06515,1.0654,1.00,2.25
2015.12.30 18:04:58.631,1.06524,1.06552,1.00,1.00
2015.12.30 18:04:58.682,1.0652,1.06549,1.00,1.00
2015.12.30 18:04:58.733,1.06515,1.06547,1.37,1.37
2015.12.30 18:04:58.783,1.06515,1.06547,1.00,1.50
2015.12.30 18:04:58.834,1.06515,1.06544,1.00,1.00
2015.12.30 18:04:59.063,1.06515,1.06549,1.00,1.75
2015.12.30 18:04:59.114,1.06525,1.06549,1.00,1.75
2015.12.30 18:04:59.524,1.06533,1.06548,1.00,2.62
2015.12.30 18:04:59.576,1.06513,1.06537,1.00,1.00
2015.12.30 18:04:59.628,1.06519,1.06537,1.00,1.00
2015.12.30 18:04:59.779,1.06523,1.06555,1.50,1.75
2015.12.30 18:04:59.881,1.06523,1.06558,2.25,1.75
2015.12.30 18:05:01.429,1.06525,1.06558,1.00,1.75
2015.12.30 18:05:01.530,1.06533,1.06558,1.00,1.75
2015.12.30 18:05:01.783,1.06532,1.06562,1.75,1.00
2015.12.30 18:05:02.183,1.06543,1.06562,1.00,1.00
2015.12.30 18:05:02.235,1.06543,1.06575,1.87,1.00
2015.12.30 18:05:02.336,1.06546,1.0658,1.37,1.37
2015.12.30 18:05:02.387,1.06542,1.06575,1.00,1.75
2015.12.30 18:05:03.468,1.06545,1.0658,1.00,1.75
2015.12.30 18:05:03.723,1.06542,1.06575,1.50,1.50
2015.12.30 18:05:04.354,1.06542,1.06576,1.00,2.25
2015.12.30 18:05:05.088,1.06537,1.06571,1.00,1.75
2015.12.30 18:05:05.139,1.06535,1.06571,1.00,1.75
2015.12.30 18:05:08.338,1.06535,1.06571,1.00,1.37
2015.12.30 18:05:08.860,1.06535,1.06571,1.00,1.50
2015.12.30 18:05:33.369,1.06535,1.06571,1.00,1.37
2015.12.30 18:05:33.571,1.06535,1.06571,1.00,1.00
2015.12.30 18:05:41.164,1.06535,1.06571,1.37,1.00
2015.12.30 18:05:41.316,1.06537,1.06575,1.00,2.32
2015.12.30 18:05:41.972,1.06533,1.06563,1.50,1.00
2015.12.30 18:05:42.175,1.06533,1.06569,1.50,1.00
2015.12.30 18:05:59.458,1.06533,1.06563,1.00,1.00
2015.12.30 18:05:59.660,1.06533,1.06569,1.12,1.00
2015.12.30 18:06:00.784,1.06533,1.06564,1.00,1.00
2015.12.30 18:06:01.294,1.06534,1.06569,1.00,1.00
2015.12.30 18:06:01.778,1.06533,1.06567,1.00,1.00
2015.12.30 18:06:07.569,1.06533,1.06566,1.12,1.00
2015.12.30 18:06:07.872,1.06533,1.06564,1.12,1.00
2015.12.30 18:06:09.224,1.06533,1.06562,1.12,1.00
2015.12.30 18:06:11.302,1.06533,1.06564,1.00,1.00
2015.12.30 18:06:17.825,1.06533,1.06566,1.00,1.00
2015.12.30 18:06:18.247,1.06533,1.06563,1.00,1.00
2015.12.30 18:06:18.569,1.06533,1.06565,1.00,1.00
2015.12.30 18:06:19.124,1.06533,1.06564,1.00,1.00
2015.12.30 18:06:19.478,1.06533,1.06562,1.00,1.00
2015.12.30 18:06:22.554,1.06533,1.06565,1.00,1.00
2015.12.30 18:06:22.850,1.06533,1.0657,1.37,1.00
2015.12.30 18:06:22.901,1.06533,1.0657,1.00,1.00
2015.12.30 18:06:24.281,1.06533,1.06566,1.50,1.00
2015.12.30 18:06:24.584,1.06537,1.06568,1.00,1.00
2015.12.30 18:06:24.685,1.06537,1.06572,1.00,1.00
2015.12.30 18:06:24.736,1.06537,1.06566,1.00,1.00
2015.12.30 18:06:24.838,1.06537,1.06568,1.00,1.00
2015.12.30 18:06:24.990,1.06533,1.06568,1.00,1.50
2015.12.30 18:06:27.362,1.06533,1.06565,1.00,1.00
2015.12.30 18:06:27.723,1.06533,1.06559,1.00,1.00
2015.12.30 18:06:27.774,1.06526,1.06559,1.50,1.00
2015.12.30 18:06:27.925,1.06526,1.06561,1.00,1.00
2015.12.30 18:06:28.279,1.06526,1.06554,1.50,1.00
2015.12.30 18:06:28.791,1.06524,1.06558,1.00,1.00
2015.12.30 18:06:29.145,1.06524,1.06556,1.00,1.00
2015.12.30 18:06:29.448,1.06524,1.06554,1.00,1.00
2015.12.30 18:06:29.499,1.06524,1.06558,1.00,1.00
2015.12.30 18:06:29.701,1.06524,1.06555,1.00,1.00
2015.12.30 18:06:30.004,1.06522,1.06554,1.12,1.00
2015.12.30 18:06:30.054,1.06522,1.06554,1.50,1.00
2015.12.30 18:06:30.156,1.06522,1.06556,1.37,1.00
2015.12.30 18:06:30.386,1.06522,1.06556,1.00,1.00
2015.12.30 18:06:30.437,1.06522,1.06553,1.00,1.00
2015.12.30 18:06:34.089,1.06522,1.06556,1.00,1.00
2015.12.30 18:06:34.190,1.06522,1.06558,1.50,1.00
2015.12.30 18:06:34.392,1.06531,1.06558,1.00,1.00
2015.12.30 18:06:34.900,1.06531,1.06559,1.00,1.00
2015.12.30 18:06:41.994,1.06531,1.06562,1.00,1.00
2015.12.30 18:06:44.707,1.06532,1.06562,1.00,1.00
2015.12.30 18:06:45.056,1.06532,1.06564,1.00,1.00
2015.12.30 18:06:50.294,1.06531,1.06564,1.50,1.00
2015.12.30 18:07:07.333,1.06532,1.06564,1.00,1.00
2015.12.30 18:07:07.788,1.06535,1.06565,1.00,1.00
2015.12.30 18:07:08.294,1.06535,1.06564,1.00,1.00
2015.12.30 18:07:08.739,1.06535,1.06566,1.00,1.00
2015.12.30 18:07:17.527,1.06535,1.06564,1.00,1.00
2015.12.30 18:07:18.478,1.06533,1.06564,1.50,1.00
2015.12.30 18:07:23.798,1.06533,1.06566,1.50,1.00
2015.12.30 18:07:24.308,1.06533,1.06566,1.00,1.00
2015.12.30 18:07:25.472,1.06533,1.06566,1.37,1.00
2015.12.30 18:07:26.036,1.06533,1.06564,1.00,1.00
2015.12.30 18:07:26.441,1.06533,1.06566,1.50,1.00
2015.12.30 18:07:26.643,1.06533,1.06566,1.37,1.00
2015.12.30 18:07:26.795,1.06533,1.06565,1.00,1.00
2015.12.30 18:07:29.215,1.06531,1.06565,1.50,1.00
2015.12.30 18:07:34.613,1.06533,1.06565,1.00,1.00
2015.12.30 18:07:35.118,1.06533,1.06566,1.75,1.50
2015.12.30 18:07:38.539,1.06536,1.06566,1.00,1.00
2015.12.30 18:07:38.841,1.06533,1.06563,1.75,1.00
2015.12.30 18:07:40.423,1.06533,1.06566,1.75,1.00
2015.12.30 18:07:43.427,1.06533,1.06566,1.75,1.50
2015.12.30 18:07:43.927,1.06538,1.06566,1.00,1.00
2015.12.30 18:07:44.383,1.06538,1.06568,1.37,1.00
2015.12.30 18:07:45.000,1.06535,1.06563,2.25,1.00
2015.12.30 18:07:45.054,1.06538,1.06567,1.75,1.00
2015.12.30 18:07:45.105,1.06538,1.06567,1.00,1.00
2015.12.30 18:07:45.206,1.06535,1.06566,1.50,1.00
2015.12.30 18:07:45.358,1.06534,1.06563,1.75,1.00
2015.12.30 18:07:45.459,1.06534,1.06568,1.75,1.00
2015.12.30 18:07:45.510,1.06534,1.06568,1.75,1.00
2015.12.30 18:07:45.612,1.06534,1.06568,1.75,1.00
2015.12.30 18:07:45.864,1.06538,1.06568,1.00,1.00
2015.12.30 18:07:46.420,1.06541,1.06568,1.12,1.00
2015.12.30 18:07:46.741,1.06541,1.06566,1.12,1.00
2015.12.30 18:07:47.211,1.06535,1.06565,1.12,1.00
2015.12.30 18:07:47.262,1.06535,1.06568,1.12,1.00
2015.12.30 18:07:47.363,1.06535,1.06564,1.12,1.00
2015.12.30 18:07:47.565,1.06535,1.06566,1.12,1.00
2015.12.30 18:07:47.818,1.06538,1.06562,1.00,1.00
2015.12.30 18:07:48.192,1.06539,1.06564,1.00,1.00
2015.12.30 18:07:48.445,1.06535,1.06564,1.12,1.00
2015.12.30 18:07:48.599,1.06535,1.06563,2.25,1.00
2015.12.30 18:07:48.700,1.06537,1.06563,1.00,1.00
2015.12.30 18:07:48.902,1.06537,1.06568,1.00,1.00
2015.12.30 18:07:50.641,1.06535,1.06565,1.87,1.00
2015.12.30 18:07:50.692,1.06535,1.06565,1.00,1.00
2015.12.30 18:07:51.223,1.06533,1.06565,1.12,1.00
2015.12.30 18:07:51.325,1.06533,1.06558,1.00,1.00
2015.12.30 18:07:51.527,1.06523,1.06553,1.37,1.00
2015.12.30 18:07:51.831,1.06527,1.06554,1.00,1.00
2015.12.30 18:07:51.881,1.06527,1.06559,1.00,1.00
2015.12.30 18:07:52.189,1.06527,1.06561,1.00,1.50
2015.12.30 18:07:52.407,1.06527,1.06556,1.00,1.00
2015.12.30 18:07:52.761,1.06527,1.0656,1.00,1.00
2015.12.30 18:07:52.963,1.06527,1.06555,1.00,1.00
2015.12.30 18:07:53.862,1.06527,1.0656,1.00,1.00
2015.12.30 18:07:53.913,1.06527,1.0656,1.37,1.00
2015.12.30 18:07:54.368,1.06527,1.06558,1.37,1.00
2015.12.30 18:07:54.621,1.06527,1.06561,1.75,1.00
2015.12.30 18:07:54.722,1.06527,1.06558,1.75,1.00
2015.12.30 18:07:55.693,1.06531,1.06561,1.00,1.00
2015.12.30 18:07:55.744,1.06533,1.06561,1.37,1.00
2015.12.30 18:07:55.795,1.06533,1.06564,1.75,1.00
2015.12.30 18:07:55.947,1.06531,1.0656,1.75,1.00
2015.12.30 18:07:56.048,1.06531,1.0656,1.37,1.00
2015.12.30 18:07:56.099,1.06531,1.0656,1.00,1.00
2015.12.30 18:07:56.150,1.06531,1.06563,1.00,1.00
2015.12.30 18:08:00.137,1.06531,1.06564,1.12,1.00
2015.12.30 18:08:01.158,1.0653,1.06564,1.87,1.00
2015.12.30 18:08:01.310,1.0653,1.06564,2.25,1.00
2015.12.30 18:08:02.975,1.0653,1.06565,2.25,1.00
2015.12.30 18:08:05.848,1.06531,1.06566,1.75,1.00
2015.12.30 18:08:06.378,1.06534,1.06566,1.00,1.00
2015.12.30 18:08:06.429,1.06543,1.06566,1.00,1.00
2015.12.30 18:08:06.632,1.06542,1.06572,1.00,1.00
2015.12.30 18:08:06.733,1.06538,1.06572,1.87,1.00
2015.12.30 18:08:06.995,1.06538,1.0657,1.87,1.00
2015.12.30 18:08:07.046,1.06537,1.06572,1.50,1.00
2015.12.30 18:08:07.148,1.06537,1.06564,1.12,1.00
2015.12.30 18:08:07.704,1.06532,1.06561,1.87,1.00
2015.12.30 18:08:08.181,1.06536,1.0656,1.00,1.00
2015.12.30 18:08:08.232,1.06533,1.06561,1.00,1.00
2015.12.30 18:08:08.384,1.06532,1.06564,1.87,1.00
2015.12.30 18:08:08.485,1.06532,1.06561,1.87,1.00
2015.12.30 18:08:08.687,1.06532,1.06566,1.87,1.00
2015.12.30 18:08:10.110,1.06532,1.06561,1.87,1.00
2015.12.30 18:08:10.564,1.06532,1.06564,1.50,1.00
2015.12.30 18:08:11.114,1.06532,1.06564,2.25,1.00
2015.12.30 18:08:11.623,1.06532,1.06565,2.25,1.00
2015.12.30 18:08:11.674,1.06535,1.06567,1.00,1.00
2015.12.30 18:08:11.977,1.06535,1.06561,1.00,1.00
2015.12.30 18:08:12.078,1.06532,1.06565,2.25,1.00
2015.12.30 18:08:12.230,1.06532,1.0656,2.25,1.00
2015.12.30 18:08:12.535,1.06532,1.06557,1.50,1.00
2015.12.30 18:08:12.637,1.0653,1.06561,2.25,1.00
2015.12.30 18:08:12.738,1.06531,1.06564,1.00,1.00
2015.12.30 18:08:13.007,1.06531,1.0656,1.00,1.00
2015.12.30 18:08:13.310,1.06531,1.06564,1.00,1.00
2015.12.30 18:08:13.512,1.06531,1.0656,1.00,1.00
2015.12.30 18:08:13.843,1.06531,1.06563,1.00,1.00
2015.12.30 18:08:13.997,1.06531,1.0656,1.00,1.00
2015.12.30 18:08:14.300,1.06533,1.06563,1.00,1.00
2015.12.30 18:08:14.502,1.06533,1.0656,1.50,1.00
2015.12.30 18:08:14.806,1.06533,1.06563,1.00,1.00
2015.12.30 18:08:14.857,1.06533,1.06565,1.00,1.00
2015.12.30 18:08:14.908,1.06533,1.06565,1.87,1.00
2015.12.30 18:08:15.218,1.06535,1.06561,1.00,1.00
2015.12.30 18:08:15.513,1.0653,1.06557,1.50,1.00
2015.12.30 18:08:15.614,1.0653,1.06561,1.50,1.00
2015.12.30 18:08:15.665,1.0653,1.06561,1.87,1.00
2015.12.30 18:08:15.766,1.0653,1.06561,1.87,1.00
2015.12.30 18:08:15.867,1.0653,1.06561,1.50,1.00
2015.12.30 18:08:16.274,1.06533,1.06564,1.87,1.00
2015.12.30 18:08:17.327,1.06538,1.06564,1.00,1.00
2015.12.30 18:08:17.378,1.06538,1.06567,1.00,1.00
2015.12.30 18:08:17.884,1.06538,1.06568,1.00,1.00
2015.12.30 18:08:18.268,1.06538,1.06568,1.75,1.00
2015.12.30 18:08:19.750,1.06546,1.06568,1.12,1.00
2015.12.30 18:08:19.802,1.06546,1.06574,1.50,1.00
2015.12.30 18:08:20.156,1.06543,1.06565,1.12,1.00
2015.12.30 18:08:20.309,1.06538,1.06565,1.37,1.00
2015.12.30 18:08:20.360,1.06538,1.06562,1.00,1.00
2015.12.30 18:08:20.562,1.06538,1.06567,1.00,1.00
2015.12.30 18:08:20.613,1.06536,1.06567,1.50,1.00
2015.12.30 18:08:21.354,1.06536,1.0657,1.50,1.00
2015.12.30 18:08:22.061,1.0654,1.0657,1.00,1.00
2015.12.30 18:08:24.886,1.0654,1.06573,1.00,1.00
2015.12.30 18:08:27.020,1.06539,1.06573,1.00,1.00
2015.12.30 18:08:27.925,1.06539,1.06566,1.00,1.00
2015.12.30 18:08:28.077,1.06536,1.06568,1.50,1.00
2015.12.30 18:08:28.527,1.06539,1.06567,1.00,1.00
2015.12.30 18:08:28.578,1.06539,1.06571,1.00,1.00
2015.12.30 18:08:28.729,1.06539,1.06573,1.00,1.00
2015.12.30 18:08:28.831,1.06539,1.06571,1.00,1.00
2015.12.30 18:08:29.033,1.06539,1.06574,1.50,1.00
2015.12.30 18:08:29.386,1.06542,1.06574,1.00,1.00
2015.12.30 18:08:29.934,1.06542,1.06573,1.00,1.00
2015.12.30 18:08:30.086,1.06543,1.06576,1.00,1.00
2015.12.30 18:08:30.137,1.06546,1.06576,1.00,1.00
2015.12.30 18:08:30.441,1.06546,1.06572,1.00,1.00
2015.12.30 18:08:30.980,1.06546,1.06573,1.00,1.00
2015.12.30 18:08:32.008,1.06546,1.06576,1.00,1.00
2015.12.30 18:08:32.300,1.06549,1.06584,1.00,1.00
2015.12.30 18:08:32.457,1.0655,1.06582,1.00,1.00
2015.12.30 18:08:32.659,1.06546,1.06581,1.00,1.50
2015.12.30 18:08:33.164,1.06547,1.06581,1.00,1.00
2015.12.30 18:08:33.265,1.06548,1.06585,1.00,1.00
2015.12.30 18:08:42.109,1.06548,1.06579,1.12,1.00
2015.12.30 18:08:43.778,1.06548,1.0658,1.12,1.00
2015.12.30 18:08:44.397,1.06548,1.06584,1.12,1.00
2015.12.30 18:08:44.448,1.06548,1.06582,1.12,1.00
2015.12.30 18:08:44.751,1.06548,1.06577,1.12,1.00
2015.12.30 18:08:44.953,1.06546,1.06577,1.00,1.00
2015.12.30 18:08:45.004,1.06546,1.06579,1.00,1.50
2015.12.30 18:08:45.421,1.0655,1.06579,1.00,1.00
2015.12.30 18:08:45.573,1.0655,1.06584,1.12,1.50
2015.12.30 18:08:46.102,1.0655,1.06583,1.50,1.00
2015.12.30 18:08:46.626,1.0655,1.06584,1.50,1.50
2015.12.30 18:08:46.880,1.06547,1.06579,1.37,1.00
2015.12.30 18:08:46.931,1.06547,1.06579,1.00,1.00
2015.12.30 18:08:47.083,1.06547,1.06581,1.00,1.00
2015.12.30 18:08:47.960,1.06547,1.06583,1.00,1.00
2015.12.30 18:08:48.061,1.06547,1.0658,1.00,1.00
2015.12.30 18:08:50.286,1.06547,1.06579,1.00,1.00
2015.12.30 18:08:52.998,1.06547,1.06582,1.50,1.00
2015.12.30 18:08:53.049,1.06547,1.06582,1.87,1.00
2015.12.30 18:08:53.352,1.0655,1.06584,1.37,1.50
2015.12.30 18:08:54.332,1.06548,1.06576,1.75,1.00
2015.12.30 18:08:54.383,1.06548,1.06576,1.00,1.00
2015.12.30 18:08:54.585,1.06548,1.0658,1.00,1.00
2015.12.30 18:08:55.102,1.06548,1.06583,1.50,1.50
2015.12.30 18:08:55.254,1.06551,1.06583,1.00,1.50
2015.12.30 18:08:55.557,1.06548,1.06581,1.87,1.00
2015.12.30 18:08:55.608,1.06548,1.06581,1.50,1.00
2015.12.30 18:08:56.184,1.06553,1.06581,1.00,1.00
2015.12.30 18:08:56.437,1.06552,1.06583,1.00,1.50
2015.12.30 18:08:57.190,1.06548,1.06579,1.00,1.00
2015.12.30 18:08:58.590,1.06548,1.06579,1.37,1.00
2015.12.30 18:08:59.118,1.06548,1.06579,1.00,1.00
2015.12.30 18:08:59.623,1.06547,1.06579,1.00,1.00
2015.12.30 18:08:59.853,1.06547,1.06581,1.00,1.00
2015.12.30 18:08:59.955,1.06547,1.06582,2.25,1.00
2015.12.30 18:09:00.475,1.06547,1.06581,2.25,1.00
2015.12.30 18:09:02.188,1.06551,1.06581,1.00,1.00
2015.12.30 18:09:02.239,1.06551,1.06583,1.00,1.00
2015.12.30 18:09:02.340,1.0655,1.06583,1.37,1.00
2015.12.30 18:09:02.492,1.0655,1.06583,1.00,1.00
2015.12.30 18:09:03.070,1.06547,1.06583,1.75,1.00
2015.12.30 18:09:03.121,1.06547,1.0658,1.87,1.00
2015.12.30 18:09:03.172,1.06547,1.0658,1.00,1.00
2015.12.30 18:09:03.223,1.06547,1.0658,1.37,1.00
2015.12.30 18:09:03.374,1.06547,1.0658,1.00,1.00
2015.12.30 18:09:03.879,1.06546,1.06581,1.12,1.00
2015.12.30 18:09:04.031,1.06544,1.06578,1.87,1.00
2015.12.30 18:09:04.082,1.06544,1.06578,1.50,1.00
2015.12.30 18:09:04.234,1.06544,1.06576,1.50,1.00
2015.12.30 18:09:04.773,1.06545,1.06576,1.50,1.00
2015.12.30 18:09:04.924,1.06544,1.06578,1.87,1.00
2015.12.30 18:09:05.446,1.06544,1.06578,1.50,1.00
2015.12.30 18:09:06.100,1.06544,1.06575,1.50,1.00
2015.12.30 18:09:06.418,1.06544,1.06579,2.62,1.00
2015.12.30 18:09:06.771,1.06544,1.06581,3.00,1.00
2015.12.30 18:09:06.923,1.06547,1.06583,1.50,1.00
2015.12.30 18:09:07.024,1.0655,1.06583,1.00,1.00
2015.12.30 18:09:07.126,1.06548,1.06583,1.12,1.00
2015.12.30 18:09:09.532,1.06548,1.06579,1.12,1.00
2015.12.30 18:09:12.592,1.06547,1.06581,2.25,1.00
2015.12.30 18:09:12.845,1.06547,1.06579,1.50,1.00
2015.12.30 18:09:13.098,1.06543,1.06577,1.00,1.00
2015.12.30 18:09:13.484,1.06543,1.06574,1.00,1.00
2015.12.30 18:09:13.787,1.06545,1.06578,1.00,1.00
2015.12.30 18:09:14.544,1.06545,1.06578,1.50,1.00
2015.12.30 18:09:14.695,1.06545,1.06577,1.00,1.00
2015.12.30 18:09:16.143,1.06547,1.06577,1.37,1.00
2015.12.30 18:09:16.245,1.06549,1.0658,1.00,1.00
2015.12.30 18:09:16.296,1.06549,1.06582,1.00,1.00
2015.12.30 18:09:16.346,1.06549,1.06582,1.37,1.00
2015.12.30 18:09:16.577,1.06552,1.06584,1.75,1.00
2015.12.30 18:09:18.299,1.06552,1.06584,1.00,1.00
2015.12.30 18:09:19.106,1.06552,1.06587,1.00,1.50
2015.12.30 18:09:19.258,1.06555,1.06587,1.00,1.50
2015.12.30 18:09:19.759,1.06552,1.06585,1.75,1.00
2015.12.30 18:09:19.810,1.06552,1.06585,1.00,1.00
2015.12.30 18:09:20.316,1.06552,1.06584,1.00,1.00
2015.12.30 18:09:21.466,1.06554,1.06584,1.00,1.00
2015.12.30 18:09:21.567,1.06552,1.06584,1.50,1.00
2015.12.30 18:09:21.820,1.06552,1.06586,1.50,1.00
2015.12.30 18:09:22.179,1.06552,1.06586,1.87,1.00
2015.12.30 18:09:22.331,1.06552,1.06586,1.50,1.00
2015.12.30 18:09:23.175,1.06552,1.06583,1.50,1.00
2015.12.30 18:09:23.276,1.06552,1.06586,1.50,1.42
2015.12.30 18:09:23.580,1.06552,1.06583,1.00,1.00
2015.12.30 18:09:23.833,1.06552,1.06586,1.00,1.42
2015.12.30 18:09:24.035,1.06552,1.06584,1.00,1.00
2015.12.30 18:09:24.688,1.06554,1.06584,1.00,1.00
2015.12.30 18:09:24.739,1.06552,1.06584,1.00,1.00
2015.12.30 18:09:26.813,1.06552,1.06586,1.00,1.00
2015.12.30 18:09:27.318,1.06552,1.06585,1.00,1.00
2015.12.30 18:09:27.470,1.06552,1.06583,1.00,1.00
2015.12.30 18:09:29.201,1.06552,1.0658,1.00,1.00
2015.12.30 18:09:29.702,1.06549,1.06579,1.75,1.00
2015.12.30 18:09:30.056,1.06547,1.06579,1.00,1.00
2015.12.30 18:09:30.562,1.06547,1.0658,1.00,1.42
2015.12.30 18:09:30.770,1.06547,1.06577,1.00,1.00
2015.12.30 18:09:31.386,1.06547,1.06579,1.00,1.00
2015.12.30 18:09:32.061,1.06547,1.06578,1.00,1.00
2015.12.30 18:09:32.314,1.06543,1.06573,1.50,1.00
2015.12.30 18:09:32.697,1.06543,1.06578,2.25,1.00
2015.12.30 18:09:34.276,1.06543,1.06577,2.25,1.00
2015.12.30 18:09:34.592,1.06543,1.06573,1.50,1.00
2015.12.30 18:09:34.946,1.06543,1.06578,1.50,2.17
2015.12.30 18:09:35.501,1.06546,1.0658,1.00,1.67
2015.12.30 18:09:37.473,1.06546,1.0658,1.00,1.42
2015.12.30 18:09:47.722,1.06546,1.0658,1.00,1.67
2015.12.30 18:09:49.628,1.06546,1.0658,1.00,1.00
2015.12.30 18:09:50.220,1.06546,1.06581,1.00,1.00
2015.12.30 18:09:51.119,1.06548,1.06581,1.00,1.00
2015.12.30 18:09:51.459,1.06549,1.06583,1.50,1.42
2015.12.30 18:09:52.419,1.06549,1.06579,1.50,1.00
2015.12.30 18:09:52.638,1.06549,1.06581,1.37,1.00
2015.12.30 18:09:52.689,1.06548,1.06581,1.00,1.50
2015.12.30 18:09:56.123,1.0655,1.06581,1.00,1.00
2015.12.30 18:09:58.479,1.0655,1.0658,1.00,1.00
2015.12.30 18:10:00.666,1.0655,1.06579,1.00,1.00
2015.12.30 18:10:01.251,1.06549,1.06579,1.00,1.00
2015.12.30 18:10:01.353,1.06549,1.06581,1.00,2.17
2015.12.30 18:10:02.229,1.06549,1.06579,1.00,1.00
2015.12.30 18:10:06.331,1.06546,1.06579,1.00,1.00
2015.12.30 18:10:10.577,1.06546,1.06578,1.50,1.00
2015.12.30 18:10:12.177,1.06545,1.06578,1.12,1.00
2015.12.30 18:10:18.275,1.06545,1.06578,1.00,1.67
2015.12.30 18:10:18.847,1.06545,1.06578,1.00,1.00
2015.12.30 18:10:25.318,1.06545,1.06577,1.00,1.00
2015.12.30 18:10:25.874,1.06545,1.06575,1.00,1.00
2015.12.30 18:10:26.539,1.06545,1.06576,1.00,1.00
2015.12.30 18:10:27.076,1.06544,1.06576,1.00,1.00
2015.12.30 18:10:27.693,1.06541,1.06576,1.00,1.50
2015.12.30 18:10:27.744,1.06538,1.06572,1.50,1.00
2015.12.30 18:10:28.048,1.06535,1.06565,1.00,1.00
2015.12.30 18:10:28.301,1.06535,1.06567,1.00,1.00
2015.12.30 18:10:30.236,1.06535,1.06566,1.00,1.00
2015.12.30 18:10:37.411,1.06535,1.06567,1.00,1.00
2015.12.30 18:10:37.512,1.06538,1.06567,1.00,1.00
2015.12.30 18:10:37.816,1.06542,1.06567,1.00,1.00
2015.12.30 18:10:38.018,1.06542,1.06574,2.25,1.00
2015.12.30 18:10:38.170,1.06542,1.06576,2.25,1.00
2015.12.30 18:10:42.232,1.06544,1.06574,1.12,1.00
2015.12.30 18:10:45.644,1.06544,1.06577,1.12,1.00
2015.12.30 18:10:47.769,1.06544,1.06574,1.12,1.00
2015.12.30 18:10:50.172,1.06544,1.06575,1.12,1.00
2015.12.30 18:10:52.827,1.06544,1.06579,1.12,1.67
2015.12.30 18:10:53.333,1.06545,1.06578,1.00,1.00
2015.12.30 18:10:56.128,1.06545,1.06579,1.00,1.50
2015.12.30 18:10:56.633,1.06545,1.06578,1.00,1.00
2015.12.30 18:10:57.563,1.06545,1.06579,1.00,1.50
2015.12.30 18:10:57.922,1.06547,1.06579,1.00,1.50
2015.12.30 18:10:59.184,1.06547,1.06577,1.00,1.00
2015.12.30 18:10:59.454,1.06544,1.06579,1.50,1.00
2015.12.30 18:11:00.424,1.06544,1.06577,1.50,1.00
2015.12.30 18:11:00.727,1.06544,1.06574,1.50,1.00
2015.12.30 18:11:02.183,1.06544,1.06577,1.50,1.00
2015.12.30 18:11:02.234,1.06544,1.06571,1.00,1.00
2015.12.30 18:11:03.190,1.0654,1.06571,1.37,1.00
2015.12.30 18:11:03.241,1.06539,1.06571,2.62,1.00
2015.12.30 18:11:03.695,1.06539,1.06569,1.12,1.00
2015.12.30 18:11:03.949,1.06535,1.06569,1.00,1.00
2015.12.30 18:11:04.000,1.06532,1.06565,1.12,1.00
2015.12.30 18:11:04.051,1.06527,1.06563,1.50,1.00
2015.12.30 18:11:04.101,1.06525,1.06558,1.75,1.00
2015.12.30 18:11:04.405,1.0653,1.06556,1.50,1.00
2015.12.30 18:11:04.507,1.06525,1.06554,1.00,1.00
2015.12.30 18:11:04.558,1.06521,1.06547,1.00,1.00
2015.12.30 18:11:04.850,1.06514,1.06547,1.00,1.00
2015.12.30 18:11:04.901,1.06514,1.06545,1.00,1.00
2015.12.30 18:11:05.608,1.06514,1.06545,1.00,1.75
2015.12.30 18:11:05.909,1.06508,1.06536,1.00,1.00
2015.12.30 18:11:06.769,1.06508,1.0654,1.00,1.00
2015.12.30 18:11:07.287,1.06508,1.06541,1.00,1.00
2015.12.30 18:11:07.525,1.06508,1.06536,1.00,1.00
2015.12.30 18:11:07.783,1.06508,1.06541,1.00,1.50
2015.12.30 18:11:08.187,1.06509,1.06539,1.00,1.00
2015.12.30 18:11:08.824,1.06505,1.06534,1.00,1.00
2015.12.30 18:11:09.096,1.06505,1.06536,1.00,1.00
2015.12.30 18:11:09.652,1.06505,1.06539,1.00,1.00
2015.12.30 18:11:10.538,1.06505,1.06537,1.00,1.00
2015.12.30 18:11:10.689,1.06502,1.06537,1.87,1.00
2015.12.30 18:11:11.206,1.06502,1.06537,1.50,1.00
2015.12.30 18:11:11.445,1.06502,1.06533,1.50,1.00
2015.12.30 18:11:11.597,1.06502,1.06537,1.50,1.00
2015.12.30 18:11:11.705,1.06502,1.0654,1.50,1.50
2015.12.30 18:11:12.058,1.06502,1.06532,1.50,1.00
2015.12.30 18:11:14.718,1.06502,1.06531,1.50,1.00
2015.12.30 18:11:18.439,1.06502,1.06529,1.00,1.00
2015.12.30 18:11:21.416,1.06502,1.06531,1.00,1.00
2015.12.30 18:11:21.702,1.06502,1.06535,1.00,1.00
2015.12.30 18:11:26.506,1.06502,1.06534,1.00,1.00
2015.12.30 18:11:29.640,1.06502,1.06533,1.00,1.00
2015.12.30 18:11:29.892,1.06502,1.06537,1.00,1.00
2015.12.30 18:11:30.094,1.06502,1.06534,1.00,1.00
2015.12.30 18:11:34.895,1.06502,1.06538,1.50,1.00
2015.12.30 18:11:35.400,1.06502,1.06537,1.50,1.00
2015.12.30 18:11:37.705,1.06502,1.06534,1.00,1.00
2015.12.30 18:11:45.409,1.06502,1.06536,1.00,1.00
2015.12.30 18:11:45.935,1.06502,1.06535,1.00,1.00
2015.12.30 18:11:54.868,1.06502,1.06536,1.50,1.00
2015.12.30 18:11:59.723,1.06504,1.06536,1.00,1.00
2015.12.30 18:12:03.085,1.06504,1.06535,1.00,1.00
2015.12.30 18:12:05.045,1.06503,1.06535,1.00,1.00
2015.12.30 18:12:08.133,1.06503,1.06534,1.00,1.00
2015.12.30 18:12:08.588,1.06503,1.06538,1.00,1.00
2015.12.30 18:12:12.796,1.06503,1.06537,1.00,1.00
2015.12.30 18:12:16.109,1.06504,1.06537,1.00,1.00
2015.12.30 18:12:16.614,1.06505,1.06539,1.00,1.00
2015.12.30 18:12:16.716,1.06505,1.06536,1.00,1.00
2015.12.30 18:12:17.220,1.06505,1.06536,1.50,1.00
2015.12.30 18:12:20.024,1.06505,1.06539,1.50,1.00
2015.12.30 18:12:37.393,1.06506,1.06541,1.12,1.00
2015.12.30 18:12:37.870,1.06512,1.06541,1.00,1.00
2015.12.30 18:12:43.172,1.06511,1.06541,1.00,1.00
2015.12.30 18:12:44.024,1.06511,1.06543,1.00,1.50
2015.12.30 18:12:52.072,1.06509,1.06543,1.00,1.50
2015.12.30 18:12:52.184,1.06511,1.06543,1.00,1.50
2015.12.30 18:12:57.023,1.06512,1.06543,1.00,1.50
2015.12.30 18:13:00.060,1.06512,1.06541,1.00,1.00
2015.12.30 18:13:02.333,1.06511,1.06541,1.00,1.50
2015.12.30 18:13:04.901,1.06511,1.06539,1.00,1.00
2015.12.30 18:13:05.278,1.06514,1.06539,1.00,1.00
2015.12.30 18:13:05.503,1.06511,1.06539,1.00,1.00
2015.12.30 18:13:08.318,1.06511,1.06541,1.00,1.00
2015.12.30 18:13:11.275,1.06511,1.0654,1.00,1.00
2015.12.30 18:13:11.492,1.0651,1.06535,1.00,1.00
2015.12.30 18:13:11.543,1.06508,1.06535,1.00,1.00
2015.12.30 18:13:11.746,1.06508,1.06539,1.00,1.50
2015.12.30 18:13:11.948,1.06508,1.06533,1.00,1.00
2015.12.30 18:13:14.523,1.06507,1.06533,1.00,1.00
2015.12.30 18:13:15.080,1.06506,1.06533,1.00,1.00
2015.12.30 18:13:16.849,1.06505,1.06533,1.00,1.00
2015.12.30 18:13:17.210,1.06505,1.0653,1.00,1.00
2015.12.30 18:13:28.614,1.06502,1.0653,1.00,1.00
2015.12.30 18:13:28.716,1.06505,1.0653,1.00,1.00
2015.12.30 18:13:28.918,1.06505,1.06532,1.00,1.00
2015.12.30 18:13:29.126,1.06502,1.06532,1.00,1.00
2015.12.30 18:13:31.365,1.06503,1.06532,1.00,1.00
2015.12.30 18:13:31.416,1.06503,1.0653,1.00,1.00
2015.12.30 18:13:31.942,1.06502,1.0653,1.00,1.00
2015.12.30 18:13:33.412,1.06499,1.0653,1.00,1.00
2015.12.30 18:13:52.712,1.06501,1.0653,1.00,1.50
2015.12.30 18:13:53.597,1.06499,1.0653,1.00,1.00
2015.12.30 18:13:55.072,1.06499,1.06528,1.00,1.00
2015.12.30 18:14:03.802,1.06494,1.06528,1.00,1.00
2015.12.30 18:14:04.055,1.06496,1.06528,1.00,1.00
2015.12.30 18:14:04.156,1.06494,1.06528,1.87,1.00
2015.12.30 18:14:04.445,1.06496,1.06528,1.37,1.00
2015.12.30 18:14:08.333,1.06498,1.06528,1.00,1.00
2015.12.30 18:14:08.636,1.06501,1.06528,1.00,1.00
2015.12.30 18:14:14.492,1.06502,1.06528,1.00,1.00
2015.12.30 18:14:19.885,1.06504,1.06528,1.00,1.00
2015.12.30 18:14:20.422,1.06503,1.06528,1.00,1.00
2015.12.30 18:14:20.739,1.06504,1.0653,1.00,1.00
2015.12.30 18:14:20.841,1.06504,1.06536,1.00,1.00
2015.12.30 18:14:21.362,1.06505,1.06536,1.00,1.00
2015.12.30 18:14:21.413,1.06503,1.06536,1.12,1.00
2015.12.30 18:14:22.099,1.06503,1.06532,1.00,1.00
2015.12.30 18:14:22.785,1.065,1.06532,1.00,1.50
2015.12.30 18:14:22.836,1.065,1.0653,1.00,1.00
2015.12.30 18:14:23.369,1.065,1.06529,1.00,1.00
2015.12.30 18:14:24.008,1.06499,1.06529,1.00,1.00
2015.12.30 18:14:24.521,1.065,1.06529,1.00,1.00
2015.12.30 18:14:24.958,1.06502,1.06529,1.00,1.00
2015.12.30 18:14:28.781,1.06503,1.06529,1.00,1.00
2015.12.30 18:14:29.033,1.065,1.06529,1.00,1.00
2015.12.30 18:14:29.185,1.065,1.06532,1.00,1.00
2015.12.30 18:14:29.236,1.06504,1.06532,1.00,1.00
2015.12.30 18:14:29.785,1.065,1.06532,1.00,1.00
2015.12.30 18:14:33.400,1.065,1.0653,1.00,1.00
2015.12.30 18:14:34.115,1.06499,1.0653,1.00,1.50
2015.12.30 18:14:34.419,1.06501,1.0653,1.00,1.00
2015.12.30 18:14:34.621,1.06497,1.06529,1.00,1.00
2015.12.30 18:14:35.076,1.06495,1.06529,1.00,1.00
2015.12.30 18:14:35.456,1.06498,1.06533,1.12,1.00
2015.12.30 18:14:35.961,1.06498,1.06532,2.25,1.00
2015.12.30 18:14:36.113,1.06498,1.06529,1.00,1.00
2015.12.30 18:14:41.326,1.065,1.06529,1.00,1.00
2015.12.30 18:14:43.435,1.065,1.06533,1.00,1.00
2015.12.30 18:14:52.686,1.065,1.06533,1.37,1.00
2015.12.30 18:14:52.988,1.06501,1.06536,1.50,1.00
2015.12.30 18:14:54.928,1.06501,1.06535,1.75,1.00
2015.12.30 18:14:55.333,1.06501,1.06536,1.50,1.00
2015.12.30 18:14:55.485,1.06501,1.06534,1.50,1.00
2015.12.30 18:14:59.636,1.06501,1.06534,1.75,1.00
2015.12.30 18:15:00.040,1.06501,1.06537,1.75,1.50
2015.12.30 18:15:43.554,1.06502,1.06537,1.00,1.00
2015.12.30 18:15:46.197,1.06506,1.06537,1.75,1.50
2015.12.30 18:15:46.349,1.06509,1.06544,1.00,1.00
2015.12.30 18:15:46.603,1.06509,1.06538,1.50,1.00
2015.12.30 18:15:46.704,1.06509,1.0654,1.50,1.00
2015.12.30 18:15:47.609,1.06512,1.0654,1.00,1.00
2015.12.30 18:15:47.711,1.06512,1.06544,1.00,1.00
2015.12.30 18:15:47.812,1.06514,1.06544,1.00,1.00
2015.12.30 18:15:47.965,1.06512,1.06544,1.00,1.00
2015.12.30 18:15:50.234,1.0651,1.06544,1.00,1.00
2015.12.30 18:15:53.739,1.0651,1.06545,2.25,1.00
2015.12.30 18:15:53.841,1.06515,1.06545,1.00,1.00
2015.12.30 18:15:53.992,1.06515,1.06547,1.00,1.00
2015.12.30 18:15:54.144,1.06518,1.06547,1.00,1.00
2015.12.30 18:15:54.195,1.06519,1.06556,1.50,1.50
2015.12.30 18:15:54.440,1.06518,1.06552,1.37,1.00
2015.12.30 18:15:54.954,1.06518,1.06551,1.37,1.00
2015.12.30 18:15:55.442,1.06518,1.06551,1.75,1.00
2015.12.30 18:15:55.938,1.06518,1.06551,1.12,1.00
2015.12.30 18:15:58.273,1.06518,1.06549,1.12,1.00
2015.12.30 18:15:59.839,1.06522,1.06549,1.00,1.00
2015.12.30 18:16:02.235,1.06522,1.06552,1.00,1.00
2015.12.30 18:16:07.406,1.06522,1.06553,1.00,1.00
2015.12.30 18:16:10.145,1.06522,1.06555,1.00,1.00
2015.12.30 18:16:24.175,1.0652,1.06555,1.75,1.00
2015.12.30 18:16:36.025,1.0652,1.06554,1.75,1.00
2015.12.30 18:16:44.119,1.0652,1.06555,1.75,2.25
2015.12.30 18:16:49.533,1.0652,1.06554,1.75,1.00
2015.12.30 18:16:49.860,1.0652,1.06555,1.75,1.50
2015.12.30 18:16:49.912,1.06526,1.06558,1.12,1.00
2015.12.30 18:16:49.963,1.06526,1.06561,1.12,1.00
2015.12.30 18:16:50.216,1.06526,1.06556,1.12,1.00
2015.12.30 18:16:50.519,1.06523,1.06555,1.00,1.00
2015.12.30 18:16:54.524,1.06523,1.06551,1.00,1.00
2015.12.30 18:16:56.988,1.06523,1.06552,1.00,1.00
2015.12.30 18:17:00.032,1.06523,1.06553,1.00,1.00
2015.12.30 18:17:07.088,1.06523,1.06556,1.00,1.00
2015.12.30 18:17:07.190,1.06525,1.06556,1.00,1.00
2015.12.30 18:17:17.129,1.06525,1.06555,1.00,1.00
2015.12.30 18:17:17.669,1.06526,1.06555,1.00,1.00
2015.12.30 18:17:26.220,1.06525,1.06555,1.00,1.00
2015.12.30 18:17:27.203,1.06526,1.06555,1.00,1.00
2015.12.30 18:17:30.183,1.06525,1.06555,1.00,1.00
2015.12.30 18:17:30.385,1.06523,1.06555,1.00,1.00
2015.12.30 18:17:30.840,1.06523,1.06552,1.00,1.00
2015.12.30 18:17:32.218,1.06523,1.06548,1.00,1.00
2015.12.30 18:17:32.521,1.06519,1.06548,1.00,1.00
2015.12.30 18:17:33.071,1.0652,1.06548,1.00,1.00
2015.12.30 18:17:34.587,1.06521,1.06548,1.00,1.00
2015.12.30 18:17:36.350,1.06519,1.06548,1.00,1.00
2015.12.30 18:17:36.689,1.06522,1.06548,1.00,1.00
2015.12.30 18:17:37.310,1.06522,1.06549,1.00,1.00
2015.12.30 18:17:38.874,1.06519,1.06549,1.00,1.00
2015.12.30 18:17:39.633,1.06516,1.06549,1.00,1.00
2015.12.30 18:17:41.914,1.06519,1.06549,1.00,1.00
2015.12.30 18:17:42.577,1.06519,1.0655,1.00,1.50
2015.12.30 18:17:42.940,1.06517,1.0655,1.00,1.50
2015.12.30 18:18:11.388,1.06517,1.06549,1.50,1.00
2015.12.30 18:18:13.349,1.06517,1.06553,1.50,1.00
2015.12.30 18:18:13.400,1.06523,1.06554,1.00,1.50
2015.12.30 18:18:13.501,1.06523,1.06558,2.25,1.00
2015.12.30 18:18:13.603,1.06529,1.0656,1.00,1.00
2015.12.30 18:18:13.654,1.06529,1.06562,1.37,1.00
2015.12.30 18:18:13.895,1.0653,1.06564,1.12,1.00
2015.12.30 18:18:14.517,1.06531,1.06564,1.00,1.00
2015.12.30 18:18:19.007,1.06532,1.06564,1.00,1.00
2015.12.30 18:18:19.550,1.06531,1.06564,2.25,1.00
2015.12.30 18:18:22.644,1.06537,1.06564,1.00,1.00
2015.12.30 18:18:30.415,1.06537,1.06571,1.00,1.00
2015.12.30 18:18:55.247,1.06538,1.06571,1.00,1.00
2015.12.30 18:18:58.330,1.06537,1.06571,1.00,1.00
2015.12.30 18:18:58.866,1.06538,1.06571,1.00,1.00
2015.12.30 18:19:07.698,1.06537,1.06571,1.00,1.00
2015.12.30 18:19:18.614,1.06536,1.06571,1.87,1.50
2015.12.30 18:19:20.595,1.06537,1.06571,1.00,1.50
2015.12.30 18:19:21.203,1.06536,1.06571,1.50,1.50
2015.12.30 18:19:30.393,1.06532,1.06572,1.00,1.00
2015.12.30 18:19:30.929,1.06533,1.06572,1.00,1.00
2015.12.30 18:19:30.980,1.06533,1.06565,1.00,1.00
2015.12.30 18:19:31.424,1.06533,1.0656,1.00,1.00
2015.12.30 18:19:31.475,1.06533,1.06565,1.00,1.00
2015.12.30 18:19:31.939,1.06533,1.06568,1.00,1.50
2015.12.30 18:19:33.407,1.06533,1.06565,1.00,1.00
2015.12.30 18:19:33.912,1.06533,1.06561,1.00,1.00
2015.12.30 18:19:37.487,1.06533,1.06557,1.00,1.00
2015.12.30 18:19:37.974,1.06525,1.06557,1.00,1.00
2015.12.30 18:19:41.841,1.06525,1.0656,1.00,1.00
2015.12.30 18:19:42.439,1.06527,1.06561,1.00,1.00
2015.12.30 18:19:46.996,1.06527,1.06564,1.00,1.50
2015.12.30 18:19:51.936,1.06527,1.06563,1.00,1.00
2015.12.30 18:19:53.734,1.06531,1.06563,1.00,1.00
2015.12.30 18:19:54.295,1.06528,1.06563,1.00,1.50
2015.12.30 18:19:57.805,1.06531,1.06566,1.00,1.00
2015.12.30 18:20:01.557,1.06531,1.06562,1.00,1.00
2015.12.30 18:20:01.869,1.06534,1.06562,1.00,1.00
2015.12.30 18:20:02.175,1.06534,1.06559,1.00,1.00
2015.12.30 18:20:03.053,1.06534,1.06555,1.00,1.00
2015.12.30 18:20:04.711,1.0653,1.06555,1.00,1.00
2015.12.30 18:20:04.863,1.06527,1.06555,1.00,1.00
2015.12.30 18:20:05.413,1.06526,1.06555,1.00,1.00
2015.12.30 18:20:29.270,1.06526,1.06557,1.00,1.00
2015.12.30 18:20:41.497,1.06526,1.06559,1.00,1.00
2015.12.30 18:20:47.285,1.06516,1.06551,2.55,1.00
2015.12.30 18:20:47.437,1.06515,1.06548,1.00,1.00
2015.12.30 18:20:48.507,1.06515,1.06551,1.50,1.00
2015.12.30 18:20:49.050,1.06519,1.06551,1.00,1.00
2015.12.30 18:20:49.962,1.06519,1.06554,1.00,1.00
2015.12.30 18:20:50.864,1.06519,1.06538,1.00,1.00
2015.12.30 18:20:50.965,1.0651,1.06536,1.67,1.00
2015.12.30 18:20:51.017,1.0651,1.06544,1.00,1.50
2015.12.30 18:20:51.220,1.06518,1.06545,1.00,1.00
2015.12.30 18:20:51.321,1.06511,1.06545,1.00,1.00
2015.12.30 18:20:51.422,1.06513,1.06545,1.00,1.00
2015.12.30 18:20:51.654,1.0651,1.06545,1.50,1.00
2015.12.30 18:20:53.784,1.0651,1.06545,1.67,1.00
2015.12.30 18:20:53.835,1.06517,1.06554,1.00,1.00
2015.12.30 18:20:54.087,1.06521,1.06555,1.00,1.00
2015.12.30 18:20:54.632,1.06521,1.06556,1.00,1.00
2015.12.30 18:20:54.948,1.0652,1.06553,1.00,1.00
2015.12.30 18:21:00.206,1.06518,1.06553,1.00,1.00
2015.12.30 18:21:00.358,1.06521,1.06558,1.00,1.50
2015.12.30 18:21:00.509,1.06526,1.06559,1.00,1.00
2015.12.30 18:21:00.662,1.06526,1.06561,1.00,1.00
2015.12.30 18:21:29.347,1.06535,1.06564,1.00,1.00
2015.12.30 18:21:29.740,1.0654,1.06558,1.00,1.00
2015.12.30 18:21:29.791,1.06534,1.06553,1.00,1.00
2015.12.30 18:21:35.209,1.06534,1.06555,1.00,1.00
2015.12.30 18:21:37.425,1.06534,1.06555,1.00,1.67
2015.12.30 18:21:38.412,1.06525,1.06554,1.00,1.67
2015.12.30 18:21:38.463,1.06521,1.06552,1.00,1.00
2015.12.30 18:21:39.133,1.06523,1.06552,1.00,1.00
2015.12.30 18:21:39.669,1.06522,1.06552,1.00,1.00
2015.12.30 18:21:39.875,1.0652,1.06552,1.00,1.00
2015.12.30 18:21:42.319,1.06521,1.06552,1.00,1.00
2015.12.30 18:21:47.919,1.06519,1.06552,1.00,1.00
2015.12.30 18:21:48.912,1.06519,1.06552,1.00,1.67
2015.12.30 18:21:54.842,1.06523,1.06553,1.00,1.67
2015.12.30 18:21:55.006,1.06519,1.0655,1.00,1.00
2015.12.30 18:22:11.353,1.06516,1.0655,1.00,1.50
2015.12.30 18:22:11.404,1.06516,1.06546,1.00,1.00
2015.12.30 18:22:11.606,1.06515,1.06549,1.00,1.00
2015.12.30 18:22:12.095,1.06518,1.0655,1.00,1.00
2015.12.30 18:22:12.506,1.06518,1.06553,1.50,1.00
2015.12.30 18:22:13.594,1.06519,1.06553,1.00,1.00
2015.12.30 18:22:14.569,1.06521,1.06553,1.00,1.00
2015.12.30 18:22:14.872,1.06523,1.06553,1.00,1.00
2015.12.30 18:22:15.228,1.06521,1.06554,1.00,1.00
2015.12.30 18:22:15.733,1.06522,1.06554,1.00,1.00
2015.12.30 18:22:15.935,1.0652,1.06554,1.00,1.00
2015.12.30 18:22:16.472,1.06519,1.06554,1.00,1.00
2015.12.30 18:22:18.440,1.06519,1.06551,1.00,1.00
2015.12.30 18:22:18.675,1.06519,1.06554,1.00,1.50
2015.12.30 18:22:19.180,1.06519,1.06553,1.00,1.00
2015.12.30 18:22:19.231,1.06521,1.06553,1.00,1.00
2015.12.30 18:22:19.434,1.06521,1.06556,2.25,1.00
2015.12.30 18:22:19.586,1.06521,1.06553,1.00,1.00
2015.12.30 18:22:19.637,1.06519,1.06553,1.00,1.00
2015.12.30 18:22:19.839,1.06518,1.0655,1.00,1.00
2015.12.30 18:22:20.261,1.06519,1.06553,1.50,1.50
2015.12.30 18:22:22.062,1.06519,1.06551,1.50,1.00
2015.12.30 18:22:25.965,1.06518,1.06551,1.50,1.00
2015.12.30 18:22:27.329,1.06518,1.06553,1.50,1.00
2015.12.30 18:22:29.989,1.06518,1.06551,1.50,1.00
2015.12.30 18:22:36.448,1.06518,1.06553,1.00,1.00
2015.12.30 18:22:36.951,1.06526,1.06553,1.00,1.00
2015.12.30 18:22:37.306,1.0653,1.06553,1.00,1.00
2015.12.30 18:22:37.862,1.06531,1.06553,1.00,1.00
2015.12.30 18:22:38.200,1.06533,1.06553,1.00,1.00
2015.12.30 18:22:38.553,1.06531,1.06553,1.00,1.00
2015.12.30 18:22:39.526,1.06533,1.06553,1.00,1.00
2015.12.30 18:22:47.134,1.06526,1.06553,1.00,1.00
2015.12.30 18:22:47.235,1.06522,1.06553,1.00,1.00
2015.12.30 18:22:47.286,1.06522,1.06551,1.00,1.00
2015.12.30 18:22:47.387,1.06522,1.06554,1.00,1.00
2015.12.30 18:22:47.438,1.06529,1.06554,1.00,1.00
2015.12.30 18:22:47.992,1.06531,1.06554,1.00,1.00
2015.12.30 18:22:48.638,1.06529,1.06554,1.00,1.00
2015.12.30 18:22:48.991,1.06531,1.06554,1.00,1.00
2015.12.30 18:22:49.194,1.06532,1.06556,1.00,1.00
2015.12.30 18:22:49.749,1.06534,1.06556,1.00,1.00
2015.12.30 18:22:49.850,1.06532,1.06556,1.00,1.00
2015.12.30 18:22:50.103,1.0653,1.06556,1.00,1.00
2015.12.30 18:22:50.439,1.06528,1.06556,1.00,1.00
2015.12.30 18:22:50.540,1.0653,1.06556,1.00,1.00
2015.12.30 18:22:53.037,1.06528,1.06556,1.00,1.00
2015.12.30 18:22:53.818,1.06529,1.06556,1.00,1.00
2015.12.30 18:22:54.351,1.06528,1.06556,1.00,1.00
2015.12.30 18:22:55.896,1.0653,1.06556,1.00,1.00
2015.12.30 18:22:59.883,1.06527,1.06556,1.00,1.00
2015.12.30 18:22:59.985,1.06529,1.06556,1.00,1.00
2015.12.30 18:23:00.187,1.06524,1.06556,1.00,1.00
2015.12.30 18:23:00.692,1.06523,1.06556,1.00,1.00
2015.12.30 18:23:01.001,1.06521,1.06554,1.50,1.00
2015.12.30 18:23:01.307,1.06521,1.06556,1.00,1.50
2015.12.30 18:23:02.306,1.0652,1.06554,1.00,1.00
2015.12.30 18:23:02.816,1.06519,1.06554,1.50,1.50
2015.12.30 18:23:03.427,1.06522,1.06554,1.00,1.00
2015.12.30 18:23:04.330,1.06525,1.06562,1.00,1.00
2015.12.30 18:23:09.548,1.06525,1.06557,1.00,1.00
2015.12.30 18:23:12.632,1.06525,1.06556,1.00,1.00
2015.12.30 18:23:13.111,1.06525,1.06558,1.00,1.00
2015.12.30 18:23:19.149,1.06525,1.06557,1.00,1.00
2015.12.30 18:23:20.859,1.06522,1.06553,1.00,1.00
2015.12.30 18:23:21.011,1.06522,1.06557,1.50,1.00
2015.12.30 18:23:21.112,1.06526,1.0656,1.00,1.00
2015.12.30 18:23:32.897,1.06526,1.06561,1.00,1.50
2015.12.30 18:23:36.860,1.06526,1.0656,1.00,1.00
2015.12.30 18:23:37.397,1.06523,1.06558,1.00,1.00
2015.12.30 18:23:37.600,1.06523,1.06555,1.00,1.00
2015.12.30 18:23:39.576,1.06523,1.06554,1.00,1.00
2015.12.30 18:23:42.886,1.06523,1.06556,1.00,1.00
2015.12.30 18:23:44.893,1.06526,1.06556,1.00,1.00
2015.12.30 18:23:44.994,1.06526,1.0656,1.00,1.00
2015.12.30 18:23:45.500,1.06526,1.06561,1.00,1.00
2015.12.30 18:23:45.769,1.06525,1.06548,1.00,1.00
2015.12.30 18:23:45.824,1.06523,1.06548,1.00,1.00
2015.12.30 18:23:46.077,1.06523,1.06551,1.00,1.00
2015.12.30 18:23:49.727,1.06523,1.06549,1.00,1.00
2015.12.30 18:23:53.660,1.06523,1.06551,1.00,1.00
2015.12.30 18:23:53.913,1.06523,1.06555,1.00,1.00
2015.12.30 18:23:54.217,1.06523,1.06558,1.00,1.00
2015.12.30 18:23:54.319,1.06525,1.06561,1.00,1.67
2015.12.30 18:23:54.824,1.06525,1.06561,1.00,1.00
2015.12.30 18:23:55.340,1.06525,1.06556,1.00,1.00
2015.12.30 18:23:55.878,1.06525,1.06555,1.00,1.00
2015.12.30 18:23:56.884,1.06525,1.06557,1.00,1.00
2015.12.30 18:23:57.380,1.06525,1.06554,1.00,1.00
2015.12.30 18:23:57.884,1.06522,1.06555,1.00,1.00
2015.12.30 18:23:59.639,1.06522,1.06556,1.00,1.00
2015.12.30 18:24:03.134,1.06522,1.06557,1.00,1.00
2015.12.30 18:24:03.789,1.06522,1.06559,1.00,1.50
2015.12.30 18:24:04.073,1.06522,1.06556,1.00,1.00
2015.12.30 18:24:04.578,1.06522,1.06558,1.00,1.00
2015.12.30 18:24:05.761,1.06525,1.06558,1.00,1.00
2015.12.30 18:24:06.318,1.06525,1.06556,1.00,1.00
2015.12.30 18:24:06.773,1.06525,1.06559,1.00,1.00
2015.12.30 18:24:07.008,1.06525,1.06557,1.00,1.00
2015.12.30 18:24:07.564,1.06525,1.06558,1.00,1.00
2015.12.30 18:24:07.867,1.06525,1.06556,1.00,1.00
2015.12.30 18:24:08.070,1.06525,1.0656,1.00,1.67
2015.12.30 18:24:08.121,1.06523,1.06558,1.00,1.00
2015.12.30 18:24:08.665,1.06523,1.06557,1.00,1.00
2015.12.30 18:24:35.235,1.06523,1.06558,1.00,1.00
2015.12.30 18:24:50.227,1.06523,1.06557,1.00,1.00
2015.12.30 18:25:08.162,1.06517,1.06557,1.42,1.00
2015.12.30 18:25:11.979,1.06518,1.06557,1.00,1.00
2015.12.30 18:25:12.299,1.06517,1.06554,2.17,1.00
2015.12.30 18:25:17.198,1.06517,1.06557,1.50,1.00
2015.12.30 18:25:17.703,1.06517,1.0656,1.50,1.67
2015.12.30 18:25:18.958,1.0653,1.0656,1.00,1.67
2015.12.30 18:25:19.060,1.06524,1.06559,1.00,1.67
2015.12.30 18:25:20.764,1.06524,1.06559,1.00,1.00
2015.12.30 18:25:20.815,1.06527,1.06562,1.00,1.67
2015.12.30 18:25:20.866,1.06527,1.06562,1.00,1.00
2015.12.30 18:25:21.372,1.06527,1.0656,1.00,1.00
2015.12.30 18:25:21.634,1.06524,1.06559,1.00,1.00
2015.12.30 18:25:22.039,1.06526,1.06563,1.00,1.00
2015.12.30 18:25:26.315,1.06526,1.06562,1.00,1.00
2015.12.30 18:25:26.659,1.06526,1.06557,1.00,1.00
2015.12.30 18:25:26.710,1.06524,1.06557,1.00,1.00
2015.12.30 18:25:32.464,1.06524,1.06559,1.00,1.00
2015.12.30 18:25:32.769,1.06526,1.06559,1.00,1.00
2015.12.30 18:25:35.702,1.06524,1.06559,1.00,1.00
2015.12.30 18:25:37.676,1.06538,1.06559,1.00,1.00
2015.12.30 18:25:37.777,1.06525,1.06559,1.00,1.00
2015.12.30 18:25:44.933,1.06525,1.0656,1.00,1.00
2015.12.30 18:25:47.554,1.06528,1.06563,1.00,1.00
2015.12.30 18:25:47.857,1.06525,1.0656,1.00,1.00
2015.12.30 18:25:49.229,1.06526,1.0656,1.00,1.00
2015.12.30 18:25:49.431,1.06528,1.06565,1.00,1.00
2015.12.30 18:25:49.977,1.06528,1.06564,1.00,1.00
2015.12.30 18:25:57.116,1.06528,1.06565,1.00,1.00
2015.12.30 18:25:57.369,1.06528,1.06563,1.00,1.00
2015.12.30 18:25:57.470,1.06525,1.06562,1.00,1.00
2015.12.30 18:26:04.600,1.06527,1.06562,1.00,1.00
2015.12.30 18:26:04.904,1.06529,1.06564,1.00,1.50
2015.12.30 18:26:05.489,1.06529,1.06561,1.00,1.00
2015.12.30 18:26:06.795,1.06529,1.06563,1.00,1.00
2015.12.30 18:26:09.994,1.06529,1.06562,1.00,1.00
2015.12.30 18:26:14.722,1.06526,1.06561,1.00,1.00
2015.12.30 18:27:00.910,1.06526,1.06558,1.00,1.00
2015.12.30 18:27:00.961,1.06522,1.06557,1.00,1.00
2015.12.30 18:27:01.012,1.06522,1.06554,1.00,1.00
2015.12.30 18:27:01.315,1.06522,1.06551,1.00,1.00
2015.12.30 18:27:01.858,1.06522,1.0655,1.00,1.00
2015.12.30 18:27:04.453,1.06522,1.06552,1.00,1.00
2015.12.30 18:27:10.602,1.06522,1.06551,1.00,1.00
2015.12.30 18:27:12.719,1.06522,1.06553,1.00,1.00
2015.12.30 18:27:15.645,1.06522,1.06554,1.00,1.00
2015.12.30 18:27:27.623,1.06522,1.06552,1.00,1.00
2015.12.30 18:27:37.787,1.06522,1.06555,1.00,1.00
2015.12.30 18:27:41.613,1.06522,1.06552,1.00,1.00
2015.12.30 18:27:45.692,1.06522,1.06553,1.00,1.00
2015.12.30 18:27:48.200,1.06522,1.06552,1.00,1.00
2015.12.30 18:27:48.419,1.06522,1.06554,1.00,1.00
2015.12.30 18:27:48.529,1.06522,1.06552,1.00,1.00
2015.12.30 18:27:49.085,1.06522,1.06549,1.00,1.00
2015.12.30 18:27:50.660,1.06522,1.06553,1.00,1.00
2015.12.30 18:27:52.948,1.06522,1.06547,1.00,1.00
2015.12.30 18:27:53.049,1.06516,1.06547,1.00,1.00
2015.12.30 18:27:53.100,1.06513,1.06547,1.00,1.00
2015.12.30 18:27:53.151,1.06513,1.06543,1.00,1.00
2015.12.30 18:27:53.505,1.06513,1.06547,1.00,1.00
2015.12.30 18:27:53.606,1.06513,1.06549,1.00,1.00
2015.12.30 18:27:54.938,1.06513,1.06546,1.00,1.00
2015.12.30 18:27:55.241,1.06513,1.06544,1.00,1.00
2015.12.30 18:27:57.336,1.06513,1.06546,1.00,1.00
2015.12.30 18:27:57.487,1.06513,1.06549,1.00,1.50
2015.12.30 18:28:02.104,1.06513,1.0655,1.00,1.00
2015.12.30 18:28:02.853,1.06513,1.06541,1.00,1.00
2015.12.30 18:28:02.904,1.0651,1.06541,1.00,1.50
2015.12.30 18:28:03.174,1.06501,1.0653,1.00,1.00
2015.12.30 18:28:03.427,1.06501,1.06538,1.00,1.00
2015.12.30 18:28:03.578,1.06503,1.06538,1.00,1.00
2015.12.30 18:28:03.680,1.06501,1.06538,1.00,1.00
2015.12.30 18:28:03.882,1.06503,1.06538,1.00,1.00
2015.12.30 18:28:11.638,1.06501,1.06538,1.00,1.00
2015.12.30 18:28:12.093,1.06504,1.06538,1.00,1.00
2015.12.30 18:28:12.447,1.06501,1.06538,1.00,1.50
2015.12.30 18:28:12.737,1.06501,1.06533,1.00,1.00
2015.12.30 18:28:12.789,1.06501,1.06538,1.00,1.50
2015.12.30 18:28:12.995,1.06501,1.06533,1.00,1.00
2015.12.30 18:28:13.096,1.06501,1.06536,1.00,1.00
2015.12.30 18:28:13.410,1.06501,1.06538,1.00,1.00
2015.12.30 18:28:13.929,1.06502,1.06538,1.00,1.00
2015.12.30 18:28:15.154,1.06504,1.06538,1.00,1.00
2015.12.30 18:28:20.153,1.06504,1.06538,1.67,1.00
2015.12.30 18:28:28.769,1.06502,1.06538,1.67,1.00
2015.12.30 18:28:38.778,1.06501,1.06538,2.17,1.00
2015.12.30 18:28:42.487,1.06501,1.06538,1.67,1.00
2015.12.30 18:28:42.774,1.06501,1.06536,1.00,1.00
2015.12.30 18:28:43.655,1.06501,1.06534,1.00,1.00
2015.12.30 18:28:43.959,1.06501,1.06532,1.00,1.00
2015.12.30 18:28:44.976,1.06501,1.06536,1.00,1.00
2015.12.30 18:28:45.330,1.06501,1.06538,1.00,1.50
2015.12.30 18:28:45.681,1.06501,1.06535,1.00,1.00
2015.12.30 18:28:47.283,1.06501,1.06538,1.00,1.00
2015.12.30 18:28:49.408,1.06501,1.06537,1.00,1.00
2015.12.30 18:29:03.128,1.06497,1.06537,1.00,1.00
2015.12.30 18:29:09.749,1.06497,1.06538,1.00,1.00
2015.12.30 18:29:14.667,1.06497,1.06539,1.50,1.00
2015.12.30 18:29:18.333,1.06497,1.06538,1.50,1.00
2015.12.30 18:29:24.900,1.06497,1.06539,1.50,1.00
2015.12.30 18:29:28.737,1.06497,1.06538,1.50,1.00
2015.12.30 18:29:38.984,1.06497,1.0654,1.50,1.00
2015.12.30 18:29:46.274,1.06497,1.06538,1.00,1.00
2015.12.30 18:29:55.260,1.06497,1.06539,1.00,1.00
2015.12.30 18:30:02.636,1.06497,1.06538,1.00,1.00
2015.12.30 18:30:09.329,1.06497,1.06534,1.00,1.00
2015.12.30 18:30:10.256,1.06496,1.0654,2.17,1.00
2015.12.30 18:30:12.559,1.06496,1.06538,2.17,1.00
2015.12.30 18:30:14.273,1.06496,1.06538,2.17,1.00
2015.12.30 18:30:22.241,1.06496,1.06537,2.17,1.00
2015.12.30 18:30:23.323,1.06496,1.0654,2.17,1.00
2015.12.30 18:30:23.867,1.06496,1.06537,2.17,1.00
2015.12.30 18:30:25.235,1.06496,1.06537,1.67,1.00
2015.12.30 18:30:25.740,1.06496,1.06538,1.67,1.00
2015.12.30 18:30:28.046,1.06496,1.06543,2.92,1.50
2015.12.30 18:30:28.330,1.06496,1.06538,2.17,1.00
2015.12.30 18:30:30.250,1.06496,1.06538,1.42,1.00
2015.12.30 18:30:30.802,1.06496,1.06537,1.42,1.00
2015.12.30 18:30:33.010,1.06496,1.06535,1.42,1.00
2015.12.30 18:30:34.224,1.06496,1.06537,1.42,1.00
2015.12.30 18:30:39.835,1.06497,1.06534,1.00,1.00
2015.12.30 18:30:40.339,1.06497,1.06533,1.00,1.00
2015.12.30 18:30:40.829,1.06496,1.06529,1.00,1.00
2015.12.30 18:30:41.040,1.06496,1.06531,1.00,1.50
2015.12.30 18:30:41.343,1.06496,1.06529,1.00,1.00
2015.12.30 18:30:41.494,1.06496,1.06532,1.00,1.00
2015.12.30 18:30:41.596,1.06496,1.0653,1.00,1.00
2015.12.30 18:30:41.798,1.06497,1.06532,1.00,1.00
2015.12.30 18:30:42.335,1.06497,1.0653,1.00,1.00
2015.12.30 18:30:42.438,1.06497,1.06532,1.00,1.00
2015.12.30 18:30:42.746,1.06497,1.0653,1.00,1.00
2015.12.30 18:30:42.898,1.06494,1.06529,1.00,1.00
2015.12.30 18:30:43.100,1.06497,1.06532,1.00,1.50
2015.12.30 18:30:49.390,1.06497,1.06528,1.00,1.00
2015.12.30 18:30:49.593,1.06497,1.06532,1.12,1.00
2015.12.30 18:30:49.846,1.065,1.06535,1.00,1.00
2015.12.30 18:30:52.957,1.06502,1.06535,1.00,1.00
2015.12.30 18:30:53.008,1.06506,1.06541,1.00,1.00
2015.12.30 18:30:53.059,1.0651,1.06541,1.00,1.00
2015.12.30 18:30:53.110,1.0651,1.06545,1.00,1.00
2015.12.30 18:31:02.754,1.06515,1.0655,1.00,1.50
2015.12.30 18:31:03.058,1.06515,1.06545,1.00,1.00
2015.12.30 18:31:04.590,1.06515,1.06548,1.00,1.00
2015.12.30 18:31:06.118,1.06515,1.0655,1.00,1.50
2015.12.30 18:31:06.320,1.06515,1.06548,1.50,1.00
2015.12.30 18:31:07.109,1.06515,1.06545,1.00,1.00
2015.12.30 18:31:10.064,1.06515,1.06548,1.00,1.50
2015.12.30 18:31:10.165,1.06515,1.0655,1.00,1.00
2015.12.30 18:31:12.484,1.06515,1.06548,1.00,1.00
2015.12.30 18:31:13.037,1.06515,1.06546,1.00,1.00
2015.12.30 18:31:15.547,1.06515,1.06548,1.00,1.00
2015.12.30 18:31:22.621,1.06515,1.0655,1.00,1.00
2015.12.30 18:31:22.975,1.06518,1.0655,1.00,1.00
2015.12.30 18:31:24.094,1.06516,1.0655,1.00,1.00
2015.12.30 18:31:24.596,1.06515,1.0655,1.50,1.00
2015.12.30 18:31:25.358,1.06516,1.0655,1.00,1.00
2015.12.30 18:31:26.475,1.06515,1.0655,1.00,1.00
2015.12.30 18:31:28.896,1.06516,1.0655,1.00,1.00
2015.12.30 18:31:32.049,1.06516,1.06545,1.00,1.00
2015.12.30 18:31:32.564,1.06515,1.06545,1.50,1.00
2015.12.30 18:31:32.957,1.06516,1.06548,1.00,1.00
2015.12.30 18:31:33.462,1.06517,1.06548,1.00,1.00
2015.12.30 18:31:39.007,1.06515,1.0655,1.50,1.00
2015.12.30 18:31:39.210,1.06517,1.0655,1.00,1.00
2015.12.30 18:31:39.623,1.06519,1.0655,1.00,1.00
2015.12.30 18:31:43.659,1.06519,1.06554,1.00,1.50
2015.12.30 18:31:51.235,1.06518,1.06554,1.00,1.50
2015.12.30 18:31:55.204,1.06519,1.06554,1.00,1.50
2015.12.30 18:32:09.450,1.06519,1.0655,1.00,1.00
2015.12.30 18:32:09.602,1.06516,1.06549,1.00,1.00
2015.12.30 18:32:09.932,1.06517,1.06547,1.00,1.00
2015.12.30 18:32:12.355,1.06517,1.06544,1.00,1.00
2015.12.30 18:32:14.395,1.06517,1.06546,1.00,1.00
2015.12.30 18:32:16.381,1.06517,1.06547,1.00,1.00
2015.12.30 18:32:16.735,1.06515,1.06547,1.00,1.00
2015.12.30 18:32:17.328,1.06517,1.06547,1.00,1.00
2015.12.30 18:32:19.703,1.06517,1.06548,1.00,1.00
2015.12.30 18:32:22.016,1.06515,1.06548,1.00,1.00
2015.12.30 18:32:22.663,1.06516,1.06548,1.00,1.00
2015.12.30 18:32:23.336,1.06517,1.06549,1.00,1.00
2015.12.30 18:32:23.388,1.06517,1.06551,1.50,1.00
2015.12.30 18:32:26.647,1.06517,1.0655,1.50,1.00
2015.12.30 18:32:28.284,1.0652,1.0655,1.00,1.00
2015.12.30 18:32:28.839,1.0652,1.06551,1.00,1.00
2015.12.30 18:32:28.940,1.06517,1.06551,1.00,1.00
2015.12.30 18:32:29.145,1.06519,1.06552,1.00,1.00
2015.12.30 18:32:29.623,1.0652,1.06556,1.00,1.00
2015.12.30 18:32:30.395,1.06522,1.06556,1.00,1.00
2015.12.30 18:32:31.885,1.06522,1.06554,1.00,1.00
2015.12.30 18:32:32.399,1.06521,1.06554,1.00,1.00
2015.12.30 18:32:32.905,1.0652,1.06556,1.00,1.00
2015.12.30 18:32:39.726,1.06522,1.06556,1.00,1.00
2015.12.30 18:32:40.298,1.0652,1.06556,1.50,1.00
2015.12.30 18:32:40.829,1.06521,1.06556,1.00,1.00
2015.12.30 18:32:41.930,1.0652,1.06556,1.00,1.00
2015.12.30 18:32:41.981,1.06525,1.06556,1.00,1.00
2015.12.30 18:32:42.284,1.0653,1.0656,1.00,1.67
2015.12.30 18:32:43.490,1.0653,1.0656,1.00,1.00
2015.12.30 18:32:43.592,1.06528,1.0656,1.00,1.00
2015.12.30 18:32:43.794,1.0653,1.0656,1.00,1.00
2015.12.30 18:32:50.502,1.0653,1.06565,1.00,1.00
2015.12.30 18:32:51.012,1.06531,1.06565,1.00,1.00
2015.12.30 18:32:51.919,1.06527,1.06561,1.87,1.00
2015.12.30 18:32:52.222,1.06531,1.06561,1.00,1.00
2015.12.30 18:32:52.772,1.0653,1.06561,1.00,1.00
2015.12.30 18:32:53.278,1.06531,1.06561,1.00,1.00
2015.12.30 18:32:58.867,1.0653,1.06561,1.00,1.00
2015.12.30 18:32:59.417,1.0653,1.0656,1.00,1.00
2015.12.30 18:32:59.922,1.06529,1.0656,1.00,1.00
2015.12.30 18:33:00.605,1.06529,1.06561,1.00,1.00
2015.12.30 18:33:00.910,1.06531,1.06561,1.00,1.00
2015.12.30 18:33:02.737,1.06533,1.06561,1.00,1.50
2015.12.30 18:33:03.141,1.06531,1.06561,1.00,1.00
2015.12.30 18:33:04.598,1.06529,1.06561,1.00,1.00
2015.12.30 18:33:04.800,1.06531,1.06561,1.00,1.00
2015.12.30 18:33:05.309,1.06531,1.06563,1.00,1.00
2015.12.30 18:33:10.200,1.06531,1.06564,1.00,1.42
2015.12.30 18:33:11.455,1.06532,1.06564,1.00,1.42
2015.12.30 18:33:13.188,1.0653,1.06564,1.00,1.00
2015.12.30 18:33:16.035,1.06529,1.06563,1.00,1.00
2015.12.30 18:33:18.136,1.06529,1.06561,1.00,1.00
2015.12.30 18:33:18.647,1.06529,1.0656,1.50,1.00
2015.12.30 18:33:19.152,1.06528,1.0656,1.00,1.00
2015.12.30 18:33:19.691,1.06528,1.06561,1.00,1.50
2015.12.30 18:33:20.356,1.0653,1.06561,1.00,1.50
2015.12.30 18:33:20.659,1.06528,1.06561,1.00,1.50
2015.12.30 18:33:21.342,1.0653,1.06561,1.00,1.00
2015.12.30 18:33:21.544,1.06528,1.06561,1.00,1.00
2015.12.30 18:33:21.905,1.0653,1.06561,1.00,1.00
2015.12.30 18:33:22.312,1.06528,1.06561,1.00,1.00
2015.12.30 18:33:22.762,1.06531,1.06561,1.00,1.00
2015.12.30 18:33:24.651,1.06533,1.06561,1.00,1.00
2015.12.30 18:33:27.354,1.0653,1.06561,1.00,1.00
2015.12.30 18:33:31.234,1.0653,1.0656,1.00,1.00
2015.12.30 18:33:32.753,1.06532,1.0656,1.00,1.00
2015.12.30 18:33:33.789,1.06532,1.06561,1.00,1.00
2015.12.30 18:33:34.294,1.06531,1.06561,1.00,1.00
2015.12.30 18:33:34.597,1.06533,1.06561,1.00,1.00
2015.12.30 18:33:34.755,1.06531,1.06561,1.00,1.00
2015.12.30 18:33:37.144,1.0653,1.06561,1.00,1.00
2015.12.30 18:33:37.197,1.06528,1.06561,1.00,1.00
2015.12.30 18:33:37.248,1.06531,1.06561,1.00,1.00
2015.12.30 18:33:37.299,1.06531,1.06564,1.00,1.00
2015.12.30 18:33:37.400,1.06534,1.06564,1.00,1.00
2015.12.30 18:33:37.602,1.06531,1.06564,1.50,1.00
2015.12.30 18:33:43.870,1.06533,1.06564,1.00,1.00
2015.12.30 18:33:48.278,1.06533,1.06567,1.00,1.42
2015.12.30 18:33:49.026,1.06534,1.06567,1.00,1.42
2015.12.30 18:33:49.409,1.06534,1.06569,1.50,1.00
2015.12.30 18:33:49.926,1.06534,1.0657,1.50,1.42
2015.12.30 18:33:57.489,1.06534,1.0657,1.00,1.67
2015.12.30 18:34:09.276,1.06534,1.0657,1.50,1.42
2015.12.30 18:34:50.165,1.06534,1.06572,1.50,1.42
2015.12.30 18:34:50.766,1.06534,1.06572,1.50,1.67
2015.12.30 18:34:55.721,1.06536,1.06572,1.00,1.67
2015.12.30 18:35:01.510,1.06536,1.0657,1.00,1.00
2015.12.30 18:35:05.875,1.06536,1.06571,1.00,1.42
2015.12.30 18:35:06.278,1.06534,1.06571,1.00,1.42
2015.12.30 18:35:06.783,1.06534,1.0657,1.00,1.00
2015.12.30 18:35:08.534,1.06534,1.06566,1.00,1.00
2015.12.30 18:35:10.774,1.06534,1.06567,1.00,1.00
2015.12.30 18:35:11.681,1.06531,1.06567,1.50,1.00
2015.12.30 18:35:16.412,1.06531,1.0657,1.50,2.17
2015.12.30 18:35:16.463,1.06531,1.0657,1.50,2.17
2015.12.30 18:35:16.766,1.06531,1.06562,1.50,1.00
2015.12.30 18:35:17.271,1.0653,1.06562,1.50,1.00
2015.12.30 18:35:17.374,1.0653,1.06566,1.50,1.50
2015.12.30 18:35:19.200,1.06532,1.06566,1.00,2.17
2015.12.30 18:35:19.679,1.06532,1.06563,1.00,1.00
2015.12.30 18:35:20.211,1.06531,1.06563,1.00,1.00
2015.12.30 18:35:21.246,1.06533,1.06565,1.00,1.00
2015.12.30 18:35:21.768,1.06532,1.06565,1.00,1.00
2015.12.30 18:35:23.023,1.06534,1.06565,1.00,1.00
2015.12.30 18:35:25.137,1.06533,1.06565,1.00,1.50
2015.12.30 18:35:25.675,1.06534,1.06564,1.12,1.00
2015.12.30 18:35:27.739,1.06534,1.06565,1.12,1.00
2015.12.30 18:35:34.867,1.06534,1.06562,1.00,1.00
2015.12.30 18:35:37.430,1.06534,1.06564,1.00,1.00
2015.12.30 18:35:37.632,1.06534,1.06566,1.00,1.42
2015.12.30 18:35:45.457,1.06534,1.06565,1.50,1.00
2015.12.30 18:35:47.315,1.06534,1.06564,1.50,1.00
2015.12.30 18:35:47.416,1.06532,1.06564,1.00,1.00
2015.12.30 18:35:47.568,1.0653,1.06563,2.25,1.00
2015.12.30 18:35:47.871,1.0653,1.06566,2.25,1.42
2015.12.30 18:35:50.603,1.0653,1.06564,2.25,1.00
2015.12.30 18:35:51.235,1.06534,1.06564,1.00,1.00
2015.12.30 18:35:55.778,1.06534,1.06565,1.00,1.00
2015.12.30 18:35:56.248,1.06534,1.06563,1.00,1.00
2015.12.30 18:35:57.440,1.06534,1.06562,1.00,1.00
2015.12.30 18:35:57.541,1.06534,1.06568,1.00,1.67
2015.12.30 18:35:58.542,1.06534,1.06564,1.87,1.00
2015.12.30 18:36:05.270,1.06536,1.06564,1.00,1.00
2015.12.30 18:36:09.884,1.06536,1.06569,1.00,1.50
2015.12.30 18:36:10.492,1.06535,1.06569,1.50,1.00
2015.12.30 18:36:15.578,1.06536,1.06569,1.00,1.00
2015.12.30 18:36:32.391,1.06536,1.06561,1.00,1.00
2015.12.30 18:36:32.443,1.0653,1.06563,1.00,1.00
2015.12.30 18:36:32.494,1.06525,1.0656,1.00,1.00
2015.12.30 18:36:32.646,1.06525,1.06557,1.50,1.00
2015.12.30 18:36:34.960,1.06525,1.06559,1.50,1.00
2015.12.30 18:36:41.549,1.06525,1.06558,1.50,1.00
2015.12.30 18:37:00.353,1.06525,1.06559,1.00,1.00
2015.12.30 18:37:10.238,1.06525,1.06557,1.00,1.00
2015.12.30 18:37:10.827,1.06525,1.06558,1.00,1.00
2015.12.30 18:37:11.131,1.06525,1.06556,1.00,1.00
2015.12.30 18:37:24.226,1.06525,1.06552,1.00,1.00
2015.12.30 18:37:24.580,1.06525,1.0655,1.00,1.00
2015.12.30 18:37:26.980,1.06521,1.0655,1.00,1.00
2015.12.30 18:37:28.461,1.06521,1.06552,1.00,1.50
2015.12.30 18:37:28.689,1.06521,1.0655,1.00,1.00
2015.12.30 18:37:35.344,1.06521,1.06546,1.00,1.00
2015.12.30 18:37:37.450,1.06521,1.06547,1.00,1.00
2015.12.30 18:37:39.512,1.06521,1.06546,1.00,1.00
2015.12.30 18:37:46.340,1.06521,1.06547,1.00,1.50
2015.12.30 18:37:51.360,1.06518,1.06547,1.00,1.50
2015.12.30 18:37:51.511,1.06514,1.06546,1.00,1.00
2015.12.30 18:37:57.239,1.06517,1.06552,1.37,1.67
2015.12.30 18:37:57.290,1.06519,1.06552,1.12,1.00
2015.12.30 18:37:57.442,1.06521,1.06556,1.37,2.17
2015.12.30 18:37:57.492,1.06521,1.06556,1.37,1.50
2015.12.30 18:38:14.414,1.06524,1.06556,1.00,1.00
2015.12.30 18:38:29.192,1.06524,1.0656,1.00,1.50
2015.12.30 18:38:34.406,1.06523,1.0656,1.75,1.50
2015.12.30 18:38:38.013,1.06524,1.06559,1.50,1.00
2015.12.30 18:38:39.778,1.06524,1.06558,1.50,1.00
2015.12.30 18:38:54.435,1.06523,1.06558,2.25,1.00
2015.12.30 18:38:59.363,1.06523,1.0656,1.50,1.50
2015.12.30 18:39:00.523,1.06523,1.0656,1.00,1.00
2015.12.30 18:39:00.822,1.06523,1.06558,1.00,1.00
2015.12.30 18:39:01.374,1.06523,1.06557,1.00,1.00
2015.12.30 18:39:16.655,1.06523,1.06557,1.00,1.67
2015.12.30 18:39:16.985,1.06523,1.06554,1.00,1.00
2015.12.30 18:39:28.726,1.06523,1.06556,1.00,1.00
2015.12.30 18:39:28.877,1.06523,1.06554,1.00,1.00
2015.12.30 18:39:29.180,1.06517,1.06554,2.25,1.00
2015.12.30 18:39:40.418,1.06517,1.06556,1.75,1.00
2015.12.30 18:39:44.113,1.06518,1.06556,1.00,1.00
2015.12.30 18:39:54.572,1.06517,1.06557,2.92,1.42
2015.12.30 18:39:56.479,1.06519,1.06557,1.00,1.00
2015.12.30 18:39:57.048,1.06519,1.06556,1.00,1.00
2015.12.30 18:39:58.893,1.06519,1.06557,1.00,1.00
2015.12.30 18:40:03.928,1.06519,1.06554,1.00,1.00
2015.12.30 18:40:04.144,1.06519,1.06557,1.75,1.00
2015.12.30 18:40:06.256,1.06519,1.06558,1.75,1.42
2015.12.30 18:40:08.460,1.06519,1.06556,1.75,1.00
2015.12.30 18:40:08.763,1.06519,1.06554,1.75,1.00
2015.12.30 18:40:11.559,1.06519,1.06556,1.75,1.00
2015.12.30 18:40:16.275,1.06519,1.0656,1.75,2.17
2015.12.30 18:40:16.477,1.06519,1.06556,1.75,1.00
2015.12.30 18:40:24.511,1.06529,1.06559,1.00,1.00
2015.12.30 18:40:24.612,1.06529,1.06563,1.00,1.05
2015.12.30 18:40:25.117,1.06529,1.06561,1.00,1.42
2015.12.30 18:40:25.621,1.06525,1.0656,1.00,1.00
2015.12.30 18:40:29.001,1.06525,1.06556,1.00,1.00
2015.12.30 18:40:33.111,1.06525,1.06557,1.00,1.00
2015.12.30 18:40:35.520,1.06525,1.06555,1.00,1.00
2015.12.30 18:40:37.908,1.06525,1.06554,1.00,1.00
2015.12.30 18:40:41.113,1.06525,1.0656,1.12,2.25
2015.12.30 18:40:42.932,1.06525,1.0656,1.87,1.00
2015.12.30 18:40:42.983,1.0653,1.06563,1.00,1.00
2015.12.30 18:40:44.096,1.06528,1.06561,1.00,1.00
2015.12.30 18:40:44.319,1.06526,1.06561,1.00,1.50
2015.12.30 18:40:44.974,1.06526,1.0656,1.00,1.00
2015.12.30 18:40:48.689,1.06526,1.06558,1.00,1.00
2015.12.30 18:40:49.140,1.06526,1.0656,1.00,1.50
2015.12.30 18:40:52.702,1.06526,1.06562,1.50,1.50
2015.12.30 18:40:53.808,1.06526,1.0656,1.50,1.00
2015.12.30 18:40:59.100,1.06526,1.06559,1.50,1.00
2015.12.30 18:41:03.768,1.06526,1.0656,1.50,1.00
2015.12.30 18:41:04.021,1.06532,1.06567,1.00,1.00
2015.12.30 18:41:05.000,1.06532,1.06564,1.12,1.00
2015.12.30 18:41:05.153,1.06529,1.06563,1.00,1.00
2015.12.30 18:41:05.306,1.06529,1.06559,1.00,1.00
2015.12.30 18:41:06.255,1.06525,1.06559,1.00,1.00
2015.12.30 18:41:06.306,1.06525,1.06556,1.00,1.00
2015.12.30 18:41:06.609,1.06522,1.06551,1.00,1.00
2015.12.30 18:41:08.825,1.06522,1.06553,1.00,1.00
2015.12.30 18:41:10.937,1.06522,1.06555,1.00,1.00
2015.12.30 18:41:12.941,1.06522,1.06555,1.00,2.17
2015.12.30 18:41:18.308,1.06522,1.06553,1.00,1.00
2015.12.30 18:41:23.026,1.06522,1.06551,1.00,1.00
2015.12.30 18:41:23.279,1.06522,1.06553,1.00,1.42
2015.12.30 18:41:24.277,1.06522,1.06548,1.00,1.00
2015.12.30 18:41:26.418,1.06522,1.06551,1.00,1.00
2015.12.30 18:41:28.838,1.06522,1.06552,1.00,1.00
2015.12.30 18:41:30.975,1.06522,1.06553,1.00,1.42
2015.12.30 18:41:32.480,1.06522,1.06556,1.00,1.67
2015.12.30 18:41:33.004,1.06522,1.06556,1.00,1.00
2015.12.30 18:41:38.342,1.06522,1.06555,1.00,1.00
2015.12.30 18:41:39.660,1.06522,1.06557,1.00,1.42
2015.12.30 18:41:40.187,1.06525,1.0656,1.00,1.67
2015.12.30 18:41:40.238,1.06521,1.06558,1.12,1.42
2015.12.30 18:41:41.182,1.06521,1.06558,1.80,1.00
2015.12.30 18:41:42.482,1.06526,1.06558,1.75,1.00
2015.12.30 18:41:47.288,1.06527,1.06558,1.00,1.00
2015.12.30 18:41:47.841,1.06526,1.06558,1.00,1.00
2015.12.30 18:41:49.347,1.06525,1.06558,1.80,1.00
2015.12.30 18:41:50.500,1.06525,1.06558,1.80,1.00
2015.12.30 18:42:00.806,1.06528,1.06558,1.05,1.00
2015.12.30 18:42:06.860,1.06525,1.06558,1.05,1.00
2015.12.30 18:42:08.861,1.06528,1.06558,1.42,1.00
2015.12.30 18:42:09.164,1.06527,1.06558,1.00,1.00
2015.12.30 18:42:09.669,1.06525,1.06558,1.42,1.00
2015.12.30 18:42:10.775,1.06526,1.06558,1.05,1.00
2015.12.30 18:42:11.761,1.06528,1.06558,2.17,1.00
2015.12.30 18:42:11.863,1.06528,1.0656,2.17,1.00
2015.12.30 18:42:13.753,1.06527,1.0656,1.05,1.00
2015.12.30 18:42:17.546,1.06527,1.0656,1.42,1.00
2015.12.30 18:42:18.941,1.06527,1.0656,1.05,1.00
2015.12.30 18:42:20.109,1.06523,1.06557,1.05,1.00
2015.12.30 18:42:26.616,1.06525,1.06557,1.42,1.00
2015.12.30 18:42:32.701,1.06526,1.06557,1.75,1.00
2015.12.30 18:42:33.068,1.06526,1.06557,1.00,1.00
2015.12.30 18:42:35.395,1.06524,1.06557,1.05,1.00
2015.12.30 18:42:46.544,1.06524,1.06557,1.05,1.00
2015.12.30 18:42:55.360,1.06529,1.06557,1.37,1.00
2015.12.30 18:42:55.411,1.06529,1.0656,1.75,1.00
2015.12.30 18:43:05.059,1.06532,1.06563,1.00,1.00
2015.12.30 18:43:05.111,1.06532,1.06567,1.00,2.17
2015.12.30 18:43:10.036,1.06532,1.06565,1.00,1.00
2015.12.30 18:43:10.543,1.06532,1.06564,1.00,1.00
2015.12.30 18:43:13.036,1.06532,1.06566,1.00,1.00
2015.12.30 18:43:19.318,1.06532,1.06565,1.00,1.00
2015.12.30 18:43:24.610,1.06532,1.06565,1.00,1.67
2015.12.30 18:43:24.711,1.06532,1.06562,1.00,1.00
2015.12.30 18:43:25.285,1.06532,1.06564,1.00,1.67
2015.12.30 18:43:25.597,1.06532,1.06561,1.00,1.00
2015.12.30 18:43:25.811,1.06532,1.06564,1.00,1.67
2015.12.30 18:43:29.664,1.06532,1.0656,1.00,1.00
2015.12.30 18:43:30.717,1.06532,1.06562,1.00,1.00
2015.12.30 18:43:31.071,1.06532,1.06559,1.00,1.00
2015.12.30 18:43:31.374,1.06524,1.06556,1.67,1.00
2015.12.30 18:43:31.627,1.06524,1.06556,1.00,1.00
2015.12.30 18:43:32.074,1.06524,1.0656,1.00,1.00
2015.12.30 18:43:42.616,1.06524,1.06559,1.00,1.00
2015.12.30 18:43:48.693,1.06524,1.06556,1.00,1.00
2015.12.30 18:43:50.940,1.06524,1.06558,1.00,1.00
2015.12.30 18:43:54.920,1.06524,1.06555,1.00,1.00
2015.12.30 18:44:03.901,1.06524,1.0655,1.00,1.00
2015.12.30 18:44:03.953,1.06522,1.0655,1.00,1.00
2015.12.30 18:44:04.004,1.06514,1.06549,1.80,1.00
2015.12.30 18:44:04.105,1.06514,1.06549,1.80,1.00
2015.12.30 18:44:04.156,1.06514,1.06543,1.67,1.00
2015.12.30 18:44:04.413,1.06514,1.06549,1.00,1.50
2015.12.30 18:44:04.917,1.06517,1.06552,1.00,1.00
2015.12.30 18:44:05.374,1.06517,1.06554,1.00,1.00
2015.12.30 18:44:11.386,1.06517,1.06551,1.00,1.00
2015.12.30 18:44:11.588,1.06514,1.06549,1.00,1.00
2015.12.30 18:44:11.639,1.06514,1.06546,1.00,1.00
2015.12.30 18:44:11.791,1.06514,1.06551,1.00,2.25
2015.12.30 18:44:11.892,1.06514,1.06549,1.00,1.00
2015.12.30 18:44:12.772,1.06514,1.06551,1.00,1.50
2015.12.30 18:44:18.360,1.06514,1.06549,1.12,1.00
2015.12.30 18:44:18.716,1.06514,1.06546,1.12,1.00
2015.12.30 18:44:19.019,1.06518,1.06552,1.00,1.50
2015.12.30 18:44:19.070,1.06513,1.0655,1.00,1.00
2015.12.30 18:44:19.575,1.06513,1.06547,1.00,1.00
2015.12.30 18:44:19.905,1.06518,1.06548,1.00,1.00
2015.12.30 18:44:20.363,1.06518,1.06551,1.00,1.00
2015.12.30 18:44:20.414,1.06515,1.0655,1.00,1.00
2015.12.30 18:44:20.465,1.06515,1.06546,1.00,1.00
2015.12.30 18:44:20.970,1.06515,1.06545,1.00,1.00
2015.12.30 18:44:21.021,1.06515,1.06548,1.00,1.00
2015.12.30 18:44:21.224,1.06515,1.06546,1.00,1.00
2015.12.30 18:44:21.978,1.06515,1.06549,1.00,1.00
2015.12.30 18:44:22.231,1.06515,1.06545,1.00,1.00
2015.12.30 18:44:22.434,1.06515,1.06548,1.00,1.00
2015.12.30 18:44:23.119,1.06515,1.06545,1.00,1.00
2015.12.30 18:44:23.536,1.06515,1.06548,1.00,1.00
2015.12.30 18:44:23.739,1.06515,1.06545,1.00,1.00
2015.12.30 18:44:25.497,1.06515,1.06547,1.00,1.00
2015.12.30 18:44:29.563,1.06515,1.06545,1.00,1.00
2015.12.30 18:44:31.784,1.06515,1.06547,1.00,1.00
2015.12.30 18:44:32.871,1.06515,1.06544,1.00,1.00
2015.12.30 18:44:33.176,1.06511,1.06543,1.00,1.00
2015.12.30 18:44:33.227,1.06511,1.0654,1.00,1.00
2015.12.30 18:44:33.431,1.06511,1.06542,1.00,1.00
2015.12.30 18:44:33.532,1.06511,1.0654,1.00,1.00
2015.12.30 18:44:33.964,1.06511,1.06542,1.00,1.00
2015.12.30 18:44:34.606,1.06504,1.06541,1.80,1.00
2015.12.30 18:44:36.445,1.06504,1.06541,1.80,1.00
2015.12.30 18:44:45.389,1.06504,1.0654,1.80,1.00
2015.12.30 18:44:46.828,1.06504,1.06541,1.80,1.50
2015.12.30 18:44:50.895,1.06508,1.06541,1.67,1.00
2015.12.30 18:44:51.047,1.06514,1.06546,1.05,1.00
2015.12.30 18:44:52.906,1.06514,1.06546,1.05,1.00
2015.12.30 18:44:53.505,1.06514,1.06546,1.05,1.00
2015.12.30 18:44:54.212,1.06514,1.06546,1.05,1.00
2015.12.30 18:45:02.823,1.06514,1.06546,1.05,1.00
2015.12.30 18:45:07.731,1.06514,1.06546,1.05,1.00
2015.12.30 18:45:12.852,1.06514,1.06546,1.05,1.00
2015.12.30 18:45:22.840,1.06515,1.06546,1.05,1.00
2015.12.30 18:45:23.571,1.06515,1.06546,1.05,1.00
2015.12.30 18:45:28.341,1.06518,1.06546,1.67,1.00
2015.12.30 18:45:32.501,1.06518,1.06546,1.67,1.00
2015.12.30 18:45:34.717,1.06518,1.0655,1.67,1.00
2015.12.30 18:45:34.818,1.06519,1.06552,1.67,1.00
2015.12.30 18:45:36.104,1.06519,1.06552,1.67,1.00
2015.12.30 18:45:36.624,1.06519,1.06552,1.67,1.00
2015.12.30 18:45:37.125,1.06519,1.06552,1.67,1.00
2015.12.30 18:45:47.225,1.06519,1.06553,1.67,1.00
2015.12.30 18:45:48.202,1.06519,1.06553,1.67,1.00
2015.12.30 18:45:50.210,1.06519,1.06554,1.67,1.00
2015.12.30 18:46:08.283,1.06519,1.06554,1.80,1.50
2015.12.30 18:46:18.470,1.06521,1.06554,2.55,1.00
2015.12.30 18:46:18.520,1.06522,1.06557,1.12,1.50
2015.12.30 18:46:18.685,1.06522,1.06557,1.12,1.37
2015.12.30 18:46:19.094,1.06522,1.06553,1.00,1.00
2015.12.30 18:46:21.452,1.06522,1.06554,1.00,1.00
2015.12.30 18:46:26.724,1.06522,1.06555,1.00,1.00
2015.12.30 18:46:26.977,1.06522,1.06559,1.00,2.55
2015.12.30 18:46:27.537,1.06522,1.06559,1.42,1.87
2015.12.30 18:46:27.829,1.06522,1.06555,1.42,1.00
2015.12.30 18:46:28.132,1.06522,1.06548,1.00,1.00
2015.12.30 18:46:28.284,1.06522,1.06553,1.00,1.00
2015.12.30 18:47:15.142,1.06522,1.06554,1.00,1.00
2015.12.30 18:47:18.582,1.06517,1.06554,1.67,1.00
2015.12.30 18:47:29.982,1.06516,1.06555,1.67,1.00
2015.12.30 18:47:30.512,1.06517,1.06551,1.67,1.00
2015.12.30 18:47:30.614,1.06516,1.06551,1.00,1.00
2015.12.30 18:47:31.326,1.06517,1.06551,1.00,1.00
2015.12.30 18:47:31.754,1.06517,1.06548,1.00,1.00
2015.12.30 18:47:32.057,1.06516,1.0655,1.00,1.00
2015.12.30 18:47:32.587,1.06517,1.06549,1.12,1.00
2015.12.30 18:47:32.638,1.06517,1.06551,1.50,1.00
2015.12.30 18:47:33.179,1.06517,1.06548,1.00,1.00
2015.12.30 18:47:33.288,1.06517,1.06551,1.00,1.00
2015.12.30 18:47:33.490,1.06516,1.06548,1.00,1.00
2015.12.30 18:47:33.592,1.06517,1.0655,1.00,1.00
2015.12.30 18:47:36.002,1.06516,1.0655,1.00,1.00
2015.12.30 18:47:36.426,1.06517,1.06548,1.00,1.00
2015.12.30 18:47:36.478,1.06517,1.06551,1.00,1.00
2015.12.30 18:47:37.033,1.06517,1.06548,1.00,1.00
2015.12.30 18:47:37.235,1.06517,1.06551,1.00,1.00
2015.12.30 18:47:39.115,1.06517,1.06548,1.00,1.00
2015.12.30 18:47:39.620,1.06516,1.06548,1.00,1.00
2015.12.30 18:47:41.627,1.06516,1.06553,1.00,1.00
2015.12.30 18:47:41.728,1.06516,1.06553,1.37,1.00
2015.12.30 18:47:42.131,1.06517,1.06551,1.12,1.00
2015.12.30 18:47:42.635,1.06517,1.0655,1.00,1.00
2015.12.30 18:47:43.493,1.06517,1.06549,1.00,1.00
2015.12.30 18:47:44.172,1.06517,1.0655,1.00,1.00
2015.12.30 18:47:47.017,1.06517,1.06548,1.00,1.00
2015.12.30 18:47:49.588,1.06517,1.0655,1.00,1.00
2015.12.30 18:47:50.182,1.06517,1.06549,1.00,1.00
2015.12.30 18:47:50.345,1.06517,1.06551,1.00,1.00
2015.12.30 18:47:51.656,1.06517,1.0655,1.00,1.00
2015.12.30 18:47:52.203,1.06516,1.0655,1.00,1.00
2015.12.30 18:47:56.141,1.06516,1.06551,1.42,1.00
2015.12.30 18:48:00.174,1.06517,1.06551,1.00,1.00
2015.12.30 18:48:04.766,1.06516,1.06551,1.42,1.00
2015.12.30 18:48:06.289,1.06517,1.06551,1.00,1.00
2015.12.30 18:48:06.798,1.06516,1.06551,1.00,1.00
2015.12.30 18:48:09.263,1.06516,1.06549,1.00,1.00
2015.12.30 18:48:09.768,1.06517,1.06549,1.00,1.00
2015.12.30 18:48:11.321,1.06517,1.06553,1.00,1.00
2015.12.30 18:48:11.423,1.06519,1.06553,1.00,1.00
2015.12.30 18:48:11.575,1.06519,1.06558,1.75,1.00
2015.12.30 18:48:14.097,1.0652,1.06558,1.05,1.00
2015.12.30 18:48:14.198,1.06516,1.06554,3.30,1.00
2015.12.30 18:48:14.652,1.06517,1.0655,1.67,1.00
2015.12.30 18:48:14.890,1.06517,1.06555,1.42,1.12
2015.12.30 18:48:14.992,1.06517,1.06551,1.42,1.00
2015.12.30 18:48:15.298,1.06516,1.06555,1.67,1.12
2015.12.30 18:48:15.550,1.06517,1.06551,1.42,1.00
2015.12.30 18:48:15.652,1.06517,1.06553,1.42,1.00
2015.12.30 18:48:16.156,1.06517,1.06552,1.42,1.00
2015.12.30 18:48:18.165,1.0652,1.06555,1.00,1.00
2015.12.30 18:48:18.670,1.0652,1.06556,1.00,1.00
2015.12.30 18:48:19.275,1.0652,1.06557,1.00,1.00
2015.12.30 18:48:28.551,1.0652,1.06557,1.67,1.00
2015.12.30 18:48:38.483,1.06519,1.06557,1.05,1.42
2015.12.30 18:48:45.330,1.06519,1.06556,1.05,1.00
2015.12.30 18:48:49.128,1.06519,1.06555,1.05,1.00
2015.12.30 18:48:52.521,1.06517,1.06555,1.00,1.00
2015.12.30 18:48:52.675,1.0652,1.06554,1.00,1.00
2015.12.30 18:48:52.827,1.0652,1.06557,1.00,1.00
2015.12.30 18:48:52.878,1.06518,1.06557,1.00,1.00
2015.12.30 18:48:52.929,1.06518,1.06557,1.37,1.00
2015.12.30 18:48:53.132,1.06517,1.06554,1.00,1.00
2015.12.30 18:48:54.761,1.06516,1.06554,1.12,1.00
2015.12.30 18:48:55.534,1.06517,1.06554,1.00,1.00
2015.12.30 18:49:04.775,1.06516,1.06554,1.42,1.00
2015.12.30 18:49:04.826,1.06516,1.06554,1.67,1.00
2015.12.30 18:49:12.337,1.06517,1.06554,1.67,1.00
2015.12.30 18:49:12.870,1.06517,1.06555,1.67,1.00
2015.12.30 18:49:14.479,1.06517,1.06556,1.67,1.00
2015.12.30 18:49:14.883,1.06517,1.06556,1.00,1.00
2015.12.30 18:49:17.911,1.06517,1.06555,1.00,1.00
2015.12.30 18:49:20.084,1.06516,1.06555,1.42,1.00
2015.12.30 18:49:24.898,1.06516,1.06555,1.67,1.00
2015.12.30 18:49:27.258,1.06516,1.06553,1.67,1.00
2015.12.30 18:49:34.783,1.06517,1.06553,1.42,1.00
2015.12.30 18:49:43.330,1.06517,1.06553,1.00,1.67
2015.12.30 18:49:43.679,1.0652,1.06548,1.00,1.00
2015.12.30 18:49:43.730,1.06513,1.06547,1.00,1.00
2015.12.30 18:49:44.285,1.06513,1.06549,1.00,1.00
2015.12.30 18:49:44.639,1.06513,1.06546,1.00,1.00
2015.12.30 18:49:45.143,1.06513,1.06547,1.00,1.00
2015.12.30 18:49:45.965,1.06513,1.06545,1.00,1.00
2015.12.30 18:49:46.167,1.06513,1.06547,1.00,1.00
2015.12.30 18:49:46.470,1.06513,1.06545,1.00,1.00
2015.12.30 18:49:47.026,1.06513,1.06544,1.00,1.00
2015.12.30 18:49:47.395,1.06511,1.06543,1.42,1.00
2015.12.30 18:49:47.497,1.06505,1.06541,1.67,1.00
2015.12.30 18:49:47.800,1.06505,1.06536,1.67,1.00
2015.12.30 18:49:47.851,1.06505,1.06536,1.00,1.00
2015.12.30 18:49:48.053,1.06505,1.06539,1.00,1.00
2015.12.30 18:49:48.457,1.06505,1.06541,1.00,1.00
2015.12.30 18:49:48.710,1.06505,1.06537,1.00,1.00
2015.12.30 18:49:50.895,1.06505,1.06542,1.00,1.50
2015.12.30 18:49:57.821,1.06505,1.06539,1.00,1.00
2015.12.30 18:49:58.124,1.06502,1.06531,1.00,1.00
2015.12.30 18:50:01.335,1.06502,1.06533,1.00,1.00
2015.12.30 18:50:12.886,1.06502,1.06536,1.00,1.00
2015.12.30 18:50:29.790,1.06502,1.06539,2.25,1.50
2015.12.30 18:50:29.892,1.06502,1.06539,1.00,1.50
2015.12.30 18:50:29.943,1.06502,1.06534,1.00,1.00
2015.12.30 18:50:30.701,1.06502,1.06538,1.12,1.00
2015.12.30 18:50:32.021,1.06502,1.06539,1.12,1.50
2015.12.30 18:50:33.460,1.06502,1.06537,1.12,1.00
2015.12.30 18:50:40.391,1.06502,1.06539,1.12,1.50
2015.12.30 18:50:48.871,1.06502,1.06537,2.55,1.00
2015.12.30 18:50:53.019,1.06502,1.06538,1.87,1.00
2015.12.30 18:50:54.368,1.06502,1.06538,1.87,1.00
2015.12.30 18:50:58.299,1.06503,1.0654,1.37,1.00
2015.12.30 18:50:59.655,1.06503,1.06542,1.37,1.00
2015.12.30 18:50:59.874,1.06506,1.06542,1.00,1.00
2015.12.30 18:51:00.226,1.06504,1.06542,1.05,1.00
2015.12.30 18:51:04.301,1.06504,1.06542,1.05,1.00
2015.12.30 18:51:05.275,1.06504,1.0654,1.05,1.00
2015.12.30 18:51:05.780,1.06506,1.06541,1.42,1.00
2015.12.30 18:51:14.315,1.06506,1.06541,1.67,1.00
2015.12.30 18:51:18.028,1.06506,1.06542,1.67,1.00
2015.12.30 18:51:19.382,1.06506,1.06542,1.42,1.00
2015.12.30 18:51:24.202,1.06503,1.06542,1.67,1.00
2015.12.30 18:51:31.348,1.06504,1.06542,1.67,1.00
2015.12.30 18:51:34.261,1.06504,1.06542,1.67,1.00
2015.12.30 18:51:34.762,1.06504,1.06541,1.67,1.00
2015.12.30 18:51:37.244,1.06504,1.06541,1.67,1.00
2015.12.30 18:51:40.461,1.06505,1.06542,1.67,1.00
2015.12.30 18:51:43.576,1.06505,1.06542,1.00,1.00
2015.12.30 18:51:44.104,1.06504,1.06542,2.17,1.00
2015.12.30 18:51:44.512,1.06504,1.06542,2.17,1.00
2015.12.30 18:51:45.158,1.06504,1.06542,2.17,1.00
2015.12.30 18:51:46.815,1.06504,1.06541,2.17,1.00
2015.12.30 18:51:47.366,1.06506,1.06541,1.00,1.00
2015.12.30 18:51:54.647,1.06504,1.06541,1.67,1.00
2015.12.30 18:51:59.853,1.06504,1.06542,2.17,1.00
2015.12.30 18:52:00.373,1.06504,1.06541,2.17,1.00
2015.12.30 18:52:03.212,1.06504,1.06539,2.17,1.00
2015.12.30 18:52:04.388,1.06504,1.06539,1.42,1.00
2015.12.30 18:52:05.593,1.06503,1.06539,1.42,1.00
2015.12.30 18:52:09.945,1.06504,1.06539,1.00,1.00
2015.12.30 18:52:10.366,1.06506,1.06539,1.00,1.00
2015.12.30 18:52:14.891,1.06506,1.06539,1.67,1.00
2015.12.30 18:52:21.822,1.06503,1.06543,2.17,1.50
2015.12.30 18:52:23.788,1.06504,1.0654,1.67,1.00
2015.12.30 18:52:24.143,1.06499,1.06541,2.17,1.00
2015.12.30 18:52:24.368,1.06499,1.06539,1.67,1.00
2015.12.30 18:52:24.519,1.06499,1.06539,1.67,1.00
2015.12.30 18:52:25.127,1.06497,1.06539,1.67,1.00
2015.12.30 18:52:25.531,1.06497,1.06539,1.67,1.00
2015.12.30 18:52:26.233,1.06497,1.06539,2.17,1.00
2015.12.30 18:52:26.645,1.06497,1.06537,1.67,1.00
2015.12.30 18:52:26.949,1.06497,1.06534,1.00,1.00
2015.12.30 18:52:27.100,1.06496,1.06532,1.42,1.00
2015.12.30 18:52:27.207,1.06496,1.06535,1.42,1.00
2015.12.30 18:52:27.409,1.06497,1.06533,1.00,1.00
2015.12.30 18:52:27.927,1.06497,1.06531,1.00,1.00
2015.12.30 18:52:28.250,1.06497,1.06527,1.00,1.00
2015.12.30 18:52:31.049,1.06497,1.06528,1.00,1.00
2015.12.30 18:52:31.582,1.06497,1.06527,1.00,1.00
2015.12.30 18:52:33.005,1.06494,1.06527,1.00,1.00
2015.12.30 18:52:35.805,1.06494,1.06528,1.00,1.00
2015.12.30 18:52:39.815,1.06494,1.06529,1.00,1.50
2015.12.30 18:52:45.006,1.06494,1.06528,1.00,1.00
2015.12.30 18:52:46.241,1.06494,1.06529,1.00,1.00
2015.12.30 18:52:47.094,1.06494,1.06528,1.00,1.00
2015.12.30 18:52:49.554,1.06494,1.06529,1.00,1.00
2015.12.30 18:53:01.320,1.06494,1.06528,1.00,1.00
2015.12.30 18:53:09.341,1.06494,1.06522,1.00,1.00
2015.12.30 18:53:09.443,1.06494,1.06526,1.00,1.00
2015.12.30 18:53:12.961,1.06494,1.06529,1.00,1.00
2015.12.30 18:53:13.501,1.06497,1.06532,1.00,1.00
2015.12.30 18:53:15.984,1.06497,1.06532,2.17,1.00
2015.12.30 18:53:19.122,1.06497,1.06532,2.17,1.00
2015.12.30 18:53:19.657,1.06497,1.06532,2.17,1.00
2015.12.30 18:53:24.564,1.06497,1.06532,2.17,1.00
2015.12.30 18:53:24.966,1.06497,1.06532,1.67,1.00
2015.12.30 18:53:25.549,1.06497,1.06532,1.67,1.50
2015.12.30 18:53:26.822,1.06497,1.06532,1.00,1.50
2015.12.30 18:53:28.077,1.06495,1.0653,1.67,1.00
2015.12.30 18:53:28.834,1.06495,1.0653,1.42,1.00
2015.12.30 18:53:32.852,1.06495,1.06529,1.00,1.00
2015.12.30 18:53:35.157,1.06495,1.0653,1.00,1.50
2015.12.30 18:53:35.695,1.06495,1.06529,1.00,1.00
2015.12.30 18:53:37.820,1.06495,1.0653,1.00,1.00
2015.12.30 18:53:48.507,1.06495,1.06529,1.00,1.00
2015.12.30 18:53:50.584,1.06495,1.0653,1.00,1.50
2015.12.30 18:53:56.421,1.06495,1.06529,1.00,1.00
2015.12.30 18:54:00.613,1.06495,1.06528,1.00,1.00
2015.12.30 18:54:16.761,1.06495,1.0653,1.00,1.00
2015.12.30 18:54:17.983,1.06495,1.06528,1.00,1.00
2015.12.30 18:54:28.073,1.06489,1.06528,1.67,1.00
2015.12.30 18:54:30.302,1.06489,1.06528,1.67,1.00
2015.12.30 18:54:34.036,1.0649,1.06529,1.67,1.00
2015.12.30 18:54:42.174,1.0649,1.0653,1.67,1.00
2015.12.30 18:54:44.261,1.06491,1.06531,1.42,1.00
2015.12.30 18:54:55.132,1.0649,1.06528,1.67,1.00
2015.12.30 18:55:00.084,1.0649,1.0653,1.67,1.00
2015.12.30 18:55:00.639,1.0649,1.06531,1.67,1.00
2015.12.30 18:55:03.106,1.0649,1.06531,1.67,1.00
2015.12.30 18:55:05.772,1.0649,1.06531,1.67,1.00
2015.12.30 18:55:07.095,1.0649,1.06531,1.67,1.00
2015.12.30 18:55:09.114,1.0649,1.06532,1.67,1.00
2015.12.30 18:55:33.336,1.06489,1.06533,1.67,1.00
2015.12.30 18:55:36.047,1.0649,1.06531,1.67,1.00
2015.12.30 18:55:41.545,1.0649,1.0653,1.67,1.00
2015.12.30 18:55:44.422,1.06497,1.06535,1.00,1.00
2015.12.30 18:55:44.477,1.06501,1.06536,1.00,1.00
2015.12.30 18:55:45.006,1.06501,1.06537,1.00,1.00
2015.12.30 18:55:45.714,1.06504,1.06537,1.00,1.00
2015.12.30 18:55:46.973,1.06504,1.06537,1.67,1.00
2015.12.30 18:55:51.162,1.06507,1.06544,1.00,1.00
2015.12.30 18:55:51.349,1.06507,1.06544,1.67,1.00
2015.12.30 18:56:01.466,1.06507,1.06544,1.67,1.00
2015.12.30 18:56:22.233,1.06507,1.06544,1.67,1.00
2015.12.30 18:56:31.330,1.06507,1.06544,1.67,1.00
2015.12.30 18:56:32.866,1.06505,1.0654,1.67,1.00
2015.12.30 18:56:32.967,1.06509,1.06544,1.00,1.50
2015.12.30 18:56:40.874,1.06507,1.06544,1.67,1.50
2015.12.30 18:56:49.023,1.06507,1.06544,1.42,1.00
2015.12.30 18:56:49.175,1.06507,1.06544,1.67,1.00
2015.12.30 18:56:59.229,1.06507,1.06544,1.67,1.00
2015.12.30 18:57:11.267,1.06505,1.0654,1.67,1.00
2015.12.30 18:57:13.938,1.06505,1.0654,1.67,1.00
2015.12.30 18:57:21.168,1.06507,1.06544,1.67,1.00
2015.12.30 18:57:24.334,1.06513,1.06546,1.00,1.00
2015.12.30 18:57:24.435,1.06516,1.06551,1.00,1.00
2015.12.30 18:57:29.032,1.06516,1.0655,1.00,1.00
2015.12.30 18:57:37.006,1.06516,1.06548,1.00,1.00
2015.12.30 18:57:53.232,1.06516,1.06547,1.00,1.00
2015.12.30 18:57:56.752,1.06516,1.06548,1.00,1.00
2015.12.30 18:58:05.968,1.06516,1.06549,1.00,1.00
2015.12.30 18:58:11.473,1.06516,1.06548,1.00,1.00
2015.12.30 18:58:24.553,1.06507,1.06548,1.67,1.00
2015.12.30 18:58:28.858,1.06507,1.06551,1.67,1.00
2015.12.30 18:58:30.203,1.06507,1.06548,1.67,1.00
2015.12.30 18:58:30.709,1.06507,1.06548,1.67,1.00
2015.12.30 18:58:37.431,1.06507,1.0655,1.67,1.00
2015.12.30 18:58:40.560,1.06506,1.0655,2.17,1.00
2015.12.30 18:58:48.845,1.06506,1.0655,2.17,1.00
2015.12.30 18:58:52.078,1.06508,1.0655,1.67,1.00
2015.12.30 18:58:52.180,1.06509,1.06554,1.67,1.00
2015.12.30 18:58:54.354,1.06511,1.06554,1.67,1.00
2015.12.30 18:58:55.372,1.06511,1.06552,1.67,1.00
2015.12.30 18:58:56.781,1.06511,1.06552,1.67,1.00
2015.12.30 18:58:57.034,1.06518,1.06553,1.00,1.00
2015.12.30 18:58:57.380,1.06515,1.06546,1.00,1.00
2015.12.30 18:58:57.482,1.06515,1.0655,1.00,1.50
2015.12.30 18:58:58.597,1.06515,1.06546,1.00,1.00
2015.12.30 18:58:59.140,1.06515,1.06548,1.00,1.00
2015.12.30 18:58:59.792,1.06515,1.06545,1.00,1.00
2015.12.30 18:59:01.097,1.06515,1.06548,1.00,1.00
2015.12.30 18:59:02.527,1.06515,1.06549,1.00,1.00
2015.12.30 18:59:03.055,1.06515,1.0655,1.00,1.50
2015.12.30 18:59:09.485,1.06515,1.06549,1.42,1.00
2015.12.30 18:59:11.888,1.06515,1.0655,1.42,1.00
2015.12.30 18:59:19.714,1.06515,1.0655,1.67,1.00
2015.12.30 18:59:21.609,1.06515,1.0655,1.00,1.00
2015.12.30 18:59:26.163,1.06515,1.0655,1.67,1.00
2015.12.30 18:59:32.652,1.06515,1.0655,1.42,1.00
2015.12.30 18:59:36.181,1.06515,1.0655,1.67,1.00
2015.12.30 18:59:40.461,1.0652,1.06555,1.00,1.00
2015.12.30 18:59:40.970,1.0652,1.06555,1.67,1.00
2015.12.30 18:59:41.749,1.06517,1.06552,1.00,1.00
2015.12.30 18:59:55.412,1.06517,1.06552,1.67,1.00
2015.12.30 18:59:55.645,1.0652,1.06557,1.00,1.00
2015.12.30 18:59:57.485,1.0652,1.06557,1.67,1.00
