2012.10.23 03:00:00.366,1.26311,1.26329,1.50,1.32
2012.10.23 03:00:00.888,1.26311,1.26328,1.50,1.32
2012.10.23 03:00:01.378,1.26312,1.26327,1.50,1.32
2012.10.23 03:00:02.105,1.26312,1.26328,1.50,1.32
2012.10.23 03:00:02.834,1.26303,1.26328,2.37,1.32
2012.10.23 03:00:03.344,1.26302,1.26328,2.37,1.32
2012.10.23 03:00:06.285,1.26303,1.26328,2.37,1.32
2012.10.23 03:00:09.456,1.26304,1.26329,1.62,1.69
2012.10.23 03:00:10.156,1.26306,1.26329,1.62,1.13
2012.10.23 03:00:10.444,1.26306,1.26329,1.62,1.69
2012.10.23 03:00:13.006,1.26307,1.26329,1.62,1.13
2012.10.23 03:00:14.317,1.26307,1.26329,1.62,1.13
2012.10.23 03:00:14.386,1.26307,1.2633,1.62,1.13
2012.10.23 03:00:14.446,1.26307,1.2633,2.37,1.13
2012.10.23 03:00:14.564,1.26307,1.26335,2.37,1.32
2012.10.23 03:00:15.075,1.26308,1.26335,2.37,1.32
2012.10.23 03:00:15.596,1.26312,1.26336,1.62,1.13
2012.10.23 03:00:15.865,1.26312,1.26337,1.50,2.25
2012.10.23 03:00:16.225,1.26312,1.26337,1.50,2.25
2012.10.23 03:00:16.905,1.26312,1.26335,1.50,1.13
2012.10.23 03:00:16.967,1.26307,1.26333,2.25,1.32
2012.10.23 03:00:17.096,1.26307,1.26333,1.50,1.32
2012.10.23 03:00:17.667,1.26308,1.26333,1.50,1.32
2012.10.23 03:00:18.273,1.26307,1.26333,1.50,1.32
2012.10.23 03:00:18.786,1.26308,1.26333,1.50,1.32
2012.10.23 03:00:22.177,1.26307,1.26333,1.50,1.32
2012.10.23 03:00:22.791,1.26308,1.26333,1.50,1.32
2012.10.23 03:00:23.449,1.26307,1.26333,1.50,1.32
2012.10.23 03:00:29.623,1.26308,1.26333,1.50,1.32
2012.10.23 03:00:30.327,1.26301,1.26333,3.00,1.32
2012.10.23 03:00:31.505,1.26301,1.26333,3.00,1.32
2012.10.23 03:00:32.756,1.26305,1.26333,1.13,1.32
2012.10.23 03:00:32.827,1.26305,1.26333,1.13,1.32
2012.10.23 03:00:32.997,1.26304,1.26333,1.13,1.32
2012.10.23 03:00:36.189,1.26301,1.26333,3.00,1.32
2012.10.23 03:00:36.255,1.26301,1.26333,3.00,1.32
2012.10.23 03:00:36.427,1.26303,1.26333,1.13,1.32
2012.10.23 03:00:38.408,1.26304,1.26333,1.04,1.32
2012.10.23 03:00:38.607,1.26303,1.26333,1.04,1.32
2012.10.23 03:00:42.751,1.26303,1.26333,1.13,1.32
2012.10.23 03:00:43.316,1.26303,1.26333,1.13,1.32
2012.10.23 03:00:44.835,1.26303,1.26332,1.13,1.32
2012.10.23 03:00:51.209,1.26303,1.26333,1.13,1.32
2012.10.23 03:00:53.044,1.26303,1.26333,1.13,1.32
2012.10.23 03:00:53.555,1.26303,1.26333,1.13,1.32
2012.10.23 03:00:55.035,1.26303,1.26333,1.13,1.32
2012.10.23 03:00:56.718,1.26302,1.26333,2.25,1.32
2012.10.23 03:00:56.965,1.26301,1.26333,3.00,1.32
2012.10.23 03:00:58.946,1.26302,1.26333,1.50,1.32
2012.10.23 03:00:59.936,1.26301,1.26333,3.00,1.32
2012.10.23 03:01:03.165,1.26301,1.26333,3.00,1.32
2012.10.23 03:01:05.916,1.263,1.26333,2.25,2.07
2012.10.23 03:01:07.187,1.26299,1.26328,2.25,1.13
2012.10.23 03:01:07.885,1.26301,1.26328,1.50,1.69
2012.10.23 03:01:09.895,1.26299,1.26328,2.25,1.69
2012.10.23 03:01:12.189,1.26301,1.26328,1.50,3.00
2012.10.23 03:01:12.316,1.26302,1.26328,2.25,1.13
2012.10.23 03:01:12.495,1.26302,1.26334,2.25,3.00
2012.10.23 03:01:12.555,1.26303,1.26334,1.13,3.00
2012.10.23 03:01:12.977,1.26305,1.26334,1.50,1.69
2012.10.23 03:01:16.926,1.26305,1.26339,1.79,1.13
2012.10.23 03:01:17.500,1.26307,1.2634,1.50,2.44
2012.10.23 03:01:18.585,1.26308,1.2634,1.04,3.75
2012.10.23 03:01:18.765,1.26306,1.26338,1.04,1.32
2012.10.23 03:01:19.246,1.26303,1.26338,1.13,2.07
2012.10.23 03:01:19.775,1.26304,1.26338,1.50,1.32
2012.10.23 03:01:22.828,1.26304,1.26338,1.50,1.32
2012.10.23 03:01:23.646,1.26306,1.26339,1.13,1.69
2012.10.23 03:01:24.808,1.26307,1.2634,1.32,1.13
2012.10.23 03:01:24.968,1.26307,1.26343,1.32,1.32
2012.10.23 03:01:25.155,1.26307,1.26343,1.32,2.07
2012.10.23 03:01:25.492,1.26313,1.26343,1.13,2.82
2012.10.23 03:01:25.734,1.26313,1.26345,1.13,1.88
2012.10.23 03:01:26.954,1.26315,1.26346,1.32,2.07
2012.10.23 03:01:27.135,1.26314,1.26346,1.60,2.25
2012.10.23 03:01:27.628,1.26313,1.26343,1.69,1.50
2012.10.23 03:01:29.435,1.26302,1.26334,1.50,2.63
2012.10.23 03:01:29.635,1.26302,1.26334,2.25,1.88
2012.10.23 03:01:29.815,1.26303,1.26338,1.32,2.25
2012.10.23 03:01:30.037,1.26303,1.26339,1.32,3.57
2012.10.23 03:01:50.885,1.26303,1.26339,2.07,3.57
2012.10.23 03:01:51.245,1.26302,1.26329,2.07,1.13
2012.10.23 03:01:55.378,1.26302,1.26329,1.50,1.13
2012.10.23 03:02:03.227,1.26298,1.26329,2.25,1.13
2012.10.23 03:02:24.515,1.26301,1.26329,2.25,1.13
2012.10.23 03:02:39.697,1.263,1.26329,1.50,1.13
2012.10.23 03:02:43.646,1.26301,1.26329,1.13,1.13
2012.10.23 03:02:43.706,1.26301,1.26331,2.25,1.50
2012.10.23 03:02:43.825,1.26302,1.26339,1.69,2.25
2012.10.23 03:02:43.885,1.26303,1.26339,1.50,1.50
2012.10.23 03:02:44.426,1.26311,1.26341,1.50,1.13
2012.10.23 03:02:46.044,1.26311,1.26342,1.50,1.50
2012.10.23 03:02:46.567,1.26311,1.26344,1.50,1.13
2012.10.23 03:02:51.867,1.26311,1.26342,1.50,1.50
2012.10.23 03:02:52.415,1.26309,1.2634,2.25,1.32
2012.10.23 03:02:53.688,1.26311,1.26346,1.50,1.50
2012.10.23 03:02:53.755,1.26311,1.26347,1.50,1.50
2012.10.23 03:02:58.376,1.26311,1.26342,1.50,1.13
2012.10.23 03:02:58.735,1.26308,1.2634,2.25,1.32
2012.10.23 03:03:10.650,1.2631,1.26342,2.25,1.50
2012.10.23 03:03:11.244,1.2631,1.26342,2.25,1.50
2012.10.23 03:03:13.834,1.26308,1.2634,2.25,1.32
2012.10.23 03:03:20.796,1.26308,1.26334,2.25,1.13
2012.10.23 03:03:21.158,1.26308,1.26332,2.25,1.32
2012.10.23 03:03:21.366,1.26309,1.26332,1.50,1.32
2012.10.23 03:03:21.934,1.26308,1.26332,1.50,1.32
2012.10.23 03:03:22.976,1.26309,1.26332,1.50,1.32
2012.10.23 03:03:23.355,1.26302,1.26332,2.25,1.32
2012.10.23 03:03:29.606,1.26301,1.26328,2.25,1.88
2012.10.23 03:03:29.928,1.26302,1.26319,1.50,1.13
2012.10.23 03:03:30.115,1.26302,1.26324,1.50,1.13
2012.10.23 03:03:30.176,1.26301,1.26327,1.50,2.25
2012.10.23 03:03:30.238,1.26301,1.26327,1.50,1.88
2012.10.23 03:03:30.366,1.26301,1.26325,1.50,1.50
2012.10.23 03:03:30.627,1.26301,1.26324,1.50,1.88
2012.10.23 03:03:30.697,1.26301,1.26324,1.50,1.88
2012.10.23 03:03:31.230,1.26301,1.26324,1.50,1.88
2012.10.23 03:03:31.741,1.26302,1.26324,1.50,1.88
2012.10.23 03:03:33.525,1.26301,1.26323,1.50,1.32
2012.10.23 03:03:34.244,1.26302,1.26323,1.50,1.32
2012.10.23 03:03:40.584,1.26298,1.26323,2.25,1.32
2012.10.23 03:04:16.996,1.26298,1.26323,1.50,1.69
2012.10.23 03:04:17.203,1.26298,1.26323,2.25,1.69
2012.10.23 03:04:19.347,1.26299,1.26319,1.50,1.50
2012.10.23 03:04:19.886,1.26298,1.26316,1.50,2.07
2012.10.23 03:04:20.465,1.26299,1.26316,1.50,2.07
2012.10.23 03:04:23.172,1.26298,1.26316,1.50,2.07
2012.10.23 03:04:24.145,1.26298,1.26319,1.50,1.88
2012.10.23 03:04:24.206,1.26299,1.26323,1.50,1.32
2012.10.23 03:04:24.689,1.26295,1.26323,2.25,1.32
2012.10.23 03:04:24.756,1.26297,1.26325,1.50,1.88
2012.10.23 03:04:28.878,1.26297,1.26326,1.50,1.13
2012.10.23 03:04:29.006,1.26299,1.26331,1.50,1.13
2012.10.23 03:04:29.185,1.26296,1.26329,1.50,1.32
2012.10.23 03:04:29.365,1.26297,1.26328,1.50,1.50
2012.10.23 03:04:29.905,1.26299,1.26329,1.04,2.07
2012.10.23 03:04:31.386,1.26299,1.26329,1.88,1.50
2012.10.23 03:04:31.715,1.263,1.26334,1.32,2.25
2012.10.23 03:04:33.264,1.263,1.26333,1.60,1.50
2012.10.23 03:04:34.147,1.26301,1.26331,1.04,1.32
2012.10.23 03:04:34.216,1.26299,1.26331,1.32,1.32
2012.10.23 03:04:39.386,1.26296,1.26325,2.25,1.32
2012.10.23 03:04:41.456,1.26297,1.26329,1.50,1.32
2012.10.23 03:04:41.515,1.26297,1.26331,1.50,2.44
2012.10.23 03:04:48.616,1.26297,1.26324,1.50,1.69
2012.10.23 03:04:49.165,1.26296,1.26322,2.25,1.32
2012.10.23 03:04:52.145,1.26297,1.26318,2.25,2.25
2012.10.23 03:04:52.876,1.26297,1.26319,1.50,1.13
2012.10.23 03:04:53.115,1.26297,1.26328,1.50,3.57
2012.10.23 03:04:55.556,1.26297,1.26324,1.50,1.13
2012.10.23 03:05:01.054,1.26295,1.26323,2.25,1.32
2012.10.23 03:05:04.376,1.26294,1.26323,2.25,1.32
2012.10.23 03:05:05.669,1.26294,1.26321,2.25,1.13
2012.10.23 03:05:06.787,1.26295,1.26321,2.25,1.13
2012.10.23 03:05:06.936,1.26294,1.26318,2.25,1.13
2012.10.23 03:05:07.218,1.26294,1.26318,1.50,1.69
2012.10.23 03:05:07.653,1.26294,1.26316,1.50,1.32
2012.10.23 03:05:08.367,1.26291,1.26316,2.25,1.32
2012.10.23 03:05:10.849,1.26291,1.26312,2.25,1.13
2012.10.23 03:05:18.486,1.26291,1.26312,1.50,1.13
2012.10.23 03:05:20.068,1.26291,1.26312,2.25,1.69
2012.10.23 03:05:20.486,1.26291,1.26312,2.25,1.69
2012.10.23 03:05:20.878,1.26291,1.26313,2.25,1.13
2012.10.23 03:05:21.156,1.26292,1.26318,2.25,1.69
2012.10.23 03:05:24.835,1.26296,1.26319,2.25,1.88
2012.10.23 03:05:25.240,1.26295,1.26324,2.25,1.69
2012.10.23 03:05:30.016,1.26296,1.26324,1.50,2.25
2012.10.23 03:05:30.313,1.26295,1.26324,2.25,1.69
2012.10.23 03:05:34.785,1.26296,1.26323,1.50,1.32
2012.10.23 03:05:34.933,1.26296,1.26323,2.25,1.32
2012.10.23 03:05:40.656,1.26295,1.26318,2.25,1.13
2012.10.23 03:05:40.966,1.26295,1.26316,2.25,1.50
2012.10.23 03:05:41.448,1.26296,1.26316,2.25,2.63
2012.10.23 03:05:43.676,1.26293,1.2632,2.25,1.13
2012.10.23 03:05:44.016,1.26293,1.2632,2.25,1.13
2012.10.23 03:05:45.587,1.26292,1.2632,3.00,1.13
2012.10.23 03:05:45.826,1.26292,1.2632,3.00,1.13
2012.10.23 03:05:50.476,1.26297,1.26322,1.50,1.50
2012.10.23 03:05:50.845,1.26297,1.26323,1.50,1.32
2012.10.23 03:05:57.916,1.26294,1.26323,2.25,1.69
2012.10.23 03:05:59.346,1.26295,1.26318,2.25,1.13
2012.10.23 03:05:59.477,1.26295,1.26318,1.50,3.75
2012.10.23 03:05:59.906,1.26295,1.26318,2.25,3.75
2012.10.23 03:06:01.544,1.26294,1.26319,2.25,1.13
2012.10.23 03:06:01.750,1.26295,1.2632,2.25,1.13
2012.10.23 03:06:04.489,1.26295,1.2632,1.50,1.13
2012.10.23 03:06:08.977,1.26295,1.2632,2.25,1.13
2012.10.23 03:06:09.187,1.26294,1.2632,1.50,1.13
2012.10.23 03:06:09.796,1.26295,1.2632,1.50,1.13
2012.10.23 03:06:13.206,1.26293,1.2632,1.50,1.13
2012.10.23 03:06:16.685,1.26293,1.2632,2.25,1.13
2012.10.23 03:06:31.715,1.26295,1.2632,1.50,1.13
2012.10.23 03:06:32.410,1.26295,1.2632,2.25,1.13
2012.10.23 03:06:38.746,1.26294,1.2632,2.25,1.13
2012.10.23 03:06:39.757,1.26294,1.2632,1.50,1.13
2012.10.23 03:06:43.221,1.26295,1.2632,1.50,1.13
2012.10.23 03:06:43.830,1.26294,1.2632,1.50,1.13
2012.10.23 03:06:44.146,1.26291,1.2632,3.00,1.13
2012.10.23 03:06:45.835,1.26292,1.2632,1.50,1.13
2012.10.23 03:06:46.796,1.26297,1.26322,1.50,1.32
2012.10.23 03:06:47.976,1.26297,1.26324,1.50,1.69
2012.10.23 03:06:48.867,1.26297,1.26324,1.50,1.88
2012.10.23 03:06:54.755,1.26297,1.26331,1.50,1.69
2012.10.23 03:07:10.640,1.26297,1.2633,1.50,2.07
2012.10.23 03:07:10.709,1.26297,1.2633,1.73,2.07
2012.10.23 03:07:10.899,1.26297,1.26331,2.48,2.07
2012.10.23 03:07:11.086,1.26297,1.2633,1.50,1.32
2012.10.23 03:07:24.127,1.26296,1.26327,2.63,1.50
2012.10.23 03:07:24.437,1.26295,1.26322,2.25,1.32
2012.10.23 03:07:32.615,1.26295,1.26318,2.25,1.13
2012.10.23 03:07:32.917,1.26295,1.26313,1.50,1.50
2012.10.23 03:07:33.473,1.26294,1.26313,1.50,1.50
2012.10.23 03:07:34.042,1.26295,1.26313,1.50,1.50
2012.10.23 03:07:35.746,1.26294,1.2631,1.50,1.32
2012.10.23 03:07:43.106,1.26288,1.26311,2.25,1.32
2012.10.23 03:07:47.886,1.26289,1.26308,1.50,1.88
2012.10.23 03:07:48.428,1.26288,1.26305,1.50,1.32
2012.10.23 03:07:48.558,1.26288,1.26305,2.25,1.32
2012.10.23 03:07:49.222,1.26289,1.26305,1.50,1.32
2012.10.23 03:07:51.986,1.26288,1.26308,2.25,1.88
2012.10.23 03:07:52.856,1.26288,1.26308,1.50,1.88
2012.10.23 03:07:53.406,1.26286,1.26304,2.25,1.50
2012.10.23 03:07:53.646,1.26285,1.26304,1.50,1.50
2012.10.23 03:07:53.956,1.26285,1.26308,2.25,3.38
2012.10.23 03:07:54.136,1.26286,1.26307,2.25,1.13
2012.10.23 03:08:01.937,1.26285,1.26308,2.25,1.13
2012.10.23 03:08:02.055,1.26285,1.26308,2.25,1.13
2012.10.23 03:08:02.276,1.26285,1.26308,2.25,1.13
2012.10.23 03:08:05.668,1.26287,1.26306,2.25,1.69
2012.10.23 03:08:05.855,1.26288,1.26304,1.50,1.32
2012.10.23 03:08:06.622,1.26288,1.26306,2.25,1.69
2012.10.23 03:08:08.536,1.26288,1.26306,2.25,2.25
2012.10.23 03:08:08.596,1.26287,1.26307,2.25,1.13
2012.10.23 03:08:08.783,1.26287,1.26309,2.25,1.88
2012.10.23 03:08:16.037,1.26287,1.26309,2.25,1.88
2012.10.23 03:08:35.497,1.26286,1.26309,2.25,1.50
2012.10.23 03:08:35.676,1.26286,1.26309,2.25,1.50
2012.10.23 03:08:42.689,1.26286,1.26309,2.25,1.50
2012.10.23 03:08:45.557,1.26286,1.26309,2.25,1.50
2012.10.23 03:08:51.296,1.26287,1.26309,1.50,1.50
2012.10.23 03:08:51.769,1.26287,1.26309,2.25,1.50
2012.10.23 03:08:52.431,1.26287,1.26309,2.25,1.50
2012.10.23 03:08:53.096,1.26287,1.26309,2.25,1.50
2012.10.23 03:09:02.736,1.26287,1.26309,3.75,1.50
2012.10.23 03:09:06.987,1.26288,1.26306,1.50,1.50
2012.10.23 03:09:07.838,1.26287,1.26305,1.50,1.32
2012.10.23 03:09:08.568,1.26287,1.26305,2.25,1.32
2012.10.23 03:09:11.129,1.26287,1.26307,2.25,1.13
2012.10.23 03:09:11.491,1.26288,1.26311,1.50,1.50
2012.10.23 03:09:12.089,1.26287,1.26311,2.25,1.50
2012.10.23 03:09:12.690,1.26287,1.26308,2.25,1.50
2012.10.23 03:09:13.209,1.26288,1.26308,1.50,1.50
2012.10.23 03:09:18.006,1.26288,1.26314,1.50,2.25
2012.10.23 03:09:18.566,1.26289,1.26313,1.50,1.13
2012.10.23 03:09:19.160,1.26288,1.26314,1.50,2.25
2012.10.23 03:09:20.151,1.26288,1.26314,1.50,1.13
2012.10.23 03:09:20.828,1.26288,1.26318,1.50,1.32
2012.10.23 03:09:22.157,1.26289,1.26318,1.50,1.32
2012.10.23 03:09:22.747,1.26289,1.26316,1.50,1.80
2012.10.23 03:09:28.217,1.2629,1.26316,1.50,1.80
2012.10.23 03:09:32.076,1.2629,1.26319,1.50,2.07
2012.10.23 03:09:42.754,1.2629,1.26319,1.50,4.02
2012.10.23 03:09:46.967,1.2629,1.26314,1.50,1.50
2012.10.23 03:09:47.477,1.26291,1.26314,1.50,1.50
2012.10.23 03:09:52.691,1.26291,1.26314,1.50,1.50
2012.10.23 03:09:53.230,1.26292,1.26314,1.50,1.50
2012.10.23 03:10:03.928,1.26293,1.26314,1.50,1.50
2012.10.23 03:10:04.840,1.26292,1.26314,1.50,1.50
2012.10.23 03:10:13.911,1.26293,1.26314,1.50,1.50
2012.10.23 03:10:14.867,1.26292,1.26314,1.50,1.50
2012.10.23 03:10:19.490,1.26292,1.26314,1.50,1.50
2012.10.23 03:10:21.707,1.26293,1.26314,1.50,1.50
2012.10.23 03:10:23.076,1.26293,1.26314,1.50,1.50
2012.10.23 03:10:32.714,1.26293,1.26314,1.50,1.50
2012.10.23 03:10:33.247,1.26292,1.26314,1.50,1.50
2012.10.23 03:10:33.811,1.2629,1.26314,2.25,1.50
2012.10.23 03:10:45.446,1.2629,1.26309,1.50,2.07
2012.10.23 03:10:45.806,1.2629,1.26309,2.25,1.32
2012.10.23 03:10:46.097,1.2629,1.26309,1.50,1.32
2012.10.23 03:10:46.669,1.26289,1.26309,2.25,1.32
2012.10.23 03:10:47.997,1.26289,1.26309,2.25,2.07
2012.10.23 03:10:48.058,1.26289,1.26309,2.25,2.07
2012.10.23 03:10:48.225,1.26289,1.26309,2.25,2.07
2012.10.23 03:10:48.771,1.2629,1.26309,1.50,2.07
2012.10.23 03:10:52.818,1.2629,1.26308,1.50,2.70
2012.10.23 03:10:53.338,1.26289,1.26308,2.25,2.70
2012.10.23 03:11:01.270,1.26287,1.26309,2.25,2.07
2012.10.23 03:11:02.753,1.26287,1.26309,2.25,3.87
2012.10.23 03:11:05.027,1.26288,1.26309,2.25,1.50
2012.10.23 03:11:07.009,1.26287,1.26313,2.25,1.32
2012.10.23 03:11:07.077,1.26292,1.26317,1.50,1.32
2012.10.23 03:11:08.224,1.26289,1.26317,2.25,1.32
2012.10.23 03:11:08.451,1.26292,1.26317,1.50,1.32
2012.10.23 03:11:12.719,1.26292,1.26317,1.50,1.32
2012.10.23 03:11:17.117,1.26292,1.26317,3.75,1.32
2012.10.23 03:11:19.807,1.26296,1.26323,1.50,1.50
2012.10.23 03:11:20.187,1.26296,1.26323,1.50,1.50
2012.10.23 03:11:22.816,1.26296,1.26323,1.50,1.50
2012.10.23 03:11:30.401,1.26298,1.26323,1.50,1.50
2012.10.23 03:11:32.678,1.26298,1.26324,1.50,1.50
2012.10.23 03:11:37.856,1.26297,1.26324,1.50,1.50
2012.10.23 03:11:41.967,1.26298,1.26324,1.50,1.50
2012.10.23 03:11:43.344,1.26296,1.26324,3.75,1.50
2012.10.23 03:11:52.768,1.26297,1.26323,2.25,1.50
2012.10.23 03:11:58.947,1.26298,1.26323,1.50,1.50
2012.10.23 03:11:59.758,1.26298,1.26325,1.50,1.50
2012.10.23 03:11:59.947,1.26298,1.26325,1.50,1.88
2012.10.23 03:12:00.188,1.26298,1.26325,1.50,1.13
2012.10.23 03:12:00.317,1.26298,1.26326,1.50,1.69
2012.10.23 03:12:00.835,1.26297,1.26326,2.25,1.69
2012.10.23 03:12:02.396,1.263,1.26326,1.50,1.32
2012.10.23 03:12:03.105,1.263,1.26326,1.50,1.32
2012.10.23 03:12:04.548,1.263,1.26328,1.50,1.50
2012.10.23 03:12:05.829,1.263,1.26322,1.50,1.13
2012.10.23 03:12:05.896,1.26297,1.26322,2.25,1.69
2012.10.23 03:12:05.957,1.26297,1.2632,2.25,1.32
2012.10.23 03:12:06.456,1.26298,1.26321,1.50,1.13
2012.10.23 03:12:07.157,1.26297,1.26322,2.25,2.25
2012.10.23 03:12:07.686,1.26298,1.26323,1.50,1.50
2012.10.23 03:12:07.747,1.26298,1.26325,1.50,1.13
2012.10.23 03:12:08.287,1.26297,1.26325,2.25,1.13
2012.10.23 03:12:08.836,1.26298,1.26325,1.50,1.13
2012.10.23 03:12:09.677,1.26297,1.26328,2.25,3.00
2012.10.23 03:12:09.857,1.26301,1.26327,1.50,1.13
2012.10.23 03:12:12.793,1.26301,1.26326,1.50,1.32
2012.10.23 03:12:22.796,1.26301,1.26326,1.50,1.32
2012.10.23 03:12:24.396,1.26301,1.26326,1.50,1.32
2012.10.23 03:12:24.456,1.26301,1.26326,1.50,2.07
2012.10.23 03:12:24.649,1.26301,1.26326,1.50,1.32
2012.10.23 03:12:25.176,1.26301,1.26326,1.50,1.32
2012.10.23 03:12:25.726,1.26299,1.26324,1.50,1.50
2012.10.23 03:12:30.147,1.263,1.26324,1.50,1.50
2012.10.23 03:12:30.824,1.26299,1.26324,1.50,1.50
2012.10.23 03:12:32.739,1.26299,1.26324,1.50,1.50
2012.10.23 03:12:40.516,1.263,1.26324,1.50,1.50
2012.10.23 03:12:42.765,1.263,1.26324,1.50,1.50
2012.10.23 03:12:43.279,1.26299,1.26324,1.50,1.50
2012.10.23 03:12:43.954,1.26298,1.26324,1.50,1.50
2012.10.23 03:12:48.113,1.26297,1.26324,1.50,1.50
2012.10.23 03:12:57.145,1.26298,1.26324,1.50,1.50
2012.10.23 03:12:59.862,1.26297,1.26324,1.50,1.50
2012.10.23 03:13:02.729,1.26297,1.26324,1.50,1.50
2012.10.23 03:13:03.407,1.26298,1.26324,1.50,1.50
2012.10.23 03:13:06.026,1.26297,1.26324,1.50,1.50
2012.10.23 03:13:07.996,1.26297,1.26324,1.50,1.50
2012.10.23 03:13:12.747,1.26297,1.26324,1.50,1.50
2012.10.23 03:13:13.907,1.26296,1.26324,1.50,1.50
2012.10.23 03:13:15.026,1.26297,1.26324,1.50,1.50
2012.10.23 03:13:15.727,1.26296,1.26324,1.50,1.50
2012.10.23 03:13:18.096,1.26299,1.26324,1.50,1.50
2012.10.23 03:13:23.405,1.26298,1.26324,2.25,1.50
2012.10.23 03:13:24.796,1.26299,1.26324,1.50,1.50
2012.10.23 03:13:27.777,1.26298,1.26318,2.25,1.50
2012.10.23 03:13:29.370,1.26299,1.26318,1.50,1.50
2012.10.23 03:13:29.980,1.26298,1.26318,2.25,1.50
2012.10.23 03:13:31.456,1.26299,1.26324,1.50,1.50
2012.10.23 03:13:32.019,1.26298,1.26324,2.25,1.50
2012.10.23 03:13:32.747,1.26298,1.26324,2.25,1.50
2012.10.23 03:13:37.543,1.26299,1.26324,1.50,1.50
2012.10.23 03:13:37.611,1.26299,1.26324,1.50,1.50
2012.10.23 03:13:38.377,1.26298,1.26319,2.25,1.50
2012.10.23 03:13:39.686,1.26299,1.26319,1.50,1.50
2012.10.23 03:13:39.806,1.26299,1.26323,1.50,1.50
2012.10.23 03:13:42.731,1.26299,1.26323,1.50,1.50
2012.10.23 03:13:43.446,1.26297,1.26323,2.25,1.50
2012.10.23 03:13:45.726,1.26298,1.26323,2.25,1.50
2012.10.23 03:13:47.896,1.26298,1.26323,2.25,1.50
2012.10.23 03:13:52.736,1.26298,1.26323,2.25,1.50
2012.10.23 03:14:04.295,1.26297,1.26318,2.25,1.50
2012.10.23 03:14:12.674,1.26297,1.26318,2.25,1.50
2012.10.23 03:14:18.986,1.26296,1.26318,2.25,1.50
2012.10.23 03:14:19.816,1.26296,1.26318,2.25,1.50
2012.10.23 03:14:22.354,1.26296,1.26319,1.50,1.50
2012.10.23 03:14:22.690,1.26296,1.26318,1.50,1.50
2012.10.23 03:14:28.836,1.26297,1.26318,1.50,1.50
2012.10.23 03:14:31.845,1.26298,1.26318,1.50,1.50
2012.10.23 03:14:32.746,1.26298,1.26318,1.50,1.50
2012.10.23 03:14:33.448,1.26296,1.26318,1.50,1.50
2012.10.23 03:14:42.726,1.26296,1.26318,1.50,1.50
2012.10.23 03:14:42.846,1.26296,1.26318,1.50,1.50
2012.10.23 03:14:43.455,1.26298,1.26318,1.50,1.50
2012.10.23 03:14:44.937,1.26297,1.26318,1.50,1.50
2012.10.23 03:14:51.205,1.26298,1.26318,1.50,1.50
2012.10.23 03:14:51.745,1.26298,1.26319,1.50,1.50
2012.10.23 03:14:58.902,1.26297,1.26319,1.50,1.50
2012.10.23 03:15:00.886,1.26298,1.26319,1.50,1.50
2012.10.23 03:15:01.443,1.26297,1.26319,1.50,1.50
2012.10.23 03:15:04.307,1.26297,1.26322,1.50,1.32
2012.10.23 03:15:04.427,1.26297,1.26322,1.50,1.32
2012.10.23 03:15:13.425,1.26296,1.26322,1.50,1.32
2012.10.23 03:15:13.966,1.26297,1.26322,1.50,1.32
2012.10.23 03:15:14.811,1.26296,1.26322,1.50,1.32
2012.10.23 03:15:22.723,1.26296,1.2632,1.50,2.48
2012.10.23 03:15:23.476,1.26297,1.2632,1.50,2.48
2012.10.23 03:15:27.897,1.26296,1.2632,1.50,2.48
2012.10.23 03:15:28.140,1.26297,1.26321,1.50,1.32
2012.10.23 03:15:28.627,1.26297,1.26312,1.50,1.13
2012.10.23 03:15:28.969,1.26297,1.26309,1.50,1.50
2012.10.23 03:15:30.014,1.26296,1.26309,1.50,1.50
2012.10.23 03:15:30.548,1.26297,1.26309,1.50,1.50
2012.10.23 03:15:31.429,1.26296,1.26309,1.50,1.50
2012.10.23 03:15:32.791,1.26296,1.26309,1.50,1.50
2012.10.23 03:15:33.477,1.26292,1.26309,1.50,1.50
2012.10.23 03:15:34.975,1.26292,1.26309,1.50,1.50
2012.10.23 03:15:40.627,1.26291,1.26309,2.25,1.50
2012.10.23 03:15:41.447,1.26292,1.26309,1.50,1.50
2012.10.23 03:15:46.887,1.26291,1.26309,2.25,1.50
2012.10.23 03:15:52.696,1.26291,1.26309,2.25,1.50
2012.10.23 03:15:53.268,1.26292,1.26309,1.50,2.07
2012.10.23 03:15:53.337,1.26292,1.26309,1.50,1.32
2012.10.23 03:15:53.943,1.26291,1.26311,2.25,1.88
2012.10.23 03:15:54.487,1.26292,1.26311,1.50,2.44
2012.10.23 03:15:54.667,1.26292,1.26311,2.25,1.32
2012.10.23 03:15:54.847,1.26295,1.26324,1.50,1.50
2012.10.23 03:15:55.566,1.26297,1.26323,1.50,1.50
2012.10.23 03:15:57.097,1.26297,1.26324,1.50,1.50
2012.10.23 03:15:57.933,1.26297,1.26323,1.50,1.50
2012.10.23 03:16:00.626,1.26297,1.26324,3.00,1.50
2012.10.23 03:16:01.697,1.26297,1.26323,1.50,1.50
2012.10.23 03:16:02.247,1.26295,1.26324,1.32,3.00
2012.10.23 03:16:02.616,1.26297,1.26324,1.50,2.25
2012.10.23 03:16:03.007,1.26296,1.26323,1.50,2.25
2012.10.23 03:16:03.768,1.26297,1.26324,1.50,1.50
2012.10.23 03:16:04.427,1.26293,1.26324,3.57,2.25
2012.10.23 03:16:04.558,1.26293,1.26324,2.82,2.25
2012.10.23 03:16:04.629,1.26293,1.26324,2.82,2.25
2012.10.23 03:16:04.937,1.26298,1.26328,1.50,2.07
2012.10.23 03:16:06.648,1.26297,1.26326,2.82,1.13
2012.10.23 03:16:07.156,1.26297,1.26324,2.07,1.50
2012.10.23 03:16:07.407,1.26297,1.26326,2.82,1.13
2012.10.23 03:16:07.467,1.26297,1.26328,4.32,1.13
2012.10.23 03:16:31.397,1.26303,1.26331,2.82,2.25
2012.10.23 03:16:31.517,1.26304,1.26334,1.50,2.63
2012.10.23 03:16:32.116,1.26304,1.26333,1.50,1.50
2012.10.23 03:16:33.198,1.26304,1.26334,1.50,3.38
2012.10.23 03:16:33.437,1.26304,1.26334,1.50,3.00
2012.10.23 03:16:33.497,1.26303,1.26333,2.82,3.00
2012.10.23 03:16:34.046,1.26303,1.26333,2.07,3.00
2012.10.23 03:16:44.897,1.26303,1.26331,1.50,1.50
2012.10.23 03:16:45.077,1.26298,1.26327,3.75,1.50
2012.10.23 03:16:45.578,1.26299,1.26327,1.50,1.50
2012.10.23 03:16:46.302,1.26298,1.26327,3.75,1.50
2012.10.23 03:16:47.887,1.26299,1.26327,1.50,1.50
2012.10.23 03:16:50.497,1.26298,1.26327,3.00,2.07
2012.10.23 03:16:51.395,1.26299,1.26327,1.50,2.07
2012.10.23 03:16:53.496,1.26299,1.26331,2.07,1.50
2012.10.23 03:16:53.557,1.26299,1.26334,1.32,2.25
2012.10.23 03:16:53.616,1.26303,1.26334,1.50,2.25
2012.10.23 03:16:53.968,1.26314,1.26334,1.13,2.25
2012.10.23 03:16:54.097,1.26315,1.26335,1.50,2.82
2012.10.23 03:16:54.157,1.26315,1.26335,3.98,1.32
2012.10.23 03:16:54.469,1.26314,1.26352,1.50,1.13
2012.10.23 03:16:54.717,1.26316,1.2635,1.50,1.50
2012.10.23 03:16:54.897,1.2632,1.26352,1.50,1.50
2012.10.23 03:16:55.139,1.2632,1.26355,1.50,1.13
2012.10.23 03:16:55.279,1.26321,1.26355,1.50,1.13
2012.10.23 03:16:55.958,1.26321,1.26354,1.50,1.50
2012.10.23 03:16:56.409,1.26321,1.26353,1.50,1.69
2012.10.23 03:16:56.658,1.26317,1.26348,2.25,1.50
2012.10.23 03:16:57.217,1.26317,1.26344,1.50,1.50
2012.10.23 03:16:57.747,1.26315,1.26345,1.32,1.50
2012.10.23 03:17:05.061,1.26314,1.26346,1.13,1.32
2012.10.23 03:17:05.487,1.26311,1.26346,2.25,1.32
2012.10.23 03:17:14.897,1.26315,1.26346,1.13,1.32
2012.10.23 03:17:15.318,1.2631,1.26338,1.50,1.13
2012.10.23 03:17:16.127,1.26311,1.26338,1.50,1.13
2012.10.23 03:17:21.726,1.26305,1.26338,2.25,1.69
2012.10.23 03:17:24.006,1.26305,1.26338,1.50,1.69
2012.10.23 03:17:25.266,1.26306,1.26338,1.50,2.44
2012.10.23 03:17:28.266,1.26305,1.26338,1.50,2.44
2012.10.23 03:17:28.928,1.26306,1.26338,1.50,2.44
2012.10.23 03:17:32.396,1.26302,1.26338,1.50,2.44
2012.10.23 03:17:32.926,1.26301,1.26338,2.25,2.44
2012.10.23 03:17:33.987,1.26302,1.26338,1.50,2.44
2012.10.23 03:17:34.166,1.26301,1.26338,3.00,1.69
2012.10.23 03:17:39.198,1.26307,1.26339,2.07,1.32
2012.10.23 03:17:39.698,1.26307,1.2634,2.07,2.25
2012.10.23 03:17:40.142,1.26312,1.26345,2.25,2.07
2012.10.23 03:17:40.829,1.26318,1.26346,1.13,1.50
2012.10.23 03:17:41.147,1.2632,1.2635,1.32,2.25
2012.10.23 03:17:45.887,1.2632,1.26349,1.32,2.70
2012.10.23 03:17:46.437,1.2632,1.2635,1.32,2.25
2012.10.23 03:18:01.717,1.26319,1.26352,1.32,2.25
2012.10.23 03:18:01.937,1.26319,1.26352,1.32,2.25
2012.10.23 03:18:03.678,1.26318,1.26349,1.13,1.50
2012.10.23 03:18:05.686,1.26318,1.26349,1.13,2.07
2012.10.23 03:18:05.889,1.26314,1.26349,1.32,2.07
2012.10.23 03:18:06.197,1.26312,1.26342,1.69,1.50
2012.10.23 03:18:06.508,1.26312,1.26339,1.13,1.50
2012.10.23 03:18:06.687,1.26312,1.26339,1.13,1.50
2012.10.23 03:18:10.628,1.26311,1.26339,1.13,1.50
2012.10.23 03:18:10.747,1.26307,1.26339,2.82,1.50
2012.10.23 03:18:11.108,1.26307,1.2634,3.75,2.25
2012.10.23 03:18:11.416,1.26313,1.26341,2.25,1.50
2012.10.23 03:18:11.996,1.26313,1.26345,3.00,1.69
2012.10.23 03:18:12.908,1.26313,1.26344,3.00,1.13
2012.10.23 03:18:13.087,1.26311,1.26342,1.50,1.32
2012.10.23 03:18:13.208,1.2631,1.26344,3.00,1.69
2012.10.23 03:18:14.168,1.2631,1.26342,2.25,1.32
2012.10.23 03:18:14.227,1.2631,1.26342,1.50,1.32
2012.10.23 03:18:14.478,1.26315,1.26344,1.50,1.69
2012.10.23 03:18:15.360,1.26311,1.26342,2.25,1.32
2012.10.23 03:18:15.932,1.26311,1.26342,1.50,1.32
2012.10.23 03:18:16.348,1.26311,1.26344,2.25,2.44
2012.10.23 03:18:17.947,1.26311,1.26342,2.25,1.32
2012.10.23 03:18:18.601,1.26311,1.26342,1.50,1.32
2012.10.23 03:18:22.809,1.26311,1.26342,1.50,1.32
2012.10.23 03:18:23.369,1.26312,1.26342,1.13,2.07
2012.10.23 03:18:23.618,1.26312,1.26342,1.13,1.32
2012.10.23 03:18:23.998,1.26312,1.26342,1.13,1.32
2012.10.23 03:18:24.297,1.26312,1.26343,1.13,2.07
2012.10.23 03:18:25.050,1.26309,1.26344,1.32,2.63
2012.10.23 03:18:25.189,1.26309,1.26344,1.32,2.63
2012.10.23 03:18:27.188,1.26305,1.26337,1.50,1.32
2012.10.23 03:18:27.257,1.26304,1.26337,2.25,1.32
2012.10.23 03:18:28.418,1.26304,1.26337,1.50,1.32
2012.10.23 03:18:31.340,1.26305,1.26337,1.50,1.32
2012.10.23 03:18:33.466,1.26304,1.26337,1.50,1.32
2012.10.23 03:18:33.591,1.26301,1.26337,1.32,1.32
2012.10.23 03:18:36.478,1.26302,1.26337,1.50,1.32
2012.10.23 03:18:36.669,1.26301,1.26337,2.07,2.07
2012.10.23 03:18:37.407,1.26304,1.26337,1.13,1.32
2012.10.23 03:18:37.647,1.26303,1.26337,1.13,2.07
2012.10.23 03:18:38.409,1.26304,1.26338,1.13,2.82
2012.10.23 03:18:38.657,1.26305,1.26338,1.50,2.07
2012.10.23 03:18:39.570,1.26311,1.26338,3.00,2.25
2012.10.23 03:18:42.137,1.26311,1.26338,1.88,2.25
2012.10.23 03:18:42.257,1.26307,1.26338,2.07,3.00
2012.10.23 03:18:42.698,1.26306,1.26337,1.32,1.50
2012.10.23 03:18:45.063,1.26304,1.26336,1.50,2.25
2012.10.23 03:19:02.527,1.26302,1.26335,1.13,1.79
2012.10.23 03:19:15.208,1.26298,1.26332,2.07,1.13
2012.10.23 03:19:15.267,1.26297,1.26332,2.25,2.10
2012.10.23 03:19:15.567,1.26296,1.26331,2.25,3.00
2012.10.23 03:19:15.907,1.26297,1.26328,1.50,2.25
2012.10.23 03:19:16.268,1.26296,1.26316,1.50,1.13
2012.10.23 03:19:16.459,1.26286,1.26316,2.25,1.13
2012.10.23 03:19:16.603,1.26285,1.26316,2.25,1.13
2012.10.23 03:19:16.728,1.26285,1.26316,2.25,1.13
2012.10.23 03:19:17.477,1.26285,1.26316,2.25,1.13
2012.10.23 03:19:18.329,1.26285,1.26316,2.25,1.13
2012.10.23 03:19:18.397,1.26285,1.26316,2.25,1.13
2012.10.23 03:19:18.649,1.26286,1.26314,3.00,1.13
2012.10.23 03:19:19.446,1.26293,1.26314,3.00,1.69
2012.10.23 03:19:19.748,1.26298,1.26314,2.25,1.13
2012.10.23 03:19:20.763,1.26299,1.26334,1.32,3.00
2012.10.23 03:19:20.830,1.26299,1.26334,1.32,2.25
2012.10.23 03:19:21.198,1.26298,1.26334,2.44,3.38
2012.10.23 03:19:21.318,1.26298,1.26333,1.13,1.13
2012.10.23 03:19:22.036,1.26298,1.26334,2.44,3.38
2012.10.23 03:19:22.347,1.26298,1.26332,1.32,1.13
2012.10.23 03:19:24.378,1.26298,1.26331,1.50,1.69
2012.10.23 03:19:27.678,1.26299,1.26334,1.32,1.50
2012.10.23 03:19:27.807,1.26299,1.26334,1.32,2.25
2012.10.23 03:19:43.617,1.26299,1.26334,1.32,1.04
2012.10.23 03:19:45.748,1.26299,1.26334,1.32,1.04
2012.10.23 03:19:47.908,1.26297,1.26331,3.57,1.13
2012.10.23 03:19:58.877,1.26299,1.26331,1.50,2.25
2012.10.23 03:19:59.427,1.26298,1.26331,2.25,1.69
2012.10.23 03:19:59.978,1.26299,1.26331,1.50,2.25
2012.10.23 03:20:01.237,1.26298,1.26331,2.25,1.69
2012.10.23 03:20:12.918,1.26299,1.26329,1.50,2.07
2012.10.23 03:20:13.219,1.26297,1.26331,2.25,1.13
2012.10.23 03:20:13.411,1.26297,1.26332,2.25,1.13
2012.10.23 03:20:13.477,1.26297,1.26334,2.25,1.50
2012.10.23 03:20:13.658,1.26302,1.26334,1.50,4.50
2012.10.23 03:20:14.203,1.26301,1.26334,1.50,3.00
2012.10.23 03:20:17.483,1.26302,1.26334,1.50,4.50
2012.10.23 03:20:20.193,1.26301,1.26334,1.50,3.00
2012.10.23 03:20:23.956,1.26297,1.26333,1.50,1.50
2012.10.23 03:20:27.330,1.26297,1.26331,1.50,1.13
2012.10.23 03:20:28.032,1.26298,1.26331,1.50,1.69
2012.10.23 03:20:28.537,1.26297,1.26331,1.50,1.13
2012.10.23 03:20:29.907,1.26298,1.26331,1.50,1.69
2012.10.23 03:20:30.469,1.26297,1.26331,1.50,1.13
2012.10.23 03:20:33.579,1.26298,1.26331,1.50,1.41
2012.10.23 03:20:37.784,1.26299,1.26331,1.50,1.97
2012.10.23 03:20:40.716,1.26299,1.26331,2.25,1.97
2012.10.23 03:20:51.310,1.26299,1.26332,2.25,2.25
2012.10.23 03:21:20.349,1.26299,1.26331,2.25,1.88
2012.10.23 03:21:21.609,1.26298,1.26331,2.25,4.22
2012.10.23 03:21:24.258,1.26302,1.26332,1.50,1.50
2012.10.23 03:21:24.827,1.26302,1.26331,1.50,1.50
2012.10.23 03:21:31.350,1.26302,1.26331,1.50,2.07
2012.10.23 03:21:40.851,1.26298,1.26331,2.25,3.19
2012.10.23 03:22:14.040,1.26297,1.26331,3.00,1.13
2012.10.23 03:22:24.379,1.26299,1.26331,1.50,2.25
2012.10.23 03:22:39.531,1.26298,1.26331,1.50,1.69
2012.10.23 03:22:41.560,1.26298,1.26331,1.50,1.13
2012.10.23 03:22:42.759,1.26299,1.26331,1.50,1.13
2012.10.23 03:22:43.828,1.26298,1.26332,1.50,2.25
2012.10.23 03:22:44.887,1.26299,1.26331,1.50,1.13
2012.10.23 03:22:46.698,1.26298,1.26332,1.50,2.25
2012.10.23 03:22:57.108,1.26293,1.26332,2.07,2.25
2012.10.23 03:22:57.228,1.26299,1.26331,1.50,2.63
2012.10.23 03:22:57.911,1.26298,1.26331,1.50,2.63
2012.10.23 03:22:58.427,1.26299,1.26331,1.50,2.63
2012.10.23 03:22:58.979,1.26298,1.26332,1.50,3.75
2012.10.23 03:22:59.824,1.26299,1.26331,1.50,2.63
2012.10.23 03:23:03.635,1.26298,1.26332,1.50,3.75
2012.10.23 03:23:13.577,1.26299,1.26331,1.50,1.13
2012.10.23 03:23:14.079,1.26298,1.26332,1.50,2.25
2012.10.23 03:23:14.968,1.26299,1.26331,1.50,1.13
2012.10.23 03:23:21.348,1.26299,1.26331,1.50,1.69
2012.10.23 03:23:23.708,1.26298,1.26331,1.50,1.13
2012.10.23 03:23:28.897,1.26299,1.26331,1.50,1.69
2012.10.23 03:23:29.617,1.26298,1.26331,1.50,1.13
2012.10.23 03:23:33.027,1.26299,1.26331,1.50,1.69
2012.10.23 03:23:36.507,1.26298,1.26331,1.50,1.13
2012.10.23 03:23:37.217,1.26299,1.26331,1.50,2.25
2012.10.23 03:23:38.891,1.26298,1.26331,1.50,1.69
2012.10.23 03:23:41.487,1.26299,1.26331,1.50,2.25
2012.10.23 03:23:42.298,1.26298,1.26331,1.50,1.69
2012.10.23 03:23:43.938,1.26299,1.26331,1.50,2.25
2012.10.23 03:23:44.851,1.26298,1.26331,1.50,1.69
2012.10.23 03:23:54.156,1.26298,1.26331,1.50,1.69
2012.10.23 03:23:57.358,1.26297,1.26331,1.50,1.13
2012.10.23 03:23:58.876,1.26298,1.26331,1.50,1.69
2012.10.23 03:24:02.275,1.26297,1.26331,1.50,1.13
2012.10.23 03:24:02.996,1.26298,1.26331,1.50,1.69
2012.10.23 03:24:05.737,1.26298,1.26331,2.25,2.24
2012.10.23 03:24:13.657,1.26295,1.26328,2.25,1.50
2012.10.23 03:24:14.887,1.26294,1.26329,3.98,1.50
2012.10.23 03:24:15.397,1.26295,1.26328,2.25,1.50
2012.10.23 03:24:15.947,1.26294,1.26329,4.35,1.50
2012.10.23 03:24:16.600,1.26295,1.26328,2.25,1.50
2012.10.23 03:24:17.271,1.26294,1.26329,4.35,1.50
2012.10.23 03:24:17.932,1.26295,1.26328,2.25,1.50
2012.10.23 03:24:22.187,1.26294,1.26329,4.35,1.50
2012.10.23 03:24:23.737,1.26295,1.26328,2.25,1.50
2012.10.23 03:24:23.947,1.26295,1.26331,2.25,1.13
2012.10.23 03:24:33.757,1.26296,1.26331,2.25,3.55
2012.10.23 03:24:34.321,1.26296,1.26331,2.25,4.30
2012.10.23 03:24:36.817,1.26295,1.26328,4.13,1.50
2012.10.23 03:24:37.509,1.26294,1.26329,3.75,1.50
2012.10.23 03:24:38.717,1.26295,1.26328,2.25,1.50
2012.10.23 03:24:39.258,1.26294,1.26329,3.75,1.50
2012.10.23 03:24:39.869,1.26295,1.26328,2.25,1.50
2012.10.23 03:24:40.386,1.26294,1.26329,3.75,1.50
2012.10.23 03:24:41.139,1.26295,1.26328,2.25,1.50
2012.10.23 03:24:41.860,1.26294,1.26329,3.75,1.50
2012.10.23 03:24:43.836,1.26295,1.26328,2.25,1.50
2012.10.23 03:24:44.339,1.26294,1.26329,3.75,2.07
2012.10.23 03:24:44.898,1.26295,1.26328,2.25,1.50
2012.10.23 03:24:46.158,1.26294,1.26329,3.75,2.07
2012.10.23 03:24:51.727,1.26295,1.26328,2.25,1.50
2012.10.23 03:24:53.437,1.26294,1.26329,3.75,1.50
2012.10.23 03:24:53.999,1.26295,1.26328,2.25,1.50
2012.10.23 03:24:56.457,1.26294,1.26329,3.75,1.50
2012.10.23 03:24:57.655,1.26295,1.26328,2.25,1.50
2012.10.23 03:24:58.352,1.26294,1.26329,3.75,1.50
2012.10.23 03:24:58.870,1.26295,1.26328,2.25,1.50
2012.10.23 03:24:59.978,1.26294,1.26329,3.75,1.50
2012.10.23 03:25:03.692,1.26294,1.2633,3.75,2.07
2012.10.23 03:25:10.636,1.26294,1.2633,4.32,2.07
2012.10.23 03:25:19.388,1.26304,1.2633,1.50,2.07
2012.10.23 03:25:20.148,1.2631,1.2633,1.69,1.50
2012.10.23 03:25:20.467,1.26312,1.26329,1.32,1.50
2012.10.23 03:25:20.535,1.2631,1.26329,2.25,1.50
2012.10.23 03:25:20.670,1.2631,1.26329,1.13,1.50
2012.10.23 03:25:20.939,1.2631,1.26329,1.32,1.50
2012.10.23 03:25:21.478,1.26305,1.2633,1.50,1.50
2012.10.23 03:25:22.746,1.26305,1.26329,1.50,1.50
2012.10.23 03:25:23.930,1.26308,1.26334,1.32,2.25
2012.10.23 03:25:25.200,1.26305,1.26336,1.50,2.25
2012.10.23 03:25:25.455,1.26302,1.26336,2.07,2.25
2012.10.23 03:25:26.383,1.26302,1.26336,2.07,1.50
2012.10.23 03:25:26.628,1.26308,1.26336,1.32,1.50
2012.10.23 03:25:26.933,1.26308,1.26335,1.32,2.25
2012.10.23 03:25:30.148,1.26307,1.26336,1.13,2.25
2012.10.23 03:25:33.076,1.26307,1.26335,2.25,2.25
2012.10.23 03:25:33.197,1.26309,1.26335,1.32,2.25
2012.10.23 03:25:33.438,1.26307,1.26335,1.69,1.13
2012.10.23 03:25:33.678,1.26309,1.26335,1.32,1.13
2012.10.23 03:25:40.408,1.26307,1.26335,1.13,1.13
2012.10.23 03:25:40.467,1.26303,1.26335,1.50,1.13
2012.10.23 03:25:40.707,1.26303,1.26336,1.13,1.88
2012.10.23 03:25:43.127,1.26306,1.26336,1.13,1.88
2012.10.23 03:25:43.440,1.26308,1.26336,1.32,1.50
2012.10.23 03:25:43.748,1.26308,1.26338,1.32,2.25
2012.10.23 03:25:43.807,1.26308,1.26338,1.32,2.25
2012.10.23 03:25:43.988,1.26308,1.26338,1.32,2.25
2012.10.23 03:25:44.229,1.26309,1.26338,1.50,2.25
2012.10.23 03:25:44.469,1.26312,1.26337,1.32,2.25
2012.10.23 03:25:44.770,1.26313,1.26337,1.32,2.25
2012.10.23 03:25:45.333,1.26313,1.26338,1.32,2.25
2012.10.23 03:25:56.003,1.26317,1.26336,1.13,2.25
2012.10.23 03:25:56.076,1.26318,1.26336,1.13,2.25
2012.10.23 03:25:56.211,1.26322,1.26346,1.35,1.58
2012.10.23 03:25:56.351,1.26331,1.26359,1.50,1.58
2012.10.23 03:25:56.418,1.26322,1.26354,1.35,3.00
2012.10.23 03:25:56.539,1.26321,1.26348,1.13,1.50
2012.10.23 03:25:56.658,1.26317,1.26348,1.50,1.50
2012.10.23 03:25:56.900,1.26316,1.26348,1.50,2.25
2012.10.23 03:25:56.972,1.26314,1.26348,2.25,2.25
2012.10.23 03:25:57.158,1.26315,1.26348,2.25,1.50
2012.10.23 03:25:57.465,1.26315,1.26352,3.00,2.25
2012.10.23 03:25:58.668,1.26315,1.26353,1.50,4.50
2012.10.23 03:25:59.298,1.26314,1.26349,2.25,2.25
2012.10.23 03:25:59.418,1.26314,1.26343,1.50,1.32
2012.10.23 03:25:59.478,1.26314,1.26341,1.50,1.13
2012.10.23 03:25:59.604,1.26314,1.26342,1.50,1.13
2012.10.23 03:25:59.668,1.26314,1.26348,2.25,1.50
2012.10.23 03:26:00.028,1.26315,1.26341,1.50,1.13
2012.10.23 03:26:00.148,1.26314,1.26348,1.50,2.63
2012.10.23 03:26:00.208,1.26315,1.26349,2.25,3.00
2012.10.23 03:26:00.273,1.26315,1.26349,2.25,2.25
2012.10.23 03:26:00.579,1.26315,1.26342,1.50,1.13
2012.10.23 03:26:00.759,1.26315,1.26349,2.25,2.25
2012.10.23 03:26:00.944,1.26315,1.26341,1.50,1.13
2012.10.23 03:26:01.191,1.26315,1.26349,2.25,2.25
2012.10.23 03:26:01.260,1.26314,1.26343,2.25,1.32
2012.10.23 03:26:01.569,1.26314,1.26342,1.50,1.13
2012.10.23 03:26:01.698,1.26314,1.26342,2.25,1.13
2012.10.23 03:26:01.819,1.26315,1.26349,2.25,2.25
2012.10.23 03:26:02.606,1.26316,1.26353,1.50,2.25
2012.10.23 03:26:02.668,1.26316,1.26352,1.50,2.25
2012.10.23 03:26:04.671,1.26315,1.26348,1.50,2.25
2012.10.23 03:26:05.097,1.26307,1.2634,1.50,1.50
2012.10.23 03:26:05.218,1.26307,1.26344,2.25,1.50
2012.10.23 03:26:05.338,1.26309,1.2634,1.50,1.50
2012.10.23 03:26:05.592,1.26311,1.26344,1.50,1.50
2012.10.23 03:26:05.911,1.26306,1.26335,1.50,1.13
2012.10.23 03:26:06.220,1.26305,1.26333,1.50,3.64
2012.10.23 03:26:06.761,1.26306,1.26333,1.50,3.64
2012.10.23 03:26:07.787,1.26305,1.26328,1.50,1.32
2012.10.23 03:26:08.279,1.26305,1.26328,1.50,1.32
2012.10.23 03:26:08.398,1.26305,1.26328,1.50,1.32
2012.10.23 03:26:08.708,1.26305,1.26328,1.50,2.07
2012.10.23 03:26:11.208,1.26306,1.26328,1.50,1.54
2012.10.23 03:26:11.389,1.26306,1.26328,1.50,1.54
2012.10.23 03:26:11.900,1.26305,1.26328,1.50,1.32
2012.10.23 03:26:12.451,1.26296,1.26327,2.25,1.50
2012.10.23 03:26:12.519,1.26297,1.26328,1.50,1.50
2012.10.23 03:26:13.185,1.26298,1.26329,2.25,1.32
2012.10.23 03:26:13.859,1.26305,1.26331,1.50,2.25
2012.10.23 03:26:15.637,1.26305,1.26332,1.50,1.13
2012.10.23 03:26:15.758,1.26305,1.26334,1.50,2.25
2012.10.23 03:26:16.590,1.26305,1.26333,1.50,1.50
2012.10.23 03:26:17.097,1.26305,1.26334,1.50,2.25
2012.10.23 03:26:20.427,1.26305,1.26333,1.50,1.50
2012.10.23 03:26:21.171,1.26305,1.26334,1.50,2.25
2012.10.23 03:26:22.478,1.26306,1.26336,1.50,1.32
2012.10.23 03:26:22.899,1.26306,1.26336,1.50,2.07
2012.10.23 03:26:30.398,1.26306,1.26337,1.50,2.25
2012.10.23 03:26:30.457,1.26306,1.26337,1.50,2.25
2012.10.23 03:26:36.168,1.26306,1.26335,1.50,1.32
2012.10.23 03:26:38.198,1.26303,1.26335,2.25,2.24
2012.10.23 03:26:54.508,1.26304,1.26331,1.50,1.69
2012.10.23 03:26:54.689,1.26297,1.26331,1.50,1.69
2012.10.23 03:26:56.607,1.26297,1.2633,2.25,1.13
2012.10.23 03:27:03.690,1.26297,1.26329,2.25,2.25
2012.10.23 03:27:25.837,1.26297,1.26329,2.25,1.13
2012.10.23 03:27:38.893,1.26297,1.26329,1.50,1.13
2012.10.23 03:27:43.878,1.26298,1.26329,1.50,1.69
2012.10.23 03:27:46.788,1.26298,1.26329,1.50,1.13
2012.10.23 03:27:48.928,1.26298,1.26329,1.50,1.32
2012.10.23 03:27:49.888,1.26297,1.26329,1.50,1.32
2012.10.23 03:27:50.081,1.26297,1.26329,1.50,1.32
2012.10.23 03:27:53.778,1.26298,1.26329,1.50,1.32
2012.10.23 03:27:55.130,1.26297,1.26329,1.50,1.32
2012.10.23 03:27:55.667,1.26298,1.26329,1.50,1.32
2012.10.23 03:28:02.707,1.26298,1.26329,1.50,1.32
2012.10.23 03:28:03.798,1.26297,1.26329,1.50,1.32
2012.10.23 03:28:05.398,1.26295,1.26329,1.50,1.32
2012.10.23 03:28:09.127,1.26295,1.26329,1.50,1.88
2012.10.23 03:28:10.417,1.26295,1.26329,1.50,1.60
2012.10.23 03:28:11.163,1.26296,1.26329,1.50,1.60
2012.10.23 03:28:18.527,1.26296,1.26329,1.50,1.32
2012.10.23 03:28:23.775,1.26295,1.26329,1.50,1.32
2012.10.23 03:28:25.387,1.26295,1.26329,1.50,1.88
2012.10.23 03:28:35.909,1.26295,1.26329,1.50,1.88
2012.10.23 03:28:36.323,1.26295,1.2633,2.25,1.13
2012.10.23 03:28:36.640,1.26305,1.2633,1.50,1.13
2012.10.23 03:28:39.315,1.26305,1.26331,1.50,2.63
2012.10.23 03:28:39.558,1.26304,1.26332,2.07,1.50
2012.10.23 03:28:41.129,1.26304,1.26331,2.07,1.50
2012.10.23 03:28:41.746,1.26304,1.26332,2.07,1.50
2012.10.23 03:28:42.420,1.26304,1.26331,2.07,1.50
2012.10.23 03:28:43.788,1.26304,1.26334,2.07,1.50
2012.10.23 03:29:01.528,1.26304,1.26335,1.50,2.25
2012.10.23 03:29:03.455,1.26304,1.26336,1.50,1.50
2012.10.23 03:29:03.578,1.26305,1.26336,1.50,2.25
2012.10.23 03:29:03.819,1.26305,1.26336,1.50,2.25
2012.10.23 03:29:04.470,1.26305,1.26335,1.50,1.50
2012.10.23 03:29:05.443,1.26305,1.26336,1.50,2.25
2012.10.23 03:29:06.069,1.26305,1.26335,1.50,1.50
2012.10.23 03:29:10.161,1.26303,1.26335,1.50,1.50
2012.10.23 03:29:10.292,1.26303,1.26335,1.50,2.25
2012.10.23 03:29:11.332,1.26301,1.26333,1.50,1.88
2012.10.23 03:29:14.129,1.26304,1.26333,1.50,2.44
2012.10.23 03:29:14.428,1.26304,1.26333,1.50,1.32
2012.10.23 03:29:30.388,1.26304,1.26333,1.50,1.32
2012.10.23 03:29:30.448,1.26302,1.26333,1.50,1.88
2012.10.23 03:29:46.908,1.26304,1.26334,1.50,1.32
2012.10.23 03:29:58.522,1.26301,1.26333,1.50,1.88
2012.10.23 03:30:02.099,1.263,1.26332,2.25,1.32
2012.10.23 03:30:04.293,1.26301,1.26333,1.50,1.88
2012.10.23 03:30:07.598,1.26301,1.26333,3.57,1.32
2012.10.23 03:30:07.718,1.26304,1.26336,1.50,2.25
2012.10.23 03:30:15.649,1.26302,1.26333,2.25,1.32
2012.10.23 03:30:17.395,1.26302,1.26333,2.82,1.32
2012.10.23 03:30:17.457,1.26304,1.26335,1.50,1.50
2012.10.23 03:30:26.198,1.26305,1.26336,1.50,2.25
2012.10.23 03:30:26.409,1.26305,1.26336,1.50,2.25
2012.10.23 03:30:29.058,1.26305,1.26336,1.50,2.25
2012.10.23 03:30:32.301,1.26304,1.26336,1.50,2.25
2012.10.23 03:30:32.429,1.26303,1.26333,1.50,1.50
2012.10.23 03:30:32.500,1.26301,1.26333,2.25,2.25
2012.10.23 03:30:32.810,1.26304,1.26333,1.50,1.50
2012.10.23 03:30:33.571,1.26304,1.26333,1.50,1.50
2012.10.23 03:30:42.750,1.26304,1.26334,1.50,3.57
2012.10.23 03:30:44.489,1.26301,1.26334,1.50,4.32
2012.10.23 03:30:50.679,1.26304,1.26334,1.50,2.07
2012.10.23 03:30:50.995,1.26302,1.26333,1.50,1.50
2012.10.23 03:30:58.449,1.26304,1.26334,1.50,1.32
2012.10.23 03:30:58.988,1.26304,1.26335,1.50,2.63
2012.10.23 03:30:59.360,1.26301,1.26333,2.25,2.25
2012.10.23 03:31:10.738,1.26299,1.26333,1.50,2.82
2012.10.23 03:31:12.710,1.26299,1.26333,1.50,2.82
2012.10.23 03:31:22.769,1.26301,1.26333,2.25,2.07
2012.10.23 03:31:30.609,1.26304,1.26333,1.50,1.32
2012.10.23 03:31:30.730,1.26304,1.26334,1.50,2.25
2012.10.23 03:31:31.271,1.26306,1.26334,1.50,1.50
2012.10.23 03:31:31.785,1.26306,1.26335,1.50,1.50
2012.10.23 03:31:40.478,1.26306,1.26334,1.50,1.50
2012.10.23 03:31:44.000,1.26306,1.26337,1.50,1.50
2012.10.23 03:31:46.429,1.26307,1.26336,1.22,1.50
2012.10.23 03:31:59.774,1.26306,1.26337,1.97,1.50
2012.10.23 03:31:59.898,1.26306,1.26335,1.97,1.13
2012.10.23 03:32:00.018,1.26304,1.26333,2.25,1.32
2012.10.23 03:32:04.128,1.26305,1.26333,1.50,1.32
2012.10.23 03:32:06.618,1.26304,1.26333,2.25,1.32
2012.10.23 03:32:07.278,1.26305,1.26333,1.50,1.32
2012.10.23 03:32:08.679,1.26305,1.26334,2.25,1.32
2012.10.23 03:32:08.739,1.26311,1.26338,1.50,2.25
2012.10.23 03:32:09.246,1.26311,1.26337,1.50,1.50
2012.10.23 03:32:09.759,1.26307,1.26337,1.13,1.50
2012.10.23 03:32:09.939,1.26306,1.26338,1.73,2.25
2012.10.23 03:32:10.309,1.26305,1.26337,3.00,2.25
2012.10.23 03:32:10.916,1.26306,1.26337,1.13,1.50
2012.10.23 03:32:13.900,1.26306,1.26338,1.13,2.07
2012.10.23 03:32:18.128,1.26308,1.26338,1.32,2.07
2012.10.23 03:32:18.429,1.2631,1.26339,2.07,2.25
2012.10.23 03:32:18.779,1.2631,1.26339,2.07,2.25
2012.10.23 03:32:20.109,1.26312,1.2634,1.13,2.25
2012.10.23 03:32:20.529,1.26313,1.26343,2.63,1.50
2012.10.23 03:32:22.667,1.26314,1.26344,1.50,3.75
2012.10.23 03:32:23.380,1.26314,1.26344,1.50,3.75
2012.10.23 03:32:24.679,1.26312,1.26344,1.13,1.50
2012.10.23 03:32:25.284,1.26312,1.26344,1.13,2.25
2012.10.23 03:32:25.749,1.26315,1.26345,1.32,2.25
2012.10.23 03:32:25.988,1.26319,1.26345,1.50,1.50
2012.10.23 03:32:26.189,1.26315,1.26345,2.82,2.25
2012.10.23 03:32:26.329,1.26314,1.26344,2.07,2.25
2012.10.23 03:32:26.869,1.26314,1.26343,1.50,1.50
2012.10.23 03:32:27.409,1.26313,1.26342,1.13,1.13
2012.10.23 03:32:27.529,1.26311,1.26342,2.25,1.88
2012.10.23 03:32:27.708,1.26311,1.2634,1.50,1.13
2012.10.23 03:32:28.518,1.2631,1.2634,1.50,1.13
2012.10.23 03:32:29.031,1.26311,1.26339,1.50,1.60
2012.10.23 03:32:32.720,1.26304,1.26339,2.25,3.10
2012.10.23 03:32:44.449,1.26304,1.26335,1.50,1.13
2012.10.23 03:32:48.911,1.26302,1.26331,2.25,1.50
2012.10.23 03:33:13.268,1.26295,1.26327,2.93,1.32
2012.10.23 03:33:41.460,1.26294,1.26326,3.83,1.32
2012.10.23 03:33:42.034,1.26295,1.26326,2.33,1.32
2012.10.23 03:33:44.742,1.26295,1.26328,3.83,3.94
2012.10.23 03:34:14.878,1.26295,1.26327,3.83,1.13
2012.10.23 03:34:25.549,1.26296,1.26327,2.25,1.86
2012.10.23 03:34:35.839,1.26296,1.26327,2.25,2.25
2012.10.23 03:34:36.609,1.26295,1.26327,3.83,1.13
2012.10.23 03:34:41.753,1.26296,1.26327,1.50,1.69
2012.10.23 03:34:43.989,1.26294,1.26327,1.88,1.13
2012.10.23 03:34:44.999,1.26295,1.26327,1.50,1.69
2012.10.23 03:34:48.041,1.26294,1.26327,1.88,1.13
2012.10.23 03:34:53.997,1.26297,1.26327,1.50,1.69
2012.10.23 03:34:54.988,1.26296,1.26327,1.50,1.13
2012.10.23 03:34:58.911,1.26297,1.26327,1.50,1.69
2012.10.23 03:35:00.228,1.26296,1.26327,1.50,1.13
2012.10.23 03:35:01.248,1.26297,1.26327,1.50,1.69
2012.10.23 03:35:01.953,1.26296,1.26327,1.50,1.69
2012.10.23 03:35:06.073,1.26296,1.26327,2.25,1.69
2012.10.23 03:35:44.098,1.26295,1.26327,1.88,2.44
2012.10.23 03:35:48.278,1.26295,1.26327,2.25,2.25
2012.10.23 03:35:50.297,1.26295,1.26327,2.25,1.69
2012.10.23 03:35:50.849,1.26295,1.26327,2.25,1.13
2012.10.23 03:35:51.181,1.26295,1.26325,3.75,1.88
2012.10.23 03:35:51.550,1.26294,1.26315,3.98,1.13
2012.10.23 03:35:53.530,1.26295,1.26313,3.08,1.13
2012.10.23 03:35:54.087,1.26294,1.26313,2.40,1.13
2012.10.23 03:35:58.950,1.26295,1.26313,2.93,1.13
2012.10.23 03:36:00.799,1.26294,1.26313,2.25,1.13
2012.10.23 03:36:08.099,1.26294,1.2631,2.55,1.13
2012.10.23 03:36:08.649,1.26295,1.2631,2.63,2.44
2012.10.23 03:36:11.618,1.26295,1.26309,2.63,1.32
2012.10.23 03:36:11.750,1.26295,1.26313,2.63,1.32
2012.10.23 03:36:11.811,1.26295,1.26314,2.63,2.07
2012.10.23 03:36:19.822,1.26295,1.26315,2.63,1.88
2012.10.23 03:36:20.011,1.26295,1.26321,2.63,1.32
2012.10.23 03:36:20.631,1.26295,1.26321,1.95,1.32
2012.10.23 03:36:20.951,1.26295,1.26319,1.95,1.50
2012.10.23 03:36:22.643,1.26295,1.26316,1.95,1.69
2012.10.23 03:36:24.679,1.26295,1.2632,1.95,1.32
2012.10.23 03:36:24.751,1.26295,1.26322,1.95,1.13
2012.10.23 03:36:24.892,1.26295,1.2632,1.95,1.32
2012.10.23 03:36:33.680,1.26295,1.26316,1.95,1.13
2012.10.23 03:36:35.048,1.26295,1.26317,1.95,1.13
2012.10.23 03:36:35.189,1.26295,1.26322,1.95,1.13
2012.10.23 03:36:37.360,1.26295,1.26317,1.95,1.13
2012.10.23 03:36:38.131,1.26295,1.26315,1.95,1.32
2012.10.23 03:36:57.738,1.26294,1.26315,2.63,1.32
2012.10.23 03:37:20.399,1.26295,1.26315,2.40,1.32
2012.10.23 03:37:20.959,1.26294,1.26315,2.25,1.32
2012.10.23 03:37:37.433,1.26294,1.26317,2.25,2.25
2012.10.23 03:37:43.399,1.26294,1.26316,2.25,1.13
2012.10.23 03:37:44.604,1.26294,1.26317,2.25,2.25
2012.10.23 03:38:35.134,1.26294,1.26317,2.48,1.13
2012.10.23 03:38:35.749,1.26294,1.26313,2.48,1.50
2012.10.23 03:38:35.869,1.26294,1.26318,2.48,2.82
2012.10.23 03:38:35.990,1.26294,1.26315,2.48,1.50
2012.10.23 03:38:36.310,1.26296,1.26318,2.25,1.69
2012.10.23 03:38:36.729,1.26295,1.26324,1.13,1.32
2012.10.23 03:38:37.270,1.26295,1.26324,2.48,1.32
2012.10.23 03:38:37.450,1.26296,1.26328,1.50,2.07
2012.10.23 03:38:37.990,1.26296,1.26328,1.50,1.50
2012.10.23 03:38:39.140,1.26296,1.26327,1.50,1.50
2012.10.23 03:38:39.788,1.26296,1.26328,1.50,1.50
2012.10.23 03:38:44.009,1.26296,1.2633,1.50,1.50
2012.10.23 03:38:45.009,1.26296,1.26334,3.00,1.50
2012.10.23 03:38:55.933,1.26295,1.26335,2.25,1.50
2012.10.23 03:39:09.349,1.26295,1.26331,1.73,1.50
2012.10.23 03:39:09.903,1.26295,1.26333,2.25,1.13
2012.10.23 03:39:10.459,1.26295,1.26332,4.35,1.79
2012.10.23 03:39:10.980,1.26295,1.26332,2.25,1.04
2012.10.23 03:39:11.461,1.26296,1.26334,2.07,1.32
2012.10.23 03:39:11.650,1.26296,1.26335,1.50,2.25
2012.10.23 03:39:11.889,1.26297,1.26334,1.32,1.32
2012.10.23 03:39:24.316,1.26298,1.26329,2.25,1.13
2012.10.23 03:39:30.430,1.26298,1.26322,2.25,1.13
2012.10.23 03:39:30.969,1.26298,1.2632,2.25,1.32
2012.10.23 03:39:44.011,1.26295,1.26321,1.80,1.13
2012.10.23 03:39:44.940,1.26295,1.26329,2.37,4.13
2012.10.23 03:39:45.001,1.263,1.26329,1.50,2.63
2012.10.23 03:39:45.520,1.263,1.26329,1.50,2.25
2012.10.23 03:39:46.159,1.263,1.26326,1.50,1.32
2012.10.23 03:39:47.921,1.26294,1.2632,2.70,1.32
2012.10.23 03:39:49.480,1.26296,1.26329,1.50,3.00
2012.10.23 03:39:49.982,1.26297,1.2633,1.50,2.25
2012.10.23 03:40:27.211,1.26305,1.26335,1.50,2.29
2012.10.23 03:40:27.340,1.26307,1.26337,2.25,1.50
2012.10.23 03:40:27.459,1.26311,1.26337,1.50,1.50
2012.10.23 03:40:27.879,1.26317,1.26341,1.50,1.32
2012.10.23 03:40:29.759,1.2631,1.26341,3.00,1.32
2012.10.23 03:40:44.309,1.2631,1.26336,1.50,1.13
2012.10.23 03:40:44.849,1.26309,1.26334,1.50,1.32
2012.10.23 03:40:44.969,1.26306,1.26334,1.50,1.32
2012.10.23 03:40:52.726,1.26306,1.26333,2.25,1.50
2012.10.23 03:40:53.122,1.26306,1.26329,2.25,1.88
2012.10.23 03:40:53.310,1.26306,1.26329,1.50,2.44
2012.10.23 03:40:53.702,1.26308,1.26329,1.50,1.69
2012.10.23 03:40:53.890,1.26307,1.2633,1.50,1.13
2012.10.23 03:40:53.949,1.26321,1.26337,1.13,1.84
2012.10.23 03:40:54.069,1.26321,1.2634,1.13,2.04
2012.10.23 03:40:54.250,1.26321,1.26348,1.13,2.25
2012.10.23 03:40:54.669,1.26319,1.26348,1.13,2.25
2012.10.23 03:41:02.662,1.26321,1.26349,1.13,2.25
2012.10.23 03:41:04.031,1.26329,1.2635,1.50,1.32
2012.10.23 03:41:04.470,1.26325,1.2635,2.01,1.32
2012.10.23 03:41:05.390,1.26325,1.2635,2.01,1.32
2012.10.23 03:41:05.908,1.26325,1.2635,1.64,1.32
2012.10.23 03:41:06.091,1.26322,1.2635,1.50,1.32
2012.10.23 03:41:06.639,1.26321,1.2635,1.26,1.32
2012.10.23 03:41:07.559,1.26321,1.2635,1.13,1.32
2012.10.23 03:41:10.830,1.26321,1.26352,1.88,3.75
2012.10.23 03:41:12.089,1.26322,1.26352,1.50,1.69
2012.10.23 03:41:12.160,1.26322,1.26352,1.50,1.13
2012.10.23 03:41:12.680,1.26324,1.26352,1.50,2.07
2012.10.23 03:41:12.800,1.26324,1.26352,2.25,2.07
2012.10.23 03:41:14.038,1.26324,1.26351,2.25,1.50
2012.10.23 03:41:14.607,1.26324,1.2635,2.25,1.50
2012.10.23 03:41:17.472,1.26324,1.26351,2.25,1.50
2012.10.23 03:41:17.831,1.26325,1.26351,1.50,1.50
2012.10.23 03:41:18.381,1.26325,1.2635,1.50,1.50
2012.10.23 03:41:18.500,1.26321,1.26351,1.88,1.50
2012.10.23 03:41:19.051,1.26321,1.26351,1.88,1.50
2012.10.23 03:41:19.594,1.26321,1.2635,1.13,1.50
2012.10.23 03:41:22.769,1.26321,1.26351,1.88,2.07
2012.10.23 03:41:29.600,1.26321,1.26344,1.13,1.32
2012.10.23 03:41:29.730,1.2632,1.26344,1.50,1.32
2012.10.23 03:41:29.790,1.26318,1.26344,1.50,1.32
2012.10.23 03:41:29.849,1.26316,1.26344,2.25,1.32
2012.10.23 03:41:30.149,1.26316,1.26343,1.50,1.50
2012.10.23 03:41:31.990,1.26316,1.26342,1.50,1.13
2012.10.23 03:41:32.050,1.26316,1.26342,2.25,1.13
2012.10.23 03:41:32.789,1.26316,1.26342,5.40,1.69
2012.10.23 03:41:33.161,1.26321,1.26342,1.50,1.69
2012.10.23 03:41:33.351,1.26322,1.26347,2.25,1.04
2012.10.23 03:41:34.029,1.26322,1.2635,2.25,1.79
2012.10.23 03:41:36.086,1.26322,1.2635,2.25,1.50
2012.10.23 03:41:37.196,1.26322,1.26349,2.63,1.50
2012.10.23 03:41:38.919,1.26322,1.2635,2.25,2.25
2012.10.23 03:41:41.449,1.26322,1.2635,2.25,2.25
2012.10.23 03:41:41.640,1.26322,1.26349,2.25,1.50
2012.10.23 03:41:41.819,1.26316,1.26346,2.25,1.50
2012.10.23 03:41:42.733,1.26317,1.26347,2.10,1.79
2012.10.23 03:41:44.259,1.26316,1.26347,2.25,1.32
2012.10.23 03:41:45.427,1.26316,1.26347,2.39,1.32
2012.10.23 03:41:45.879,1.26316,1.26346,2.39,1.32
2012.10.23 03:41:46.689,1.26316,1.26344,1.50,1.13
2012.10.23 03:41:46.750,1.26315,1.26344,1.50,1.13
2012.10.23 03:41:47.109,1.26316,1.26344,2.25,1.13
2012.10.23 03:41:47.173,1.26316,1.26344,2.39,1.13
2012.10.23 03:41:52.610,1.26316,1.26344,2.25,1.13
2012.10.23 03:41:52.969,1.26316,1.26344,3.68,1.88
2012.10.23 03:42:04.520,1.26321,1.26346,1.50,2.25
2012.10.23 03:42:04.581,1.26321,1.26346,1.50,2.25
2012.10.23 03:42:05.284,1.26322,1.26347,2.25,1.50
2012.10.23 03:42:07.350,1.26322,1.26346,2.25,1.50
2012.10.23 03:42:07.680,1.26327,1.26346,1.50,1.50
2012.10.23 03:42:08.300,1.26327,1.26347,1.50,1.50
2012.10.23 03:42:08.899,1.26322,1.26347,2.37,1.50
2012.10.23 03:42:09.616,1.26322,1.26346,2.37,1.50
2012.10.23 03:42:10.680,1.26325,1.26346,1.50,1.50
2012.10.23 03:42:11.040,1.26327,1.26349,1.50,1.50
2012.10.23 03:42:11.691,1.26327,1.2635,3.00,2.25
2012.10.23 03:42:12.051,1.2632,1.2635,2.25,2.25
2012.10.23 03:42:12.171,1.26326,1.2635,1.50,2.25
2012.10.23 03:42:12.520,1.26326,1.26349,1.50,2.25
2012.10.23 03:42:12.849,1.26326,1.2635,2.33,2.25
2012.10.23 03:42:13.260,1.26326,1.26349,2.33,2.25
2012.10.23 03:42:14.161,1.26324,1.2635,1.50,1.50
2012.10.23 03:42:14.350,1.26323,1.2635,2.25,2.25
2012.10.23 03:42:15.429,1.26321,1.2635,1.50,2.25
2012.10.23 03:42:16.166,1.26321,1.26349,1.50,1.50
2012.10.23 03:42:16.670,1.26324,1.26349,2.25,1.50
2012.10.23 03:42:17.209,1.26324,1.2635,2.25,2.25
2012.10.23 03:42:19.067,1.26324,1.2635,1.50,2.25
2012.10.23 03:42:22.720,1.26324,1.2635,2.25,2.25
2012.10.23 03:42:23.860,1.26324,1.26349,2.25,1.50
2012.10.23 03:42:27.179,1.26324,1.2635,2.25,2.25
2012.10.23 03:42:31.210,1.26323,1.26349,1.50,1.50
2012.10.23 03:42:31.743,1.26321,1.26349,3.00,1.50
2012.10.23 03:42:32.716,1.26321,1.26349,4.58,1.50
2012.10.23 03:42:34.071,1.26321,1.2635,4.58,2.25
2012.10.23 03:42:34.429,1.26321,1.2635,4.58,2.25
2012.10.23 03:42:35.460,1.26321,1.26349,4.58,1.50
2012.10.23 03:42:42.722,1.26321,1.26349,3.08,1.50
2012.10.23 03:42:44.140,1.26321,1.26348,3.00,1.50
2012.10.23 03:42:46.011,1.26321,1.26349,3.00,1.50
2012.10.23 03:42:46.545,1.26321,1.26348,3.00,1.50
2012.10.23 03:42:53.141,1.26321,1.26348,4.80,1.50
2012.10.23 03:42:54.040,1.26321,1.26349,4.80,1.50
2012.10.23 03:42:57.511,1.26321,1.26348,5.18,1.50
2012.10.23 03:42:58.901,1.26321,1.26349,4.80,1.50
2012.10.23 03:43:00.209,1.26322,1.26348,1.13,1.50
2012.10.23 03:43:00.773,1.26321,1.26349,5.18,2.25
2012.10.23 03:43:02.717,1.26322,1.26349,1.80,2.25
2012.10.23 03:43:12.721,1.26321,1.2635,4.80,2.25
2012.10.23 03:43:26.579,1.26321,1.2635,2.25,2.25
2012.10.23 03:43:28.109,1.26323,1.2635,1.13,2.25
2012.10.23 03:43:28.441,1.26329,1.26349,1.50,2.25
2012.10.23 03:43:29.009,1.26329,1.2635,1.50,1.50
2012.10.23 03:43:29.550,1.26329,1.26349,1.50,1.50
2012.10.23 03:43:30.193,1.26329,1.2635,1.50,1.50
2012.10.23 03:43:30.865,1.26329,1.26349,1.50,1.50
2012.10.23 03:43:31.521,1.26329,1.2635,1.50,1.50
2012.10.23 03:43:33.174,1.26327,1.2635,2.25,1.50
2012.10.23 03:43:33.299,1.26327,1.26349,1.50,1.50
2012.10.23 03:43:33.843,1.26327,1.2635,1.50,1.50
2012.10.23 03:43:34.503,1.26327,1.26349,1.50,1.50
2012.10.23 03:43:38.759,1.26327,1.26353,2.25,2.25
2012.10.23 03:43:39.393,1.26327,1.26352,2.25,1.50
2012.10.23 03:43:42.721,1.26327,1.2635,1.50,1.13
2012.10.23 03:43:42.790,1.26321,1.2635,1.50,1.13
2012.10.23 03:43:42.970,1.26321,1.26352,3.75,2.10
2012.10.23 03:43:43.031,1.26324,1.2635,1.50,1.13
2012.10.23 03:43:43.389,1.26327,1.26352,1.50,2.25
2012.10.23 03:43:43.749,1.26324,1.26353,1.50,2.25
2012.10.23 03:43:44.546,1.26322,1.26352,1.88,2.25
2012.10.23 03:43:49.866,1.26323,1.26352,1.13,2.25
2012.10.23 03:43:50.231,1.26325,1.26348,3.00,1.50
2012.10.23 03:43:50.784,1.26325,1.26349,3.00,1.50
2012.10.23 03:43:52.249,1.26325,1.26348,3.00,1.50
2012.10.23 03:43:52.820,1.26325,1.26349,3.00,1.50
2012.10.23 03:43:54.424,1.26325,1.26349,3.00,2.25
2012.10.23 03:43:55.608,1.26327,1.26349,1.88,2.25
2012.10.23 03:43:55.920,1.2633,1.26349,1.50,1.50
2012.10.23 03:43:56.429,1.2633,1.26348,1.50,1.50
2012.10.23 03:43:56.649,1.26329,1.26349,2.89,1.50
2012.10.23 03:43:57.194,1.26327,1.26349,1.69,1.50
2012.10.23 03:43:58.129,1.26326,1.26349,1.88,1.50
2012.10.23 03:43:58.865,1.26324,1.26349,3.00,1.50
2012.10.23 03:44:00.419,1.26324,1.26352,3.00,1.50
2012.10.23 03:44:02.030,1.26324,1.26353,3.00,1.50
2012.10.23 03:44:02.790,1.26324,1.26352,3.00,1.50
2012.10.23 03:44:03.986,1.26324,1.26353,3.00,1.50
2012.10.23 03:44:04.554,1.26324,1.26352,3.08,1.50
2012.10.23 03:44:05.190,1.26324,1.26353,3.08,1.50
2012.10.23 03:44:06.094,1.26324,1.26352,3.08,1.50
2012.10.23 03:44:06.791,1.26326,1.26352,1.58,1.50
2012.10.23 03:44:08.290,1.26326,1.26353,1.50,1.50
2012.10.23 03:44:10.771,1.26326,1.26354,1.50,2.25
2012.10.23 03:44:12.473,1.26326,1.26353,1.50,1.50
2012.10.23 03:44:14.100,1.26326,1.26354,1.50,2.25
2012.10.23 03:44:18.225,1.26326,1.26353,3.00,1.50
2012.10.23 03:44:19.534,1.26326,1.26354,3.00,2.25
2012.10.23 03:44:20.040,1.26325,1.26354,3.00,2.82
2012.10.23 03:44:20.220,1.26328,1.26353,1.50,2.07
2012.10.23 03:44:20.341,1.26324,1.26353,1.50,2.07
2012.10.23 03:44:20.735,1.26324,1.26354,2.63,2.82
2012.10.23 03:44:21.061,1.26329,1.2635,1.50,1.50
2012.10.23 03:44:21.609,1.26324,1.2635,2.44,1.50
2012.10.23 03:44:22.970,1.26324,1.26349,2.44,1.50
2012.10.23 03:44:25.800,1.26324,1.2635,1.88,1.50
2012.10.23 03:44:27.230,1.26324,1.2635,1.88,2.25
2012.10.23 03:44:38.575,1.26324,1.26348,1.50,1.13
2012.10.23 03:44:39.132,1.26321,1.26346,1.88,1.50
2012.10.23 03:44:39.206,1.26322,1.26347,1.50,1.13
2012.10.23 03:44:39.449,1.26324,1.26352,1.50,1.50
2012.10.23 03:44:39.690,1.26322,1.26353,3.00,3.00
2012.10.23 03:44:50.211,1.26322,1.26349,1.50,1.50
2012.10.23 03:44:53.741,1.26322,1.26348,1.50,1.50
2012.10.23 03:44:54.302,1.26322,1.26347,1.50,1.50
2012.10.23 03:44:54.791,1.26322,1.26348,2.25,1.50
2012.10.23 03:44:55.330,1.26324,1.26348,1.32,1.50
2012.10.23 03:44:59.911,1.26332,1.26347,1.13,1.50
2012.10.23 03:45:00.462,1.26336,1.26348,1.13,1.50
2012.10.23 03:45:01.132,1.26332,1.26348,1.13,1.50
2012.10.23 03:45:01.200,1.2633,1.26347,2.25,1.50
2012.10.23 03:45:01.259,1.2633,1.26348,1.50,1.50
2012.10.23 03:45:01.320,1.26326,1.26348,2.07,1.50
2012.10.23 03:45:01.700,1.26326,1.26355,2.07,1.50
2012.10.23 03:45:02.314,1.26326,1.26354,2.54,1.50
2012.10.23 03:45:03.048,1.26326,1.26354,2.54,1.50
2012.10.23 03:45:04.100,1.26327,1.26355,1.13,1.50
2012.10.23 03:45:04.692,1.26327,1.26354,1.13,1.50
2012.10.23 03:45:08.712,1.26342,1.26354,1.88,1.50
2012.10.23 03:45:08.780,1.26342,1.26361,1.13,2.25
2012.10.23 03:45:08.901,1.26342,1.26361,1.13,2.25
2012.10.23 03:45:09.201,1.26337,1.26362,1.50,2.25
2012.10.23 03:45:09.263,1.26332,1.26362,1.50,2.25
2012.10.23 03:45:09.690,1.26332,1.26362,1.50,2.25
2012.10.23 03:45:11.950,1.26331,1.26357,1.13,1.32
2012.10.23 03:45:12.190,1.26326,1.26354,1.50,1.50
2012.10.23 03:45:12.859,1.26326,1.26355,2.25,1.50
2012.10.23 03:45:14.350,1.26326,1.26352,2.25,1.13
2012.10.23 03:45:14.530,1.26323,1.2635,1.50,1.32
2012.10.23 03:45:23.970,1.26323,1.26352,1.50,2.07
2012.10.23 03:45:24.090,1.26323,1.26351,2.25,1.50
2012.10.23 03:45:24.633,1.26327,1.26351,1.50,1.50
2012.10.23 03:45:25.148,1.26327,1.26352,1.50,2.25
2012.10.23 03:45:26.701,1.26327,1.26351,1.50,1.50
2012.10.23 03:45:28.760,1.26327,1.26352,1.50,2.25
2012.10.23 03:45:34.716,1.26327,1.26351,2.25,1.50
2012.10.23 03:45:36.700,1.26323,1.26351,2.25,2.82
2012.10.23 03:45:36.763,1.26323,1.26351,1.50,1.32
2012.10.23 03:45:36.892,1.26323,1.26352,2.25,2.82
2012.10.23 03:45:37.200,1.26328,1.26351,2.25,2.07
2012.10.23 03:45:38.880,1.26328,1.26353,2.25,1.13
2012.10.23 03:45:38.999,1.26328,1.26355,2.25,2.25
2012.10.23 03:45:43.141,1.2633,1.26355,1.50,1.50
2012.10.23 03:45:43.331,1.26332,1.26355,2.25,1.50
2012.10.23 03:45:44.892,1.26335,1.26356,1.50,1.50
2012.10.23 03:45:45.396,1.26352,1.26365,1.50,1.32
2012.10.23 03:45:45.522,1.26352,1.26374,1.50,4.95
2012.10.23 03:45:45.591,1.26346,1.26356,1.13,1.50
2012.10.23 03:45:45.662,1.26342,1.26356,1.50,1.50
2012.10.23 03:45:45.732,1.26338,1.26356,1.50,1.50
2012.10.23 03:45:45.800,1.26337,1.26355,2.07,1.50
2012.10.23 03:45:46.172,1.26342,1.26355,1.13,1.50
2012.10.23 03:45:46.731,1.26342,1.26356,1.69,1.50
2012.10.23 03:45:47.580,1.26341,1.26356,1.88,1.50
2012.10.23 03:45:47.969,1.26338,1.26355,1.32,1.50
2012.10.23 03:45:48.149,1.26338,1.26355,1.32,1.50
2012.10.23 03:45:48.857,1.26338,1.26356,1.32,1.50
2012.10.23 03:45:49.020,1.26338,1.26355,1.32,1.50
2012.10.23 03:45:49.656,1.26338,1.26356,1.32,1.50
2012.10.23 03:45:51.215,1.26338,1.26356,1.32,1.50
2012.10.23 03:45:51.789,1.26337,1.26355,1.32,1.50
2012.10.23 03:45:56.301,1.26337,1.26359,1.32,2.25
2012.10.23 03:45:57.221,1.26337,1.26359,1.32,2.25
2012.10.23 03:45:59.090,1.26337,1.26358,1.32,2.25
2012.10.23 03:45:59.156,1.26337,1.26358,1.32,2.25
2012.10.23 03:46:01.870,1.26336,1.26358,1.88,2.25
2012.10.23 03:46:02.300,1.26331,1.26358,1.32,1.50
2012.10.23 03:46:03.850,1.2633,1.26358,1.88,3.00
2012.10.23 03:46:04.740,1.26326,1.26354,2.82,1.50
2012.10.23 03:46:09.130,1.26321,1.26354,2.25,3.57
2012.10.23 03:46:09.680,1.2632,1.26354,2.25,2.07
2012.10.23 03:46:10.849,1.26321,1.26354,2.25,3.94
2012.10.23 03:46:11.151,1.26321,1.26347,1.50,1.73
2012.10.23 03:46:11.211,1.26321,1.26347,1.50,1.50
2012.10.23 03:46:11.396,1.2632,1.26347,1.50,1.50
2012.10.23 03:46:12.142,1.2632,1.26349,2.25,1.54
2012.10.23 03:46:12.690,1.26322,1.2635,1.50,1.69
2012.10.23 03:46:13.298,1.26321,1.2635,2.63,1.13
2012.10.23 03:46:13.419,1.26321,1.26354,2.63,3.00
2012.10.23 03:46:14.222,1.26321,1.26352,1.13,1.50
2012.10.23 03:46:14.930,1.26321,1.26353,1.13,2.25
2012.10.23 03:46:18.330,1.26321,1.26351,1.13,1.50
2012.10.23 03:46:22.195,1.26321,1.26352,1.13,1.50
2012.10.23 03:46:22.755,1.26321,1.26352,1.88,1.50
2012.10.23 03:46:30.390,1.26321,1.26351,1.88,1.13
2012.10.23 03:46:30.452,1.26318,1.26349,1.13,1.32
2012.10.23 03:46:30.521,1.26317,1.26349,2.25,1.32
2012.10.23 03:46:31.285,1.26317,1.26349,1.50,1.32
2012.10.23 03:46:31.520,1.26317,1.26349,1.50,1.69
2012.10.23 03:46:32.050,1.26318,1.26349,1.50,1.97
2012.10.23 03:46:32.784,1.26318,1.26349,2.25,1.97
2012.10.23 03:46:34.360,1.26316,1.26349,2.25,1.69
2012.10.23 03:46:34.600,1.26316,1.26345,1.50,1.13
2012.10.23 03:46:35.171,1.26316,1.26349,2.25,2.05
2012.10.23 03:46:36.008,1.26317,1.26349,1.50,2.24
2012.10.23 03:46:36.556,1.26316,1.26349,2.25,1.88
2012.10.23 03:46:40.751,1.26317,1.26349,1.50,1.79
2012.10.23 03:46:40.953,1.26316,1.26344,1.50,1.50
2012.10.23 03:46:41.152,1.26316,1.2634,1.50,1.35
2012.10.23 03:46:41.410,1.26316,1.26341,1.50,1.65
2012.10.23 03:46:41.721,1.26317,1.26347,1.50,2.10
2012.10.23 03:46:42.338,1.26316,1.26347,1.50,1.88
2012.10.23 03:46:42.770,1.26316,1.26347,2.25,1.88
2012.10.23 03:46:44.200,1.26312,1.26342,2.40,1.50
2012.10.23 03:46:46.840,1.26311,1.26342,3.00,1.50
2012.10.23 03:46:48.152,1.26311,1.26341,3.00,1.13
2012.10.23 03:46:48.282,1.26309,1.26339,2.25,1.32
2012.10.23 03:46:48.971,1.2631,1.26339,1.50,1.60
2012.10.23 03:46:51.113,1.2631,1.26338,1.50,1.04
2012.10.23 03:46:52.853,1.2631,1.26338,2.25,1.04
2012.10.23 03:46:53.450,1.26309,1.26338,2.25,1.04
2012.10.23 03:47:00.637,1.26313,1.26338,1.50,1.04
2012.10.23 03:47:04.242,1.26313,1.26338,1.50,1.04
2012.10.23 03:47:13.881,1.26312,1.26338,1.50,1.04
2012.10.23 03:47:14.627,1.26313,1.26338,1.50,1.04
2012.10.23 03:47:23.105,1.26313,1.2634,1.50,1.32
2012.10.23 03:47:23.697,1.26312,1.2634,1.50,1.32
2012.10.23 03:47:25.730,1.26303,1.26339,1.69,1.60
2012.10.23 03:47:26.241,1.26303,1.26338,1.69,1.50
2012.10.23 03:47:26.891,1.26303,1.26334,1.22,1.32
2012.10.23 03:47:26.950,1.26302,1.26334,2.25,1.32
2012.10.23 03:47:31.592,1.26302,1.26333,3.00,1.69
2012.10.23 03:47:31.661,1.26302,1.2633,1.50,1.13
2012.10.23 03:47:31.962,1.26301,1.26328,1.50,1.32
2012.10.23 03:47:32.211,1.26301,1.26328,1.50,2.07
2012.10.23 03:47:32.393,1.26301,1.2633,2.25,2.25
2012.10.23 03:47:32.904,1.26302,1.26329,1.50,1.13
2012.10.23 03:47:33.177,1.26302,1.26333,2.25,1.69
2012.10.23 03:47:33.243,1.26302,1.26333,2.25,1.13
2012.10.23 03:47:33.377,1.26302,1.26333,1.50,1.13
2012.10.23 03:47:33.443,1.26302,1.26332,1.50,1.13
2012.10.23 03:47:33.948,1.26301,1.26332,2.25,1.13
2012.10.23 03:47:34.681,1.26301,1.26333,2.25,1.13
2012.10.23 03:47:36.101,1.26301,1.26336,3.75,2.44
2012.10.23 03:47:36.161,1.26306,1.26336,3.00,1.32
2012.10.23 03:47:36.282,1.26307,1.26338,1.50,2.44
2012.10.23 03:47:39.142,1.26307,1.26338,2.07,1.32
2012.10.23 03:47:42.324,1.26309,1.26339,1.50,1.50
2012.10.23 03:47:42.632,1.26318,1.26342,1.50,2.25
2012.10.23 03:47:42.961,1.26312,1.26341,1.50,1.50
2012.10.23 03:47:43.202,1.26308,1.26341,1.69,2.25
2012.10.23 03:47:43.391,1.26309,1.26341,1.13,2.25
2012.10.23 03:47:43.451,1.26312,1.26342,1.50,1.88
2012.10.23 03:47:44.050,1.26312,1.26341,1.50,1.50
2012.10.23 03:47:44.241,1.26307,1.26341,1.50,1.32
2012.10.23 03:47:44.360,1.26306,1.26339,1.50,1.50
2012.10.23 03:47:45.357,1.26306,1.26336,1.50,1.13
2012.10.23 03:47:45.481,1.26302,1.26334,1.32,1.69
2012.10.23 03:47:46.440,1.26302,1.26334,2.25,1.97
2012.10.23 03:47:47.730,1.26302,1.26334,2.25,1.69
2012.10.23 03:47:53.219,1.26301,1.26329,2.25,1.13
2012.10.23 03:47:53.290,1.26302,1.26327,1.50,1.32
2012.10.23 03:47:55.830,1.26302,1.26327,1.79,1.32
2012.10.23 03:48:00.390,1.26299,1.26327,3.00,1.32
2012.10.23 03:48:02.080,1.26299,1.26322,3.00,1.13
2012.10.23 03:48:02.439,1.263,1.2632,1.50,1.32
2012.10.23 03:48:07.940,1.263,1.26323,2.25,1.50
2012.10.23 03:48:08.061,1.263,1.26325,1.50,1.69
2012.10.23 03:48:08.804,1.26299,1.26325,1.50,1.69
2012.10.23 03:48:12.394,1.26299,1.26319,1.50,1.13
2012.10.23 03:48:12.762,1.26297,1.26319,2.25,1.13
2012.10.23 03:48:12.954,1.26297,1.26319,1.50,1.13
2012.10.23 03:48:13.508,1.26298,1.26319,1.50,1.13
2012.10.23 03:48:14.907,1.26298,1.26319,2.25,1.13
2012.10.23 03:48:27.531,1.26294,1.26314,2.25,1.32
2012.10.23 03:48:29.502,1.26294,1.2632,2.25,1.92
2012.10.23 03:48:30.620,1.26297,1.26321,1.50,2.07
2012.10.23 03:48:31.127,1.26297,1.26321,1.50,2.07
2012.10.23 03:48:33.121,1.26297,1.2632,1.50,1.69
2012.10.23 03:48:33.660,1.26297,1.26322,1.50,2.25
2012.10.23 03:48:34.621,1.26297,1.26323,1.50,1.13
2012.10.23 03:48:34.741,1.26297,1.26325,1.50,1.13
2012.10.23 03:48:36.255,1.26302,1.26333,1.50,1.50
2012.10.23 03:48:36.330,1.26302,1.26336,1.50,2.25
2012.10.23 03:48:36.945,1.26302,1.26334,1.50,1.11
2012.10.23 03:48:42.731,1.26304,1.26334,1.50,1.11
2012.10.23 03:48:47.413,1.26306,1.26336,2.07,1.50
2012.10.23 03:48:47.600,1.26306,1.26338,2.07,3.00
2012.10.23 03:48:48.121,1.26306,1.26337,2.07,1.50
2012.10.23 03:48:48.746,1.26306,1.26338,2.07,1.50
2012.10.23 03:48:49.312,1.26306,1.26337,2.07,1.50
2012.10.23 03:48:51.382,1.26306,1.26338,1.50,1.50
2012.10.23 03:48:52.076,1.26306,1.26338,1.50,2.63
2012.10.23 03:48:52.487,1.26303,1.26336,1.50,2.82
2012.10.23 03:48:52.813,1.26305,1.26336,1.50,2.82
2012.10.23 03:49:02.708,1.26304,1.26336,1.50,1.32
2012.10.23 03:49:10.421,1.26306,1.26339,1.50,2.63
2012.10.23 03:49:10.540,1.26306,1.26338,1.50,1.50
2012.10.23 03:49:10.975,1.26309,1.26339,1.50,1.50
2012.10.23 03:49:11.503,1.26311,1.26339,1.50,1.50
2012.10.23 03:49:12.082,1.26309,1.26338,2.25,1.50
2012.10.23 03:49:12.612,1.26309,1.26338,1.50,1.50
2012.10.23 03:49:12.672,1.26309,1.26338,1.50,1.50
2012.10.23 03:49:13.236,1.26309,1.26339,1.50,1.50
2012.10.23 03:49:13.486,1.26307,1.26339,1.13,2.25
2012.10.23 03:49:13.731,1.26306,1.2634,1.13,2.07
2012.10.23 03:49:14.609,1.26305,1.26338,2.25,1.13
2012.10.23 03:49:14.672,1.26305,1.26334,2.25,1.32
2012.10.23 03:49:15.162,1.26305,1.26333,1.50,1.32
2012.10.23 03:49:15.400,1.26306,1.26333,1.50,1.32
2012.10.23 03:49:15.986,1.26305,1.26333,1.50,1.32
2012.10.23 03:49:16.557,1.26306,1.26333,1.50,1.32
2012.10.23 03:49:16.682,1.26306,1.26335,1.50,1.13
2012.10.23 03:49:16.750,1.26305,1.26338,1.50,2.25
2012.10.23 03:49:17.360,1.26306,1.26339,1.50,1.32
2012.10.23 03:49:17.481,1.26306,1.26339,1.50,1.32
2012.10.23 03:49:17.998,1.26305,1.26339,1.50,1.32
2012.10.23 03:49:18.312,1.26305,1.26327,1.50,1.32
2012.10.23 03:49:18.501,1.26305,1.26329,1.50,1.69
2012.10.23 03:49:19.217,1.26306,1.26329,1.50,2.25
2012.10.23 03:49:20.420,1.26306,1.26333,1.50,2.44
2012.10.23 03:49:20.561,1.26305,1.26333,1.50,1.69
2012.10.23 03:49:21.092,1.26306,1.26333,1.50,1.69
2012.10.23 03:49:22.780,1.26302,1.26333,1.50,1.69
2012.10.23 03:49:29.931,1.26298,1.26326,2.37,1.32
2012.10.23 03:49:32.151,1.26298,1.26327,2.37,1.69
2012.10.23 03:49:32.392,1.26304,1.26328,1.50,2.25
2012.10.23 03:49:32.940,1.26304,1.26328,1.50,2.25
2012.10.23 03:49:34.890,1.26305,1.26328,1.50,1.13
2012.10.23 03:49:35.191,1.26303,1.26333,2.25,1.28
2012.10.23 03:49:35.750,1.26302,1.26331,2.25,1.58
2012.10.23 03:49:36.289,1.26302,1.26331,2.25,1.35
2012.10.23 03:49:44.521,1.26297,1.26326,1.50,1.60
2012.10.23 03:50:05.331,1.26304,1.26324,1.50,1.50
2012.10.23 03:50:05.635,1.26304,1.26324,1.50,1.04
2012.10.23 03:50:07.590,1.26295,1.2632,2.85,1.32
2012.10.23 03:50:13.491,1.263,1.26325,1.50,1.32
2012.10.23 03:50:14.110,1.26297,1.26325,1.50,1.32
2012.10.23 03:50:14.675,1.26297,1.26325,1.50,1.32
2012.10.23 03:50:16.591,1.26296,1.26324,3.00,1.13
2012.10.23 03:50:17.530,1.26296,1.26324,2.25,2.16
2012.10.23 03:50:18.067,1.26295,1.2632,3.45,1.32
2012.10.23 03:50:18.903,1.26295,1.26322,3.45,2.25
2012.10.23 03:50:22.545,1.26298,1.26321,1.04,1.13
2012.10.23 03:50:22.671,1.26297,1.26326,1.79,1.32
2012.10.23 03:50:31.522,1.26298,1.26325,1.04,1.32
2012.10.23 03:50:33.358,1.26297,1.26325,1.04,1.32
2012.10.23 03:50:42.591,1.26299,1.26326,2.25,1.32
2012.10.23 03:50:43.954,1.26299,1.26324,2.25,1.13
2012.10.23 03:50:58.151,1.26298,1.26327,2.25,2.63
2012.10.23 03:51:00.632,1.26299,1.26327,1.50,1.13
2012.10.23 03:51:00.763,1.26298,1.26326,2.25,1.32
2012.10.23 03:51:01.502,1.26298,1.26326,2.25,2.07
2012.10.23 03:51:02.390,1.26297,1.26319,2.25,1.32
2012.10.23 03:51:05.447,1.26295,1.26321,3.00,1.13
2012.10.23 03:51:06.334,1.26295,1.26322,4.50,1.13
2012.10.23 03:51:06.461,1.26295,1.26325,3.00,1.32
2012.10.23 03:51:06.980,1.26295,1.26325,3.00,1.32
2012.10.23 03:51:07.706,1.26295,1.26325,3.83,1.32
2012.10.23 03:51:18.691,1.26297,1.26325,1.50,1.32
2012.10.23 03:51:18.931,1.26297,1.26325,1.50,1.32
2012.10.23 03:51:19.661,1.26295,1.26323,1.73,1.13
2012.10.23 03:51:21.782,1.26294,1.26321,3.75,1.32
2012.10.23 03:51:25.358,1.26298,1.26315,2.25,1.13
2012.10.23 03:51:25.911,1.26298,1.26315,1.50,1.69
2012.10.23 03:51:26.451,1.26303,1.26315,1.50,2.25
2012.10.23 03:51:26.571,1.26297,1.26321,1.89,1.32
2012.10.23 03:51:26.672,1.26304,1.26321,1.50,1.32
2012.10.23 03:51:26.749,1.26304,1.26322,1.50,1.13
2012.10.23 03:51:36.411,1.26305,1.26322,1.50,2.25
2012.10.23 03:51:37.092,1.26303,1.26322,1.50,1.69
2012.10.23 03:51:37.821,1.26303,1.26322,1.50,1.69
2012.10.23 03:51:38.901,1.26303,1.2632,1.50,1.32
2012.10.23 03:51:39.204,1.26302,1.26317,1.50,2.25
2012.10.23 03:51:41.382,1.26302,1.26317,1.50,1.13
2012.10.23 03:51:41.446,1.26302,1.26317,1.50,3.38
2012.10.23 03:51:41.643,1.26296,1.26317,1.50,1.50
2012.10.23 03:51:41.771,1.26302,1.26321,1.50,1.54
2012.10.23 03:51:42.331,1.26302,1.26322,1.50,1.13
2012.10.23 03:51:42.864,1.26302,1.26323,1.50,1.13
2012.10.23 03:51:42.993,1.26303,1.26329,1.50,2.80
2012.10.23 03:51:46.441,1.26303,1.26329,1.50,2.07
2012.10.23 03:51:49.097,1.26303,1.26329,1.50,1.32
2012.10.23 03:51:49.282,1.26305,1.26334,1.50,3.57
2012.10.23 03:51:49.412,1.26306,1.26334,1.50,2.07
2012.10.23 03:51:49.924,1.26305,1.26333,1.50,1.50
2012.10.23 03:51:50.450,1.26305,1.26334,1.50,2.07
2012.10.23 03:51:51.490,1.26305,1.26333,1.50,1.50
2012.10.23 03:51:52.020,1.26305,1.26334,1.50,2.07
2012.10.23 03:51:52.570,1.26305,1.26333,1.50,1.50
2012.10.23 03:51:56.713,1.26304,1.26334,1.50,2.07
2012.10.23 03:51:57.267,1.26304,1.26333,1.50,1.50
2012.10.23 03:51:57.443,1.26304,1.26334,1.50,2.07
2012.10.23 03:51:57.783,1.26308,1.26335,1.50,1.69
2012.10.23 03:51:58.840,1.26308,1.26335,1.50,1.13
2012.10.23 03:51:59.242,1.26306,1.26338,1.50,1.50
2012.10.23 03:51:59.313,1.26305,1.26338,1.50,1.50
2012.10.23 03:51:59.451,1.26305,1.26338,1.50,1.50
2012.10.23 03:52:00.277,1.26305,1.26334,1.50,2.25
2012.10.23 03:52:00.591,1.26305,1.26328,1.50,1.13
2012.10.23 03:52:04.360,1.26305,1.26329,1.50,1.13
2012.10.23 03:52:04.501,1.26305,1.26333,1.50,1.69
2012.10.23 03:52:07.371,1.26305,1.26333,1.50,1.32
2012.10.23 03:52:14.843,1.26305,1.26336,1.50,1.13
2012.10.23 03:52:15.362,1.26305,1.26337,1.50,1.50
2012.10.23 03:52:16.974,1.26311,1.26336,1.50,1.50
2012.10.23 03:52:19.062,1.26307,1.26336,1.50,1.50
2012.10.23 03:52:19.620,1.26307,1.26337,1.50,1.50
2012.10.23 03:52:20.131,1.26307,1.26336,1.50,1.50
2012.10.23 03:52:20.320,1.26307,1.26338,1.50,1.13
2012.10.23 03:52:20.825,1.26307,1.26338,1.50,1.88
2012.10.23 03:52:23.855,1.26307,1.26337,1.50,1.13
2012.10.23 03:52:23.923,1.26304,1.26334,1.50,1.32
2012.10.23 03:52:24.370,1.26304,1.26334,1.50,1.32
2012.10.23 03:52:24.924,1.26305,1.26333,1.50,1.50
2012.10.23 03:52:26.652,1.26305,1.26336,2.25,1.88
2012.10.23 03:52:36.280,1.26306,1.26335,1.50,2.25
2012.10.23 03:52:36.904,1.26306,1.26334,1.50,1.50
2012.10.23 03:52:38.171,1.26308,1.26334,1.32,1.50
2012.10.23 03:52:38.530,1.26312,1.26335,1.50,1.50
2012.10.23 03:52:38.782,1.26312,1.26343,1.50,1.50
2012.10.23 03:52:39.379,1.26312,1.26345,1.50,1.50
2012.10.23 03:52:43.519,1.26311,1.2634,2.25,1.32
2012.10.23 03:52:43.922,1.26306,1.26339,1.50,1.50
2012.10.23 03:52:47.172,1.26306,1.26339,3.27,1.50
2012.10.23 03:52:49.183,1.26306,1.26339,1.50,1.50
2012.10.23 03:52:52.303,1.26306,1.26339,1.50,1.50
2012.10.23 03:52:55.061,1.26306,1.26339,1.50,1.88
2012.10.23 03:52:55.241,1.26306,1.26339,1.50,1.88
2012.10.23 03:52:56.173,1.26304,1.26334,1.50,1.35
2012.10.23 03:52:56.242,1.26304,1.26333,1.50,1.35
2012.10.23 03:52:56.612,1.26304,1.26329,1.50,1.13
2012.10.23 03:52:56.922,1.26304,1.26327,1.50,1.32
2012.10.23 03:53:00.215,1.26301,1.26325,2.25,1.13
2012.10.23 03:53:00.913,1.26301,1.26325,2.25,1.13
2012.10.23 03:53:03.942,1.26306,1.2633,1.50,1.35
2012.10.23 03:53:04.003,1.26306,1.26331,1.50,1.43
2012.10.23 03:53:04.801,1.26306,1.26333,1.50,1.13
2012.10.23 03:53:14.361,1.26305,1.26333,1.50,1.50
2012.10.23 03:53:14.544,1.26305,1.26333,1.50,1.80
2012.10.23 03:53:14.850,1.26305,1.26332,1.50,1.80
2012.10.23 03:53:15.414,1.26303,1.26332,1.32,1.80
2012.10.23 03:53:16.012,1.26301,1.26332,2.25,1.05
2012.10.23 03:53:16.081,1.26301,1.26332,2.25,1.65
2012.10.23 03:53:39.410,1.26301,1.26329,2.25,2.48
2012.10.23 03:53:39.711,1.26301,1.26327,1.50,1.13
2012.10.23 03:53:40.012,1.26296,1.26324,1.32,1.65
2012.10.23 03:53:40.532,1.26295,1.26319,2.18,2.20
2012.10.23 03:53:41.103,1.26297,1.2632,1.50,2.25
2012.10.23 03:53:41.541,1.26301,1.26325,1.50,1.32
2012.10.23 03:53:42.289,1.26301,1.26325,1.50,1.32
2012.10.23 03:53:52.280,1.26302,1.26327,1.50,1.13
2012.10.23 03:53:53.561,1.26302,1.26328,1.50,1.13
2012.10.23 03:53:53.750,1.26302,1.26329,1.50,1.88
2012.10.23 03:53:55.861,1.26302,1.26329,1.50,1.88
2012.10.23 03:53:58.211,1.26303,1.26327,1.50,1.69
2012.10.23 03:54:08.851,1.26303,1.26328,1.50,1.88
2012.10.23 03:54:09.438,1.26303,1.26329,1.50,1.50
2012.10.23 03:54:12.041,1.26303,1.26327,1.50,1.13
2012.10.23 03:54:12.409,1.26301,1.26325,1.50,1.32
2012.10.23 03:54:12.733,1.26301,1.26325,1.50,1.32
2012.10.23 03:54:14.071,1.26301,1.26318,1.50,1.13
2012.10.23 03:54:14.959,1.26299,1.26318,1.50,1.13
2012.10.23 03:54:24.383,1.26298,1.26316,1.50,1.13
2012.10.23 03:54:24.633,1.26299,1.26319,1.50,1.69
2012.10.23 03:54:25.432,1.26302,1.26321,1.50,2.63
2012.10.23 03:54:25.991,1.26302,1.26321,1.50,2.25
2012.10.23 03:54:27.069,1.26302,1.26321,1.50,1.69
2012.10.23 03:54:27.131,1.26302,1.26322,1.50,1.13
2012.10.23 03:54:27.660,1.26302,1.26322,1.50,1.50
2012.10.23 03:54:28.208,1.26302,1.26323,1.50,2.63
2012.10.23 03:54:30.691,1.26302,1.26322,1.50,1.50
2012.10.23 03:54:34.371,1.26302,1.26323,1.50,1.13
2012.10.23 03:54:34.930,1.26302,1.26323,1.50,1.13
2012.10.23 03:54:35.572,1.26302,1.26323,1.50,1.13
2012.10.23 03:54:54.271,1.26302,1.26323,1.50,1.13
2012.10.23 03:54:54.872,1.26303,1.26327,1.50,1.13
2012.10.23 03:54:56.171,1.26303,1.26328,1.50,2.07
2012.10.23 03:54:56.673,1.26303,1.2633,1.50,3.00
2012.10.23 03:55:03.711,1.26305,1.26329,1.50,1.50
2012.10.23 03:55:04.073,1.26304,1.2633,1.50,2.25
2012.10.23 03:55:04.621,1.26304,1.26328,1.50,1.50
2012.10.23 03:55:17.201,1.26306,1.26331,1.50,2.25
2012.10.23 03:55:17.261,1.26306,1.26331,1.50,2.25
2012.10.23 03:55:17.560,1.26305,1.26331,2.25,2.25
2012.10.23 03:55:18.672,1.26305,1.26328,1.50,1.50
2012.10.23 03:55:24.661,1.26305,1.26326,1.50,1.69
2012.10.23 03:55:25.210,1.26299,1.26324,1.50,1.69
2012.10.23 03:55:41.942,1.26299,1.26323,1.50,1.13
2012.10.23 03:55:42.252,1.26297,1.2632,1.50,1.35
2012.10.23 03:55:42.811,1.26294,1.2632,2.40,1.35
2012.10.23 03:55:45.552,1.26297,1.2632,1.50,2.25
2012.10.23 03:55:47.839,1.26301,1.2632,1.50,1.13
2012.10.23 03:55:47.966,1.263,1.26324,1.50,3.19
2012.10.23 03:55:55.018,1.263,1.26324,1.50,1.69
2012.10.23 03:55:57.581,1.263,1.26324,1.50,1.32
2012.10.23 03:56:00.432,1.263,1.26324,1.50,1.69
2012.10.23 03:56:01.021,1.26297,1.26324,1.50,1.97
2012.10.23 03:56:06.162,1.26297,1.26321,1.50,1.50
2012.10.23 03:56:06.522,1.26295,1.26318,2.25,1.69
2012.10.23 03:56:07.191,1.26295,1.26318,2.25,1.69
2012.10.23 03:56:07.711,1.26294,1.26318,2.03,1.69
2012.10.23 03:56:13.381,1.26295,1.26311,1.88,1.32
2012.10.23 03:56:29.331,1.26294,1.26311,2.18,1.32
2012.10.23 03:56:29.732,1.26294,1.26317,2.63,1.32
2012.10.23 03:56:38.561,1.26294,1.26319,1.58,3.14
2012.10.23 03:56:40.603,1.26294,1.26319,1.58,2.82
2012.10.23 03:56:50.832,1.26294,1.26319,1.58,3.38
2012.10.23 03:56:54.846,1.26294,1.26319,1.58,2.25
2012.10.23 03:56:55.151,1.26294,1.26315,1.58,1.13
2012.10.23 03:56:58.131,1.26289,1.26311,1.50,1.32
2012.10.23 03:56:58.370,1.26288,1.26311,1.50,1.32
2012.10.23 03:56:59.120,1.26294,1.26311,2.48,1.32
2012.10.23 03:57:00.664,1.26294,1.26306,1.73,1.32
2012.10.23 03:57:01.223,1.26294,1.26306,2.18,1.32
2012.10.23 03:57:01.472,1.26294,1.26306,2.18,1.32
2012.10.23 03:57:01.653,1.26294,1.26307,2.18,1.69
2012.10.23 03:57:01.902,1.26283,1.26307,1.50,1.69
2012.10.23 03:57:02.021,1.26283,1.26307,1.50,1.69
2012.10.23 03:57:02.142,1.26286,1.26307,1.50,1.69
2012.10.23 03:57:02.461,1.2629,1.26308,1.50,2.25
2012.10.23 03:57:06.649,1.2629,1.26308,1.50,1.13
2012.10.23 03:57:06.711,1.26291,1.26314,1.50,1.69
2012.10.23 03:57:07.251,1.26291,1.26314,1.50,1.97
2012.10.23 03:57:07.752,1.26291,1.26314,1.50,1.97
2012.10.23 03:57:10.512,1.26291,1.26314,1.50,1.69
2012.10.23 03:57:26.053,1.26291,1.26314,1.50,1.69
2012.10.23 03:57:26.243,1.26291,1.26314,1.50,1.69
2012.10.23 03:57:32.712,1.26293,1.26315,1.50,1.69
2012.10.23 03:57:33.251,1.26298,1.26315,1.50,1.13
2012.10.23 03:57:34.113,1.26298,1.26316,1.50,1.13
2012.10.23 03:57:34.252,1.26295,1.26324,1.50,3.75
2012.10.23 03:57:37.662,1.26295,1.26324,1.50,3.75
2012.10.23 03:58:08.412,1.26297,1.26322,1.50,1.13
2012.10.23 03:58:08.531,1.26297,1.26326,1.50,3.19
2012.10.23 03:58:13.852,1.26294,1.26319,1.50,1.13
2012.10.23 03:58:13.972,1.2629,1.26319,3.00,2.25
2012.10.23 03:58:14.551,1.2629,1.26319,1.50,2.54
2012.10.23 03:58:15.106,1.2629,1.26318,1.50,1.22
2012.10.23 03:58:20.801,1.2629,1.26319,1.50,1.69
2012.10.23 03:58:21.512,1.2629,1.26318,1.50,1.22
2012.10.23 03:58:23.882,1.2629,1.26319,1.50,1.69
2012.10.23 03:58:51.711,1.2629,1.26319,1.50,1.69
2012.10.23 03:58:56.121,1.2629,1.26319,1.50,3.75
2012.10.23 03:59:11.352,1.2629,1.26319,1.50,3.10
2012.10.23 03:59:26.611,1.26287,1.26319,1.50,3.85
2012.10.23 03:59:28.231,1.26288,1.26319,1.50,3.85
2012.10.23 03:59:28.901,1.26288,1.26319,1.50,1.79
2012.10.23 03:59:32.353,1.26288,1.26319,1.50,1.50
2012.10.23 03:59:35.211,1.26286,1.26319,1.50,1.79
2012.10.23 03:59:38.321,1.26289,1.26319,1.50,3.57
2012.10.23 03:59:54.130,1.26289,1.26319,1.50,2.39
2012.10.23 03:59:54.841,1.26288,1.26319,2.25,2.39
2012.10.23 03:59:58.847,1.26288,1.26319,1.50,1.50
2012.10.23 03:59:59.388,1.26288,1.26319,1.50,1.82
