2016.02.11 06:00:00.442,1.06272,1.06303,1.00,1.50
2016.02.11 06:00:00.594,1.06268,1.06303,1.00,1.37
2016.02.11 06:00:03.158,1.06271,1.06302,1.00,1.12
2016.02.11 06:00:03.310,1.06269,1.06303,1.00,1.37
2016.02.11 06:00:03.764,1.06268,1.06303,1.37,1.00
2016.02.11 06:00:04.578,1.06268,1.06303,1.12,1.12
2016.02.11 06:00:05.127,1.06271,1.06303,1.00,1.12
2016.02.11 06:00:05.431,1.06274,1.06306,1.00,1.00
2016.02.11 06:00:05.788,1.06271,1.06302,1.50,1.00
2016.02.11 06:00:06.372,1.06271,1.06306,1.00,1.50
2016.02.11 06:00:06.423,1.06274,1.06306,1.00,1.00
2016.02.11 06:00:06.726,1.06275,1.06306,1.50,1.00
2016.02.11 06:00:07.181,1.06275,1.06306,1.00,1.00
2016.02.11 06:00:07.282,1.06271,1.06306,1.12,1.00
2016.02.11 06:00:07.434,1.06271,1.06303,1.12,1.00
2016.02.11 06:00:07.977,1.06271,1.06303,1.50,1.00
2016.02.11 06:00:09.095,1.06271,1.06303,1.00,1.00
2016.02.11 06:00:10.830,1.06271,1.06306,2.25,1.00
2016.02.11 06:00:11.082,1.06271,1.06306,2.25,1.37
2016.02.11 06:00:11.385,1.0627,1.06302,1.00,1.00
2016.02.11 06:00:11.639,1.06268,1.06302,1.12,1.37
2016.02.11 06:00:11.690,1.06268,1.06298,1.00,1.00
2016.02.11 06:00:11.920,1.06263,1.06298,1.75,1.00
2016.02.11 06:00:12.400,1.06267,1.06298,1.50,1.00
2016.02.11 06:00:13.078,1.06267,1.06298,1.00,1.00
2016.02.11 06:00:13.179,1.06268,1.06301,1.00,1.50
2016.02.11 06:00:13.230,1.0627,1.06301,1.00,1.50
2016.02.11 06:00:15.084,1.0627,1.06302,1.50,1.50
2016.02.11 06:00:15.387,1.06273,1.06302,1.00,1.50
2016.02.11 06:00:15.539,1.06271,1.06302,1.00,1.00
2016.02.11 06:00:15.590,1.06271,1.06298,1.00,1.00
2016.02.11 06:00:16.707,1.06271,1.06298,1.00,1.37
2016.02.11 06:00:16.960,1.06268,1.06298,1.00,1.37
2016.02.11 06:00:17.862,1.06267,1.06291,1.00,1.00
2016.02.11 06:00:22.450,1.06268,1.06291,1.00,1.00
2016.02.11 06:00:22.501,1.06268,1.06293,1.00,1.00
2016.02.11 06:00:22.602,1.06268,1.06295,1.00,1.12
2016.02.11 06:00:22.863,1.0627,1.06295,1.00,1.12
2016.02.11 06:00:23.902,1.06268,1.06295,1.50,1.12
2016.02.11 06:00:24.409,1.06268,1.06294,1.00,1.00
2016.02.11 06:00:25.076,1.06268,1.06291,1.00,1.00
2016.02.11 06:00:25.682,1.0627,1.06291,1.00,1.00
2016.02.11 06:00:25.852,1.0627,1.06293,1.00,1.00
2016.02.11 06:00:25.903,1.06268,1.06293,1.00,1.00
2016.02.11 06:00:26.105,1.0627,1.06296,1.00,1.37
2016.02.11 06:00:26.560,1.06268,1.06296,1.12,1.37
2016.02.11 06:00:26.611,1.06268,1.06296,1.00,1.75
2016.02.11 06:00:27.116,1.06268,1.06296,1.00,1.50
2016.02.11 06:00:29.510,1.06269,1.06296,1.00,1.75
2016.02.11 06:00:30.015,1.06269,1.06296,1.00,1.37
2016.02.11 06:00:31.850,1.06269,1.06293,1.00,1.37
2016.02.11 06:00:32.405,1.06268,1.06293,1.00,1.37
2016.02.11 06:00:33.564,1.0627,1.06293,1.00,1.37
2016.02.11 06:00:33.665,1.06267,1.06293,1.00,1.37
2016.02.11 06:00:34.019,1.0627,1.06293,1.00,1.37
2016.02.11 06:00:36.491,1.0627,1.06293,1.00,1.12
2016.02.11 06:00:37.841,1.06267,1.06293,1.00,1.12
2016.02.11 06:00:37.943,1.06267,1.06293,1.00,1.37
2016.02.11 06:00:40.323,1.06267,1.06293,1.00,1.37
2016.02.11 06:00:40.828,1.0627,1.06293,1.00,1.37
2016.02.11 06:00:44.316,1.0627,1.06297,1.12,1.00
2016.02.11 06:00:44.367,1.06268,1.063,1.50,1.50
2016.02.11 06:00:44.418,1.06271,1.063,1.45,1.00
2016.02.11 06:00:44.469,1.06275,1.06304,1.50,1.00
2016.02.11 06:00:44.590,1.06274,1.06301,1.37,1.00
2016.02.11 06:00:44.641,1.06274,1.06301,1.00,1.00
2016.02.11 06:00:44.792,1.06273,1.06298,1.00,1.00
2016.02.11 06:00:45.096,1.06271,1.06297,1.00,1.50
2016.02.11 06:00:45.197,1.06271,1.06293,1.00,1.00
2016.02.11 06:00:45.350,1.06269,1.06293,1.00,1.00
2016.02.11 06:00:45.854,1.06269,1.06292,1.00,1.00
2016.02.11 06:00:46.382,1.06268,1.06292,1.00,1.00
2016.02.11 06:00:46.584,1.0627,1.0629,1.00,1.00
2016.02.11 06:00:46.685,1.06268,1.0629,1.00,1.00
2016.02.11 06:00:46.787,1.0627,1.0629,1.00,1.00
2016.02.11 06:00:47.343,1.06267,1.0629,1.00,1.00
2016.02.11 06:00:47.638,1.06265,1.0629,1.00,1.00
2016.02.11 06:00:50.506,1.06268,1.0629,1.00,1.00
2016.02.11 06:00:51.699,1.06268,1.06291,1.00,1.00
2016.02.11 06:00:51.750,1.06266,1.06291,1.00,1.00
2016.02.11 06:00:52.054,1.06268,1.06292,1.00,1.00
2016.02.11 06:00:52.500,1.06265,1.06291,1.12,1.00
2016.02.11 06:00:52.704,1.06267,1.06291,1.00,1.00
2016.02.11 06:00:53.210,1.06266,1.06291,1.00,1.00
2016.02.11 06:00:55.464,1.06268,1.06291,1.00,1.00
2016.02.11 06:00:55.667,1.06266,1.06291,1.00,1.00
2016.02.11 06:00:56.212,1.06267,1.06291,1.00,1.00
2016.02.11 06:00:57.803,1.06267,1.06289,1.00,1.00
2016.02.11 06:00:58.336,1.06266,1.06289,1.00,1.00
2016.02.11 06:00:59.223,1.06267,1.06289,1.00,1.00
2016.02.11 06:00:59.528,1.06265,1.06289,1.12,1.00
2016.02.11 06:00:59.630,1.06268,1.06289,1.00,1.00
2016.02.11 06:00:59.984,1.0627,1.06289,1.00,1.00
2016.02.11 06:01:02.046,1.06268,1.06289,1.00,1.00
2016.02.11 06:01:02.198,1.06266,1.06289,1.00,1.00
2016.02.11 06:01:08.332,1.06267,1.06289,1.00,1.00
2016.02.11 06:01:09.201,1.06267,1.06288,1.00,1.00
2016.02.11 06:01:09.353,1.0627,1.06288,1.00,1.00
2016.02.11 06:01:11.301,1.06267,1.06288,1.00,1.00
2016.02.11 06:01:12.517,1.0627,1.06288,1.00,1.00
2016.02.11 06:01:13.129,1.0627,1.0629,1.00,1.00
2016.02.11 06:01:14.693,1.0627,1.06293,1.00,1.00
2016.02.11 06:01:15.198,1.06271,1.06293,1.00,1.00
2016.02.11 06:01:16.976,1.06271,1.06291,1.00,1.00
2016.02.11 06:01:17.481,1.0627,1.06291,1.00,1.00
2016.02.11 06:01:18.018,1.06271,1.06291,1.00,1.00
2016.02.11 06:01:18.882,1.0627,1.06291,1.00,1.00
2016.02.11 06:01:20.348,1.06271,1.06291,1.00,1.00
2016.02.11 06:01:20.854,1.0627,1.06291,1.00,1.00
2016.02.11 06:01:21.358,1.06269,1.06291,1.00,1.00
2016.02.11 06:01:21.863,1.06271,1.06291,1.00,1.00
2016.02.11 06:01:22.555,1.0627,1.06291,1.00,1.00
2016.02.11 06:01:22.741,1.06268,1.06291,1.12,1.00
2016.02.11 06:01:23.292,1.06268,1.0629,1.00,1.00
2016.02.11 06:01:23.842,1.06269,1.0629,1.00,1.00
2016.02.11 06:01:28.049,1.06267,1.0629,1.00,1.00
2016.02.11 06:01:28.251,1.0627,1.0629,1.00,1.00
2016.02.11 06:01:28.555,1.06268,1.06288,1.00,1.00
2016.02.11 06:01:30.874,1.06268,1.06289,1.00,1.00
2016.02.11 06:01:30.925,1.06268,1.06291,1.00,1.00
2016.02.11 06:01:34.958,1.06269,1.06291,1.00,1.00
2016.02.11 06:01:35.913,1.06269,1.06292,1.00,1.00
2016.02.11 06:01:37.226,1.06269,1.06289,1.00,1.00
2016.02.11 06:01:44.745,1.06267,1.06289,1.12,1.00
2016.02.11 06:01:44.948,1.0627,1.06289,1.00,1.00
2016.02.11 06:01:45.605,1.0627,1.06291,1.00,1.00
2016.02.11 06:01:45.858,1.06273,1.06291,1.00,1.00
2016.02.11 06:01:46.060,1.06273,1.06293,1.00,1.00
2016.02.11 06:01:46.172,1.06271,1.06293,1.00,1.00
2016.02.11 06:01:46.440,1.06271,1.06297,1.00,1.50
2016.02.11 06:01:47.585,1.06272,1.06297,1.00,1.50
2016.02.11 06:01:48.176,1.06272,1.06295,1.00,1.00
2016.02.11 06:01:48.277,1.0627,1.06295,1.00,1.00
2016.02.11 06:01:48.378,1.06273,1.06295,1.00,1.00
2016.02.11 06:01:48.480,1.0627,1.06295,1.12,1.00
2016.02.11 06:01:50.716,1.0627,1.06295,1.37,1.00
2016.02.11 06:01:51.729,1.0627,1.06295,1.00,1.00
2016.02.11 06:01:51.881,1.0627,1.06292,1.00,1.00
2016.02.11 06:01:52.336,1.06272,1.06293,1.00,1.00
2016.02.11 06:01:52.387,1.06272,1.06299,1.00,1.50
2016.02.11 06:01:52.771,1.06272,1.06295,1.00,1.00
2016.02.11 06:01:53.305,1.06271,1.06294,1.00,1.00
2016.02.11 06:01:55.137,1.06271,1.06291,1.00,1.00
2016.02.11 06:01:57.945,1.0627,1.06291,1.00,1.00
2016.02.11 06:01:57.996,1.0627,1.06294,1.00,1.00
2016.02.11 06:01:58.148,1.0627,1.06291,1.00,1.00
2016.02.11 06:01:58.742,1.06269,1.06291,1.00,1.00
2016.02.11 06:01:59.055,1.06271,1.06291,1.00,1.00
2016.02.11 06:02:00.911,1.0627,1.06291,1.00,1.00
2016.02.11 06:02:01.464,1.0627,1.06294,1.00,1.00
2016.02.11 06:02:03.774,1.0627,1.06292,1.00,1.00
2016.02.11 06:02:04.301,1.06271,1.06292,1.00,1.00
2016.02.11 06:02:04.829,1.0627,1.06292,1.00,1.00
2016.02.11 06:02:05.339,1.06271,1.06294,1.00,1.00
2016.02.11 06:02:05.816,1.06271,1.06292,1.00,1.00
2016.02.11 06:02:06.326,1.0627,1.06292,1.00,1.00
2016.02.11 06:02:08.944,1.06269,1.06292,1.00,1.00
2016.02.11 06:02:09.462,1.0627,1.06292,1.00,1.00
2016.02.11 06:02:10.246,1.06273,1.06292,1.00,1.00
2016.02.11 06:02:10.297,1.06273,1.06294,1.00,1.00
2016.02.11 06:02:10.601,1.06273,1.06296,1.00,1.00
2016.02.11 06:02:11.278,1.06274,1.06296,1.00,1.00
2016.02.11 06:02:14.219,1.06272,1.06295,1.00,1.00
2016.02.11 06:02:15.921,1.06272,1.06291,1.00,1.00
2016.02.11 06:02:16.527,1.06272,1.06294,1.00,1.00
2016.02.11 06:02:20.392,1.0627,1.06294,1.12,1.00
2016.02.11 06:02:21.664,1.0627,1.06292,1.12,1.00
2016.02.11 06:02:22.202,1.0627,1.06292,1.37,1.00
2016.02.11 06:02:23.053,1.06272,1.06292,1.00,1.00
2016.02.11 06:02:24.234,1.0627,1.06292,1.00,1.00
2016.02.11 06:02:24.994,1.06273,1.06292,1.00,1.00
2016.02.11 06:02:25.654,1.0627,1.06292,1.00,1.00
2016.02.11 06:02:27.949,1.0627,1.06296,1.00,1.50
2016.02.11 06:02:28.631,1.06273,1.06296,1.00,1.50
2016.02.11 06:02:28.782,1.06271,1.06296,1.00,1.50
2016.02.11 06:02:29.841,1.06272,1.06296,1.00,1.50
2016.02.11 06:02:30.094,1.0627,1.06296,1.12,1.50
2016.02.11 06:02:33.044,1.0627,1.06294,1.12,1.00
2016.02.11 06:02:34.602,1.06273,1.06294,1.00,1.00
2016.02.11 06:02:34.895,1.0627,1.06294,1.12,1.00
2016.02.11 06:02:36.716,1.0627,1.06292,1.12,1.00
2016.02.11 06:02:40.772,1.06271,1.06295,1.00,1.00
2016.02.11 06:02:45.475,1.06271,1.06291,1.00,1.00
2016.02.11 06:02:47.899,1.06269,1.06291,1.37,1.00
2016.02.11 06:02:48.448,1.06271,1.06291,1.00,1.00
2016.02.11 06:02:48.669,1.06271,1.06294,1.00,1.00
2016.02.11 06:02:49.203,1.0627,1.06294,1.12,1.00
2016.02.11 06:02:49.456,1.06271,1.06296,1.00,1.00
2016.02.11 06:02:50.238,1.06271,1.06295,1.00,1.00
2016.02.11 06:02:50.907,1.0627,1.06295,1.12,1.00
2016.02.11 06:02:51.412,1.06271,1.06295,1.12,1.00
2016.02.11 06:02:51.564,1.06271,1.06292,1.12,1.00
2016.02.11 06:02:55.175,1.06269,1.06292,1.00,1.00
2016.02.11 06:02:58.137,1.06269,1.06293,1.00,1.00
2016.02.11 06:02:58.441,1.06269,1.06295,1.00,1.00
2016.02.11 06:02:58.888,1.06267,1.06295,1.00,1.00
2016.02.11 06:02:58.939,1.06267,1.06295,1.75,1.00
2016.02.11 06:02:59.264,1.06268,1.06286,1.12,1.00
2016.02.11 06:02:59.840,1.06267,1.06286,1.00,1.00
2016.02.11 06:03:05.159,1.06267,1.06284,1.00,1.00
2016.02.11 06:03:20.631,1.06267,1.06285,1.00,1.00
2016.02.11 06:03:25.279,1.06265,1.06281,1.00,1.00
2016.02.11 06:03:25.531,1.06252,1.06276,1.00,1.00
2016.02.11 06:03:25.673,1.06253,1.06273,1.00,1.00
2016.02.11 06:03:25.983,1.06254,1.06271,1.00,1.00
2016.02.11 06:03:26.638,1.06255,1.06271,1.00,1.00
2016.02.11 06:03:26.941,1.06253,1.06271,1.00,1.00
2016.02.11 06:03:27.946,1.06249,1.06268,1.12,1.00
2016.02.11 06:03:28.047,1.06244,1.06268,1.37,1.00
2016.02.11 06:03:28.149,1.06251,1.06268,1.00,1.00
2016.02.11 06:03:28.250,1.06251,1.0627,1.00,1.00
2016.02.11 06:03:28.512,1.06253,1.0627,1.00,1.00
2016.02.11 06:03:28.714,1.06255,1.06274,1.00,1.00
2016.02.11 06:03:28.765,1.06255,1.06276,1.00,1.00
2016.02.11 06:03:28.816,1.06255,1.06278,1.00,1.00
2016.02.11 06:03:29.323,1.06254,1.06279,1.00,1.00
2016.02.11 06:03:29.373,1.06257,1.06279,1.00,1.00
2016.02.11 06:03:29.701,1.06254,1.06279,1.00,1.00
2016.02.11 06:03:29.803,1.06257,1.06279,1.00,1.00
2016.02.11 06:03:32.044,1.06257,1.06277,1.00,1.00
2016.02.11 06:03:32.880,1.06255,1.06277,1.00,1.00
2016.02.11 06:03:33.234,1.06257,1.06277,1.00,1.00
2016.02.11 06:03:33.560,1.06255,1.06277,1.00,1.00
2016.02.11 06:03:34.078,1.06257,1.06277,1.00,1.00
2016.02.11 06:03:34.331,1.06254,1.06277,1.00,1.00
2016.02.11 06:03:36.844,1.06257,1.06277,1.00,1.00
2016.02.11 06:03:37.489,1.06257,1.06276,1.00,1.00
2016.02.11 06:03:38.621,1.06254,1.06276,1.00,1.00
2016.02.11 06:03:39.095,1.06254,1.06279,1.00,1.00
2016.02.11 06:03:40.426,1.06254,1.06275,1.00,1.00
2016.02.11 06:03:42.219,1.06254,1.06278,1.00,1.00
2016.02.11 06:03:42.320,1.06254,1.06282,1.37,1.00
2016.02.11 06:03:42.371,1.06259,1.06285,1.00,1.00
2016.02.11 06:03:42.725,1.06258,1.06283,1.10,1.00
2016.02.11 06:03:43.029,1.06258,1.06285,1.00,1.50
2016.02.11 06:03:44.702,1.06258,1.06283,1.00,1.00
2016.02.11 06:03:45.242,1.06257,1.06283,1.00,1.00
2016.02.11 06:03:45.797,1.06257,1.06279,1.00,1.00
2016.02.11 06:03:47.939,1.06257,1.06281,1.00,1.00
2016.02.11 06:03:50.178,1.06255,1.06281,1.37,1.00
2016.02.11 06:03:51.133,1.06258,1.06281,1.00,1.00
2016.02.11 06:03:52.235,1.06256,1.06281,1.12,1.00
2016.02.11 06:03:52.438,1.06256,1.06276,1.12,1.00
2016.02.11 06:03:52.741,1.06254,1.06273,1.37,1.00
2016.02.11 06:03:53.183,1.06254,1.06273,1.12,1.00
2016.02.11 06:03:53.490,1.06254,1.06273,1.37,1.00
2016.02.11 06:03:56.702,1.06252,1.06273,1.75,1.00
2016.02.11 06:03:57.253,1.06252,1.06273,1.75,1.00
2016.02.11 06:03:57.354,1.06252,1.06276,1.75,1.00
2016.02.11 06:04:00.416,1.06252,1.06276,2.25,1.00
2016.02.11 06:04:00.618,1.06262,1.06283,1.00,1.75
2016.02.11 06:04:00.821,1.06263,1.06285,1.12,1.00
2016.02.11 06:04:00.872,1.06263,1.06283,1.12,1.00
2016.02.11 06:04:00.995,1.06257,1.06283,1.12,1.00
2016.02.11 06:04:01.096,1.06258,1.06281,1.00,1.00
2016.02.11 06:04:01.400,1.06254,1.06278,1.75,1.00
2016.02.11 06:04:02.123,1.06254,1.0628,1.75,1.00
2016.02.11 06:04:02.174,1.06258,1.06282,1.75,1.50
2016.02.11 06:04:02.381,1.06259,1.06284,1.75,1.00
2016.02.11 06:04:02.432,1.06262,1.06287,1.75,1.00
2016.02.11 06:04:02.483,1.06264,1.0629,1.75,1.00
2016.02.11 06:04:02.534,1.06264,1.0629,1.75,1.00
2016.02.11 06:04:02.585,1.06271,1.06292,1.37,1.00
2016.02.11 06:04:03.529,1.06268,1.06292,1.00,1.00
2016.02.11 06:04:04.079,1.06269,1.06292,1.00,1.00
2016.02.11 06:04:07.442,1.06269,1.06289,1.00,1.00
2016.02.11 06:04:07.543,1.06267,1.06289,1.00,1.00
2016.02.11 06:04:10.201,1.06265,1.06289,1.00,1.00
2016.02.11 06:04:10.706,1.06267,1.06289,1.00,1.00
2016.02.11 06:04:12.507,1.06267,1.06288,1.00,1.00
2016.02.11 06:04:13.164,1.06266,1.06288,1.00,1.00
2016.02.11 06:04:15.464,1.06267,1.06288,1.00,1.00
2016.02.11 06:04:16.773,1.06269,1.06288,1.00,1.00
2016.02.11 06:04:20.190,1.06267,1.06288,1.00,1.00
2016.02.11 06:04:22.811,1.06267,1.06287,1.00,1.00
2016.02.11 06:04:29.643,1.06265,1.06287,1.00,1.00
2016.02.11 06:04:33.438,1.06265,1.06286,1.00,1.00
2016.02.11 06:04:43.117,1.06265,1.06286,1.37,1.00
2016.02.11 06:04:43.836,1.06265,1.06287,1.37,1.00
2016.02.11 06:04:44.205,1.06265,1.06284,1.37,1.00
2016.02.11 06:04:44.821,1.06267,1.06286,1.00,1.00
2016.02.11 06:04:46.481,1.06268,1.06286,1.00,1.00
2016.02.11 06:04:49.971,1.06266,1.06286,1.12,1.00
2016.02.11 06:04:51.293,1.06266,1.06287,1.00,1.00
2016.02.11 06:04:51.800,1.06267,1.06287,1.00,1.00
2016.02.11 06:04:52.305,1.06268,1.06287,1.00,1.00
2016.02.11 06:04:52.850,1.06269,1.06287,1.00,1.00
2016.02.11 06:04:56.507,1.0627,1.06287,1.00,1.00
2016.02.11 06:04:57.384,1.06268,1.06287,1.00,1.00
2016.02.11 06:05:00.362,1.0627,1.06287,1.00,1.00
2016.02.11 06:05:01.002,1.06269,1.06287,1.00,1.00
2016.02.11 06:05:01.512,1.06269,1.06286,1.00,1.00
2016.02.11 06:05:07.377,1.06267,1.06286,1.00,1.00
2016.02.11 06:05:11.332,1.06268,1.06286,1.00,1.00
2016.02.11 06:05:11.879,1.06267,1.06286,1.00,1.00
2016.02.11 06:05:13.132,1.06269,1.06286,1.00,1.00
2016.02.11 06:05:13.638,1.06268,1.06286,1.00,1.00
2016.02.11 06:05:14.105,1.06261,1.06286,1.75,1.00
2016.02.11 06:05:14.307,1.06268,1.06286,1.00,1.00
2016.02.11 06:05:14.520,1.06268,1.06288,1.00,1.00
2016.02.11 06:05:16.067,1.0627,1.06288,1.00,1.00
2016.02.11 06:05:16.761,1.06268,1.06288,1.00,1.00
2016.02.11 06:05:17.266,1.06269,1.06288,1.00,1.00
2016.02.11 06:05:19.576,1.06269,1.06289,1.00,1.00
2016.02.11 06:05:20.081,1.0627,1.06289,1.00,1.00
2016.02.11 06:05:20.585,1.06269,1.06289,1.00,1.00
2016.02.11 06:05:21.899,1.0627,1.06289,1.00,1.00
2016.02.11 06:05:22.555,1.06268,1.06289,1.00,1.00
2016.02.11 06:05:23.061,1.06269,1.06289,1.00,1.00
2016.02.11 06:05:24.118,1.06268,1.06289,1.00,1.00
2016.02.11 06:05:24.320,1.0627,1.06289,1.00,1.00
2016.02.11 06:05:24.836,1.0627,1.0629,1.00,1.00
2016.02.11 06:05:28.377,1.06269,1.0629,1.00,1.00
2016.02.11 06:05:28.895,1.06268,1.0629,1.00,1.00
2016.02.11 06:05:29.400,1.06269,1.0629,1.00,1.00
2016.02.11 06:05:29.905,1.06269,1.06289,1.00,1.00
2016.02.11 06:05:39.878,1.06269,1.06288,1.00,1.00
2016.02.11 06:05:44.785,1.06267,1.06288,1.00,1.00
2016.02.11 06:05:44.838,1.06267,1.06286,1.00,1.00
2016.02.11 06:05:45.352,1.06266,1.06286,1.00,1.00
2016.02.11 06:05:45.671,1.06269,1.06286,1.00,1.00
2016.02.11 06:05:46.340,1.06267,1.06286,1.00,1.00
2016.02.11 06:05:51.052,1.06266,1.06286,1.00,1.00
2016.02.11 06:05:51.583,1.06264,1.06283,1.00,1.00
2016.02.11 06:05:51.785,1.06264,1.06286,1.00,1.00
2016.02.11 06:05:52.037,1.06267,1.06286,1.00,1.00
2016.02.11 06:05:52.139,1.06265,1.06286,1.00,1.00
2016.02.11 06:05:52.684,1.06265,1.06285,1.00,1.00
2016.02.11 06:05:53.041,1.06263,1.06285,1.00,1.00
2016.02.11 06:05:54.992,1.06266,1.06285,1.00,1.00
2016.02.11 06:05:55.093,1.06266,1.06287,1.00,1.00
2016.02.11 06:05:55.144,1.06263,1.06287,1.00,1.00
2016.02.11 06:05:55.950,1.06263,1.06283,1.00,1.00
2016.02.11 06:05:58.088,1.06263,1.06286,1.00,1.00
2016.02.11 06:05:59.181,1.06265,1.06286,1.00,1.00
2016.02.11 06:05:59.693,1.06266,1.06286,1.00,1.00
2016.02.11 06:05:59.744,1.06264,1.06286,1.00,1.00
2016.02.11 06:06:00.249,1.06265,1.06286,1.00,1.00
2016.02.11 06:06:00.935,1.06263,1.06286,1.00,1.00
2016.02.11 06:06:01.184,1.06265,1.06286,1.00,1.00
2016.02.11 06:06:01.685,1.06266,1.06286,1.00,1.00
2016.02.11 06:06:02.339,1.06266,1.06289,1.00,1.50
2016.02.11 06:06:02.591,1.06266,1.06286,1.00,1.00
2016.02.11 06:06:06.545,1.06261,1.06286,1.75,1.00
2016.02.11 06:06:06.697,1.06261,1.06286,1.00,1.00
2016.02.11 06:06:07.207,1.06262,1.06286,1.00,1.00
2016.02.11 06:06:08.659,1.06265,1.06286,1.00,1.00
2016.02.11 06:06:09.612,1.06262,1.06286,1.00,1.00
2016.02.11 06:06:18.568,1.06262,1.06284,1.00,1.00
2016.02.11 06:06:29.844,1.06262,1.06283,1.00,1.00
2016.02.11 06:06:34.950,1.06262,1.06284,1.00,1.00
2016.02.11 06:06:39.884,1.0626,1.06284,1.00,1.00
2016.02.11 06:06:40.086,1.06262,1.06285,1.00,1.00
2016.02.11 06:06:41.000,1.0626,1.06285,1.00,1.00
2016.02.11 06:06:41.102,1.06262,1.06285,1.00,1.00
2016.02.11 06:06:45.359,1.06262,1.06284,1.00,1.00
2016.02.11 06:06:46.905,1.06261,1.06284,1.00,1.00
2016.02.11 06:06:54.939,1.06263,1.06284,1.00,1.00
2016.02.11 06:06:55.456,1.06262,1.06284,1.00,1.00
2016.02.11 06:06:56.598,1.06263,1.06284,1.00,1.00
2016.02.11 06:06:57.724,1.06261,1.06284,1.00,1.00
2016.02.11 06:06:58.247,1.06262,1.06284,1.00,1.00
2016.02.11 06:06:58.350,1.06256,1.0628,1.50,1.00
2016.02.11 06:06:58.452,1.06252,1.06277,2.25,1.00
2016.02.11 06:06:58.503,1.06249,1.06273,1.75,1.00
2016.02.11 06:06:58.654,1.06249,1.06271,1.00,1.00
2016.02.11 06:06:58.705,1.06245,1.06268,1.87,1.00
2016.02.11 06:06:58.756,1.06245,1.06268,1.00,1.12
2016.02.11 06:06:58.908,1.06242,1.06268,1.10,1.12
2016.02.11 06:06:58.959,1.06242,1.06265,1.10,1.00
2016.02.11 06:06:59.488,1.06244,1.06265,1.00,1.00
2016.02.11 06:07:00.258,1.06242,1.06265,1.00,1.00
2016.02.11 06:07:03.297,1.06244,1.06265,1.00,1.00
2016.02.11 06:07:03.753,1.06244,1.06269,1.00,1.00
2016.02.11 06:07:05.710,1.06243,1.06269,1.00,1.00
2016.02.11 06:07:06.920,1.06245,1.06269,1.00,1.00
2016.02.11 06:07:08.771,1.06245,1.06267,1.00,1.00
2016.02.11 06:07:18.773,1.06245,1.06268,1.00,1.00
2016.02.11 06:07:26.101,1.06243,1.06268,1.00,1.50
2016.02.11 06:07:33.911,1.06243,1.06266,1.00,1.00
2016.02.11 06:07:34.114,1.06241,1.06266,1.00,1.00
2016.02.11 06:07:34.636,1.06242,1.06266,1.00,1.00
2016.02.11 06:07:40.384,1.06243,1.06266,1.00,1.00
2016.02.11 06:07:40.586,1.06241,1.06266,1.00,1.00
2016.02.11 06:07:41.131,1.06243,1.06266,1.00,1.00
2016.02.11 06:07:43.700,1.06242,1.06266,1.00,1.00
2016.02.11 06:07:43.903,1.06237,1.06266,2.25,1.00
2016.02.11 06:07:44.105,1.06244,1.06267,1.00,1.00
2016.02.11 06:07:46.094,1.06242,1.06267,1.00,1.00
2016.02.11 06:07:46.195,1.06245,1.06267,1.00,1.00
2016.02.11 06:07:49.392,1.06242,1.06267,1.00,1.00
2016.02.11 06:07:53.384,1.06245,1.06267,1.00,1.00
2016.02.11 06:07:54.122,1.06245,1.06266,1.00,1.00
2016.02.11 06:08:04.742,1.06245,1.06267,1.00,1.00
2016.02.11 06:08:08.785,1.06244,1.06267,1.00,1.00
2016.02.11 06:08:10.878,1.06245,1.06267,1.00,1.00
2016.02.11 06:08:14.914,1.06245,1.06266,1.00,1.00
2016.02.11 06:08:15.416,1.06244,1.06266,1.00,1.00
2016.02.11 06:08:20.383,1.06244,1.06267,1.00,1.00
2016.02.11 06:08:36.024,1.06245,1.06267,1.00,1.00
2016.02.11 06:08:36.649,1.06244,1.06267,1.00,1.00
2016.02.11 06:08:46.042,1.06244,1.06268,1.00,1.00
2016.02.11 06:08:46.143,1.06242,1.06268,1.12,1.00
2016.02.11 06:08:47.162,1.06242,1.06265,1.12,1.00
2016.02.11 06:08:52.870,1.06244,1.06265,1.00,1.00
2016.02.11 06:08:54.123,1.06243,1.06265,1.00,1.00
2016.02.11 06:08:54.426,1.06245,1.06265,1.00,1.00
2016.02.11 06:08:54.779,1.06242,1.06265,1.00,1.00
2016.02.11 06:08:56.191,1.06244,1.06265,1.00,1.00
2016.02.11 06:08:56.706,1.06243,1.06265,1.00,1.00
2016.02.11 06:08:58.078,1.06243,1.06266,1.00,1.00
2016.02.11 06:09:05.434,1.06244,1.06266,1.00,1.00
2016.02.11 06:09:05.535,1.06242,1.06266,1.00,1.00
2016.02.11 06:09:05.760,1.06245,1.06266,1.00,1.00
2016.02.11 06:09:06.215,1.06245,1.06268,1.00,1.00
2016.02.11 06:09:06.646,1.06243,1.06268,1.00,1.00
2016.02.11 06:09:09.592,1.06245,1.06268,1.00,1.00
2016.02.11 06:09:09.944,1.06242,1.06265,1.00,1.00
2016.02.11 06:09:10.247,1.06245,1.06265,1.00,1.00
2016.02.11 06:09:10.924,1.06242,1.06265,1.00,1.00
2016.02.11 06:09:13.340,1.06244,1.06267,1.00,1.00
2016.02.11 06:09:13.593,1.06242,1.06267,1.00,1.00
2016.02.11 06:09:13.881,1.06244,1.06267,1.00,1.00
2016.02.11 06:09:14.033,1.06242,1.06267,1.00,1.00
2016.02.11 06:09:14.190,1.06242,1.06265,1.00,1.00
2016.02.11 06:09:14.494,1.06245,1.06265,1.00,1.00
2016.02.11 06:09:14.758,1.06243,1.06265,1.00,1.00
2016.02.11 06:09:15.567,1.06245,1.06265,1.00,1.00
2016.02.11 06:09:15.859,1.06245,1.06267,1.00,1.00
2016.02.11 06:09:15.910,1.06243,1.06267,1.00,1.00
2016.02.11 06:09:16.449,1.06244,1.06267,1.00,1.00
2016.02.11 06:09:18.507,1.06243,1.06267,1.00,1.00
2016.02.11 06:09:21.322,1.06243,1.06266,1.00,1.00
2016.02.11 06:09:21.874,1.06244,1.06266,1.00,1.00
2016.02.11 06:09:22.379,1.06243,1.06266,1.00,1.00
2016.02.11 06:09:22.928,1.06244,1.06266,1.00,1.00
2016.02.11 06:09:24.377,1.06242,1.06266,1.00,1.00
2016.02.11 06:09:25.659,1.06245,1.06266,1.00,1.00
2016.02.11 06:09:26.448,1.06243,1.06266,1.00,1.00
2016.02.11 06:09:26.550,1.06245,1.06266,1.00,1.00
2016.02.11 06:09:26.705,1.06245,1.06269,1.00,1.00
2016.02.11 06:09:26.757,1.06245,1.06272,1.00,1.00
2016.02.11 06:09:26.808,1.06248,1.06275,1.00,1.50
2016.02.11 06:09:27.112,1.0625,1.06277,1.45,1.50
2016.02.11 06:09:27.415,1.06248,1.06273,1.50,1.00
2016.02.11 06:09:27.567,1.06248,1.06273,1.37,1.00
2016.02.11 06:09:27.669,1.06248,1.06273,1.50,1.00
2016.02.11 06:09:29.211,1.0625,1.06273,1.12,1.00
2016.02.11 06:09:30.167,1.06253,1.06273,1.00,1.00
2016.02.11 06:09:30.622,1.0625,1.06273,1.00,1.00
2016.02.11 06:09:32.325,1.0625,1.06276,1.00,1.00
2016.02.11 06:09:32.840,1.06249,1.06276,1.12,1.00
2016.02.11 06:09:32.941,1.06251,1.06276,1.00,1.00
2016.02.11 06:09:33.478,1.0625,1.06276,1.00,1.00
2016.02.11 06:09:34.045,1.0625,1.06276,1.37,1.00
2016.02.11 06:09:34.937,1.0625,1.06276,1.12,1.00
2016.02.11 06:09:37.460,1.06249,1.06276,1.12,1.00
2016.02.11 06:09:38.572,1.06249,1.06277,1.87,1.50
2016.02.11 06:09:38.703,1.06251,1.0628,1.00,1.00
2016.02.11 06:09:38.754,1.06253,1.0628,1.00,1.00
2016.02.11 06:09:39.078,1.06253,1.06281,2.25,1.00
2016.02.11 06:09:39.719,1.06255,1.06284,1.37,1.12
2016.02.11 06:09:39.971,1.06258,1.06286,1.00,1.12
2016.02.11 06:09:40.291,1.0626,1.06286,1.00,1.12
2016.02.11 06:09:42.500,1.06257,1.06286,1.50,1.00
2016.02.11 06:09:43.372,1.06255,1.06286,1.57,1.12
2016.02.11 06:09:45.211,1.06255,1.06287,1.57,1.00
2016.02.11 06:09:46.070,1.06258,1.06287,1.00,1.00
2016.02.11 06:09:46.575,1.06255,1.06287,1.57,1.00
2016.02.11 06:09:48.928,1.06256,1.06287,1.75,1.00
2016.02.11 06:09:50.146,1.06255,1.06288,1.85,1.00
2016.02.11 06:09:50.475,1.06262,1.06294,1.75,1.50
2016.02.11 06:09:51.234,1.06267,1.06294,1.37,1.50
2016.02.11 06:09:51.567,1.06266,1.06292,1.50,1.00
2016.02.11 06:09:52.446,1.06266,1.06289,1.75,1.00
2016.02.11 06:09:52.953,1.06266,1.06289,1.37,1.00
2016.02.11 06:09:54.979,1.06265,1.06287,1.50,1.00
2016.02.11 06:09:55.883,1.06265,1.0629,1.50,1.00
2016.02.11 06:09:56.413,1.06265,1.06288,1.50,1.00
2016.02.11 06:09:58.520,1.06265,1.06288,1.75,1.00
2016.02.11 06:09:59.397,1.06265,1.0629,1.75,1.00
2016.02.11 06:09:59.649,1.06265,1.06288,1.50,1.00
2016.02.11 06:10:00.154,1.06265,1.06288,1.75,1.00
2016.02.11 06:10:01.143,1.06266,1.06288,1.50,1.00
2016.02.11 06:10:01.446,1.06264,1.06288,1.75,1.00
2016.02.11 06:10:01.600,1.06262,1.06289,1.75,1.00
2016.02.11 06:10:02.110,1.06267,1.06289,1.75,1.00
2016.02.11 06:10:06.511,1.06266,1.0629,1.75,1.00
2016.02.11 06:10:06.725,1.06266,1.06292,1.75,1.50
2016.02.11 06:10:11.606,1.06268,1.06292,1.50,1.00
2016.02.11 06:10:12.111,1.0627,1.06293,1.37,1.00
2016.02.11 06:10:12.604,1.0627,1.06295,1.37,1.50
2016.02.11 06:10:16.329,1.0627,1.06293,1.37,1.00
2016.02.11 06:10:17.533,1.0627,1.06296,1.37,1.00
2016.02.11 06:10:18.829,1.0627,1.06296,1.00,1.00
2016.02.11 06:10:20.193,1.06273,1.06296,1.00,1.00
2016.02.11 06:10:20.545,1.06271,1.06296,1.00,1.00
2016.02.11 06:10:21.069,1.06271,1.06296,1.37,1.00
2016.02.11 06:10:22.055,1.0627,1.06298,1.37,1.00
2016.02.11 06:10:22.157,1.06267,1.06298,1.75,1.00
2016.02.11 06:10:22.337,1.06275,1.06301,1.37,1.00
2016.02.11 06:10:22.388,1.06275,1.06301,1.12,1.00
2016.02.11 06:10:22.490,1.06272,1.06302,1.75,1.00
2016.02.11 06:10:22.946,1.06276,1.06301,1.50,1.00
2016.02.11 06:10:22.997,1.06276,1.06298,1.50,1.00
2016.02.11 06:10:23.300,1.06276,1.06295,1.00,1.00
2016.02.11 06:10:24.120,1.06276,1.06292,1.00,1.00
2016.02.11 06:10:24.171,1.06272,1.06292,1.12,1.00
2016.02.11 06:10:24.830,1.06273,1.06292,1.00,1.00
2016.02.11 06:10:25.472,1.06273,1.06295,1.12,1.00
2016.02.11 06:10:26.819,1.06271,1.06293,1.50,1.00
2016.02.11 06:10:28.736,1.06271,1.06295,1.50,1.00
2016.02.11 06:10:29.255,1.06272,1.06295,1.00,1.00
2016.02.11 06:10:30.191,1.06272,1.06296,1.50,1.00
2016.02.11 06:10:30.242,1.06272,1.06298,1.50,1.00
2016.02.11 06:10:30.495,1.06272,1.06298,1.37,1.00
2016.02.11 06:10:30.733,1.06272,1.06299,1.75,1.00
2016.02.11 06:10:30.784,1.06273,1.06302,1.75,1.00
2016.02.11 06:10:30.835,1.06273,1.06302,1.75,1.00
2016.02.11 06:10:31.345,1.06276,1.06303,1.75,1.00
2016.02.11 06:10:31.857,1.06276,1.06303,1.75,1.00
2016.02.11 06:10:35.773,1.06276,1.06304,1.75,1.00
2016.02.11 06:10:38.791,1.06276,1.063,1.75,1.00
2016.02.11 06:10:39.601,1.06276,1.06303,1.75,1.00
2016.02.11 06:10:40.862,1.06273,1.06303,2.25,1.00
2016.02.11 06:10:41.512,1.06277,1.06302,1.75,1.00
2016.02.11 06:10:42.020,1.06277,1.06302,1.75,1.00
2016.02.11 06:10:42.808,1.06277,1.06302,1.75,1.00
2016.02.11 06:10:50.018,1.06279,1.06302,1.75,1.00
2016.02.11 06:10:50.069,1.06279,1.06304,1.75,1.00
2016.02.11 06:10:50.372,1.06279,1.06302,1.75,1.00
2016.02.11 06:10:54.434,1.06277,1.06301,1.75,1.00
2016.02.11 06:10:57.888,1.06275,1.06301,1.75,1.00
2016.02.11 06:11:00.321,1.06275,1.06301,1.75,1.00
2016.02.11 06:11:01.202,1.06275,1.06301,1.75,1.00
2016.02.11 06:11:02.638,1.06276,1.06301,1.75,1.00
2016.02.11 06:11:03.174,1.06276,1.06301,1.75,1.00
2016.02.11 06:11:03.809,1.06276,1.06301,1.75,1.00
2016.02.11 06:11:04.317,1.06276,1.06301,1.75,1.00
2016.02.11 06:11:04.493,1.06276,1.06304,1.75,1.50
2016.02.11 06:11:06.074,1.06277,1.06301,1.75,1.00
2016.02.11 06:11:06.689,1.06276,1.06301,1.75,1.00
2016.02.11 06:11:06.741,1.06279,1.06304,1.75,1.50
2016.02.11 06:11:07.247,1.06279,1.06304,1.50,1.00
2016.02.11 06:11:09.694,1.06279,1.063,1.50,1.00
2016.02.11 06:11:10.455,1.06277,1.063,1.75,1.00
2016.02.11 06:11:14.738,1.06277,1.06301,1.75,1.00
2016.02.11 06:11:19.135,1.06277,1.06301,1.75,1.00
2016.02.11 06:11:21.878,1.06278,1.06301,1.12,1.00
2016.02.11 06:11:22.409,1.06279,1.06301,1.12,1.00
2016.02.11 06:11:22.980,1.06278,1.06304,1.75,1.50
2016.02.11 06:11:23.284,1.06285,1.06304,1.00,1.50
2016.02.11 06:11:23.386,1.06283,1.06304,1.12,1.50
2016.02.11 06:11:23.588,1.06285,1.06304,1.00,1.50
2016.02.11 06:11:24.117,1.06283,1.06304,1.12,1.50
2016.02.11 06:11:24.290,1.06283,1.06304,1.50,1.00
2016.02.11 06:11:24.341,1.06286,1.06306,1.00,1.00
2016.02.11 06:11:24.543,1.06286,1.06307,1.75,1.00
2016.02.11 06:11:24.644,1.06276,1.06305,1.87,1.00
2016.02.11 06:11:24.695,1.06276,1.06303,1.12,1.00
2016.02.11 06:11:24.746,1.06274,1.06303,1.00,1.00
2016.02.11 06:11:24.797,1.06276,1.063,1.00,1.00
2016.02.11 06:11:24.949,1.06269,1.06297,1.00,1.00
2016.02.11 06:11:25.179,1.06269,1.06294,1.00,1.00
2016.02.11 06:11:25.331,1.06265,1.06292,1.12,1.00
2016.02.11 06:11:25.634,1.06265,1.06289,1.00,1.00
2016.02.11 06:11:26.099,1.06265,1.06292,1.00,1.50
2016.02.11 06:11:26.365,1.06268,1.06292,1.00,1.50
2016.02.11 06:11:26.900,1.06267,1.06292,1.00,1.50
2016.02.11 06:11:27.422,1.06266,1.06292,1.12,1.50
2016.02.11 06:11:28.170,1.06265,1.06292,1.00,1.50
2016.02.11 06:11:28.757,1.06264,1.06292,1.12,1.50
2016.02.11 06:11:29.682,1.06266,1.06294,1.12,1.00
2016.02.11 06:11:29.733,1.06266,1.06297,1.12,1.50
2016.02.11 06:11:29.834,1.06269,1.06297,1.00,1.50
2016.02.11 06:11:30.390,1.0627,1.06297,1.00,1.00
2016.02.11 06:11:31.946,1.0627,1.06295,1.00,1.00
2016.02.11 06:11:32.265,1.06261,1.06287,1.00,1.00
2016.02.11 06:11:32.417,1.06259,1.06287,1.00,1.00
2016.02.11 06:11:32.720,1.06256,1.06286,1.00,1.00
2016.02.11 06:11:32.771,1.06256,1.06282,1.00,1.00
2016.02.11 06:11:33.074,1.06258,1.06282,1.00,1.00
2016.02.11 06:11:33.276,1.06255,1.06282,1.00,1.00
2016.02.11 06:11:33.792,1.06254,1.06282,1.50,1.00
2016.02.11 06:11:35.350,1.06254,1.0628,2.25,1.00
2016.02.11 06:11:37.606,1.06255,1.0628,1.00,1.00
2016.02.11 06:11:38.997,1.06257,1.0628,1.00,1.00
2016.02.11 06:11:40.032,1.06257,1.06283,1.50,1.00
2016.02.11 06:11:40.083,1.06259,1.06283,1.00,1.00
2016.02.11 06:11:40.133,1.06259,1.06285,1.00,1.00
2016.02.11 06:11:40.234,1.06258,1.06287,1.12,1.00
2016.02.11 06:11:40.336,1.0626,1.06291,1.00,1.00
2016.02.11 06:11:40.740,1.06261,1.06287,1.00,1.00
2016.02.11 06:11:40.841,1.06258,1.06285,1.50,1.00
2016.02.11 06:11:41.103,1.06256,1.06286,1.95,1.00
2016.02.11 06:11:41.154,1.06256,1.06284,1.20,1.00
2016.02.11 06:11:41.660,1.06255,1.06279,1.00,1.00
2016.02.11 06:11:41.761,1.06255,1.06282,1.00,1.12
2016.02.11 06:11:41.863,1.06257,1.0628,1.00,1.00
2016.02.11 06:11:42.167,1.06255,1.06277,1.00,1.00
2016.02.11 06:11:47.005,1.06255,1.06278,1.00,1.00
2016.02.11 06:11:47.702,1.06253,1.06278,1.00,1.00
2016.02.11 06:11:49.636,1.06252,1.06278,1.12,1.12
2016.02.11 06:11:50.238,1.06252,1.06278,1.12,1.37
2016.02.11 06:11:51.694,1.06252,1.06278,1.12,1.12
2016.02.11 06:11:51.756,1.06254,1.06278,1.00,1.12
2016.02.11 06:11:52.352,1.06254,1.06277,1.00,1.00
2016.02.11 06:11:55.036,1.06254,1.06281,1.00,1.50
2016.02.11 06:11:55.087,1.06254,1.06281,1.00,1.00
2016.02.11 06:11:55.138,1.06257,1.06281,1.00,1.00
2016.02.11 06:11:56.162,1.06255,1.06281,1.50,1.00
2016.02.11 06:11:56.668,1.06257,1.06281,1.00,1.00
2016.02.11 06:11:57.793,1.06257,1.06284,1.12,1.00
2016.02.11 06:11:58.300,1.06256,1.06281,1.00,1.00
2016.02.11 06:11:58.837,1.06255,1.06281,1.00,1.00
2016.02.11 06:11:58.989,1.06253,1.06281,1.12,1.00
2016.02.11 06:11:59.140,1.06255,1.0628,1.00,1.00
2016.02.11 06:11:59.575,1.06252,1.0628,1.37,1.00
2016.02.11 06:12:00.678,1.06255,1.0628,1.00,1.00
2016.02.11 06:12:01.341,1.06255,1.06282,1.00,1.00
2016.02.11 06:12:01.392,1.06255,1.06282,1.50,1.00
2016.02.11 06:12:01.443,1.06255,1.06284,1.50,1.50
2016.02.11 06:12:01.494,1.06255,1.06284,1.00,1.00
2016.02.11 06:12:01.596,1.06255,1.06284,1.75,1.00
2016.02.11 06:12:01.900,1.06256,1.06286,2.25,1.00
2016.02.11 06:12:02.406,1.06264,1.06285,1.00,1.00
2016.02.11 06:12:03.542,1.06261,1.06285,1.00,1.00
2016.02.11 06:12:05.682,1.06261,1.06287,1.12,1.00
2016.02.11 06:12:07.761,1.06261,1.06287,1.37,1.00
2016.02.11 06:12:07.964,1.0626,1.0629,1.75,1.00
2016.02.11 06:12:08.167,1.06261,1.06287,1.37,1.00
2016.02.11 06:12:08.685,1.0626,1.06287,1.37,1.00
2016.02.11 06:12:09.494,1.06256,1.06287,1.85,1.00
2016.02.11 06:12:09.797,1.0626,1.06284,1.87,1.00
2016.02.11 06:12:09.848,1.0626,1.06284,1.50,1.00
2016.02.11 06:12:10.032,1.06258,1.06284,1.12,1.00
2016.02.11 06:12:10.436,1.0626,1.06284,1.00,1.00
2016.02.11 06:12:10.538,1.0626,1.06287,1.75,1.00
2016.02.11 06:12:10.639,1.0626,1.06287,1.12,1.00
2016.02.11 06:12:10.690,1.06262,1.06287,1.00,1.00
2016.02.11 06:12:14.325,1.06262,1.06287,1.75,1.00
2016.02.11 06:12:14.477,1.06259,1.06288,1.75,1.00
2016.02.11 06:12:14.579,1.06261,1.06288,1.75,1.00
2016.02.11 06:12:14.882,1.06267,1.0629,1.00,1.00
2016.02.11 06:12:15.470,1.06268,1.0629,1.00,1.00
2016.02.11 06:12:16.045,1.06266,1.0629,1.12,1.00
2016.02.11 06:12:16.298,1.06268,1.0629,1.00,1.00
2016.02.11 06:12:16.804,1.06268,1.06292,1.00,1.00
2016.02.11 06:12:16.892,1.06266,1.0629,1.37,1.00
2016.02.11 06:12:16.943,1.06259,1.0629,2.32,1.00
2016.02.11 06:12:17.096,1.06259,1.0629,1.50,1.00
2016.02.11 06:12:17.248,1.06264,1.0629,1.00,1.00
2016.02.11 06:12:17.551,1.06264,1.06287,1.00,1.00
2016.02.11 06:12:17.955,1.06258,1.06287,1.75,1.00
2016.02.11 06:12:18.158,1.06264,1.06287,1.00,1.00
2016.02.11 06:12:22.325,1.06264,1.06289,1.12,1.00
2016.02.11 06:12:22.779,1.06266,1.06289,1.00,1.00
2016.02.11 06:12:23.183,1.06266,1.06291,1.00,1.00
2016.02.11 06:12:23.347,1.0627,1.06295,1.00,1.50
2016.02.11 06:12:23.499,1.06268,1.06295,1.12,1.50
2016.02.11 06:12:23.651,1.0627,1.06295,1.00,1.50
2016.02.11 06:12:23.955,1.06269,1.06292,1.00,1.00
2016.02.11 06:12:24.469,1.06268,1.06292,1.00,1.00
2016.02.11 06:12:27.187,1.0627,1.06295,1.00,1.00
2016.02.11 06:12:28.936,1.06271,1.06296,1.00,1.00
2016.02.11 06:12:30.097,1.06271,1.06297,1.00,1.00
2016.02.11 06:12:31.361,1.06272,1.06297,1.00,1.00
2016.02.11 06:12:35.235,1.06272,1.06299,1.00,1.00
2016.02.11 06:12:35.785,1.06271,1.06299,1.00,1.00
2016.02.11 06:12:37.739,1.06273,1.06299,1.00,1.00
2016.02.11 06:12:39.511,1.0627,1.06299,1.12,1.00
2016.02.11 06:12:40.758,1.0627,1.06299,1.75,1.00
2016.02.11 06:12:40.961,1.06273,1.06302,1.75,1.00
2016.02.11 06:12:41.265,1.06273,1.06302,1.12,1.00
2016.02.11 06:12:41.366,1.06273,1.06299,1.00,1.00
2016.02.11 06:12:41.878,1.06273,1.06298,1.12,1.50
2016.02.11 06:12:42.182,1.06274,1.06293,1.00,1.00
2016.02.11 06:12:42.384,1.06274,1.06297,1.50,1.00
2016.02.11 06:12:42.889,1.06274,1.06297,1.00,1.00
2016.02.11 06:12:43.321,1.06274,1.06299,1.00,1.50
2016.02.11 06:12:43.573,1.06276,1.06299,1.00,1.00
2016.02.11 06:12:43.776,1.06274,1.06299,1.00,1.00
2016.02.11 06:12:43.877,1.06272,1.06299,1.12,1.00
2016.02.11 06:12:44.029,1.06272,1.06299,1.37,1.00
2016.02.11 06:12:44.894,1.06276,1.06299,1.00,1.00
2016.02.11 06:12:45.198,1.06273,1.06299,1.00,1.00
2016.02.11 06:12:45.350,1.06273,1.06299,1.75,1.00
2016.02.11 06:12:45.653,1.06274,1.06299,1.00,1.00
2016.02.11 06:12:46.158,1.06274,1.06299,1.37,1.00
2016.02.11 06:12:46.698,1.06276,1.06299,1.12,1.00
2016.02.11 06:12:47.755,1.06274,1.06299,1.37,1.00
2016.02.11 06:12:48.319,1.06274,1.06297,1.37,1.00
2016.02.11 06:12:48.730,1.06269,1.06294,1.37,1.00
2016.02.11 06:12:48.832,1.06265,1.06295,1.12,1.00
2016.02.11 06:12:48.883,1.06264,1.06295,1.37,1.50
2016.02.11 06:12:48.934,1.06267,1.06295,1.00,2.25
2016.02.11 06:12:49.442,1.06266,1.06295,1.00,1.87
2016.02.11 06:12:50.048,1.06264,1.06295,1.00,1.87
2016.02.11 06:12:50.251,1.0627,1.06295,1.00,1.87
2016.02.11 06:12:50.554,1.06272,1.06295,1.00,1.87
2016.02.11 06:12:53.550,1.06269,1.06295,1.00,1.87
2016.02.11 06:12:54.073,1.06269,1.06294,1.00,1.00
2016.02.11 06:12:54.578,1.06271,1.06294,1.00,1.00
2016.02.11 06:12:55.537,1.06269,1.06294,1.00,1.00
2016.02.11 06:12:55.988,1.06272,1.06294,1.00,1.00
2016.02.11 06:12:56.860,1.0627,1.06294,1.00,1.00
2016.02.11 06:12:57.115,1.06272,1.06294,1.00,1.00
2016.02.11 06:12:57.635,1.06269,1.06294,1.00,1.00
2016.02.11 06:12:58.294,1.06271,1.06294,1.00,1.00
2016.02.11 06:12:58.395,1.06269,1.06294,1.00,1.00
2016.02.11 06:12:59.094,1.06269,1.06292,1.00,1.00
2016.02.11 06:12:59.599,1.06268,1.06292,1.00,1.00
2016.02.11 06:12:59.902,1.0627,1.06292,1.00,1.00
2016.02.11 06:13:00.407,1.06271,1.06292,1.00,1.00
2016.02.11 06:13:00.508,1.06268,1.06292,1.00,1.00
2016.02.11 06:13:00.926,1.06272,1.06292,1.00,1.00
2016.02.11 06:13:01.077,1.06272,1.06295,1.00,1.50
2016.02.11 06:13:02.986,1.0627,1.06295,1.00,1.00
2016.02.11 06:13:03.688,1.06271,1.06295,1.00,1.00
2016.02.11 06:13:04.992,1.0627,1.06295,1.00,1.00
2016.02.11 06:13:05.774,1.06272,1.06295,1.00,1.00
2016.02.11 06:13:05.876,1.0627,1.06295,1.00,1.00
2016.02.11 06:13:06.129,1.0627,1.06297,1.00,1.00
2016.02.11 06:13:06.649,1.06269,1.06297,1.00,1.00
2016.02.11 06:13:10.816,1.06268,1.06297,1.00,1.00
2016.02.11 06:13:11.120,1.06268,1.06295,1.00,1.00
2016.02.11 06:13:11.735,1.06269,1.06295,1.00,1.00
2016.02.11 06:13:12.922,1.06271,1.06295,1.00,1.00
2016.02.11 06:13:13.596,1.06269,1.06295,1.00,1.00
2016.02.11 06:13:14.052,1.06271,1.06295,1.00,1.00
2016.02.11 06:13:14.693,1.0627,1.06295,1.00,1.00
2016.02.11 06:13:16.169,1.0627,1.06298,1.00,1.87
2016.02.11 06:13:17.342,1.06273,1.06298,1.00,1.50
2016.02.11 06:13:17.613,1.06273,1.06301,1.00,1.00
2016.02.11 06:13:18.120,1.06274,1.06301,1.00,1.00
2016.02.11 06:13:18.897,1.06272,1.06301,1.00,1.00
2016.02.11 06:13:19.447,1.06273,1.06301,1.12,1.00
2016.02.11 06:13:19.952,1.06272,1.06301,1.00,1.00
2016.02.11 06:13:20.076,1.0627,1.06301,1.00,1.00
2016.02.11 06:13:20.581,1.0627,1.06301,1.37,1.00
2016.02.11 06:13:20.834,1.06273,1.06301,1.00,1.00
2016.02.11 06:13:21.596,1.06274,1.06301,1.00,1.00
2016.02.11 06:13:22.000,1.06272,1.06301,1.12,1.00
2016.02.11 06:13:22.504,1.06271,1.06301,1.00,1.00
2016.02.11 06:13:23.966,1.06271,1.063,1.00,1.00
2016.02.11 06:13:24.505,1.06269,1.063,1.37,1.00
2016.02.11 06:13:24.606,1.06272,1.063,1.00,1.00
2016.02.11 06:13:24.910,1.06271,1.06296,1.00,1.37
2016.02.11 06:13:25.499,1.06268,1.06296,1.50,1.37
2016.02.11 06:13:27.104,1.06271,1.06296,1.00,1.37
2016.02.11 06:13:27.413,1.06273,1.06296,1.00,1.00
2016.02.11 06:13:28.652,1.06271,1.06296,1.00,1.00
2016.02.11 06:13:30.763,1.06271,1.06298,1.00,1.00
2016.02.11 06:13:31.214,1.06273,1.06298,1.00,1.00
2016.02.11 06:13:31.966,1.06271,1.06298,1.00,1.00
2016.02.11 06:13:35.482,1.06273,1.06298,1.00,1.00
2016.02.11 06:13:36.184,1.06273,1.06299,1.00,1.00
2016.02.11 06:13:36.235,1.0627,1.06299,1.12,1.00
2016.02.11 06:13:40.300,1.06271,1.06299,1.00,1.00
2016.02.11 06:13:40.654,1.06271,1.06294,1.00,1.00
2016.02.11 06:13:40.756,1.06267,1.06292,1.00,1.00
2016.02.11 06:13:40.857,1.06265,1.06292,1.00,1.57
2016.02.11 06:13:40.909,1.06265,1.06292,1.00,1.87
2016.02.11 06:13:41.010,1.06266,1.06292,1.00,1.00
2016.02.11 06:13:41.553,1.06265,1.06292,1.00,1.12
2016.02.11 06:13:42.059,1.06265,1.06292,1.00,1.37
2016.02.11 06:13:42.882,1.06265,1.06292,1.00,1.12
2016.02.11 06:13:43.034,1.06265,1.06289,1.00,1.00
2016.02.11 06:13:43.337,1.06264,1.06287,1.00,1.00
2016.02.11 06:13:43.861,1.06263,1.06287,1.00,1.00
2016.02.11 06:13:46.515,1.06263,1.06285,1.00,1.00
2016.02.11 06:13:46.617,1.06256,1.06281,1.00,1.00
2016.02.11 06:13:46.719,1.06252,1.06281,1.12,1.10
2016.02.11 06:13:46.838,1.06252,1.06277,1.00,1.00
2016.02.11 06:13:46.889,1.06249,1.06277,1.50,1.00
2016.02.11 06:13:46.940,1.0625,1.0628,1.00,1.57
2016.02.11 06:13:47.091,1.0625,1.0628,1.00,2.25
2016.02.11 06:13:47.546,1.06247,1.06274,1.00,1.75
2016.02.11 06:13:47.849,1.06246,1.06274,1.00,1.75
2016.02.11 06:13:48.150,1.06243,1.06274,1.00,1.85
2016.02.11 06:13:48.201,1.06243,1.06274,1.00,1.85
2016.02.11 06:13:48.302,1.06243,1.06274,1.00,1.85
2016.02.11 06:13:48.403,1.06243,1.06274,1.00,1.85
2016.02.11 06:13:48.505,1.06242,1.06266,1.00,1.75
2016.02.11 06:13:48.656,1.06235,1.06266,1.00,1.75
2016.02.11 06:13:48.707,1.06235,1.06266,1.00,1.75
2016.02.11 06:13:48.859,1.06238,1.06266,1.00,1.37
2016.02.11 06:13:49.162,1.06241,1.06266,1.00,1.00
2016.02.11 06:13:49.213,1.06239,1.06265,1.00,1.00
2016.02.11 06:13:49.286,1.06239,1.06265,1.00,1.37
2016.02.11 06:13:49.337,1.06231,1.06258,1.00,1.00
2016.02.11 06:13:49.590,1.0623,1.06258,1.50,1.87
2016.02.11 06:13:49.893,1.0623,1.06256,1.50,1.12
2016.02.11 06:13:49.944,1.0623,1.06256,1.50,1.12
2016.02.11 06:13:50.874,1.06228,1.06256,1.00,1.12
2016.02.11 06:13:51.139,1.06229,1.06256,1.00,1.12
2016.02.11 06:13:51.342,1.06227,1.06254,1.00,1.75
2016.02.11 06:13:53.103,1.06227,1.06254,1.00,1.75
2016.02.11 06:13:53.631,1.06227,1.06254,1.00,1.75
2016.02.11 06:13:54.944,1.0622,1.06243,1.20,1.12
2016.02.11 06:13:55.253,1.06218,1.0624,1.00,2.25
2016.02.11 06:13:55.755,1.06212,1.0624,1.00,2.25
2016.02.11 06:13:57.566,1.06213,1.0624,1.00,2.25
2016.02.11 06:13:58.539,1.0621,1.06244,2.62,1.75
2016.02.11 06:13:58.589,1.06211,1.06244,1.12,1.75
2016.02.11 06:13:58.746,1.06214,1.06244,2.70,1.75
2016.02.11 06:13:58.848,1.06216,1.06248,1.12,1.75
2016.02.11 06:13:59.151,1.06221,1.06248,1.00,1.75
2016.02.11 06:14:02.935,1.06221,1.06248,1.00,1.75
2016.02.11 06:14:03.442,1.06223,1.06248,1.00,1.75
2016.02.11 06:14:03.947,1.06223,1.06248,1.00,1.75
2016.02.11 06:14:05.404,1.06224,1.06248,1.00,1.75
2016.02.11 06:14:06.747,1.06224,1.06252,1.00,1.12
2016.02.11 06:14:07.277,1.06223,1.06252,1.00,1.12
2016.02.11 06:14:08.283,1.06223,1.06252,1.00,1.12
2016.02.11 06:14:10.412,1.06223,1.06252,1.00,1.12
2016.02.11 06:14:13.635,1.06225,1.06252,1.00,1.12
2016.02.11 06:14:17.902,1.06223,1.06253,1.00,1.75
2016.02.11 06:14:18.794,1.06222,1.06253,1.00,1.75
2016.02.11 06:14:22.974,1.06221,1.0625,1.00,1.75
2016.02.11 06:14:24.013,1.06221,1.0625,1.00,1.75
2016.02.11 06:14:26.986,1.06221,1.06246,1.00,1.50
2016.02.11 06:14:27.289,1.06218,1.06244,1.00,1.12
2016.02.11 06:14:27.340,1.06212,1.06244,1.50,1.12
2016.02.11 06:14:27.794,1.06214,1.06244,1.00,1.12
2016.02.11 06:14:28.554,1.06212,1.06245,1.50,1.12
2016.02.11 06:14:28.605,1.06214,1.06246,1.00,1.87
2016.02.11 06:14:28.908,1.06224,1.06251,1.00,1.75
2016.02.11 06:14:29.312,1.06224,1.06248,1.00,1.75
2016.02.11 06:14:29.363,1.0622,1.06248,1.07,1.75
2016.02.11 06:14:29.414,1.06219,1.06248,2.25,1.75
2016.02.11 06:14:29.717,1.06221,1.06248,1.00,1.75
2016.02.11 06:14:30.031,1.06217,1.06248,1.50,1.75
2016.02.11 06:14:30.234,1.06221,1.06248,1.00,1.75
2016.02.11 06:14:31.210,1.06219,1.06248,1.00,1.75
2016.02.11 06:14:31.312,1.06218,1.06248,1.00,1.75
2016.02.11 06:14:31.558,1.06222,1.06248,1.00,1.75
2016.02.11 06:14:31.870,1.06224,1.06248,1.00,1.75
2016.02.11 06:14:33.954,1.06223,1.0625,1.00,1.75
2016.02.11 06:14:35.966,1.06221,1.0625,1.00,1.75
2016.02.11 06:14:36.679,1.06221,1.0625,1.00,1.87
2016.02.11 06:14:40.243,1.06219,1.06249,1.00,1.75
2016.02.11 06:14:42.523,1.06217,1.06249,1.50,1.75
2016.02.11 06:14:42.624,1.06219,1.06251,1.00,1.37
2016.02.11 06:14:42.726,1.0622,1.06254,1.50,1.00
2016.02.11 06:14:42.829,1.06224,1.06257,1.37,1.00
2016.02.11 06:14:43.134,1.06239,1.06261,1.00,1.00
2016.02.11 06:14:44.233,1.06239,1.06263,1.00,1.37
2016.02.11 06:14:44.739,1.06243,1.06263,1.00,1.75
2016.02.11 06:14:45.947,1.06241,1.06263,1.00,1.75
2016.02.11 06:15:00.345,1.06241,1.06265,1.00,1.50
2016.02.11 06:15:00.447,1.06241,1.06269,1.00,1.12
2016.02.11 06:15:00.649,1.06242,1.06271,1.00,1.75
2016.02.11 06:15:01.104,1.06243,1.06268,1.00,1.75
2016.02.11 06:15:01.618,1.06242,1.06268,1.00,1.75
2016.02.11 06:15:01.973,1.06242,1.06271,1.00,1.75
2016.02.11 06:15:02.125,1.06246,1.06274,1.00,1.85
2016.02.11 06:15:02.429,1.06249,1.06277,1.00,1.75
2016.02.11 06:15:03.013,1.0625,1.06277,1.00,1.75
2016.02.11 06:15:03.563,1.0625,1.06279,1.12,1.75
2016.02.11 06:15:03.985,1.06251,1.06283,1.00,3.07
2016.02.11 06:15:04.086,1.06251,1.0628,1.00,1.75
2016.02.11 06:15:04.654,1.06251,1.0628,1.00,1.75
2016.02.11 06:15:05.516,1.06248,1.0628,1.50,2.25
2016.02.11 06:15:05.668,1.06246,1.0628,1.50,2.25
2016.02.11 06:15:05.770,1.06244,1.06276,1.95,4.50
2016.02.11 06:15:06.034,1.06243,1.06274,3.37,1.75
2016.02.11 06:15:08.819,1.06244,1.06276,1.45,1.75
2016.02.11 06:15:09.572,1.06244,1.06276,1.45,1.75
2016.02.11 06:15:11.753,1.06244,1.06276,1.95,1.75
2016.02.11 06:15:11.855,1.06245,1.0628,1.87,2.25
2016.02.11 06:15:11.906,1.06247,1.0628,1.57,1.75
2016.02.11 06:15:12.434,1.06247,1.06281,3.82,1.75
2016.02.11 06:15:12.523,1.06247,1.06281,3.82,1.75
2016.02.11 06:15:14.190,1.06247,1.0628,2.32,1.87
2016.02.11 06:15:14.693,1.06247,1.0628,2.32,1.87
2016.02.11 06:15:15.495,1.06247,1.06281,2.32,2.62
2016.02.11 06:15:16.294,1.06247,1.06279,1.57,1.75
2016.02.11 06:15:18.258,1.06247,1.06279,1.57,1.75
2016.02.11 06:15:19.361,1.06247,1.06279,1.57,1.75
2016.02.11 06:15:24.310,1.06247,1.06279,1.07,1.75
2016.02.11 06:15:24.613,1.06247,1.06282,1.82,4.50
2016.02.11 06:15:25.008,1.06252,1.06282,1.00,1.75
2016.02.11 06:15:27.966,1.06252,1.06282,1.00,1.75
2016.02.11 06:15:29.948,1.06252,1.06281,1.00,1.75
2016.02.11 06:15:30.282,1.0625,1.06281,1.12,1.75
2016.02.11 06:15:30.485,1.0625,1.06281,1.12,1.75
2016.02.11 06:15:30.788,1.0625,1.06281,1.12,1.75
2016.02.11 06:15:30.934,1.0625,1.06281,1.12,1.75
2016.02.11 06:15:31.687,1.0625,1.06281,1.12,1.75
2016.02.11 06:15:31.883,1.0625,1.06281,1.12,1.75
2016.02.11 06:15:31.934,1.06252,1.06281,1.00,1.75
2016.02.11 06:15:32.035,1.0625,1.06281,1.12,1.75
2016.02.11 06:15:32.138,1.0625,1.06281,1.12,1.75
2016.02.11 06:15:32.340,1.0625,1.06281,1.12,1.75
2016.02.11 06:15:32.694,1.0625,1.06281,1.12,1.75
2016.02.11 06:15:35.513,1.06249,1.0628,1.50,2.62
2016.02.11 06:15:36.905,1.06247,1.06278,1.47,1.75
2016.02.11 06:15:36.956,1.06246,1.06276,1.87,1.75
2016.02.11 06:15:37.864,1.06243,1.06274,1.00,1.75
2016.02.11 06:15:38.183,1.06242,1.06274,1.00,1.85
2016.02.11 06:15:47.765,1.06242,1.06272,1.50,1.00
2016.02.11 06:15:48.021,1.06247,1.06272,1.00,1.00
2016.02.11 06:15:51.154,1.06247,1.06275,1.00,1.10
2016.02.11 06:15:51.508,1.06248,1.06277,1.00,1.10
2016.02.11 06:15:54.243,1.06243,1.06275,2.62,1.00
2016.02.11 06:15:54.496,1.06251,1.06275,1.00,1.00
2016.02.11 06:15:56.895,1.06253,1.06275,1.00,1.00
2016.02.11 06:15:57.128,1.06253,1.06278,1.00,1.07
2016.02.11 06:15:57.640,1.06252,1.06278,1.00,1.07
2016.02.11 06:15:58.844,1.06255,1.06278,1.00,1.07
2016.02.11 06:16:00.108,1.06253,1.06278,1.00,1.07
2016.02.11 06:16:08.202,1.06253,1.06281,1.00,1.57
2016.02.11 06:16:08.254,1.06255,1.06281,1.00,1.57
2016.02.11 06:16:08.305,1.06255,1.06282,1.00,1.00
2016.02.11 06:16:08.357,1.06257,1.06282,1.00,1.00
2016.02.11 06:16:08.661,1.06258,1.06286,1.00,1.50
2016.02.11 06:16:09.202,1.06258,1.06288,1.00,1.75
2016.02.11 06:16:09.705,1.06259,1.06288,1.00,1.75
2016.02.11 06:16:10.946,1.06259,1.06288,1.00,1.12
2016.02.11 06:16:10.997,1.06261,1.06288,1.00,1.12
2016.02.11 06:16:11.098,1.06256,1.06288,1.12,1.12
2016.02.11 06:16:11.300,1.06264,1.06288,1.00,1.00
2016.02.11 06:16:13.387,1.06263,1.06288,1.00,1.00
2016.02.11 06:16:13.893,1.06264,1.06288,1.00,1.00
2016.02.11 06:16:14.013,1.06264,1.0629,1.00,1.12
2016.02.11 06:16:19.085,1.06264,1.06289,1.00,1.00
2016.02.11 06:16:20.864,1.06265,1.06289,1.00,1.00
2016.02.11 06:16:21.870,1.06264,1.06289,1.00,1.00
2016.02.11 06:16:24.115,1.06264,1.06288,1.00,1.00
2016.02.11 06:16:25.693,1.06264,1.06288,1.00,1.75
2016.02.11 06:16:25.744,1.06262,1.06288,1.00,1.75
2016.02.11 06:16:26.266,1.06263,1.06288,1.00,1.75
2016.02.11 06:16:26.368,1.06264,1.06288,1.00,1.12
2016.02.11 06:16:29.351,1.06264,1.06291,1.00,1.75
2016.02.11 06:16:29.704,1.06267,1.06291,1.00,1.75
2016.02.11 06:16:30.299,1.06267,1.06291,1.00,1.75
2016.02.11 06:16:31.104,1.06265,1.06291,1.00,1.75
2016.02.11 06:16:32.765,1.06267,1.06291,1.00,1.75
2016.02.11 06:16:34.628,1.06264,1.06293,1.00,1.87
2016.02.11 06:16:34.982,1.06267,1.06291,1.00,1.75
2016.02.11 06:16:35.835,1.06265,1.06293,1.00,1.12
2016.02.11 06:16:36.351,1.06264,1.06291,1.00,1.75
2016.02.11 06:16:36.789,1.06265,1.06291,1.00,1.75
2016.02.11 06:16:38.431,1.06265,1.06291,1.00,1.75
2016.02.11 06:16:38.896,1.06265,1.06291,1.00,1.75
2016.02.11 06:16:38.997,1.06265,1.06291,1.00,1.75
2016.02.11 06:16:39.704,1.06263,1.06292,1.00,1.75
2016.02.11 06:16:39.805,1.06265,1.06292,1.00,1.75
2016.02.11 06:16:40.118,1.06265,1.06292,1.00,1.75
2016.02.11 06:16:42.529,1.06265,1.0629,1.00,1.75
2016.02.11 06:16:43.207,1.06264,1.0629,1.00,1.75
2016.02.11 06:16:44.427,1.06265,1.0629,1.00,1.75
2016.02.11 06:16:46.423,1.06265,1.06289,1.00,1.75
2016.02.11 06:16:48.040,1.06259,1.06286,1.00,1.75
2016.02.11 06:16:48.545,1.06258,1.06286,1.00,1.75
2016.02.11 06:16:49.579,1.06257,1.06286,1.50,1.75
2016.02.11 06:16:50.047,1.06259,1.06286,1.00,1.75
2016.02.11 06:16:54.438,1.06257,1.06286,1.00,1.75
2016.02.11 06:16:55.421,1.06257,1.06286,1.00,1.75
2016.02.11 06:16:55.970,1.06256,1.06286,1.00,1.75
2016.02.11 06:16:57.826,1.06257,1.06286,1.00,1.75
2016.02.11 06:16:58.635,1.06256,1.06284,1.00,1.75
2016.02.11 06:16:58.686,1.06256,1.06284,1.00,1.75
2016.02.11 06:16:58.787,1.06256,1.06284,1.00,1.75
2016.02.11 06:16:59.141,1.06256,1.06284,1.00,1.75
2016.02.11 06:16:59.445,1.06257,1.06284,1.00,1.75
2016.02.11 06:16:59.496,1.06254,1.06284,1.00,1.75
2016.02.11 06:16:59.697,1.06259,1.06284,1.00,1.75
2016.02.11 06:17:00.220,1.06259,1.06284,1.00,1.75
2016.02.11 06:17:01.822,1.06262,1.06284,1.00,1.75
2016.02.11 06:17:04.006,1.0626,1.06284,1.00,1.75
2016.02.11 06:17:05.443,1.06261,1.06284,1.00,1.75
2016.02.11 06:17:05.544,1.06259,1.06284,1.00,1.75
2016.02.11 06:17:14.632,1.06258,1.06286,1.00,1.75
2016.02.11 06:17:15.433,1.06257,1.06285,1.00,1.75
2016.02.11 06:17:15.635,1.06257,1.06285,1.00,1.75
2016.02.11 06:17:16.501,1.06256,1.06282,1.50,3.75
2016.02.11 06:17:16.552,1.06256,1.06281,1.12,1.75
2016.02.11 06:17:16.603,1.06256,1.06281,1.00,1.75
2016.02.11 06:17:16.704,1.06251,1.06281,1.87,1.75
2016.02.11 06:17:16.957,1.06252,1.06284,1.10,1.75
2016.02.11 06:17:17.058,1.06252,1.06284,1.10,1.75
2016.02.11 06:17:17.160,1.06252,1.06283,1.10,1.75
2016.02.11 06:17:18.644,1.06253,1.06285,1.00,1.75
2016.02.11 06:17:18.854,1.06253,1.06285,1.87,1.75
2016.02.11 06:17:20.561,1.06255,1.06285,1.50,1.75
2016.02.11 06:17:22.896,1.06253,1.06286,1.75,1.75
2016.02.11 06:17:22.997,1.06253,1.06286,1.75,1.75
2016.02.11 06:17:28.706,1.06253,1.06286,1.75,2.25
2016.02.11 06:17:30.604,1.06253,1.06286,1.75,1.75
2016.02.11 06:17:34.785,1.06255,1.06286,1.50,1.75
2016.02.11 06:17:36.098,1.06255,1.06286,1.50,1.75
2016.02.11 06:17:40.204,1.06257,1.06288,1.37,1.75
2016.02.11 06:17:40.534,1.0626,1.06288,1.00,1.75
2016.02.11 06:17:49.714,1.0626,1.06289,1.00,1.75
2016.02.11 06:17:52.763,1.0626,1.06287,1.00,1.75
2016.02.11 06:17:53.276,1.0626,1.06287,1.00,1.75
2016.02.11 06:17:53.933,1.0626,1.06287,1.00,1.75
2016.02.11 06:17:58.844,1.06257,1.06287,1.75,1.75
2016.02.11 06:17:58.945,1.06257,1.06287,1.12,1.75
2016.02.11 06:18:01.609,1.06258,1.06289,1.00,1.75
2016.02.11 06:18:01.660,1.06258,1.06289,1.75,1.75
2016.02.11 06:18:01.761,1.06257,1.06289,1.12,1.75
2016.02.11 06:18:03.990,1.06257,1.06287,1.12,3.75
2016.02.11 06:18:05.320,1.06258,1.06287,1.00,3.75
2016.02.11 06:18:05.665,1.06258,1.06287,1.75,3.75
2016.02.11 06:18:08.530,1.06254,1.06279,1.00,1.00
2016.02.11 06:18:08.581,1.06252,1.06279,1.00,1.00
2016.02.11 06:18:08.633,1.06251,1.06283,1.12,1.47
2016.02.11 06:18:08.836,1.06255,1.06283,1.00,1.00
2016.02.11 06:18:08.938,1.06251,1.06283,1.00,1.00
2016.02.11 06:18:09.193,1.06251,1.06282,1.00,1.12
2016.02.11 06:18:12.503,1.06251,1.0628,1.00,1.00
2016.02.11 06:18:14.203,1.06251,1.06282,1.00,1.12
2016.02.11 06:18:17.415,1.06251,1.06279,1.00,1.00
2016.02.11 06:18:21.046,1.06251,1.06282,1.00,1.00
2016.02.11 06:18:22.264,1.06251,1.06282,1.75,1.00
2016.02.11 06:18:22.567,1.06252,1.06285,1.75,1.00
2016.02.11 06:18:27.471,1.06253,1.06285,1.85,1.00
2016.02.11 06:18:27.523,1.06253,1.06288,1.85,1.37
2016.02.11 06:18:27.725,1.06256,1.06289,1.12,1.00
2016.02.11 06:18:27.928,1.06255,1.06289,2.70,1.00
2016.02.11 06:18:28.079,1.06258,1.06291,1.50,1.00
2016.02.11 06:18:28.585,1.06261,1.06293,1.10,1.00
2016.02.11 06:18:28.636,1.06263,1.06297,1.00,1.00
2016.02.11 06:18:28.788,1.06265,1.06298,1.37,1.00
2016.02.11 06:18:28.975,1.06267,1.063,1.00,1.50
2016.02.11 06:18:29.076,1.06267,1.063,1.75,1.50
2016.02.11 06:18:29.430,1.06269,1.063,1.12,1.00
2016.02.11 06:18:29.937,1.0627,1.063,1.75,1.00
2016.02.11 06:18:30.331,1.06271,1.063,1.00,1.00
2016.02.11 06:18:31.084,1.06268,1.063,3.37,1.00
2016.02.11 06:18:31.488,1.06268,1.06298,1.37,1.00
2016.02.11 06:18:31.639,1.06265,1.06298,1.00,1.00
2016.02.11 06:18:31.942,1.06262,1.06295,1.75,1.00
2016.02.11 06:18:32.629,1.0626,1.06297,4.12,1.00
2016.02.11 06:18:32.730,1.06266,1.06297,1.00,1.00
2016.02.11 06:18:33.040,1.06263,1.06297,1.50,1.00
2016.02.11 06:18:33.496,1.06267,1.06297,1.00,1.00
2016.02.11 06:18:33.702,1.06268,1.063,1.00,1.00
2016.02.11 06:18:33.905,1.06266,1.063,1.12,1.00
2016.02.11 06:18:34.177,1.06266,1.063,1.50,1.00
2016.02.11 06:18:34.481,1.06266,1.06297,1.37,1.00
2016.02.11 06:18:34.633,1.06263,1.06297,1.00,1.00
2016.02.11 06:18:35.447,1.06261,1.06297,1.50,1.50
2016.02.11 06:18:35.599,1.06263,1.06297,1.00,1.50
2016.02.11 06:18:35.904,1.06271,1.063,1.00,1.00
2016.02.11 06:18:36.063,1.06269,1.063,1.00,1.00
2016.02.11 06:18:37.029,1.06267,1.06295,1.37,1.00
2016.02.11 06:18:37.131,1.06267,1.06295,1.12,1.00
2016.02.11 06:18:37.233,1.06265,1.06295,1.00,1.00
2016.02.11 06:18:37.334,1.0626,1.06295,1.50,1.00
2016.02.11 06:18:37.857,1.06261,1.06295,1.00,1.00
2016.02.11 06:18:38.363,1.06262,1.06295,1.00,1.00
2016.02.11 06:18:38.414,1.06266,1.06298,1.00,1.00
2016.02.11 06:18:38.717,1.06269,1.06299,1.50,1.00
2016.02.11 06:18:43.540,1.06269,1.06301,1.87,1.00
2016.02.11 06:18:45.795,1.06269,1.06301,1.75,1.00
2016.02.11 06:18:46.111,1.06268,1.06299,1.37,1.00
2016.02.11 06:18:47.651,1.06269,1.06302,1.87,1.00
2016.02.11 06:18:49.703,1.0627,1.06302,1.50,1.00
2016.02.11 06:18:50.213,1.06268,1.06302,1.37,1.00
2016.02.11 06:18:50.817,1.06269,1.06302,1.75,1.00
2016.02.11 06:18:54.107,1.06268,1.06299,1.87,1.00
2016.02.11 06:18:54.902,1.06268,1.06301,1.87,1.00
2016.02.11 06:18:55.411,1.06271,1.06301,1.00,1.00
2016.02.11 06:18:56.482,1.0627,1.06301,1.12,1.00
2016.02.11 06:18:57.038,1.06269,1.06301,1.75,1.00
2016.02.11 06:18:59.716,1.0627,1.06301,1.12,1.00
2016.02.11 06:19:00.222,1.06269,1.063,1.37,1.00
2016.02.11 06:19:00.756,1.06269,1.063,1.00,1.00
2016.02.11 06:19:01.412,1.06264,1.063,1.50,1.00
2016.02.11 06:19:01.805,1.06264,1.063,1.47,1.00
2016.02.11 06:19:02.007,1.06266,1.063,1.00,1.12
2016.02.11 06:19:02.108,1.06264,1.063,1.20,1.12
2016.02.11 06:19:02.512,1.06264,1.06297,1.20,1.00
2016.02.11 06:19:03.284,1.06267,1.06297,1.00,1.00
2016.02.11 06:19:03.980,1.06269,1.06297,1.00,1.00
2016.02.11 06:19:04.031,1.06269,1.06301,1.37,1.00
2016.02.11 06:19:07.364,1.06269,1.06301,1.12,1.00
2016.02.11 06:19:07.634,1.06269,1.06297,1.12,1.00
2016.02.11 06:19:07.837,1.06264,1.06295,1.00,1.00
2016.02.11 06:19:08.341,1.06263,1.06295,1.00,1.00
2016.02.11 06:19:09.751,1.06261,1.06295,2.25,1.00
2016.02.11 06:19:12.330,1.06261,1.06295,2.25,1.00
2016.02.11 06:19:12.583,1.06266,1.06299,1.75,1.50
2016.02.11 06:19:12.786,1.06271,1.06299,1.75,1.00
2016.02.11 06:19:12.887,1.06269,1.06303,1.75,1.00
2016.02.11 06:19:13.443,1.06272,1.06303,1.87,1.00
2016.02.11 06:19:16.099,1.06273,1.06303,1.37,1.00
2016.02.11 06:19:17.954,1.06272,1.06303,1.87,1.00
2016.02.11 06:19:18.821,1.06272,1.06303,2.62,1.00
2016.02.11 06:19:19.276,1.06272,1.06303,1.87,1.00
2016.02.11 06:19:19.327,1.06272,1.06308,1.87,1.87
2016.02.11 06:19:19.492,1.06272,1.06308,1.87,1.87
2016.02.11 06:19:19.543,1.06276,1.06308,1.12,1.12
2016.02.11 06:19:20.062,1.06276,1.06308,1.50,1.00
2016.02.11 06:19:21.046,1.06274,1.06307,3.00,1.00
2016.02.11 06:19:21.300,1.06271,1.06304,1.82,1.00
2016.02.11 06:19:21.351,1.06276,1.06308,1.00,1.00
2016.02.11 06:19:21.503,1.06272,1.06307,2.25,1.00
2016.02.11 06:19:21.877,1.06276,1.06307,1.00,1.07
2016.02.11 06:19:22.080,1.06274,1.06307,1.00,1.00
2016.02.11 06:19:22.233,1.06272,1.06304,1.50,1.00
2016.02.11 06:19:22.486,1.0627,1.06304,1.12,1.50
2016.02.11 06:19:22.537,1.06272,1.06304,1.50,1.50
2016.02.11 06:19:23.073,1.06274,1.06304,1.00,1.50
2016.02.11 06:19:23.276,1.06274,1.06306,1.00,1.00
2016.02.11 06:19:23.378,1.06274,1.06308,1.00,1.00
2016.02.11 06:19:23.681,1.06273,1.06308,1.00,1.50
2016.02.11 06:19:23.984,1.06272,1.06303,1.50,1.00
2016.02.11 06:19:24.496,1.06272,1.06307,1.00,1.45
2016.02.11 06:19:24.547,1.06274,1.06307,1.00,1.45
2016.02.11 06:19:24.597,1.06274,1.06308,1.00,1.00
2016.02.11 06:19:24.699,1.06276,1.06311,1.00,1.87
2016.02.11 06:19:24.800,1.06281,1.06311,1.00,1.00
2016.02.11 06:19:25.103,1.06281,1.06312,1.87,1.00
2016.02.11 06:19:25.406,1.06285,1.06318,1.50,1.50
2016.02.11 06:19:26.839,1.06284,1.06318,1.75,1.87
2016.02.11 06:19:27.388,1.06284,1.06318,1.50,1.87
2016.02.11 06:19:27.514,1.06284,1.06318,1.75,1.87
2016.02.11 06:19:27.615,1.06284,1.06318,1.50,1.87
2016.02.11 06:19:28.144,1.06284,1.06318,1.75,1.87
2016.02.11 06:19:28.649,1.06284,1.06318,1.50,1.87
2016.02.11 06:19:30.211,1.06285,1.06317,1.75,1.00
2016.02.11 06:19:34.386,1.06289,1.06317,1.00,1.00
2016.02.11 06:19:34.487,1.06286,1.06317,1.37,1.00
2016.02.11 06:19:38.999,1.06283,1.06317,1.75,2.25
2016.02.11 06:19:39.302,1.06283,1.06312,1.75,1.00
2016.02.11 06:19:39.504,1.0628,1.06312,1.00,1.00
2016.02.11 06:19:39.555,1.06276,1.06312,2.62,1.00
2016.02.11 06:19:39.606,1.06276,1.06308,1.87,1.00
2016.02.11 06:19:39.964,1.06279,1.06308,1.75,1.00
2016.02.11 06:19:40.066,1.06279,1.06312,1.75,1.10
2016.02.11 06:19:40.420,1.06283,1.06316,1.00,1.10
2016.02.11 06:19:40.521,1.06283,1.06316,1.12,1.10
2016.02.11 06:19:41.826,1.06284,1.06312,1.75,1.00
2016.02.11 06:19:41.927,1.06282,1.06312,1.57,1.12
2016.02.11 06:19:42.029,1.0628,1.06312,1.00,1.45
2016.02.11 06:19:42.180,1.06277,1.06309,1.87,1.12
2016.02.11 06:19:47.201,1.06277,1.06308,1.50,1.00
2016.02.11 06:19:49.970,1.06277,1.06306,1.87,1.00
2016.02.11 06:20:00.439,1.06277,1.06306,1.00,1.10
2016.02.11 06:20:00.660,1.06274,1.06303,2.25,1.00
2016.02.11 06:20:00.964,1.06274,1.06306,1.50,1.10
2016.02.11 06:20:01.116,1.06278,1.0631,1.87,1.10
2016.02.11 06:20:01.621,1.06282,1.06311,1.12,1.00
2016.02.11 06:20:02.283,1.06282,1.06308,1.12,1.00
2016.02.11 06:20:02.587,1.06278,1.06308,1.12,1.00
2016.02.11 06:20:02.637,1.06277,1.06306,1.37,1.00
2016.02.11 06:20:02.739,1.06278,1.06309,1.12,1.07
2016.02.11 06:20:03.244,1.06278,1.06309,1.12,1.00
2016.02.11 06:20:03.446,1.06277,1.06311,2.25,1.00
2016.02.11 06:20:04.139,1.06277,1.06308,2.32,1.00
2016.02.11 06:20:05.586,1.06277,1.06312,2.25,1.50
2016.02.11 06:20:06.244,1.06285,1.06312,1.00,1.00
2016.02.11 06:20:06.547,1.06277,1.06309,2.25,1.00
2016.02.11 06:20:07.056,1.06283,1.06309,1.00,1.00
2016.02.11 06:20:07.309,1.06278,1.06309,2.25,1.00
2016.02.11 06:20:08.328,1.06278,1.06306,1.50,1.00
2016.02.11 06:20:09.359,1.06273,1.06306,1.12,1.00
2016.02.11 06:20:10.073,1.06275,1.06306,1.00,1.00
2016.02.11 06:20:10.174,1.06273,1.06306,1.12,1.00
2016.02.11 06:20:10.317,1.06278,1.06306,1.00,1.00
2016.02.11 06:20:10.422,1.06273,1.06304,1.75,1.00
2016.02.11 06:20:10.473,1.06273,1.06307,1.75,1.10
2016.02.11 06:20:10.574,1.06277,1.06307,1.00,1.10
2016.02.11 06:20:14.055,1.06277,1.06304,1.50,1.00
2016.02.11 06:20:15.123,1.06277,1.06306,1.50,1.00
2016.02.11 06:20:15.788,1.06277,1.06305,1.00,1.00
2016.02.11 06:20:17.681,1.06277,1.06307,1.37,1.10
2016.02.11 06:20:18.489,1.06277,1.06307,1.00,1.00
2016.02.11 06:20:18.540,1.06277,1.06305,1.00,1.00
2016.02.11 06:20:18.591,1.06274,1.06305,1.00,1.00
2016.02.11 06:20:18.894,1.06278,1.06305,1.00,1.00
2016.02.11 06:20:19.007,1.06274,1.06305,1.00,1.00
2016.02.11 06:20:21.268,1.06274,1.06307,1.00,1.00
2016.02.11 06:20:21.370,1.06277,1.06307,1.12,1.00
2016.02.11 06:20:21.880,1.06277,1.06307,1.50,1.00
2016.02.11 06:20:22.486,1.06277,1.06304,1.50,1.00
2016.02.11 06:20:22.588,1.06274,1.06304,1.50,1.00
2016.02.11 06:20:24.816,1.06276,1.06304,1.00,1.00
2016.02.11 06:20:24.868,1.06275,1.06307,1.75,1.00
2016.02.11 06:20:25.222,1.06277,1.06309,1.50,1.10
2016.02.11 06:20:27.301,1.0628,1.06309,1.00,1.10
2016.02.11 06:20:27.605,1.06278,1.06307,1.50,1.00
2016.02.11 06:20:28.462,1.06278,1.0631,1.50,1.10
2016.02.11 06:20:29.082,1.06278,1.06306,1.50,1.00
2016.02.11 06:20:29.336,1.06278,1.06309,1.50,1.00
2016.02.11 06:20:29.942,1.06278,1.06305,1.50,1.00
2016.02.11 06:20:30.144,1.06274,1.06305,1.50,1.00
2016.02.11 06:20:33.320,1.06277,1.06305,1.00,1.00
2016.02.11 06:20:33.522,1.06278,1.06308,1.00,1.00
2016.02.11 06:20:34.079,1.06274,1.06308,1.37,1.00
2016.02.11 06:20:34.130,1.06274,1.06308,1.12,1.00
2016.02.11 06:20:34.487,1.06277,1.06308,1.00,1.00
2016.02.11 06:20:34.992,1.06277,1.06308,1.75,1.00
2016.02.11 06:20:35.598,1.06277,1.06308,1.50,1.00
2016.02.11 06:20:36.250,1.06277,1.06308,1.37,1.00
2016.02.11 06:20:38.647,1.06277,1.06307,1.50,1.00
2016.02.11 06:20:39.152,1.06277,1.06307,1.00,1.00
2016.02.11 06:20:40.093,1.06278,1.06307,1.00,1.00
2016.02.11 06:20:41.329,1.06278,1.06309,1.12,1.00
2016.02.11 06:20:42.285,1.06278,1.0631,1.12,1.00
2016.02.11 06:20:42.537,1.06281,1.0631,1.50,1.00
2016.02.11 06:20:42.588,1.06281,1.06312,1.50,1.00
2016.02.11 06:20:42.915,1.06281,1.06309,1.50,1.00
2016.02.11 06:20:43.168,1.06274,1.06309,1.00,1.00
2016.02.11 06:20:43.673,1.06274,1.06309,1.50,1.07
2016.02.11 06:20:44.824,1.06281,1.06309,1.00,1.07
2016.02.11 06:20:45.026,1.06274,1.06309,1.00,1.00
2016.02.11 06:20:45.346,1.06274,1.06304,1.00,1.00
2016.02.11 06:20:45.799,1.06274,1.06308,1.00,1.00
2016.02.11 06:20:46.402,1.06273,1.06304,1.37,1.00
2016.02.11 06:20:46.554,1.06271,1.06304,1.00,1.00
2016.02.11 06:20:46.604,1.06274,1.06304,1.12,1.00
2016.02.11 06:20:46.706,1.06274,1.06307,1.50,1.07
2016.02.11 06:20:46.757,1.06274,1.06308,1.00,1.00
2016.02.11 06:20:47.215,1.06274,1.06305,1.00,1.00
2016.02.11 06:20:48.561,1.06273,1.06305,1.00,1.00
2016.02.11 06:20:48.662,1.06269,1.06305,1.37,1.00
2016.02.11 06:20:49.518,1.06269,1.06301,1.37,1.00
2016.02.11 06:20:49.895,1.0627,1.06297,1.00,1.00
2016.02.11 06:20:49.946,1.06268,1.06297,1.00,1.00
2016.02.11 06:20:50.108,1.06266,1.06297,1.00,1.00
2016.02.11 06:20:52.430,1.06265,1.06297,1.50,1.00
2016.02.11 06:20:52.632,1.06265,1.06297,2.62,1.00
2016.02.11 06:20:52.784,1.06265,1.06297,2.25,1.00
2016.02.11 06:20:52.835,1.06265,1.06297,2.62,1.00
2016.02.11 06:20:52.980,1.06265,1.06297,2.25,1.00
2016.02.11 06:20:53.031,1.06269,1.06297,1.00,1.00
2016.02.11 06:20:53.385,1.06267,1.06297,1.00,1.00
2016.02.11 06:20:54.394,1.06266,1.06297,1.00,1.00
2016.02.11 06:20:55.439,1.06266,1.06294,1.00,1.00
2016.02.11 06:20:55.793,1.06268,1.06294,1.00,1.00
2016.02.11 06:20:55.945,1.06268,1.06297,1.00,1.00
2016.02.11 06:20:56.675,1.06267,1.06297,1.00,1.00
2016.02.11 06:20:57.193,1.06268,1.06297,1.00,1.50
2016.02.11 06:20:59.451,1.06267,1.06297,1.00,1.50
2016.02.11 06:20:59.956,1.06268,1.06297,1.00,1.00
2016.02.11 06:21:00.057,1.06268,1.063,1.00,2.32
2016.02.11 06:21:00.607,1.06267,1.063,1.50,2.25
2016.02.11 06:21:00.810,1.06267,1.06295,1.00,1.00
2016.02.11 06:21:04.384,1.06267,1.06299,1.50,1.00
2016.02.11 06:21:04.637,1.06269,1.063,1.00,1.00
2016.02.11 06:21:05.142,1.06268,1.06301,1.50,1.00
2016.02.11 06:21:05.522,1.0627,1.06301,1.00,1.00
2016.02.11 06:21:06.058,1.06269,1.06301,1.50,1.00
2016.02.11 06:21:06.442,1.06269,1.06301,2.62,1.00
2016.02.11 06:21:06.645,1.06269,1.06301,2.25,1.00
2016.02.11 06:21:07.451,1.06269,1.06298,1.00,1.00
2016.02.11 06:21:07.855,1.06269,1.06302,1.50,1.00
2016.02.11 06:21:07.907,1.06271,1.06302,1.00,1.00
2016.02.11 06:21:08.109,1.06269,1.06302,1.50,1.00
2016.02.11 06:21:08.561,1.06271,1.06302,1.00,1.00
2016.02.11 06:21:08.662,1.06269,1.06302,1.00,1.00
2016.02.11 06:21:09.217,1.0627,1.06302,1.00,1.00
2016.02.11 06:21:10.577,1.06269,1.06302,1.00,1.00
2016.02.11 06:21:12.784,1.06269,1.06298,1.00,1.00
2016.02.11 06:21:13.116,1.06271,1.06298,1.00,1.00
2016.02.11 06:21:13.168,1.06269,1.06298,1.50,1.00
2016.02.11 06:21:14.090,1.0627,1.06298,1.00,1.00
2016.02.11 06:21:14.594,1.06269,1.06298,1.00,1.00
2016.02.11 06:21:16.702,1.06271,1.06298,1.00,1.00
2016.02.11 06:21:16.803,1.06269,1.06298,1.50,1.00
2016.02.11 06:21:17.755,1.06269,1.063,1.50,1.87
2016.02.11 06:21:21.775,1.06271,1.063,1.00,1.87
2016.02.11 06:21:21.877,1.06269,1.063,1.00,1.87
2016.02.11 06:21:23.087,1.06268,1.063,1.50,1.12
2016.02.11 06:21:24.609,1.06268,1.063,1.87,1.00
2016.02.11 06:21:25.125,1.06268,1.063,1.50,1.12
2016.02.11 06:21:26.325,1.06266,1.063,1.00,1.12
2016.02.11 06:21:26.376,1.06269,1.063,1.12,1.87
2016.02.11 06:21:26.539,1.0627,1.06303,1.12,1.00
2016.02.11 06:21:28.377,1.0627,1.06303,1.50,1.00
2016.02.11 06:21:28.479,1.06275,1.06307,1.50,1.00
2016.02.11 06:21:28.580,1.06276,1.06309,1.12,1.00
2016.02.11 06:21:29.395,1.06278,1.0631,1.00,1.50
2016.02.11 06:21:36.408,1.06278,1.06309,1.00,1.00
2016.02.11 06:21:36.599,1.06274,1.06309,2.32,1.00
2016.02.11 06:21:37.111,1.06275,1.0631,1.57,1.00
2016.02.11 06:21:38.748,1.06274,1.06309,1.82,1.00
2016.02.11 06:21:39.657,1.06274,1.06308,1.82,1.00
2016.02.11 06:21:41.301,1.06279,1.06308,1.00,1.00
2016.02.11 06:21:44.942,1.06279,1.06308,1.37,1.00
2016.02.11 06:21:44.992,1.06279,1.06308,1.00,1.00
2016.02.11 06:21:45.990,1.06279,1.06308,1.37,1.00
2016.02.11 06:21:46.524,1.06279,1.06308,1.00,1.00
2016.02.11 06:21:48.974,1.06279,1.0631,1.00,1.00
2016.02.11 06:21:49.126,1.06282,1.06311,1.00,1.00
2016.02.11 06:21:49.732,1.06277,1.06311,1.00,1.00
2016.02.11 06:21:50.238,1.06278,1.06311,1.00,1.00
2016.02.11 06:21:50.749,1.06277,1.06311,1.50,1.00
2016.02.11 06:21:50.800,1.06281,1.06311,1.00,1.00
2016.02.11 06:21:54.045,1.06281,1.0631,1.00,1.00
2016.02.11 06:21:55.854,1.06281,1.06312,1.00,1.00
2016.02.11 06:21:55.905,1.06282,1.06312,1.37,1.00
2016.02.11 06:21:56.007,1.06285,1.06314,1.50,1.00
2016.02.11 06:21:56.209,1.06284,1.06312,1.87,1.00
2016.02.11 06:21:56.361,1.06284,1.0631,1.00,1.00
2016.02.11 06:21:56.732,1.0628,1.06307,1.75,1.00
2016.02.11 06:21:57.035,1.06279,1.06304,1.75,1.00
2016.02.11 06:21:57.490,1.06279,1.06306,1.75,1.00
2016.02.11 06:21:57.692,1.0628,1.06306,1.75,1.00
2016.02.11 06:21:57.858,1.06282,1.06306,1.37,1.00
2016.02.11 06:21:58.060,1.06285,1.06306,1.00,1.00
2016.02.11 06:21:59.345,1.06285,1.06307,1.00,1.00
2016.02.11 06:22:00.328,1.06285,1.06304,1.00,1.00
2016.02.11 06:22:00.728,1.06282,1.06304,1.37,1.00
2016.02.11 06:22:02.390,1.06283,1.06308,1.12,1.50
2016.02.11 06:22:02.491,1.06285,1.06308,1.00,1.50
2016.02.11 06:22:02.998,1.06284,1.06308,1.00,1.00
2016.02.11 06:22:03.293,1.06282,1.06307,1.12,1.00
2016.02.11 06:22:03.395,1.06282,1.06305,1.37,1.00
2016.02.11 06:22:04.624,1.06281,1.06305,1.37,1.00
2016.02.11 06:22:05.892,1.06281,1.06303,1.37,1.00
2016.02.11 06:22:06.095,1.06279,1.06303,1.00,1.00
2016.02.11 06:22:06.409,1.0628,1.06305,1.12,1.00
2016.02.11 06:22:06.461,1.06282,1.06305,1.00,1.00
2016.02.11 06:22:06.782,1.06284,1.06308,1.00,1.00
2016.02.11 06:22:06.985,1.06278,1.06308,1.75,1.00
2016.02.11 06:22:07.036,1.06278,1.06303,1.75,1.00
2016.02.11 06:22:07.919,1.06276,1.06303,1.75,1.00
2016.02.11 06:22:08.122,1.06281,1.06306,1.37,1.00
2016.02.11 06:22:08.426,1.06279,1.06301,1.50,1.00
2016.02.11 06:22:08.541,1.06279,1.06305,1.50,1.12
2016.02.11 06:22:09.250,1.0628,1.06306,1.37,1.12
2016.02.11 06:22:09.352,1.06284,1.06308,1.12,1.10
2016.02.11 06:22:09.403,1.06284,1.0631,1.87,1.00
2016.02.11 06:22:09.570,1.06289,1.06313,1.50,1.00
2016.02.11 06:22:10.078,1.06285,1.06313,1.75,1.00
2016.02.11 06:22:10.593,1.06289,1.06313,1.50,1.00
2016.02.11 06:22:10.745,1.06288,1.06313,1.12,1.00
2016.02.11 06:22:10.796,1.06288,1.0631,1.12,1.00
2016.02.11 06:22:10.897,1.06282,1.0631,1.75,1.00
2016.02.11 06:22:11.201,1.06285,1.0631,1.50,1.00
2016.02.11 06:22:11.470,1.06285,1.06313,1.37,1.00
2016.02.11 06:22:11.521,1.06285,1.06316,1.75,1.12
2016.02.11 06:22:11.572,1.06285,1.06316,1.75,1.00
2016.02.11 06:22:11.623,1.06288,1.06316,1.75,1.00
2016.02.11 06:22:12.301,1.06291,1.06316,1.75,1.00
2016.02.11 06:22:12.809,1.0629,1.06316,1.75,1.00
2016.02.11 06:22:13.140,1.06292,1.06316,1.75,1.00
2016.02.11 06:22:13.191,1.06292,1.0632,1.75,1.00
2016.02.11 06:22:13.393,1.06291,1.0632,3.00,1.00
2016.02.11 06:22:14.296,1.06292,1.0632,1.75,1.00
2016.02.11 06:22:14.728,1.06292,1.06318,1.37,1.00
2016.02.11 06:22:15.178,1.06289,1.06316,1.75,1.00
2016.02.11 06:22:15.532,1.06286,1.06316,1.50,1.12
2016.02.11 06:22:15.684,1.0628,1.06316,1.75,1.00
2016.02.11 06:22:15.734,1.0628,1.06312,1.56,1.00
2016.02.11 06:22:16.213,1.06288,1.06315,1.00,1.50
2016.02.11 06:22:16.315,1.06286,1.06315,1.56,1.00
2016.02.11 06:22:16.618,1.06291,1.06315,1.56,1.00
2016.02.11 06:22:16.720,1.06292,1.06318,1.56,1.00
2016.02.11 06:22:16.821,1.06289,1.06316,1.56,1.00
2016.02.11 06:22:17.044,1.0629,1.0632,1.56,1.50
2016.02.11 06:22:17.852,1.06292,1.0632,1.56,1.50
2016.02.11 06:22:18.815,1.06294,1.0632,1.56,1.00
2016.02.11 06:22:19.321,1.06293,1.0632,1.75,1.00
2016.02.11 06:22:19.828,1.06296,1.0632,1.00,1.00
2016.02.11 06:22:20.082,1.06291,1.0632,1.75,1.00
2016.02.11 06:22:20.589,1.0629,1.0632,1.75,1.00
2016.02.11 06:22:21.702,1.06293,1.06319,1.37,1.00
2016.02.11 06:22:22.259,1.06291,1.0632,1.00,1.20
2016.02.11 06:22:22.680,1.06291,1.0632,1.00,1.75
2016.02.11 06:22:22.731,1.06283,1.0632,1.37,1.75
2016.02.11 06:22:23.438,1.06283,1.0632,1.12,1.87
2016.02.11 06:22:23.968,1.06285,1.06316,1.00,1.50
2016.02.11 06:22:24.323,1.0628,1.06316,1.00,1.50
2016.02.11 06:22:24.475,1.06284,1.06316,1.00,1.00
2016.02.11 06:22:25.035,1.0628,1.06316,1.00,1.00
2016.02.11 06:22:25.237,1.06276,1.06316,1.07,1.00
2016.02.11 06:22:26.452,1.06276,1.06316,1.57,1.07
2016.02.11 06:22:26.815,1.06275,1.06312,2.25,1.00
2016.02.11 06:22:27.120,1.06276,1.06316,1.12,1.50
2016.02.11 06:22:27.762,1.06276,1.06314,1.12,1.00
2016.02.11 06:22:28.269,1.06276,1.06315,1.12,1.00
2016.02.11 06:22:30.278,1.0628,1.06314,1.00,1.00
2016.02.11 06:22:31.308,1.06276,1.06314,2.25,1.00
2016.02.11 06:22:32.016,1.06276,1.06309,2.25,1.00
2016.02.11 06:22:36.966,1.06275,1.06309,1.00,1.00
2016.02.11 06:22:37.483,1.06275,1.0631,1.50,1.00
2016.02.11 06:22:37.894,1.06278,1.0631,1.00,1.00
2016.02.11 06:22:38.900,1.06276,1.0631,1.00,1.00
2016.02.11 06:22:39.450,1.06278,1.0631,1.00,1.00
2016.02.11 06:22:39.753,1.0628,1.0631,1.00,1.00
2016.02.11 06:22:39.855,1.06275,1.06307,1.00,1.00
2016.02.11 06:22:39.956,1.06272,1.06307,1.00,1.07
2016.02.11 06:22:40.109,1.06271,1.06303,1.00,1.00
2016.02.11 06:22:40.160,1.06266,1.06303,1.50,1.00
2016.02.11 06:22:40.335,1.06263,1.06303,2.25,1.00
2016.02.11 06:22:40.388,1.06263,1.06298,2.25,1.00
2016.02.11 06:22:40.692,1.06264,1.06295,1.00,1.00
2016.02.11 06:22:40.894,1.06264,1.06298,1.00,1.00
2016.02.11 06:22:45.373,1.06264,1.06297,1.00,1.00
2016.02.11 06:22:49.441,1.0626,1.06297,1.00,1.00
2016.02.11 06:22:50.551,1.0626,1.06294,1.00,1.00
2016.02.11 06:22:54.427,1.0626,1.0629,1.00,1.00
2016.02.11 06:22:58.887,1.06258,1.0629,1.00,1.00
2016.02.11 06:23:01.541,1.06258,1.06293,1.00,1.00
2016.02.11 06:23:01.643,1.0626,1.06294,1.00,1.50
2016.02.11 06:23:03.304,1.06261,1.06294,1.00,1.00
2016.02.11 06:23:05.010,1.06257,1.06291,1.00,1.00
2016.02.11 06:23:05.517,1.0626,1.06291,1.00,1.00
2016.02.11 06:23:05.669,1.06262,1.06295,1.00,1.00
2016.02.11 06:23:06.211,1.06263,1.06295,1.00,1.50
2016.02.11 06:23:06.262,1.0626,1.06291,1.00,1.00
2016.02.11 06:23:09.111,1.06261,1.06291,1.00,1.00
2016.02.11 06:23:09.364,1.06258,1.06291,1.00,1.00
2016.02.11 06:23:09.677,1.0626,1.06291,1.00,1.50
2016.02.11 06:23:09.937,1.06257,1.06291,1.50,1.00
2016.02.11 06:23:11.099,1.06259,1.06291,1.00,1.00
2016.02.11 06:23:11.638,1.0626,1.06292,1.00,1.00
2016.02.11 06:23:11.992,1.06257,1.06292,1.00,1.00
2016.02.11 06:23:12.043,1.06257,1.06289,1.00,1.00
2016.02.11 06:23:12.513,1.0626,1.06289,1.00,1.00
2016.02.11 06:23:12.564,1.06257,1.06292,1.50,1.00
2016.02.11 06:23:13.946,1.06255,1.0628,1.00,1.00
2016.02.11 06:23:13.997,1.06251,1.0628,1.87,1.00
2016.02.11 06:23:14.048,1.06251,1.06277,1.50,1.00
2016.02.11 06:23:14.100,1.06251,1.0628,1.50,1.00
2016.02.11 06:23:14.151,1.06251,1.06276,1.50,1.00
2016.02.11 06:23:14.203,1.06243,1.06276,1.00,1.07
2016.02.11 06:23:14.305,1.06243,1.06281,1.00,1.87
2016.02.11 06:23:14.356,1.06239,1.06281,3.37,1.12
2016.02.11 06:23:14.407,1.06247,1.0628,1.00,1.56
2016.02.11 06:23:14.525,1.06247,1.06281,1.00,1.00
2016.02.11 06:23:14.677,1.06249,1.06285,1.00,1.50
2016.02.11 06:23:14.728,1.06245,1.06284,1.00,1.00
2016.02.11 06:23:15.033,1.06245,1.0628,1.00,1.00
2016.02.11 06:23:15.192,1.06241,1.06281,1.57,1.00
2016.02.11 06:23:15.344,1.06241,1.06279,1.57,1.00
2016.02.11 06:23:16.067,1.06243,1.06279,1.00,1.00
2016.02.11 06:23:16.602,1.06241,1.06279,1.57,1.00
2016.02.11 06:23:18.028,1.0624,1.06279,1.00,1.00
2016.02.11 06:23:18.764,1.06239,1.06279,1.10,1.00
2016.02.11 06:23:19.343,1.0624,1.06279,1.00,1.00
2016.02.11 06:23:19.848,1.06239,1.06279,2.32,1.00
2016.02.11 06:23:20.353,1.06242,1.06279,1.00,1.00
2016.02.11 06:23:20.887,1.0624,1.06279,1.00,1.00
2016.02.11 06:23:21.089,1.06243,1.06279,1.00,1.00
2016.02.11 06:23:21.392,1.06248,1.06279,1.00,1.00
2016.02.11 06:23:21.443,1.06245,1.06279,1.00,1.00
2016.02.11 06:23:21.711,1.06247,1.06283,1.50,1.50
2016.02.11 06:23:21.914,1.06248,1.06279,1.00,1.00
2016.02.11 06:23:22.218,1.06251,1.06279,1.00,1.00
2016.02.11 06:23:23.051,1.06251,1.06284,1.00,1.00
2016.02.11 06:23:23.405,1.06252,1.06287,1.00,1.07
2016.02.11 06:23:23.506,1.06254,1.06287,1.00,1.00
2016.02.11 06:23:24.091,1.06255,1.06287,1.00,1.00
2016.02.11 06:23:24.192,1.06255,1.0629,1.00,1.00
2016.02.11 06:23:24.446,1.06257,1.0629,1.00,1.00
2016.02.11 06:23:24.733,1.0626,1.06295,1.00,1.00
2016.02.11 06:23:25.851,1.06262,1.06295,1.00,1.00
2016.02.11 06:23:26.067,1.06259,1.06295,1.00,1.00
2016.02.11 06:23:27.268,1.06261,1.06295,1.00,1.00
2016.02.11 06:23:28.077,1.06262,1.06295,1.00,1.00
2016.02.11 06:23:28.707,1.06261,1.06295,1.00,1.00
2016.02.11 06:23:29.010,1.06263,1.06295,1.00,1.00
2016.02.11 06:23:29.536,1.06262,1.06295,1.00,1.00
2016.02.11 06:23:30.041,1.06262,1.06297,1.00,1.00
2016.02.11 06:23:30.555,1.06264,1.06297,1.00,1.00
2016.02.11 06:23:31.007,1.06262,1.06297,1.00,1.00
2016.02.11 06:23:32.903,1.0626,1.06297,1.00,1.00
2016.02.11 06:23:33.266,1.06259,1.06291,1.00,1.00
2016.02.11 06:23:33.317,1.06255,1.06291,1.12,1.00
2016.02.11 06:23:33.419,1.06255,1.06291,1.00,1.00
2016.02.11 06:23:33.924,1.06256,1.06291,1.00,1.00
2016.02.11 06:23:34.227,1.06258,1.06291,1.00,1.00
2016.02.11 06:23:34.523,1.06256,1.0629,1.00,1.00
2016.02.11 06:23:34.674,1.06258,1.0629,1.00,1.00
2016.02.11 06:23:35.910,1.06255,1.0629,1.00,1.00
2016.02.11 06:23:35.961,1.06257,1.06291,1.00,1.00
2016.02.11 06:23:36.265,1.06256,1.06286,1.00,1.00
2016.02.11 06:23:36.416,1.06254,1.06286,1.00,1.00
2016.02.11 06:23:36.619,1.06255,1.06284,1.00,1.00
2016.02.11 06:23:36.922,1.06254,1.06282,1.00,1.00
2016.02.11 06:23:37.294,1.06251,1.06282,1.50,1.00
2016.02.11 06:23:37.649,1.06254,1.06282,1.00,1.00
2016.02.11 06:23:37.963,1.06252,1.06282,1.00,1.00
2016.02.11 06:23:38.400,1.06249,1.06282,1.00,1.00
2016.02.11 06:23:39.500,1.06248,1.06282,1.00,1.00
2016.02.11 06:23:40.532,1.06247,1.06282,1.50,1.00
2016.02.11 06:23:40.747,1.0625,1.06282,1.00,1.00
2016.02.11 06:23:41.052,1.06252,1.06282,1.00,1.00
2016.02.11 06:23:42.138,1.06251,1.06282,1.00,1.00
2016.02.11 06:23:42.643,1.06252,1.06282,1.00,1.00
2016.02.11 06:23:43.213,1.06251,1.06278,1.00,1.00
2016.02.11 06:23:43.743,1.06252,1.06278,1.00,1.00
2016.02.11 06:23:44.247,1.06251,1.06278,1.00,1.00
2016.02.11 06:23:44.558,1.06251,1.0628,1.00,1.00
2016.02.11 06:23:47.621,1.06249,1.0628,1.00,1.00
2016.02.11 06:23:47.874,1.06251,1.0628,1.00,1.00
2016.02.11 06:23:47.976,1.06249,1.0628,1.00,1.00
2016.02.11 06:23:48.179,1.06251,1.0628,1.00,1.00
2016.02.11 06:23:48.643,1.06254,1.0628,1.00,1.00
2016.02.11 06:23:48.744,1.06252,1.0628,1.00,1.00
2016.02.11 06:23:50.071,1.06251,1.0628,1.00,1.00
2016.02.11 06:23:50.577,1.06252,1.0628,1.00,1.00
2016.02.11 06:23:51.626,1.0625,1.0628,1.00,1.00
2016.02.11 06:23:52.131,1.06251,1.0628,1.00,1.00
2016.02.11 06:23:52.831,1.06253,1.0628,1.00,1.00
2016.02.11 06:23:53.336,1.06252,1.0628,1.00,1.00
2016.02.11 06:23:53.669,1.06254,1.06276,1.00,1.00
2016.02.11 06:23:53.821,1.06254,1.06281,1.00,1.50
2016.02.11 06:23:54.074,1.06252,1.06281,1.00,1.50
2016.02.11 06:23:54.386,1.06254,1.06281,1.00,1.50
2016.02.11 06:23:54.487,1.06254,1.06284,1.00,1.50
2016.02.11 06:23:54.589,1.06252,1.06284,1.00,1.00
2016.02.11 06:23:55.056,1.06252,1.06289,1.00,1.76
2016.02.11 06:23:55.157,1.06258,1.06289,1.00,1.57
2016.02.11 06:23:55.936,1.06257,1.06289,1.00,1.00
2016.02.11 06:23:56.597,1.0626,1.06293,1.00,1.00
2016.02.11 06:23:57.926,1.06258,1.06293,1.00,1.00
2016.02.11 06:23:58.228,1.0626,1.06293,1.00,1.00
2016.02.11 06:24:00.360,1.0626,1.06297,1.00,1.00
2016.02.11 06:24:02.099,1.06258,1.06293,1.50,1.00
2016.02.11 06:24:02.453,1.0626,1.06293,1.00,1.00
2016.02.11 06:24:04.775,1.06258,1.06293,1.00,1.00
2016.02.11 06:24:05.304,1.06259,1.06293,1.00,1.00
2016.02.11 06:24:05.708,1.06261,1.06293,1.00,1.00
2016.02.11 06:24:05.860,1.06258,1.06293,1.00,1.00
2016.02.11 06:24:06.264,1.06261,1.06293,1.00,1.00
2016.02.11 06:24:06.765,1.0626,1.06293,1.00,1.00
2016.02.11 06:24:07.271,1.06259,1.06293,1.00,1.00
2016.02.11 06:24:07.812,1.06261,1.06293,1.00,1.00
2016.02.11 06:24:08.320,1.06262,1.06293,1.00,1.00
2016.02.11 06:24:08.371,1.0626,1.06293,1.00,1.00
2016.02.11 06:24:08.624,1.06262,1.06293,1.00,1.00
2016.02.11 06:24:08.730,1.06262,1.06297,1.00,1.00
2016.02.11 06:24:09.468,1.06262,1.06292,1.00,1.00
2016.02.11 06:24:09.519,1.0626,1.06292,1.00,1.00
2016.02.11 06:24:09.570,1.06263,1.06292,1.00,1.00
2016.02.11 06:24:09.722,1.06259,1.06292,1.50,1.00
2016.02.11 06:24:09.823,1.06262,1.06292,1.00,1.00
2016.02.11 06:24:10.076,1.06262,1.06296,1.00,1.00
2016.02.11 06:24:10.595,1.06263,1.06296,1.50,1.00
2016.02.11 06:24:10.696,1.06261,1.06296,1.00,1.00
2016.02.11 06:24:11.152,1.06264,1.06296,1.00,1.00
2016.02.11 06:24:11.505,1.06262,1.06296,1.00,1.00
2016.02.11 06:24:12.045,1.06264,1.06296,1.00,1.00
2016.02.11 06:24:12.565,1.06263,1.06296,1.00,1.00
2016.02.11 06:24:15.100,1.06263,1.06295,1.00,1.00
2016.02.11 06:24:15.952,1.06262,1.06295,1.00,1.00
2016.02.11 06:24:16.458,1.06263,1.06295,1.00,1.00
2016.02.11 06:24:16.761,1.06261,1.06295,1.00,1.00
2016.02.11 06:24:17.278,1.06262,1.06295,1.00,1.00
2016.02.11 06:24:18.390,1.06261,1.06295,1.00,1.00
2016.02.11 06:24:18.491,1.06263,1.06295,1.00,1.00
2016.02.11 06:24:18.713,1.06261,1.06295,1.00,1.00
2016.02.11 06:24:19.225,1.06262,1.06295,1.00,1.00
2016.02.11 06:24:19.730,1.0626,1.06295,1.00,1.00
2016.02.11 06:24:20.265,1.0626,1.06294,1.50,1.00
2016.02.11 06:24:20.821,1.06259,1.06294,1.00,1.00
2016.02.11 06:24:20.922,1.06259,1.06292,1.00,1.00
2016.02.11 06:24:21.074,1.06261,1.06295,1.00,1.00
2016.02.11 06:24:21.604,1.06262,1.06295,1.00,1.00
2016.02.11 06:24:22.286,1.06263,1.06295,1.00,1.00
2016.02.11 06:24:22.801,1.06262,1.06295,1.00,1.00
2016.02.11 06:24:23.306,1.06263,1.06295,1.00,1.00
2016.02.11 06:24:23.357,1.06261,1.06295,1.00,1.00
2016.02.11 06:24:23.916,1.06262,1.06297,1.00,1.00
2016.02.11 06:24:24.782,1.06261,1.06297,1.00,1.00
2016.02.11 06:24:25.136,1.06263,1.06297,1.00,1.00
2016.02.11 06:24:25.662,1.06259,1.06297,1.00,1.00
2016.02.11 06:24:25.864,1.06261,1.06297,1.00,1.00
2016.02.11 06:24:26.404,1.06262,1.06297,1.00,1.00
2016.02.11 06:24:27.428,1.06261,1.06297,1.00,1.00
2016.02.11 06:24:28.663,1.0626,1.06297,1.00,1.00
2016.02.11 06:24:29.168,1.06258,1.06296,1.00,1.00
2016.02.11 06:24:29.269,1.0626,1.06296,1.00,1.00
2016.02.11 06:24:29.783,1.06259,1.06296,1.00,1.00
2016.02.11 06:24:30.491,1.06258,1.06296,1.50,1.00
2016.02.11 06:24:30.795,1.0626,1.06292,1.00,1.00
2016.02.11 06:24:31.336,1.06258,1.06292,1.00,1.00
2016.02.11 06:24:31.387,1.0626,1.06292,1.00,1.00
2016.02.11 06:24:31.892,1.06261,1.06292,1.00,1.00
2016.02.11 06:24:32.396,1.0626,1.06292,1.00,1.00
2016.02.11 06:24:32.699,1.06258,1.06292,1.00,1.00
2016.02.11 06:24:33.005,1.06261,1.06292,1.00,1.00
2016.02.11 06:24:33.333,1.06259,1.06292,1.00,1.00
2016.02.11 06:24:33.435,1.06261,1.06292,1.00,1.00
2016.02.11 06:24:34.436,1.0626,1.06292,1.00,1.00
2016.02.11 06:24:34.538,1.06261,1.06294,1.00,1.00
2016.02.11 06:24:35.153,1.06262,1.06294,1.00,1.00
2016.02.11 06:24:35.356,1.0626,1.06294,1.00,1.00
2016.02.11 06:24:35.457,1.0626,1.06299,1.00,1.00
2016.02.11 06:24:35.559,1.06263,1.06299,1.00,1.00
2016.02.11 06:24:35.725,1.06261,1.06299,1.00,1.00
2016.02.11 06:24:36.259,1.0626,1.06299,1.50,1.00
2016.02.11 06:24:36.967,1.06262,1.06299,1.00,1.00
2016.02.11 06:24:38.420,1.0626,1.06299,1.00,1.50
2016.02.11 06:24:38.572,1.06258,1.06299,1.00,1.50
2016.02.11 06:24:38.672,1.0626,1.06299,1.00,1.50
2016.02.11 06:24:39.338,1.06261,1.06299,1.00,1.00
2016.02.11 06:24:40.556,1.06261,1.06298,1.00,1.00
2016.02.11 06:24:42.080,1.0626,1.06298,1.50,1.00
2016.02.11 06:24:42.554,1.06263,1.06298,1.00,1.00
2016.02.11 06:24:42.605,1.0626,1.06298,1.00,1.00
2016.02.11 06:24:45.808,1.0626,1.06299,1.00,1.00
2016.02.11 06:24:47.012,1.06262,1.06299,1.00,1.00
2016.02.11 06:24:47.946,1.06262,1.06295,1.00,1.00
2016.02.11 06:24:48.098,1.06265,1.06299,1.00,1.00
2016.02.11 06:24:48.323,1.06261,1.06299,1.00,1.00
2016.02.11 06:24:48.897,1.06259,1.06299,1.00,1.00
2016.02.11 06:24:49.049,1.06259,1.06296,1.00,1.00
2016.02.11 06:24:49.871,1.06259,1.06299,1.00,1.00
2016.02.11 06:24:50.713,1.0626,1.06299,1.00,1.00
2016.02.11 06:24:52.822,1.06259,1.06299,1.50,1.00
2016.02.11 06:24:53.395,1.06261,1.06299,1.00,1.00
2016.02.11 06:24:53.698,1.06261,1.06295,1.00,1.00
2016.02.11 06:24:54.988,1.06261,1.06299,1.00,1.00
2016.02.11 06:24:55.341,1.06261,1.06297,1.00,1.00
2016.02.11 06:24:55.797,1.0626,1.06295,1.00,1.00
2016.02.11 06:24:56.327,1.06259,1.06295,1.50,1.00
2016.02.11 06:24:56.630,1.06261,1.063,1.00,1.00
2016.02.11 06:24:57.034,1.06264,1.063,1.00,1.00
2016.02.11 06:24:57.248,1.0626,1.063,2.32,1.00
2016.02.11 06:24:57.856,1.06264,1.063,1.00,1.00
2016.02.11 06:24:58.526,1.06261,1.063,1.00,1.00
2016.02.11 06:24:58.577,1.06261,1.063,1.56,1.31
2016.02.11 06:24:58.881,1.06269,1.063,1.00,1.12
2016.02.11 06:24:59.408,1.06268,1.063,1.00,1.37
2016.02.11 06:24:59.610,1.06264,1.063,1.00,1.00
2016.02.11 06:24:59.712,1.0626,1.063,1.50,1.00
2016.02.11 06:25:00.217,1.06261,1.063,1.00,1.00
2016.02.11 06:25:01.165,1.0626,1.063,2.32,1.00
2016.02.11 06:25:02.946,1.06261,1.063,1.00,1.00
2016.02.11 06:25:04.401,1.0626,1.063,2.25,1.00
2016.02.11 06:25:04.452,1.0626,1.06296,2.25,1.00
2016.02.11 06:25:04.807,1.06261,1.06299,1.00,1.00
2016.02.11 06:25:05.355,1.06262,1.06299,1.00,1.00
2016.02.11 06:25:05.456,1.0626,1.06296,1.50,1.00
2016.02.11 06:25:06.063,1.06261,1.06296,1.00,1.00
2016.02.11 06:25:06.580,1.06262,1.06296,1.50,1.00
2016.02.11 06:25:07.111,1.06263,1.06296,1.00,1.00
2016.02.11 06:25:07.627,1.06262,1.06296,1.00,1.00
2016.02.11 06:25:08.283,1.06261,1.06296,1.00,1.00
2016.02.11 06:25:08.889,1.06263,1.06296,1.00,1.00
2016.02.11 06:25:09.420,1.06262,1.06296,1.50,1.00
2016.02.11 06:25:09.825,1.0626,1.06296,1.50,1.00
2016.02.11 06:25:10.488,1.0626,1.06295,1.50,1.00
2016.02.11 06:25:10.842,1.06263,1.06295,1.00,1.00
2016.02.11 06:25:11.027,1.06261,1.06295,1.50,1.00
2016.02.11 06:25:11.229,1.06261,1.06291,1.00,1.00
2016.02.11 06:25:11.432,1.06261,1.06295,1.00,1.00
2016.02.11 06:25:11.685,1.06263,1.06295,1.00,1.00
2016.02.11 06:25:11.829,1.0626,1.06295,1.50,1.50
2016.02.11 06:25:12.183,1.06261,1.06293,1.00,1.00
2016.02.11 06:25:13.193,1.0626,1.06293,1.00,1.00
2016.02.11 06:25:13.244,1.06258,1.06293,1.00,1.00
2016.02.11 06:25:13.539,1.0626,1.06293,1.00,1.00
2016.02.11 06:25:14.047,1.06259,1.06293,1.00,1.00
2016.02.11 06:25:14.593,1.06259,1.06296,1.00,1.00
2016.02.11 06:25:14.763,1.06259,1.06288,1.00,1.00
2016.02.11 06:25:14.864,1.06255,1.06288,3.00,1.00
2016.02.11 06:25:15.394,1.06256,1.06288,1.50,1.00
2016.02.11 06:25:17.504,1.06257,1.06288,1.00,1.00
2016.02.11 06:25:18.910,1.06256,1.06288,1.00,1.00
2016.02.11 06:25:19.415,1.06257,1.06288,1.00,1.00
2016.02.11 06:25:19.822,1.06257,1.06286,1.00,1.00
2016.02.11 06:25:19.924,1.06256,1.06288,1.00,1.00
2016.02.11 06:25:20.127,1.06258,1.06288,1.00,1.00
2016.02.11 06:25:20.178,1.06258,1.06292,1.00,1.00
2016.02.11 06:25:20.566,1.06261,1.06292,1.00,1.00
2016.02.11 06:25:20.616,1.06261,1.06295,1.00,1.00
2016.02.11 06:25:21.127,1.0626,1.06295,1.00,1.00
2016.02.11 06:25:21.670,1.06261,1.06295,1.00,1.00
2016.02.11 06:25:22.338,1.0626,1.06295,1.00,1.00
2016.02.11 06:25:23.427,1.06262,1.06295,1.00,1.00
2016.02.11 06:25:24.530,1.06261,1.06295,1.00,1.00
2016.02.11 06:25:24.985,1.06259,1.06295,1.00,1.00
2016.02.11 06:25:25.138,1.06261,1.06295,1.00,1.00
2016.02.11 06:25:25.683,1.0626,1.06295,1.00,1.00
2016.02.11 06:25:26.285,1.06259,1.06295,1.50,1.00
2016.02.11 06:25:26.588,1.06261,1.06295,1.00,1.00
2016.02.11 06:25:27.137,1.0626,1.06295,1.00,1.00
2016.02.11 06:25:29.617,1.06263,1.06295,1.00,1.00
2016.02.11 06:25:30.101,1.06263,1.06298,1.00,1.00
2016.02.11 06:25:30.253,1.0626,1.06295,1.12,1.00
2016.02.11 06:25:30.758,1.06259,1.06295,1.00,1.00
2016.02.11 06:25:31.327,1.06261,1.06295,1.00,1.00
2016.02.11 06:25:31.479,1.06259,1.06295,1.00,1.00
2016.02.11 06:25:31.833,1.0626,1.06292,1.00,1.00
2016.02.11 06:25:32.187,1.0626,1.06287,1.00,1.00
2016.02.11 06:25:32.238,1.06255,1.06287,1.50,1.00
2016.02.11 06:25:32.509,1.06257,1.06287,1.00,1.00
2016.02.11 06:25:32.610,1.06258,1.06291,1.00,1.00
2016.02.11 06:25:33.117,1.06259,1.06291,1.00,1.00
2016.02.11 06:25:34.869,1.06257,1.06291,1.00,1.00
2016.02.11 06:25:34.920,1.06257,1.06287,1.00,1.00
2016.02.11 06:25:37.815,1.06254,1.06287,2.25,1.50
2016.02.11 06:25:39.715,1.06258,1.06287,1.00,1.50
2016.02.11 06:25:40.220,1.06259,1.06286,1.00,1.00
2016.02.11 06:25:40.270,1.06256,1.06286,1.00,1.00
2016.02.11 06:25:40.497,1.0626,1.06286,1.00,1.00
2016.02.11 06:25:40.548,1.0626,1.0629,1.00,1.00
2016.02.11 06:25:40.599,1.06264,1.0629,1.00,1.00
2016.02.11 06:25:40.903,1.06262,1.0629,1.00,1.00
2016.02.11 06:25:41.307,1.06262,1.06294,1.00,1.37
2016.02.11 06:25:41.408,1.06262,1.06291,1.00,1.00
2016.02.11 06:25:41.560,1.06262,1.06295,1.50,1.50
2016.02.11 06:25:41.722,1.06265,1.06295,1.00,1.50
2016.02.11 06:25:41.874,1.06262,1.06295,1.50,1.50
2016.02.11 06:25:42.351,1.06262,1.0629,1.00,1.00
2016.02.11 06:25:42.856,1.06263,1.0629,1.00,1.00
2016.02.11 06:25:42.957,1.06261,1.0629,1.12,1.00
2016.02.11 06:25:43.504,1.06262,1.0629,1.00,1.00
2016.02.11 06:25:43.807,1.0626,1.0629,1.00,1.00
2016.02.11 06:25:43.958,1.06262,1.0629,1.00,1.00
2016.02.11 06:25:44.614,1.06263,1.0629,1.00,1.00
2016.02.11 06:25:45.155,1.06262,1.0629,1.00,1.00
2016.02.11 06:25:45.660,1.06262,1.06293,1.00,1.37
2016.02.11 06:25:45.711,1.06262,1.06293,1.00,1.00
2016.02.11 06:25:46.806,1.06263,1.06293,1.00,1.12
2016.02.11 06:25:46.857,1.06263,1.06291,1.00,1.00
2016.02.11 06:25:47.009,1.06261,1.06291,1.12,1.00
2016.02.11 06:25:47.362,1.06263,1.06291,1.00,1.00
2016.02.11 06:25:47.463,1.06261,1.06291,1.12,1.00
2016.02.11 06:25:47.969,1.06261,1.0629,1.12,1.00
2016.02.11 06:25:48.986,1.06262,1.0629,1.00,1.00
2016.02.11 06:25:49.238,1.06262,1.06293,1.00,1.12
2016.02.11 06:25:49.755,1.06263,1.06293,1.00,1.12
2016.02.11 06:25:50.264,1.06262,1.06293,1.50,1.12
2016.02.11 06:25:50.769,1.06263,1.06293,1.00,1.00
2016.02.11 06:25:51.295,1.06262,1.06293,1.12,1.00
2016.02.11 06:25:52.714,1.06263,1.06293,1.00,1.00
2016.02.11 06:25:52.968,1.06265,1.06293,1.00,1.00
2016.02.11 06:25:53.018,1.06265,1.06295,1.00,1.00
2016.02.11 06:25:53.170,1.06265,1.06297,1.00,1.12
2016.02.11 06:25:53.699,1.06266,1.06297,1.00,1.00
2016.02.11 06:25:53.851,1.06268,1.06297,1.00,1.00
2016.02.11 06:25:53.953,1.06265,1.06297,1.00,1.00
2016.02.11 06:25:54.074,1.06269,1.06297,1.00,1.00
2016.02.11 06:25:55.064,1.06267,1.06297,1.00,1.00
2016.02.11 06:25:55.266,1.06269,1.06297,1.00,1.00
2016.02.11 06:25:55.766,1.0627,1.063,1.00,1.37
2016.02.11 06:25:56.271,1.06269,1.063,1.00,1.37
2016.02.11 06:25:56.776,1.06269,1.063,1.00,1.12
2016.02.11 06:25:57.312,1.0627,1.063,1.00,1.12
2016.02.11 06:25:59.646,1.06269,1.063,1.00,1.12
2016.02.11 06:25:59.770,1.06271,1.063,1.00,1.12
2016.02.11 06:26:00.225,1.06271,1.063,1.00,1.50
2016.02.11 06:26:00.427,1.06271,1.063,1.00,1.37
2016.02.11 06:26:00.959,1.06271,1.06302,1.00,1.37
2016.02.11 06:26:01.075,1.06271,1.06302,1.00,1.75
2016.02.11 06:26:01.227,1.06271,1.06302,1.00,1.75
2016.02.11 06:26:03.186,1.06272,1.06302,1.00,1.75
2016.02.11 06:26:04.270,1.06271,1.06302,1.00,1.75
2016.02.11 06:26:04.776,1.06271,1.06302,1.00,1.37
2016.02.11 06:26:05.289,1.06271,1.06302,1.00,1.50
2016.02.11 06:26:06.597,1.06269,1.06299,1.00,1.12
2016.02.11 06:26:08.592,1.0627,1.06299,1.00,1.12
2016.02.11 06:26:09.103,1.06271,1.06299,1.00,1.12
2016.02.11 06:26:11.025,1.06269,1.06299,1.00,1.12
2016.02.11 06:26:11.560,1.0627,1.06301,1.00,1.37
2016.02.11 06:26:12.113,1.06269,1.06301,1.00,1.37
2016.02.11 06:26:12.319,1.06271,1.06301,1.00,1.37
2016.02.11 06:26:12.673,1.06267,1.06301,1.87,1.37
2016.02.11 06:26:12.774,1.06267,1.06297,1.12,1.00
2016.02.11 06:26:14.507,1.06269,1.06297,1.00,1.00
2016.02.11 06:26:14.873,1.06267,1.06297,1.12,1.00
2016.02.11 06:26:15.551,1.06267,1.063,1.12,1.37
2016.02.11 06:26:15.955,1.06269,1.063,1.00,1.37
2016.02.11 06:26:16.258,1.06271,1.063,1.50,1.37
2016.02.11 06:26:18.941,1.06271,1.063,1.00,1.37
2016.02.11 06:26:19.266,1.06269,1.063,1.00,1.37
2016.02.11 06:26:19.367,1.06271,1.063,1.00,1.37
2016.02.11 06:26:19.569,1.06268,1.063,1.00,1.37
2016.02.11 06:26:19.886,1.06271,1.063,1.00,1.37
2016.02.11 06:26:20.144,1.06268,1.063,1.00,1.37
2016.02.11 06:26:20.346,1.0627,1.063,1.00,1.12
2016.02.11 06:26:20.650,1.0627,1.06302,1.50,2.25
2016.02.11 06:26:20.954,1.06273,1.06302,1.00,1.37
2016.02.11 06:26:21.230,1.06273,1.06307,1.00,1.50
2016.02.11 06:26:21.684,1.06271,1.06307,1.00,1.00
2016.02.11 06:26:21.849,1.06271,1.06303,1.00,1.00
2016.02.11 06:26:22.773,1.0627,1.06303,1.00,1.00
2016.02.11 06:26:23.912,1.06273,1.06303,1.00,1.00
2016.02.11 06:26:24.418,1.06274,1.06303,1.00,1.00
2016.02.11 06:26:25.231,1.06272,1.06303,1.00,1.00
2016.02.11 06:26:26.368,1.06274,1.06303,1.00,1.00
2016.02.11 06:26:26.635,1.0627,1.06303,1.00,1.00
2016.02.11 06:26:26.889,1.06272,1.06303,1.00,1.00
2016.02.11 06:26:27.547,1.06269,1.06303,1.00,1.00
2016.02.11 06:26:27.812,1.06269,1.06298,1.00,1.37
2016.02.11 06:26:27.863,1.06264,1.06298,1.00,1.37
2016.02.11 06:26:27.915,1.06261,1.06296,1.00,1.75
2016.02.11 06:26:28.228,1.06264,1.06298,1.00,1.75
2016.02.11 06:26:28.532,1.06267,1.06298,1.00,1.75
2016.02.11 06:26:28.700,1.06265,1.06298,1.00,1.75
2016.02.11 06:26:28.765,1.06268,1.06298,1.00,1.75
2016.02.11 06:26:28.816,1.06268,1.063,1.00,1.75
2016.02.11 06:26:28.917,1.06268,1.06301,1.00,1.00
2016.02.11 06:26:29.069,1.06268,1.06305,1.00,1.00
2016.02.11 06:26:29.221,1.06273,1.06305,1.00,1.00
2016.02.11 06:26:29.744,1.06269,1.06302,1.00,1.00
2016.02.11 06:26:30.820,1.06267,1.06302,1.00,1.50
2016.02.11 06:26:31.240,1.06267,1.06298,1.00,1.00
2016.02.11 06:26:31.543,1.06267,1.06298,2.25,1.00
2016.02.11 06:26:31.594,1.06267,1.06298,1.50,1.00
2016.02.11 06:26:32.057,1.06271,1.06301,1.00,1.00
2016.02.11 06:26:32.311,1.06269,1.06301,1.00,1.00
2016.02.11 06:26:32.614,1.06271,1.06301,1.00,1.00
2016.02.11 06:26:32.817,1.06268,1.06301,1.00,1.00
2016.02.11 06:26:33.339,1.06267,1.06301,1.00,1.00
2016.02.11 06:26:35.976,1.06263,1.06298,1.00,1.00
2016.02.11 06:26:36.481,1.06264,1.06298,1.00,1.00
2016.02.11 06:26:36.632,1.06264,1.06296,1.00,1.00
2016.02.11 06:26:36.683,1.06258,1.06296,1.50,1.00
2016.02.11 06:26:36.734,1.0626,1.06296,1.00,1.00
2016.02.11 06:26:37.038,1.06263,1.06296,1.00,1.00
2016.02.11 06:26:37.355,1.06265,1.06296,1.00,1.00
2016.02.11 06:26:37.587,1.06266,1.06299,1.00,1.00
2016.02.11 06:26:38.092,1.06265,1.06299,1.00,1.00
2016.02.11 06:26:38.143,1.06267,1.06299,1.00,1.00
2016.02.11 06:26:39.640,1.06265,1.06299,1.00,1.00
2016.02.11 06:26:40.110,1.06265,1.06297,1.00,1.00
2016.02.11 06:26:40.212,1.06263,1.06297,1.00,1.00
2016.02.11 06:26:40.414,1.06259,1.06297,1.50,1.00
2016.02.11 06:26:40.516,1.06261,1.06297,1.00,1.00
2016.02.11 06:26:41.021,1.06262,1.06297,1.00,1.00
2016.02.11 06:26:41.277,1.06262,1.06299,1.50,1.00
2016.02.11 06:26:41.328,1.06268,1.06299,1.00,1.00
2016.02.11 06:26:41.530,1.06264,1.06299,1.00,1.00
2016.02.11 06:26:48.841,1.06266,1.06299,1.00,1.00
2016.02.11 06:26:50.743,1.06264,1.06299,1.50,1.00
2016.02.11 06:26:51.258,1.06265,1.06299,1.00,1.00
2016.02.11 06:26:51.309,1.06268,1.06299,1.00,1.00
2016.02.11 06:26:51.767,1.06265,1.06299,1.50,1.00
2016.02.11 06:26:54.376,1.06265,1.06295,1.00,1.00
2016.02.11 06:26:54.933,1.06263,1.06295,1.00,1.00
2016.02.11 06:26:56.409,1.06268,1.06295,1.00,1.00
2016.02.11 06:26:56.461,1.06268,1.06299,1.00,1.50
2016.02.11 06:26:56.714,1.06265,1.06299,1.00,1.00
2016.02.11 06:26:56.945,1.06268,1.06299,1.00,1.00
2016.02.11 06:26:57.148,1.06264,1.06299,1.50,1.00
2016.02.11 06:26:58.672,1.06263,1.06299,1.00,1.12
2016.02.11 06:26:59.027,1.06265,1.06299,1.00,1.00
2016.02.11 06:26:59.584,1.06264,1.06299,1.00,1.00
2016.02.11 06:27:00.004,1.06266,1.06299,1.00,1.00
2016.02.11 06:27:00.105,1.06266,1.06302,1.00,1.00
2016.02.11 06:27:01.480,1.06266,1.06302,1.00,1.37
2016.02.11 06:27:01.733,1.06266,1.06302,1.00,1.12
2016.02.11 06:27:01.834,1.06266,1.06302,1.00,1.75
2016.02.11 06:27:01.935,1.06266,1.06302,1.00,1.00
2016.02.11 06:27:03.311,1.06265,1.06302,2.62,1.00
2016.02.11 06:27:07.623,1.06265,1.06302,1.12,1.37
2016.02.11 06:27:07.927,1.06267,1.06302,1.00,1.37
2016.02.11 06:27:09.900,1.06267,1.06298,1.00,1.00
2016.02.11 06:27:12.848,1.06263,1.06298,1.00,1.00
2016.02.11 06:27:16.105,1.06263,1.063,1.00,1.00
2016.02.11 06:27:16.653,1.06263,1.06295,1.00,1.00
2016.02.11 06:27:16.704,1.06261,1.06295,1.00,1.00
2016.02.11 06:27:20.049,1.06261,1.06294,1.00,1.00
2016.02.11 06:27:21.105,1.06259,1.06294,1.00,1.00
2016.02.11 06:27:23.073,1.06259,1.06293,1.00,1.00
2016.02.11 06:27:28.423,1.06259,1.06296,1.00,1.00
2016.02.11 06:27:28.970,1.0626,1.06296,1.00,1.00
2016.02.11 06:27:33.452,1.0626,1.06297,1.00,1.12
2016.02.11 06:27:34.753,1.06262,1.06297,1.00,1.12
2016.02.11 06:27:35.739,1.06258,1.06296,1.00,1.00
2016.02.11 06:27:36.244,1.06259,1.06296,1.00,1.12
2016.02.11 06:27:36.866,1.0626,1.06297,1.00,1.37
2016.02.11 06:27:36.917,1.0626,1.06293,1.00,1.00
2016.02.11 06:27:37.519,1.06258,1.06293,1.50,1.00
2016.02.11 06:27:38.025,1.06259,1.06293,1.00,1.00
2016.02.11 06:27:39.245,1.06258,1.06293,1.00,1.00
2016.02.11 06:27:40.010,1.0626,1.06293,1.00,1.12
2016.02.11 06:27:40.515,1.06259,1.06293,1.00,1.00
2016.02.11 06:27:40.969,1.06259,1.06293,1.00,1.37
2016.02.11 06:27:41.289,1.06259,1.06289,1.00,1.87
2016.02.11 06:27:41.794,1.06258,1.06289,1.00,1.12
2016.02.11 06:27:50.712,1.06258,1.06288,1.00,1.00
2016.02.11 06:27:51.217,1.06257,1.06289,1.00,1.12
2016.02.11 06:27:51.521,1.06257,1.06287,1.00,1.00
2016.02.11 06:27:52.950,1.06254,1.06287,1.00,1.00
2016.02.11 06:27:53.000,1.06254,1.06284,1.00,1.00
2016.02.11 06:27:56.956,1.06254,1.06287,1.00,1.00
2016.02.11 06:27:57.360,1.06254,1.06284,1.00,1.00
2016.02.11 06:28:05.417,1.06256,1.06288,1.00,1.37
2016.02.11 06:28:05.842,1.06256,1.06288,1.50,1.12
2016.02.11 06:28:06.651,1.06257,1.06287,1.37,1.00
2016.02.11 06:28:07.182,1.06257,1.06288,1.37,1.12
2016.02.11 06:28:07.486,1.06256,1.06286,1.50,1.00
2016.02.11 06:28:07.587,1.06256,1.06286,1.00,1.00
2016.02.11 06:28:08.093,1.06254,1.06286,1.37,1.00
2016.02.11 06:28:09.237,1.06254,1.06286,1.75,1.00
2016.02.11 06:28:09.441,1.06256,1.06289,1.50,1.37
2016.02.11 06:28:10.005,1.06258,1.06289,1.00,1.37
2016.02.11 06:28:10.556,1.06258,1.06289,1.00,1.19
2016.02.11 06:28:14.428,1.06258,1.06288,1.00,1.31
2016.02.11 06:28:16.828,1.06258,1.06288,1.00,1.56
2016.02.11 06:28:16.929,1.06258,1.06288,1.00,1.25
2016.02.11 06:28:17.031,1.06258,1.06286,1.00,1.00
2016.02.11 06:28:17.081,1.06255,1.06286,1.00,1.00
2016.02.11 06:28:17.645,1.06255,1.06285,1.00,1.00
2016.02.11 06:28:19.074,1.06255,1.06283,1.00,1.00
2016.02.11 06:28:19.327,1.06255,1.06285,1.00,1.50
2016.02.11 06:28:21.711,1.06255,1.06284,1.00,1.00
2016.02.11 06:28:22.682,1.06255,1.06283,1.00,1.00
2016.02.11 06:28:25.888,1.06254,1.06283,1.00,1.00
2016.02.11 06:28:26.675,1.06254,1.0628,1.00,1.00
2016.02.11 06:28:30.094,1.06251,1.0628,1.00,1.00
2016.02.11 06:28:32.847,1.06251,1.06281,1.00,1.00
2016.02.11 06:28:37.021,1.06251,1.06279,1.00,1.00
2016.02.11 06:28:42.096,1.06251,1.06281,1.00,1.00
2016.02.11 06:28:46.882,1.06251,1.06282,1.00,1.00
2016.02.11 06:28:59.656,1.06254,1.06282,1.00,1.00
2016.02.11 06:29:09.540,1.06254,1.06284,1.00,1.00
2016.02.11 06:29:15.017,1.06254,1.06282,1.00,1.00
2016.02.11 06:29:20.011,1.06254,1.06284,1.00,1.00
2016.02.11 06:29:23.200,1.06254,1.0628,1.00,1.00
2016.02.11 06:29:23.756,1.06254,1.06283,1.00,1.00
2016.02.11 06:29:30.313,1.06254,1.06281,1.00,1.00
2016.02.11 06:29:31.116,1.0625,1.06281,1.00,1.00
2016.02.11 06:29:31.217,1.0625,1.06278,1.00,1.00
2016.02.11 06:29:31.521,1.0625,1.06278,1.50,1.00
2016.02.11 06:29:31.622,1.0625,1.06281,2.25,1.00
2016.02.11 06:29:32.471,1.06252,1.06285,1.50,1.12
2016.02.11 06:29:34.635,1.06254,1.06284,1.37,1.00
2016.02.11 06:29:34.940,1.06254,1.06282,1.00,1.12
2016.02.11 06:29:34.991,1.06251,1.06282,1.37,1.87
2016.02.11 06:29:35.126,1.06251,1.06279,1.00,1.12
2016.02.11 06:29:35.429,1.06251,1.06282,1.00,2.25
2016.02.11 06:29:35.745,1.06254,1.06282,1.00,1.75
2016.02.11 06:29:36.149,1.06251,1.06282,1.00,2.25
2016.02.11 06:29:36.718,1.06251,1.06279,1.00,1.75
2016.02.11 06:29:37.441,1.06251,1.06279,1.00,1.37
2016.02.11 06:29:37.695,1.06251,1.06279,1.00,1.75
2016.02.11 06:29:39.963,1.06248,1.06276,1.00,1.87
2016.02.11 06:29:43.533,1.06248,1.06276,1.00,1.12
2016.02.11 06:29:43.838,1.06248,1.06273,1.00,1.75
2016.02.11 06:29:43.949,1.06248,1.06273,1.00,1.37
2016.02.11 06:29:45.363,1.06248,1.06276,1.00,1.75
2016.02.11 06:29:45.633,1.06244,1.06274,1.00,1.75
2016.02.11 06:29:45.735,1.06244,1.06271,1.00,1.75
2016.02.11 06:29:46.240,1.06244,1.06269,1.00,1.75
2016.02.11 06:29:47.352,1.06244,1.06269,1.00,1.75
2016.02.11 06:29:49.099,1.06244,1.06271,1.00,1.00
2016.02.11 06:29:49.302,1.06246,1.06272,1.00,1.00
2016.02.11 06:29:54.237,1.06246,1.06273,1.00,1.00
2016.02.11 06:29:55.475,1.06246,1.0627,1.00,1.00
2016.02.11 06:29:56.338,1.06246,1.06268,1.00,1.00
2016.02.11 06:29:56.843,1.06246,1.0627,1.00,1.00
2016.02.11 06:29:57.096,1.06244,1.06269,1.00,1.00
2016.02.11 06:29:57.600,1.06244,1.06268,1.00,1.00
2016.02.11 06:29:57.903,1.06244,1.06265,1.00,1.00
2016.02.11 06:29:58.360,1.06244,1.06268,1.00,1.87
2016.02.11 06:29:58.897,1.06244,1.06268,1.00,1.00
2016.02.11 06:30:03.493,1.06244,1.06269,1.00,1.00
2016.02.11 06:30:03.645,1.06244,1.06267,1.00,1.00
2016.02.11 06:30:04.159,1.06244,1.06263,1.00,1.00
2016.02.11 06:30:05.607,1.06241,1.06263,1.00,1.00
2016.02.11 06:30:06.222,1.06241,1.06265,1.00,1.00
2016.02.11 06:30:08.143,1.06241,1.06262,1.00,1.00
2016.02.11 06:30:08.648,1.06241,1.06263,1.00,1.12
2016.02.11 06:30:15.361,1.06241,1.06263,1.00,1.50
2016.02.11 06:30:25.989,1.06241,1.06264,1.00,1.00
2016.02.11 06:30:28.732,1.06241,1.06261,1.00,1.00
2016.02.11 06:30:34.646,1.06241,1.06263,1.00,1.00
2016.02.11 06:30:40.997,1.06241,1.0626,1.00,1.00
2016.02.11 06:30:41.098,1.06241,1.06262,1.00,1.00
2016.02.11 06:30:41.149,1.06241,1.0626,1.00,1.00
2016.02.11 06:30:41.251,1.06241,1.06262,1.00,1.00
2016.02.11 06:30:41.301,1.06241,1.0626,1.00,1.00
2016.02.11 06:30:41.403,1.06241,1.06262,1.00,1.00
2016.02.11 06:30:42.056,1.06241,1.0626,1.00,1.00
2016.02.11 06:30:42.657,1.06241,1.06263,1.00,1.00
2016.02.11 06:30:43.663,1.06241,1.06261,1.00,1.00
2016.02.11 06:30:48.727,1.06241,1.0626,1.00,1.00
2016.02.11 06:30:49.030,1.06238,1.0626,1.00,1.00
2016.02.11 06:30:54.854,1.06238,1.06262,1.00,1.00
2016.02.11 06:30:55.358,1.06238,1.06261,1.00,1.00
2016.02.11 06:30:58.537,1.06238,1.0626,1.00,1.00
2016.02.11 06:31:02.092,1.06238,1.06258,1.00,1.00
2016.02.11 06:31:04.202,1.06238,1.06256,1.00,1.00
2016.02.11 06:31:04.322,1.06238,1.06258,1.00,1.00
2016.02.11 06:31:05.263,1.06238,1.0626,1.00,1.00
2016.02.11 06:31:06.714,1.06238,1.06259,1.00,1.00
2016.02.11 06:31:06.765,1.06234,1.06256,1.00,1.00
2016.02.11 06:31:06.917,1.06229,1.06252,1.00,1.00
2016.02.11 06:31:07.069,1.06223,1.06251,1.50,1.00
2016.02.11 06:31:07.337,1.06225,1.06253,1.00,1.00
2016.02.11 06:31:08.020,1.06224,1.06251,1.00,1.00
2016.02.11 06:31:08.374,1.06223,1.06249,1.50,1.00
2016.02.11 06:31:10.226,1.06221,1.06249,1.50,1.00
2016.02.11 06:31:15.197,1.06221,1.06248,1.00,1.00
2016.02.11 06:31:16.077,1.06221,1.06252,1.00,1.50
2016.02.11 06:31:16.128,1.06224,1.06253,1.50,1.00
2016.02.11 06:31:16.432,1.06225,1.06255,1.56,1.00
2016.02.11 06:31:16.584,1.06225,1.06257,1.31,1.25
2016.02.11 06:31:16.635,1.06223,1.06252,1.64,1.00
2016.02.11 06:31:16.787,1.06222,1.06252,1.56,1.00
2016.02.11 06:31:17.307,1.06222,1.06251,1.56,1.00
2016.02.11 06:31:17.762,1.06222,1.06253,2.06,2.44
2016.02.11 06:31:18.691,1.06224,1.06253,1.00,1.31
2016.02.11 06:31:19.214,1.06225,1.06259,1.50,1.56
2016.02.11 06:31:20.423,1.06222,1.06258,1.50,2.06
2016.02.11 06:31:20.928,1.06222,1.06257,1.00,1.94
2016.02.11 06:31:21.080,1.0622,1.06254,1.50,1.56
2016.02.11 06:31:21.284,1.06222,1.06253,1.00,1.94
2016.02.11 06:31:21.385,1.0622,1.06254,1.00,2.81
2016.02.11 06:31:21.638,1.0622,1.06254,1.00,2.81
2016.02.11 06:31:21.780,1.06217,1.06252,1.00,1.69
2016.02.11 06:31:22.440,1.06221,1.06254,1.50,2.06
2016.02.11 06:31:22.743,1.0622,1.06253,1.50,1.56
2016.02.11 06:31:23.047,1.06224,1.06253,1.00,1.56
2016.02.11 06:31:23.263,1.06224,1.06257,1.00,1.56
2016.02.11 06:31:23.414,1.06227,1.0626,1.00,1.31
2016.02.11 06:31:23.937,1.06224,1.0626,1.00,1.94
2016.02.11 06:31:24.038,1.06224,1.06259,1.00,1.31
2016.02.11 06:31:24.140,1.06221,1.06258,1.00,1.69
2016.02.11 06:31:24.241,1.06221,1.06256,1.00,1.94
2016.02.11 06:31:24.393,1.06221,1.06254,1.00,1.56
2016.02.11 06:31:28.021,1.06221,1.06254,1.00,2.06
2016.02.11 06:31:28.071,1.06218,1.06253,1.00,1.56
2016.02.11 06:31:28.324,1.06221,1.06252,1.00,1.56
2016.02.11 06:31:28.477,1.06223,1.06258,1.00,1.00
2016.02.11 06:31:28.982,1.06223,1.0626,2.25,1.19
2016.02.11 06:31:30.195,1.06223,1.0626,1.50,1.00
2016.02.11 06:31:30.246,1.06225,1.06263,1.00,2.06
2016.02.11 06:31:30.398,1.06225,1.06264,2.25,1.25
2016.02.11 06:31:32.134,1.06229,1.06267,1.00,3.56
2016.02.11 06:31:32.451,1.0623,1.06267,1.00,2.44
2016.02.11 06:31:32.754,1.06234,1.06268,1.00,2.06
2016.02.11 06:31:33.108,1.06236,1.06268,1.00,2.06
2016.02.11 06:31:33.310,1.06233,1.06268,1.00,2.06
2016.02.11 06:31:33.815,1.06233,1.06266,1.00,1.19
2016.02.11 06:31:34.960,1.06233,1.06268,1.00,2.06
2016.02.11 06:31:36.031,1.06232,1.06266,1.00,1.19
2016.02.11 06:31:36.132,1.06232,1.06268,1.00,2.06
2016.02.11 06:31:36.436,1.06232,1.06268,1.00,2.81
2016.02.11 06:31:37.502,1.0623,1.06267,1.00,1.94
2016.02.11 06:31:43.304,1.06231,1.0626,1.00,1.19
2016.02.11 06:31:43.406,1.06228,1.0626,1.50,1.19
2016.02.11 06:31:44.422,1.06225,1.06259,1.00,1.32
2016.02.11 06:31:44.726,1.06221,1.06259,1.50,1.76
2016.02.11 06:31:44.979,1.06221,1.06257,1.50,1.31
2016.02.11 06:31:49.769,1.06219,1.06256,1.00,1.12
2016.02.11 06:31:55.527,1.0622,1.06256,1.00,1.12
2016.02.11 06:31:57.477,1.06221,1.06259,1.31,1.12
2016.02.11 06:31:57.580,1.06221,1.06259,1.56,1.31
2016.02.11 06:31:57.734,1.06221,1.06258,1.56,1.26
2016.02.11 06:31:58.040,1.0622,1.06256,1.56,1.64
2016.02.11 06:31:58.344,1.06234,1.06263,1.56,1.37
2016.02.11 06:31:58.508,1.06236,1.06266,1.56,1.00
2016.02.11 06:31:58.561,1.06236,1.06271,1.56,1.76
2016.02.11 06:31:58.713,1.06236,1.06271,1.56,1.57
2016.02.11 06:32:00.374,1.06237,1.06271,1.56,1.57
2016.02.11 06:32:00.476,1.06236,1.06271,1.56,1.10
2016.02.11 06:32:02.455,1.06236,1.06271,1.00,1.10
2016.02.11 06:32:02.506,1.06233,1.06271,1.50,1.57
2016.02.11 06:32:02.756,1.06232,1.06268,1.00,1.00
2016.02.11 06:32:08.290,1.06234,1.0627,1.00,1.75
2016.02.11 06:32:09.140,1.06236,1.06271,1.00,1.85
2016.02.11 06:32:10.768,1.06234,1.06272,1.00,1.82
2016.02.11 06:32:10.922,1.06232,1.06268,1.69,1.69
2016.02.11 06:32:11.225,1.06232,1.06264,1.00,1.31
2016.02.11 06:32:11.327,1.06228,1.06264,1.00,2.81
2016.02.11 06:32:11.378,1.06228,1.06264,1.31,3.64
2016.02.11 06:32:11.480,1.06231,1.06259,1.00,1.56
2016.02.11 06:32:11.582,1.06231,1.06264,1.56,1.50
2016.02.11 06:32:11.683,1.06231,1.06267,2.06,1.69
2016.02.11 06:32:11.785,1.06235,1.0627,1.56,1.56
2016.02.11 06:32:11.886,1.06235,1.06271,1.00,1.56
2016.02.11 06:32:12.001,1.06235,1.06272,1.00,2.25
2016.02.11 06:32:12.355,1.06235,1.0627,1.00,1.00
2016.02.11 06:32:12.679,1.06235,1.06272,1.00,2.25
2016.02.11 06:32:13.191,1.06236,1.06272,1.00,1.00
2016.02.11 06:32:13.698,1.06236,1.06274,1.00,1.62
2016.02.11 06:32:15.417,1.06236,1.06275,1.00,2.62
2016.02.11 06:32:16.784,1.06236,1.06275,1.00,2.06
2016.02.11 06:32:17.746,1.06236,1.06274,1.00,1.25
2016.02.11 06:32:17.847,1.06236,1.06272,1.00,1.00
2016.02.11 06:32:18.049,1.06237,1.06274,1.00,1.00
2016.02.11 06:32:20.248,1.06237,1.06275,1.00,1.25
2016.02.11 06:32:20.349,1.06237,1.06275,1.00,1.31
2016.02.11 06:32:20.653,1.06237,1.0627,1.00,1.00
2016.02.11 06:32:21.309,1.06234,1.0627,1.00,1.00
2016.02.11 06:32:21.470,1.06232,1.0627,1.00,1.00
2016.02.11 06:32:22.688,1.06232,1.06265,1.00,1.00
2016.02.11 06:32:24.349,1.06232,1.06271,1.00,1.25
2016.02.11 06:32:26.349,1.0623,1.06271,1.00,1.00
2016.02.11 06:32:27.942,1.0623,1.06271,1.00,1.31
2016.02.11 06:32:29.051,1.0623,1.0627,1.50,1.00
2016.02.11 06:32:29.601,1.0623,1.0627,1.50,1.19
2016.02.11 06:32:31.014,1.0623,1.0627,1.00,1.56
2016.02.11 06:32:31.558,1.06231,1.0627,1.00,1.56
2016.02.11 06:32:32.059,1.06231,1.0627,1.00,1.31
2016.02.11 06:32:32.562,1.06232,1.06272,1.00,1.64
2016.02.11 06:32:33.069,1.06231,1.06271,1.00,1.66
2016.02.11 06:32:36.474,1.06233,1.06271,1.00,1.76
2016.02.11 06:32:36.525,1.06233,1.06271,1.00,1.39
2016.02.11 06:32:37.031,1.06233,1.06272,1.00,1.50
2016.02.11 06:32:37.251,1.06235,1.06272,1.00,1.00
2016.02.11 06:32:37.427,1.06233,1.06272,1.00,1.00
2016.02.11 06:32:37.529,1.06233,1.0627,1.00,1.00
2016.02.11 06:32:38.034,1.06233,1.06271,1.00,1.00
2016.02.11 06:32:38.733,1.06233,1.06271,1.00,1.50
2016.02.11 06:32:39.940,1.06233,1.06269,1.00,1.00
2016.02.11 06:32:41.498,1.06232,1.06269,1.00,1.00
2016.02.11 06:32:43.050,1.06232,1.06271,1.00,1.95
2016.02.11 06:32:51.948,1.06234,1.0627,1.00,1.10
2016.02.11 06:32:52.450,1.06234,1.06269,1.00,1.00
2016.02.11 06:32:52.994,1.06234,1.0627,1.00,1.10
2016.02.11 06:32:56.938,1.06235,1.0627,1.00,1.10
2016.02.11 06:32:57.444,1.06235,1.06273,1.00,1.10
2016.02.11 06:32:59.554,1.06235,1.06269,1.00,1.00
2016.02.11 06:33:00.109,1.06235,1.06273,1.00,1.00
2016.02.11 06:33:00.210,1.06235,1.0627,1.00,1.00
2016.02.11 06:33:00.312,1.06235,1.06275,1.50,1.00
2016.02.11 06:33:00.464,1.06237,1.06275,1.00,1.00
2016.02.11 06:33:00.851,1.06239,1.06279,1.00,1.50
2016.02.11 06:33:01.205,1.06239,1.06279,1.00,1.00
2016.02.11 06:33:01.255,1.06243,1.06279,1.00,1.00
2016.02.11 06:33:03.057,1.06243,1.0628,1.00,1.87
2016.02.11 06:33:05.465,1.06243,1.06279,1.00,1.00
2016.02.11 06:33:06.566,1.06245,1.06279,1.00,1.00
2016.02.11 06:33:11.286,1.06244,1.06279,1.00,1.00
2016.02.11 06:33:11.640,1.06244,1.06282,1.00,2.06
2016.02.11 06:33:12.097,1.06247,1.06282,1.00,1.31
2016.02.11 06:33:12.616,1.06248,1.06282,1.00,1.00
2016.02.11 06:33:17.438,1.06248,1.06282,1.00,1.31
2016.02.11 06:33:18.260,1.06247,1.06282,1.00,1.31
2016.02.11 06:33:18.563,1.06249,1.06288,1.50,1.56
2016.02.11 06:33:18.867,1.06254,1.06291,1.00,1.56
2016.02.11 06:33:19.188,1.06257,1.06292,1.00,1.75
2016.02.11 06:33:19.239,1.06257,1.06293,1.00,1.00
2016.02.11 06:33:19.441,1.06258,1.06296,1.00,1.00
2016.02.11 06:33:19.492,1.0626,1.06297,1.00,1.00
2016.02.11 06:33:19.947,1.0626,1.063,1.00,1.25
2016.02.11 06:33:20.223,1.06263,1.063,1.00,1.25
2016.02.11 06:33:20.426,1.0626,1.063,1.00,1.00
2016.02.11 06:33:20.527,1.0626,1.06294,1.00,1.00
2016.02.11 06:33:20.779,1.0626,1.06298,1.00,1.00
2016.02.11 06:33:21.404,1.0626,1.06298,1.00,1.56
2016.02.11 06:33:22.597,1.06257,1.06296,1.00,1.50
2016.02.11 06:33:22.850,1.06257,1.06292,1.00,1.00
2016.02.11 06:33:23.103,1.06257,1.06295,1.00,1.00
2016.02.11 06:33:23.653,1.06257,1.06295,1.00,1.31
2016.02.11 06:33:24.736,1.06257,1.06296,1.00,2.06
2016.02.11 06:33:25.609,1.06257,1.06295,1.00,1.00
2016.02.11 06:33:26.114,1.06257,1.06294,1.00,1.00
2016.02.11 06:33:26.593,1.06257,1.06291,1.00,1.00
2016.02.11 06:33:26.757,1.06254,1.0629,1.50,1.00
2016.02.11 06:33:26.808,1.06256,1.0629,1.00,1.00
2016.02.11 06:33:26.910,1.06254,1.0629,1.50,1.00
2016.02.11 06:33:27.061,1.06254,1.06292,1.50,1.10
2016.02.11 06:33:29.002,1.06258,1.06297,1.00,2.00
2016.02.11 06:33:29.154,1.0626,1.06298,1.00,1.69
2016.02.11 06:33:29.343,1.0626,1.06298,1.00,1.25
2016.02.11 06:33:29.849,1.0626,1.06297,1.00,1.00
2016.02.11 06:33:32.264,1.0626,1.06295,1.00,1.00
2016.02.11 06:33:32.417,1.0626,1.06298,1.50,1.00
2016.02.11 06:33:32.974,1.0626,1.06297,1.00,1.00
2016.02.11 06:33:33.607,1.06263,1.06297,1.00,1.00
2016.02.11 06:33:33.697,1.06263,1.063,1.00,1.00
2016.02.11 06:33:33.748,1.06263,1.06298,1.00,1.00
2016.02.11 06:33:33.850,1.06263,1.063,1.00,1.00
2016.02.11 06:33:34.058,1.06263,1.06298,1.00,1.00
2016.02.11 06:33:34.421,1.0626,1.06298,1.00,1.00
2016.02.11 06:33:35.175,1.0626,1.06294,1.00,1.00
2016.02.11 06:33:35.529,1.06255,1.06293,1.50,1.00
2016.02.11 06:33:35.934,1.06257,1.06293,1.00,1.00
2016.02.11 06:33:36.086,1.06257,1.06296,1.00,1.37
2016.02.11 06:33:37.733,1.06257,1.06294,1.00,1.00
2016.02.11 06:33:37.936,1.06255,1.06293,1.00,1.12
2016.02.11 06:33:38.441,1.06253,1.06293,1.50,1.50
2016.02.11 06:33:39.340,1.06255,1.06293,1.00,1.50
2016.02.11 06:33:39.846,1.06254,1.06294,1.00,2.25
2016.02.11 06:33:39.897,1.06252,1.06293,1.50,1.50
2016.02.11 06:33:39.948,1.06252,1.06293,1.87,1.37
2016.02.11 06:33:39.999,1.06254,1.06294,1.75,1.50
2016.02.11 06:33:40.899,1.06254,1.06293,1.75,1.00
2016.02.11 06:33:41.303,1.06256,1.06295,1.12,1.00
2016.02.11 06:33:42.211,1.06256,1.06297,1.87,2.25
2016.02.11 06:33:42.665,1.06253,1.06291,2.25,1.00
2016.02.11 06:33:42.767,1.06253,1.06293,2.25,1.50
2016.02.11 06:33:43.491,1.06253,1.06293,3.37,1.00
2016.02.11 06:33:44.967,1.06253,1.06292,1.87,1.00
2016.02.11 06:33:47.702,1.06255,1.06292,1.00,1.00
2016.02.11 06:33:49.146,1.06253,1.06291,1.37,1.00
2016.02.11 06:33:49.581,1.06256,1.06296,1.00,1.69
2016.02.11 06:33:50.133,1.06255,1.06295,1.00,1.00
2016.02.11 06:33:52.893,1.06255,1.06293,1.00,1.00
2016.02.11 06:33:54.598,1.06254,1.06293,1.50,1.00
2016.02.11 06:33:56.958,1.06254,1.06294,2.25,1.00
2016.02.11 06:33:57.363,1.06254,1.06294,1.87,1.37
2016.02.11 06:33:58.111,1.06259,1.06292,1.00,1.00
2016.02.11 06:33:58.414,1.06259,1.06294,1.00,1.00
2016.02.11 06:33:58.566,1.06256,1.06294,1.00,1.00
2016.02.11 06:33:58.617,1.06258,1.06294,1.00,1.00
2016.02.11 06:33:59.022,1.06261,1.06297,1.00,2.00
2016.02.11 06:33:59.275,1.06258,1.06297,1.50,1.75
2016.02.11 06:33:59.383,1.06258,1.06294,1.50,1.37
2016.02.11 06:33:59.688,1.06258,1.06294,1.50,1.37
2016.02.11 06:33:59.738,1.06258,1.06294,1.50,1.00
2016.02.11 06:34:01.013,1.06259,1.06297,1.00,1.75
2016.02.11 06:34:01.317,1.06262,1.06297,1.00,1.75
2016.02.11 06:34:01.469,1.06264,1.06303,1.00,1.00
2016.02.11 06:34:01.571,1.06266,1.06303,1.00,1.37
2016.02.11 06:34:02.094,1.06265,1.06304,1.50,1.75
2016.02.11 06:34:02.397,1.06267,1.06303,1.00,1.75
2016.02.11 06:34:02.650,1.06268,1.06303,1.00,1.00
2016.02.11 06:34:02.902,1.06269,1.06306,1.00,1.00
2016.02.11 06:34:03.452,1.06268,1.06306,1.00,1.00
2016.02.11 06:34:03.757,1.06265,1.06306,1.00,1.50
2016.02.11 06:34:03.959,1.06264,1.06303,1.00,1.00
2016.02.11 06:34:04.283,1.06261,1.06303,2.25,2.25
2016.02.11 06:34:04.587,1.06264,1.06303,1.00,1.75
2016.02.11 06:34:05.136,1.06263,1.06303,1.00,1.75
2016.02.11 06:34:07.215,1.06263,1.06303,1.50,1.00
2016.02.11 06:34:07.720,1.06263,1.06305,2.25,1.10
2016.02.11 06:34:08.595,1.06266,1.06305,1.00,1.00
2016.02.11 06:34:09.036,1.06269,1.06307,1.00,1.50
2016.02.11 06:34:09.693,1.06269,1.06305,1.00,1.37
2016.02.11 06:34:09.744,1.06265,1.06301,1.00,1.00
2016.02.11 06:34:10.254,1.06263,1.06301,1.50,1.00
2016.02.11 06:34:14.912,1.06266,1.06301,1.00,1.00
2016.02.11 06:34:15.890,1.06266,1.06301,1.00,1.75
2016.02.11 06:34:15.991,1.0626,1.06301,3.00,1.75
2016.02.11 06:34:16.511,1.0626,1.06296,1.50,1.12
2016.02.11 06:34:17.975,1.06261,1.06295,1.12,1.00
2016.02.11 06:34:18.209,1.06261,1.06295,1.00,1.12
2016.02.11 06:34:18.311,1.06259,1.06295,1.12,1.12
2016.02.11 06:34:18.412,1.06261,1.06295,1.00,1.12
2016.02.11 06:34:18.614,1.06261,1.06295,1.12,1.00
2016.02.11 06:34:19.834,1.06258,1.06295,1.37,1.12
2016.02.11 06:34:20.137,1.06258,1.06295,1.75,1.37
2016.02.11 06:34:21.356,1.06259,1.06295,1.75,1.00
2016.02.11 06:34:21.508,1.06259,1.06295,1.50,1.00
2016.02.11 06:34:22.065,1.06257,1.06298,1.50,1.31
2016.02.11 06:34:23.921,1.06255,1.06297,1.12,2.25
2016.02.11 06:34:24.023,1.06259,1.06297,1.00,1.50
2016.02.11 06:34:24.377,1.06254,1.06295,1.37,1.12
2016.02.11 06:34:24.911,1.06254,1.06294,1.37,1.00
2016.02.11 06:34:25.114,1.06257,1.06294,1.00,1.00
2016.02.11 06:34:26.732,1.06255,1.06294,1.12,1.00
2016.02.11 06:34:26.783,1.06259,1.06295,1.00,1.12
2016.02.11 06:34:27.914,1.06261,1.06296,1.00,1.37
2016.02.11 06:34:28.066,1.06258,1.06295,1.50,1.00
2016.02.11 06:34:28.419,1.06259,1.06299,1.12,1.00
2016.02.11 06:34:28.671,1.06262,1.063,1.00,1.00
2016.02.11 06:34:28.917,1.0626,1.06299,1.00,1.00
2016.02.11 06:34:29.069,1.06259,1.06297,1.00,1.00
2016.02.11 06:34:29.373,1.06258,1.06295,1.12,1.00
2016.02.11 06:34:29.676,1.06256,1.06293,1.75,1.00
2016.02.11 06:34:29.828,1.06256,1.06295,1.75,1.00
2016.02.11 06:34:30.357,1.06256,1.06294,1.75,1.00
2016.02.11 06:34:31.298,1.06259,1.06294,1.00,1.00
2016.02.11 06:34:32.805,1.06259,1.06295,1.00,1.00
2016.02.11 06:34:33.268,1.06255,1.06294,1.00,1.00
2016.02.11 06:34:34.899,1.06256,1.06296,1.00,2.25
2016.02.11 06:34:35.404,1.06255,1.06297,1.00,2.44
2016.02.11 06:34:35.908,1.06255,1.06294,1.00,1.00
2016.02.11 06:34:36.772,1.06256,1.06296,1.00,1.50
2016.02.11 06:34:36.823,1.06256,1.06296,1.75,1.00
2016.02.11 06:34:37.127,1.06254,1.06294,3.07,1.00
2016.02.11 06:34:37.531,1.06254,1.06294,1.57,1.00
2016.02.11 06:34:37.593,1.06254,1.06294,1.95,1.00
2016.02.11 06:34:38.099,1.06256,1.06295,2.25,1.00
2016.02.11 06:34:38.604,1.06256,1.06294,1.50,1.00
2016.02.11 06:34:40.088,1.06259,1.06294,1.00,1.00
2016.02.11 06:34:40.392,1.06248,1.06285,1.12,1.00
2016.02.11 06:34:40.835,1.06245,1.06281,1.75,1.00
2016.02.11 06:34:41.442,1.06245,1.06281,1.00,1.00
2016.02.11 06:34:43.279,1.06245,1.06285,1.50,1.50
2016.02.11 06:34:43.890,1.0625,1.06285,1.00,1.50
2016.02.11 06:34:44.345,1.06247,1.06282,1.00,1.00
2016.02.11 06:34:44.547,1.06243,1.06284,1.95,1.47
2016.02.11 06:34:44.800,1.06245,1.06284,1.10,1.37
2016.02.11 06:34:45.119,1.06245,1.06285,1.95,1.37
2016.02.11 06:34:45.170,1.06245,1.06285,1.57,1.75
2016.02.11 06:34:46.133,1.06247,1.06285,1.00,1.37
2016.02.11 06:34:46.450,1.06249,1.06285,1.00,1.50
2016.02.11 06:34:46.759,1.06249,1.06285,1.00,2.25
2016.02.11 06:34:47.265,1.06248,1.06282,1.00,1.00
2016.02.11 06:34:48.669,1.06247,1.06285,1.00,2.25
2016.02.11 06:34:49.024,1.06248,1.06288,1.57,2.44
2016.02.11 06:34:49.076,1.06248,1.06287,1.57,1.12
2016.02.11 06:34:49.127,1.06249,1.06285,1.00,1.37
2016.02.11 06:34:49.446,1.06247,1.06285,1.00,2.25
2016.02.11 06:34:49.952,1.06245,1.06285,1.07,1.75
2016.02.11 06:34:50.508,1.06244,1.06282,2.25,1.00
2016.02.11 06:34:51.053,1.06244,1.06284,1.57,1.50
2016.02.11 06:34:51.559,1.06244,1.06283,1.50,1.12
2016.02.11 06:34:53.829,1.06244,1.06281,1.50,1.00
2016.02.11 06:34:54.132,1.06244,1.06281,1.50,1.75
2016.02.11 06:34:54.386,1.06244,1.06284,1.50,1.20
2016.02.11 06:34:56.900,1.06244,1.06284,1.12,1.12
2016.02.11 06:34:57.254,1.06243,1.06285,1.50,3.07
2016.02.11 06:34:58.675,1.06244,1.06285,1.07,2.25
2016.02.11 06:35:00.530,1.06244,1.06285,1.10,2.32
2016.02.11 06:35:01.080,1.06245,1.06285,1.00,2.32
2016.02.11 06:35:01.689,1.06245,1.06281,1.00,1.00
2016.02.11 06:35:01.790,1.06244,1.06285,1.10,2.32
2016.02.11 06:35:02.533,1.06249,1.06285,1.00,1.50
2016.02.11 06:35:02.736,1.06247,1.06286,1.57,1.00
2016.02.11 06:35:02.786,1.06247,1.06286,1.07,1.75
2016.02.11 06:35:03.291,1.06247,1.06286,1.00,1.75
2016.02.11 06:35:03.938,1.06245,1.06282,1.07,1.00
2016.02.11 06:35:05.157,1.06245,1.06281,1.07,1.00
2016.02.11 06:35:05.462,1.06245,1.06279,1.00,1.00
2016.02.11 06:35:05.816,1.06245,1.06281,1.00,1.00
2016.02.11 06:35:06.170,1.06246,1.0628,1.00,1.87
2016.02.11 06:35:06.221,1.06242,1.0628,1.07,2.25
2016.02.11 06:35:06.772,1.06243,1.06279,1.10,1.00
2016.02.11 06:35:07.480,1.06243,1.06279,1.10,1.75
2016.02.11 06:35:07.783,1.06241,1.06279,1.00,2.25
2016.02.11 06:35:08.487,1.06241,1.0628,1.12,2.25
2016.02.11 06:35:09.801,1.06243,1.06281,1.10,1.00
2016.02.11 06:35:10.069,1.06245,1.06281,1.07,1.00
2016.02.11 06:35:10.609,1.06245,1.06282,1.07,1.00
2016.02.11 06:35:10.914,1.06245,1.0628,1.07,1.00
2016.02.11 06:35:11.369,1.06246,1.06281,1.37,1.00
2016.02.11 06:35:11.892,1.06245,1.06282,1.75,1.12
2016.02.11 06:35:12.471,1.06245,1.06282,1.10,1.12
2016.02.11 06:35:14.294,1.06245,1.0628,1.10,1.00
2016.02.11 06:35:14.800,1.06245,1.0628,1.00,2.25
2016.02.11 06:35:15.002,1.06241,1.06281,1.87,1.00
2016.02.11 06:35:15.801,1.06241,1.06281,1.50,1.50
2016.02.11 06:35:16.308,1.06243,1.06281,1.07,1.00
2016.02.11 06:35:16.410,1.06243,1.06281,1.50,1.00
2016.02.11 06:35:16.945,1.06242,1.06283,1.12,1.87
2016.02.11 06:35:17.199,1.06241,1.06281,3.00,1.50
2016.02.11 06:35:18.118,1.06244,1.0628,1.10,1.00
2016.02.11 06:35:18.646,1.06249,1.0628,1.00,1.00
2016.02.11 06:35:20.550,1.06249,1.0628,1.75,1.00
2016.02.11 06:35:20.752,1.06245,1.06283,1.75,1.00
2016.02.11 06:35:20.803,1.06249,1.06283,1.75,1.00
2016.02.11 06:35:20.905,1.06245,1.06283,1.07,1.00
2016.02.11 06:35:21.410,1.06245,1.06282,1.07,1.00
2016.02.11 06:35:21.764,1.06245,1.06281,1.75,1.00
2016.02.11 06:35:21.967,1.06245,1.06283,2.25,1.00
2016.02.11 06:35:22.084,1.06248,1.06283,1.00,1.00
2016.02.11 06:35:22.135,1.06245,1.06283,1.57,1.00
2016.02.11 06:35:22.640,1.06245,1.06282,1.00,1.00
2016.02.11 06:35:22.690,1.06244,1.0628,1.00,1.00
2016.02.11 06:35:22.994,1.06248,1.06282,1.75,1.37
2016.02.11 06:35:23.096,1.06248,1.06284,1.00,2.25
2016.02.11 06:35:23.197,1.06244,1.06282,1.50,1.00
2016.02.11 06:35:23.450,1.06244,1.06282,1.10,1.00
2016.02.11 06:35:25.966,1.06242,1.06282,3.37,1.00
2016.02.11 06:35:26.168,1.06243,1.06282,1.07,1.00
2016.02.11 06:35:26.219,1.06245,1.06282,1.07,1.00
2016.02.11 06:35:26.544,1.06248,1.06284,1.07,1.50
2016.02.11 06:35:26.849,1.06254,1.0629,1.75,1.50
2016.02.11 06:35:27.052,1.06254,1.06294,3.00,1.00
2016.02.11 06:35:27.153,1.06259,1.06296,1.50,1.50
2016.02.11 06:35:27.204,1.06259,1.06296,1.75,1.50
2016.02.11 06:35:27.724,1.06267,1.06298,1.00,1.00
2016.02.11 06:35:27.927,1.06262,1.06299,1.12,1.00
2016.02.11 06:35:28.684,1.06263,1.06299,1.12,1.00
2016.02.11 06:35:28.937,1.06261,1.06299,1.75,1.00
2016.02.11 06:35:29.461,1.06261,1.06296,1.75,1.00
2016.02.11 06:35:29.916,1.0626,1.06299,1.82,1.00
2016.02.11 06:35:30.350,1.06263,1.06299,1.07,1.00
2016.02.11 06:35:30.672,1.06263,1.06297,1.07,1.00
2016.02.11 06:35:31.029,1.0626,1.06297,1.12,1.00
2016.02.11 06:35:31.545,1.0626,1.06296,1.12,1.00
2016.02.11 06:35:32.000,1.0626,1.06296,1.87,1.00
2016.02.11 06:35:32.253,1.06263,1.06298,1.75,1.00
2016.02.11 06:35:32.354,1.06261,1.06298,1.85,1.00
2016.02.11 06:35:32.520,1.0626,1.06298,1.07,1.50
2016.02.11 06:35:33.644,1.0626,1.06298,1.82,1.00
2016.02.11 06:35:33.959,1.06266,1.06297,1.37,1.12
2016.02.11 06:35:34.060,1.06264,1.06298,1.75,1.07
2016.02.11 06:35:34.364,1.06266,1.06301,1.37,1.87
2016.02.11 06:35:34.465,1.06266,1.06303,1.50,1.45
2016.02.11 06:35:34.769,1.06269,1.06307,1.57,1.87
2016.02.11 06:35:35.655,1.06269,1.06305,1.00,1.50
2016.02.11 06:35:36.160,1.06266,1.06302,1.50,1.12
2016.02.11 06:35:36.211,1.06266,1.06302,1.50,2.25
2016.02.11 06:35:38.283,1.06265,1.06299,1.75,1.07
2016.02.11 06:35:38.814,1.06265,1.06299,1.50,1.07
2016.02.11 06:35:39.716,1.06265,1.06299,1.75,1.07
2016.02.11 06:35:40.657,1.06263,1.06298,1.75,1.57
2016.02.11 06:35:40.709,1.0626,1.06299,1.07,1.85
2016.02.11 06:35:40.861,1.06258,1.06296,1.07,1.00
2016.02.11 06:35:40.912,1.06258,1.06293,1.07,1.00
2016.02.11 06:35:41.165,1.06259,1.06297,1.10,1.20
2016.02.11 06:35:41.367,1.06261,1.06294,1.00,1.00
2016.02.11 06:35:41.872,1.0626,1.06294,1.00,1.00
2016.02.11 06:35:42.389,1.06258,1.06294,1.07,1.00
2016.02.11 06:35:42.995,1.06258,1.06293,1.07,1.00
2016.02.11 06:35:43.299,1.06257,1.06294,2.62,1.00
2016.02.11 06:35:43.349,1.06257,1.06296,2.62,1.00
2016.02.11 06:35:43.782,1.06257,1.06294,2.25,1.00
2016.02.11 06:35:43.985,1.06257,1.06296,2.25,1.10
2016.02.11 06:35:44.494,1.06257,1.06295,1.50,1.00
2016.02.11 06:35:44.999,1.06257,1.06296,1.50,1.10
2016.02.11 06:35:45.515,1.06257,1.06295,1.50,1.00
2016.02.11 06:35:47.650,1.06258,1.06297,1.07,1.20
2016.02.11 06:35:47.825,1.06258,1.06294,1.07,1.00
2016.02.11 06:35:48.535,1.06257,1.06296,1.50,1.10
2016.02.11 06:35:48.990,1.06257,1.06296,1.12,1.85
2016.02.11 06:35:50.808,1.06259,1.06298,2.32,2.25
2016.02.11 06:35:52.653,1.06261,1.06297,1.00,1.07
2016.02.11 06:35:52.754,1.06259,1.06297,1.57,1.07
2016.02.11 06:35:53.804,1.06259,1.06294,1.10,1.00
2016.02.11 06:35:54.366,1.06259,1.06297,1.10,1.07
2016.02.11 06:35:55.218,1.06259,1.06295,1.57,1.00
2016.02.11 06:35:55.722,1.06259,1.06296,1.10,1.10
2016.02.11 06:35:56.734,1.06259,1.06296,1.47,1.85
2016.02.11 06:35:57.176,1.06258,1.06294,1.57,1.75
2016.02.11 06:35:57.487,1.06257,1.06294,2.62,1.37
2016.02.11 06:35:57.538,1.0626,1.06295,1.12,1.37
2016.02.11 06:35:57.640,1.06263,1.06298,1.12,1.12
2016.02.11 06:35:57.845,1.06266,1.06301,1.12,1.12
2016.02.11 06:35:57.896,1.06267,1.06302,1.45,1.87
2016.02.11 06:35:58.215,1.06266,1.06299,1.87,1.00
2016.02.11 06:35:59.526,1.06265,1.06299,1.57,1.00
2016.02.11 06:36:01.395,1.06265,1.063,1.57,1.00
2016.02.11 06:36:01.825,1.06265,1.063,1.75,1.87
2016.02.11 06:36:02.148,1.06265,1.06296,1.75,1.00
2016.02.11 06:36:02.653,1.06265,1.06297,1.75,1.00
2016.02.11 06:36:02.704,1.06265,1.06297,1.37,1.00
2016.02.11 06:36:03.058,1.06264,1.06302,1.75,1.82
2016.02.11 06:36:04.559,1.06268,1.06301,1.50,1.85
2016.02.11 06:36:05.358,1.06267,1.06303,1.75,4.12
2016.02.11 06:36:06.015,1.06268,1.06303,1.75,4.12
2016.02.11 06:36:06.544,1.06266,1.06301,1.75,1.85
2016.02.11 06:36:06.696,1.06268,1.06302,1.87,1.75
2016.02.11 06:36:06.798,1.06272,1.06302,1.12,1.00
2016.02.11 06:36:06.899,1.06272,1.06309,1.12,1.75
2016.02.11 06:36:07.001,1.06271,1.06309,1.75,1.75
2016.02.11 06:36:07.355,1.0627,1.06309,2.25,2.25
2016.02.11 06:36:08.228,1.0627,1.06309,2.06,2.32
2016.02.11 06:36:17.535,1.06271,1.06309,2.70,2.32
2016.02.11 06:36:17.687,1.06271,1.06309,1.76,2.32
2016.02.11 06:36:17.990,1.06271,1.06308,2.70,1.47
2016.02.11 06:36:18.091,1.06271,1.06309,1.20,2.32
2016.02.11 06:36:18.445,1.06271,1.06308,2.70,1.47
2016.02.11 06:36:18.546,1.06271,1.06309,1.20,2.32
2016.02.11 06:36:18.765,1.06271,1.06308,2.70,1.95
2016.02.11 06:36:18.867,1.06271,1.06309,1.20,3.07
2016.02.11 06:36:19.214,1.06271,1.06307,2.70,1.12
2016.02.11 06:36:19.316,1.06271,1.06307,1.20,1.12
2016.02.11 06:36:19.771,1.06274,1.06309,1.00,2.32
2016.02.11 06:36:20.074,1.0628,1.06304,1.37,1.00
2016.02.11 06:36:20.125,1.06281,1.0631,1.12,1.00
2016.02.11 06:36:20.176,1.06281,1.06314,1.12,1.37
2016.02.11 06:36:20.327,1.0628,1.0631,1.47,1.00
2016.02.11 06:36:20.517,1.06277,1.0631,1.45,1.00
2016.02.11 06:36:21.025,1.06277,1.06309,1.47,1.00
2016.02.11 06:36:22.087,1.06277,1.06309,1.47,1.00
2016.02.11 06:36:22.631,1.06276,1.06309,1.57,1.00
2016.02.11 06:36:22.732,1.06276,1.06309,1.82,1.00
2016.02.11 06:36:23.036,1.06274,1.0631,1.75,1.00
2016.02.11 06:36:23.087,1.06274,1.0631,1.12,1.00
2016.02.11 06:36:23.731,1.06274,1.0631,1.10,1.10
2016.02.11 06:36:24.085,1.06274,1.0631,1.75,1.00
2016.02.11 06:36:24.338,1.06277,1.06312,1.82,1.00
2016.02.11 06:36:24.916,1.06278,1.06312,1.75,1.00
2016.02.11 06:36:25.473,1.06278,1.06315,1.75,1.75
2016.02.11 06:36:25.790,1.06281,1.06315,1.50,1.75
2016.02.11 06:36:26.109,1.06282,1.06319,1.12,2.62
2016.02.11 06:36:28.352,1.06282,1.06319,1.12,1.50
2016.02.11 06:36:28.656,1.06285,1.06322,1.85,1.87
2016.02.11 06:36:28.960,1.06287,1.06322,1.75,2.62
2016.02.11 06:36:29.011,1.06287,1.06321,1.75,1.00
2016.02.11 06:36:29.456,1.06287,1.06321,1.75,1.12
2016.02.11 06:36:29.658,1.06287,1.06319,1.75,1.00
2016.02.11 06:36:30.113,1.06284,1.06319,2.32,1.00
2016.02.11 06:36:30.215,1.06284,1.06319,2.32,1.00
2016.02.11 06:36:30.733,1.06284,1.06318,1.82,1.00
2016.02.11 06:36:30.784,1.06284,1.06318,1.57,1.12
2016.02.11 06:36:31.500,1.06284,1.06317,2.25,1.00
2016.02.11 06:36:32.943,1.06284,1.06318,2.06,2.44
2016.02.11 06:36:33.602,1.06284,1.06318,1.00,2.81
2016.02.11 06:36:33.906,1.06284,1.06314,1.00,1.00
2016.02.11 06:36:34.260,1.06284,1.06316,1.25,1.00
2016.02.11 06:36:35.245,1.06284,1.06314,1.25,1.00
2016.02.11 06:36:35.549,1.0628,1.06313,2.06,1.07
2016.02.11 06:36:35.861,1.06277,1.0631,1.69,1.56
2016.02.11 06:36:36.013,1.06277,1.06307,1.69,1.00
2016.02.11 06:36:38.548,1.06277,1.06308,1.00,1.56
2016.02.11 06:36:38.699,1.0628,1.06311,1.00,1.31
2016.02.11 06:36:39.328,1.0628,1.06317,2.44,2.44
2016.02.11 06:36:39.632,1.06284,1.06314,1.10,1.56
2016.02.11 06:36:40.868,1.06284,1.06315,1.00,1.00
2016.02.11 06:36:41.171,1.06284,1.06312,1.00,1.00
2016.02.11 06:36:41.459,1.06284,1.06315,1.00,1.00
2016.02.11 06:36:43.674,1.06284,1.06317,1.00,1.07
2016.02.11 06:36:43.976,1.06284,1.06319,1.00,1.20
2016.02.11 06:36:44.153,1.06284,1.06317,1.00,1.00
2016.02.11 06:36:44.614,1.06285,1.0632,1.07,1.00
2016.02.11 06:36:45.071,1.06285,1.06317,1.00,1.00
2016.02.11 06:36:45.426,1.06283,1.06317,1.00,1.00
2016.02.11 06:36:45.729,1.06283,1.06314,1.00,1.00
2016.02.11 06:36:45.897,1.06283,1.06316,1.00,1.10
2016.02.11 06:36:46.820,1.06287,1.06316,1.00,1.00
2016.02.11 06:36:47.145,1.06287,1.06319,1.00,1.00
2016.02.11 06:36:47.249,1.06287,1.06319,1.00,1.50
2016.02.11 06:36:47.401,1.06289,1.06323,1.00,1.12
2016.02.11 06:36:47.705,1.06285,1.06315,1.00,1.00
2016.02.11 06:36:47.807,1.06284,1.06317,1.50,1.10
2016.02.11 06:36:47.909,1.06284,1.06317,1.50,1.75
2016.02.11 06:36:48.325,1.06289,1.06314,1.00,1.00
2016.02.11 06:36:48.377,1.06289,1.06321,1.00,1.50
2016.02.11 06:36:48.479,1.06284,1.06319,1.50,1.10
2016.02.11 06:36:48.581,1.06284,1.06319,1.50,1.50
2016.02.11 06:36:49.238,1.06284,1.06314,1.56,1.00
2016.02.11 06:36:49.745,1.06284,1.06313,1.56,1.00
2016.02.11 06:36:50.130,1.06284,1.06313,1.56,1.00
2016.02.11 06:36:50.231,1.0628,1.06311,1.56,1.07
2016.02.11 06:36:50.484,1.06283,1.06316,2.06,1.37
2016.02.11 06:36:50.535,1.06283,1.06316,1.56,1.00
2016.02.11 06:36:50.723,1.06283,1.06314,1.56,1.00
2016.02.11 06:36:50.774,1.06283,1.0632,1.00,1.75
2016.02.11 06:36:51.185,1.06283,1.0632,1.50,1.75
2016.02.11 06:36:51.387,1.06287,1.0632,1.00,1.75
2016.02.11 06:36:51.792,1.06287,1.06317,1.00,1.75
2016.02.11 06:36:51.843,1.06283,1.06317,1.00,1.75
2016.02.11 06:36:52.360,1.06284,1.06317,1.00,1.75
2016.02.11 06:36:52.986,1.06283,1.06317,1.00,1.75
2016.02.11 06:36:57.022,1.06285,1.06318,1.00,1.75
2016.02.11 06:37:00.368,1.06282,1.06318,1.50,1.75
2016.02.11 06:37:01.029,1.06282,1.0632,1.00,1.87
2016.02.11 06:37:01.577,1.06283,1.06317,1.00,1.10
2016.02.11 06:37:03.435,1.06283,1.06319,1.00,1.75
2016.02.11 06:37:03.792,1.06278,1.06314,1.56,1.31
2016.02.11 06:37:04.103,1.06281,1.06314,1.00,1.64
2016.02.11 06:37:04.558,1.06282,1.06317,1.25,2.06
2016.02.11 06:37:04.660,1.06281,1.06319,2.14,1.31
2016.02.11 06:37:05.341,1.06286,1.06319,1.00,1.66
2016.02.11 06:37:05.442,1.06286,1.06319,1.25,1.66
2016.02.11 06:37:05.809,1.06289,1.06323,1.00,1.64
2016.02.11 06:37:05.859,1.06289,1.06323,1.25,2.14
2016.02.11 06:37:07.903,1.06289,1.0632,1.31,1.00
2016.02.11 06:37:09.114,1.0629,1.0632,1.00,1.00
2016.02.11 06:37:09.622,1.06289,1.0632,1.31,1.00
2016.02.11 06:37:10.946,1.0629,1.0632,1.00,1.00
2016.02.11 06:37:11.047,1.0629,1.06323,1.00,1.50
2016.02.11 06:37:11.250,1.06293,1.06323,1.00,1.00
2016.02.11 06:37:11.502,1.0629,1.06323,1.50,1.00
2016.02.11 06:37:14.100,1.06294,1.06323,1.00,1.00
2016.02.11 06:37:14.201,1.0629,1.06323,1.00,1.00
2016.02.11 06:37:15.951,1.06289,1.06323,1.00,1.00
2016.02.11 06:37:16.405,1.06289,1.06325,1.00,1.10
2016.02.11 06:37:17.612,1.06293,1.06327,1.00,1.57
2016.02.11 06:37:17.865,1.06291,1.06327,1.00,1.10
2016.02.11 06:37:18.386,1.06291,1.06326,1.00,1.00
2016.02.11 06:37:18.941,1.06291,1.06328,1.00,1.07
2016.02.11 06:37:20.827,1.06289,1.06327,1.10,1.10
2016.02.11 06:37:22.644,1.06289,1.06326,1.10,1.00
2016.02.11 06:37:23.549,1.06289,1.06324,1.10,1.00
2016.02.11 06:37:24.537,1.06289,1.06321,1.10,1.00
2016.02.11 06:37:24.841,1.06289,1.06317,1.00,1.00
2016.02.11 06:37:24.942,1.06284,1.06316,1.00,1.00
2016.02.11 06:37:25.093,1.06284,1.06318,1.00,1.12
2016.02.11 06:37:25.596,1.06282,1.06318,1.57,1.12
2016.02.11 06:37:25.749,1.06281,1.06315,2.25,1.37
2016.02.11 06:37:25.901,1.06281,1.06314,1.50,1.00
2016.02.11 06:37:28.521,1.06282,1.06314,1.00,1.00
2016.02.11 06:37:30.164,1.06284,1.06314,1.00,1.00
2016.02.11 06:37:30.463,1.06282,1.06314,1.00,1.00
2016.02.11 06:37:31.031,1.06283,1.06314,1.00,1.00
2016.02.11 06:37:31.133,1.06281,1.06314,1.00,1.00
2016.02.11 06:37:31.647,1.06281,1.06314,1.00,1.07
2016.02.11 06:37:31.697,1.06284,1.06314,1.00,1.07
2016.02.11 06:37:32.020,1.06282,1.06313,1.00,1.00
2016.02.11 06:37:34.743,1.06279,1.06314,1.50,1.50
2016.02.11 06:37:35.703,1.06282,1.06314,1.00,1.50
2016.02.11 06:37:44.686,1.06282,1.06313,1.00,1.00
2016.02.11 06:37:45.191,1.06282,1.06313,1.00,1.07
2016.02.11 06:37:47.505,1.06278,1.06313,2.25,1.57
2016.02.11 06:37:47.708,1.06278,1.06311,1.87,1.37
2016.02.11 06:37:54.915,1.0628,1.06309,1.00,1.00
2016.02.11 06:37:55.167,1.0628,1.06316,1.50,2.62
2016.02.11 06:37:55.580,1.0628,1.06316,1.00,2.25
2016.02.11 06:37:55.833,1.06279,1.06316,1.37,3.00
2016.02.11 06:37:56.339,1.06279,1.06316,1.50,2.25
2016.02.11 06:37:56.659,1.06281,1.06316,1.75,1.00
2016.02.11 06:37:56.811,1.06284,1.06318,1.00,1.00
2016.02.11 06:37:57.332,1.06284,1.0632,1.00,2.25
2016.02.11 06:37:58.137,1.06287,1.06322,1.00,1.82
2016.02.11 06:37:58.289,1.06288,1.06325,2.25,1.45
2016.02.11 06:37:58.391,1.06288,1.06325,2.25,1.07
2016.02.11 06:37:58.656,1.06293,1.06327,1.75,1.07
2016.02.11 06:37:59.079,1.06293,1.06328,1.75,1.50
2016.02.11 06:37:59.180,1.06294,1.06326,1.00,1.00
2016.02.11 06:37:59.231,1.06291,1.06326,1.00,1.50
2016.02.11 06:37:59.332,1.06293,1.06326,1.50,1.50
2016.02.11 06:37:59.648,1.06294,1.06328,1.50,1.10
2016.02.11 06:38:01.447,1.06297,1.06328,2.25,1.10
2016.02.11 06:38:01.652,1.06297,1.06331,2.25,1.10
2016.02.11 06:38:02.157,1.06297,1.0633,2.25,1.00
2016.02.11 06:38:02.482,1.06297,1.06328,1.50,1.00
2016.02.11 06:38:03.008,1.06296,1.06328,1.12,1.00
2016.02.11 06:38:04.815,1.06296,1.06329,1.12,1.00
2016.02.11 06:38:11.388,1.06294,1.06328,1.75,1.00
2016.02.11 06:38:13.048,1.06292,1.06326,1.12,1.10
2016.02.11 06:38:13.200,1.0629,1.06326,1.75,1.50
2016.02.11 06:38:13.252,1.0629,1.06323,1.00,1.57
2016.02.11 06:38:13.335,1.06288,1.06323,1.87,1.57
2016.02.11 06:38:13.488,1.06285,1.06322,2.25,1.87
2016.02.11 06:38:13.748,1.06285,1.06323,3.00,1.12
2016.02.11 06:38:18.632,1.06287,1.0632,1.50,1.00
2016.02.11 06:38:18.683,1.06287,1.0632,1.50,1.56
2016.02.11 06:38:18.987,1.06284,1.0632,1.31,1.64
2016.02.11 06:38:19.192,1.06284,1.06314,1.69,1.00
2016.02.11 06:38:19.303,1.06283,1.06312,1.94,1.00
2016.02.11 06:38:19.455,1.06278,1.06312,1.12,1.50
2016.02.11 06:38:21.303,1.06278,1.06309,1.12,1.00
2016.02.11 06:38:21.506,1.06278,1.06307,1.12,1.00
2016.02.11 06:38:21.848,1.06276,1.06304,1.50,1.31
2016.02.11 06:38:22.427,1.06276,1.06307,1.50,1.56
2016.02.11 06:38:22.968,1.06276,1.06307,1.50,1.56
2016.02.11 06:38:24.200,1.06277,1.06311,1.87,1.00
2016.02.11 06:38:24.470,1.06277,1.06309,1.37,1.00
2016.02.11 06:38:28.465,1.06277,1.0631,1.37,1.00
2016.02.11 06:38:29.088,1.06278,1.06312,1.12,1.12
2016.02.11 06:38:34.899,1.06277,1.06312,1.12,2.25
2016.02.11 06:38:35.370,1.06277,1.06308,1.12,1.00
2016.02.11 06:38:37.253,1.06277,1.06309,1.12,1.00
2016.02.11 06:38:37.455,1.06281,1.06315,1.50,1.50
2016.02.11 06:38:37.607,1.06281,1.06315,2.06,1.00
2016.02.11 06:38:37.947,1.06282,1.06315,1.69,1.00
2016.02.11 06:38:39.379,1.06282,1.06315,1.69,1.00
2016.02.11 06:38:39.682,1.06282,1.06317,1.69,1.25
2016.02.11 06:38:40.239,1.06282,1.06312,1.69,1.00
2016.02.11 06:38:40.340,1.06282,1.06315,1.12,1.25
2016.02.11 06:38:40.892,1.06282,1.06314,1.12,1.00
2016.02.11 06:38:41.401,1.06282,1.06317,1.12,1.66
2016.02.11 06:38:42.018,1.06282,1.06313,1.12,1.00
2016.02.11 06:38:42.329,1.06279,1.06313,1.56,1.57
2016.02.11 06:38:42.874,1.06281,1.06312,1.62,1.00
2016.02.11 06:38:43.278,1.06282,1.06314,1.12,1.31
2016.02.11 06:38:43.484,1.06282,1.06315,1.00,2.44
2016.02.11 06:38:43.535,1.06278,1.06314,1.12,2.44
2016.02.11 06:38:43.637,1.06278,1.06309,1.12,1.00
2016.02.11 06:38:46.088,1.06278,1.0631,1.12,1.00
2016.02.11 06:38:46.145,1.06278,1.06313,1.12,1.50
2016.02.11 06:38:46.672,1.06279,1.06312,1.00,1.12
2016.02.11 06:38:46.975,1.06278,1.06309,1.12,1.00
2016.02.11 06:38:47.279,1.06278,1.06309,1.00,1.75
2016.02.11 06:38:48.086,1.06274,1.06309,1.12,1.75
2016.02.11 06:38:48.697,1.06277,1.0631,1.00,2.25
2016.02.11 06:38:48.799,1.06277,1.0631,1.75,1.50
2016.02.11 06:38:48.901,1.06277,1.06312,1.75,1.00
2016.02.11 06:38:49.426,1.06277,1.06313,1.75,1.00
2016.02.11 06:38:49.635,1.06277,1.06315,1.75,1.87
2016.02.11 06:38:49.786,1.06277,1.06312,1.00,1.50
2016.02.11 06:38:50.291,1.06277,1.0631,1.00,1.00
2016.02.11 06:38:50.804,1.06277,1.06311,1.00,1.12
2016.02.11 06:38:51.108,1.06276,1.06315,2.25,1.76
2016.02.11 06:38:51.571,1.06282,1.06315,1.00,1.69
2016.02.11 06:38:51.874,1.06278,1.06312,1.75,1.00
2016.02.11 06:38:52.077,1.06278,1.0631,1.75,1.00
2016.02.11 06:38:52.391,1.06278,1.0631,1.00,1.00
2016.02.11 06:38:52.498,1.06278,1.06314,1.75,1.19
2016.02.11 06:38:52.801,1.0628,1.06315,1.00,2.44
2016.02.11 06:38:52.852,1.0628,1.06309,1.00,1.00
2016.02.11 06:38:53.105,1.0628,1.06311,1.00,1.00
2016.02.11 06:38:53.409,1.0628,1.06307,1.00,1.00
2016.02.11 06:38:53.723,1.0628,1.0631,1.00,1.00
2016.02.11 06:38:54.287,1.0628,1.06308,1.00,1.00
2016.02.11 06:38:55.595,1.0628,1.06309,1.00,1.00
2016.02.11 06:38:55.847,1.0628,1.06311,1.00,1.50
2016.02.11 06:38:56.151,1.06279,1.06307,1.00,1.00
2016.02.11 06:38:57.141,1.06279,1.06309,1.00,1.00
2016.02.11 06:38:57.243,1.06279,1.06305,1.00,1.00
2016.02.11 06:38:57.394,1.06274,1.06305,1.00,1.00
2016.02.11 06:38:57.496,1.0627,1.06303,1.37,1.12
2016.02.11 06:38:57.840,1.0627,1.06303,1.00,2.32
2016.02.11 06:38:58.245,1.06271,1.06306,2.25,1.50
2016.02.11 06:38:58.296,1.06271,1.06306,2.25,1.12
2016.02.11 06:38:58.499,1.06271,1.06307,2.25,1.37
2016.02.11 06:38:58.600,1.06275,1.06308,1.50,1.00
2016.02.11 06:38:58.652,1.06275,1.06311,1.50,1.76
2016.02.11 06:38:58.804,1.06275,1.06307,1.50,1.00
2016.02.11 06:38:59.311,1.06275,1.06308,1.00,1.75
2016.02.11 06:38:59.362,1.06271,1.06307,1.87,1.75
2016.02.11 06:38:59.817,1.06271,1.06301,1.00,1.00
2016.02.11 06:38:59.868,1.06269,1.06301,1.00,1.00
2016.02.11 06:39:00.324,1.06271,1.06302,1.12,1.00
2016.02.11 06:39:00.376,1.06271,1.06305,1.87,1.00
2016.02.11 06:39:00.845,1.06267,1.06304,1.87,1.50
2016.02.11 06:39:01.047,1.06267,1.06302,1.12,1.19
2016.02.11 06:39:01.350,1.06266,1.063,1.00,2.44
2016.02.11 06:39:01.401,1.06263,1.06299,1.87,1.75
2016.02.11 06:39:01.817,1.06263,1.06299,2.25,1.00
2016.02.11 06:39:02.625,1.06266,1.063,2.25,1.19
2016.02.11 06:39:02.827,1.06266,1.063,1.50,1.19
2016.02.11 06:39:02.878,1.06266,1.06297,1.00,1.00
2016.02.11 06:39:03.187,1.06264,1.06298,1.00,1.00
2016.02.11 06:39:03.995,1.06264,1.063,1.50,2.25
2016.02.11 06:39:04.249,1.06264,1.063,2.32,1.00
2016.02.11 06:39:04.299,1.06264,1.06303,2.32,2.06
2016.02.11 06:39:05.192,1.06267,1.063,1.75,1.00
2016.02.11 06:39:05.243,1.06264,1.063,1.45,1.37
2016.02.11 06:39:05.294,1.06264,1.06297,1.45,1.00
2016.02.11 06:39:05.497,1.06263,1.063,1.50,1.87
2016.02.11 06:39:06.013,1.06264,1.06298,1.37,1.00
2016.02.11 06:39:06.418,1.06261,1.06296,1.85,1.00
2016.02.11 06:39:06.930,1.06265,1.06297,1.12,1.00
2016.02.11 06:39:07.233,1.06265,1.06295,1.12,1.00
2016.02.11 06:39:07.385,1.06265,1.06299,1.12,1.87
2016.02.11 06:39:07.890,1.06261,1.06298,2.32,1.00
2016.02.11 06:39:08.395,1.06261,1.06299,2.62,1.87
2016.02.11 06:39:08.496,1.06261,1.06295,2.62,3.75
2016.02.11 06:39:09.301,1.06263,1.06292,1.50,3.75
2016.02.11 06:39:09.503,1.06263,1.06293,1.50,3.75
2016.02.11 06:39:10.059,1.06261,1.06296,2.32,3.75
2016.02.11 06:39:10.401,1.06266,1.06296,1.00,1.75
2016.02.11 06:39:10.452,1.06266,1.06298,1.37,1.75
2016.02.11 06:39:10.706,1.0627,1.06302,1.00,1.75
2016.02.11 06:39:10.756,1.0627,1.06304,1.37,4.12
2016.02.11 06:39:11.061,1.06276,1.06312,2.25,4.50
2016.02.11 06:39:11.386,1.06275,1.06307,1.37,1.75
2016.02.11 06:39:11.923,1.06275,1.06307,1.75,1.75
2016.02.11 06:39:14.378,1.06273,1.06307,2.32,1.75
2016.02.11 06:39:14.429,1.06273,1.06307,2.32,1.75
2016.02.11 06:39:14.937,1.06273,1.06307,3.00,1.75
2016.02.11 06:39:15.458,1.06273,1.06307,2.32,1.75
2016.02.11 06:39:16.548,1.06274,1.06307,1.12,1.75
2016.02.11 06:39:16.852,1.06277,1.06307,1.85,1.75
2016.02.11 06:39:18.070,1.06276,1.06311,1.82,1.75
2016.02.11 06:39:18.374,1.06276,1.06307,1.50,1.75
2016.02.11 06:39:18.486,1.06276,1.06307,1.00,1.75
2016.02.11 06:39:18.638,1.06269,1.06305,1.50,2.25
2016.02.11 06:39:19.143,1.06271,1.06302,1.00,1.75
2016.02.11 06:39:19.498,1.06273,1.06304,1.37,1.75
2016.02.11 06:39:19.805,1.06275,1.06304,1.00,1.75
2016.02.11 06:39:19.957,1.0627,1.06304,3.37,2.25
2016.02.11 06:39:22.742,1.0627,1.06304,2.25,2.25
2016.02.11 06:39:23.247,1.06271,1.06304,1.20,2.25
2016.02.11 06:39:23.551,1.06273,1.06304,1.37,2.25
2016.02.11 06:39:26.122,1.06275,1.06304,1.00,1.75
2016.02.11 06:39:30.497,1.06275,1.06305,1.00,1.75
2016.02.11 06:39:30.649,1.06276,1.06305,1.75,1.75
2016.02.11 06:39:30.925,1.06276,1.06309,3.75,2.25
2016.02.11 06:39:31.381,1.06276,1.06307,1.75,1.75
2016.02.11 06:39:31.483,1.06273,1.06305,1.82,1.75
2016.02.11 06:39:32.403,1.06273,1.06305,1.82,1.75
2016.02.11 06:39:33.059,1.06273,1.06305,2.32,1.75
2016.02.11 06:39:33.575,1.06272,1.06303,1.50,1.75
2016.02.11 06:39:33.727,1.0627,1.06301,1.37,1.75
2016.02.11 06:39:33.828,1.06266,1.06298,1.50,1.75
2016.02.11 06:39:34.586,1.06266,1.06295,1.00,1.75
2016.02.11 06:39:34.988,1.06269,1.06301,1.00,1.87
2016.02.11 06:39:35.292,1.06271,1.06302,1.50,1.75
2016.02.11 06:39:35.444,1.06271,1.06302,1.50,1.75
2016.02.11 06:39:36.888,1.06271,1.06302,1.50,1.75
2016.02.11 06:39:37.389,1.06271,1.06302,1.50,1.75
2016.02.11 06:39:37.934,1.06271,1.06302,1.50,1.75
2016.02.11 06:39:38.748,1.06271,1.06302,1.50,1.75
2016.02.11 06:39:38.900,1.06271,1.06302,1.50,1.75
2016.02.11 06:39:39.068,1.06271,1.06302,1.50,1.75
2016.02.11 06:39:40.957,1.06271,1.06302,1.50,1.75
2016.02.11 06:39:41.867,1.06271,1.06302,1.50,1.75
2016.02.11 06:39:42.372,1.06271,1.06302,1.50,1.75
2016.02.11 06:39:42.886,1.06271,1.06302,1.12,1.87
2016.02.11 06:39:43.038,1.06267,1.06302,2.25,2.25
2016.02.11 06:39:43.392,1.06267,1.06302,2.32,1.87
2016.02.11 06:39:44.174,1.0627,1.06302,1.50,1.75
2016.02.11 06:39:45.032,1.0627,1.06302,1.37,1.75
2016.02.11 06:39:45.545,1.0627,1.06301,1.00,1.12
2016.02.11 06:39:45.899,1.0627,1.06301,1.00,1.12
2016.02.11 06:39:46.900,1.0627,1.06301,1.00,1.12
2016.02.11 06:39:47.102,1.0627,1.06301,1.00,1.12
2016.02.11 06:39:47.355,1.0627,1.06302,1.12,1.75
2016.02.11 06:39:47.906,1.06272,1.06301,1.00,1.75
2016.02.11 06:39:49.853,1.06272,1.06301,1.00,1.75
2016.02.11 06:39:50.011,1.06272,1.06301,1.87,1.75
2016.02.11 06:39:50.365,1.06281,1.06305,1.00,1.75
2016.02.11 06:39:50.416,1.06281,1.06309,1.00,1.87
2016.02.11 06:39:50.467,1.06285,1.06309,1.00,1.12
2016.02.11 06:39:50.518,1.06288,1.06309,1.37,1.12
2016.02.11 06:39:50.627,1.06288,1.06316,1.37,1.75
2016.02.11 06:39:50.678,1.06288,1.06316,1.00,1.75
2016.02.11 06:39:50.779,1.06293,1.06316,1.00,1.75
2016.02.11 06:39:50.830,1.0629,1.06318,1.37,1.75
2016.02.11 06:39:50.881,1.06295,1.06323,1.00,1.75
2016.02.11 06:39:51.287,1.06294,1.06325,1.37,1.75
2016.02.11 06:39:51.813,1.06292,1.06324,1.85,1.75
2016.02.11 06:39:52.069,1.06292,1.06324,1.85,1.75
2016.02.11 06:39:52.380,1.06292,1.06324,1.85,1.75
2016.02.11 06:39:52.737,1.06292,1.06324,1.85,1.75
2016.02.11 06:39:53.048,1.06292,1.06322,2.32,1.75
2016.02.11 06:39:53.553,1.06292,1.06324,2.32,1.75
2016.02.11 06:39:56.261,1.06292,1.06323,1.10,1.75
2016.02.11 06:39:56.362,1.06292,1.06323,1.10,1.75
2016.02.11 06:39:58.799,1.0629,1.06322,1.50,1.75
2016.02.11 06:39:59.102,1.0629,1.06321,1.50,1.75
2016.02.11 06:40:00.305,1.06289,1.06321,2.25,1.75
2016.02.11 06:40:00.456,1.06289,1.06321,1.57,1.75
2016.02.11 06:40:00.760,1.06286,1.06319,1.00,1.12
2016.02.11 06:40:01.064,1.06281,1.06311,1.37,1.75
2016.02.11 06:40:01.191,1.06281,1.06311,1.00,1.75
2016.02.11 06:40:01.494,1.06278,1.06307,1.37,1.75
2016.02.11 06:40:01.596,1.06276,1.06308,1.50,1.75
2016.02.11 06:40:08.576,1.06276,1.06311,2.25,1.87
2016.02.11 06:40:08.680,1.06281,1.06312,1.37,1.87
2016.02.11 06:40:08.792,1.06283,1.06312,1.12,1.75
2016.02.11 06:40:09.326,1.06283,1.06317,1.12,1.87
2016.02.11 06:40:14.851,1.06283,1.06317,1.12,1.87
2016.02.11 06:40:15.154,1.06281,1.06311,1.75,1.75
2016.02.11 06:40:15.347,1.06279,1.06312,1.00,1.75
2016.02.11 06:40:15.500,1.06279,1.06312,1.00,1.75
2016.02.11 06:40:16.413,1.06279,1.06312,1.00,1.75
2016.02.11 06:40:16.514,1.06279,1.06312,1.00,1.75
2016.02.11 06:40:19.223,1.06279,1.06312,1.00,1.75
2016.02.11 06:40:20.338,1.06278,1.06312,1.50,1.75
2016.02.11 06:40:23.793,1.06276,1.06309,2.25,1.75
2016.02.11 06:40:23.844,1.06276,1.06311,2.25,1.75
2016.02.11 06:40:24.945,1.06276,1.06309,1.50,2.25
2016.02.11 06:40:26.822,1.06276,1.06306,1.00,1.75
2016.02.11 06:40:27.383,1.06276,1.06301,1.00,1.12
2016.02.11 06:40:28.222,1.06277,1.063,1.00,1.12
2016.02.11 06:40:29.019,1.06275,1.0629,1.00,1.12
2016.02.11 06:40:29.171,1.06272,1.06289,1.00,1.12
2016.02.11 06:40:30.247,1.06272,1.06291,1.00,1.12
2016.02.11 06:40:30.601,1.06272,1.06298,1.00,1.12
2016.02.11 06:40:30.702,1.06272,1.06299,1.00,1.87
2016.02.11 06:40:31.006,1.06272,1.06298,1.00,1.12
2016.02.11 06:40:31.107,1.06272,1.06298,1.00,1.12
2016.02.11 06:40:33.091,1.06272,1.06297,1.00,1.12
2016.02.11 06:40:35.434,1.06272,1.06299,1.00,1.87
2016.02.11 06:40:35.952,1.06272,1.06299,1.00,1.75
2016.02.11 06:40:39.817,1.06272,1.06301,1.00,1.75
2016.02.11 06:40:41.671,1.06272,1.06303,1.00,2.25
2016.02.11 06:40:42.025,1.06272,1.06301,1.00,1.75
2016.02.11 06:40:42.878,1.06272,1.06292,1.00,1.00
2016.02.11 06:40:43.459,1.06274,1.06305,1.37,2.25
2016.02.11 06:40:46.943,1.06274,1.06305,1.00,2.25
2016.02.11 06:40:48.607,1.06274,1.06306,1.00,1.75
2016.02.11 06:40:52.967,1.06273,1.06306,1.00,1.75
2016.02.11 06:40:56.883,1.06273,1.06304,1.00,1.75
2016.02.11 06:41:02.517,1.06274,1.06293,1.00,1.00
2016.02.11 06:41:02.580,1.06274,1.06293,1.37,1.00
2016.02.11 06:41:02.631,1.06274,1.06303,1.75,1.12
2016.02.11 06:41:02.682,1.06276,1.06306,1.00,1.75
2016.02.11 06:41:02.884,1.06273,1.063,1.00,1.75
2016.02.11 06:41:02.936,1.06273,1.063,1.00,1.75
2016.02.11 06:41:03.138,1.06286,1.06312,1.12,1.75
2016.02.11 06:41:03.240,1.06286,1.06317,1.12,1.00
2016.02.11 06:41:03.593,1.06286,1.06317,1.12,1.75
2016.02.11 06:41:03.982,1.06289,1.06323,1.75,2.25
2016.02.11 06:41:05.107,1.06289,1.06324,2.25,3.37
2016.02.11 06:41:05.360,1.06289,1.06324,1.75,1.87
2016.02.11 06:41:05.865,1.06289,1.06323,1.75,1.75
2016.02.11 06:41:06.400,1.06289,1.06324,1.75,2.62
2016.02.11 06:41:06.906,1.06289,1.06324,1.75,1.12
2016.02.11 06:41:07.436,1.06289,1.06324,1.75,1.12
2016.02.11 06:41:09.871,1.06289,1.06324,1.75,1.12
2016.02.11 06:41:12.046,1.06289,1.06324,1.75,1.12
2016.02.11 06:41:13.526,1.0629,1.06326,1.75,1.75
2016.02.11 06:41:15.019,1.06292,1.06328,1.75,1.87
2016.02.11 06:41:15.121,1.06295,1.06328,1.00,1.12
2016.02.11 06:41:15.424,1.06294,1.06332,2.25,1.50
2016.02.11 06:41:15.728,1.06294,1.06332,2.25,1.75
2016.02.11 06:41:17.659,1.06294,1.06332,2.32,1.37
2016.02.11 06:41:20.543,1.06299,1.06333,1.50,1.12
2016.02.11 06:41:20.809,1.06304,1.06334,1.00,1.37
2016.02.11 06:41:21.315,1.06301,1.06336,1.00,2.25
2016.02.11 06:41:21.618,1.06302,1.06336,1.00,1.12
2016.02.11 06:41:21.719,1.06302,1.06336,1.00,1.37
2016.02.11 06:41:23.652,1.06302,1.06337,1.75,1.50
2016.02.11 06:41:27.143,1.06301,1.06337,2.25,1.75
2016.02.11 06:41:27.244,1.06301,1.06335,1.50,2.25
2016.02.11 06:41:27.346,1.06301,1.06335,1.50,1.50
2016.02.11 06:41:28.438,1.06301,1.06335,1.50,2.06
2016.02.11 06:41:30.239,1.06301,1.06332,1.50,1.00
2016.02.11 06:41:31.964,1.06299,1.06332,1.50,1.00
2016.02.11 06:41:32.065,1.06299,1.06332,1.50,1.37
2016.02.11 06:41:32.947,1.06297,1.0633,1.00,1.37
2016.02.11 06:41:32.998,1.06294,1.0633,2.25,1.37
2016.02.11 06:41:33.570,1.06294,1.0633,2.25,1.12
2016.02.11 06:41:34.497,1.06294,1.0633,2.25,1.37
2016.02.11 06:41:37.438,1.06294,1.0633,1.12,2.62
2016.02.11 06:41:37.489,1.06291,1.06328,1.87,1.12
2016.02.11 06:41:37.844,1.06291,1.06329,1.75,1.87
2016.02.11 06:41:38.046,1.06293,1.0633,1.50,1.12
2016.02.11 06:41:38.248,1.06297,1.0633,1.00,1.12
2016.02.11 06:41:38.552,1.06299,1.0633,1.00,1.37
2016.02.11 06:41:38.800,1.06299,1.06331,1.00,1.87
2016.02.11 06:41:40.768,1.06299,1.06331,1.00,1.00
2016.02.11 06:41:40.819,1.06299,1.06329,1.00,1.00
2016.02.11 06:41:40.870,1.06292,1.06329,1.75,1.12
2016.02.11 06:41:41.375,1.06293,1.06328,1.50,1.00
2016.02.11 06:41:41.896,1.06293,1.0633,1.50,1.87
2016.02.11 06:41:47.166,1.06293,1.06326,1.50,1.00
2016.02.11 06:41:47.318,1.06286,1.06325,2.25,1.50
2016.02.11 06:41:48.126,1.06293,1.06325,1.00,1.12
2016.02.11 06:41:48.462,1.06292,1.06326,1.75,1.75
2016.02.11 06:41:49.119,1.06292,1.06329,2.25,1.85
2016.02.11 06:41:49.625,1.06292,1.06329,2.25,1.85
2016.02.11 06:41:50.456,1.06292,1.06329,1.75,1.85
2016.02.11 06:41:52.763,1.06292,1.06329,1.75,1.75
2016.02.11 06:41:55.840,1.06293,1.0633,1.75,1.87
2016.02.11 06:41:55.942,1.06293,1.0633,1.75,1.87
2016.02.11 06:41:56.042,1.06295,1.0633,1.37,1.87
2016.02.11 06:41:56.297,1.06293,1.0633,1.12,1.87
2016.02.11 06:41:57.477,1.06294,1.06327,1.50,1.75
2016.02.11 06:41:57.629,1.06291,1.06325,1.00,1.75
2016.02.11 06:41:57.731,1.06287,1.06325,1.50,1.87
2016.02.11 06:41:57.936,1.06291,1.06325,1.00,1.87
2016.02.11 06:41:57.988,1.06291,1.06325,1.50,1.12
2016.02.11 06:41:58.602,1.06291,1.06326,2.25,1.87
2016.02.11 06:41:58.703,1.06291,1.06326,3.00,1.12
2016.02.11 06:41:58.907,1.06293,1.06327,1.75,1.75
2016.02.11 06:41:59.412,1.06294,1.06328,2.25,1.75
2016.02.11 06:42:00.014,1.06294,1.06328,1.75,1.75
2016.02.11 06:42:00.520,1.06296,1.06329,1.12,1.75
2016.02.11 06:42:00.823,1.06293,1.06329,1.75,1.75
2016.02.11 06:42:01.699,1.06293,1.06326,1.00,2.25
2016.02.11 06:42:01.800,1.06293,1.06326,1.00,3.00
2016.02.11 06:42:04.433,1.06293,1.06326,1.00,3.00
2016.02.11 06:42:05.947,1.06293,1.06326,1.00,3.00
2016.02.11 06:42:09.111,1.0629,1.06325,1.00,1.75
2016.02.11 06:42:09.212,1.06294,1.06324,1.00,1.75
2016.02.11 06:42:09.263,1.06294,1.06324,1.00,1.07
2016.02.11 06:42:09.314,1.06289,1.06324,1.50,1.20
2016.02.11 06:42:09.828,1.06289,1.06322,1.50,1.00
2016.02.11 06:42:10.063,1.06289,1.06319,1.50,1.00
2016.02.11 06:42:10.215,1.06287,1.06319,1.00,1.12
2016.02.11 06:42:10.418,1.06287,1.06321,1.50,1.00
2016.02.11 06:42:10.519,1.06288,1.06323,1.37,1.00
2016.02.11 06:42:10.570,1.06292,1.06323,1.00,1.00
2016.02.11 06:42:10.874,1.06294,1.06328,1.50,1.75
2016.02.11 06:42:11.127,1.06294,1.06329,1.50,1.87
2016.02.11 06:42:14.207,1.06294,1.06329,1.50,1.87
2016.02.11 06:42:15.288,1.06296,1.06329,1.00,1.87
2016.02.11 06:42:16.831,1.06296,1.06329,1.75,1.37
2016.02.11 06:42:17.188,1.063,1.06333,1.12,1.87
2016.02.11 06:42:18.401,1.06298,1.06333,1.75,1.87
2016.02.11 06:42:18.819,1.06298,1.06333,1.75,1.87
2016.02.11 06:42:19.276,1.06298,1.0633,1.75,1.75
2016.02.11 06:42:19.440,1.06298,1.06329,1.00,1.12
2016.02.11 06:42:19.492,1.06295,1.06329,1.87,1.12
2016.02.11 06:42:19.997,1.06295,1.06329,1.12,1.12
2016.02.11 06:42:20.706,1.06295,1.06329,1.12,1.87
2016.02.11 06:42:20.812,1.06293,1.06329,1.50,1.87
2016.02.11 06:42:21.358,1.06292,1.06329,1.75,1.87
2016.02.11 06:42:21.459,1.06295,1.06329,1.12,1.87
2016.02.11 06:42:21.663,1.06294,1.06329,1.37,1.87
2016.02.11 06:42:22.573,1.06294,1.06329,1.37,1.87
2016.02.11 06:42:22.876,1.06292,1.06329,1.75,1.87
2016.02.11 06:42:23.230,1.06291,1.06329,1.75,1.87
2016.02.11 06:42:23.433,1.06291,1.06329,2.25,1.87
2016.02.11 06:42:23.534,1.06291,1.06329,1.75,2.62
2016.02.11 06:42:23.646,1.06291,1.06329,1.75,2.62
2016.02.11 06:42:23.798,1.06291,1.06329,1.75,1.87
2016.02.11 06:42:23.899,1.06291,1.06329,1.75,2.62
2016.02.11 06:42:24.001,1.06291,1.06329,1.75,2.62
2016.02.11 06:42:24.456,1.06291,1.06328,1.75,1.75
2016.02.11 06:42:24.558,1.06291,1.06329,2.25,1.87
2016.02.11 06:42:24.660,1.06291,1.06329,2.25,1.87
2016.02.11 06:42:24.862,1.06294,1.06329,1.37,1.87
2016.02.11 06:42:25.095,1.06291,1.06329,1.75,2.62
2016.02.11 06:42:25.298,1.06291,1.06329,1.75,2.62
2016.02.11 06:42:25.450,1.06292,1.06329,1.75,1.87
2016.02.11 06:42:25.552,1.06292,1.06329,1.75,1.87
2016.02.11 06:42:26.830,1.06291,1.06329,2.25,1.87
2016.02.11 06:42:28.631,1.06292,1.06329,1.75,1.87
2016.02.11 06:42:28.833,1.06293,1.06329,1.50,1.87
2016.02.11 06:42:29.035,1.06291,1.06329,1.75,1.87
2016.02.11 06:42:29.187,1.06294,1.06329,1.37,1.87
2016.02.11 06:42:29.390,1.06294,1.06329,1.37,1.87
2016.02.11 06:42:29.542,1.06294,1.06329,1.37,1.87
2016.02.11 06:42:30.487,1.06291,1.06329,1.75,1.87
2016.02.11 06:42:30.588,1.06295,1.06329,1.12,1.87
2016.02.11 06:42:30.892,1.06298,1.06329,1.00,1.87
2016.02.11 06:42:31.432,1.06298,1.06329,1.00,1.87
2016.02.11 06:42:32.251,1.06298,1.06329,1.00,1.87
2016.02.11 06:42:32.800,1.06297,1.06332,2.25,2.32
2016.02.11 06:42:33.761,1.063,1.06333,1.00,2.25
2016.02.11 06:42:34.907,1.063,1.06333,1.00,1.50
2016.02.11 06:42:34.958,1.06302,1.06335,1.00,1.00
2016.02.11 06:42:35.262,1.06304,1.06339,2.25,1.12
2016.02.11 06:42:35.565,1.06307,1.06339,1.00,1.12
2016.02.11 06:42:35.818,1.06305,1.06339,1.12,1.12
2016.02.11 06:42:35.970,1.06308,1.06339,1.00,1.12
2016.02.11 06:42:36.480,1.06307,1.06339,1.00,1.12
2016.02.11 06:42:38.471,1.06308,1.06339,1.00,1.12
2016.02.11 06:42:40.277,1.06308,1.06339,1.00,1.12
2016.02.11 06:42:40.834,1.06308,1.06339,1.00,1.12
2016.02.11 06:42:41.383,1.06307,1.06339,1.00,1.12
2016.02.11 06:42:43.249,1.06307,1.06339,1.00,1.12
2016.02.11 06:42:43.350,1.06305,1.06339,1.87,1.12
2016.02.11 06:42:49.513,1.06305,1.06339,1.12,1.12
2016.02.11 06:42:50.455,1.06302,1.06338,2.25,1.12
2016.02.11 06:42:51.263,1.06305,1.06337,1.00,1.75
2016.02.11 06:42:51.821,1.06305,1.06337,1.00,1.75
2016.02.11 06:42:52.327,1.06302,1.06337,2.25,1.75
2016.02.11 06:42:52.681,1.06305,1.06337,1.00,1.75
2016.02.11 06:42:52.833,1.06302,1.06337,3.00,1.75
2016.02.11 06:42:53.338,1.06304,1.06337,1.12,1.75
2016.02.11 06:42:53.895,1.06304,1.06337,1.12,1.75
2016.02.11 06:42:54.401,1.06305,1.06337,1.00,1.75
2016.02.11 06:42:54.452,1.06303,1.06337,1.50,1.75
2016.02.11 06:42:55.002,1.06305,1.06337,1.00,1.75
2016.02.11 06:42:55.104,1.06305,1.06337,1.00,1.75
2016.02.11 06:42:55.610,1.06305,1.06337,1.00,1.75
2016.02.11 06:42:56.148,1.06305,1.06337,1.00,1.75
2016.02.11 06:42:56.451,1.06307,1.06338,1.00,1.12
2016.02.11 06:43:01.620,1.06304,1.06332,1.12,1.00
2016.02.11 06:43:01.721,1.06304,1.06332,1.12,1.75
2016.02.11 06:43:01.884,1.06306,1.06332,1.00,1.00
2016.02.11 06:43:01.986,1.06306,1.06336,1.00,1.00
2016.02.11 06:43:02.037,1.06308,1.06337,1.00,1.00
2016.02.11 06:43:02.343,1.06308,1.0634,1.50,1.75
2016.02.11 06:43:02.830,1.06308,1.0634,1.50,1.75
2016.02.11 06:43:04.552,1.06306,1.06338,1.00,1.37
2016.02.11 06:43:04.603,1.06306,1.06339,1.00,1.37
2016.02.11 06:43:04.857,1.06304,1.06339,1.12,1.75
2016.02.11 06:43:05.363,1.06304,1.06339,1.12,1.37
2016.02.11 06:43:05.414,1.06306,1.06339,1.00,1.37
2016.02.11 06:43:05.759,1.06307,1.0634,1.50,1.37
2016.02.11 06:43:06.079,1.06307,1.0634,1.50,1.75
2016.02.11 06:43:06.425,1.06307,1.0634,1.50,1.37
2016.02.11 06:43:07.006,1.06307,1.06341,1.50,1.75
2016.02.11 06:43:11.036,1.06309,1.06341,1.12,1.00
2016.02.11 06:43:12.182,1.06309,1.06339,1.12,1.00
2016.02.11 06:43:12.753,1.06309,1.06339,1.12,1.00
2016.02.11 06:43:15.895,1.06309,1.06339,1.12,1.00
2016.02.11 06:43:18.502,1.06309,1.06342,1.12,1.00
2016.02.11 06:43:18.654,1.06307,1.06342,3.75,1.12
2016.02.11 06:43:23.080,1.06309,1.06343,1.37,1.50
2016.02.11 06:43:23.290,1.06309,1.06343,1.87,1.12
2016.02.11 06:43:23.720,1.06311,1.06343,1.75,1.00
2016.02.11 06:43:23.974,1.06318,1.06349,1.50,1.87
2016.02.11 06:43:24.486,1.06317,1.06349,1.75,1.12
2016.02.11 06:43:30.532,1.06315,1.06349,1.12,1.12
2016.02.11 06:43:32.165,1.06315,1.06347,1.12,1.50
2016.02.11 06:43:32.317,1.06311,1.06338,1.00,1.00
2016.02.11 06:43:32.822,1.06305,1.0634,1.75,1.82
2016.02.11 06:43:33.180,1.06304,1.0634,1.87,1.75
2016.02.11 06:43:34.481,1.06307,1.0634,1.75,1.75
2016.02.11 06:43:35.177,1.06307,1.0634,1.37,1.75
2016.02.11 06:43:35.378,1.06307,1.0634,1.75,1.75
2016.02.11 06:43:36.280,1.06307,1.0634,1.50,1.75
2016.02.11 06:43:37.488,1.06307,1.0634,1.37,1.87
2016.02.11 06:43:37.914,1.06307,1.06335,1.37,1.00
2016.02.11 06:43:38.217,1.06307,1.06335,1.37,1.50
2016.02.11 06:43:38.688,1.06306,1.06335,1.00,1.50
2016.02.11 06:43:38.791,1.06304,1.06335,1.00,1.50
2016.02.11 06:43:39.190,1.06302,1.06335,1.00,1.50
2016.02.11 06:43:41.296,1.06303,1.06335,1.00,1.50
2016.02.11 06:43:41.801,1.06302,1.06335,1.50,1.50
2016.02.11 06:43:41.902,1.06302,1.06335,1.87,1.12
2016.02.11 06:43:41.953,1.06303,1.06339,1.00,1.50
2016.02.11 06:43:45.910,1.06303,1.06338,1.00,1.00
2016.02.11 06:43:46.163,1.06303,1.06336,1.00,1.00
2016.02.11 06:43:48.222,1.06303,1.06338,1.00,1.50
2016.02.11 06:43:48.273,1.06301,1.06338,1.37,1.87
2016.02.11 06:43:48.324,1.06301,1.06338,1.00,2.25
2016.02.11 06:43:48.854,1.063,1.06336,1.00,1.75
2016.02.11 06:43:49.264,1.063,1.06336,1.37,1.37
2016.02.11 06:43:49.778,1.06302,1.06336,1.00,1.00
2016.02.11 06:43:50.182,1.063,1.06336,1.37,1.37
2016.02.11 06:43:50.233,1.063,1.06336,1.00,1.75
2016.02.11 06:43:50.984,1.063,1.06336,1.37,1.87
2016.02.11 06:43:51.487,1.06301,1.06336,1.50,1.00
2016.02.11 06:43:53.464,1.06303,1.06338,1.00,1.12
2016.02.11 06:43:53.616,1.06303,1.06338,1.37,1.00
2016.02.11 06:43:54.374,1.06305,1.06338,1.12,1.37
2016.02.11 06:43:56.822,1.06303,1.06338,1.87,1.50
2016.02.11 06:43:57.227,1.06303,1.06335,1.37,1.00
2016.02.11 06:43:57.278,1.06302,1.06335,1.12,1.00
2016.02.11 06:43:57.783,1.06302,1.06335,1.75,1.00
2016.02.11 06:43:58.816,1.06303,1.06335,1.12,1.00
2016.02.11 06:43:59.170,1.06303,1.06339,1.12,1.12
2016.02.11 06:44:00.595,1.06303,1.06338,1.00,1.75
2016.02.11 06:44:00.696,1.06301,1.06335,1.12,1.37
2016.02.11 06:44:00.849,1.063,1.06331,1.00,1.00
2016.02.11 06:44:00.899,1.06298,1.06331,1.00,1.12
2016.02.11 06:44:01.001,1.06297,1.0633,1.12,1.12
2016.02.11 06:44:01.314,1.06298,1.06329,1.37,1.00
2016.02.11 06:44:01.819,1.06298,1.06329,1.75,1.00
2016.02.11 06:44:02.477,1.06298,1.06329,1.50,1.00
2016.02.11 06:44:02.751,1.063,1.06333,1.75,1.00
2016.02.11 06:44:02.802,1.06301,1.06333,1.12,1.00
2016.02.11 06:44:02.904,1.063,1.06333,1.12,1.37
2016.02.11 06:44:03.005,1.06299,1.06333,1.50,1.12
2016.02.11 06:44:03.106,1.06297,1.06334,1.75,1.75
2016.02.11 06:44:03.611,1.06297,1.06333,1.37,1.12
2016.02.11 06:44:05.517,1.06301,1.06335,1.12,1.75
2016.02.11 06:44:05.770,1.06301,1.06335,1.50,1.37
2016.02.11 06:44:09.468,1.06301,1.06334,1.37,1.00
2016.02.11 06:44:10.019,1.06301,1.06334,1.12,1.37
2016.02.11 06:44:39.862,1.063,1.06333,1.87,1.37
2016.02.11 06:44:39.963,1.06296,1.06329,1.75,2.25
2016.02.11 06:44:40.166,1.06296,1.06326,1.75,1.00
2016.02.11 06:44:40.487,1.06296,1.06329,1.75,2.25
2016.02.11 06:44:41.018,1.06296,1.06327,1.75,1.00
2016.02.11 06:44:41.170,1.06293,1.06326,1.87,1.37
2016.02.11 06:44:41.473,1.06292,1.06323,1.75,1.50
2016.02.11 06:44:43.026,1.06292,1.06323,1.75,1.50
2016.02.11 06:44:45.986,1.0629,1.06322,1.12,1.00
2016.02.11 06:44:46.942,1.0629,1.06321,1.12,1.00
2016.02.11 06:44:48.344,1.0629,1.06321,1.12,1.50
2016.02.11 06:44:48.395,1.0629,1.06317,1.12,1.00
2016.02.11 06:44:48.446,1.0629,1.06317,1.12,1.00
2016.02.11 06:44:48.749,1.06284,1.06314,1.87,1.00
2016.02.11 06:44:49.265,1.06283,1.06314,1.75,2.25
2016.02.11 06:44:53.868,1.06285,1.06314,1.12,1.12
2016.02.11 06:44:54.121,1.06299,1.06326,1.37,1.00
2016.02.11 06:44:54.223,1.06303,1.06328,1.37,1.50
2016.02.11 06:44:54.273,1.06305,1.06328,1.12,1.00
2016.02.11 06:44:54.375,1.06302,1.06328,1.12,1.00
2016.02.11 06:44:54.476,1.06305,1.06332,1.12,1.00
2016.02.11 06:44:54.577,1.06305,1.06328,1.00,1.00
2016.02.11 06:44:54.721,1.06298,1.06326,1.12,1.00
2016.02.11 06:44:54.772,1.06293,1.06324,1.12,1.00
2016.02.11 06:44:54.823,1.06293,1.06322,1.12,1.00
2016.02.11 06:44:55.328,1.06291,1.0632,1.75,1.00
2016.02.11 06:44:55.682,1.06293,1.0632,1.75,1.00
2016.02.11 06:44:55.783,1.06293,1.06322,1.75,1.50
2016.02.11 06:44:56.288,1.06293,1.06322,1.75,1.00
2016.02.11 06:44:58.417,1.06293,1.06322,1.75,1.00
2016.02.11 06:44:58.676,1.06293,1.06322,1.75,1.00
2016.02.11 06:45:00.181,1.06293,1.06322,1.75,1.00
2016.02.11 06:45:00.340,1.06293,1.06322,1.75,1.00
2016.02.11 06:45:00.846,1.06293,1.06322,1.75,1.00
2016.02.11 06:45:01.503,1.06293,1.06324,1.75,1.00
2016.02.11 06:45:01.554,1.06295,1.06327,2.25,1.00
2016.02.11 06:45:01.655,1.06299,1.06327,1.12,1.00
2016.02.11 06:45:02.098,1.06299,1.06327,1.12,1.00
2016.02.11 06:45:02.149,1.06301,1.0633,1.75,1.00
2016.02.11 06:45:02.302,1.06305,1.06333,1.75,1.00
2016.02.11 06:45:03.390,1.06303,1.06333,1.12,1.00
2016.02.11 06:45:06.377,1.06305,1.06336,1.75,1.00
2016.02.11 06:45:06.701,1.06316,1.06346,1.12,1.00
2016.02.11 06:45:07.020,1.06321,1.0635,1.12,1.50
2016.02.11 06:45:07.379,1.06321,1.06347,1.12,1.00
2016.02.11 06:45:07.483,1.06321,1.06347,1.12,1.00
2016.02.11 06:45:07.989,1.06321,1.06347,1.12,1.00
2016.02.11 06:45:09.890,1.06326,1.0635,1.75,1.00
2016.02.11 06:45:09.991,1.0633,1.06353,1.12,1.00
2016.02.11 06:45:10.101,1.06328,1.06356,1.37,1.00
2016.02.11 06:45:10.203,1.0633,1.06356,1.12,1.00
2016.02.11 06:45:10.305,1.0633,1.06356,1.37,1.00
2016.02.11 06:45:10.457,1.0633,1.06356,1.12,1.00
2016.02.11 06:45:10.975,1.06334,1.06356,1.00,1.00
2016.02.11 06:45:14.203,1.06328,1.06356,1.12,1.00
2016.02.11 06:45:14.780,1.06329,1.06356,1.12,1.00
2016.02.11 06:45:14.932,1.06327,1.06356,2.25,1.00
2016.02.11 06:45:15.003,1.06327,1.06358,2.25,1.00
2016.02.11 06:45:20.042,1.06329,1.06359,1.12,1.00
2016.02.11 06:45:23.466,1.06327,1.06357,2.62,1.00
2016.02.11 06:45:25.318,1.06327,1.06357,1.50,1.00
2016.02.11 06:45:25.823,1.06327,1.06357,1.50,1.00
2016.02.11 06:45:27.535,1.06331,1.06357,1.00,1.00
2016.02.11 06:45:29.638,1.06331,1.06355,1.00,1.00
2016.02.11 06:45:30.359,1.06331,1.06355,1.37,1.00
2016.02.11 06:45:31.006,1.06331,1.06355,1.37,1.00
2016.02.11 06:45:31.664,1.06331,1.06358,1.37,1.00
2016.02.11 06:45:33.407,1.06331,1.06358,1.37,1.00
2016.02.11 06:45:34.611,1.06331,1.06358,1.50,1.00
2016.02.11 06:45:35.127,1.06331,1.06358,1.37,1.00
2016.02.11 06:45:35.531,1.06331,1.06358,1.12,1.00
2016.02.11 06:45:36.063,1.06331,1.06358,1.37,1.00
2016.02.11 06:45:36.611,1.06331,1.06358,1.12,1.00
2016.02.11 06:45:37.033,1.06331,1.06359,1.50,1.00
2016.02.11 06:45:37.084,1.06331,1.06362,1.50,1.00
2016.02.11 06:45:37.185,1.06331,1.06362,1.75,1.00
2016.02.11 06:45:37.690,1.06337,1.06362,1.00,1.00
2016.02.11 06:45:39.025,1.06336,1.06362,1.12,1.00
2016.02.11 06:45:39.581,1.06335,1.06362,1.12,1.00
2016.02.11 06:45:39.766,1.06332,1.06362,1.37,1.00
2016.02.11 06:45:39.918,1.06332,1.06358,1.37,1.00
2016.02.11 06:45:40.221,1.06328,1.06353,1.12,1.00
2016.02.11 06:45:40.322,1.06328,1.06356,1.12,1.00
2016.02.11 06:45:40.373,1.06331,1.06359,1.75,1.50
2016.02.11 06:45:40.626,1.06328,1.06357,1.12,1.00
2016.02.11 06:45:40.677,1.06328,1.06357,1.12,1.00
2016.02.11 06:45:41.233,1.06328,1.06357,1.12,1.00
2016.02.11 06:45:41.738,1.06328,1.06358,1.12,1.00
2016.02.11 06:45:42.073,1.06328,1.06356,1.12,1.00
2016.02.11 06:45:42.124,1.06328,1.06356,1.12,1.00
2016.02.11 06:45:42.641,1.06328,1.06356,1.12,1.00
2016.02.11 06:45:43.659,1.06328,1.06356,1.37,1.00
2016.02.11 06:45:46.156,1.06328,1.06356,1.12,1.00
2016.02.11 06:45:46.661,1.06328,1.06356,1.12,1.00
2016.02.11 06:45:47.240,1.06328,1.06358,1.12,1.00
2016.02.11 06:45:48.036,1.06328,1.06356,1.12,1.00
2016.02.11 06:45:48.137,1.06328,1.06356,1.37,1.00
2016.02.11 06:45:48.289,1.06326,1.06356,1.75,1.00
2016.02.11 06:45:48.614,1.06329,1.06358,1.75,1.37
2016.02.11 06:45:48.953,1.06333,1.06361,1.75,1.00
2016.02.11 06:45:49.467,1.06334,1.06363,1.75,1.50
2016.02.11 06:45:49.771,1.06334,1.06363,1.87,1.00
2016.02.11 06:45:50.377,1.06334,1.06366,1.87,1.00
2016.02.11 06:45:50.822,1.06337,1.06366,1.75,1.00
2016.02.11 06:45:51.128,1.06339,1.0637,1.75,1.50
2016.02.11 06:45:51.381,1.06339,1.06368,1.87,1.00
2016.02.11 06:45:51.433,1.06339,1.06371,2.62,1.00
2016.02.11 06:45:51.585,1.06339,1.06371,1.87,1.00
2016.02.11 06:45:51.796,1.06339,1.06367,1.75,1.00
2016.02.11 06:45:52.101,1.06336,1.06365,1.75,1.00
2016.02.11 06:45:52.974,1.06333,1.06365,1.12,1.00
2016.02.11 06:45:53.076,1.06333,1.06362,1.12,1.00
2016.02.11 06:45:53.329,1.0633,1.06362,1.75,1.00
2016.02.11 06:45:53.836,1.0633,1.06361,1.75,1.00
2016.02.11 06:45:54.313,1.0633,1.06361,1.75,1.00
2016.02.11 06:45:54.869,1.0633,1.06363,2.25,1.00
2016.02.11 06:45:55.293,1.06331,1.06363,1.75,1.00
2016.02.11 06:45:55.947,1.0633,1.06361,1.75,1.00
2016.02.11 06:45:56.250,1.06326,1.06361,1.75,1.00
2016.02.11 06:45:56.545,1.06327,1.06361,1.75,1.00
2016.02.11 06:45:56.848,1.06327,1.06361,1.75,1.00
2016.02.11 06:45:56.950,1.06328,1.06361,1.12,1.00
2016.02.11 06:45:57.405,1.06331,1.06361,3.75,1.00
2016.02.11 06:45:57.929,1.0633,1.06359,3.75,1.00
2016.02.11 06:45:57.980,1.06328,1.06359,1.00,1.00
2016.02.11 06:45:59.758,1.06327,1.06359,1.00,1.00
2016.02.11 06:46:00.263,1.06326,1.06359,1.00,1.00
2016.02.11 06:46:02.201,1.06327,1.06359,1.00,1.00
2016.02.11 06:46:03.020,1.06327,1.06356,1.00,1.00
2016.02.11 06:46:08.041,1.06327,1.06358,1.00,1.00
2016.02.11 06:46:08.495,1.06325,1.06358,1.00,1.00
2016.02.11 06:46:09.695,1.06324,1.06358,1.50,1.00
2016.02.11 06:46:12.323,1.06327,1.06358,1.00,1.00
2016.02.11 06:46:13.857,1.06325,1.06358,1.12,1.00
2016.02.11 06:46:15.185,1.06327,1.06358,1.00,1.00
2016.02.11 06:46:15.489,1.06327,1.06358,2.25,1.00
2016.02.11 06:46:15.691,1.06327,1.06361,2.25,1.00
2016.02.11 06:46:16.145,1.06329,1.06359,1.50,1.00
2016.02.11 06:46:16.348,1.06327,1.06359,1.00,1.00
2016.02.11 06:46:19.268,1.06328,1.06359,1.00,1.00
2016.02.11 06:46:19.420,1.06329,1.06361,1.00,1.50
2016.02.11 06:46:20.109,1.0633,1.06361,1.00,1.00
2016.02.11 06:46:20.362,1.06327,1.06361,1.00,1.00
2016.02.11 06:46:20.515,1.06327,1.06358,1.00,1.00
2016.02.11 06:46:21.045,1.06326,1.06358,1.00,1.00
2016.02.11 06:46:21.777,1.06325,1.06358,1.00,1.00
2016.02.11 06:46:22.317,1.06326,1.06358,1.00,1.00
2016.02.11 06:46:22.974,1.06328,1.06358,1.00,1.00
2016.02.11 06:46:23.478,1.06327,1.06358,1.00,1.00
2016.02.11 06:46:24.876,1.06328,1.06358,1.00,1.00
2016.02.11 06:46:25.382,1.06327,1.06358,1.00,1.00
2016.02.11 06:46:25.534,1.0633,1.06362,1.00,1.50
2016.02.11 06:46:26.058,1.06329,1.06362,1.00,1.00
2016.02.11 06:46:26.563,1.06329,1.06362,1.00,1.75
2016.02.11 06:46:26.614,1.06327,1.06362,1.00,1.75
2016.02.11 06:46:27.136,1.06325,1.06362,1.50,1.75
2016.02.11 06:46:27.390,1.06328,1.06362,1.00,1.75
2016.02.11 06:46:27.921,1.06328,1.06362,1.00,1.75
2016.02.11 06:46:28.874,1.06328,1.06357,1.00,1.75
2016.02.11 06:46:28.925,1.06324,1.06353,1.75,1.75
2016.02.11 06:46:28.976,1.06324,1.06353,1.75,1.75
2016.02.11 06:46:29.077,1.06323,1.06353,1.00,1.75
2016.02.11 06:46:29.280,1.0632,1.0635,1.00,1.75
2016.02.11 06:46:29.798,1.06319,1.0635,1.00,1.37
2016.02.11 06:46:30.303,1.06319,1.0635,1.00,1.50
2016.02.11 06:46:31.852,1.0632,1.06352,1.00,1.75
2016.02.11 06:46:32.004,1.06322,1.06352,1.00,1.75
2016.02.11 06:46:32.055,1.06322,1.06356,1.00,2.25
2016.02.11 06:46:32.619,1.06323,1.06356,1.00,2.25
2016.02.11 06:46:33.148,1.06322,1.06356,1.50,2.25
2016.02.11 06:46:34.178,1.06325,1.06356,1.00,1.75
2016.02.11 06:46:34.639,1.0633,1.06359,1.00,2.25
2016.02.11 06:46:34.690,1.0633,1.06359,1.00,2.25
2016.02.11 06:46:34.892,1.06327,1.06359,1.00,1.75
2016.02.11 06:46:35.044,1.06327,1.06359,1.00,1.75
2016.02.11 06:46:35.195,1.06325,1.06355,1.50,1.50
2016.02.11 06:46:37.268,1.06326,1.06358,1.00,2.25
2016.02.11 06:46:37.319,1.06329,1.0636,1.00,1.00
2016.02.11 06:46:37.422,1.06329,1.0636,1.50,1.75
2016.02.11 06:46:37.574,1.06329,1.0636,1.00,1.50
2016.02.11 06:46:37.676,1.06329,1.0636,2.25,1.12
2016.02.11 06:46:38.085,1.06332,1.06363,1.00,1.37
2016.02.11 06:46:38.287,1.06332,1.06363,1.75,1.12
2016.02.11 06:46:38.602,1.06331,1.06355,1.12,1.00
2016.02.11 06:46:38.703,1.06329,1.06352,1.75,1.00
2016.02.11 06:46:38.869,1.06326,1.06352,1.00,1.00
2016.02.11 06:46:42.043,1.06327,1.06352,1.00,1.00
2016.02.11 06:46:43.919,1.06327,1.06353,1.00,1.00
2016.02.11 06:46:44.460,1.06326,1.06353,1.00,1.00
2016.02.11 06:46:48.993,1.06326,1.06352,1.00,1.00
2016.02.11 06:46:53.188,1.06325,1.06352,1.00,1.00
2016.02.11 06:46:56.337,1.06325,1.06353,1.12,1.00
2016.02.11 06:46:56.489,1.06329,1.06361,1.37,1.75
2016.02.11 06:46:56.540,1.0633,1.06361,1.87,1.00
2016.02.11 06:46:56.692,1.06333,1.06363,1.12,1.00
2016.02.11 06:46:56.895,1.06333,1.06361,1.87,1.00
2016.02.11 06:47:02.343,1.06332,1.0636,1.37,1.00
2016.02.11 06:47:11.854,1.06331,1.0636,1.75,1.00
2016.02.11 06:47:12.910,1.06331,1.06361,1.75,1.00
2016.02.11 06:47:13.178,1.06331,1.06361,1.00,1.00
2016.02.11 06:47:17.923,1.06331,1.0636,1.00,1.00
2016.02.11 06:47:18.123,1.06331,1.06353,1.00,1.00
2016.02.11 06:47:18.176,1.06331,1.06357,1.00,1.12
2016.02.11 06:47:18.229,1.06328,1.06357,1.37,1.00
2016.02.11 06:47:18.584,1.06331,1.06358,1.00,1.00
2016.02.11 06:47:19.131,1.06331,1.06358,1.50,1.00
2016.02.11 06:47:20.182,1.06331,1.06358,1.00,1.00
2016.02.11 06:47:23.233,1.06331,1.0636,1.00,1.00
2016.02.11 06:47:24.657,1.06328,1.06356,1.37,1.00
2016.02.11 06:47:24.790,1.06326,1.06355,1.00,1.12
2016.02.11 06:47:25.306,1.06325,1.06355,1.00,1.37
2016.02.11 06:47:26.523,1.06325,1.06355,1.00,1.00
2016.02.11 06:47:28.022,1.06325,1.06355,1.00,1.37
2016.02.11 06:47:29.125,1.06325,1.06355,1.00,1.50
2016.02.11 06:47:29.633,1.06325,1.06355,1.00,1.75
2016.02.11 06:47:30.013,1.06325,1.06354,1.00,1.12
2016.02.11 06:47:30.219,1.06327,1.06354,1.00,1.00
2016.02.11 06:47:30.473,1.06327,1.06356,1.12,1.87
2016.02.11 06:47:30.979,1.06328,1.06356,1.00,1.87
2016.02.11 06:47:31.459,1.06328,1.06354,1.50,1.37
2016.02.11 06:47:31.787,1.06325,1.06354,1.75,1.75
2016.02.11 06:47:31.889,1.06325,1.06354,1.75,1.50
2016.02.11 06:47:31.990,1.06325,1.06354,1.00,1.87
2016.02.11 06:47:32.497,1.06325,1.06354,1.00,1.50
2016.02.11 06:47:32.892,1.06326,1.06351,1.00,1.00
2016.02.11 06:47:33.398,1.06325,1.06351,1.00,1.37
2016.02.11 06:47:33.449,1.06322,1.06351,1.87,1.37
2016.02.11 06:47:36.437,1.0632,1.06344,1.50,1.00
2016.02.11 06:47:36.539,1.06318,1.06344,1.50,1.37
2016.02.11 06:47:36.650,1.06318,1.06344,1.00,1.00
2016.02.11 06:47:36.752,1.06318,1.06344,1.00,1.50
2016.02.11 06:47:36.803,1.06315,1.06344,1.00,1.50
2016.02.11 06:47:36.854,1.06315,1.06344,1.00,1.37
2016.02.11 06:47:37.696,1.06315,1.06344,1.00,1.37
2016.02.11 06:47:38.797,1.06315,1.06344,1.00,1.37
2016.02.11 06:47:41.454,1.06315,1.06342,1.00,1.00
2016.02.11 06:47:44.757,1.06315,1.06342,1.00,1.75
2016.02.11 06:47:45.395,1.06315,1.06342,1.00,1.75
2016.02.11 06:47:46.494,1.06315,1.06342,1.00,1.00
2016.02.11 06:47:48.602,1.06315,1.06342,1.00,1.37
2016.02.11 06:47:48.980,1.06315,1.06345,1.00,1.37
2016.02.11 06:47:51.339,1.06315,1.06345,1.37,1.00
2016.02.11 06:47:51.593,1.06315,1.06345,1.00,1.37
2016.02.11 06:47:53.459,1.06315,1.06345,1.00,1.12
2016.02.11 06:47:57.623,1.06315,1.06345,1.87,1.00
2016.02.11 06:48:02.702,1.06315,1.06345,1.50,1.00
2016.02.11 06:48:04.702,1.06315,1.06345,1.87,1.00
2016.02.11 06:48:07.767,1.06315,1.06345,1.87,1.00
2016.02.11 06:48:10.275,1.06315,1.06345,2.25,1.00
2016.02.11 06:48:10.477,1.06318,1.06348,1.37,1.00
2016.02.11 06:48:10.579,1.06318,1.0635,1.37,1.00
2016.02.11 06:48:10.630,1.06318,1.0635,1.37,1.00
2016.02.11 06:48:10.680,1.0632,1.06352,1.37,1.00
2016.02.11 06:48:10.731,1.06323,1.06354,1.00,1.00
2016.02.11 06:48:11.035,1.06325,1.06355,1.00,1.00
2016.02.11 06:48:11.688,1.06326,1.06355,1.00,1.00
2016.02.11 06:48:12.247,1.06326,1.06355,1.75,1.12
2016.02.11 06:48:14.316,1.06327,1.06353,1.37,1.00
2016.02.11 06:48:14.367,1.06326,1.06353,1.00,1.00
2016.02.11 06:48:14.469,1.06324,1.06353,1.00,1.50
2016.02.11 06:48:14.974,1.0632,1.06353,1.50,2.25
2016.02.11 06:48:15.479,1.06321,1.06353,1.75,1.50
2016.02.11 06:48:15.580,1.0632,1.06353,1.37,1.87
2016.02.11 06:48:15.631,1.0632,1.06349,1.00,1.00
2016.02.11 06:48:15.948,1.06314,1.0634,1.00,1.00
2016.02.11 06:48:16.150,1.06314,1.06343,1.00,1.00
2016.02.11 06:48:16.655,1.06311,1.06342,1.75,1.00
2016.02.11 06:48:17.677,1.06313,1.06343,3.00,1.00
2016.02.11 06:48:19.254,1.06315,1.06346,1.12,1.00
2016.02.11 06:48:19.759,1.06316,1.06346,1.00,1.00
2016.02.11 06:48:19.810,1.06318,1.06346,1.00,1.00
2016.02.11 06:48:19.912,1.06316,1.06346,1.00,1.00
2016.02.11 06:48:22.424,1.06316,1.06346,1.87,1.00
2016.02.11 06:48:22.525,1.06316,1.06346,1.50,1.00
2016.02.11 06:48:24.286,1.06316,1.06348,1.50,1.00
2016.02.11 06:48:24.813,1.06317,1.06348,1.00,1.00
2016.02.11 06:48:32.447,1.06316,1.06348,1.50,1.00
2016.02.11 06:48:35.948,1.06316,1.06347,1.50,1.00
2016.02.11 06:48:36.050,1.06317,1.06347,1.12,1.00
2016.02.11 06:48:36.101,1.0632,1.06349,1.12,1.00
2016.02.11 06:48:36.152,1.0632,1.06349,1.50,1.00
2016.02.11 06:48:36.501,1.06329,1.06355,1.00,1.00
2016.02.11 06:48:36.552,1.06323,1.06355,1.50,1.00
2016.02.11 06:48:36.754,1.06327,1.06355,1.12,1.00
2016.02.11 06:48:39.143,1.06328,1.06355,1.00,1.00
2016.02.11 06:48:39.294,1.06328,1.06357,1.00,1.00
2016.02.11 06:48:39.800,1.06329,1.06357,1.00,1.00
2016.02.11 06:48:40.490,1.06327,1.06357,1.87,1.00
2016.02.11 06:48:40.592,1.06329,1.06357,1.00,1.00
2016.02.11 06:48:40.795,1.06327,1.06357,1.12,1.00
2016.02.11 06:48:41.048,1.06329,1.06357,1.00,1.00
2016.02.11 06:48:42.261,1.06327,1.06357,1.87,1.00
2016.02.11 06:48:42.767,1.06328,1.06357,1.00,1.00
2016.02.11 06:48:43.273,1.06327,1.06357,1.87,1.00
2016.02.11 06:48:43.790,1.06327,1.06357,2.25,1.00
2016.02.11 06:48:44.330,1.06327,1.06356,1.50,1.00
2016.02.11 06:48:44.836,1.06327,1.06356,2.25,1.00
2016.02.11 06:48:46.189,1.06328,1.06356,1.00,1.00
2016.02.11 06:48:46.341,1.06328,1.06359,1.00,1.50
2016.02.11 06:48:46.809,1.06331,1.06359,1.00,1.00
2016.02.11 06:48:47.265,1.06331,1.06362,1.00,1.50
2016.02.11 06:48:47.316,1.06329,1.0636,1.12,1.00
2016.02.11 06:48:47.366,1.06331,1.06363,1.12,1.50
2016.02.11 06:48:47.680,1.06338,1.06366,1.50,1.00
2016.02.11 06:48:47.781,1.06338,1.06366,1.50,1.00
2016.02.11 06:48:48.157,1.06338,1.06368,1.50,1.00
2016.02.11 06:48:48.673,1.06337,1.06368,1.87,1.00
2016.02.11 06:48:49.809,1.06337,1.06368,1.87,1.00
2016.02.11 06:48:51.568,1.06335,1.06368,1.87,1.00
2016.02.11 06:48:52.073,1.06335,1.06368,1.50,1.00
2016.02.11 06:48:52.724,1.06335,1.06368,2.62,1.00
2016.02.11 06:48:53.274,1.06335,1.06367,2.62,1.00
2016.02.11 06:48:54.278,1.06335,1.06367,2.62,1.00
2016.02.11 06:48:54.835,1.06338,1.06367,1.37,1.00
2016.02.11 06:48:58.190,1.06338,1.06366,1.37,1.00
2016.02.11 06:49:03.307,1.06338,1.06365,1.37,1.00
2016.02.11 06:49:08.525,1.06338,1.06364,1.37,1.00
2016.02.11 06:49:14.839,1.06335,1.06364,1.75,1.00
2016.02.11 06:49:15.210,1.06337,1.06364,1.37,1.00
2016.02.11 06:49:18.464,1.06335,1.06364,1.75,1.00
2016.02.11 06:49:18.717,1.06337,1.06365,1.37,1.00
2016.02.11 06:49:20.665,1.06335,1.06365,1.75,1.00
2016.02.11 06:49:22.647,1.06335,1.06365,1.12,1.00
2016.02.11 06:49:23.425,1.06335,1.06365,1.75,1.00
2016.02.11 06:49:23.927,1.06337,1.06364,1.00,1.00
2016.02.11 06:49:27.600,1.06335,1.06364,1.12,1.00
2016.02.11 06:49:27.752,1.06336,1.06367,1.75,1.50
2016.02.11 06:49:27.854,1.06337,1.06367,1.50,1.50
2016.02.11 06:49:27.956,1.06336,1.06367,1.50,1.00
2016.02.11 06:49:28.473,1.06335,1.06367,2.25,1.00
2016.02.11 06:49:29.906,1.06337,1.06367,1.12,1.00
2016.02.11 06:49:30.256,1.06337,1.06363,1.12,1.00
2016.02.11 06:49:32.665,1.06333,1.06363,1.87,1.00
2016.02.11 06:49:34.020,1.06335,1.06363,1.75,1.00
2016.02.11 06:49:34.223,1.06335,1.06363,1.75,1.00
2016.02.11 06:49:35.226,1.06335,1.06361,1.75,1.00
2016.02.11 06:49:35.961,1.06335,1.06361,1.50,1.00
2016.02.11 06:49:36.197,1.06335,1.06361,1.75,1.00
2016.02.11 06:49:37.941,1.06335,1.06361,1.50,1.00
2016.02.11 06:49:38.194,1.06335,1.06361,1.75,1.00
2016.02.11 06:49:38.814,1.06335,1.06361,1.75,1.00
2016.02.11 06:49:40.073,1.06335,1.06361,1.50,1.00
2016.02.11 06:49:40.275,1.06335,1.06363,1.50,1.00
2016.02.11 06:49:40.807,1.06335,1.06363,1.75,1.00
2016.02.11 06:49:41.061,1.06335,1.0636,1.75,1.00
2016.02.11 06:49:41.162,1.06335,1.0636,1.12,1.00
2016.02.11 06:49:41.315,1.06332,1.0636,1.37,1.00
2016.02.11 06:49:41.366,1.06328,1.06357,1.87,1.00
2016.02.11 06:49:41.669,1.06328,1.06355,1.87,1.00
2016.02.11 06:49:41.720,1.06328,1.06358,1.50,1.12
2016.02.11 06:49:41.771,1.06332,1.06358,1.00,1.50
2016.02.11 06:49:42.115,1.06334,1.06361,1.37,1.00
2016.02.11 06:49:44.430,1.06332,1.06361,1.12,1.12
2016.02.11 06:49:49.781,1.06334,1.06361,1.00,1.50
2016.02.11 06:49:49.983,1.0633,1.06361,2.62,1.50
2016.02.11 06:49:50.335,1.06331,1.06361,1.50,1.50
2016.02.11 06:49:50.399,1.06331,1.06361,1.87,1.50
2016.02.11 06:49:50.932,1.0633,1.06361,1.75,1.87
2016.02.11 06:49:53.143,1.0633,1.06357,1.75,1.00
2016.02.11 06:49:55.782,1.0633,1.06361,1.75,1.87
2016.02.11 06:49:56.459,1.06332,1.06361,1.37,1.50
2016.02.11 06:49:56.764,1.06334,1.06361,1.12,1.00
2016.02.11 06:49:57.291,1.06335,1.06362,1.50,1.00
2016.02.11 06:49:58.415,1.06335,1.06362,1.87,1.00
2016.02.11 06:49:58.957,1.06335,1.06361,1.87,1.00
2016.02.11 06:49:59.468,1.06333,1.06361,1.75,1.00
2016.02.11 06:49:59.721,1.06333,1.06361,1.12,1.00
2016.02.11 06:49:59.975,1.06333,1.06361,1.50,1.00
2016.02.11 06:50:00.521,1.06333,1.06361,2.25,1.00
2016.02.11 06:50:01.026,1.06333,1.06361,1.50,1.00
2016.02.11 06:50:03.940,1.06332,1.06361,1.37,1.50
2016.02.11 06:50:04.042,1.0633,1.06358,1.75,1.00
2016.02.11 06:50:08.144,1.0633,1.06358,1.50,1.00
2016.02.11 06:50:08.663,1.0633,1.06358,1.37,1.00
2016.02.11 06:50:08.963,1.0633,1.06361,1.75,1.00
2016.02.11 06:50:09.065,1.0633,1.06361,1.75,1.00
2016.02.11 06:50:09.167,1.06334,1.06364,1.75,1.00
2016.02.11 06:50:09.273,1.06337,1.06367,1.50,1.50
2016.02.11 06:50:09.324,1.06338,1.06367,1.37,1.50
2016.02.11 06:50:09.641,1.06339,1.06367,1.75,1.50
2016.02.11 06:50:09.867,1.06339,1.06367,1.37,1.50
2016.02.11 06:50:11.626,1.06339,1.06367,1.37,1.00
2016.02.11 06:50:11.929,1.0634,1.0637,1.37,1.00
2016.02.11 06:50:12.447,1.06342,1.0637,1.00,1.00
2016.02.11 06:50:12.980,1.06342,1.0637,1.37,1.00
2016.02.11 06:50:14.384,1.06342,1.0637,1.12,1.00
2016.02.11 06:50:16.074,1.06345,1.0637,1.00,1.00
2016.02.11 06:50:16.643,1.06342,1.0637,1.00,1.00
2016.02.11 06:50:16.846,1.06339,1.06367,1.75,1.00
2016.02.11 06:50:16.948,1.06339,1.06367,1.00,1.00
2016.02.11 06:50:17.251,1.06335,1.06367,2.62,1.00
2016.02.11 06:50:18.754,1.06335,1.06367,2.25,1.37
2016.02.11 06:50:18.906,1.06335,1.06364,1.37,1.00
2016.02.11 06:50:23.621,1.06335,1.06368,1.87,1.00
2016.02.11 06:50:23.673,1.06339,1.06368,1.00,1.00
2016.02.11 06:50:24.010,1.06342,1.06369,1.12,1.00
2016.02.11 06:50:24.326,1.06343,1.06369,1.37,1.00
2016.02.11 06:50:24.377,1.06343,1.06371,1.50,1.00
2016.02.11 06:50:24.428,1.06348,1.06371,1.00,1.00
2016.02.11 06:50:24.936,1.06344,1.06371,1.75,1.00
2016.02.11 06:50:25.138,1.06344,1.06371,1.37,1.00
2016.02.11 06:50:25.264,1.06343,1.06369,1.00,1.00
2016.02.11 06:50:25.466,1.06336,1.06365,1.87,1.00
2016.02.11 06:50:26.338,1.06337,1.06368,1.00,1.50
2016.02.11 06:50:27.196,1.06336,1.06365,1.50,1.00
2016.02.11 06:50:27.791,1.06336,1.06365,1.12,1.00
2016.02.11 06:50:32.834,1.06335,1.06365,1.87,1.00
2016.02.11 06:50:35.811,1.06335,1.06365,1.50,1.00
2016.02.11 06:50:36.114,1.06335,1.06365,1.50,1.00
2016.02.11 06:50:36.622,1.06335,1.06365,1.50,1.00
2016.02.11 06:50:37.348,1.06335,1.06363,1.50,1.00
2016.02.11 06:50:38.346,1.06335,1.06363,1.50,1.00
2016.02.11 06:50:38.598,1.06335,1.06366,2.25,1.00
2016.02.11 06:50:40.438,1.06336,1.06366,1.50,1.00
2016.02.11 06:50:42.415,1.06337,1.06366,1.50,1.00
2016.02.11 06:50:42.518,1.0634,1.06368,1.00,1.00
2016.02.11 06:50:42.569,1.0634,1.0637,1.00,1.12
2016.02.11 06:50:42.620,1.0634,1.0637,1.37,1.00
2016.02.11 06:50:43.154,1.0634,1.06374,1.87,1.12
2016.02.11 06:50:43.660,1.06342,1.06374,1.12,1.12
2016.02.11 06:50:45.149,1.0634,1.06374,2.25,2.25
2016.02.11 06:50:48.698,1.0634,1.06374,1.50,1.87
2016.02.11 06:50:49.216,1.0634,1.06374,1.50,2.25
2016.02.11 06:50:50.690,1.0634,1.06374,1.87,1.87
2016.02.11 06:50:50.791,1.0634,1.06374,1.50,2.25
2016.02.11 06:50:51.425,1.0634,1.06374,1.87,1.87
2016.02.11 06:50:51.879,1.0634,1.06374,1.50,2.25
2016.02.11 06:50:52.212,1.0634,1.06374,1.87,1.87
2016.02.11 06:50:52.954,1.0634,1.06374,1.50,3.00
2016.02.11 06:50:56.616,1.0634,1.06374,1.87,1.87
2016.02.11 06:50:58.880,1.0634,1.06374,1.50,2.25
2016.02.11 06:51:02.320,1.0634,1.06374,1.50,2.25
2016.02.11 06:51:03.130,1.06343,1.06374,1.00,2.25
2016.02.11 06:51:03.465,1.06344,1.06374,1.50,1.37
2016.02.11 06:51:03.771,1.06348,1.06376,1.00,1.00
2016.02.11 06:51:03.873,1.06348,1.06376,2.62,1.00
2016.02.11 06:51:04.087,1.06349,1.06376,1.00,1.00
2016.02.11 06:51:04.594,1.06348,1.06376,1.00,1.00
2016.02.11 06:51:04.864,1.06347,1.06374,1.00,1.00
2016.02.11 06:51:05.067,1.06345,1.06374,1.00,1.00
2016.02.11 06:51:05.956,1.06342,1.06373,3.00,1.00
2016.02.11 06:51:06.663,1.06347,1.06373,1.00,1.00
2016.02.11 06:51:07.167,1.06347,1.06374,1.00,1.00
2016.02.11 06:51:14.376,1.06347,1.06377,1.50,1.00
2016.02.11 06:51:14.578,1.06352,1.06377,1.00,1.00
2016.02.11 06:51:16.200,1.06348,1.06377,1.87,1.00
2016.02.11 06:51:17.689,1.06348,1.06379,2.95,1.00
2016.02.11 06:51:17.891,1.06351,1.06379,1.00,1.00
2016.02.11 06:51:18.520,1.06351,1.06379,2.25,1.00
2016.02.11 06:51:18.621,1.06351,1.06379,1.00,1.00
2016.02.11 06:51:18.773,1.06349,1.06379,1.00,1.00
2016.02.11 06:51:19.178,1.06349,1.06377,1.12,1.00
2016.02.11 06:51:19.483,1.06349,1.06377,1.87,1.00
2016.02.11 06:51:19.584,1.06349,1.06377,1.50,1.00
2016.02.11 06:51:20.313,1.06349,1.06381,1.50,1.87
2016.02.11 06:51:20.414,1.06355,1.06378,1.00,1.00
2016.02.11 06:51:20.617,1.06355,1.06382,1.00,1.00
2016.02.11 06:51:20.667,1.06356,1.06378,1.00,1.00
2016.02.11 06:51:21.378,1.06355,1.06382,1.82,1.00
2016.02.11 06:51:21.479,1.06355,1.06379,1.00,1.00
2016.02.11 06:51:24.219,1.06353,1.06379,2.25,1.00
2016.02.11 06:51:24.337,1.06353,1.06382,2.25,1.00
2016.02.11 06:51:24.388,1.06353,1.06378,1.00,1.00
2016.02.11 06:51:24.501,1.0635,1.06378,1.50,1.50
2016.02.11 06:51:27.402,1.06352,1.06378,1.00,1.50
2016.02.11 06:51:31.452,1.0635,1.06378,1.87,1.00
2016.02.11 06:51:33.662,1.0635,1.0638,1.87,1.00
2016.02.11 06:51:36.920,1.0635,1.06382,1.37,1.00
2016.02.11 06:51:37.969,1.06351,1.06379,1.12,1.00
2016.02.11 06:51:43.448,1.06351,1.06382,1.87,1.50
2016.02.11 06:51:44.942,1.06349,1.06382,3.37,1.50
2016.02.11 06:51:45.043,1.06349,1.06382,2.62,2.25
2016.02.11 06:51:45.145,1.06349,1.06382,1.12,1.87
2016.02.11 06:51:45.246,1.06349,1.06378,1.12,1.00
2016.02.11 06:51:47.262,1.06349,1.06378,1.87,1.00
2016.02.11 06:51:48.572,1.06349,1.06381,1.87,1.12
2016.02.11 06:51:58.747,1.06351,1.06379,1.00,1.00
2016.02.11 06:52:00.429,1.06349,1.06379,1.50,1.75
2016.02.11 06:52:00.581,1.06346,1.06378,1.00,2.25
2016.02.11 06:52:00.632,1.06346,1.06378,1.50,1.50
2016.02.11 06:52:00.935,1.06346,1.06378,1.00,2.25
2016.02.11 06:52:01.979,1.06346,1.06374,1.00,1.37
2016.02.11 06:52:03.853,1.06343,1.06374,2.25,1.37
2016.02.11 06:52:09.542,1.06343,1.06375,1.75,1.37
2016.02.11 06:52:12.983,1.06343,1.06376,1.75,2.25
2016.02.11 06:52:14.413,1.06344,1.06376,1.12,1.50
2016.02.11 06:52:14.615,1.06347,1.06376,1.12,1.00
2016.02.11 06:52:14.717,1.06347,1.06378,1.87,1.00
2016.02.11 06:52:25.028,1.06347,1.06378,1.50,1.00
2016.02.11 06:52:25.571,1.06347,1.06377,1.50,1.00
2016.02.11 06:52:28.369,1.06347,1.06377,1.37,1.00
2016.02.11 06:52:29.580,1.06347,1.06377,1.00,1.00
2016.02.11 06:52:30.847,1.06347,1.06379,1.00,1.00
2016.02.11 06:52:31.353,1.06347,1.06379,1.87,1.00
2016.02.11 06:52:32.191,1.06347,1.06379,1.12,1.12
2016.02.11 06:52:32.444,1.06347,1.06379,1.00,1.75
2016.02.11 06:52:36.200,1.06347,1.06379,1.00,1.75
2016.02.11 06:52:38.673,1.06348,1.06379,1.00,1.75
2016.02.11 06:52:39.223,1.06347,1.06379,1.00,1.75
2016.02.11 06:52:39.477,1.0635,1.06381,1.50,1.87
2016.02.11 06:52:39.982,1.0635,1.0638,1.00,1.12
2016.02.11 06:52:40.155,1.0635,1.0638,1.00,1.37
2016.02.11 06:52:40.683,1.0635,1.0638,1.00,1.37
2016.02.11 06:52:43.349,1.0635,1.0638,1.00,1.12
2016.02.11 06:52:45.610,1.0635,1.0638,1.00,1.37
2016.02.11 06:52:46.111,1.0635,1.0638,1.00,1.12
2016.02.11 06:52:49.737,1.0635,1.06377,1.00,1.00
2016.02.11 06:52:59.984,1.0635,1.06378,1.00,1.00
2016.02.11 06:53:03.904,1.0635,1.06381,1.00,1.00
2016.02.11 06:53:04.006,1.0635,1.06381,1.50,1.00
2016.02.11 06:53:08.922,1.0635,1.0638,1.50,1.00
2016.02.11 06:53:10.737,1.0635,1.0638,1.00,1.00
2016.02.11 06:53:11.141,1.0635,1.06377,1.00,1.00
2016.02.11 06:53:11.577,1.0635,1.06377,1.50,1.00
2016.02.11 06:53:12.688,1.0635,1.06377,1.75,1.00
2016.02.11 06:53:14.416,1.0635,1.06377,1.50,1.00
2016.02.11 06:53:14.941,1.0635,1.06377,1.37,1.00
2016.02.11 06:53:15.093,1.0635,1.06377,1.75,1.00
2016.02.11 06:53:15.617,1.0635,1.06377,1.50,1.00
2016.02.11 06:53:16.300,1.0635,1.06378,1.50,1.00
2016.02.11 06:53:17.315,1.0635,1.06378,1.37,1.00
2016.02.11 06:53:17.518,1.0635,1.06378,1.75,1.00
2016.02.11 06:53:17.838,1.0635,1.06378,1.75,1.00
2016.02.11 06:53:18.751,1.0635,1.06378,1.75,1.00
2016.02.11 06:53:21.566,1.0635,1.06379,1.75,1.00
2016.02.11 06:53:24.025,1.0635,1.06379,1.75,1.00
2016.02.11 06:53:26.201,1.0635,1.06379,1.75,1.00
2016.02.11 06:53:26.492,1.0635,1.06379,1.50,1.00
2016.02.11 06:53:26.644,1.0635,1.06379,1.75,1.00
2016.02.11 06:53:27.186,1.0635,1.06379,1.75,1.00
2016.02.11 06:53:31.667,1.0635,1.0638,1.75,1.00
2016.02.11 06:53:36.916,1.0635,1.06378,1.50,1.00
2016.02.11 06:53:38.773,1.0635,1.06378,1.50,1.00
2016.02.11 06:53:40.439,1.06349,1.06378,1.12,1.00
2016.02.11 06:53:40.946,1.06349,1.06378,1.00,1.00
2016.02.11 06:53:41.300,1.06348,1.06376,1.00,1.00
2016.02.11 06:53:41.603,1.06346,1.06376,1.00,1.00
2016.02.11 06:53:41.856,1.06345,1.06376,1.00,1.75
2016.02.11 06:53:42.199,1.06351,1.06375,1.00,1.00
2016.02.11 06:53:42.251,1.06349,1.06375,1.50,1.00
2016.02.11 06:53:42.757,1.0635,1.06375,1.50,1.00
2016.02.11 06:53:43.212,1.06352,1.06375,1.00,1.00
2016.02.11 06:53:43.479,1.0635,1.06375,1.00,1.00
2016.02.11 06:53:43.633,1.0635,1.06377,1.00,1.00
2016.02.11 06:53:43.734,1.0635,1.06379,1.00,1.00
2016.02.11 06:53:44.248,1.06351,1.06379,1.00,1.00
2016.02.11 06:53:44.350,1.06353,1.06379,1.00,1.00
2016.02.11 06:53:44.573,1.0635,1.06379,1.00,1.00
2016.02.11 06:53:44.775,1.06348,1.06379,1.12,1.37
2016.02.11 06:53:44.826,1.06348,1.06379,1.12,1.75
2016.02.11 06:53:49.307,1.06345,1.06378,1.75,1.75
2016.02.11 06:53:49.604,1.06345,1.06377,1.00,1.12
2016.02.11 06:53:49.655,1.06345,1.06377,1.00,1.12
2016.02.11 06:53:51.016,1.06346,1.06378,1.00,1.75
2016.02.11 06:53:51.420,1.06341,1.0637,1.00,1.00
2016.02.11 06:53:55.130,1.06341,1.06369,1.00,1.00
2016.02.11 06:53:55.181,1.06341,1.06367,1.00,1.75
2016.02.11 06:53:55.314,1.06341,1.06367,1.00,1.50
2016.02.11 06:53:55.567,1.06337,1.06367,1.00,1.37
2016.02.11 06:53:55.719,1.06337,1.06367,1.50,1.75
2016.02.11 06:53:55.821,1.06337,1.06367,1.50,1.37
2016.02.11 06:53:55.922,1.06337,1.06367,1.00,1.75
2016.02.11 06:53:56.225,1.06337,1.06367,1.00,1.75
2016.02.11 06:53:58.285,1.06337,1.06367,1.00,1.75
2016.02.11 06:53:58.767,1.06337,1.06367,1.00,1.75
2016.02.11 06:53:59.071,1.06332,1.06364,1.12,1.75
2016.02.11 06:53:59.896,1.06332,1.06364,1.12,1.75
2016.02.11 06:54:00.425,1.06332,1.06364,1.12,1.75
2016.02.11 06:54:00.526,1.06332,1.06364,1.12,1.75
2016.02.11 06:54:00.829,1.06334,1.06364,1.00,1.75
2016.02.11 06:54:01.334,1.06334,1.06364,1.00,1.50
2016.02.11 06:54:03.787,1.06336,1.06364,1.00,1.50
2016.02.11 06:54:03.939,1.06334,1.06366,1.00,1.75
2016.02.11 06:54:08.862,1.06332,1.06366,1.87,1.75
2016.02.11 06:54:09.367,1.06333,1.06364,1.00,1.50
2016.02.11 06:54:09.770,1.06332,1.06361,1.12,1.75
2016.02.11 06:54:09.972,1.06327,1.06354,1.50,1.00
2016.02.11 06:54:10.023,1.06327,1.06354,1.50,1.75
2016.02.11 06:54:10.572,1.06326,1.06354,1.00,1.75
2016.02.11 06:54:10.977,1.06324,1.06354,1.00,1.75
2016.02.11 06:54:12.911,1.06325,1.06354,1.00,1.75
2016.02.11 06:54:13.947,1.06325,1.06354,1.00,1.00
2016.02.11 06:54:14.049,1.06328,1.06357,1.00,2.25
2016.02.11 06:54:14.100,1.06328,1.06357,1.00,1.87
2016.02.11 06:54:15.180,1.06328,1.06357,1.00,1.37
2016.02.11 06:54:16.496,1.06328,1.06357,1.00,2.25
2016.02.11 06:54:17.568,1.06328,1.06357,1.00,2.25
2016.02.11 06:54:18.392,1.06328,1.06354,1.00,1.00
2016.02.11 06:54:18.696,1.06328,1.06354,1.00,1.50
2016.02.11 06:54:18.999,1.06325,1.06354,1.00,1.12
2016.02.11 06:54:19.403,1.06327,1.06354,1.00,1.12
2016.02.11 06:54:19.962,1.06329,1.06354,1.00,1.12
2016.02.11 06:54:20.366,1.06328,1.06354,1.00,1.75
2016.02.11 06:54:20.417,1.06323,1.06354,1.00,1.75
2016.02.11 06:54:20.619,1.06328,1.06354,1.00,1.75
2016.02.11 06:54:21.434,1.06328,1.06354,1.00,1.75
2016.02.11 06:54:21.788,1.06328,1.06353,1.00,1.75
2016.02.11 06:54:21.990,1.06326,1.06353,1.00,1.75
2016.02.11 06:54:24.030,1.0632,1.06353,1.37,1.75
2016.02.11 06:54:24.233,1.06323,1.06355,1.00,1.12
2016.02.11 06:54:24.738,1.06323,1.06355,1.00,1.12
2016.02.11 06:54:28.249,1.06323,1.06354,1.00,1.75
2016.02.11 06:54:28.552,1.06318,1.06354,3.00,1.75
2016.02.11 06:54:28.871,1.06318,1.06349,1.00,1.75
2016.02.11 06:54:29.786,1.06318,1.06349,2.25,1.75
2016.02.11 06:54:30.300,1.06319,1.06352,1.50,1.75
2016.02.11 06:54:31.327,1.06318,1.06352,3.75,1.75
2016.02.11 06:54:31.830,1.06319,1.06355,2.25,1.87
2016.02.11 06:54:32.352,1.06322,1.06355,1.00,1.87
2016.02.11 06:54:32.675,1.06329,1.06355,1.00,1.87
2016.02.11 06:54:32.994,1.06329,1.06355,1.00,1.87
2016.02.11 06:54:36.305,1.06329,1.06355,1.00,1.87
2016.02.11 06:54:36.407,1.06329,1.06355,1.00,1.12
2016.02.11 06:54:36.828,1.06331,1.06358,1.00,1.75
2016.02.11 06:54:38.513,1.06331,1.06359,1.00,1.12
2016.02.11 06:54:38.715,1.06331,1.06362,1.12,1.75
2016.02.11 06:54:38.767,1.06335,1.06362,1.00,1.75
2016.02.11 06:54:39.070,1.06337,1.06362,1.00,1.75
2016.02.11 06:54:39.793,1.06337,1.06362,1.00,1.75
2016.02.11 06:54:40.448,1.06337,1.06362,1.00,1.50
2016.02.11 06:54:40.600,1.06337,1.06362,1.00,1.12
2016.02.11 06:54:43.526,1.06337,1.06364,1.00,1.37
2016.02.11 06:54:44.382,1.06331,1.06364,1.00,1.37
2016.02.11 06:54:45.537,1.0633,1.06364,2.62,1.00
2016.02.11 06:54:45.639,1.06331,1.06364,1.12,1.00
2016.02.11 06:54:47.532,1.06331,1.06364,1.50,1.00
2016.02.11 06:54:48.386,1.06331,1.06364,1.50,1.37
2016.02.11 06:54:48.932,1.06331,1.06362,1.00,1.00
2016.02.11 06:54:56.420,1.06329,1.06362,1.50,1.50
2016.02.11 06:55:00.073,1.06331,1.06362,1.00,2.25
2016.02.11 06:55:00.885,1.06331,1.06357,1.00,1.00
2016.02.11 06:55:00.936,1.06329,1.06357,1.12,1.00
2016.02.11 06:55:01.138,1.06329,1.06353,1.00,1.00
2016.02.11 06:55:01.303,1.06325,1.06353,1.00,1.50
2016.02.11 06:55:01.459,1.06323,1.06353,1.50,1.50
2016.02.11 06:55:04.217,1.06325,1.06354,1.75,1.75
2016.02.11 06:55:04.472,1.06325,1.06354,1.75,1.00
2016.02.11 06:55:08.971,1.06324,1.06354,1.87,1.00
2016.02.11 06:55:09.174,1.06327,1.06354,1.50,1.00
2016.02.11 06:55:09.477,1.06327,1.06358,1.50,1.12
2016.02.11 06:55:09.730,1.06327,1.06358,1.50,1.12
2016.02.11 06:55:10.261,1.06328,1.06358,1.75,1.00
2016.02.11 06:55:14.357,1.06327,1.06359,1.75,1.00
2016.02.11 06:55:18.870,1.0633,1.06359,1.00,1.12
2016.02.11 06:55:19.412,1.0633,1.0636,1.00,1.50
2016.02.11 06:55:21.033,1.06331,1.0636,1.00,1.50
2016.02.11 06:55:21.336,1.06331,1.0636,1.37,1.50
2016.02.11 06:55:22.455,1.06335,1.06361,1.00,1.00
2016.02.11 06:55:22.985,1.06335,1.06362,1.12,1.00
2016.02.11 06:55:23.334,1.06334,1.06365,1.75,1.50
2016.02.11 06:55:27.680,1.06334,1.06365,1.37,1.87
2016.02.11 06:55:28.358,1.06334,1.06363,1.37,1.00
2016.02.11 06:55:28.962,1.06332,1.06363,1.50,1.00
2016.02.11 06:55:29.013,1.06332,1.06359,1.50,1.00
2016.02.11 06:55:29.766,1.0633,1.06359,1.12,1.50
2016.02.11 06:55:33.939,1.0633,1.06356,1.00,1.00
2016.02.11 06:55:35.142,1.06328,1.06356,1.00,1.00
2016.02.11 06:55:41.709,1.06327,1.06356,1.00,1.00
2016.02.11 06:55:44.124,1.06327,1.06355,1.00,1.00
2016.02.11 06:55:44.925,1.06328,1.06355,1.00,1.00
2016.02.11 06:55:48.538,1.06328,1.06357,1.12,1.00
2016.02.11 06:55:48.682,1.06328,1.06357,1.50,1.00
2016.02.11 06:55:48.985,1.06327,1.06357,2.25,1.00
2016.02.11 06:55:49.036,1.06327,1.06357,2.25,1.00
2016.02.11 06:55:49.137,1.0633,1.06357,1.12,1.00
2016.02.11 06:55:51.931,1.06328,1.06357,1.37,1.00
2016.02.11 06:55:53.378,1.06328,1.06357,1.75,1.00
2016.02.11 06:55:53.657,1.06328,1.06359,1.75,2.25
2016.02.11 06:55:56.904,1.06329,1.06359,1.87,1.50
2016.02.11 06:55:58.763,1.06329,1.06358,1.37,1.00
2016.02.11 06:55:59.992,1.06329,1.06358,1.00,1.00
2016.02.11 06:56:03.782,1.06329,1.06356,1.00,1.00
2016.02.11 06:56:06.193,1.06327,1.06356,1.87,1.00
2016.02.11 06:56:06.956,1.06327,1.06356,1.87,1.00
2016.02.11 06:56:12.301,1.06329,1.06356,1.37,1.00
2016.02.11 06:56:12.403,1.06331,1.06358,1.00,1.50
2016.02.11 06:56:12.454,1.06331,1.06358,1.37,1.50
2016.02.11 06:56:12.556,1.06331,1.06361,1.37,1.00
2016.02.11 06:56:12.878,1.06334,1.06361,1.37,1.00
2016.02.11 06:56:13.535,1.06334,1.06361,1.00,1.00
2016.02.11 06:56:15.148,1.0633,1.06361,2.25,1.00
2016.02.11 06:56:15.650,1.06331,1.06358,1.12,1.00
2016.02.11 06:56:15.967,1.06331,1.06362,1.12,1.12
2016.02.11 06:56:19.718,1.06335,1.06364,1.12,1.00
2016.02.11 06:56:25.925,1.06334,1.06364,1.37,1.75
2016.02.11 06:56:29.955,1.06334,1.0636,1.37,1.00
2016.02.11 06:56:30.469,1.06334,1.0636,1.12,1.00
2016.02.11 06:56:31.335,1.06334,1.0636,1.37,1.00
2016.02.11 06:56:32.338,1.06334,1.0636,1.00,1.00
2016.02.11 06:56:37.738,1.06331,1.0636,1.50,1.00
2016.02.11 06:56:38.831,1.06331,1.0636,1.37,1.00
2016.02.11 06:56:39.994,1.06331,1.06359,1.37,1.00
2016.02.11 06:56:42.664,1.06331,1.06359,1.87,1.00
2016.02.11 06:56:43.335,1.06331,1.06359,1.87,1.00
2016.02.11 06:56:43.840,1.06331,1.06359,1.87,1.00
2016.02.11 06:56:44.978,1.06331,1.06361,1.87,1.12
2016.02.11 06:56:48.376,1.06331,1.06361,1.87,1.12
2016.02.11 06:56:48.831,1.06335,1.06364,1.37,1.12
2016.02.11 06:57:04.017,1.06335,1.06363,1.37,1.00
2016.02.11 06:57:08.445,1.06334,1.06363,1.37,1.00
2016.02.11 06:57:08.657,1.06334,1.0636,1.37,1.00
2016.02.11 06:57:09.676,1.06334,1.06362,1.12,1.00
2016.02.11 06:57:10.183,1.06334,1.06362,1.87,1.00
2016.02.11 06:57:10.487,1.06337,1.06362,1.75,1.00
2016.02.11 06:57:10.538,1.06337,1.06364,1.75,1.00
2016.02.11 06:57:11.044,1.06338,1.06364,1.00,1.00
2016.02.11 06:57:11.813,1.06338,1.06364,1.37,1.00
2016.02.11 06:57:13.673,1.06338,1.06365,1.37,1.00
2016.02.11 06:57:14.188,1.06337,1.06365,1.75,1.00
2016.02.11 06:57:15.480,1.06338,1.06366,1.12,1.00
2016.02.11 06:57:15.632,1.06341,1.06369,1.37,1.00
2016.02.11 06:57:15.682,1.06341,1.0637,1.75,1.00
2016.02.11 06:57:16.029,1.06347,1.06372,1.12,1.00
2016.02.11 06:57:16.130,1.06347,1.06374,1.12,1.00
2016.02.11 06:57:16.856,1.06347,1.06374,1.12,1.00
2016.02.11 06:57:18.776,1.06347,1.06374,1.12,1.00
2016.02.11 06:57:20.174,1.06347,1.06374,1.12,1.50
2016.02.11 06:57:20.477,1.06347,1.06376,1.12,1.00
2016.02.11 06:57:22.766,1.06347,1.06376,1.87,1.00
2016.02.11 06:57:23.501,1.06347,1.06376,1.12,1.00
2016.02.11 06:57:23.703,1.06347,1.06376,1.12,1.00
2016.02.11 06:57:24.349,1.06347,1.06376,1.12,1.00
2016.02.11 06:57:24.855,1.06346,1.06373,1.12,1.12
2016.02.11 06:57:25.918,1.06346,1.06373,1.75,1.00
2016.02.11 06:57:26.236,1.06345,1.06374,1.75,1.12
2016.02.11 06:57:26.287,1.06345,1.06372,1.75,1.00
2016.02.11 06:57:26.823,1.06344,1.06375,1.75,2.25
2016.02.11 06:57:26.925,1.06344,1.06375,1.75,2.25
2016.02.11 06:57:27.447,1.06346,1.06375,1.87,1.50
2016.02.11 06:57:27.650,1.06346,1.06375,1.12,1.50
2016.02.11 06:57:28.675,1.06345,1.06375,1.12,1.87
2016.02.11 06:57:29.738,1.06343,1.06375,2.62,2.25
2016.02.11 06:57:29.940,1.06347,1.06375,1.12,1.50
2016.02.11 06:57:30.193,1.06347,1.06375,1.12,1.50
2016.02.11 06:57:30.508,1.06347,1.06371,1.12,1.00
2016.02.11 06:57:30.863,1.06346,1.06371,1.12,1.00
2016.02.11 06:57:33.803,1.06343,1.06369,1.75,1.00
2016.02.11 06:57:34.157,1.06343,1.06369,1.75,1.00
2016.02.11 06:57:35.033,1.06343,1.06369,2.25,1.00
2016.02.11 06:57:36.003,1.06343,1.06369,1.75,1.00
2016.02.11 06:57:36.562,1.06343,1.06369,2.25,1.00
2016.02.11 06:57:38.806,1.06343,1.06371,2.25,1.00
2016.02.11 06:57:40.966,1.06343,1.06371,1.75,1.00
2016.02.11 06:57:42.421,1.06343,1.06371,1.75,1.00
2016.02.11 06:57:43.526,1.06343,1.06371,1.75,1.00
2016.02.11 06:57:43.869,1.06342,1.06371,1.12,1.37
2016.02.11 06:57:43.920,1.06343,1.06371,1.12,1.00
2016.02.11 06:57:45.249,1.06343,1.06371,1.12,1.00
2016.02.11 06:57:45.383,1.06343,1.06371,1.12,1.00
2016.02.11 06:57:47.265,1.06343,1.06371,1.12,1.00
2016.02.11 06:57:48.010,1.06343,1.06371,1.12,1.00
2016.02.11 06:57:48.061,1.06343,1.06374,1.12,1.50
2016.02.11 06:57:48.220,1.06347,1.06374,1.75,1.00
2016.02.11 06:57:48.321,1.06347,1.06376,1.75,1.00
2016.02.11 06:57:48.627,1.06347,1.06378,2.25,1.00
2016.02.11 06:57:48.678,1.06347,1.06378,2.25,1.00
2016.02.11 06:57:51.772,1.06351,1.06379,1.12,1.12
2016.02.11 06:57:53.620,1.06349,1.06379,1.87,1.12
2016.02.11 06:57:55.242,1.06348,1.06379,1.87,1.50
2016.02.11 06:57:59.959,1.06353,1.06379,1.12,1.00
2016.02.11 06:58:00.213,1.06353,1.06379,1.12,1.00
2016.02.11 06:58:03.723,1.06353,1.06378,1.12,1.00
2016.02.11 06:58:09.110,1.06353,1.0638,1.12,1.00
2016.02.11 06:58:09.658,1.06353,1.06379,1.12,1.00
2016.02.11 06:58:12.639,1.06353,1.06379,1.12,1.00
2016.02.11 06:58:13.515,1.06353,1.06379,1.12,1.00
2016.02.11 06:58:14.144,1.06353,1.0638,1.87,1.00
2016.02.11 06:58:16.272,1.06353,1.0638,1.37,1.00
2016.02.11 06:58:16.374,1.06352,1.06378,1.75,1.00
2016.02.11 06:58:16.424,1.06352,1.06378,1.50,1.00
2016.02.11 06:58:16.594,1.0635,1.06376,1.37,1.00
2016.02.11 06:58:16.898,1.06349,1.06376,1.75,1.00
2016.02.11 06:58:17.403,1.06347,1.06376,1.75,1.00
2016.02.11 06:58:18.834,1.06347,1.06376,1.75,1.00
2016.02.11 06:58:19.456,1.06349,1.06378,1.75,1.00
2016.02.11 06:58:21.561,1.06349,1.06378,1.75,1.00
2016.02.11 06:58:22.446,1.06349,1.06378,1.75,1.00
2016.02.11 06:58:22.548,1.06349,1.06378,1.75,1.00
2016.02.11 06:58:22.801,1.06353,1.0638,1.12,1.00
2016.02.11 06:58:22.903,1.06353,1.06382,1.12,1.50
2016.02.11 06:58:23.005,1.06354,1.06382,1.75,1.50
2016.02.11 06:58:25.767,1.06358,1.06382,1.75,1.50
2016.02.11 06:58:26.087,1.06354,1.06382,1.75,2.25
2016.02.11 06:58:27.437,1.06354,1.06382,1.75,2.25
2016.02.11 06:58:29.832,1.06352,1.0638,1.75,1.37
2016.02.11 06:58:32.042,1.06351,1.06378,2.25,1.00
2016.02.11 06:58:36.410,1.0635,1.06378,1.12,1.00
2016.02.11 06:58:38.820,1.06351,1.06378,1.75,1.00
2016.02.11 06:58:40.480,1.06353,1.0638,1.12,1.00
2016.02.11 06:58:43.888,1.06353,1.0638,1.12,1.00
2016.02.11 06:58:49.167,1.06353,1.0638,1.12,1.00
2016.02.11 06:58:49.460,1.06351,1.06377,1.75,1.00
2016.02.11 06:58:51.473,1.06353,1.06377,1.12,1.00
2016.02.11 06:58:51.878,1.06353,1.06379,1.12,1.00
2016.02.11 06:58:52.379,1.06353,1.06379,1.12,1.00
2016.02.11 06:58:53.475,1.06355,1.06379,1.75,1.00
2016.02.11 06:58:53.788,1.06354,1.06379,1.75,1.00
2016.02.11 06:58:53.889,1.06354,1.06376,1.75,1.00
2016.02.11 06:58:54.193,1.06354,1.06376,1.75,1.00
2016.02.11 06:58:55.240,1.06348,1.06374,1.12,1.00
2016.02.11 06:58:55.341,1.06346,1.06372,1.37,1.00
2016.02.11 06:58:55.443,1.06346,1.06368,1.37,1.00
2016.02.11 06:58:55.645,1.0634,1.06368,1.50,1.00
2016.02.11 06:58:55.898,1.0634,1.06365,1.50,1.00
2016.02.11 06:58:56.098,1.06336,1.06365,3.75,1.00
2016.02.11 06:58:59.763,1.06337,1.06365,1.12,1.00
2016.02.11 06:58:59.915,1.0634,1.06368,1.12,1.00
2016.02.11 06:59:00.168,1.06341,1.06372,2.62,2.25
2016.02.11 06:59:00.499,1.06342,1.06374,3.00,1.00
2016.02.11 06:59:00.701,1.06346,1.06374,1.00,1.00
2016.02.11 06:59:00.853,1.06346,1.06371,1.00,1.00
2016.02.11 06:59:00.904,1.06343,1.06371,1.50,1.00
2016.02.11 06:59:02.906,1.06344,1.06371,1.00,1.00
2016.02.11 06:59:02.957,1.06344,1.06374,1.00,1.50
2016.02.11 06:59:03.008,1.06344,1.06374,1.75,1.50
2016.02.11 06:59:03.311,1.06344,1.06372,1.00,1.00
2016.02.11 06:59:03.817,1.06343,1.06372,1.50,1.00
2016.02.11 06:59:03.918,1.06343,1.06372,1.75,1.00
2016.02.11 06:59:04.036,1.06343,1.06372,1.12,1.00
2016.02.11 06:59:08.298,1.06343,1.06371,1.12,1.00
2016.02.11 06:59:08.400,1.06345,1.06371,1.00,1.00
2016.02.11 06:59:08.760,1.06345,1.06374,1.00,1.37
2016.02.11 06:59:08.816,1.06345,1.06374,1.50,1.00
2016.02.11 06:59:09.272,1.06346,1.06377,1.87,1.12
2016.02.11 06:59:09.739,1.06353,1.06377,1.00,1.00
2016.02.11 06:59:09.841,1.06346,1.06377,2.25,1.12
2016.02.11 06:59:09.892,1.0635,1.06378,1.00,1.37
2016.02.11 06:59:10.397,1.0635,1.06378,1.50,1.00
2016.02.11 06:59:10.944,1.0635,1.06378,1.00,1.50
2016.02.11 06:59:11.925,1.0635,1.06378,1.50,1.00
2016.02.11 06:59:12.400,1.06346,1.06378,2.25,1.37
2016.02.11 06:59:14.591,1.06346,1.06374,2.25,1.00
2016.02.11 06:59:14.642,1.06346,1.06374,1.00,1.50
2016.02.11 06:59:14.972,1.06347,1.06377,1.50,1.00
2016.02.11 06:59:15.478,1.06348,1.06377,1.00,1.00
2016.02.11 06:59:16.321,1.06347,1.06377,1.50,1.00
2016.02.11 06:59:16.372,1.06347,1.06377,2.25,1.00
2016.02.11 06:59:16.726,1.06352,1.0638,1.00,1.50
2016.02.11 06:59:17.333,1.06352,1.0638,1.37,1.50
2016.02.11 06:59:17.839,1.06355,1.0638,1.00,1.50
2016.02.11 06:59:18.988,1.06352,1.0638,1.12,1.50
2016.02.11 06:59:19.498,1.06354,1.0638,1.37,1.00
2016.02.11 06:59:19.549,1.06355,1.06383,1.00,1.00
2016.02.11 06:59:23.164,1.06352,1.06383,1.50,1.50
2016.02.11 06:59:23.341,1.06355,1.06383,1.00,1.00
2016.02.11 06:59:25.832,1.06355,1.0638,1.00,1.00
2016.02.11 06:59:27.238,1.06352,1.06373,1.37,1.00
2016.02.11 06:59:27.405,1.06349,1.06374,1.00,1.00
2016.02.11 06:59:27.456,1.06345,1.06374,1.87,1.12
2016.02.11 06:59:27.507,1.06345,1.0637,1.12,1.00
2016.02.11 06:59:27.810,1.06343,1.0637,1.00,1.75
2016.02.11 06:59:33.844,1.06341,1.06368,1.12,1.75
2016.02.11 06:59:40.864,1.06341,1.06372,1.12,2.25
2016.02.11 06:59:40.915,1.06345,1.06372,1.00,2.25
2016.02.11 06:59:40.966,1.06345,1.06373,1.87,1.12
2016.02.11 06:59:41.067,1.06348,1.06377,1.50,1.75
2016.02.11 06:59:41.590,1.06345,1.06375,1.00,1.37
2016.02.11 06:59:42.115,1.06345,1.06375,1.00,1.12
2016.02.11 06:59:42.166,1.06345,1.06375,1.37,1.12
2016.02.11 06:59:44.475,1.06348,1.06377,1.75,1.50
2016.02.11 06:59:44.728,1.06348,1.06379,1.75,1.50
2016.02.11 06:59:44.780,1.06352,1.06379,1.00,1.50
2016.02.11 06:59:45.190,1.06352,1.06381,1.50,1.00
2016.02.11 06:59:45.299,1.06354,1.06381,1.75,1.00
2016.02.11 06:59:45.729,1.06354,1.06383,1.75,1.00
2016.02.11 06:59:45.780,1.06354,1.06381,1.75,1.00
2016.02.11 06:59:47.535,1.06355,1.06382,1.75,1.00
2016.02.11 06:59:48.489,1.06356,1.06382,1.87,1.00
2016.02.11 06:59:48.893,1.06357,1.06382,1.37,1.00
2016.02.11 06:59:49.095,1.06355,1.06378,1.75,1.00
2016.02.11 06:59:52.454,1.06356,1.06381,1.87,1.00
2016.02.11 06:59:52.606,1.06357,1.06383,1.50,1.00
2016.02.11 06:59:52.707,1.06357,1.06381,1.75,1.00
2016.02.11 06:59:52.859,1.06357,1.06383,1.75,1.00
2016.02.11 06:59:53.673,1.06357,1.0638,1.87,1.00
2016.02.11 06:59:55.054,1.06358,1.06383,1.75,1.00
2016.02.11 06:59:55.105,1.06358,1.0638,1.75,1.00
2016.02.11 06:59:55.928,1.06358,1.06383,1.75,1.00
2016.02.11 06:59:58.213,1.06361,1.06387,1.75,1.50
2016.02.11 06:59:58.366,1.06365,1.0639,1.37,1.00
2016.02.11 06:59:58.417,1.06365,1.06391,1.12,1.00
2016.02.11 06:59:58.978,1.06371,1.06391,1.75,1.00
