2014.07.17 19:00:00.179,1.07808,1.07834,3.38,1.00
2014.07.17 19:00:00.331,1.07806,1.07834,1.50,1.00
2014.07.17 19:00:00.433,1.07806,1.0783,1.50,1.00
2014.07.17 19:00:00.962,1.07806,1.07834,1.00,1.20
2014.07.17 19:00:01.168,1.07806,1.07836,1.58,2.33
2014.07.17 19:00:01.269,1.07806,1.07833,1.15,1.00
2014.07.17 19:00:01.371,1.07803,1.07831,1.10,1.00
2014.07.17 19:00:01.421,1.07802,1.07826,1.18,1.00
2014.07.17 19:00:01.624,1.07801,1.07826,1.58,1.00
2014.07.17 19:00:02.212,1.07802,1.07826,1.00,1.00
2014.07.17 19:00:02.263,1.07802,1.07826,1.65,1.00
2014.07.17 19:00:06.017,1.07799,1.07825,1.15,1.00
2014.07.17 19:00:10.238,1.07799,1.07825,1.65,1.00
2014.07.17 19:00:13.967,1.07799,1.07825,1.65,1.00
2014.07.17 19:00:14.019,1.07799,1.07825,1.65,1.00
2014.07.17 19:00:16.579,1.07799,1.07828,1.65,1.00
2014.07.17 19:00:16.631,1.07795,1.07825,1.65,1.50
2014.07.17 19:00:16.682,1.07795,1.07825,1.65,1.69
2014.07.17 19:00:16.986,1.07795,1.0782,1.00,1.69
2014.07.17 19:00:17.289,1.07795,1.0782,1.15,1.69
2014.07.17 19:00:18.375,1.07795,1.07821,1.18,1.19
2014.07.17 19:00:18.427,1.07795,1.07821,1.10,1.19
2014.07.17 19:00:19.148,1.07795,1.07821,1.10,1.19
2014.07.17 19:00:22.181,1.07793,1.07821,1.18,1.19
2014.07.17 19:00:22.687,1.07793,1.07821,1.15,1.19
2014.07.17 19:00:31.169,1.07792,1.07823,1.15,1.69
2014.07.17 19:00:31.322,1.07792,1.07823,4.53,1.00
2014.07.17 19:00:31.882,1.07796,1.07824,1.15,1.25
2014.07.17 19:00:39.169,1.07796,1.07825,1.65,1.00
2014.07.17 19:00:45.655,1.07796,1.0782,1.65,1.00
2014.07.17 19:00:45.807,1.07796,1.0782,1.65,1.00
2014.07.17 19:00:49.522,1.07797,1.07824,1.10,1.00
2014.07.17 19:00:49.927,1.07797,1.07825,1.48,1.25
2014.07.17 19:00:50.468,1.07797,1.07824,1.48,1.19
2014.07.17 19:00:51.084,1.07797,1.07824,1.48,1.19
2014.07.17 19:00:51.492,1.07797,1.07825,1.10,1.69
2014.07.17 19:00:52.467,1.07797,1.07824,1.10,1.69
2014.07.17 19:01:00.409,1.07795,1.07823,1.15,1.63
2014.07.17 19:01:00.727,1.07795,1.07823,1.55,1.63
2014.07.17 19:01:00.829,1.07798,1.07826,1.38,2.37
2014.07.17 19:01:00.880,1.07798,1.07826,1.45,1.68
2014.07.17 19:01:01.133,1.078,1.07828,1.00,1.19
2014.07.17 19:01:01.235,1.078,1.07828,1.15,1.19
2014.07.17 19:01:02.123,1.078,1.07828,1.15,1.13
2014.07.17 19:01:02.646,1.07803,1.07831,1.00,2.07
2014.07.17 19:01:03.163,1.078,1.07828,1.15,1.00
2014.07.17 19:01:03.528,1.078,1.07828,1.15,1.00
2014.07.17 19:01:04.627,1.078,1.07828,1.15,1.38
2014.07.17 19:01:06.161,1.07803,1.07831,1.18,1.19
2014.07.17 19:01:06.656,1.07803,1.07831,1.18,2.07
2014.07.17 19:01:07.837,1.07803,1.07831,1.18,1.57
2014.07.17 19:01:10.379,1.07803,1.07831,1.18,1.13
2014.07.17 19:01:13.874,1.07803,1.07831,1.18,1.63
2014.07.17 19:01:21.956,1.07804,1.07832,1.10,1.38
2014.07.17 19:01:23.436,1.07804,1.07832,1.10,1.50
2014.07.17 19:01:25.482,1.07804,1.07831,1.10,1.00
2014.07.17 19:01:27.658,1.07805,1.07831,1.00,1.25
2014.07.17 19:01:28.176,1.07805,1.07833,1.18,2.07
2014.07.17 19:01:29.915,1.07805,1.07833,1.18,1.25
2014.07.17 19:01:30.989,1.07805,1.07834,1.18,1.19
2014.07.17 19:01:31.554,1.07805,1.07834,1.18,1.57
2014.07.17 19:01:32.972,1.07805,1.07833,1.18,1.19
2014.07.17 19:01:34.676,1.07805,1.07835,1.18,2.37
2014.07.17 19:01:36.885,1.07804,1.07834,1.65,2.82
2014.07.17 19:01:38.016,1.07804,1.07834,1.65,2.82
2014.07.17 19:01:38.330,1.07808,1.07834,1.00,1.57
2014.07.17 19:01:39.663,1.07806,1.07834,1.10,1.57
2014.07.17 19:01:44.710,1.07806,1.07834,1.10,1.32
2014.07.17 19:01:45.316,1.07806,1.07834,1.10,1.63
2014.07.17 19:01:45.864,1.07806,1.07834,1.10,1.32
2014.07.17 19:01:46.181,1.07808,1.07835,1.00,1.57
2014.07.17 19:01:46.818,1.07808,1.07835,1.00,1.57
2014.07.17 19:01:47.618,1.07806,1.07835,1.58,1.57
2014.07.17 19:01:48.150,1.07805,1.07835,1.15,1.62
2014.07.17 19:01:58.175,1.07806,1.07834,1.18,1.57
2014.07.17 19:02:00.395,1.07806,1.07835,1.18,1.62
2014.07.17 19:02:02.792,1.07805,1.07833,1.15,1.32
2014.07.17 19:02:05.421,1.07805,1.07832,1.15,1.19
2014.07.17 19:02:06.898,1.07803,1.07831,1.18,1.19
2014.07.17 19:02:08.521,1.07803,1.07829,1.18,1.19
2014.07.17 19:02:09.964,1.07803,1.0783,1.18,1.19
2014.07.17 19:02:10.929,1.07806,1.0783,1.00,1.19
2014.07.17 19:02:13.762,1.07806,1.07831,1.00,1.69
2014.07.17 19:02:14.849,1.07806,1.0783,1.00,1.19
2014.07.17 19:02:17.136,1.07806,1.07831,1.00,1.69
2014.07.17 19:02:18.744,1.07806,1.07829,1.00,1.19
2014.07.17 19:02:19.560,1.07802,1.07829,2.70,1.19
2014.07.17 19:02:20.992,1.07802,1.0783,2.70,1.19
2014.07.17 19:02:21.501,1.07802,1.07829,1.10,1.19
2014.07.17 19:02:22.063,1.07802,1.07831,1.10,1.19
2014.07.17 19:02:25.425,1.07801,1.07829,1.65,1.00
2014.07.17 19:02:25.965,1.07805,1.07832,1.20,2.82
2014.07.17 19:02:26.557,1.07805,1.07832,1.20,1.32
2014.07.17 19:02:26.964,1.07808,1.07833,1.00,1.57
2014.07.17 19:02:27.467,1.07808,1.07836,1.00,1.62
2014.07.17 19:02:29.099,1.07808,1.07836,1.00,1.62
2014.07.17 19:02:29.200,1.07805,1.07835,1.84,2.82
2014.07.17 19:02:34.862,1.07807,1.07836,1.00,3.12
2014.07.17 19:02:35.426,1.07807,1.07836,1.50,1.62
2014.07.17 19:02:37.155,1.07807,1.07835,1.00,1.38
2014.07.17 19:02:37.206,1.07805,1.07835,1.84,1.88
2014.07.17 19:02:37.869,1.07805,1.07835,1.84,2.63
2014.07.17 19:02:42.203,1.07805,1.07835,1.65,3.57
2014.07.17 19:02:45.065,1.07805,1.07833,1.65,1.19
2014.07.17 19:02:45.471,1.07805,1.07833,1.65,1.19
2014.07.17 19:02:46.127,1.07805,1.07834,1.65,1.19
2014.07.17 19:02:50.135,1.07807,1.07835,1.18,2.37
2014.07.17 19:02:51.138,1.07804,1.07834,1.65,1.69
2014.07.17 19:02:53.545,1.07804,1.07833,1.65,1.19
2014.07.17 19:02:55.661,1.07804,1.07834,2.03,2.82
2014.07.17 19:02:57.874,1.07802,1.07832,1.40,1.19
2014.07.17 19:03:01.370,1.07802,1.07833,1.40,1.57
2014.07.17 19:03:02.287,1.07802,1.07832,1.40,1.32
2014.07.17 19:03:03.086,1.07802,1.07832,1.15,1.19
2014.07.17 19:03:09.297,1.07804,1.07832,1.18,1.25
2014.07.17 19:03:09.401,1.07804,1.07832,1.15,1.25
2014.07.17 19:03:10.230,1.07804,1.07833,1.15,1.19
2014.07.17 19:03:10.637,1.0781,1.07837,1.95,1.24
2014.07.17 19:03:10.840,1.07808,1.07834,1.65,1.19
2014.07.17 19:03:10.890,1.07808,1.07834,1.58,1.19
2014.07.17 19:03:12.100,1.07805,1.07835,1.65,1.69
2014.07.17 19:03:13.105,1.07805,1.07834,1.65,1.19
2014.07.17 19:03:13.323,1.07805,1.07834,1.58,1.19
2014.07.17 19:03:18.061,1.07805,1.07834,1.58,1.19
2014.07.17 19:03:24.361,1.07805,1.07834,1.58,1.19
2014.07.17 19:03:25.035,1.07805,1.07834,1.65,1.19
2014.07.17 19:03:28.075,1.07806,1.07834,1.15,1.25
2014.07.17 19:03:29.062,1.07806,1.07834,1.15,1.19
2014.07.17 19:03:41.075,1.07806,1.07834,1.15,1.69
2014.07.17 19:03:44.809,1.07806,1.07833,1.15,1.19
2014.07.17 19:03:48.594,1.07806,1.07834,1.15,1.69
2014.07.17 19:03:53.125,1.07805,1.07833,1.15,1.25
2014.07.17 19:03:54.420,1.07805,1.07832,1.15,1.19
2014.07.17 19:03:57.280,1.07805,1.07832,1.18,1.19
2014.07.17 19:03:57.331,1.07805,1.07832,1.10,1.19
2014.07.17 19:03:59.369,1.07805,1.07832,1.10,1.19
2014.07.17 19:04:00.438,1.07805,1.07832,1.10,1.19
2014.07.17 19:04:02.528,1.07804,1.07832,1.08,1.69
2014.07.17 19:04:04.173,1.07804,1.07832,1.08,1.19
2014.07.17 19:04:05.165,1.07804,1.07832,1.08,1.25
2014.07.17 19:04:06.183,1.07804,1.07832,1.08,1.19
2014.07.17 19:04:12.162,1.07804,1.07831,1.08,1.19
2014.07.17 19:04:14.802,1.07804,1.07832,1.08,1.69
2014.07.17 19:04:15.996,1.07804,1.07832,1.08,1.69
2014.07.17 19:04:17.380,1.07804,1.07832,1.20,1.69
2014.07.17 19:04:19.573,1.07804,1.07832,1.28,1.69
2014.07.17 19:04:20.699,1.07804,1.07832,1.18,1.69
2014.07.17 19:04:23.225,1.07804,1.07832,1.18,1.69
2014.07.17 19:04:24.588,1.07804,1.07832,1.18,1.19
2014.07.17 19:04:27.731,1.07804,1.07832,1.28,1.19
2014.07.17 19:04:29.090,1.07804,1.07831,1.18,1.19
2014.07.17 19:04:30.241,1.07803,1.07833,2.03,2.44
2014.07.17 19:04:33.098,1.07802,1.07831,2.03,1.19
2014.07.17 19:04:34.502,1.07802,1.07833,2.03,2.44
2014.07.17 19:04:37.509,1.07802,1.07833,2.03,2.44
2014.07.17 19:04:41.126,1.07802,1.07832,2.03,1.19
2014.07.17 19:04:42.447,1.07807,1.07832,1.00,1.19
2014.07.17 19:04:43.341,1.07807,1.07835,1.10,1.69
2014.07.17 19:04:44.327,1.07807,1.07834,1.10,1.19
2014.07.17 19:04:47.445,1.07805,1.07833,1.18,1.69
2014.07.17 19:04:49.277,1.07805,1.07833,1.18,1.69
2014.07.17 19:04:51.649,1.07805,1.07833,1.18,1.19
2014.07.17 19:04:55.068,1.07805,1.07833,1.18,1.25
2014.07.17 19:04:56.682,1.07805,1.07833,1.18,1.19
2014.07.17 19:04:57.864,1.07805,1.07832,1.18,1.19
2014.07.17 19:04:59.813,1.07805,1.07833,1.18,1.69
2014.07.17 19:05:00.872,1.07805,1.07833,1.18,1.69
2014.07.17 19:05:01.887,1.07805,1.07832,1.18,1.19
2014.07.17 19:05:03.229,1.07805,1.07832,1.15,1.19
2014.07.17 19:05:08.108,1.07805,1.07832,1.15,1.19
2014.07.17 19:05:10.547,1.07805,1.07833,1.15,1.69
2014.07.17 19:05:13.646,1.07807,1.07835,1.10,2.44
2014.07.17 19:05:13.697,1.07807,1.07835,1.18,2.44
2014.07.17 19:05:14.222,1.07807,1.07835,1.15,2.44
2014.07.17 19:05:23.859,1.07807,1.07834,1.15,1.19
2014.07.17 19:05:25.932,1.07807,1.07835,1.15,1.19
2014.07.17 19:05:27.944,1.07807,1.07836,1.15,1.19
2014.07.17 19:05:29.141,1.07807,1.07837,1.40,1.69
2014.07.17 19:05:30.146,1.07807,1.07837,1.15,1.19
2014.07.17 19:05:31.358,1.07807,1.07837,1.15,1.69
2014.07.17 19:05:32.351,1.07807,1.07837,1.15,1.19
2014.07.17 19:05:33.392,1.07807,1.07836,1.15,1.19
2014.07.17 19:05:38.193,1.07807,1.07835,1.15,1.19
2014.07.17 19:05:39.873,1.07807,1.07837,1.15,2.07
2014.07.17 19:05:41.209,1.07807,1.07836,1.15,1.19
2014.07.17 19:05:43.276,1.07807,1.07837,1.15,2.07
2014.07.17 19:05:43.682,1.07807,1.07837,1.18,2.07
2014.07.17 19:05:44.190,1.07809,1.07837,1.00,2.82
2014.07.17 19:05:44.480,1.07809,1.07835,1.00,1.19
2014.07.17 19:05:53.914,1.07809,1.07836,1.00,1.32
2014.07.17 19:05:57.570,1.07809,1.07835,1.00,1.19
2014.07.17 19:06:01.498,1.07806,1.07835,1.65,1.19
2014.07.17 19:06:03.669,1.07806,1.07835,1.50,1.19
2014.07.17 19:06:04.233,1.07806,1.07836,1.50,2.44
2014.07.17 19:06:05.841,1.07806,1.07835,1.50,1.19
2014.07.17 19:06:23.117,1.07806,1.07835,1.50,1.19
2014.07.17 19:06:25.312,1.07806,1.07835,1.50,1.69
2014.07.17 19:06:28.343,1.07805,1.07835,1.84,2.44
2014.07.17 19:06:29.313,1.07805,1.07834,1.65,1.19
2014.07.17 19:06:31.496,1.07808,1.07834,1.00,1.19
2014.07.17 19:06:35.761,1.07808,1.07835,1.00,1.19
2014.07.17 19:06:38.067,1.07808,1.07835,1.00,1.69
2014.07.17 19:06:40.948,1.07808,1.07833,1.00,1.19
2014.07.17 19:06:42.249,1.07808,1.07835,1.00,1.69
2014.07.17 19:06:43.058,1.07805,1.07835,1.84,3.19
2014.07.17 19:06:43.572,1.07805,1.07834,1.65,1.19
2014.07.17 19:06:45.968,1.07805,1.07835,1.65,2.44
2014.07.17 19:06:48.566,1.07805,1.07834,1.65,1.19
2014.07.17 19:06:51.634,1.07805,1.07835,1.84,2.44
2014.07.17 19:06:56.692,1.07805,1.07835,1.65,1.69
2014.07.17 19:06:59.620,1.07805,1.07834,1.65,1.19
2014.07.17 19:07:01.805,1.07805,1.07835,1.84,2.44
2014.07.17 19:07:06.430,1.07806,1.07834,1.65,1.19
2014.07.17 19:07:07.420,1.07806,1.07835,1.65,1.19
2014.07.17 19:07:08.826,1.07806,1.07834,1.65,1.19
2014.07.17 19:07:11.032,1.07806,1.07835,1.65,1.19
2014.07.17 19:07:13.119,1.07806,1.07835,1.65,1.19
2014.07.17 19:07:17.360,1.07806,1.07834,1.15,1.25
2014.07.17 19:07:19.091,1.07806,1.07834,1.15,1.19
2014.07.17 19:07:20.081,1.07806,1.07834,1.15,1.25
2014.07.17 19:07:21.383,1.07806,1.07834,1.15,1.69
2014.07.17 19:07:25.183,1.07806,1.07834,1.15,1.19
2014.07.17 19:07:31.200,1.07806,1.07834,1.15,1.69
2014.07.17 19:07:32.227,1.07806,1.07834,1.15,1.19
2014.07.17 19:07:36.904,1.07806,1.07836,1.65,3.57
2014.07.17 19:07:38.122,1.07806,1.07835,1.65,1.19
2014.07.17 19:07:39.245,1.07806,1.07836,1.65,3.57
2014.07.17 19:07:43.111,1.07806,1.07834,1.65,1.19
2014.07.17 19:07:45.149,1.07806,1.07835,1.65,1.19
2014.07.17 19:07:46.319,1.07807,1.07835,1.65,1.25
2014.07.17 19:07:53.131,1.07807,1.07835,1.65,1.19
2014.07.17 19:07:53.651,1.07807,1.07835,1.65,1.19
2014.07.17 19:07:53.701,1.07807,1.07835,1.65,1.19
2014.07.17 19:07:54.535,1.07807,1.07835,2.22,1.25
2014.07.17 19:07:55.745,1.07807,1.07836,2.22,1.00
2014.07.17 19:07:56.353,1.07807,1.07835,2.22,1.00
2014.07.17 19:08:00.216,1.07807,1.07835,2.22,1.00
2014.07.17 19:08:09.901,1.07807,1.07836,1.65,1.25
2014.07.17 19:08:10.433,1.07807,1.07836,1.65,1.19
2014.07.17 19:08:11.937,1.07807,1.07836,2.03,1.19
2014.07.17 19:08:12.518,1.07807,1.07837,1.84,2.44
2014.07.17 19:08:13.037,1.07807,1.07837,2.22,2.44
2014.07.17 19:08:13.559,1.07811,1.07838,1.18,1.19
2014.07.17 19:08:14.628,1.07808,1.07837,2.03,1.19
2014.07.17 19:08:21.714,1.07808,1.07835,1.65,1.19
2014.07.17 19:08:26.841,1.07808,1.07835,1.65,1.25
2014.07.17 19:08:28.133,1.07808,1.07835,1.65,1.19
2014.07.17 19:08:28.895,1.07808,1.07835,1.65,1.19
2014.07.17 19:08:31.840,1.07807,1.07835,1.65,1.25
2014.07.17 19:08:34.149,1.07807,1.07837,1.65,1.69
2014.07.17 19:08:35.854,1.07807,1.07837,1.65,2.44
2014.07.17 19:08:36.989,1.07807,1.07837,1.65,2.07
2014.07.17 19:08:39.198,1.07807,1.07834,1.65,1.19
2014.07.17 19:08:41.865,1.07807,1.07835,1.65,1.19
2014.07.17 19:08:44.371,1.07807,1.07836,1.65,1.19
2014.07.17 19:08:45.773,1.07807,1.07835,1.65,1.19
2014.07.17 19:08:46.924,1.07807,1.07834,1.65,1.19
2014.07.17 19:08:48.296,1.07807,1.07835,1.65,1.69
2014.07.17 19:08:49.007,1.07807,1.07835,1.65,1.69
2014.07.17 19:08:52.287,1.07807,1.07835,1.84,1.25
2014.07.17 19:08:53.918,1.07807,1.07835,1.65,1.69
2014.07.17 19:08:54.901,1.07809,1.07834,1.18,1.19
2014.07.17 19:08:55.900,1.07809,1.07835,1.18,1.19
2014.07.17 19:08:59.439,1.07809,1.07836,1.18,1.32
2014.07.17 19:08:59.750,1.07807,1.07835,1.10,1.19
2014.07.17 19:09:00.319,1.07807,1.07835,1.53,1.19
2014.07.17 19:09:00.630,1.07807,1.07833,1.60,1.19
2014.07.17 19:09:01.498,1.0781,1.07836,1.15,1.19
2014.07.17 19:09:02.534,1.0781,1.07838,1.15,1.69
2014.07.17 19:09:03.701,1.0781,1.07838,1.15,1.69
2014.07.17 19:09:03.853,1.0781,1.07838,1.15,1.69
2014.07.17 19:09:05.170,1.0781,1.07837,1.15,1.19
2014.07.17 19:09:08.844,1.0781,1.07838,1.15,1.19
2014.07.17 19:09:10.150,1.0781,1.07837,1.15,1.19
2014.07.17 19:09:13.662,1.07811,1.07838,1.18,1.19
2014.07.17 19:09:16.223,1.07811,1.07839,1.18,1.69
2014.07.17 19:09:16.581,1.07811,1.07839,1.18,1.00
2014.07.17 19:09:16.682,1.07814,1.07841,1.00,1.25
2014.07.17 19:09:16.986,1.07816,1.07843,1.15,1.19
2014.07.17 19:09:17.545,1.07816,1.07843,1.10,1.19
2014.07.17 19:09:18.064,1.07815,1.07843,1.00,2.59
2014.07.17 19:09:18.778,1.07814,1.07841,1.00,1.25
2014.07.17 19:09:19.476,1.07813,1.07841,1.00,1.32
2014.07.17 19:09:20.477,1.07814,1.07842,1.00,1.77
2014.07.17 19:09:20.629,1.07814,1.07841,1.50,1.19
2014.07.17 19:09:22.609,1.07814,1.07841,1.50,1.19
2014.07.17 19:09:24.133,1.07814,1.07843,1.50,1.37
2014.07.17 19:09:26.899,1.07814,1.07841,1.50,1.19
2014.07.17 19:09:30.108,1.07814,1.07842,1.50,1.29
2014.07.17 19:09:31.152,1.07814,1.07841,1.50,1.19
2014.07.17 19:09:38.936,1.07814,1.07843,1.50,1.37
2014.07.17 19:09:39.972,1.07814,1.07843,1.50,1.37
2014.07.17 19:09:41.645,1.07814,1.07842,1.50,1.29
2014.07.17 19:09:43.150,1.07814,1.07842,1.50,1.29
2014.07.17 19:09:44.483,1.07812,1.07842,1.00,1.77
2014.07.17 19:09:45.407,1.07812,1.0784,1.50,1.37
2014.07.17 19:09:49.673,1.07811,1.0784,1.00,1.37
2014.07.17 19:09:50.569,1.07811,1.07841,1.00,2.22
2014.07.17 19:09:53.380,1.07811,1.0784,1.00,1.37
2014.07.17 19:09:55.686,1.07811,1.07841,1.00,2.22
2014.07.17 19:09:57.135,1.07812,1.07841,1.00,1.47
2014.07.17 19:10:01.506,1.07812,1.0784,1.00,1.37
2014.07.17 19:10:03.713,1.07812,1.07841,1.00,1.34
2014.07.17 19:10:08.164,1.07812,1.0784,1.00,1.37
2014.07.17 19:10:10.101,1.07811,1.07839,1.50,1.29
2014.07.17 19:10:10.834,1.07811,1.07839,1.00,1.77
2014.07.17 19:10:11.449,1.07811,1.07839,1.00,1.29
2014.07.17 19:10:15.571,1.07811,1.07839,1.00,1.10
2014.07.17 19:10:16.443,1.07812,1.07839,1.00,1.10
2014.07.17 19:10:17.049,1.07813,1.07841,1.00,1.34
2014.07.17 19:10:26.762,1.07812,1.0784,1.00,1.37
2014.07.17 19:10:28.397,1.07812,1.0784,1.00,1.84
2014.07.17 19:10:31.038,1.07812,1.0784,1.00,1.37
2014.07.17 19:10:38.672,1.07812,1.07841,2.28,1.77
2014.07.17 19:10:39.028,1.07812,1.0784,2.28,1.19
2014.07.17 19:10:40.081,1.07812,1.07841,2.28,2.44
2014.07.17 19:10:42.400,1.07813,1.07841,1.50,1.19
2014.07.17 19:10:42.870,1.07813,1.07841,1.65,1.19
2014.07.17 19:10:43.391,1.07813,1.07841,1.65,1.19
2014.07.17 19:10:44.393,1.07813,1.07841,1.65,1.19
2014.07.17 19:10:47.214,1.07813,1.07843,1.65,2.44
2014.07.17 19:10:47.777,1.07815,1.07843,1.08,1.69
2014.07.17 19:10:48.149,1.07815,1.07843,1.08,1.00
2014.07.17 19:10:48.825,1.07817,1.07845,1.00,1.29
2014.07.17 19:10:49.313,1.07815,1.07843,1.10,1.25
2014.07.17 19:10:50.108,1.07815,1.07842,1.10,1.19
2014.07.17 19:10:53.015,1.07815,1.07843,1.10,1.19
2014.07.17 19:10:56.709,1.07817,1.07843,1.00,1.19
2014.07.17 19:10:57.360,1.07817,1.07843,1.00,1.19
2014.07.17 19:10:57.632,1.07815,1.07843,1.10,1.69
2014.07.17 19:10:59.334,1.07815,1.07843,1.10,1.69
2014.07.17 19:11:03.341,1.07815,1.07843,1.10,1.19
2014.07.17 19:11:04.133,1.07815,1.07844,1.80,1.19
2014.07.17 19:11:04.437,1.07815,1.07844,1.10,1.19
2014.07.17 19:11:05.689,1.07815,1.07845,1.10,1.29
2014.07.17 19:11:07.855,1.07815,1.07844,1.10,1.19
2014.07.17 19:11:10.580,1.07815,1.07844,1.10,1.19
2014.07.17 19:11:12.868,1.07815,1.07845,1.10,1.77
2014.07.17 19:11:14.018,1.07815,1.07845,1.10,1.29
2014.07.17 19:11:15.780,1.07815,1.07845,1.10,1.77
2014.07.17 19:11:16.880,1.07815,1.07845,1.10,1.77
2014.07.17 19:11:19.988,1.07815,1.07845,1.10,1.29
2014.07.17 19:11:20.894,1.07814,1.07842,1.33,1.00
2014.07.17 19:11:21.117,1.07812,1.07842,2.46,1.69
2014.07.17 19:11:21.269,1.07815,1.07842,1.00,1.19
2014.07.17 19:11:26.807,1.07815,1.07841,1.00,1.19
2014.07.17 19:11:28.147,1.07813,1.07841,1.00,1.19
2014.07.17 19:11:28.810,1.07812,1.07841,1.00,1.19
2014.07.17 19:11:29.443,1.07812,1.07842,1.25,1.19
2014.07.17 19:11:31.565,1.07812,1.07842,1.00,1.69
2014.07.17 19:11:34.833,1.07812,1.07842,1.00,1.19
2014.07.17 19:11:37.237,1.07812,1.07842,1.00,1.69
2014.07.17 19:11:39.643,1.07812,1.0784,1.45,1.19
2014.07.17 19:11:41.688,1.07812,1.07842,1.00,1.69
2014.07.17 19:11:41.992,1.07807,1.07835,1.40,1.00
2014.07.17 19:11:42.094,1.07807,1.07835,1.00,1.19
2014.07.17 19:11:42.398,1.07804,1.07833,1.15,1.19
2014.07.17 19:11:43.118,1.07804,1.07833,1.85,1.19
2014.07.17 19:11:43.623,1.07804,1.07832,1.85,1.19
2014.07.17 19:11:44.632,1.07806,1.07832,1.03,1.19
2014.07.17 19:11:45.752,1.07804,1.07832,1.85,1.19
2014.07.17 19:11:45.804,1.07807,1.07835,1.45,1.19
2014.07.17 19:11:45.855,1.07807,1.07835,1.60,1.19
2014.07.17 19:11:45.906,1.0781,1.07838,1.00,2.07
2014.07.17 19:11:48.299,1.07806,1.07836,1.84,1.69
2014.07.17 19:11:49.581,1.07806,1.07836,1.84,2.44
2014.07.17 19:11:53.733,1.07806,1.0783,1.10,1.00
2014.07.17 19:11:53.885,1.07804,1.07832,1.10,1.25
2014.07.17 19:11:54.840,1.07804,1.0783,1.10,1.19
2014.07.17 19:11:55.418,1.07804,1.07832,1.10,1.19
2014.07.17 19:11:55.520,1.07806,1.07833,1.08,1.19
2014.07.17 19:11:55.803,1.07806,1.07836,1.33,1.19
2014.07.17 19:12:00.234,1.07806,1.07836,1.33,1.25
2014.07.17 19:12:01.552,1.07806,1.07836,1.33,1.69
2014.07.17 19:12:03.864,1.07806,1.07834,1.08,1.19
2014.07.17 19:12:06.232,1.07806,1.07836,1.08,1.69
2014.07.17 19:12:07.954,1.07806,1.07834,1.08,1.19
2014.07.17 19:12:10.071,1.07806,1.07835,1.08,1.19
2014.07.17 19:12:11.044,1.07806,1.07834,1.08,1.19
2014.07.17 19:12:15.723,1.07805,1.07835,1.65,2.44
2014.07.17 19:12:16.228,1.07805,1.07835,1.65,2.44
2014.07.17 19:12:17.161,1.07805,1.07835,1.65,1.69
2014.07.17 19:12:21.371,1.07805,1.07835,1.84,2.44
2014.07.17 19:12:27.786,1.07805,1.07835,1.65,1.69
2014.07.17 19:12:30.492,1.07805,1.07834,1.65,1.19
2014.07.17 19:12:32.085,1.07805,1.07834,1.58,1.29
2014.07.17 19:12:32.662,1.07806,1.07833,1.00,1.19
2014.07.17 19:12:33.734,1.07807,1.07834,1.00,1.29
2014.07.17 19:12:33.987,1.07804,1.07833,1.00,1.37
2014.07.17 19:12:34.501,1.07803,1.07831,1.00,1.00
2014.07.17 19:12:35.522,1.07803,1.07831,1.19,1.00
2014.07.17 19:12:36.816,1.07803,1.07831,1.25,1.00
2014.07.17 19:12:39.323,1.07803,1.07831,1.00,1.19
2014.07.17 19:12:40.018,1.07801,1.07829,1.37,1.00
2014.07.17 19:12:42.518,1.07804,1.0783,1.10,1.25
2014.07.17 19:12:42.826,1.07807,1.07832,1.20,1.19
2014.07.17 19:12:42.877,1.07807,1.07835,1.20,1.69
2014.07.17 19:12:45.066,1.07807,1.07835,1.20,1.00
2014.07.17 19:12:45.458,1.07807,1.07835,1.15,1.00
2014.07.17 19:12:48.149,1.07808,1.07837,1.15,1.25
2014.07.17 19:12:48.661,1.07808,1.07838,1.84,2.44
2014.07.17 19:12:51.692,1.07808,1.07837,1.65,1.19
2014.07.17 19:12:52.805,1.07808,1.07838,1.65,1.69
2014.07.17 19:12:53.670,1.07808,1.07838,1.65,1.69
2014.07.17 19:12:53.721,1.07808,1.07836,1.20,1.00
2014.07.17 19:12:54.823,1.07806,1.07836,1.84,1.69
2014.07.17 19:12:55.883,1.07806,1.07836,1.65,1.69
2014.07.17 19:12:56.790,1.0781,1.07837,1.00,1.19
2014.07.17 19:12:57.097,1.0781,1.07838,1.15,1.69
2014.07.17 19:12:58.635,1.0781,1.07838,1.15,1.19
2014.07.17 19:13:03.826,1.0781,1.07838,1.40,1.25
2014.07.17 19:13:08.523,1.07812,1.07841,1.08,1.19
2014.07.17 19:13:10.569,1.07812,1.07842,1.33,2.44
2014.07.17 19:13:14.415,1.07813,1.07842,1.58,1.19
2014.07.17 19:13:14.954,1.07813,1.07841,1.65,1.19
2014.07.17 19:13:15.221,1.07813,1.0784,1.65,1.19
2014.07.17 19:13:15.444,1.07813,1.0784,1.58,1.69
2014.07.17 19:13:18.654,1.07812,1.0784,1.08,2.44
2014.07.17 19:13:22.205,1.07813,1.07841,1.58,1.19
2014.07.17 19:13:23.272,1.07813,1.0784,1.58,1.19
2014.07.17 19:13:23.856,1.07813,1.0784,1.08,1.19
2014.07.17 19:13:24.311,1.07812,1.07841,1.18,1.19
2014.07.17 19:13:24.957,1.07812,1.07841,1.15,1.19
2014.07.17 19:13:25.463,1.07812,1.0784,1.15,1.19
2014.07.17 19:13:25.514,1.07812,1.0784,1.18,1.19
2014.07.17 19:13:30.190,1.07812,1.07842,1.18,1.69
2014.07.17 19:13:32.897,1.07812,1.07839,1.18,1.19
2014.07.17 19:13:33.355,1.07812,1.07839,1.15,1.19
2014.07.17 19:13:33.912,1.07812,1.0784,1.15,1.19
2014.07.17 19:13:34.950,1.07812,1.0784,1.15,1.69
2014.07.17 19:13:36.055,1.07814,1.07841,1.08,1.19
2014.07.17 19:13:40.424,1.07814,1.07841,1.08,1.19
2014.07.17 19:13:41.318,1.07814,1.07841,1.08,1.69
2014.07.17 19:13:42.465,1.07814,1.07841,1.08,1.19
2014.07.17 19:13:43.174,1.07817,1.07842,1.00,1.32
2014.07.17 19:13:43.728,1.07817,1.07843,1.00,1.57
2014.07.17 19:13:43.886,1.07815,1.07843,1.58,2.07
2014.07.17 19:13:44.038,1.07815,1.07841,1.00,1.19
2014.07.17 19:13:44.803,1.07813,1.0784,1.10,1.19
2014.07.17 19:13:45.555,1.07813,1.0784,1.10,1.19
2014.07.17 19:13:48.742,1.07813,1.07841,1.10,1.69
2014.07.17 19:13:49.973,1.07814,1.07841,1.00,1.19
2014.07.17 19:13:50.478,1.07814,1.07841,1.08,1.19
2014.07.17 19:13:52.099,1.07814,1.07842,1.08,1.69
2014.07.17 19:13:53.364,1.07814,1.07841,1.08,1.19
2014.07.17 19:13:55.974,1.07811,1.07841,1.84,2.44
2014.07.17 19:13:57.784,1.07811,1.07839,1.65,1.19
2014.07.17 19:13:59.227,1.07814,1.0784,1.00,1.19
2014.07.17 19:14:00.177,1.07814,1.0784,1.00,1.19
2014.07.17 19:14:00.887,1.07812,1.0784,1.18,1.19
2014.07.17 19:14:01.441,1.07811,1.07839,1.15,1.19
2014.07.17 19:14:05.997,1.07811,1.07838,1.15,1.19
2014.07.17 19:14:07.102,1.07811,1.07839,1.15,1.19
2014.07.17 19:14:07.255,1.07811,1.07839,1.00,1.19
2014.07.17 19:14:08.142,1.07811,1.0784,1.00,1.19
2014.07.17 19:14:09.107,1.07811,1.07838,1.00,1.19
2014.07.17 19:14:11.733,1.07811,1.07839,1.00,1.19
2014.07.17 19:14:14.036,1.07811,1.0784,1.00,1.19
2014.07.17 19:14:15.144,1.07812,1.0784,1.00,1.19
2014.07.17 19:14:15.459,1.07814,1.0784,1.00,1.19
2014.07.17 19:14:16.623,1.07812,1.0784,1.00,1.19
2014.07.17 19:14:17.130,1.07811,1.07841,1.20,2.07
2014.07.17 19:14:18.134,1.07811,1.07838,1.20,1.19
2014.07.17 19:14:20.796,1.07811,1.0784,1.20,1.19
2014.07.17 19:14:21.726,1.07815,1.0784,1.00,1.19
2014.07.17 19:14:21.777,1.07815,1.07841,1.00,1.19
2014.07.17 19:14:21.878,1.07815,1.07843,1.00,1.45
2014.07.17 19:14:22.388,1.07815,1.07843,1.00,1.00
2014.07.17 19:14:22.751,1.07813,1.07841,1.39,1.00
2014.07.17 19:14:22.853,1.07815,1.07843,1.00,1.00
2014.07.17 19:14:23.380,1.07815,1.07843,1.33,1.00
2014.07.17 19:14:23.885,1.07815,1.07843,1.25,1.00
2014.07.17 19:14:24.404,1.07815,1.07843,1.27,1.00
2014.07.17 19:14:27.298,1.07815,1.07843,1.00,1.00
2014.07.17 19:14:27.901,1.07815,1.07843,1.00,1.38
2014.07.17 19:14:28.440,1.07815,1.07843,1.09,1.63
2014.07.17 19:14:28.745,1.0781,1.07838,1.15,1.19
2014.07.17 19:14:28.796,1.0781,1.07838,1.10,1.19
2014.07.17 19:14:29.823,1.0781,1.07838,1.10,1.69
2014.07.17 19:14:31.644,1.0781,1.07838,1.10,1.19
2014.07.17 19:14:32.164,1.07806,1.07834,1.37,1.00
2014.07.17 19:14:32.672,1.07806,1.07834,1.00,1.00
2014.07.17 19:14:34.111,1.07806,1.07834,1.00,1.69
2014.07.17 19:14:35.473,1.07802,1.07832,1.09,1.25
2014.07.17 19:14:35.624,1.07802,1.07832,1.18,1.69
2014.07.17 19:14:37.324,1.07802,1.07831,1.18,1.19
2014.07.17 19:14:38.627,1.07802,1.07831,1.18,1.19
2014.07.17 19:14:40.633,1.07802,1.0783,1.18,1.19
2014.07.17 19:14:41.753,1.07802,1.07831,1.18,1.19
2014.07.17 19:14:42.770,1.07802,1.07832,1.18,1.69
2014.07.17 19:14:45.856,1.07801,1.07831,1.84,1.69
2014.07.17 19:14:46.382,1.07804,1.07833,1.25,1.00
2014.07.17 19:14:46.585,1.07805,1.07833,1.77,1.00
2014.07.17 19:14:46.686,1.07806,1.07836,1.69,1.50
2014.07.17 19:14:48.696,1.07806,1.07836,2.44,1.50
2014.07.17 19:14:49.101,1.07806,1.07834,1.19,1.50
2014.07.17 19:14:49.621,1.07807,1.07835,1.34,1.00
2014.07.17 19:14:51.470,1.07807,1.07835,1.25,1.00
2014.07.17 19:14:52.011,1.07807,1.07835,1.19,1.00
2014.07.17 19:14:53.017,1.07807,1.07835,1.00,1.25
2014.07.17 19:14:54.003,1.07807,1.07835,1.19,1.00
2014.07.17 19:14:54.515,1.07807,1.07835,1.37,1.00
2014.07.17 19:14:54.921,1.0781,1.07839,1.27,1.88
2014.07.17 19:14:54.971,1.0781,1.07839,1.37,1.50
2014.07.17 19:14:55.491,1.0781,1.07839,1.84,1.50
2014.07.17 19:14:56.001,1.07813,1.07839,1.37,1.50
2014.07.17 19:14:56.153,1.07813,1.07841,1.37,1.88
2014.07.17 19:14:56.693,1.07813,1.07842,1.37,1.88
2014.07.17 19:14:57.228,1.07812,1.07842,2.59,2.07
2014.07.17 19:14:57.799,1.07812,1.07842,2.59,2.07
2014.07.17 19:14:58.323,1.07812,1.07842,2.59,2.07
2014.07.17 19:14:58.907,1.07812,1.07842,2.59,2.07
2014.07.17 19:14:59.535,1.07812,1.07842,2.59,2.07
2014.07.17 19:15:00.384,1.07812,1.07842,2.59,2.07
2014.07.17 19:15:01.694,1.07812,1.07842,2.59,2.07
2014.07.17 19:15:02.206,1.07812,1.07842,2.59,2.07
2014.07.17 19:15:02.763,1.07813,1.07842,1.37,1.88
2014.07.17 19:15:05.780,1.07813,1.07842,1.37,1.88
2014.07.17 19:15:06.334,1.07812,1.07842,2.59,1.88
2014.07.17 19:15:06.836,1.07812,1.07842,2.59,1.88
2014.07.17 19:15:07.541,1.07812,1.07839,1.34,1.00
2014.07.17 19:15:07.644,1.0781,1.07839,1.09,1.00
2014.07.17 19:15:07.848,1.0781,1.07837,1.20,1.19
2014.07.17 19:15:09.358,1.07811,1.07837,1.00,1.19
2014.07.17 19:15:09.965,1.07811,1.07839,1.00,1.19
2014.07.17 19:15:10.987,1.07811,1.07839,1.00,1.00
2014.07.17 19:15:11.392,1.07814,1.07842,1.00,1.77
2014.07.17 19:15:11.966,1.07814,1.07842,1.00,1.25
2014.07.17 19:15:16.668,1.07813,1.07843,1.65,1.19
2014.07.17 19:15:16.719,1.07814,1.07842,1.00,1.19
2014.07.17 19:15:17.024,1.07815,1.07842,1.15,1.19
2014.07.17 19:15:17.126,1.07815,1.07845,1.15,2.44
2014.07.17 19:15:18.303,1.07817,1.07847,1.10,3.64
2014.07.17 19:15:19.075,1.07821,1.07846,1.00,2.07
2014.07.17 19:15:19.418,1.07827,1.07851,1.00,1.38
2014.07.17 19:15:19.470,1.07827,1.07853,1.08,1.63
2014.07.17 19:15:19.976,1.07826,1.07852,1.77,1.13
2014.07.17 19:15:20.577,1.07826,1.07854,1.77,1.38
2014.07.17 19:15:20.628,1.07826,1.07854,1.02,1.38
2014.07.17 19:15:21.336,1.07823,1.07852,1.19,3.38
2014.07.17 19:15:21.842,1.07822,1.07852,2.59,1.88
2014.07.17 19:15:22.350,1.07822,1.07852,2.59,1.88
2014.07.17 19:15:22.875,1.07824,1.07852,1.37,1.88
2014.07.17 19:15:23.541,1.07824,1.07852,1.37,1.88
2014.07.17 19:15:24.097,1.07824,1.07852,1.37,1.88
2014.07.17 19:15:24.814,1.07822,1.07847,1.34,1.00
2014.07.17 19:15:24.916,1.07822,1.07849,1.29,1.00
2014.07.17 19:15:25.018,1.07821,1.07849,1.29,1.00
2014.07.17 19:15:25.524,1.07821,1.07849,1.37,1.00
2014.07.17 19:15:26.334,1.07821,1.07849,1.84,1.00
2014.07.17 19:15:28.085,1.07821,1.07849,1.34,1.00
2014.07.17 19:15:28.135,1.07821,1.07849,1.37,1.00
2014.07.17 19:15:29.230,1.07821,1.07849,1.84,1.00
2014.07.17 19:15:33.264,1.07821,1.07849,1.37,1.00
2014.07.17 19:15:33.655,1.07823,1.07851,1.00,1.13
2014.07.17 19:15:34.365,1.07823,1.07851,1.69,1.13
2014.07.17 19:15:35.902,1.07823,1.07851,1.25,1.00
2014.07.17 19:15:36.690,1.07823,1.07851,1.00,2.07
2014.07.17 19:15:36.791,1.07823,1.07851,1.19,1.13
2014.07.17 19:15:37.297,1.07823,1.07851,1.40,1.88
2014.07.17 19:15:40.897,1.07825,1.07851,1.37,1.00
2014.07.17 19:15:48.099,1.07826,1.07851,1.29,1.13
2014.07.17 19:15:51.809,1.07826,1.07853,1.34,1.00
2014.07.17 19:15:55.677,1.0783,1.07853,1.00,1.00
2014.07.17 19:15:56.647,1.07829,1.07858,1.77,1.38
2014.07.17 19:15:56.698,1.07829,1.07858,1.77,1.00
2014.07.17 19:15:56.799,1.07829,1.07856,1.29,1.00
2014.07.17 19:15:56.952,1.07828,1.07858,1.27,1.50
2014.07.17 19:15:57.457,1.07829,1.07859,1.77,2.33
2014.07.17 19:15:58.044,1.07829,1.07859,1.77,2.33
2014.07.17 19:15:58.554,1.07829,1.07859,1.77,2.33
2014.07.17 19:15:59.673,1.0783,1.07859,1.19,2.33
2014.07.17 19:16:01.095,1.0783,1.07858,1.19,1.00
2014.07.17 19:16:01.606,1.07831,1.0786,1.19,1.08
2014.07.17 19:16:01.985,1.07831,1.07861,1.19,1.55
2014.07.17 19:16:02.542,1.07831,1.07861,1.19,2.97
2014.07.17 19:16:03.185,1.07831,1.07861,1.19,1.74
2014.07.17 19:16:04.551,1.07831,1.07861,1.19,2.97
2014.07.17 19:16:05.307,1.07831,1.07861,1.19,1.74
2014.07.17 19:16:05.970,1.07831,1.07861,1.69,1.47
2014.07.17 19:16:06.591,1.07831,1.07861,1.69,2.97
2014.07.17 19:16:07.873,1.07831,1.07861,1.19,2.97
2014.07.17 19:16:08.025,1.0783,1.0786,1.69,1.33
2014.07.17 19:16:08.876,1.07831,1.0786,1.19,1.08
2014.07.17 19:16:09.419,1.07834,1.07862,1.25,1.47
2014.07.17 19:16:09.930,1.07834,1.07862,1.19,1.48
2014.07.17 19:16:11.058,1.07834,1.07862,1.19,1.20
2014.07.17 19:16:11.719,1.07834,1.07862,1.29,1.38
2014.07.17 19:16:12.682,1.07834,1.07862,1.29,1.13
2014.07.17 19:16:13.608,1.07835,1.07862,1.19,1.13
2014.07.17 19:16:14.200,1.07835,1.07862,1.19,1.38
2014.07.17 19:16:14.796,1.07834,1.07862,1.77,1.38
2014.07.17 19:16:15.539,1.07834,1.07862,1.77,1.13
2014.07.17 19:16:16.072,1.07834,1.07864,2.52,2.07
2014.07.17 19:16:16.416,1.07836,1.07863,1.27,1.38
2014.07.17 19:16:16.467,1.07836,1.07863,1.27,1.00
2014.07.17 19:16:16.922,1.07838,1.07866,1.09,1.00
2014.07.17 19:16:17.811,1.07839,1.07866,1.29,1.00
2014.07.17 19:16:18.776,1.07841,1.07869,1.19,1.00
2014.07.17 19:16:19.137,1.07842,1.07869,1.19,1.00
2014.07.17 19:16:24.649,1.07841,1.07869,1.69,1.00
2014.07.17 19:16:27.341,1.07842,1.07869,1.19,1.00
2014.07.17 19:16:28.071,1.07842,1.07868,1.19,1.00
2014.07.17 19:16:28.173,1.0784,1.07868,1.00,1.25
2014.07.17 19:16:28.376,1.07839,1.07866,1.10,1.69
2014.07.17 19:16:28.478,1.07836,1.07866,1.84,2.44
2014.07.17 19:16:28.580,1.07836,1.07863,1.65,1.19
2014.07.17 19:16:29.289,1.07836,1.07863,1.00,1.77
2014.07.17 19:16:29.339,1.07833,1.07863,1.02,1.77
2014.07.17 19:16:29.846,1.07832,1.0786,1.84,1.00
2014.07.17 19:16:30.661,1.07832,1.0786,1.09,1.00
2014.07.17 19:16:31.977,1.07832,1.0786,1.84,1.00
2014.07.17 19:16:33.974,1.07832,1.0786,1.37,1.00
2014.07.17 19:16:35.223,1.07832,1.0786,1.84,1.00
2014.07.17 19:16:36.227,1.07832,1.0786,1.84,1.00
2014.07.17 19:16:36.768,1.07832,1.0786,1.84,1.00
2014.07.17 19:16:37.322,1.07834,1.0786,1.37,1.00
2014.07.17 19:16:38.313,1.07833,1.0786,1.34,1.00
2014.07.17 19:16:39.246,1.07833,1.07863,2.59,1.69
2014.07.17 19:16:39.913,1.07834,1.07863,1.37,1.50
2014.07.17 19:16:41.600,1.07833,1.07863,1.84,1.50
2014.07.17 19:16:47.120,1.07834,1.07863,1.37,1.50
2014.07.17 19:16:49.569,1.07833,1.07863,2.59,1.69
2014.07.17 19:16:50.382,1.07833,1.07863,2.59,2.07
2014.07.17 19:16:51.169,1.07833,1.07863,2.59,2.07
2014.07.17 19:16:51.902,1.07833,1.07863,1.84,2.07
2014.07.17 19:16:52.413,1.07833,1.07863,1.84,2.07
2014.07.17 19:16:52.948,1.07833,1.07863,1.84,1.88
2014.07.17 19:16:53.049,1.07833,1.07863,1.84,1.50
2014.07.17 19:16:56.831,1.07833,1.07863,1.77,1.50
2014.07.17 19:16:57.299,1.07833,1.07862,1.27,1.88
2014.07.17 19:16:58.177,1.07832,1.07862,2.59,2.07
2014.07.17 19:16:59.184,1.07832,1.07862,2.59,2.07
2014.07.17 19:16:59.794,1.07832,1.07862,1.84,1.88
2014.07.17 19:17:00.439,1.07832,1.07862,1.84,1.88
2014.07.17 19:17:01.752,1.07832,1.07862,1.84,1.88
2014.07.17 19:17:02.935,1.07832,1.07862,2.59,2.07
2014.07.17 19:17:03.566,1.07834,1.07862,1.10,1.32
2014.07.17 19:17:06.214,1.07834,1.07862,1.29,1.00
2014.07.17 19:17:08.121,1.07835,1.07863,1.25,1.00
2014.07.17 19:17:08.689,1.07835,1.07863,1.40,1.00
2014.07.17 19:17:10.972,1.07839,1.07865,1.08,1.25
2014.07.17 19:17:11.301,1.07841,1.07867,1.19,1.13
2014.07.17 19:17:11.807,1.07841,1.07867,1.19,1.88
2014.07.17 19:17:12.843,1.07838,1.07864,1.29,1.00
2014.07.17 19:17:13.047,1.07834,1.07864,1.69,1.25
2014.07.17 19:17:13.098,1.07834,1.07864,1.69,1.63
2014.07.17 19:17:13.200,1.07837,1.07865,1.00,1.29
2014.07.17 19:17:13.606,1.07835,1.07863,1.00,1.69
2014.07.17 19:17:13.657,1.07833,1.07863,1.09,1.69
2014.07.17 19:17:14.264,1.07833,1.07863,1.33,2.07
2014.07.17 19:17:14.769,1.07833,1.07863,1.02,1.69
2014.07.17 19:17:15.609,1.07833,1.07863,1.29,1.00
2014.07.17 19:17:16.914,1.07833,1.07863,1.02,1.25
2014.07.17 19:17:17.939,1.07833,1.07863,1.29,1.19
2014.07.17 19:17:19.153,1.07833,1.07863,1.02,1.25
2014.07.17 19:17:19.764,1.07833,1.07863,1.33,1.25
2014.07.17 19:17:21.627,1.07833,1.07863,1.09,1.02
2014.07.17 19:17:21.930,1.07833,1.07861,1.37,1.00
2014.07.17 19:17:24.139,1.07833,1.07861,1.00,1.13
2014.07.17 19:17:25.616,1.07833,1.07861,1.00,1.28
2014.07.17 19:17:26.156,1.07833,1.07861,1.00,1.13
2014.07.17 19:17:29.678,1.07831,1.07859,2.52,1.00
2014.07.17 19:17:31.413,1.07834,1.07862,1.00,1.32
2014.07.17 19:17:31.920,1.07832,1.0786,1.69,1.00
2014.07.17 19:17:32.903,1.07832,1.0786,1.25,1.00
2014.07.17 19:17:33.333,1.07836,1.07864,1.00,1.74
2014.07.17 19:17:33.637,1.07839,1.07865,1.65,1.00
2014.07.17 19:17:33.688,1.07838,1.07864,1.25,1.00
2014.07.17 19:17:33.840,1.07838,1.07864,1.25,1.38
2014.07.17 19:17:33.891,1.07836,1.07864,1.00,1.57
2014.07.17 19:17:34.423,1.07836,1.07864,1.00,1.57
2014.07.17 19:17:35.275,1.07836,1.07864,1.00,1.63
2014.07.17 19:17:36.758,1.07836,1.07864,1.25,1.63
2014.07.17 19:17:36.972,1.07836,1.07864,1.40,1.63
2014.07.17 19:17:38.084,1.07836,1.07864,1.34,1.38
2014.07.17 19:17:38.893,1.07837,1.07864,1.37,1.38
2014.07.17 19:17:39.412,1.07837,1.07864,1.37,1.38
2014.07.17 19:17:39.953,1.07836,1.07864,1.84,1.38
2014.07.17 19:17:42.218,1.07836,1.07864,1.84,1.38
2014.07.17 19:17:42.430,1.07836,1.07864,1.84,1.00
2014.07.17 19:17:44.415,1.07837,1.07866,1.18,1.25
2014.07.17 19:17:44.961,1.07837,1.07867,1.84,3.57
2014.07.17 19:17:45.773,1.07837,1.07866,1.84,1.88
2014.07.17 19:17:46.268,1.07837,1.07867,1.84,3.57
2014.07.17 19:17:47.336,1.07841,1.07867,1.10,2.07
2014.07.17 19:17:47.538,1.07841,1.07867,1.18,1.88
2014.07.17 19:17:47.943,1.07841,1.07869,1.18,1.38
2014.07.17 19:17:49.739,1.07839,1.07867,1.34,2.63
2014.07.17 19:17:50.250,1.07839,1.07866,1.15,1.88
2014.07.17 19:17:51.450,1.07839,1.07867,1.40,2.82
2014.07.17 19:17:52.513,1.07839,1.0786,1.40,1.88
2014.07.17 19:17:52.617,1.07839,1.07864,1.40,1.88
2014.07.17 19:17:55.856,1.07839,1.07864,1.02,1.88
2014.07.17 19:17:57.771,1.07839,1.07864,1.09,1.88
2014.07.17 19:17:58.305,1.07839,1.07864,1.34,1.88
2014.07.17 19:17:58.815,1.07839,1.07863,1.34,1.88
2014.07.17 19:18:06.370,1.07839,1.07861,1.34,1.88
2014.07.17 19:18:06.472,1.07839,1.07861,1.29,1.88
2014.07.17 19:18:07.029,1.07839,1.07861,1.10,1.88
2014.07.17 19:18:09.215,1.07839,1.07861,1.10,1.88
2014.07.17 19:18:12.776,1.0784,1.07861,1.00,1.88
2014.07.17 19:18:17.706,1.0784,1.07861,1.39,1.88
2014.07.17 19:18:18.143,1.0784,1.07858,1.39,1.88
2014.07.17 19:18:19.109,1.07838,1.07858,1.34,1.88
2014.07.17 19:18:20.849,1.07838,1.0786,1.34,1.88
2014.07.17 19:18:21.516,1.07839,1.0786,1.34,1.88
2014.07.17 19:18:22.520,1.0784,1.0786,1.39,1.88
2014.07.17 19:18:23.676,1.07839,1.07861,1.34,1.88
2014.07.17 19:18:26.861,1.07838,1.07861,1.40,1.88
2014.07.17 19:18:27.394,1.07838,1.07864,1.40,1.00
2014.07.17 19:18:27.447,1.0784,1.07866,1.15,1.88
2014.07.17 19:18:27.952,1.07844,1.07866,1.40,1.88
2014.07.17 19:18:32.261,1.07849,1.07866,1.00,1.88
2014.07.17 19:18:32.621,1.07849,1.0787,1.00,1.00
2014.07.17 19:18:32.773,1.07849,1.07872,1.00,1.88
2014.07.17 19:18:32.875,1.07849,1.07867,1.00,1.88
2014.07.17 19:18:33.430,1.07848,1.07867,1.77,1.88
2014.07.17 19:18:35.874,1.07848,1.07867,1.77,1.88
2014.07.17 19:18:36.463,1.07848,1.07867,1.84,1.88
2014.07.17 19:18:37.253,1.07852,1.07867,1.00,1.88
2014.07.17 19:18:37.354,1.0785,1.0787,1.08,1.00
2014.07.17 19:18:37.455,1.07852,1.07874,1.00,1.88
2014.07.17 19:18:37.607,1.07852,1.07879,1.00,1.57
2014.07.17 19:18:38.187,1.07852,1.07879,1.00,1.19
2014.07.17 19:18:39.324,1.07852,1.0788,1.00,1.57
2014.07.17 19:18:39.375,1.0785,1.07878,1.08,1.88
2014.07.17 19:18:39.683,1.07846,1.07871,1.00,1.00
2014.07.17 19:18:40.585,1.07846,1.0787,1.00,1.00
2014.07.17 19:18:42.253,1.07845,1.0787,1.00,1.00
2014.07.17 19:18:42.809,1.07844,1.0787,1.65,1.00
2014.07.17 19:18:44.079,1.07844,1.07871,1.65,1.00
2014.07.17 19:18:44.614,1.07844,1.07873,1.65,2.07
2014.07.17 19:18:44.868,1.07844,1.07871,1.20,1.00
2014.07.17 19:18:45.411,1.07844,1.0787,1.20,1.25
2014.07.17 19:18:47.432,1.07844,1.07872,1.08,1.19
2014.07.17 19:18:47.923,1.07844,1.07874,1.33,2.07
2014.07.17 19:18:50.937,1.07844,1.07874,1.27,1.19
2014.07.17 19:18:52.079,1.07844,1.07874,1.77,1.32
2014.07.17 19:18:53.149,1.07844,1.07874,1.08,1.32
2014.07.17 19:18:54.274,1.07844,1.07874,1.33,2.07
2014.07.17 19:18:55.355,1.07845,1.07874,1.29,1.32
2014.07.17 19:18:56.214,1.07844,1.07873,1.19,1.00
2014.07.17 19:18:56.366,1.07843,1.07873,1.19,1.19
2014.07.17 19:18:57.061,1.07843,1.07873,1.27,1.19
2014.07.17 19:18:57.627,1.07843,1.07873,1.84,1.25
2014.07.17 19:19:02.230,1.07843,1.07872,1.34,1.00
2014.07.17 19:19:02.382,1.07842,1.07872,1.77,1.50
2014.07.17 19:19:02.484,1.07845,1.07873,1.00,1.32
2014.07.17 19:19:06.000,1.07845,1.07873,1.10,1.19
2014.07.17 19:19:07.152,1.07845,1.07873,1.77,1.00
2014.07.17 19:19:07.456,1.07847,1.07877,1.50,3.19
2014.07.17 19:19:08.018,1.07847,1.07877,1.69,1.58
2014.07.17 19:19:08.119,1.0785,1.07877,1.00,1.10
2014.07.17 19:19:08.635,1.0785,1.0788,1.50,1.77
2014.07.17 19:19:09.160,1.0785,1.0788,1.69,1.77
2014.07.17 19:19:09.786,1.0785,1.07879,1.69,2.07
2014.07.17 19:19:10.359,1.0785,1.07879,1.69,2.07
2014.07.17 19:19:11.938,1.0785,1.07879,1.69,2.25
2014.07.17 19:19:12.274,1.0785,1.07879,1.50,2.07
2014.07.17 19:19:12.375,1.0785,1.07875,1.00,1.00
2014.07.17 19:19:12.679,1.07852,1.07873,1.00,1.88
2014.07.17 19:19:12.831,1.07848,1.07873,1.29,1.88
2014.07.17 19:19:13.033,1.07849,1.07873,1.19,1.88
2014.07.17 19:19:14.028,1.07848,1.07873,1.29,1.88
2014.07.17 19:19:16.736,1.07847,1.07872,1.77,1.88
2014.07.17 19:19:17.422,1.07849,1.07876,1.25,1.13
2014.07.17 19:19:17.928,1.07849,1.07877,1.25,1.32
2014.07.17 19:19:18.112,1.07849,1.07877,1.19,1.13
2014.07.17 19:19:21.249,1.0785,1.07875,1.19,1.00
2014.07.17 19:19:27.097,1.0785,1.07875,1.19,1.00
2014.07.17 19:19:28.077,1.07849,1.07875,1.19,1.00
2014.07.17 19:19:29.095,1.0785,1.07875,1.69,1.00
2014.07.17 19:19:30.110,1.0785,1.07875,1.19,1.00
2014.07.17 19:19:31.108,1.0785,1.07875,1.69,1.00
2014.07.17 19:19:33.069,1.0785,1.07876,1.19,1.00
2014.07.17 19:19:33.643,1.0785,1.07878,1.29,2.63
2014.07.17 19:19:35.110,1.07851,1.07878,1.84,1.88
2014.07.17 19:19:36.137,1.07852,1.07878,1.29,1.88
2014.07.17 19:19:36.649,1.07851,1.07878,1.18,2.63
2014.07.17 19:19:36.802,1.07849,1.07875,1.19,1.00
2014.07.17 19:19:37.106,1.07847,1.07867,1.65,1.88
2014.07.17 19:19:37.878,1.07848,1.0787,1.08,1.00
2014.07.17 19:19:38.031,1.07848,1.07874,1.58,1.88
2014.07.17 19:19:38.511,1.07848,1.07877,1.58,2.07
2014.07.17 19:19:38.666,1.07851,1.07877,1.10,2.07
2014.07.17 19:19:39.173,1.07851,1.07877,1.18,2.07
2014.07.17 19:19:44.588,1.07851,1.07881,1.84,3.49
2014.07.17 19:19:44.690,1.07854,1.07881,1.50,1.69
2014.07.17 19:19:44.842,1.07854,1.07882,1.69,1.95
2014.07.17 19:19:46.063,1.07854,1.07882,2.59,1.88
2014.07.17 19:19:47.500,1.07854,1.07882,2.59,1.88
2014.07.17 19:19:48.505,1.07855,1.07882,1.29,1.88
2014.07.17 19:19:52.713,1.07856,1.07882,1.25,1.95
2014.07.17 19:19:53.018,1.07856,1.07882,1.25,2.03
2014.07.17 19:19:54.221,1.07856,1.07882,1.00,1.95
2014.07.17 19:19:54.271,1.07856,1.07882,1.00,1.88
2014.07.17 19:19:56.892,1.07856,1.07882,1.19,1.88
2014.07.17 19:19:57.397,1.07856,1.07881,1.19,1.13
2014.07.17 19:19:58.193,1.07856,1.07881,1.00,1.13
2014.07.17 19:19:58.463,1.07853,1.07881,1.19,1.88
2014.07.17 19:19:59.693,1.07853,1.0788,1.19,1.10
2014.07.17 19:20:00.241,1.07853,1.0788,1.19,1.08
2014.07.17 19:20:00.755,1.07853,1.0788,1.19,1.00
2014.07.17 19:20:01.313,1.07853,1.07881,1.19,1.13
2014.07.17 19:20:01.661,1.07849,1.07879,1.88,1.50
2014.07.17 19:20:01.712,1.07849,1.07878,1.50,1.19
2014.07.17 19:20:02.067,1.07849,1.07878,1.50,1.47
2014.07.17 19:20:02.168,1.07847,1.07875,1.00,1.18
2014.07.17 19:20:03.556,1.07849,1.07875,1.32,1.18
2014.07.17 19:20:03.609,1.07851,1.07879,1.00,1.53
2014.07.17 19:20:03.761,1.07852,1.07879,1.19,1.00
2014.07.17 19:20:04.065,1.07854,1.07879,1.19,1.00
2014.07.17 19:20:04.874,1.07852,1.07879,1.19,1.00
2014.07.17 19:20:05.482,1.07854,1.07882,1.25,1.58
2014.07.17 19:20:07.052,1.07854,1.07882,1.19,1.58
2014.07.17 19:20:08.379,1.07854,1.07882,1.69,1.58
2014.07.17 19:20:12.368,1.07853,1.07881,1.69,1.13
2014.07.17 19:20:13.183,1.07856,1.07883,1.00,3.75
2014.07.17 19:20:13.689,1.07856,1.07883,1.00,3.75
2014.07.17 19:20:14.214,1.07855,1.07883,1.00,2.70
2014.07.17 19:20:14.822,1.07855,1.07882,1.25,1.88
2014.07.17 19:20:15.127,1.07853,1.07882,1.19,3.53
2014.07.17 19:20:15.380,1.07853,1.07882,1.00,2.03
2014.07.17 19:20:16.407,1.07853,1.07883,1.19,2.97
2014.07.17 19:20:17.130,1.07852,1.07877,1.19,1.08
2014.07.17 19:20:17.182,1.07849,1.07877,2.07,1.08
2014.07.17 19:20:17.435,1.07851,1.07879,1.00,1.15
2014.07.17 19:20:17.536,1.07851,1.07879,1.00,1.15
2014.07.17 19:20:17.991,1.07851,1.07879,1.19,1.10
2014.07.17 19:20:18.994,1.07852,1.07879,1.19,1.10
2014.07.17 19:20:20.415,1.07854,1.07882,1.00,1.28
2014.07.17 19:20:20.466,1.07854,1.07882,1.00,1.20
2014.07.17 19:20:22.190,1.07854,1.07882,1.19,1.20
2014.07.17 19:20:23.034,1.07853,1.0788,1.19,1.00
2014.07.17 19:20:23.539,1.07853,1.0788,1.19,1.18
2014.07.17 19:20:24.401,1.07854,1.0788,1.19,1.18
2014.07.17 19:20:24.943,1.07854,1.0788,1.19,1.00
2014.07.17 19:20:25.400,1.07853,1.07883,1.19,3.27
2014.07.17 19:20:26.405,1.07853,1.07883,1.69,3.27
2014.07.17 19:20:27.408,1.07854,1.07883,1.19,3.08
2014.07.17 19:20:30.059,1.07853,1.07883,1.25,3.27
2014.07.17 19:20:31.219,1.07853,1.07883,1.69,3.27
2014.07.17 19:20:31.643,1.07853,1.07879,1.19,1.00
2014.07.17 19:20:32.101,1.07853,1.07879,1.19,1.08
2014.07.17 19:20:32.555,1.07851,1.07879,1.19,1.15
2014.07.17 19:20:33.628,1.07851,1.07879,1.69,1.15
2014.07.17 19:20:36.839,1.07852,1.07879,1.19,1.15
2014.07.17 19:20:37.989,1.07851,1.07879,1.69,1.15
2014.07.17 19:20:38.246,1.07851,1.07879,1.69,1.00
2014.07.17 19:20:41.144,1.07851,1.07878,1.19,1.08
2014.07.17 19:20:42.988,1.0785,1.07878,1.69,1.18
2014.07.17 19:20:44.191,1.0785,1.07878,1.19,1.18
2014.07.17 19:20:47.620,1.07851,1.07879,1.69,1.15
2014.07.17 19:20:48.780,1.07851,1.07879,1.19,1.15
2014.07.17 19:20:49.886,1.07851,1.07879,1.69,1.15
2014.07.17 19:20:56.103,1.07851,1.07879,1.19,1.15
2014.07.17 19:20:57.149,1.07851,1.07879,1.69,1.15
2014.07.17 19:21:02.823,1.07851,1.07879,1.19,1.15
2014.07.17 19:21:04.038,1.07851,1.07879,1.69,1.15
2014.07.17 19:21:04.544,1.07851,1.07879,1.00,1.15
2014.07.17 19:21:04.595,1.07848,1.07875,1.32,1.00
2014.07.17 19:21:05.201,1.07849,1.07877,1.32,1.10
2014.07.17 19:21:05.978,1.0785,1.07877,1.19,1.10
2014.07.17 19:21:07.543,1.07854,1.07878,1.50,1.08
2014.07.17 19:21:07.595,1.07854,1.07882,1.50,2.22
2014.07.17 19:21:08.138,1.07854,1.07882,1.50,1.19
2014.07.17 19:21:08.779,1.07854,1.0788,2.25,1.00
2014.07.17 19:21:09.437,1.07854,1.07882,1.50,1.19
2014.07.17 19:21:09.983,1.07856,1.07883,1.00,2.59
2014.07.17 19:21:11.178,1.07856,1.07883,1.00,1.84
2014.07.17 19:21:11.541,1.07856,1.07883,1.00,1.84
2014.07.17 19:21:12.046,1.07857,1.07883,1.00,1.77
2014.07.17 19:21:12.658,1.07856,1.0788,1.00,1.00
2014.07.17 19:21:13.179,1.07856,1.07883,1.00,1.77
2014.07.17 19:21:13.837,1.07856,1.07882,1.00,1.29
2014.07.17 19:21:14.800,1.07856,1.0788,1.00,1.69
2014.07.17 19:21:16.705,1.07854,1.0788,1.00,2.14
2014.07.17 19:21:16.795,1.07854,1.07877,1.00,1.19
2014.07.17 19:21:16.850,1.07852,1.07877,1.50,1.19
2014.07.17 19:21:17.456,1.0785,1.07876,1.00,1.39
2014.07.17 19:21:17.968,1.0785,1.07874,1.50,1.10
2014.07.17 19:21:18.492,1.0785,1.07875,1.00,1.69
2014.07.17 19:21:19.364,1.07848,1.07875,1.00,1.77
2014.07.17 19:21:19.465,1.07846,1.07874,1.00,1.39
2014.07.17 19:21:20.435,1.07846,1.07875,1.00,1.84
2014.07.17 19:21:20.940,1.07845,1.07872,1.00,1.00
2014.07.17 19:21:20.991,1.07845,1.07871,1.00,1.69
2014.07.17 19:21:21.530,1.07846,1.07871,1.00,1.19
2014.07.17 19:21:22.079,1.07846,1.07872,1.00,1.19
2014.07.17 19:21:23.231,1.07846,1.07872,1.00,1.19
2014.07.17 19:21:23.964,1.07844,1.07871,1.13,1.25
2014.07.17 19:21:24.217,1.07843,1.07867,1.63,1.00
2014.07.17 19:21:24.571,1.07842,1.07871,1.63,2.14
2014.07.17 19:21:25.165,1.07841,1.07871,2.22,1.69
2014.07.17 19:21:25.705,1.07841,1.07871,2.22,1.69
2014.07.17 19:21:26.376,1.07843,1.07871,1.57,1.58
2014.07.17 19:21:27.602,1.07848,1.07874,1.00,1.27
2014.07.17 19:21:28.556,1.07848,1.07876,1.50,2.07
2014.07.17 19:21:29.809,1.07848,1.07876,1.50,2.97
2014.07.17 19:21:31.733,1.07848,1.07875,1.50,2.22
2014.07.17 19:21:32.249,1.07848,1.07875,1.50,2.14
2014.07.17 19:21:33.292,1.07848,1.07875,1.50,1.39
2014.07.17 19:21:33.694,1.07847,1.07873,1.65,1.00
2014.07.17 19:21:33.947,1.07846,1.07874,1.10,1.25
2014.07.17 19:21:36.341,1.07846,1.0787,1.10,1.00
2014.07.17 19:21:42.711,1.07845,1.0787,1.37,1.50
2014.07.17 19:21:44.008,1.07844,1.0787,1.47,1.50
2014.07.17 19:21:45.943,1.07844,1.0787,1.47,1.00
2014.07.17 19:21:46.372,1.07842,1.0787,1.78,1.00
2014.07.17 19:21:46.473,1.07842,1.0787,1.09,1.00
2014.07.17 19:21:47.472,1.07842,1.0787,1.25,1.25
2014.07.17 19:21:47.991,1.0784,1.07869,1.29,1.00
2014.07.17 19:21:48.496,1.07839,1.07869,1.84,1.25
2014.07.17 19:21:49.455,1.07839,1.07869,1.47,1.00
2014.07.17 19:21:51.681,1.0784,1.07869,1.29,1.00
2014.07.17 19:21:53.651,1.0784,1.07867,1.29,1.00
2014.07.17 19:21:54.107,1.07839,1.07864,1.19,1.00
2014.07.17 19:21:54.562,1.07837,1.07864,1.27,1.00
2014.07.17 19:21:55.678,1.07836,1.07864,1.19,1.00
2014.07.17 19:21:57.310,1.07836,1.07864,1.19,1.08
2014.07.17 19:21:58.579,1.07836,1.07864,1.25,1.33
2014.07.17 19:22:00.457,1.07836,1.07864,1.63,1.08
2014.07.17 19:22:01.468,1.07836,1.07864,1.57,1.08
2014.07.17 19:22:02.000,1.07836,1.07864,1.57,1.08
2014.07.17 19:22:03.196,1.07836,1.07864,2.07,1.08
2014.07.17 19:22:03.711,1.07836,1.07864,2.07,1.08
2014.07.17 19:22:04.273,1.07836,1.07864,2.07,1.08
2014.07.17 19:22:04.798,1.07836,1.07864,2.07,1.08
2014.07.17 19:22:07.786,1.07836,1.07864,2.07,1.08
2014.07.17 19:22:08.334,1.07836,1.07864,2.07,1.08
2014.07.17 19:22:12.244,1.07836,1.07864,2.07,1.08
2014.07.17 19:22:12.855,1.07836,1.07864,2.07,1.08
2014.07.17 19:22:15.219,1.07836,1.07864,1.57,1.58
2014.07.17 19:22:15.523,1.07839,1.07864,2.07,1.58
2014.07.17 19:22:15.675,1.07839,1.07867,2.82,1.08
2014.07.17 19:22:15.726,1.07839,1.07867,2.82,1.00
2014.07.17 19:22:16.425,1.07839,1.07865,2.82,1.08
2014.07.17 19:22:17.909,1.07837,1.07864,1.57,1.10
2014.07.17 19:22:22.097,1.07836,1.07864,2.07,1.10
2014.07.17 19:22:22.812,1.07836,1.07864,2.07,1.10
2014.07.17 19:22:24.230,1.07836,1.07864,2.07,1.10
2014.07.17 19:22:24.900,1.07837,1.07865,1.57,1.18
2014.07.17 19:22:25.405,1.07837,1.07866,1.57,1.40
2014.07.17 19:22:25.908,1.07837,1.07864,1.57,1.10
2014.07.17 19:22:31.188,1.07836,1.07864,1.57,1.10
2014.07.17 19:22:31.893,1.07836,1.07864,1.57,1.10
2014.07.17 19:22:33.152,1.07838,1.07866,1.32,1.15
2014.07.17 19:22:33.508,1.07835,1.07863,1.63,1.18
2014.07.17 19:22:33.762,1.07835,1.07863,1.00,1.37
2014.07.17 19:22:34.370,1.07835,1.07863,1.00,1.34
2014.07.17 19:22:34.471,1.07832,1.07862,2.07,1.84
2014.07.17 19:22:34.977,1.07832,1.07862,2.07,1.84
2014.07.17 19:22:35.624,1.07832,1.07862,2.07,1.84
2014.07.17 19:22:36.303,1.07832,1.07862,2.07,1.84
2014.07.17 19:22:36.892,1.07832,1.07862,2.07,1.84
2014.07.17 19:22:37.404,1.07832,1.07862,2.07,1.84
2014.07.17 19:22:38.037,1.07832,1.0786,2.07,1.15
2014.07.17 19:22:38.568,1.07832,1.07862,2.07,1.84
2014.07.17 19:22:38.821,1.07832,1.07857,1.57,1.00
2014.07.17 19:22:38.923,1.07828,1.07857,3.38,1.19
2014.07.17 19:22:39.025,1.07829,1.07854,1.88,1.19
2014.07.17 19:22:39.330,1.07825,1.07851,1.38,1.19
2014.07.17 19:22:40.258,1.07823,1.07851,1.88,1.19
2014.07.17 19:22:40.386,1.07823,1.07852,1.88,1.69
2014.07.17 19:22:40.923,1.07824,1.07852,1.88,1.69
2014.07.17 19:22:41.473,1.07823,1.07852,1.88,1.69
2014.07.17 19:22:42.085,1.07824,1.07852,1.88,1.69
2014.07.17 19:22:42.694,1.07824,1.07852,1.88,1.84
2014.07.17 19:22:43.210,1.07823,1.07852,2.07,1.84
2014.07.17 19:22:43.949,1.07824,1.07852,2.07,1.84
2014.07.17 19:22:44.465,1.07823,1.07852,2.82,1.84
2014.07.17 19:22:45.186,1.07824,1.07852,2.07,1.65
2014.07.17 19:22:45.697,1.07823,1.07852,3.57,1.65
2014.07.17 19:22:46.203,1.07824,1.07852,2.07,1.65
2014.07.17 19:22:47.063,1.07823,1.07852,3.57,1.65
2014.07.17 19:22:47.569,1.07824,1.07852,2.07,1.65
2014.07.17 19:22:49.108,1.07829,1.07856,1.25,2.03
2014.07.17 19:22:49.616,1.07826,1.07854,1.57,1.08
2014.07.17 19:22:49.768,1.07828,1.07856,2.63,1.29
2014.07.17 19:22:50.174,1.07829,1.07856,1.88,1.27
2014.07.17 19:22:50.327,1.07828,1.07856,1.38,1.29
2014.07.17 19:22:50.936,1.07825,1.07855,2.07,1.08
2014.07.17 19:22:51.260,1.07825,1.07855,1.00,1.34
2014.07.17 19:22:51.682,1.07825,1.07855,1.38,1.34
2014.07.17 19:22:51.987,1.07825,1.07855,1.00,1.34
2014.07.17 19:22:52.248,1.07825,1.07853,1.00,1.27
2014.07.17 19:22:52.760,1.07822,1.07852,1.88,1.84
2014.07.17 19:22:53.100,1.07822,1.07852,2.63,1.84
2014.07.17 19:22:53.800,1.07823,1.0785,1.88,1.34
2014.07.17 19:22:54.468,1.07822,1.07852,1.88,2.59
2014.07.17 19:22:56.653,1.07822,1.07852,1.88,2.59
2014.07.17 19:22:57.183,1.07822,1.07852,1.88,1.84
2014.07.17 19:22:57.844,1.07822,1.07852,1.88,1.84
2014.07.17 19:22:58.452,1.07822,1.07852,2.07,1.84
2014.07.17 19:22:59.372,1.07822,1.0785,1.63,1.10
2014.07.17 19:22:59.974,1.07822,1.0785,1.38,1.10
2014.07.17 19:23:00.620,1.07822,1.0785,1.38,1.10
2014.07.17 19:23:01.125,1.07822,1.0785,1.88,1.10
2014.07.17 19:23:01.682,1.07822,1.07852,1.88,1.84
2014.07.17 19:23:02.415,1.07822,1.07852,2.07,2.59
2014.07.17 19:23:02.897,1.07822,1.0785,1.88,1.29
2014.07.17 19:23:03.450,1.07819,1.07849,3.57,1.69
2014.07.17 19:23:03.971,1.07819,1.07849,2.07,1.69
2014.07.17 19:23:04.936,1.07819,1.07849,3.57,1.69
2014.07.17 19:23:05.585,1.07819,1.07849,3.57,1.69
2014.07.17 19:23:06.375,1.07819,1.07849,2.82,1.50
2014.07.17 19:23:06.973,1.07819,1.07849,4.32,1.50
2014.07.17 19:23:07.590,1.07822,1.0785,1.63,1.10
2014.07.17 19:23:08.353,1.07822,1.0785,1.63,1.10
2014.07.17 19:23:09.014,1.07822,1.0785,1.63,1.10
2014.07.17 19:23:09.815,1.07822,1.0785,1.63,1.10
2014.07.17 19:23:10.462,1.07822,1.0785,1.57,1.10
2014.07.17 19:23:12.389,1.07822,1.0785,1.57,1.10
2014.07.17 19:23:12.900,1.07822,1.0785,2.07,1.10
2014.07.17 19:23:13.762,1.07822,1.0785,1.57,1.10
2014.07.17 19:23:14.319,1.07822,1.0785,1.57,1.10
2014.07.17 19:23:14.865,1.07822,1.0785,1.57,1.10
2014.07.17 19:23:16.982,1.07822,1.0785,1.57,2.40
2014.07.17 19:23:17.571,1.07821,1.07849,2.07,1.15
2014.07.17 19:23:19.041,1.07821,1.07849,2.07,1.15
2014.07.17 19:23:20.652,1.07821,1.07849,2.07,1.15
2014.07.17 19:23:21.252,1.07821,1.07849,2.07,1.15
2014.07.17 19:23:23.467,1.0782,1.07847,1.57,1.18
2014.07.17 19:23:24.043,1.0782,1.07847,1.57,1.18
2014.07.17 19:23:24.554,1.07819,1.07847,1.57,1.18
2014.07.17 19:23:25.215,1.07819,1.07847,2.82,1.18
2014.07.17 19:23:25.771,1.07819,1.07847,1.63,1.09
2014.07.17 19:23:26.276,1.07819,1.07847,2.82,1.18
2014.07.17 19:23:26.792,1.07819,1.07846,2.82,1.10
2014.07.17 19:23:27.615,1.07819,1.07845,1.19,1.00
2014.07.17 19:23:27.768,1.07819,1.07845,2.82,1.00
2014.07.17 19:23:28.286,1.07821,1.07849,1.57,1.15
2014.07.17 19:23:28.845,1.07821,1.07849,1.57,1.15
2014.07.17 19:23:29.813,1.07821,1.07849,1.63,1.15
2014.07.17 19:23:30.346,1.07821,1.07849,1.38,1.15
2014.07.17 19:23:30.686,1.07819,1.07848,2.07,1.65
2014.07.17 19:23:31.136,1.07818,1.07848,4.32,1.65
2014.07.17 19:23:33.696,1.07819,1.07844,1.88,1.15
2014.07.17 19:23:35.000,1.07816,1.07844,1.63,1.15
2014.07.17 19:23:36.322,1.07816,1.07844,1.63,1.15
2014.07.17 19:23:36.835,1.07816,1.07844,1.63,1.15
2014.07.17 19:23:37.425,1.07816,1.07846,2.82,1.84
2014.07.17 19:23:37.940,1.07816,1.07846,2.82,1.84
2014.07.17 19:23:38.446,1.07816,1.07846,2.82,1.84
2014.07.17 19:23:39.055,1.07816,1.07846,2.82,1.84
2014.07.17 19:23:40.002,1.07816,1.07846,2.82,1.84
2014.07.17 19:23:40.750,1.07816,1.07846,2.82,1.84
2014.07.17 19:23:40.801,1.07816,1.07846,2.82,1.84
2014.07.17 19:23:41.264,1.0782,1.07848,1.50,1.84
2014.07.17 19:23:41.568,1.07822,1.0785,2.07,1.65
2014.07.17 19:23:41.674,1.07822,1.0785,2.07,1.50
2014.07.17 19:23:42.455,1.07822,1.0785,1.63,1.25
2014.07.17 19:23:43.863,1.07822,1.0785,1.63,1.25
2014.07.17 19:23:44.899,1.07822,1.0785,1.63,1.00
2014.07.17 19:23:45.708,1.07822,1.0785,1.38,1.19
2014.07.17 19:23:46.370,1.07822,1.0785,1.00,1.19
2014.07.17 19:23:47.227,1.07822,1.0785,1.38,1.19
2014.07.17 19:23:47.763,1.07822,1.0785,1.38,1.19
2014.07.17 19:23:48.325,1.07822,1.0785,1.38,1.19
2014.07.17 19:23:49.772,1.07822,1.0785,1.38,1.19
2014.07.17 19:23:50.332,1.07822,1.0785,1.38,1.19
2014.07.17 19:23:50.965,1.07822,1.0785,1.38,1.25
2014.07.17 19:23:51.701,1.07822,1.0785,1.38,1.25
2014.07.17 19:23:52.212,1.07824,1.07851,1.13,1.39
2014.07.17 19:23:52.749,1.07822,1.0785,1.19,1.50
2014.07.17 19:23:53.363,1.07822,1.0785,1.00,1.50
2014.07.17 19:23:54.478,1.07822,1.0785,1.00,1.58
2014.07.17 19:23:58.197,1.07822,1.0785,1.00,1.19
2014.07.17 19:23:59.106,1.07822,1.0785,1.00,1.50
2014.07.17 19:23:59.966,1.0782,1.07848,1.27,1.00
2014.07.17 19:24:00.284,1.07813,1.07843,2.82,1.58
2014.07.17 19:24:00.385,1.07814,1.07844,1.88,1.84
2014.07.17 19:24:00.488,1.07814,1.07844,1.13,1.33
2014.07.17 19:24:00.590,1.07817,1.07845,1.00,1.27
2014.07.17 19:24:00.894,1.07812,1.0784,1.53,1.00
2014.07.17 19:24:01.046,1.07812,1.0784,1.00,1.00
2014.07.17 19:24:01.300,1.07814,1.07842,1.00,1.50
2014.07.17 19:24:02.355,1.07814,1.07842,1.08,1.00
2014.07.17 19:24:02.658,1.07814,1.07842,2.59,1.00
2014.07.17 19:24:03.388,1.07815,1.07842,1.29,1.00
2014.07.17 19:24:03.591,1.07816,1.07846,1.19,1.18
2014.07.17 19:24:04.392,1.07816,1.07846,1.19,1.18
2014.07.17 19:24:09.305,1.07816,1.07846,1.25,1.09
2014.07.17 19:24:09.597,1.07816,1.07846,1.40,1.25
2014.07.17 19:24:12.574,1.0782,1.07846,1.00,1.00
2014.07.17 19:24:18.657,1.0782,1.07848,1.50,1.00
2014.07.17 19:24:23.366,1.0782,1.07846,1.25,1.00
2014.07.17 19:24:23.924,1.07818,1.07846,1.27,1.50
2014.07.17 19:24:24.239,1.07822,1.07846,1.29,1.50
2014.07.17 19:24:24.593,1.07819,1.07846,1.34,1.50
2014.07.17 19:24:25.048,1.07819,1.07843,1.39,1.00
2014.07.17 19:24:25.099,1.07817,1.07843,1.47,1.00
2014.07.17 19:24:25.201,1.07815,1.07843,1.84,1.00
2014.07.17 19:24:25.403,1.07815,1.07842,1.10,1.00
2014.07.17 19:24:25.454,1.07812,1.07842,1.84,1.58
2014.07.17 19:24:25.555,1.07812,1.07839,1.10,1.00
2014.07.17 19:24:25.657,1.07809,1.07839,2.70,1.50
2014.07.17 19:24:25.759,1.07809,1.07836,1.50,1.00
2014.07.17 19:24:26.062,1.07805,1.07833,2.59,1.00
2014.07.17 19:24:26.599,1.0781,1.07833,1.00,1.00
2014.07.17 19:24:27.104,1.07805,1.07833,2.59,1.00
2014.07.17 19:24:27.652,1.07806,1.07834,1.84,1.00
2014.07.17 19:24:29.863,1.07806,1.07833,1.19,1.00
2014.07.17 19:24:30.615,1.07805,1.07833,1.77,1.00
2014.07.17 19:24:31.401,1.07805,1.07833,1.77,1.00
2014.07.17 19:24:32.424,1.0781,1.07833,1.00,1.00
2014.07.17 19:24:33.395,1.07808,1.07834,1.29,1.00
2014.07.17 19:24:34.628,1.07807,1.07834,1.37,1.00
2014.07.17 19:24:36.824,1.07808,1.07834,1.67,1.00
2014.07.17 19:24:37.656,1.07808,1.07833,1.67,1.00
2014.07.17 19:24:38.924,1.07807,1.07833,1.57,1.00
2014.07.17 19:24:40.101,1.07808,1.07833,1.57,1.00
2014.07.17 19:24:44.954,1.07807,1.07833,1.57,1.00
2014.07.17 19:24:48.423,1.07808,1.07833,1.57,1.00
2014.07.17 19:24:50.832,1.07807,1.07833,1.57,1.00
2014.07.17 19:24:51.335,1.0781,1.07833,1.00,1.00
2014.07.17 19:24:51.639,1.0781,1.07833,1.19,1.00
2014.07.17 19:24:52.538,1.07811,1.07833,1.19,1.00
2014.07.17 19:24:52.843,1.07807,1.07834,2.07,1.00
2014.07.17 19:24:54.146,1.07807,1.07833,2.07,1.00
2014.07.17 19:24:55.003,1.07807,1.07833,1.67,1.00
2014.07.17 19:24:55.710,1.07807,1.07833,2.14,1.00
2014.07.17 19:24:56.304,1.07809,1.07834,1.47,1.00
2014.07.17 19:24:56.824,1.07807,1.07834,1.67,1.00
2014.07.17 19:25:00.375,1.07806,1.07834,2.22,1.00
2014.07.17 19:25:01.180,1.07806,1.07834,2.22,1.00
2014.07.17 19:25:01.722,1.07808,1.07834,1.32,1.00
2014.07.17 19:25:04.429,1.07807,1.07834,1.67,1.00
2014.07.17 19:25:05.415,1.07808,1.07834,1.57,1.00
2014.07.17 19:25:08.211,1.07808,1.07833,1.32,1.00
2014.07.17 19:25:09.888,1.07808,1.07834,1.32,1.00
2014.07.17 19:25:12.698,1.07808,1.07833,1.57,1.00
2014.07.17 19:25:13.403,1.07808,1.07834,1.57,1.00
2014.07.17 19:25:14.456,1.07807,1.07834,2.14,1.00
2014.07.17 19:25:15.116,1.07807,1.07833,2.14,1.00
2014.07.17 19:25:15.666,1.07809,1.07833,1.32,1.00
2014.07.17 19:25:16.693,1.07805,1.07833,2.14,1.50
2014.07.17 19:25:16.896,1.07803,1.07831,3.72,1.00
2014.07.17 19:25:16.997,1.07803,1.07833,1.84,1.69
2014.07.17 19:25:17.099,1.07803,1.07833,2.03,2.44
2014.07.17 19:25:17.608,1.07803,1.0783,2.03,1.00
2014.07.17 19:25:17.956,1.07809,1.0783,1.88,1.00
2014.07.17 19:25:18.261,1.07814,1.0783,1.13,1.00
2014.07.17 19:25:18.465,1.07814,1.07833,1.00,1.00
2014.07.17 19:25:18.668,1.07814,1.07835,1.00,1.00
2014.07.17 19:25:18.870,1.07815,1.07835,1.69,1.00
2014.07.17 19:25:19.376,1.07815,1.07836,1.19,1.00
2014.07.17 19:25:20.105,1.07813,1.07836,1.67,1.00
2014.07.17 19:25:20.695,1.07813,1.07837,1.29,1.00
2014.07.17 19:25:21.234,1.07811,1.07836,1.74,1.00
2014.07.17 19:25:22.852,1.07808,1.07836,1.39,1.50
2014.07.17 19:25:26.036,1.07808,1.07836,1.32,1.50
2014.07.17 19:25:26.541,1.07808,1.07836,1.63,1.50
2014.07.17 19:25:28.220,1.07808,1.07836,1.13,1.50
2014.07.17 19:25:28.857,1.07808,1.07836,1.38,1.00
2014.07.17 19:25:30.099,1.07808,1.07836,1.32,1.00
2014.07.17 19:25:30.603,1.07808,1.07836,1.63,1.00
2014.07.17 19:25:31.148,1.07808,1.07836,1.78,1.00
2014.07.17 19:25:31.300,1.07808,1.07836,1.32,1.10
2014.07.17 19:25:31.816,1.07806,1.07835,1.67,1.50
2014.07.17 19:25:32.434,1.07805,1.07835,2.97,1.50
2014.07.17 19:25:33.274,1.07807,1.07837,2.22,2.25
2014.07.17 19:25:33.945,1.07807,1.07836,2.22,1.00
2014.07.17 19:25:34.222,1.0781,1.07837,1.19,2.25
2014.07.17 19:25:34.734,1.0781,1.07836,1.19,1.00
2014.07.17 19:25:35.322,1.07808,1.07836,1.64,1.00
2014.07.17 19:25:36.472,1.07807,1.07836,2.22,1.00
2014.07.17 19:25:36.696,1.07809,1.07836,1.65,1.00
2014.07.17 19:25:36.999,1.07812,1.07836,1.67,1.00
2014.07.17 19:25:37.469,1.07809,1.07836,2.59,1.00
2014.07.17 19:25:38.037,1.07809,1.07837,2.59,1.00
2014.07.17 19:25:38.546,1.07809,1.07837,2.22,1.00
2014.07.17 19:25:40.944,1.07809,1.07837,2.22,1.00
2014.07.17 19:25:42.952,1.07809,1.07837,1.84,1.00
2014.07.17 19:25:45.557,1.07809,1.07837,1.84,1.00
2014.07.17 19:25:48.349,1.07807,1.07836,2.97,1.00
2014.07.17 19:25:48.753,1.07807,1.07836,2.14,1.00
2014.07.17 19:25:49.454,1.07807,1.07836,2.14,1.00
2014.07.17 19:25:49.975,1.07807,1.07836,2.14,1.19
2014.07.17 19:25:50.570,1.07807,1.07836,2.14,1.19
2014.07.17 19:25:50.973,1.07807,1.07837,2.14,2.52
2014.07.17 19:25:52.378,1.07808,1.07837,1.57,2.25
2014.07.17 19:25:53.875,1.07808,1.07836,1.74,1.00
2014.07.17 19:25:54.545,1.07808,1.07836,1.74,1.00
2014.07.17 19:25:58.446,1.07809,1.07837,1.29,2.25
2014.07.17 19:25:59.167,1.07808,1.07837,1.32,2.33
2014.07.17 19:25:59.825,1.07807,1.07837,2.89,2.33
2014.07.17 19:26:00.905,1.07809,1.07837,1.69,1.58
2014.07.17 19:26:03.310,1.0781,1.07837,1.19,1.58
2014.07.17 19:26:05.159,1.07809,1.07837,2.07,1.58
2014.07.17 19:26:06.121,1.07809,1.07837,1.25,1.58
2014.07.17 19:26:08.176,1.07809,1.07836,1.32,1.00
2014.07.17 19:26:09.615,1.07807,1.07837,1.67,1.58
2014.07.17 19:26:10.170,1.0781,1.07837,1.19,1.58
2014.07.17 19:26:10.597,1.0781,1.07835,1.19,1.00
2014.07.17 19:26:11.075,1.07807,1.07835,1.39,1.00
2014.07.17 19:26:11.583,1.07807,1.07835,1.39,1.00
2014.07.17 19:26:12.310,1.07807,1.07835,1.67,1.00
2014.07.17 19:26:12.837,1.07807,1.07836,1.67,1.00
2014.07.17 19:26:13.360,1.07807,1.07836,1.67,1.00
2014.07.17 19:26:14.062,1.07807,1.07836,1.67,1.00
2014.07.17 19:26:14.645,1.07807,1.07835,1.67,1.00
2014.07.17 19:26:15.152,1.07807,1.07835,1.67,1.00
2014.07.17 19:26:15.960,1.07807,1.07835,1.67,1.00
2014.07.17 19:26:17.204,1.07807,1.07835,1.39,1.00
2014.07.17 19:26:17.997,1.07807,1.07835,1.39,1.00
2014.07.17 19:26:18.659,1.07807,1.07835,1.39,1.00
2014.07.17 19:26:19.205,1.07807,1.07835,1.39,1.00
2014.07.17 19:26:20.223,1.07807,1.07835,1.39,1.00
2014.07.17 19:26:20.730,1.07807,1.07835,1.39,1.00
2014.07.17 19:26:23.010,1.07807,1.07835,1.67,1.00
2014.07.17 19:26:23.609,1.07807,1.07835,1.67,1.00
2014.07.17 19:26:24.831,1.07807,1.07835,1.67,1.00
2014.07.17 19:26:25.363,1.07807,1.07835,1.67,1.00
2014.07.17 19:26:26.447,1.07807,1.07835,1.67,1.00
2014.07.17 19:26:27.420,1.07807,1.07835,1.67,1.00
2014.07.17 19:26:28.072,1.07807,1.07835,1.67,1.00
2014.07.17 19:26:28.892,1.07807,1.07835,1.67,1.00
2014.07.17 19:26:29.471,1.07807,1.07835,1.67,1.00
2014.07.17 19:26:30.212,1.07807,1.07835,1.67,1.00
2014.07.17 19:26:30.886,1.07807,1.07835,1.67,1.00
2014.07.17 19:26:31.440,1.07807,1.07835,1.67,1.00
2014.07.17 19:26:32.203,1.07807,1.07835,1.57,1.65
2014.07.17 19:26:33.953,1.07807,1.07835,1.38,1.65
2014.07.17 19:26:37.362,1.07807,1.07835,1.38,1.84
2014.07.17 19:26:38.053,1.07807,1.07835,1.38,1.84
2014.07.17 19:26:39.964,1.07807,1.07835,1.38,1.84
2014.07.17 19:26:40.717,1.07807,1.07835,1.63,1.65
2014.07.17 19:26:41.478,1.07807,1.07835,1.63,1.65
2014.07.17 19:26:42.135,1.07806,1.07833,2.07,1.00
2014.07.17 19:26:42.775,1.07806,1.07833,2.07,1.00
2014.07.17 19:26:43.351,1.07806,1.07833,1.63,1.00
2014.07.17 19:26:45.010,1.07806,1.07833,1.57,1.00
2014.07.17 19:26:45.821,1.07806,1.07833,1.57,1.00
2014.07.17 19:26:51.244,1.07806,1.07833,1.38,1.25
2014.07.17 19:26:56.603,1.07806,1.07833,1.63,1.00
2014.07.17 19:26:58.281,1.07806,1.07833,1.38,1.25
2014.07.17 19:26:58.870,1.07804,1.07832,2.89,1.00
2014.07.17 19:26:59.496,1.07804,1.07832,1.64,1.00
2014.07.17 19:27:00.177,1.07805,1.07832,1.67,1.00
2014.07.17 19:27:02.169,1.07804,1.07832,2.14,1.00
2014.07.17 19:27:02.886,1.07804,1.07832,3.64,1.00
2014.07.17 19:27:03.570,1.07804,1.07832,2.14,1.00
2014.07.17 19:27:04.228,1.07804,1.07832,3.64,1.00
2014.07.17 19:27:06.972,1.07804,1.07832,2.14,1.00
2014.07.17 19:27:07.835,1.07804,1.07832,3.64,1.00
2014.07.17 19:27:12.383,1.07804,1.07832,1.45,1.00
2014.07.17 19:27:12.989,1.07804,1.07832,2.82,1.00
2014.07.17 19:27:14.353,1.07804,1.07832,1.57,1.00
2014.07.17 19:27:14.555,1.07804,1.0783,2.07,1.00
2014.07.17 19:27:15.136,1.07803,1.0783,3.57,1.00
2014.07.17 19:27:15.797,1.07804,1.0783,2.07,1.00
2014.07.17 19:27:17.394,1.07803,1.0783,3.57,1.00
2014.07.17 19:27:18.106,1.07804,1.0783,2.07,1.00
2014.07.17 19:27:18.810,1.07803,1.0783,3.57,1.00
2014.07.17 19:27:19.724,1.07804,1.0783,2.07,1.00
2014.07.17 19:27:23.156,1.07803,1.0783,3.57,1.00
2014.07.17 19:27:23.716,1.07804,1.0783,2.07,1.00
2014.07.17 19:27:27.181,1.07803,1.0783,3.57,1.00
2014.07.17 19:27:27.789,1.07804,1.0783,2.07,1.00
2014.07.17 19:27:28.805,1.07803,1.0783,3.57,1.00
2014.07.17 19:27:29.340,1.07804,1.0783,2.07,1.00
2014.07.17 19:27:29.873,1.07803,1.0783,3.57,1.00
2014.07.17 19:27:30.431,1.07803,1.0783,2.82,2.25
2014.07.17 19:27:30.963,1.07803,1.07829,2.07,1.00
2014.07.17 19:27:31.890,1.07804,1.07829,2.07,1.00
2014.07.17 19:27:32.633,1.07803,1.07829,2.07,1.00
2014.07.17 19:27:33.409,1.07804,1.07829,2.07,1.00
2014.07.17 19:27:35.279,1.07803,1.07829,2.82,1.00
2014.07.17 19:27:35.945,1.07804,1.07829,2.07,1.00
2014.07.17 19:27:36.547,1.07804,1.07829,1.57,1.00
2014.07.17 19:27:38.188,1.07804,1.07829,2.82,1.00
2014.07.17 19:27:38.797,1.07804,1.07829,1.57,1.00
2014.07.17 19:27:39.575,1.07804,1.07829,2.82,1.00
2014.07.17 19:27:40.235,1.07804,1.07829,1.57,1.00
2014.07.17 19:27:40.827,1.07804,1.07829,2.07,1.00
2014.07.17 19:27:41.490,1.07803,1.07829,2.07,1.00
2014.07.17 19:27:42.051,1.07804,1.07829,2.07,1.00
2014.07.17 19:27:42.603,1.07803,1.07829,2.07,1.00
2014.07.17 19:27:43.208,1.07804,1.07829,2.07,1.00
2014.07.17 19:27:45.938,1.07803,1.07829,2.82,1.00
2014.07.17 19:27:46.494,1.07804,1.07829,2.07,1.00
2014.07.17 19:27:47.400,1.07803,1.07829,2.82,1.00
2014.07.17 19:27:48.159,1.07804,1.07829,2.07,1.00
2014.07.17 19:27:48.717,1.07803,1.07829,2.82,1.00
2014.07.17 19:27:49.229,1.07804,1.07829,2.07,1.00
2014.07.17 19:27:50.348,1.07803,1.07829,2.82,1.00
2014.07.17 19:27:51.013,1.07804,1.07829,2.07,1.00
2014.07.17 19:27:53.492,1.07803,1.07829,2.07,1.00
2014.07.17 19:27:54.132,1.07804,1.07829,2.07,1.00
2014.07.17 19:27:56.272,1.07803,1.07829,2.07,1.00
2014.07.17 19:27:57.208,1.07804,1.07829,2.07,1.00
2014.07.17 19:27:57.749,1.07803,1.07829,2.07,1.00
2014.07.17 19:27:58.276,1.07804,1.07829,2.07,1.00
2014.07.17 19:28:01.004,1.07803,1.07829,2.07,1.00
2014.07.17 19:28:02.218,1.07804,1.07829,2.07,1.00
2014.07.17 19:28:03.844,1.07803,1.07829,2.07,1.00
2014.07.17 19:28:04.353,1.07804,1.07829,2.07,1.00
2014.07.17 19:28:04.927,1.07803,1.07829,2.07,1.00
2014.07.17 19:28:04.978,1.07803,1.07829,2.07,1.00
2014.07.17 19:28:05.674,1.07804,1.07829,1.88,1.00
2014.07.17 19:28:09.016,1.07803,1.07829,1.88,1.00
2014.07.17 19:28:10.264,1.07803,1.07829,2.07,1.00
2014.07.17 19:28:13.185,1.07803,1.07829,1.88,1.00
2014.07.17 19:28:14.095,1.07804,1.07829,1.88,1.00
2014.07.17 19:28:14.625,1.07804,1.07829,2.07,1.00
2014.07.17 19:28:14.783,1.07803,1.07829,2.89,1.00
2014.07.17 19:28:15.807,1.07804,1.07829,2.07,1.00
2014.07.17 19:28:16.550,1.07803,1.07829,2.14,1.00
2014.07.17 19:28:17.177,1.07804,1.07829,2.07,1.00
2014.07.17 19:28:17.856,1.07803,1.07829,2.14,1.00
2014.07.17 19:28:18.363,1.07804,1.07829,2.07,1.00
2014.07.17 19:28:18.464,1.07804,1.07829,2.07,1.00
2014.07.17 19:28:18.668,1.07803,1.07829,2.82,1.00
2014.07.17 19:28:19.177,1.07804,1.07829,2.07,1.00
2014.07.17 19:28:21.805,1.07803,1.07829,2.07,1.00
2014.07.17 19:28:22.504,1.07804,1.07829,2.07,1.00
2014.07.17 19:28:23.148,1.07803,1.07829,2.07,1.00
2014.07.17 19:28:23.753,1.07804,1.07829,2.07,1.00
2014.07.17 19:28:24.337,1.07803,1.07829,2.82,1.00
2014.07.17 19:28:25.374,1.07804,1.07829,2.07,1.00
2014.07.17 19:28:27.999,1.07803,1.07829,2.07,1.00
2014.07.17 19:28:28.808,1.07804,1.07829,2.07,1.00
2014.07.17 19:28:30.707,1.07803,1.07829,2.07,1.00
2014.07.17 19:28:31.591,1.07803,1.0783,2.82,1.00
2014.07.17 19:28:32.352,1.07804,1.0783,2.07,1.00
2014.07.17 19:28:32.968,1.07803,1.0783,2.07,1.00
2014.07.17 19:28:33.729,1.07804,1.0783,2.07,1.00
2014.07.17 19:28:34.392,1.07803,1.0783,2.07,1.00
2014.07.17 19:28:35.008,1.07804,1.07829,2.07,1.00
2014.07.17 19:28:36.224,1.07803,1.07829,3.57,1.00
2014.07.17 19:28:37.139,1.07804,1.07829,2.07,1.00
2014.07.17 19:28:37.690,1.07803,1.07829,2.82,1.00
2014.07.17 19:28:38.350,1.07804,1.07829,2.82,1.00
2014.07.17 19:28:41.588,1.07803,1.07829,3.57,1.00
2014.07.17 19:28:42.491,1.07804,1.07829,2.07,1.00
2014.07.17 19:28:43.016,1.07803,1.07829,2.82,1.00
2014.07.17 19:28:44.010,1.07804,1.07829,2.07,1.00
2014.07.17 19:28:44.725,1.07803,1.07829,2.82,1.00
2014.07.17 19:28:45.285,1.07804,1.07829,2.07,1.00
2014.07.17 19:28:45.853,1.07803,1.07829,2.63,1.00
2014.07.17 19:28:46.503,1.07804,1.07829,1.88,1.00
2014.07.17 19:28:47.048,1.07803,1.07829,2.82,1.00
2014.07.17 19:28:47.567,1.07804,1.07829,1.88,1.00
2014.07.17 19:28:48.380,1.07803,1.07829,2.82,1.00
2014.07.17 19:28:49.019,1.07804,1.07829,2.07,1.00
2014.07.17 19:28:49.545,1.07803,1.07829,2.82,1.00
2014.07.17 19:28:50.212,1.07804,1.07829,2.07,1.00
2014.07.17 19:28:50.948,1.07803,1.07829,2.82,1.00
2014.07.17 19:28:52.041,1.07804,1.07829,2.07,1.00
2014.07.17 19:28:53.583,1.07803,1.07829,2.82,1.00
2014.07.17 19:28:54.197,1.07804,1.07829,2.07,1.00
2014.07.17 19:28:55.113,1.07803,1.07829,2.82,1.00
2014.07.17 19:28:55.621,1.07804,1.07829,2.82,1.00
2014.07.17 19:28:56.919,1.07803,1.07829,3.57,1.00
2014.07.17 19:28:57.551,1.07803,1.0783,2.82,1.00
2014.07.17 19:28:58.214,1.07803,1.07829,2.82,1.00
2014.07.17 19:28:58.730,1.07804,1.0783,2.07,1.00
2014.07.17 19:29:01.103,1.07804,1.07829,1.88,1.00
2014.07.17 19:29:02.634,1.07803,1.07829,2.07,1.00
2014.07.17 19:29:03.213,1.07805,1.07829,1.00,1.00
2014.07.17 19:29:03.720,1.07801,1.07829,1.53,1.50
2014.07.17 19:29:03.822,1.07801,1.07829,1.58,1.50
2014.07.17 19:29:03.924,1.07801,1.07829,1.20,1.50
2014.07.17 19:29:07.786,1.07801,1.07829,1.15,1.50
2014.07.17 19:29:07.989,1.07801,1.07829,1.18,1.50
2014.07.17 19:29:08.192,1.07799,1.07827,2.03,1.00
2014.07.17 19:29:08.293,1.07799,1.07826,1.13,1.00
2014.07.17 19:29:08.814,1.07799,1.07827,1.13,1.50
2014.07.17 19:29:08.916,1.07803,1.07827,1.00,1.00
2014.07.17 19:29:09.422,1.07803,1.07826,1.38,1.00
2014.07.17 19:29:09.889,1.07805,1.07827,1.29,1.00
2014.07.17 19:29:10.395,1.07805,1.07826,1.29,1.00
2014.07.17 19:29:11.103,1.07807,1.07826,1.19,1.00
2014.07.17 19:29:13.380,1.07806,1.07826,2.22,1.00
2014.07.17 19:29:13.752,1.07806,1.07826,1.64,1.00
2014.07.17 19:29:14.377,1.07805,1.07826,1.74,1.00
2014.07.17 19:29:14.921,1.07805,1.07826,1.74,1.00
2014.07.17 19:29:15.440,1.07805,1.07826,1.74,1.00
2014.07.17 19:29:15.996,1.07806,1.07826,1.64,1.00
2014.07.17 19:29:16.500,1.07806,1.07826,1.64,2.63
2014.07.17 19:29:16.762,1.07806,1.07829,2.14,1.00
2014.07.17 19:29:20.494,1.07809,1.07829,2.07,1.00
2014.07.17 19:29:22.911,1.07809,1.0783,2.07,1.00
2014.07.17 19:29:24.131,1.07808,1.0783,1.88,1.00
2014.07.17 19:29:24.691,1.07809,1.0783,1.88,1.00
2014.07.17 19:29:27.750,1.07808,1.0783,2.82,1.00
2014.07.17 19:29:31.367,1.07809,1.0783,2.07,1.00
2014.07.17 19:29:33.737,1.07809,1.0783,2.07,1.00
2014.07.17 19:29:34.935,1.07809,1.0783,2.07,1.00
2014.07.17 19:29:35.497,1.07809,1.07829,2.07,1.00
2014.07.17 19:29:36.141,1.07809,1.07829,2.07,1.00
2014.07.17 19:29:37.191,1.07809,1.0783,2.07,1.00
2014.07.17 19:29:37.496,1.07806,1.07829,1.57,1.00
2014.07.17 19:29:38.534,1.07806,1.07829,1.57,1.00
2014.07.17 19:29:39.177,1.07806,1.07829,1.57,1.00
2014.07.17 19:29:39.689,1.07807,1.07832,1.19,1.80
2014.07.17 19:29:40.195,1.07807,1.07829,1.57,1.00
2014.07.17 19:29:40.703,1.07805,1.07829,1.19,1.00
2014.07.17 19:29:41.259,1.07805,1.07829,1.57,1.00
2014.07.17 19:29:42.019,1.07804,1.07829,2.82,1.00
2014.07.17 19:29:42.578,1.07804,1.07829,1.57,1.00
2014.07.17 19:29:43.108,1.07804,1.07829,2.07,1.00
2014.07.17 19:29:45.138,1.07808,1.07829,1.88,1.00
2014.07.17 19:29:45.747,1.07809,1.07829,1.88,1.00
2014.07.17 19:29:46.280,1.07808,1.07829,2.07,1.00
2014.07.17 19:29:46.933,1.07808,1.0783,2.07,1.00
2014.07.17 19:29:47.781,1.07809,1.0783,1.88,1.00
2014.07.17 19:29:48.389,1.07808,1.0783,2.07,1.00
2014.07.17 19:29:50.224,1.07809,1.0783,2.07,1.00
2014.07.17 19:29:52.730,1.07808,1.0783,2.82,1.00
2014.07.17 19:29:53.889,1.07808,1.0783,2.07,1.00
2014.07.17 19:29:55.042,1.07809,1.0783,1.19,1.00
2014.07.17 19:29:59.648,1.07809,1.0783,2.07,1.00
2014.07.17 19:30:03.818,1.07809,1.0783,2.07,1.00
2014.07.17 19:30:04.821,1.07808,1.0783,1.88,1.00
2014.07.17 19:30:05.348,1.07809,1.0783,1.88,1.00
2014.07.17 19:30:05.994,1.07808,1.0783,1.88,1.00
2014.07.17 19:30:07.058,1.07809,1.0783,1.88,1.00
2014.07.17 19:30:07.981,1.07808,1.0783,1.88,1.00
2014.07.17 19:30:08.485,1.07809,1.0783,1.88,1.00
2014.07.17 19:30:09.006,1.07808,1.0783,1.88,1.00
2014.07.17 19:30:09.411,1.07808,1.0783,1.88,1.38
2014.07.17 19:30:10.126,1.07809,1.0783,1.88,1.38
2014.07.17 19:30:10.620,1.07809,1.0783,1.88,1.00
2014.07.17 19:30:11.166,1.07808,1.0783,1.88,1.00
2014.07.17 19:30:11.853,1.07808,1.0783,3.57,1.00
2014.07.17 19:30:13.647,1.0781,1.0783,1.00,1.00
2014.07.17 19:30:14.155,1.07809,1.0783,2.07,1.00
2014.07.17 19:30:15.574,1.0781,1.0783,1.19,1.00
2014.07.17 19:30:16.079,1.0781,1.07829,2.82,1.00
2014.07.17 19:30:17.701,1.07813,1.07829,1.57,1.00
2014.07.17 19:30:19.089,1.07812,1.07829,1.57,1.00
2014.07.17 19:30:20.200,1.07813,1.07829,1.57,1.00
2014.07.17 19:30:21.924,1.07812,1.07829,1.57,1.00
2014.07.17 19:30:23.034,1.07812,1.07829,1.57,1.00
2014.07.17 19:30:23.557,1.07812,1.07829,1.57,1.00
2014.07.17 19:30:26.214,1.07812,1.07832,1.57,1.00
2014.07.17 19:30:26.842,1.07811,1.07832,1.64,1.00
2014.07.17 19:30:27.352,1.07811,1.07832,1.64,1.00
2014.07.17 19:30:29.536,1.07812,1.07832,1.67,1.00
2014.07.17 19:30:33.365,1.07811,1.07832,1.64,1.00
2014.07.17 19:30:34.459,1.07813,1.07832,1.32,1.00
2014.07.17 19:30:35.420,1.07811,1.07832,1.64,1.00
2014.07.17 19:30:35.960,1.07811,1.07832,1.64,1.00
2014.07.17 19:30:36.479,1.07811,1.07832,1.64,1.00
2014.07.17 19:30:36.996,1.07811,1.07832,1.64,1.00
2014.07.17 19:30:37.562,1.07814,1.07832,1.32,1.00
2014.07.17 19:30:38.648,1.07812,1.07832,1.67,1.00
2014.07.17 19:30:41.164,1.07811,1.07832,1.64,1.00
2014.07.17 19:30:41.875,1.07811,1.07832,1.64,1.00
2014.07.17 19:30:42.593,1.07811,1.07833,2.14,1.00
2014.07.17 19:30:43.952,1.07811,1.07833,2.14,1.00
2014.07.17 19:30:44.760,1.07811,1.07833,2.14,1.00
2014.07.17 19:30:45.370,1.07811,1.07833,2.14,1.00
2014.07.17 19:30:45.896,1.07812,1.07832,1.67,1.00
2014.07.17 19:30:47.052,1.07813,1.07832,1.32,1.00
2014.07.17 19:30:51.870,1.07811,1.07832,2.22,1.00
2014.07.17 19:30:52.860,1.07811,1.07832,2.22,1.00
2014.07.17 19:30:53.997,1.07813,1.07832,1.47,1.00
2014.07.17 19:30:54.526,1.07812,1.07832,1.27,1.00
2014.07.17 19:30:54.577,1.07812,1.07837,1.27,1.00
2014.07.17 19:30:55.108,1.07812,1.07836,1.64,1.00
2014.07.17 19:30:55.210,1.07815,1.07836,1.19,1.00
2014.07.17 19:30:59.091,1.07815,1.07836,1.84,1.00
2014.07.17 19:30:59.415,1.0782,1.07836,1.00,1.00
2014.07.17 19:30:59.567,1.07817,1.07836,1.69,1.00
2014.07.17 19:30:59.719,1.07815,1.07839,2.22,1.00
2014.07.17 19:30:59.921,1.0782,1.07839,1.00,1.00
2014.07.17 19:31:05.613,1.07819,1.07839,1.25,1.00
2014.07.17 19:31:06.120,1.0782,1.07839,1.00,1.00
2014.07.17 19:31:08.350,1.0782,1.07845,1.00,1.00
2014.07.17 19:31:08.871,1.0782,1.07846,1.00,1.88
2014.07.17 19:31:09.385,1.07825,1.07846,1.00,1.88
2014.07.17 19:31:09.898,1.07825,1.07845,1.00,1.00
2014.07.17 19:31:10.577,1.07825,1.07846,1.00,1.88
2014.07.17 19:31:11.313,1.07825,1.07845,1.00,1.00
2014.07.17 19:31:11.824,1.07825,1.07846,1.00,1.13
2014.07.17 19:31:12.355,1.07825,1.07845,1.00,1.00
2014.07.17 19:31:12.919,1.07825,1.07846,1.00,1.13
2014.07.17 19:31:13.987,1.07825,1.07845,1.00,1.00
2014.07.17 19:31:14.089,1.0782,1.07845,3.27,1.00
2014.07.17 19:31:14.190,1.07824,1.07852,1.00,1.77
2014.07.17 19:31:14.443,1.07824,1.07852,1.40,1.00
2014.07.17 19:31:14.959,1.07827,1.07856,1.00,1.77
2014.07.17 19:31:15.060,1.07827,1.07857,1.19,1.65
2014.07.17 19:31:15.576,1.07827,1.07857,1.37,1.00
2014.07.17 19:31:16.190,1.07827,1.07857,1.29,1.77
2014.07.17 19:31:16.698,1.07827,1.07857,1.19,2.14
2014.07.17 19:31:17.207,1.07826,1.07854,1.10,1.25
2014.07.17 19:31:17.359,1.07826,1.07852,1.00,1.00
2014.07.17 19:31:17.869,1.07823,1.07851,1.29,1.00
2014.07.17 19:31:18.171,1.07823,1.07851,1.02,1.25
2014.07.17 19:31:19.065,1.07823,1.0785,1.02,1.88
2014.07.17 19:31:19.227,1.07819,1.07849,2.97,1.88
2014.07.17 19:31:19.486,1.07821,1.07851,1.69,1.77
2014.07.17 19:31:19.588,1.07821,1.07851,1.84,1.69
2014.07.17 19:31:20.168,1.07824,1.07852,1.00,1.19
2014.07.17 19:31:21.174,1.07824,1.07852,1.00,1.00
2014.07.17 19:31:23.275,1.07824,1.07852,1.19,1.00
2014.07.17 19:31:24.324,1.07825,1.07852,1.19,1.00
2014.07.17 19:31:24.629,1.0783,1.07858,1.25,1.25
2014.07.17 19:31:25.824,1.0783,1.07858,1.19,1.00
2014.07.17 19:31:28.112,1.07832,1.07859,1.00,1.58
2014.07.17 19:31:28.924,1.07832,1.0786,1.19,1.95
2014.07.17 19:31:29.217,1.07834,1.07862,1.10,1.50
2014.07.17 19:31:34.081,1.07834,1.07861,1.02,1.00
2014.07.17 19:31:34.337,1.07832,1.07859,1.34,1.88
2014.07.17 19:31:34.952,1.0783,1.07854,1.00,1.13
2014.07.17 19:31:35.328,1.07827,1.07854,1.09,1.13
2014.07.17 19:31:35.867,1.07827,1.07855,1.25,1.88
2014.07.17 19:31:36.618,1.07827,1.07854,1.19,1.13
2014.07.17 19:31:37.606,1.07825,1.07847,1.15,1.00
2014.07.17 19:31:37.862,1.0782,1.07847,2.07,1.00
2014.07.17 19:31:37.913,1.07825,1.07851,1.00,1.08
2014.07.17 19:31:38.015,1.07825,1.07852,1.00,1.25
2014.07.17 19:31:38.218,1.07828,1.07854,1.00,1.10
2014.07.17 19:31:38.522,1.07831,1.07853,1.00,1.00
2014.07.17 19:31:38.825,1.07828,1.07848,1.65,1.00
2014.07.17 19:31:39.539,1.07829,1.07848,1.34,1.00
2014.07.17 19:31:39.943,1.0783,1.0786,2.59,1.50
2014.07.17 19:31:40.045,1.07834,1.0786,1.00,1.50
2014.07.17 19:31:40.409,1.0783,1.0786,1.84,1.50
2014.07.17 19:31:41.066,1.0783,1.0786,2.59,1.50
2014.07.17 19:31:41.381,1.0783,1.0786,1.65,1.88
2014.07.17 19:31:41.898,1.07829,1.07857,1.00,1.25
2014.07.17 19:31:42.233,1.07826,1.07854,1.25,1.00
2014.07.17 19:31:43.807,1.07826,1.07854,1.00,2.82
2014.07.17 19:31:43.960,1.07822,1.07852,2.59,2.07
2014.07.17 19:31:44.371,1.07822,1.0785,2.59,1.00
2014.07.17 19:31:44.473,1.07822,1.07852,2.59,1.69
2014.07.17 19:31:44.574,1.07822,1.07852,2.59,2.07
2014.07.17 19:31:45.392,1.07822,1.07849,1.65,1.13
2014.07.17 19:31:45.938,1.07819,1.07849,4.47,2.07
2014.07.17 19:31:46.089,1.07819,1.07848,3.45,1.19
2014.07.17 19:31:46.610,1.07818,1.07845,2.22,1.00
2014.07.17 19:31:47.117,1.07817,1.07844,1.38,1.00
2014.07.17 19:31:47.270,1.07816,1.07846,2.14,1.77
2014.07.17 19:31:47.473,1.07817,1.07846,1.00,1.77
2014.07.17 19:31:48.398,1.07817,1.07845,1.00,1.19
2014.07.17 19:31:48.998,1.07817,1.07845,1.38,1.19
2014.07.17 19:31:49.609,1.07817,1.07846,1.38,2.52
2014.07.17 19:31:50.466,1.07817,1.07843,1.38,1.00
2014.07.17 19:31:50.979,1.07817,1.07843,1.38,1.10
2014.07.17 19:31:51.484,1.07817,1.07843,1.00,1.10
2014.07.17 19:31:54.788,1.07815,1.07843,1.69,1.02
2014.07.17 19:31:55.319,1.07815,1.07843,1.50,1.34
2014.07.17 19:31:56.229,1.07815,1.07842,1.00,1.84
2014.07.17 19:31:56.381,1.07815,1.07842,1.00,1.84
2014.07.17 19:31:57.400,1.07815,1.07839,1.00,1.39
2014.07.17 19:31:57.910,1.07814,1.07839,1.00,1.39
2014.07.17 19:31:58.011,1.0781,1.07839,1.25,1.39
2014.07.17 19:31:59.529,1.0781,1.07839,1.20,1.69
2014.07.17 19:32:00.275,1.07808,1.07836,1.47,1.00
2014.07.17 19:32:00.789,1.07808,1.07836,1.69,1.08
2014.07.17 19:32:01.648,1.07808,1.07836,1.25,1.33
2014.07.17 19:32:02.708,1.07808,1.07836,1.19,1.08
2014.07.17 19:32:05.314,1.07808,1.07836,1.25,1.08
2014.07.17 19:32:05.562,1.0781,1.07838,1.00,1.25
2014.07.17 19:32:06.083,1.0781,1.07838,1.18,1.25
2014.07.17 19:32:06.401,1.07807,1.07835,1.72,1.00
2014.07.17 19:32:06.908,1.07806,1.07836,2.44,1.77
2014.07.17 19:32:07.572,1.07806,1.07836,1.50,1.77
2014.07.17 19:32:07.999,1.07806,1.07836,1.88,1.77
2014.07.17 19:32:08.759,1.07806,1.07835,2.25,1.25
2014.07.17 19:32:08.860,1.07806,1.0783,1.00,1.00
2014.07.17 19:32:09.063,1.07803,1.0783,1.13,1.00
2014.07.17 19:32:09.569,1.07804,1.07831,1.88,2.82
2014.07.17 19:32:10.153,1.07804,1.0783,1.88,1.19
2014.07.17 19:32:10.680,1.07803,1.0783,2.63,1.19
2014.07.17 19:32:11.219,1.07804,1.07831,1.88,3.57
2014.07.17 19:32:11.754,1.07803,1.07831,2.63,2.82
2014.07.17 19:32:12.296,1.07804,1.07831,1.88,2.82
2014.07.17 19:32:12.549,1.07804,1.07831,1.88,2.07
2014.07.17 19:32:12.903,1.07806,1.07833,1.38,1.19
2014.07.17 19:32:13.559,1.07807,1.07835,1.55,1.25
2014.07.17 19:32:14.831,1.07808,1.07835,1.95,1.00
2014.07.17 19:32:16.016,1.07809,1.07835,1.88,1.00
2014.07.17 19:32:17.537,1.07808,1.07835,1.95,1.25
2014.07.17 19:32:18.450,1.07809,1.07835,1.88,1.25
2014.07.17 19:32:18.955,1.07808,1.07835,1.95,1.25
2014.07.17 19:32:19.107,1.07807,1.07833,1.45,1.00
2014.07.17 19:32:19.411,1.07805,1.07831,1.38,1.19
2014.07.17 19:32:19.513,1.07805,1.07832,1.00,1.19
2014.07.17 19:32:19.614,1.07803,1.07833,1.67,1.19
2014.07.17 19:32:20.235,1.07803,1.07833,2.22,1.19
2014.07.17 19:32:20.742,1.07806,1.07833,1.67,1.00
2014.07.17 19:32:21.309,1.07806,1.07833,1.29,1.00
2014.07.17 19:32:21.917,1.07806,1.07833,1.02,1.00
2014.07.17 19:32:22.878,1.07806,1.07833,1.77,1.00
2014.07.17 19:32:22.929,1.07806,1.07836,2.52,1.69
2014.07.17 19:32:22.981,1.07806,1.07836,2.89,1.69
2014.07.17 19:32:23.642,1.07806,1.07836,2.89,1.69
2014.07.17 19:32:24.171,1.07806,1.07836,3.64,1.69
2014.07.17 19:32:24.710,1.0781,1.07836,1.00,1.25
2014.07.17 19:32:25.393,1.0781,1.07839,1.00,2.44
2014.07.17 19:32:29.115,1.0781,1.07839,1.00,1.69
2014.07.17 19:32:29.839,1.07811,1.07839,1.00,1.19
2014.07.17 19:32:34.550,1.0781,1.07837,1.00,1.25
2014.07.17 19:32:35.102,1.07809,1.07837,2.07,1.25
2014.07.17 19:32:35.610,1.0781,1.07837,1.00,1.25
2014.07.17 19:32:36.390,1.07809,1.07837,1.13,1.25
2014.07.17 19:32:39.123,1.0781,1.07837,1.00,1.00
2014.07.17 19:32:39.540,1.07812,1.0784,1.00,1.19
2014.07.17 19:32:39.844,1.07815,1.07843,1.00,1.58
2014.07.17 19:32:40.147,1.07817,1.07845,1.00,1.34
2014.07.17 19:32:41.021,1.0782,1.07846,1.00,1.34
2014.07.17 19:32:44.170,1.07817,1.07845,1.00,1.40
2014.07.17 19:32:44.271,1.07819,1.07847,1.00,1.34
2014.07.17 19:32:44.625,1.07816,1.07846,1.69,1.65
2014.07.17 19:32:44.676,1.07817,1.07846,1.00,1.58
2014.07.17 19:32:44.727,1.07821,1.07849,1.00,1.34
2014.07.17 19:32:45.870,1.07816,1.07842,1.50,1.65
2014.07.17 19:32:45.973,1.07815,1.07844,1.50,1.15
2014.07.17 19:32:46.430,1.07817,1.07843,1.00,1.69
2014.07.17 19:32:46.735,1.07814,1.07843,3.45,1.19
2014.07.17 19:32:47.327,1.07813,1.0784,1.13,1.25
2014.07.17 19:32:47.378,1.0781,1.07838,1.38,1.00
2014.07.17 19:32:47.429,1.0781,1.07838,1.00,1.00
2014.07.17 19:32:47.480,1.07808,1.07835,1.47,1.50
2014.07.17 19:32:47.784,1.07808,1.07832,1.74,1.00
2014.07.17 19:32:49.101,1.07807,1.07833,2.22,1.00
2014.07.17 19:32:49.151,1.07807,1.07835,2.22,1.00
2014.07.17 19:32:52.100,1.07808,1.07835,1.47,1.00
2014.07.17 19:32:54.148,1.07808,1.07836,2.22,1.50
2014.07.17 19:32:54.654,1.07808,1.07836,1.74,1.00
2014.07.17 19:32:55.620,1.07809,1.07836,1.29,1.00
2014.07.17 19:32:56.702,1.07808,1.07836,3.72,1.00
2014.07.17 19:32:59.001,1.07808,1.07836,1.47,1.00
2014.07.17 19:32:59.684,1.0781,1.0784,1.50,1.84
2014.07.17 19:33:01.599,1.0781,1.0784,1.69,1.84
2014.07.17 19:33:02.157,1.0781,1.07835,1.19,1.00
2014.07.17 19:33:02.802,1.07808,1.07835,1.47,1.00
2014.07.17 19:33:03.943,1.07807,1.07835,1.72,1.00
2014.07.17 19:33:07.936,1.07808,1.07835,1.47,1.00
2014.07.17 19:33:09.627,1.07807,1.07835,2.22,1.00
2014.07.17 19:33:11.131,1.07809,1.07835,1.39,1.00
2014.07.17 19:33:14.868,1.07807,1.07835,2.22,1.00
2014.07.17 19:33:16.549,1.07808,1.07835,1.47,1.00
2014.07.17 19:33:18.669,1.07809,1.07835,1.39,1.00
2014.07.17 19:33:19.659,1.07808,1.07835,1.74,1.00
2014.07.17 19:33:20.122,1.07809,1.07837,1.39,1.00
2014.07.17 19:33:20.798,1.07809,1.07837,1.20,1.00
2014.07.17 19:33:23.772,1.07809,1.07837,1.18,1.00
2014.07.17 19:33:23.823,1.07811,1.07839,1.19,1.00
2014.07.17 19:33:24.924,1.07811,1.07839,1.25,1.25
2014.07.17 19:33:29.547,1.07812,1.0784,1.25,1.25
2014.07.17 19:33:30.829,1.07811,1.07834,1.29,1.00
2014.07.17 19:33:31.133,1.07805,1.07825,1.00,1.75
2014.07.17 19:33:31.235,1.07795,1.07817,1.43,1.00
2014.07.17 19:33:31.338,1.07795,1.07817,1.28,1.69
2014.07.17 19:33:31.591,1.07793,1.07817,1.20,1.19
2014.07.17 19:33:31.844,1.07795,1.07817,1.00,1.19
2014.07.17 19:33:32.148,1.07799,1.07818,1.00,1.25
2014.07.17 19:33:32.199,1.07792,1.0782,1.45,2.44
2014.07.17 19:33:32.654,1.07793,1.07821,2.14,1.00
2014.07.17 19:33:32.809,1.07799,1.07826,1.00,1.27
2014.07.17 19:33:32.860,1.07799,1.07826,1.00,1.19
2014.07.17 19:33:33.269,1.07801,1.07826,1.00,1.19
2014.07.17 19:33:34.129,1.07801,1.07829,1.00,1.84
2014.07.17 19:33:35.122,1.07801,1.07829,1.00,1.19
2014.07.17 19:33:36.131,1.07801,1.07829,1.00,1.25
2014.07.17 19:33:36.749,1.07801,1.07829,1.15,1.69
2014.07.17 19:33:38.852,1.07798,1.07828,2.03,1.50
2014.07.17 19:33:39.055,1.07801,1.07829,1.15,1.69
2014.07.17 19:33:39.600,1.07801,1.07829,1.15,1.25
2014.07.17 19:33:44.091,1.07804,1.07832,1.18,1.25
2014.07.17 19:33:44.569,1.07801,1.0783,1.65,1.00
2014.07.17 19:33:45.081,1.07801,1.07831,1.65,1.69
2014.07.17 19:33:45.958,1.07803,1.07833,1.53,1.19
2014.07.17 19:33:46.262,1.07809,1.07835,1.15,1.25
2014.07.17 19:33:46.879,1.0781,1.07838,1.15,1.69
2014.07.17 19:33:48.580,1.0781,1.07838,1.65,1.19
2014.07.17 19:33:50.918,1.0781,1.07838,2.35,1.00
2014.07.17 19:33:53.305,1.07812,1.07842,3.29,1.50
2014.07.17 19:33:53.457,1.07815,1.07843,1.15,1.00
2014.07.17 19:33:57.327,1.07817,1.07846,1.11,1.69
2014.07.17 19:33:58.097,1.07817,1.07846,1.11,1.69
2014.07.17 19:33:58.815,1.07817,1.07846,1.11,1.69
2014.07.17 19:34:01.126,1.07817,1.07846,1.11,1.69
2014.07.17 19:34:03.308,1.07816,1.07843,1.15,1.00
2014.07.17 19:34:03.410,1.07813,1.07843,1.65,1.19
2014.07.17 19:34:03.988,1.07812,1.07841,1.33,1.00
2014.07.17 19:34:04.528,1.07811,1.07841,1.85,1.19
2014.07.17 19:34:05.212,1.07811,1.07841,1.85,1.19
2014.07.17 19:34:05.472,1.07811,1.0784,1.88,1.19
2014.07.17 19:34:12.870,1.07815,1.07841,1.00,1.00
2014.07.17 19:34:12.921,1.07815,1.07841,1.70,1.00
2014.07.17 19:34:12.972,1.07816,1.07846,2.20,1.65
2014.07.17 19:34:13.074,1.07816,1.07846,2.35,1.50
2014.07.17 19:34:13.175,1.07815,1.07844,1.90,1.00
2014.07.17 19:34:13.722,1.07817,1.07845,1.45,1.00
2014.07.17 19:34:14.622,1.0782,1.07845,1.00,1.00
2014.07.17 19:34:14.774,1.07821,1.07849,1.45,1.15
2014.07.17 19:34:14.825,1.07821,1.07849,1.60,1.00
2014.07.17 19:34:16.710,1.0783,1.07849,1.88,1.00
2014.07.17 19:34:16.761,1.0783,1.07853,1.88,1.02
2014.07.17 19:34:17.386,1.07835,1.07853,1.88,1.10
2014.07.17 19:34:17.689,1.07842,1.07855,1.88,1.10
2014.07.17 19:34:17.790,1.07842,1.07857,1.88,1.00
2014.07.17 19:34:17.841,1.07837,1.07857,1.00,1.00
2014.07.17 19:34:18.346,1.07836,1.07856,1.88,1.88
2014.07.17 19:34:19.502,1.07836,1.07856,1.88,1.19
2014.07.17 19:34:20.344,1.07831,1.07856,2.70,1.19
2014.07.17 19:34:20.853,1.0783,1.07856,1.88,1.69
2014.07.17 19:34:21.483,1.07829,1.07856,1.88,1.69
2014.07.17 19:34:21.585,1.07829,1.07855,1.88,1.19
2014.07.17 19:34:22.672,1.07829,1.0785,1.88,1.00
2014.07.17 19:34:23.077,1.07841,1.07855,1.88,1.19
2014.07.17 19:34:23.179,1.07841,1.07856,1.88,1.13
2014.07.17 19:34:23.331,1.0783,1.07856,1.00,1.00
2014.07.17 19:34:23.432,1.0783,1.0785,1.00,1.00
2014.07.17 19:34:23.635,1.07831,1.07857,1.88,1.08
2014.07.17 19:34:23.838,1.07831,1.07856,1.88,1.00
2014.07.17 19:34:23.889,1.07827,1.07851,1.10,1.00
2014.07.17 19:34:23.946,1.07828,1.07856,1.00,1.50
2014.07.17 19:34:24.401,1.07832,1.07857,1.00,1.10
2014.07.17 19:34:24.906,1.07832,1.0786,1.50,1.19
2014.07.17 19:34:25.382,1.07832,1.0786,1.50,1.25
2014.07.17 19:34:30.604,1.0784,1.0786,1.88,1.09
2014.07.17 19:34:31.107,1.07836,1.07856,1.00,1.00
2014.07.17 19:34:31.310,1.07834,1.07855,1.88,1.00
2014.07.17 19:34:31.816,1.07834,1.07855,1.88,1.09
2014.07.17 19:34:32.145,1.07829,1.07855,1.00,1.09
2014.07.17 19:34:32.348,1.07828,1.07854,1.88,2.59
2014.07.17 19:34:33.968,1.07828,1.07853,1.88,1.29
2014.07.17 19:34:36.159,1.07828,1.07854,1.88,2.97
2014.07.17 19:34:37.241,1.07828,1.07854,1.88,1.84
2014.07.17 19:34:37.792,1.07828,1.07855,1.88,1.84
2014.07.17 19:34:42.661,1.07827,1.07855,1.00,1.37
2014.07.17 19:34:43.260,1.07827,1.07855,1.00,1.84
2014.07.17 19:34:43.889,1.07827,1.07855,1.00,1.65
2014.07.17 19:34:44.401,1.07827,1.07855,1.10,1.50
2014.07.17 19:34:44.928,1.07827,1.07855,1.10,1.69
2014.07.17 19:34:46.386,1.07827,1.07855,1.29,1.00
2014.07.17 19:34:48.876,1.07827,1.07855,1.77,1.00
2014.07.17 19:34:49.880,1.07827,1.07855,1.02,1.25
2014.07.17 19:34:51.928,1.07827,1.0785,1.02,1.00
2014.07.17 19:34:52.266,1.07827,1.0785,1.40,1.00
2014.07.17 19:34:55.110,1.07827,1.0785,1.10,1.00
2014.07.17 19:34:55.519,1.07827,1.07855,1.10,1.69
2014.07.17 19:34:56.936,1.07828,1.07855,1.50,1.00
2014.07.17 19:34:57.139,1.07828,1.07858,1.50,1.58
2014.07.17 19:34:57.291,1.07828,1.07858,1.65,1.50
2014.07.17 19:34:57.594,1.07829,1.07855,1.50,1.00
2014.07.17 19:34:58.058,1.07829,1.07855,1.65,1.00
2014.07.17 19:34:59.368,1.07829,1.07856,1.65,1.00
2014.07.17 19:35:00.025,1.07829,1.07855,1.65,1.00
2014.07.17 19:35:00.358,1.07829,1.07851,1.34,1.00
2014.07.17 19:35:00.460,1.07829,1.07855,1.34,1.00
2014.07.17 19:35:00.662,1.07829,1.07853,1.29,1.50
2014.07.17 19:35:00.966,1.07826,1.0785,1.25,1.00
2014.07.17 19:35:01.386,1.07826,1.07854,1.25,1.69
2014.07.17 19:35:01.639,1.07827,1.07855,1.29,1.00
2014.07.17 19:35:01.690,1.07827,1.07857,1.77,1.77
2014.07.17 19:35:01.792,1.07827,1.07857,1.84,1.69
2014.07.17 19:35:02.096,1.07827,1.07855,1.84,1.00
2014.07.17 19:35:02.602,1.07828,1.07855,1.34,1.00
2014.07.17 19:35:03.339,1.07828,1.07853,1.34,1.00
2014.07.17 19:35:03.895,1.07828,1.07854,1.84,1.00
2014.07.17 19:35:04.428,1.07828,1.07853,1.84,1.00
2014.07.17 19:35:05.085,1.07828,1.07854,1.84,1.00
2014.07.17 19:35:05.811,1.07829,1.07853,1.37,1.00
2014.07.17 19:35:06.367,1.07828,1.07853,1.34,1.00
2014.07.17 19:35:07.054,1.07828,1.07854,1.34,1.00
2014.07.17 19:35:07.373,1.07827,1.07852,1.34,1.00
2014.07.17 19:35:07.576,1.07825,1.07853,1.84,1.50
2014.07.17 19:35:08.157,1.0783,1.07853,1.19,1.00
2014.07.17 19:35:08.461,1.07834,1.07857,1.00,1.00
2014.07.17 19:35:08.816,1.07833,1.07855,1.18,1.00
2014.07.17 19:35:08.917,1.07831,1.07857,1.15,1.00
2014.07.17 19:35:08.968,1.07831,1.07854,1.15,1.00
2014.07.17 19:35:09.019,1.07831,1.07854,1.10,1.00
2014.07.17 19:35:09.513,1.07828,1.07853,1.09,1.00
2014.07.17 19:35:11.037,1.07828,1.07854,1.20,1.00
2014.07.17 19:35:11.550,1.07828,1.07853,1.09,1.00
2014.07.17 19:35:12.103,1.07828,1.07854,1.84,1.00
2014.07.17 19:35:12.617,1.07828,1.07853,1.39,1.00
2014.07.17 19:35:12.871,1.07828,1.07853,1.34,1.00
2014.07.17 19:35:13.226,1.07831,1.07857,1.09,1.13
2014.07.17 19:35:13.379,1.07834,1.07857,1.00,1.00
2014.07.17 19:35:13.953,1.07834,1.07858,1.00,1.00
2014.07.17 19:35:14.055,1.07834,1.07861,1.00,1.00
2014.07.17 19:35:14.726,1.07834,1.0786,1.00,1.00
2014.07.17 19:35:15.050,1.07834,1.0786,1.18,1.00
2014.07.17 19:35:15.102,1.07837,1.07862,1.00,1.25
2014.07.17 19:35:15.254,1.07837,1.07864,1.65,1.19
2014.07.17 19:35:15.304,1.07837,1.07865,1.65,1.00
2014.07.17 19:35:15.355,1.07837,1.07867,1.50,1.95
2014.07.17 19:35:15.457,1.07837,1.07867,1.65,1.50
2014.07.17 19:35:15.760,1.07837,1.07865,1.50,1.10
2014.07.17 19:35:16.331,1.07831,1.07855,1.84,1.50
2014.07.17 19:35:16.432,1.07834,1.07862,1.33,1.00
2014.07.17 19:35:16.800,1.07832,1.07857,1.34,1.00
2014.07.17 19:35:16.902,1.07835,1.07859,1.10,1.00
2014.07.17 19:35:16.953,1.07835,1.07863,1.10,1.00
2014.07.17 19:35:17.004,1.07834,1.07858,1.33,1.00
2014.07.17 19:35:17.720,1.07836,1.07858,1.00,1.00
2014.07.17 19:35:18.231,1.07832,1.0786,1.69,1.45
2014.07.17 19:35:18.484,1.07832,1.07854,1.50,1.00
2014.07.17 19:35:19.019,1.07832,1.07853,1.50,1.00
2014.07.17 19:35:19.221,1.0783,1.07853,1.20,1.00
2014.07.17 19:35:19.733,1.0783,1.07854,1.09,1.00
2014.07.17 19:35:20.988,1.0783,1.07854,1.08,1.00
2014.07.17 19:35:21.531,1.0783,1.07854,1.15,1.00
2014.07.17 19:35:22.708,1.0783,1.07853,1.15,1.00
2014.07.17 19:35:23.113,1.07828,1.07853,1.77,1.00
2014.07.17 19:35:23.265,1.07829,1.07858,1.19,1.10
2014.07.17 19:35:24.209,1.07829,1.07859,1.00,1.09
2014.07.17 19:35:24.943,1.07827,1.07855,1.09,1.00
2014.07.17 19:35:30.057,1.07829,1.07857,1.00,1.69
2014.07.17 19:35:31.163,1.07829,1.07857,1.00,1.19
2014.07.17 19:35:33.736,1.07829,1.07857,1.00,1.25
2014.07.17 19:35:36.650,1.0783,1.07858,1.00,1.10
2014.07.17 19:35:42.061,1.0783,1.07858,1.00,1.29
2014.07.17 19:35:43.065,1.0783,1.07858,1.00,1.10
2014.07.17 19:35:43.595,1.07831,1.07859,1.00,1.25
2014.07.17 19:35:44.204,1.07831,1.07859,1.00,1.19
2014.07.17 19:35:45.171,1.07831,1.07859,1.00,1.25
2014.07.17 19:35:46.794,1.07831,1.07859,1.00,1.19
2014.07.17 19:35:50.185,1.07831,1.07859,1.00,1.69
2014.07.17 19:35:51.191,1.07831,1.07859,1.00,1.25
2014.07.17 19:35:52.310,1.07831,1.07859,1.00,1.69
2014.07.17 19:35:53.395,1.07831,1.07859,1.00,1.25
2014.07.17 19:35:55.274,1.07829,1.07859,1.65,1.69
2014.07.17 19:35:55.426,1.07829,1.07859,1.65,2.44
2014.07.17 19:35:58.746,1.07829,1.07858,1.65,1.19
2014.07.17 19:36:00.257,1.07827,1.07855,1.08,1.00
2014.07.17 19:36:00.309,1.07827,1.07855,1.00,1.00
2014.07.17 19:36:00.581,1.07829,1.07856,1.00,1.02
2014.07.17 19:36:18.570,1.07829,1.07853,1.00,1.00
2014.07.17 19:36:18.723,1.07826,1.07852,1.00,1.00
2014.07.17 19:36:18.824,1.07826,1.07854,1.69,1.18
2014.07.17 19:36:19.131,1.07826,1.07854,1.10,1.00
2014.07.17 19:36:19.233,1.07825,1.07851,1.25,1.00
2014.07.17 19:36:19.284,1.07823,1.07851,1.00,1.25
2014.07.17 19:36:19.641,1.07825,1.07853,1.00,1.19
2014.07.17 19:36:20.708,1.07825,1.07853,1.00,1.25
2014.07.17 19:36:21.718,1.07825,1.07853,1.00,1.19
2014.07.17 19:36:22.124,1.07823,1.07849,1.00,1.00
2014.07.17 19:36:22.175,1.07819,1.07849,1.47,1.00
2014.07.17 19:36:22.327,1.07821,1.07849,1.50,1.19
2014.07.17 19:36:22.631,1.07816,1.07844,1.18,1.19
2014.07.17 19:36:23.695,1.07816,1.07844,1.18,1.69
2014.07.17 19:36:24.799,1.07816,1.07844,1.18,1.19
2014.07.17 19:36:26.927,1.07816,1.07844,1.18,1.25
2014.07.17 19:36:27.655,1.07819,1.07846,1.00,1.69
2014.07.17 19:36:27.941,1.07819,1.07847,1.00,1.10
2014.07.17 19:36:29.763,1.0782,1.07848,1.00,1.19
2014.07.17 19:36:31.217,1.0782,1.0785,1.25,3.19
2014.07.17 19:36:32.519,1.0782,1.0785,1.19,2.44
2014.07.17 19:36:33.650,1.0782,1.0785,1.00,2.44
2014.07.17 19:36:36.638,1.0782,1.07845,1.00,1.00
2014.07.17 19:36:37.792,1.07822,1.07845,1.00,1.00
2014.07.17 19:36:37.894,1.07817,1.07844,1.57,1.00
2014.07.17 19:36:37.945,1.07816,1.07844,1.48,1.25
2014.07.17 19:36:38.118,1.07816,1.0784,1.00,1.00
2014.07.17 19:36:38.220,1.07813,1.0784,1.25,1.10
2014.07.17 19:36:38.423,1.0781,1.07839,1.58,1.00
2014.07.17 19:36:38.524,1.0781,1.07839,1.00,1.27
2014.07.17 19:36:38.828,1.07806,1.07834,1.50,1.10
2014.07.17 19:36:38.930,1.07808,1.07835,1.00,1.08
2014.07.17 19:36:39.437,1.07808,1.07835,1.00,1.00
2014.07.17 19:36:39.944,1.07808,1.07836,1.00,1.00
2014.07.17 19:36:40.474,1.07808,1.07836,1.19,1.00
2014.07.17 19:36:41.175,1.07808,1.07836,1.38,1.15
2014.07.17 19:36:41.429,1.07806,1.07834,1.08,1.00
2014.07.17 19:36:41.833,1.07806,1.07834,1.00,1.15
2014.07.17 19:36:41.935,1.07805,1.07833,1.00,1.00
2014.07.17 19:36:45.633,1.07803,1.07832,1.13,1.00
2014.07.17 19:36:45.784,1.07802,1.07832,1.63,1.34
2014.07.17 19:36:46.290,1.07802,1.07832,1.63,1.47
2014.07.17 19:36:47.374,1.07802,1.07832,1.38,1.47
2014.07.17 19:36:48.151,1.07802,1.07832,1.38,1.47
2014.07.17 19:36:48.869,1.07802,1.07832,1.38,2.22
2014.07.17 19:36:49.378,1.07802,1.07832,1.63,2.22
2014.07.17 19:36:49.899,1.07802,1.07832,1.63,2.22
2014.07.17 19:36:50.817,1.07802,1.07832,1.48,1.39
2014.07.17 19:36:51.287,1.07802,1.07831,1.58,1.19
2014.07.17 19:36:51.819,1.07802,1.07831,1.58,1.19
2014.07.17 19:36:53.136,1.07802,1.07831,1.38,1.27
2014.07.17 19:36:53.664,1.07804,1.07831,1.88,1.19
2014.07.17 19:36:54.223,1.07804,1.0783,1.88,1.19
2014.07.17 19:36:54.784,1.07803,1.0783,1.95,1.19
2014.07.17 19:36:56.234,1.07804,1.0783,1.88,1.19
2014.07.17 19:36:56.602,1.07804,1.07832,1.88,1.25
2014.07.17 19:36:57.620,1.07804,1.07832,1.88,1.69
2014.07.17 19:36:58.164,1.07806,1.07832,1.00,1.19
2014.07.17 19:36:58.215,1.07806,1.07834,1.10,1.25
2014.07.17 19:36:58.367,1.07805,1.07831,1.08,1.00
2014.07.17 19:36:58.468,1.07804,1.07831,2.07,1.00
2014.07.17 19:36:58.988,1.07804,1.07831,1.88,1.19
2014.07.17 19:36:59.844,1.07804,1.07831,1.88,1.00
2014.07.17 19:37:02.930,1.07803,1.07831,2.63,1.00
2014.07.17 19:37:03.541,1.07804,1.07831,1.88,1.25
2014.07.17 19:37:04.054,1.07803,1.07831,2.63,1.25
2014.07.17 19:37:04.592,1.07804,1.07831,1.88,1.00
2014.07.17 19:37:05.101,1.07803,1.07831,1.63,1.18
2014.07.17 19:37:05.825,1.07803,1.07831,1.13,1.09
2014.07.17 19:37:06.364,1.07803,1.07831,1.38,1.09
2014.07.17 19:37:07.404,1.07803,1.07831,1.13,1.09
2014.07.17 19:37:07.940,1.07803,1.07831,1.38,1.09
2014.07.17 19:37:09.254,1.07803,1.07831,1.13,1.09
2014.07.17 19:37:09.824,1.07803,1.07831,1.38,1.84
2014.07.17 19:37:10.340,1.07803,1.07831,1.63,1.09
2014.07.17 19:37:11.465,1.07803,1.07831,1.32,1.09
2014.07.17 19:37:12.456,1.07803,1.07831,1.38,1.19
2014.07.17 19:37:13.016,1.07803,1.07831,1.13,1.19
2014.07.17 19:37:14.640,1.07803,1.07831,1.38,1.19
2014.07.17 19:37:15.147,1.07803,1.07831,1.13,1.19
2014.07.17 19:37:15.655,1.07803,1.07831,1.38,1.19
2014.07.17 19:37:17.764,1.07803,1.07831,1.13,1.19
2014.07.17 19:37:19.023,1.07803,1.07831,1.38,1.19
2014.07.17 19:37:20.382,1.07803,1.07831,1.63,1.25
2014.07.17 19:37:20.913,1.07803,1.07831,1.32,1.25
2014.07.17 19:37:21.350,1.07803,1.07831,1.47,1.25
2014.07.17 19:37:22.953,1.07806,1.07832,1.19,1.00
2014.07.17 19:37:23.005,1.07806,1.07834,1.19,1.00
2014.07.17 19:37:23.260,1.07806,1.07834,1.38,1.19
2014.07.17 19:37:23.717,1.07807,1.07837,1.95,1.69
2014.07.17 19:37:24.223,1.07807,1.07837,1.95,1.50
2014.07.17 19:37:26.000,1.07807,1.07837,1.95,1.50
2014.07.17 19:37:26.712,1.07807,1.07837,2.14,1.50
2014.07.17 19:37:28.860,1.0781,1.07837,1.00,1.00
2014.07.17 19:37:28.961,1.0781,1.0784,1.50,1.65
2014.07.17 19:37:35.347,1.0781,1.0784,1.84,1.50
2014.07.17 19:37:38.983,1.0781,1.0784,1.84,1.69
2014.07.17 19:37:39.552,1.0781,1.0784,1.84,1.50
2014.07.17 19:37:40.060,1.07809,1.07839,2.22,1.50
2014.07.17 19:37:40.996,1.07809,1.07834,1.47,1.00
2014.07.17 19:37:41.148,1.07807,1.07833,1.57,1.00
2014.07.17 19:37:41.682,1.07803,1.07833,5.07,1.65
2014.07.17 19:37:42.147,1.07804,1.07833,2.07,1.65
2014.07.17 19:37:44.478,1.07805,1.07833,1.48,1.50
2014.07.17 19:37:45.292,1.07805,1.07833,1.48,1.50
2014.07.17 19:37:46.046,1.07805,1.07833,1.48,1.69
2014.07.17 19:37:46.597,1.07805,1.07833,1.48,1.69
2014.07.17 19:37:47.418,1.07805,1.07833,1.48,1.69
2014.07.17 19:37:47.939,1.07805,1.07833,1.48,2.44
2014.07.17 19:37:48.646,1.07805,1.07833,1.48,2.44
2014.07.17 19:37:49.771,1.07805,1.07833,1.48,2.44
2014.07.17 19:37:51.436,1.07805,1.07833,1.48,2.44
2014.07.17 19:37:52.044,1.07805,1.07833,1.67,1.50
2014.07.17 19:37:52.855,1.07805,1.07833,1.67,1.50
2014.07.17 19:37:53.565,1.07805,1.07833,1.48,1.50
2014.07.17 19:37:54.153,1.07804,1.07833,2.89,1.50
2014.07.17 19:37:55.138,1.07804,1.07833,1.64,1.69
2014.07.17 19:37:56.457,1.07804,1.07833,2.89,1.69
2014.07.17 19:37:57.474,1.07804,1.07833,1.64,1.69
2014.07.17 19:37:58.161,1.07804,1.07833,2.89,1.69
2014.07.17 19:37:59.103,1.07803,1.07833,4.47,1.50
2014.07.17 19:37:59.905,1.07804,1.07833,2.89,1.50
2014.07.17 19:38:00.752,1.07803,1.07833,5.22,1.50
2014.07.17 19:38:01.618,1.07804,1.07833,2.14,1.50
2014.07.17 19:38:02.947,1.07804,1.07833,3.64,1.69
2014.07.17 19:38:03.510,1.07804,1.07833,2.14,1.69
2014.07.17 19:38:04.031,1.07804,1.07833,2.89,1.69
2014.07.17 19:38:04.538,1.07804,1.07833,1.39,1.69
2014.07.17 19:38:05.199,1.07804,1.07833,2.70,1.69
2014.07.17 19:38:06.206,1.07804,1.07833,1.48,1.50
2014.07.17 19:38:08.273,1.07804,1.07828,2.89,1.00
2014.07.17 19:38:08.425,1.07803,1.0783,1.88,1.10
2014.07.17 19:38:08.477,1.07804,1.0783,1.88,1.00
2014.07.17 19:38:08.580,1.07803,1.07826,1.88,1.00
2014.07.17 19:38:08.842,1.07801,1.07829,1.38,1.00
2014.07.17 19:38:09.099,1.07803,1.07831,1.39,1.50
2014.07.17 19:38:09.258,1.07804,1.07831,2.07,1.00
2014.07.17 19:38:09.461,1.07806,1.07833,2.03,1.00
2014.07.17 19:38:09.970,1.07806,1.07833,2.03,1.00
2014.07.17 19:38:10.173,1.07809,1.07835,1.88,1.00
2014.07.17 19:38:10.326,1.07807,1.07835,1.53,1.50
2014.07.17 19:38:10.581,1.07807,1.07835,1.63,1.25
2014.07.17 19:38:11.514,1.07809,1.07835,1.88,1.25
2014.07.17 19:38:12.312,1.07808,1.07835,1.88,1.25
2014.07.17 19:38:12.523,1.07809,1.07833,1.88,1.00
2014.07.17 19:38:12.827,1.07805,1.07833,1.38,1.69
2014.07.17 19:38:13.330,1.07805,1.07833,1.00,1.69
2014.07.17 19:38:13.844,1.07805,1.07833,1.00,1.19
2014.07.17 19:38:18.921,1.07805,1.07833,1.00,1.69
2014.07.17 19:38:19.326,1.07809,1.07833,1.00,1.00
2014.07.17 19:38:19.479,1.07814,1.07841,1.00,1.19
2014.07.17 19:38:19.530,1.07816,1.07842,1.00,1.69
2014.07.17 19:38:19.834,1.07819,1.07847,1.00,1.84
2014.07.17 19:38:19.936,1.07819,1.07847,1.10,1.69
2014.07.17 19:38:21.260,1.07819,1.07847,1.39,1.50
2014.07.17 19:38:22.354,1.0782,1.07847,1.25,1.50
2014.07.17 19:38:23.065,1.07824,1.07851,1.00,1.27
2014.07.17 19:38:23.622,1.07821,1.07849,1.84,1.00
2014.07.17 19:38:23.929,1.07824,1.07849,1.08,1.00
2014.07.17 19:38:23.979,1.07824,1.07853,1.15,1.25
2014.07.17 19:38:24.182,1.07824,1.07851,1.15,1.50
2014.07.17 19:38:24.744,1.07826,1.07854,1.00,1.19
2014.07.17 19:38:25.154,1.07825,1.07851,1.39,1.00
2014.07.17 19:38:25.255,1.07825,1.07855,1.39,1.00
2014.07.17 19:38:25.616,1.07829,1.07855,1.00,1.00
2014.07.17 19:38:25.667,1.07829,1.07858,1.00,1.34
2014.07.17 19:38:25.769,1.0783,1.07859,1.65,1.19
2014.07.17 19:38:25.870,1.0783,1.0786,1.65,1.69
2014.07.17 19:38:26.073,1.07827,1.07857,1.58,1.50
2014.07.17 19:38:28.184,1.07826,1.07854,1.09,1.00
2014.07.17 19:38:31.373,1.07826,1.07854,1.25,1.00
2014.07.17 19:38:32.467,1.07826,1.07854,1.25,1.18
2014.07.17 19:38:34.173,1.07824,1.07852,1.29,1.10
2014.07.17 19:38:34.375,1.07824,1.07854,1.84,1.00
2014.07.17 19:38:34.891,1.07825,1.07854,1.29,1.00
2014.07.17 19:38:37.267,1.07825,1.07854,1.10,1.00
2014.07.17 19:38:42.593,1.07825,1.07851,1.02,1.00
2014.07.17 19:38:44.505,1.07825,1.07853,1.02,1.00
2014.07.17 19:38:44.757,1.07825,1.07853,1.40,1.00
2014.07.17 19:38:44.808,1.07828,1.07856,1.00,1.00
2014.07.17 19:38:49.379,1.07826,1.07856,1.84,1.00
2014.07.17 19:38:53.113,1.07825,1.07854,1.34,1.00
2014.07.17 19:38:53.214,1.07828,1.07856,1.00,1.00
2014.07.17 19:38:55.805,1.07825,1.07853,2.59,1.00
2014.07.17 19:38:56.998,1.07828,1.07854,1.00,1.00
2014.07.17 19:38:57.049,1.07828,1.07856,1.25,1.00
2014.07.17 19:38:57.251,1.07826,1.07854,1.34,1.00
2014.07.17 19:38:57.757,1.07827,1.07857,1.84,2.25
2014.07.17 19:38:58.446,1.07827,1.07857,1.84,1.50
2014.07.17 19:38:58.753,1.07826,1.07854,1.34,1.00
2014.07.17 19:38:59.278,1.07828,1.07855,1.00,1.20
2014.07.17 19:38:59.766,1.07825,1.07855,2.44,1.65
2014.07.17 19:39:00.991,1.07825,1.07853,1.69,1.00
2014.07.17 19:39:01.295,1.07827,1.07857,1.00,1.15
2014.07.17 19:39:01.346,1.07827,1.07857,1.00,1.00
2014.07.17 19:39:06.745,1.07829,1.07857,1.00,1.00
2014.07.17 19:39:07.250,1.07829,1.07859,1.50,1.65
2014.07.17 19:39:11.592,1.07829,1.07859,1.58,1.58
2014.07.17 19:39:16.668,1.07829,1.07856,1.10,1.00
2014.07.17 19:39:16.770,1.07827,1.07857,1.77,1.58
2014.07.17 19:39:17.429,1.07827,1.07857,1.69,1.58
2014.07.17 19:39:18.240,1.07827,1.07857,1.50,1.58
2014.07.17 19:39:19.394,1.07827,1.07857,1.69,1.58
2014.07.17 19:39:20.524,1.07827,1.07857,1.50,1.58
2014.07.17 19:39:22.007,1.07826,1.07854,1.10,1.00
2014.07.17 19:39:23.682,1.07826,1.07853,1.10,1.00
2014.07.17 19:39:23.733,1.07822,1.07852,1.84,1.00
2014.07.17 19:39:23.986,1.07825,1.07853,1.08,1.00
2014.07.17 19:39:24.088,1.07827,1.07855,1.00,1.00
2014.07.17 19:39:24.138,1.07825,1.07853,1.08,1.00
2014.07.17 19:39:25.416,1.07823,1.07852,1.34,1.50
2014.07.17 19:39:25.825,1.07822,1.07852,2.59,1.50
2014.07.17 19:39:26.330,1.07825,1.07853,1.00,1.00
2014.07.17 19:39:28.729,1.07828,1.07856,1.00,1.15
2014.07.17 19:39:28.882,1.07828,1.07856,1.00,1.00
2014.07.17 19:39:29.320,1.07828,1.0785,1.00,1.00
2014.07.17 19:39:29.371,1.07826,1.0785,1.10,1.00
2014.07.17 19:39:29.474,1.0782,1.0785,1.10,1.50
2014.07.17 19:39:29.525,1.07817,1.07847,2.78,1.00
2014.07.17 19:39:29.829,1.07818,1.07846,1.15,1.00
2014.07.17 19:39:30.032,1.07822,1.0785,1.00,1.33
2014.07.17 19:39:30.134,1.07824,1.07851,1.00,1.18
2014.07.17 19:39:30.185,1.07824,1.07851,1.00,1.20
2014.07.17 19:39:30.693,1.07823,1.07851,1.50,1.00
2014.07.17 19:39:30.744,1.07823,1.07853,1.50,1.58
2014.07.17 19:39:31.564,1.07823,1.07853,1.58,1.50
2014.07.17 19:39:33.768,1.07824,1.07853,1.39,1.50
2014.07.17 19:39:36.357,1.07825,1.07853,1.69,1.50
2014.07.17 19:39:39.089,1.07825,1.07853,1.69,1.50
2014.07.17 19:39:45.780,1.07825,1.07853,1.69,1.50
2014.07.17 19:39:46.783,1.07825,1.07853,1.69,1.50
2014.07.17 19:39:47.110,1.07825,1.07855,3.19,1.69
2014.07.17 19:39:49.223,1.07825,1.07855,3.19,1.50
2014.07.17 19:39:52.401,1.07825,1.07855,2.44,1.69
2014.07.17 19:39:53.906,1.07828,1.07856,1.00,1.20
2014.07.17 19:39:54.941,1.07828,1.07856,1.19,1.00
2014.07.17 19:39:58.952,1.07828,1.07856,1.25,1.00
2014.07.17 19:39:59.946,1.07828,1.07856,1.19,1.00
2014.07.17 19:40:01.028,1.07828,1.07856,1.25,1.00
2014.07.17 19:40:01.719,1.07827,1.07855,1.39,1.00
2014.07.17 19:40:02.023,1.0783,1.07855,1.00,1.10
2014.07.17 19:40:02.125,1.07827,1.07855,1.00,1.10
2014.07.17 19:40:06.249,1.07827,1.07855,1.19,1.10
2014.07.17 19:40:07.653,1.07827,1.07855,1.00,1.02
2014.07.17 19:40:08.133,1.07837,1.07859,1.00,1.00
2014.07.17 19:40:08.183,1.07837,1.07861,1.00,1.50
2014.07.17 19:40:08.234,1.07841,1.07861,1.08,1.50
2014.07.17 19:40:08.791,1.07841,1.07865,1.15,1.00
2014.07.17 19:40:08.993,1.07841,1.07867,1.15,1.25
2014.07.17 19:40:09.147,1.07838,1.07867,1.65,1.25
2014.07.17 19:40:09.451,1.07838,1.07864,1.84,1.00
2014.07.17 19:40:09.552,1.07838,1.07866,2.59,1.00
2014.07.17 19:40:09.957,1.0784,1.0787,1.84,2.44
2014.07.17 19:40:10.313,1.0784,1.0787,1.69,2.44
2014.07.17 19:40:12.203,1.0784,1.07869,1.50,1.19
2014.07.17 19:40:13.084,1.0784,1.0787,1.69,1.50
2014.07.17 19:40:13.135,1.07844,1.07872,1.00,1.72
2014.07.17 19:40:14.398,1.07844,1.07872,1.00,1.13
2014.07.17 19:40:14.957,1.07844,1.07872,1.00,1.38
2014.07.17 19:40:17.092,1.07844,1.07872,1.00,1.13
2014.07.17 19:40:17.631,1.07844,1.07872,1.00,1.38
2014.07.17 19:40:18.169,1.07844,1.07872,1.00,1.13
2014.07.17 19:40:18.693,1.07844,1.07872,1.25,1.38
2014.07.17 19:40:20.009,1.07844,1.07872,1.00,1.13
2014.07.17 19:40:20.335,1.07846,1.07876,2.44,3.53
2014.07.17 19:40:20.689,1.07851,1.07879,1.00,1.57
2014.07.17 19:40:20.993,1.07844,1.07873,1.40,1.69
2014.07.17 19:40:21.296,1.07847,1.07875,1.15,1.69
2014.07.17 19:40:21.348,1.0785,1.07877,1.10,1.00
2014.07.17 19:40:21.400,1.07853,1.07881,1.08,3.19
2014.07.17 19:40:21.654,1.07859,1.07885,1.15,1.00
2014.07.17 19:40:21.705,1.07854,1.07881,2.52,1.00
2014.07.17 19:40:21.756,1.07854,1.07881,1.37,1.00
2014.07.17 19:40:21.807,1.07855,1.07883,1.02,1.00
2014.07.17 19:40:21.908,1.07855,1.07883,1.08,1.00
2014.07.17 19:40:21.959,1.07858,1.07886,1.20,3.57
2014.07.17 19:40:22.061,1.07857,1.07884,1.40,1.00
2014.07.17 19:40:22.753,1.07856,1.07884,1.29,1.00
2014.07.17 19:40:23.415,1.07856,1.07884,1.77,1.00
2014.07.17 19:40:25.149,1.07856,1.07884,1.02,1.25
2014.07.17 19:40:25.853,1.07856,1.0788,1.02,1.00
2014.07.17 19:40:26.259,1.07853,1.0788,1.50,1.25
2014.07.17 19:40:26.361,1.0785,1.0788,2.14,1.69
2014.07.17 19:40:26.615,1.07854,1.07881,1.00,1.32
2014.07.17 19:40:27.019,1.0786,1.0788,1.10,1.00
2014.07.17 19:40:27.222,1.07856,1.07881,1.18,1.00
2014.07.17 19:40:27.273,1.07856,1.07881,1.10,2.07
2014.07.17 19:40:28.038,1.07856,1.0788,1.00,1.00
2014.07.17 19:40:28.691,1.07853,1.0788,1.77,1.00
2014.07.17 19:40:29.047,1.07854,1.07884,1.69,2.07
2014.07.17 19:40:29.579,1.07854,1.07883,1.50,1.57
2014.07.17 19:40:30.364,1.07854,1.07884,1.69,2.82
2014.07.17 19:40:30.899,1.07854,1.07881,1.69,1.13
2014.07.17 19:40:31.761,1.07854,1.07884,1.69,2.82
2014.07.17 19:40:32.274,1.07854,1.07884,1.69,2.07
2014.07.17 19:40:32.879,1.07854,1.07884,1.69,2.07
2014.07.17 19:40:34.123,1.07854,1.0788,1.69,1.00
2014.07.17 19:40:34.629,1.07854,1.0788,1.69,1.00
2014.07.17 19:40:35.362,1.07854,1.0788,1.69,1.00
2014.07.17 19:40:36.230,1.07854,1.07875,1.69,1.00
2014.07.17 19:40:36.759,1.07854,1.07875,1.69,1.00
2014.07.17 19:40:37.605,1.07852,1.07875,1.37,1.00
2014.07.17 19:40:37.656,1.07852,1.07881,1.37,1.32
2014.07.17 19:40:38.165,1.07854,1.07881,1.00,1.32
2014.07.17 19:40:39.700,1.07854,1.07881,1.19,1.13
2014.07.17 19:40:40.677,1.07854,1.07881,1.00,1.00
2014.07.17 19:40:44.107,1.07854,1.07881,1.19,1.13
2014.07.17 19:40:45.350,1.07854,1.07884,1.19,1.57
2014.07.17 19:40:45.873,1.07854,1.07884,1.19,1.57
2014.07.17 19:40:46.414,1.07854,1.07884,1.19,1.57
2014.07.17 19:40:47.175,1.07854,1.07884,1.19,1.57
2014.07.17 19:40:48.878,1.07854,1.0788,1.19,1.00
2014.07.17 19:40:49.282,1.07854,1.07884,1.19,1.57
2014.07.17 19:40:49.804,1.07854,1.07881,1.25,1.13
2014.07.17 19:40:50.833,1.07854,1.07881,1.19,1.00
2014.07.17 19:40:52.632,1.07855,1.07875,1.00,1.00
2014.07.17 19:40:52.683,1.07853,1.07875,1.00,1.00
2014.07.17 19:40:52.885,1.07849,1.07875,1.37,1.00
2014.07.17 19:40:52.936,1.07849,1.0787,1.18,1.00
2014.07.17 19:40:53.245,1.07847,1.07865,1.50,1.00
2014.07.17 19:40:53.515,1.07845,1.07865,1.10,1.00
2014.07.17 19:40:53.819,1.07843,1.07866,1.10,1.00
2014.07.17 19:40:53.870,1.07845,1.07866,1.00,1.00
2014.07.17 19:40:54.072,1.07843,1.07866,1.10,1.00
2014.07.17 19:40:57.095,1.07843,1.07865,1.00,1.00
2014.07.17 19:40:57.399,1.07839,1.07865,2.52,1.00
2014.07.17 19:40:57.904,1.07839,1.07869,2.59,1.69
2014.07.17 19:40:59.975,1.07839,1.07869,1.84,1.69
2014.07.17 19:41:01.574,1.07839,1.07863,1.39,1.00
2014.07.17 19:41:01.676,1.07836,1.07864,1.02,1.25
2014.07.17 19:41:01.981,1.07839,1.07866,1.00,1.77
2014.07.17 19:41:02.285,1.07842,1.0787,1.00,1.84
2014.07.17 19:41:03.006,1.07842,1.0787,1.00,1.77
2014.07.17 19:41:03.509,1.07842,1.0787,1.00,2.52
2014.07.17 19:41:03.818,1.07842,1.07866,1.00,1.00
2014.07.17 19:41:04.146,1.07842,1.0786,1.00,1.00
2014.07.17 19:41:05.874,1.07841,1.0786,1.00,1.00
2014.07.17 19:41:06.406,1.07842,1.0786,1.50,1.00
2014.07.17 19:41:06.936,1.07839,1.0786,1.29,1.00
2014.07.17 19:41:08.340,1.07838,1.07856,2.52,1.00
2014.07.17 19:41:08.391,1.07838,1.07856,1.50,1.00
2014.07.17 19:41:08.594,1.07836,1.07856,1.00,1.00
2014.07.17 19:41:09.113,1.07836,1.07855,1.00,1.00
2014.07.17 19:41:09.677,1.07836,1.07856,1.00,1.00
2014.07.17 19:41:10.638,1.07832,1.07855,1.37,1.00
2014.07.17 19:41:10.739,1.07832,1.07856,1.00,1.00
2014.07.17 19:41:10.891,1.07832,1.07851,1.00,1.00
2014.07.17 19:41:11.094,1.0783,1.07856,1.19,1.00
2014.07.17 19:41:13.322,1.07831,1.07855,1.00,1.00
2014.07.17 19:41:13.837,1.07828,1.07855,1.77,1.00
2014.07.17 19:41:14.087,1.07828,1.07846,1.69,1.00
2014.07.17 19:41:14.391,1.07826,1.07841,1.02,1.00
2014.07.17 19:41:14.905,1.07826,1.0784,1.00,1.00
2014.07.17 19:41:15.121,1.07824,1.0784,1.13,1.00
2014.07.17 19:41:15.374,1.07823,1.07845,1.48,1.00
2014.07.17 19:41:15.627,1.07828,1.07855,1.00,1.15
2014.07.17 19:41:15.729,1.07831,1.07855,1.00,1.00
2014.07.17 19:41:16.134,1.07831,1.07855,1.15,1.00
2014.07.17 19:41:16.236,1.07831,1.07855,1.00,1.00
2014.07.17 19:41:16.286,1.07831,1.0785,1.00,1.00
2014.07.17 19:41:16.794,1.07828,1.0785,1.19,1.00
2014.07.17 19:41:16.954,1.07826,1.0785,1.19,1.00
2014.07.17 19:41:18.258,1.07826,1.0785,1.25,1.00
2014.07.17 19:41:20.895,1.07826,1.07851,1.25,1.00
2014.07.17 19:41:21.574,1.07826,1.0785,1.25,1.00
2014.07.17 19:41:23.083,1.07824,1.07852,1.19,1.50
2014.07.17 19:41:23.185,1.07824,1.0785,1.19,1.00
2014.07.17 19:41:24.132,1.07824,1.0785,1.19,1.00
2014.07.17 19:41:25.186,1.07824,1.07851,1.19,1.00
2014.07.17 19:41:25.492,1.07824,1.07846,1.19,1.00
2014.07.17 19:41:26.173,1.07821,1.07846,1.19,1.50
2014.07.17 19:41:28.485,1.0782,1.07846,2.52,1.00
2014.07.17 19:41:29.399,1.07823,1.07846,1.19,1.00
2014.07.17 19:41:29.921,1.07823,1.07846,1.27,1.00
2014.07.17 19:41:30.435,1.07823,1.07846,1.19,1.00
2014.07.17 19:41:30.949,1.07822,1.07846,1.69,1.00
2014.07.17 19:41:31.511,1.07828,1.07846,1.00,1.00
2014.07.17 19:41:32.977,1.07831,1.07851,1.00,1.00
2014.07.17 19:41:33.078,1.07833,1.07854,1.50,1.00
2014.07.17 19:41:33.281,1.07836,1.07856,1.50,1.00
2014.07.17 19:41:33.591,1.0783,1.07856,1.58,1.00
2014.07.17 19:41:34.257,1.07828,1.07856,1.77,2.25
2014.07.17 19:41:34.308,1.07828,1.07854,1.29,1.00
2014.07.17 19:41:34.562,1.07826,1.07851,1.02,1.00
2014.07.17 19:41:34.613,1.07824,1.07851,1.65,1.00
2014.07.17 19:41:34.765,1.07822,1.07845,2.22,1.00
2014.07.17 19:41:35.270,1.07823,1.07846,1.69,1.50
2014.07.17 19:41:35.881,1.07821,1.07846,1.18,1.00
2014.07.17 19:41:36.387,1.07823,1.07845,1.00,1.00
2014.07.17 19:41:36.794,1.0782,1.07846,1.50,1.50
2014.07.17 19:41:37.098,1.07825,1.07845,1.00,1.00
2014.07.17 19:41:37.430,1.0783,1.0785,1.00,1.00
2014.07.17 19:41:37.939,1.07828,1.0785,1.84,1.00
2014.07.17 19:41:38.367,1.07834,1.07851,1.00,1.00
2014.07.17 19:41:38.468,1.07828,1.07851,1.19,1.00
2014.07.17 19:41:38.833,1.07829,1.0785,1.19,1.00
2014.07.17 19:41:39.202,1.07824,1.0785,2.44,1.00
2014.07.17 19:41:39.304,1.07822,1.0785,1.18,1.69
2014.07.17 19:41:39.405,1.07821,1.07849,1.77,1.25
2014.07.17 19:41:39.557,1.07821,1.07845,1.25,1.00
2014.07.17 19:41:39.862,1.07821,1.07843,1.00,1.00
2014.07.17 19:41:39.964,1.07821,1.07845,1.00,1.50
2014.07.17 19:41:40.066,1.07818,1.07845,1.00,2.25
2014.07.17 19:41:40.583,1.07819,1.07844,1.00,1.13
2014.07.17 19:41:40.802,1.07815,1.07844,2.44,1.00
2014.07.17 19:41:41.308,1.07818,1.07844,1.00,1.25
2014.07.17 19:41:41.510,1.07818,1.07846,1.25,1.25
2014.07.17 19:41:42.228,1.07818,1.0784,1.25,1.00
2014.07.17 19:41:42.330,1.07818,1.07845,1.25,1.00
2014.07.17 19:41:42.887,1.07816,1.0784,1.37,1.00
2014.07.17 19:41:43.140,1.07815,1.0784,1.58,1.00
2014.07.17 19:41:43.343,1.07813,1.0784,1.37,1.00
2014.07.17 19:41:44.102,1.07813,1.07837,1.37,1.00
2014.07.17 19:41:44.203,1.07812,1.0784,1.19,2.40
2014.07.17 19:41:44.305,1.07812,1.07836,1.19,1.00
2014.07.17 19:41:44.355,1.0781,1.07836,2.44,1.00
2014.07.17 19:41:44.558,1.0781,1.07836,1.50,1.00
2014.07.17 19:41:44.807,1.07807,1.07835,1.77,1.00
2014.07.17 19:41:44.858,1.07807,1.07831,1.77,1.00
2014.07.17 19:41:45.314,1.07806,1.07825,1.19,1.00
2014.07.17 19:41:45.633,1.07804,1.07831,1.19,1.65
2014.07.17 19:41:45.735,1.07804,1.07828,1.19,1.00
2014.07.17 19:41:45.887,1.07801,1.07825,1.19,1.00
2014.07.17 19:41:46.437,1.07801,1.07826,1.19,1.00
2014.07.17 19:41:46.983,1.07801,1.07826,1.33,1.00
2014.07.17 19:41:47.085,1.07799,1.07826,1.84,1.00
2014.07.17 19:41:49.145,1.07799,1.07825,1.37,1.00
2014.07.17 19:41:50.160,1.07799,1.07826,1.47,1.00
2014.07.17 19:41:50.790,1.07799,1.07825,1.47,1.00
2014.07.17 19:41:51.297,1.078,1.07826,1.29,1.00
2014.07.17 19:41:51.500,1.078,1.0783,1.29,1.58
2014.07.17 19:41:51.601,1.078,1.07828,1.29,1.00
2014.07.17 19:41:51.702,1.078,1.0783,1.29,1.10
2014.07.17 19:41:52.120,1.078,1.07826,1.29,1.88
2014.07.17 19:41:52.686,1.078,1.07824,1.29,1.50
2014.07.17 19:41:52.989,1.07798,1.07821,2.14,1.88
2014.07.17 19:41:53.293,1.07797,1.07815,3.57,1.88
2014.07.17 19:41:53.445,1.07797,1.07821,2.97,1.88
2014.07.17 19:41:53.969,1.07802,1.07821,1.00,1.88
2014.07.17 19:41:54.123,1.07801,1.07827,1.02,1.00
2014.07.17 19:41:54.224,1.07801,1.0783,1.09,1.25
2014.07.17 19:41:54.377,1.07804,1.07831,1.00,1.19
2014.07.17 19:41:54.891,1.07804,1.0783,1.00,1.08
2014.07.17 19:41:55.902,1.07804,1.0783,1.38,1.08
2014.07.17 19:41:56.429,1.07804,1.0783,1.00,1.00
2014.07.17 19:41:56.875,1.07807,1.0783,1.00,1.00
2014.07.17 19:41:57.636,1.07807,1.07825,1.00,1.00
2014.07.17 19:41:57.915,1.07805,1.07826,1.00,1.00
2014.07.17 19:41:57.967,1.07802,1.07826,1.50,1.00
2014.07.17 19:41:58.070,1.07802,1.07821,1.00,1.00
2014.07.17 19:41:58.172,1.07798,1.07821,1.57,1.00
2014.07.17 19:41:58.375,1.07802,1.07821,1.00,1.00
2014.07.17 19:41:58.426,1.07802,1.07826,1.00,1.19
2014.07.17 19:41:58.687,1.07804,1.07826,1.00,1.19
2014.07.17 19:41:59.194,1.07804,1.07826,1.00,1.00
2014.07.17 19:41:59.700,1.07804,1.07831,1.00,1.84
2014.07.17 19:42:00.423,1.07804,1.07831,1.00,1.84
2014.07.17 19:42:00.581,1.07802,1.07828,1.00,1.08
2014.07.17 19:42:00.632,1.07802,1.07828,1.00,1.40
2014.07.17 19:42:00.682,1.07798,1.07828,2.07,1.84
2014.07.17 19:42:01.054,1.07802,1.0783,1.00,1.84
2014.07.17 19:42:01.206,1.07803,1.0783,1.00,1.77
2014.07.17 19:42:01.358,1.07803,1.07825,1.00,1.00
2014.07.17 19:42:01.562,1.078,1.07825,1.10,1.00
2014.07.17 19:42:01.730,1.07795,1.07825,1.65,1.38
2014.07.17 19:42:01.781,1.07795,1.07825,1.00,1.53
2014.07.17 19:42:02.338,1.07794,1.07818,1.00,1.00
2014.07.17 19:42:02.643,1.07794,1.0782,1.50,1.00
2014.07.17 19:42:02.795,1.07795,1.07815,1.00,1.00
2014.07.17 19:42:03.302,1.07795,1.07816,1.00,1.00
2014.07.17 19:42:03.606,1.07795,1.0781,1.00,1.00
2014.07.17 19:42:03.708,1.07795,1.07814,1.00,1.08
2014.07.17 19:42:04.221,1.07794,1.07814,1.00,1.00
2014.07.17 19:42:04.758,1.07795,1.07815,1.00,1.69
2014.07.17 19:42:05.364,1.07795,1.07815,1.00,1.69
2014.07.17 19:42:05.733,1.07795,1.07818,1.00,1.00
2014.07.17 19:42:06.441,1.07795,1.0782,1.00,1.19
2014.07.17 19:42:06.947,1.07795,1.0782,1.00,1.10
2014.07.17 19:42:07.149,1.07795,1.07818,1.00,1.00
2014.07.17 19:42:07.453,1.07794,1.0782,1.00,1.50
2014.07.17 19:42:07.757,1.07795,1.07822,1.00,1.10
2014.07.17 19:42:08.061,1.07797,1.07822,1.00,1.10
2014.07.17 19:42:08.163,1.07795,1.07822,1.00,1.10
2014.07.17 19:42:08.665,1.07794,1.07822,1.50,1.10
2014.07.17 19:42:09.274,1.07793,1.07823,1.08,1.08
2014.07.17 19:42:09.426,1.07799,1.07827,1.08,1.13
2014.07.17 19:42:09.932,1.07799,1.07827,1.00,1.10
2014.07.17 19:42:10.832,1.078,1.0783,1.50,2.78
2014.07.17 19:42:11.186,1.078,1.0783,1.58,2.33
2014.07.17 19:42:11.389,1.078,1.0783,1.50,2.33
2014.07.17 19:42:11.490,1.07798,1.07828,1.00,1.10
2014.07.17 19:42:12.167,1.07795,1.07823,1.29,1.00
2014.07.17 19:42:12.268,1.07797,1.07825,1.00,1.20
2014.07.17 19:42:12.370,1.07795,1.07823,1.00,1.00
2014.07.17 19:42:12.673,1.07795,1.07823,1.00,1.15
2014.07.17 19:42:12.775,1.07795,1.07823,1.00,1.00
2014.07.17 19:42:13.479,1.07793,1.07823,1.58,1.69
2014.07.17 19:42:13.985,1.07793,1.07823,1.65,1.69
2014.07.17 19:42:14.137,1.07797,1.07825,1.00,1.47
2014.07.17 19:42:14.491,1.07794,1.07824,1.58,1.50
2014.07.17 19:42:15.018,1.07794,1.07824,1.50,1.50
2014.07.17 19:42:17.547,1.07794,1.0782,1.50,1.00
2014.07.17 19:42:21.370,1.07794,1.07824,1.50,1.50
2014.07.17 19:42:21.903,1.07795,1.07824,1.58,1.50
2014.07.17 19:42:22.885,1.07792,1.0782,1.40,1.00
2014.07.17 19:42:22.987,1.07794,1.07824,1.10,1.10
2014.07.17 19:42:23.088,1.07794,1.07824,1.15,1.00
2014.07.17 19:42:23.648,1.07794,1.07824,1.40,1.00
2014.07.17 19:42:23.699,1.07796,1.07826,1.15,1.50
2014.07.17 19:42:23.901,1.078,1.07826,1.18,1.00
2014.07.17 19:42:24.175,1.078,1.07826,1.10,1.00
2014.07.17 19:42:24.277,1.078,1.07828,1.00,1.00
2014.07.17 19:42:24.530,1.078,1.07828,1.18,1.00
2014.07.17 19:42:25.379,1.078,1.07816,1.18,1.88
2014.07.17 19:42:25.740,1.07799,1.07816,1.00,1.88
2014.07.17 19:42:26.044,1.07798,1.07818,1.00,1.88
2014.07.17 19:42:26.096,1.07792,1.07818,1.34,1.88
2014.07.17 19:42:26.197,1.07795,1.07822,1.50,1.88
2014.07.17 19:42:26.298,1.07797,1.07822,1.00,1.88
2014.07.17 19:42:27.869,1.07797,1.07817,1.00,1.88
2014.07.17 19:42:27.970,1.07795,1.07817,1.00,1.88
2014.07.17 19:42:28.122,1.07795,1.07809,1.00,1.88
2014.07.17 19:42:28.224,1.0779,1.07809,1.40,1.88
2014.07.17 19:42:28.882,1.07792,1.07801,2.33,1.88
2014.07.17 19:42:29.544,1.07792,1.078,1.58,1.88
2014.07.17 19:42:29.898,1.07784,1.07807,1.84,3.38
2014.07.17 19:42:30.000,1.07784,1.07807,1.69,1.88
2014.07.17 19:42:30.104,1.07788,1.07807,1.00,1.88
2014.07.17 19:42:30.206,1.07786,1.07807,1.00,1.88
2014.07.17 19:42:30.514,1.07782,1.07807,1.69,1.88
2014.07.17 19:42:30.566,1.07782,1.07807,1.00,1.88
2014.07.17 19:42:31.073,1.07782,1.07806,1.00,1.00
2014.07.17 19:42:31.326,1.07782,1.0781,1.00,1.10
2014.07.17 19:42:34.023,1.07779,1.07807,1.00,1.00
2014.07.17 19:42:38.986,1.07779,1.07809,1.00,1.50
2014.07.17 19:42:41.508,1.07779,1.07809,1.69,1.50
2014.07.17 19:42:42.612,1.07779,1.07809,1.69,1.50
2014.07.17 19:42:42.814,1.07777,1.07805,1.19,1.20
2014.07.17 19:42:42.915,1.07777,1.07805,1.00,1.20
2014.07.17 19:42:44.078,1.07777,1.07805,1.19,1.20
2014.07.17 19:42:44.711,1.0778,1.07808,1.00,1.00
2014.07.17 19:42:50.335,1.07781,1.07809,1.00,1.10
2014.07.17 19:42:50.868,1.07779,1.07808,1.00,1.00
2014.07.17 19:42:50.921,1.07778,1.07808,1.65,1.50
2014.07.17 19:42:51.427,1.07781,1.07809,1.10,1.00
2014.07.17 19:43:00.704,1.07781,1.07808,1.10,1.00
2014.07.17 19:43:05.960,1.07779,1.07809,1.65,1.50
2014.07.17 19:43:07.048,1.07779,1.07802,1.15,1.00
2014.07.17 19:43:07.302,1.07776,1.078,1.00,1.00
2014.07.17 19:43:07.810,1.07773,1.078,1.15,1.00
2014.07.17 19:43:07.962,1.07771,1.07799,1.18,1.00
2014.07.17 19:43:08.471,1.07774,1.07804,1.58,1.58
2014.07.17 19:43:08.910,1.07774,1.07804,1.65,1.50
2014.07.17 19:43:09.214,1.07774,1.07804,2.03,1.50
2014.07.17 19:43:09.687,1.07774,1.07801,2.97,1.00
2014.07.17 19:43:10.003,1.07769,1.07793,2.70,1.88
2014.07.17 19:43:10.054,1.07769,1.07793,2.78,1.88
2014.07.17 19:43:10.311,1.07768,1.07793,1.13,1.88
2014.07.17 19:43:10.362,1.07768,1.07794,1.38,1.50
2014.07.17 19:43:10.514,1.07769,1.07791,1.00,1.00
2014.07.17 19:43:11.021,1.07769,1.0779,1.00,1.50
2014.07.17 19:43:11.477,1.07765,1.0779,1.15,1.00
2014.07.17 19:43:11.680,1.07761,1.07787,2.03,1.00
2014.07.17 19:43:12.186,1.07762,1.0779,2.03,1.00
2014.07.17 19:43:12.737,1.07763,1.07789,1.08,1.00
2014.07.17 19:43:12.990,1.07759,1.07788,2.78,1.19
2014.07.17 19:43:13.697,1.07763,1.0779,1.08,1.25
2014.07.17 19:43:13.748,1.07763,1.07791,1.45,2.44
2014.07.17 19:43:14.052,1.07759,1.07789,4.47,1.50
2014.07.17 19:43:14.557,1.07759,1.07789,2.03,1.69
2014.07.17 19:43:15.427,1.07762,1.07789,1.13,1.50
2014.07.17 19:43:15.629,1.07762,1.07789,1.13,1.50
2014.07.17 19:43:17.331,1.07762,1.07789,1.13,1.50
2014.07.17 19:43:17.382,1.07762,1.07789,1.13,1.50
2014.07.17 19:43:19.034,1.07761,1.0779,2.25,1.00
2014.07.17 19:43:19.389,1.07766,1.07792,1.00,1.00
2014.07.17 19:43:19.440,1.07766,1.07794,1.00,1.25
2014.07.17 19:43:19.491,1.07768,1.07794,1.00,1.25
2014.07.17 19:43:20.098,1.07769,1.07796,1.00,1.20
2014.07.17 19:43:21.154,1.07768,1.07792,1.00,1.00
2014.07.17 19:43:21.512,1.07768,1.07796,1.00,1.50
2014.07.17 19:43:22.020,1.07767,1.07795,1.18,1.00
2014.07.17 19:43:22.551,1.07767,1.07796,1.18,1.50
2014.07.17 19:43:22.817,1.07767,1.07792,1.18,1.00
2014.07.17 19:43:22.969,1.07764,1.07792,2.22,1.00
2014.07.17 19:43:23.273,1.07764,1.07792,1.47,1.00
2014.07.17 19:43:24.902,1.07766,1.07793,1.18,1.00
2014.07.17 19:43:24.953,1.07766,1.07795,1.18,1.00
2014.07.17 19:43:25.621,1.07766,1.07796,1.18,1.00
2014.07.17 19:43:28.600,1.07776,1.07796,1.00,1.00
2014.07.17 19:43:28.702,1.07778,1.078,1.08,1.10
2014.07.17 19:43:28.904,1.07781,1.078,1.00,1.00
2014.07.17 19:43:28.955,1.07783,1.07805,1.10,1.00
2014.07.17 19:43:29.159,1.0778,1.07808,1.15,1.25
2014.07.17 19:43:29.210,1.07788,1.07808,1.00,1.25
2014.07.17 19:43:29.565,1.07786,1.07814,1.65,1.32
2014.07.17 19:43:29.617,1.07785,1.07812,1.10,1.00
2014.07.17 19:43:29.819,1.07787,1.07815,1.00,1.69
2014.07.17 19:43:30.001,1.07784,1.07814,1.15,1.19
2014.07.17 19:43:30.154,1.07787,1.07815,1.00,1.00
2014.07.17 19:43:30.472,1.0779,1.07818,1.10,1.25
2014.07.17 19:43:31.074,1.0779,1.07817,1.10,1.00
2014.07.17 19:43:31.378,1.07786,1.07815,1.15,1.00
2014.07.17 19:43:33.876,1.07789,1.07817,1.15,1.13
2014.07.17 19:43:34.180,1.0779,1.07815,1.84,1.00
2014.07.17 19:43:35.935,1.0779,1.07815,1.34,1.00
2014.07.17 19:43:36.780,1.0779,1.07815,1.29,1.00
2014.07.17 19:43:37.085,1.07789,1.07815,1.00,1.00
2014.07.17 19:43:37.389,1.07789,1.07817,2.63,1.02
2014.07.17 19:43:37.917,1.07789,1.07817,3.94,1.10
2014.07.17 19:43:38.608,1.07789,1.07817,3.19,1.10
2014.07.17 19:43:39.619,1.07789,1.07817,1.00,1.00
2014.07.17 19:43:39.980,1.07787,1.07812,1.39,1.00
2014.07.17 19:43:40.183,1.07787,1.07815,1.10,1.00
2014.07.17 19:43:40.689,1.07784,1.07814,1.00,1.00
2014.07.17 19:43:40.791,1.07784,1.07814,1.00,1.15
2014.07.17 19:43:40.892,1.07781,1.07811,1.18,1.00
2014.07.17 19:43:41.420,1.07781,1.07808,1.18,1.00
2014.07.17 19:43:41.960,1.07781,1.07809,1.18,1.00
2014.07.17 19:43:42.588,1.07788,1.07815,1.00,1.95
2014.07.17 19:43:42.640,1.07788,1.07815,1.00,1.00
2014.07.17 19:43:42.691,1.07783,1.07811,1.15,1.00
2014.07.17 19:43:42.996,1.078,1.07821,1.50,1.00
2014.07.17 19:43:43.199,1.07799,1.07823,1.00,1.00
2014.07.17 19:43:43.402,1.07799,1.07827,1.00,1.00
2014.07.17 19:43:43.807,1.07799,1.07822,1.00,1.00
2014.07.17 19:43:43.857,1.07793,1.07821,1.34,1.00
2014.07.17 19:43:43.959,1.07793,1.0782,1.00,1.10
2014.07.17 19:43:44.365,1.07796,1.07822,1.00,1.00
2014.07.17 19:43:44.517,1.07796,1.07824,1.10,1.00
2014.07.17 19:43:44.568,1.07796,1.07824,1.18,1.00
2014.07.17 19:43:45.085,1.07796,1.07824,1.10,1.00
2014.07.17 19:43:45.390,1.07793,1.07821,1.02,1.00
2014.07.17 19:43:46.350,1.07793,1.07821,1.29,1.00
2014.07.17 19:43:46.503,1.07796,1.07824,1.10,1.00
2014.07.17 19:43:47.288,1.07798,1.07826,1.00,1.10
2014.07.17 19:43:47.592,1.07794,1.0782,1.15,1.00
2014.07.17 19:43:48.106,1.07794,1.07821,1.15,1.00
2014.07.17 19:43:48.660,1.07794,1.07822,1.15,1.00
2014.07.17 19:43:49.167,1.07796,1.07822,1.08,1.00
2014.07.17 19:43:49.220,1.07797,1.07825,1.15,1.00
2014.07.17 19:43:50.286,1.07797,1.07825,1.00,1.50
2014.07.17 19:43:51.579,1.0779,1.07818,1.84,1.00
2014.07.17 19:43:51.681,1.07793,1.0782,1.08,1.50
2014.07.17 19:43:51.783,1.07792,1.07819,1.00,1.00
2014.07.17 19:43:51.834,1.07789,1.07819,1.37,1.00
2014.07.17 19:43:52.392,1.07789,1.07816,1.18,1.00
2014.07.17 19:43:52.905,1.07788,1.07815,1.15,1.00
2014.07.17 19:43:53.209,1.0779,1.07815,1.18,1.00
2014.07.17 19:43:53.563,1.0779,1.07818,1.18,1.00
2014.07.17 19:43:53.736,1.0779,1.07818,1.10,1.00
2014.07.17 19:43:53.891,1.0779,1.07816,1.10,1.00
2014.07.17 19:43:54.404,1.07787,1.07817,1.40,1.00
2014.07.17 19:43:55.997,1.07786,1.07814,1.84,1.00
2014.07.17 19:43:56.200,1.07786,1.07814,1.37,1.50
2014.07.17 19:43:56.712,1.07786,1.07815,1.37,1.00
2014.07.17 19:43:57.334,1.07788,1.07818,1.00,1.18
2014.07.17 19:43:57.385,1.07788,1.07818,1.65,1.50
2014.07.17 19:43:57.638,1.0779,1.0782,1.10,1.50
2014.07.17 19:43:57.942,1.07789,1.07816,1.58,1.00
2014.07.17 19:43:58.052,1.07789,1.07819,1.58,1.50
2014.07.17 19:43:58.595,1.07788,1.07818,1.37,1.00
2014.07.17 19:43:58.697,1.07788,1.07818,1.34,1.00
2014.07.17 19:43:59.101,1.07792,1.0782,1.08,1.00
2014.07.17 19:44:00.934,1.07791,1.07817,1.18,1.00
2014.07.17 19:44:01.238,1.07789,1.07817,1.00,1.00
2014.07.17 19:44:02.263,1.07791,1.07818,1.00,1.00
2014.07.17 19:44:02.365,1.07788,1.07818,1.15,1.00
2014.07.17 19:44:03.201,1.07788,1.07818,1.00,1.18
2014.07.17 19:44:03.707,1.07788,1.07818,1.18,1.00
2014.07.17 19:44:05.109,1.07791,1.07818,1.08,1.00
2014.07.17 19:44:05.159,1.07791,1.07821,1.65,1.50
2014.07.17 19:44:08.416,1.07791,1.07819,1.15,1.00
2014.07.17 19:44:08.721,1.07785,1.07815,1.84,1.00
2014.07.17 19:44:11.055,1.07793,1.0781,1.00,1.00
2014.07.17 19:44:11.157,1.0779,1.0781,1.00,1.00
2014.07.17 19:44:11.310,1.0779,1.0781,1.08,1.00
2014.07.17 19:44:11.411,1.07789,1.07815,1.15,1.00
2014.07.17 19:44:11.674,1.07793,1.0781,1.00,1.00
2014.07.17 19:44:11.827,1.07793,1.07815,1.00,1.00
2014.07.17 19:44:12.181,1.07793,1.07815,1.08,1.00
2014.07.17 19:44:12.654,1.0779,1.07816,1.27,1.00
2014.07.17 19:44:12.705,1.07791,1.07816,1.25,1.00
2014.07.17 19:44:12.857,1.0779,1.0782,1.69,2.40
2014.07.17 19:44:12.959,1.0779,1.0782,1.77,2.33
2014.07.17 19:44:13.264,1.07789,1.07815,1.69,1.00
2014.07.17 19:44:13.467,1.07789,1.07817,1.00,1.08
2014.07.17 19:44:13.973,1.07789,1.07817,1.10,1.00
2014.07.17 19:44:14.513,1.07789,1.07817,1.00,1.08
2014.07.17 19:44:15.162,1.07789,1.07817,1.00,1.08
2014.07.17 19:44:15.689,1.07791,1.07816,1.08,1.00
2014.07.17 19:44:19.517,1.07792,1.07816,1.34,1.00
2014.07.17 19:44:20.139,1.07793,1.07816,1.37,1.00
2014.07.17 19:44:20.429,1.07793,1.07821,1.84,1.00
2014.07.17 19:44:24.503,1.07794,1.07821,1.27,1.00
2014.07.17 19:44:25.493,1.07795,1.07821,1.29,1.00
2014.07.17 19:44:26.337,1.07795,1.07816,1.29,1.00
2014.07.17 19:44:27.860,1.07795,1.07816,1.08,1.00
2014.07.17 19:44:28.509,1.07795,1.07816,1.00,1.00
2014.07.17 19:44:29.029,1.07795,1.07815,1.00,1.00
2014.07.17 19:44:30.116,1.07794,1.07815,1.20,1.00
2014.07.17 19:44:30.421,1.07794,1.07816,1.15,1.00
2014.07.17 19:44:30.884,1.07794,1.0782,1.15,1.00
2014.07.17 19:44:32.084,1.07794,1.07816,1.40,1.00
2014.07.17 19:44:33.415,1.07794,1.07815,1.15,1.00
2014.07.17 19:44:35.828,1.07794,1.07816,1.08,1.00
2014.07.17 19:44:35.929,1.07794,1.07816,1.00,1.00
2014.07.17 19:44:36.936,1.07794,1.07821,1.00,1.00
2014.07.17 19:44:37.140,1.07794,1.07816,1.00,1.00
2014.07.17 19:44:37.370,1.0779,1.07816,1.29,1.00
2014.07.17 19:44:37.472,1.07788,1.07816,2.82,1.00
2014.07.17 19:44:37.776,1.0779,1.07818,1.18,1.00
2014.07.17 19:44:38.417,1.0779,1.07818,1.18,1.00
2014.07.17 19:44:39.563,1.07789,1.07815,1.19,1.00
2014.07.17 19:44:40.555,1.07788,1.07815,1.29,1.00
2014.07.17 19:44:41.660,1.07789,1.07819,1.25,1.09
2014.07.17 19:44:42.562,1.07789,1.07819,1.19,1.18
2014.07.17 19:44:43.073,1.0779,1.07819,1.19,1.18
2014.07.17 19:44:44.081,1.07789,1.07818,1.69,1.58
2014.07.17 19:44:44.384,1.07788,1.07815,1.48,1.00
2014.07.17 19:44:44.890,1.07788,1.07815,1.13,1.00
2014.07.17 19:44:45.194,1.07785,1.07815,1.37,1.10
2014.07.17 19:44:45.720,1.07785,1.07815,1.10,1.29
2014.07.17 19:44:46.280,1.07785,1.07815,1.10,1.77
2014.07.17 19:44:46.382,1.07783,1.07809,1.28,1.50
2014.07.17 19:44:46.692,1.07782,1.07805,1.38,1.00
2014.07.17 19:44:46.795,1.07779,1.07805,3.57,1.00
2014.07.17 19:44:46.998,1.07779,1.07806,2.07,1.00
2014.07.17 19:44:47.528,1.07779,1.07806,3.64,1.00
2014.07.17 19:44:47.734,1.07779,1.07806,3.64,1.00
2014.07.17 19:44:47.933,1.07779,1.07809,3.64,1.69
2014.07.17 19:44:48.118,1.07783,1.0781,1.00,1.69
2014.07.17 19:44:48.385,1.0778,1.07806,1.02,1.00
2014.07.17 19:44:48.588,1.0778,1.07808,1.02,1.25
2014.07.17 19:44:48.740,1.0778,1.07808,1.67,1.00
2014.07.17 19:44:49.245,1.0778,1.07808,1.67,1.00
2014.07.17 19:44:49.752,1.07781,1.0781,1.38,1.69
2014.07.17 19:44:50.478,1.07781,1.0781,1.00,2.22
2014.07.17 19:44:50.656,1.07781,1.07805,1.00,1.00
2014.07.17 19:44:50.961,1.0778,1.07807,1.19,1.18
2014.07.17 19:44:51.012,1.0778,1.07807,1.19,1.18
2014.07.17 19:44:51.721,1.07779,1.07807,1.13,1.18
2014.07.17 19:44:51.873,1.07779,1.07807,1.00,1.15
2014.07.17 19:44:52.026,1.07779,1.07807,1.13,1.10
2014.07.17 19:44:52.602,1.07776,1.07808,2.14,1.33
2014.07.17 19:44:52.856,1.07779,1.07805,1.10,1.00
2014.07.17 19:44:53.159,1.07779,1.07796,1.20,1.00
2014.07.17 19:44:53.327,1.07779,1.078,1.00,1.00
2014.07.17 19:44:53.884,1.07779,1.07801,1.00,1.00
2014.07.17 19:44:54.415,1.07775,1.078,2.07,1.00
2014.07.17 19:44:54.720,1.07773,1.078,2.07,2.70
2014.07.17 19:44:54.772,1.07773,1.07799,1.88,1.39
2014.07.17 19:44:55.428,1.07769,1.07796,1.88,1.19
2014.07.17 19:44:55.978,1.07769,1.07796,3.38,1.19
2014.07.17 19:44:56.335,1.07769,1.07785,2.63,1.00
2014.07.17 19:44:56.437,1.07768,1.07789,1.88,1.00
2014.07.17 19:44:56.489,1.07766,1.07789,1.00,1.18
2014.07.17 19:44:56.591,1.07766,1.07789,1.00,1.00
2014.07.17 19:44:56.894,1.07766,1.0779,1.38,1.25
2014.07.17 19:44:57.432,1.07766,1.07794,1.53,1.69
2014.07.17 19:44:58.145,1.0777,1.07794,1.88,1.19
2014.07.17 19:44:58.475,1.0777,1.07797,1.88,1.19
2014.07.17 19:44:59.490,1.0777,1.07796,1.88,1.19
2014.07.17 19:45:00.085,1.0777,1.07787,1.88,1.00
2014.07.17 19:45:00.135,1.07764,1.07787,2.97,1.00
2014.07.17 19:45:00.237,1.07764,1.07787,2.63,1.00
2014.07.17 19:45:00.338,1.0777,1.07787,1.88,1.00
2014.07.17 19:45:00.389,1.0777,1.0779,1.88,1.50
2014.07.17 19:45:00.895,1.0777,1.07791,1.88,1.50
2014.07.17 19:45:01.402,1.0777,1.0779,1.88,1.00
2014.07.17 19:45:01.554,1.0777,1.07795,1.88,1.40
2014.07.17 19:45:01.807,1.07764,1.07796,1.18,1.80
2014.07.17 19:45:01.858,1.07769,1.07796,1.00,1.80
2014.07.17 19:45:02.010,1.07761,1.07796,1.90,1.32
2014.07.17 19:45:03.131,1.07764,1.07801,1.18,1.28
2014.07.17 19:45:03.232,1.07764,1.07801,2.78,1.15
2014.07.17 19:45:03.753,1.07767,1.07801,1.15,1.15
2014.07.17 19:45:04.579,1.07767,1.07801,1.75,1.15
2014.07.17 19:45:04.682,1.07774,1.07804,1.00,1.58
2014.07.17 19:45:04.783,1.07774,1.07806,1.15,1.88
2014.07.17 19:45:05.300,1.07776,1.07807,1.15,1.00
2014.07.17 19:45:05.609,1.07776,1.07807,1.15,1.00
2014.07.17 19:45:06.118,1.07782,1.07807,1.58,1.00
2014.07.17 19:45:07.029,1.07782,1.07807,1.65,1.00
2014.07.17 19:45:07.588,1.07782,1.07807,1.65,1.00
2014.07.17 19:45:08.043,1.07782,1.07807,1.10,1.00
2014.07.17 19:45:09.038,1.07778,1.07807,1.18,1.00
2014.07.17 19:45:09.446,1.07784,1.07807,1.00,1.00
2014.07.17 19:45:09.750,1.07786,1.07807,1.15,1.00
2014.07.17 19:45:11.563,1.07786,1.07808,1.15,1.00
2014.07.17 19:45:12.241,1.07786,1.07808,1.08,1.00
2014.07.17 19:45:12.292,1.07786,1.07808,1.00,1.00
2014.07.17 19:45:12.895,1.07782,1.078,1.08,1.00
2014.07.17 19:45:12.946,1.07779,1.078,1.10,1.00
2014.07.17 19:45:13.553,1.07775,1.07801,1.15,1.00
2014.07.17 19:45:14.763,1.07775,1.078,1.15,1.00
2014.07.17 19:45:15.137,1.07781,1.078,1.00,1.00
2014.07.17 19:45:15.967,1.07779,1.078,1.10,1.00
2014.07.17 19:45:16.277,1.07779,1.07805,1.10,1.50
2014.07.17 19:45:16.414,1.07779,1.07801,1.10,1.00
2014.07.17 19:45:16.839,1.07779,1.07795,1.10,1.00
2014.07.17 19:45:17.042,1.07775,1.07795,1.00,1.00
2014.07.17 19:45:17.195,1.07772,1.07796,1.50,1.00
2014.07.17 19:45:17.634,1.07772,1.07801,1.50,1.00
2014.07.17 19:45:17.735,1.07775,1.078,1.00,1.00
2014.07.17 19:45:18.190,1.07773,1.07801,1.00,1.00
2014.07.17 19:45:18.342,1.07773,1.07801,1.15,1.00
2014.07.17 19:45:21.304,1.07775,1.07798,1.18,1.00
2014.07.17 19:45:21.406,1.07773,1.078,1.50,1.08
2014.07.17 19:45:21.810,1.07773,1.07801,2.03,1.50
2014.07.17 19:45:21.963,1.07773,1.07801,2.03,1.50
2014.07.17 19:45:22.418,1.07773,1.07801,1.95,1.00
2014.07.17 19:45:26.756,1.07773,1.078,1.20,1.00
2014.07.17 19:45:28.488,1.07773,1.07801,1.20,1.00
2014.07.17 19:45:31.120,1.07775,1.07805,1.00,1.58
2014.07.17 19:45:31.659,1.07776,1.07805,1.10,1.50
2014.07.17 19:45:34.210,1.07775,1.07805,1.10,1.08
2014.07.17 19:45:35.235,1.07775,1.07805,1.18,1.50
2014.07.17 19:45:35.538,1.07782,1.07805,1.00,1.00
2014.07.17 19:45:35.843,1.07786,1.07806,1.00,1.00
2014.07.17 19:45:35.894,1.07786,1.07808,1.00,1.00
2014.07.17 19:45:39.822,1.07786,1.07807,1.00,1.00
2014.07.17 19:45:40.971,1.07789,1.07809,1.00,1.00
2014.07.17 19:45:41.072,1.07789,1.07815,1.00,1.00
2014.07.17 19:45:41.274,1.07789,1.07819,1.58,1.50
2014.07.17 19:45:41.578,1.07793,1.07819,1.00,1.00
2014.07.17 19:45:41.881,1.07795,1.0782,1.00,1.00
2014.07.17 19:45:41.932,1.07795,1.07825,1.00,1.65
2014.07.17 19:45:41.983,1.07798,1.07825,1.00,1.15
2014.07.17 19:45:42.286,1.078,1.07825,1.10,1.00
2014.07.17 19:45:42.402,1.07802,1.0783,1.50,1.00
2014.07.17 19:45:42.655,1.07804,1.0783,1.00,1.00
2014.07.17 19:45:45.872,1.07804,1.07831,1.10,1.00
2014.07.17 19:45:46.873,1.07804,1.0783,1.10,1.00
2014.07.17 19:45:48.287,1.07804,1.07831,1.10,1.00
2014.07.17 19:45:49.614,1.07806,1.07831,1.00,1.00
2014.07.17 19:45:50.487,1.0781,1.07831,1.00,1.00
2014.07.17 19:45:50.791,1.07817,1.07836,1.08,1.00
2014.07.17 19:45:50.994,1.07814,1.07836,1.15,1.00
2014.07.17 19:45:51.506,1.07814,1.0784,1.15,1.00
2014.07.17 19:45:52.845,1.07814,1.0784,1.00,1.00
2014.07.17 19:45:52.897,1.07814,1.07835,1.00,1.00
2014.07.17 19:45:53.048,1.07812,1.07835,1.65,1.00
2014.07.17 19:45:54.456,1.07812,1.07836,1.65,1.00
2014.07.17 19:45:54.924,1.07814,1.0784,1.00,1.00
2014.07.17 19:45:58.080,1.07815,1.07844,1.35,1.10
2014.07.17 19:45:58.131,1.07822,1.07845,1.50,1.18
2014.07.17 19:45:58.283,1.07826,1.07853,1.13,1.38
2014.07.17 19:45:58.334,1.07828,1.07853,1.00,1.38
2014.07.17 19:45:58.493,1.07825,1.07853,1.00,1.58
2014.07.17 19:45:58.544,1.07823,1.07851,1.50,1.00
2014.07.17 19:45:59.101,1.07825,1.07851,1.00,1.13
2014.07.17 19:45:59.305,1.07825,1.07855,2.40,2.25
2014.07.17 19:46:00.009,1.07825,1.07855,2.40,2.25
2014.07.17 19:46:00.829,1.07826,1.07852,1.15,1.00
2014.07.17 19:46:00.931,1.07823,1.07852,1.00,1.50
2014.07.17 19:46:01.465,1.07822,1.07851,1.50,1.13
2014.07.17 19:46:02.353,1.0782,1.0785,1.20,1.50
2014.07.17 19:46:03.037,1.07825,1.0785,1.00,1.00
2014.07.17 19:46:03.240,1.07829,1.07856,1.00,1.88
2014.07.17 19:46:03.785,1.07827,1.07855,1.08,1.50
2014.07.17 19:46:05.112,1.07827,1.07855,1.08,1.88
2014.07.17 19:46:05.626,1.07824,1.07852,1.08,2.07
2014.07.17 19:46:05.676,1.07824,1.07852,1.00,2.07
2014.07.17 19:46:08.828,1.07824,1.07851,1.00,1.32
2014.07.17 19:46:09.525,1.07822,1.07851,1.20,1.32
2014.07.17 19:46:09.576,1.07821,1.07845,1.15,1.00
2014.07.17 19:46:09.729,1.07822,1.0785,1.00,1.02
2014.07.17 19:46:10.238,1.07819,1.07849,1.65,1.50
2014.07.17 19:46:10.848,1.07819,1.07849,1.65,1.69
2014.07.17 19:46:11.860,1.07819,1.07849,1.65,2.44
2014.07.17 19:46:13.792,1.07819,1.07849,1.65,2.44
2014.07.17 19:46:14.786,1.07819,1.07849,1.65,2.44
2014.07.17 19:46:15.332,1.07818,1.07846,1.15,1.00
2014.07.17 19:46:15.852,1.07818,1.07846,1.15,1.19
2014.07.17 19:46:17.577,1.0782,1.07846,1.18,1.00
2014.07.17 19:46:21.473,1.07818,1.07846,1.09,1.25
2014.07.17 19:46:21.574,1.07818,1.07846,1.02,1.25
2014.07.17 19:46:22.612,1.07832,1.07851,1.00,1.88
2014.07.17 19:46:22.663,1.07829,1.07854,1.50,1.00
2014.07.17 19:46:22.765,1.07829,1.07848,1.00,1.00
2014.07.17 19:46:22.968,1.07833,1.07856,1.20,1.00
2014.07.17 19:46:23.018,1.07833,1.07856,1.15,1.00
2014.07.17 19:46:23.069,1.07833,1.0786,1.15,1.19
2014.07.17 19:46:23.272,1.07833,1.07856,1.15,2.31
2014.07.17 19:46:23.373,1.07833,1.07859,1.00,1.19
2014.07.17 19:46:23.477,1.07833,1.07848,1.00,1.00
2014.07.17 19:46:23.579,1.07833,1.07853,1.00,1.00
2014.07.17 19:46:23.681,1.07833,1.0786,1.00,1.19
2014.07.17 19:46:23.985,1.07833,1.07861,1.13,1.32
2014.07.17 19:46:25.109,1.07833,1.0786,1.19,1.00
2014.07.17 19:46:25.475,1.07832,1.07858,1.69,1.00
2014.07.17 19:46:25.527,1.0783,1.07858,1.00,1.19
2014.07.17 19:46:26.086,1.07828,1.0786,1.74,2.44
2014.07.17 19:46:26.339,1.07829,1.07861,1.19,2.97
2014.07.17 19:46:30.002,1.0783,1.0786,1.19,1.40
2014.07.17 19:46:32.408,1.07829,1.0786,3.19,1.15
2014.07.17 19:46:32.832,1.07829,1.07863,3.72,1.72
2014.07.17 19:46:33.135,1.07826,1.0786,2.59,1.19
2014.07.17 19:46:33.338,1.07826,1.0786,1.39,1.34
2014.07.17 19:46:34.222,1.07826,1.07858,1.39,1.39
2014.07.17 19:46:34.873,1.07826,1.07858,1.19,1.34
2014.07.17 19:46:35.258,1.07826,1.07858,1.19,1.34
2014.07.17 19:46:35.360,1.07822,1.07857,1.19,1.34
2014.07.17 19:46:35.663,1.0782,1.07851,1.37,1.29
2014.07.17 19:46:36.677,1.07819,1.07851,1.19,1.47
2014.07.17 19:46:36.959,1.07817,1.07851,2.07,1.47
2014.07.17 19:46:37.163,1.07816,1.0785,1.10,1.47
2014.07.17 19:46:37.416,1.07816,1.0785,1.18,1.37
2014.07.17 19:46:37.944,1.07816,1.0785,1.15,1.37
2014.07.17 19:46:39.733,1.07816,1.07849,1.34,1.29
2014.07.17 19:46:40.877,1.0782,1.07849,1.00,1.29
2014.07.17 19:46:41.335,1.07817,1.07849,1.25,1.34
2014.07.17 19:46:42.439,1.07815,1.07851,1.39,1.34
2014.07.17 19:46:42.963,1.07815,1.07851,1.84,1.34
2014.07.17 19:46:43.544,1.07815,1.07852,2.22,2.59
2014.07.17 19:46:44.549,1.07815,1.07851,2.97,1.34
2014.07.17 19:46:44.704,1.07832,1.07851,1.00,1.34
2014.07.17 19:46:45.008,1.07842,1.0786,1.00,1.25
2014.07.17 19:46:45.059,1.07837,1.07861,2.25,1.00
2014.07.17 19:46:45.161,1.07837,1.0786,1.60,1.00
2014.07.17 19:46:45.262,1.07837,1.07864,1.00,1.37
2014.07.17 19:46:45.465,1.07836,1.07857,1.00,1.00
2014.07.17 19:46:45.567,1.07833,1.07863,2.03,1.19
2014.07.17 19:46:45.668,1.07839,1.07864,1.00,1.34
2014.07.17 19:46:45.871,1.07834,1.07864,1.00,1.34
2014.07.17 19:46:46.073,1.07831,1.07862,1.29,1.37
2014.07.17 19:46:47.097,1.0783,1.07861,1.37,1.29
2014.07.17 19:46:49.407,1.07828,1.07862,2.97,1.37
2014.07.17 19:46:51.002,1.07833,1.07865,1.19,1.84
2014.07.17 19:46:51.053,1.07833,1.07865,1.27,1.77
2014.07.17 19:46:51.610,1.07833,1.07865,1.19,1.72
2014.07.17 19:46:52.303,1.0783,1.07861,2.06,1.19
2014.07.17 19:46:52.607,1.0783,1.0786,1.19,1.65
2014.07.17 19:46:53.835,1.07827,1.0786,1.19,1.65
2014.07.17 19:46:54.643,1.07827,1.0786,1.27,1.18
2014.07.17 19:46:54.897,1.07826,1.0786,1.37,1.18
2014.07.17 19:46:56.898,1.07826,1.0786,1.37,1.18
2014.07.17 19:47:00.052,1.07825,1.0786,1.34,1.18
2014.07.17 19:47:02.219,1.07827,1.0786,1.27,1.65
2014.07.17 19:47:03.724,1.07826,1.0786,1.37,1.18
2014.07.17 19:47:04.840,1.07827,1.0786,1.27,1.18
2014.07.17 19:47:05.473,1.07827,1.07861,1.27,1.40
2014.07.17 19:47:05.878,1.07823,1.0786,1.39,1.34
2014.07.17 19:47:06.366,1.0782,1.07858,1.34,2.97
2014.07.17 19:47:06.467,1.07819,1.07855,1.84,1.09
2014.07.17 19:47:06.518,1.07819,1.07855,1.84,1.40
2014.07.17 19:47:07.489,1.07819,1.07855,1.47,1.84
2014.07.17 19:47:08.205,1.07819,1.07855,1.09,1.34
2014.07.17 19:47:08.256,1.07819,1.07855,1.09,1.34
2014.07.17 19:47:09.440,1.0782,1.07856,1.71,1.34
2014.07.17 19:47:10.101,1.0782,1.07856,2.46,1.34
2014.07.17 19:47:10.874,1.0782,1.07856,2.46,1.34
2014.07.17 19:47:11.379,1.07821,1.07857,1.79,1.34
2014.07.17 19:47:11.708,1.07818,1.0785,4.47,1.19
2014.07.17 19:47:11.759,1.07818,1.0785,4.39,1.27
2014.07.17 19:47:12.113,1.07815,1.07848,3.34,1.37
2014.07.17 19:47:12.568,1.07815,1.07841,1.29,1.00
2014.07.17 19:47:12.619,1.07813,1.07841,2.03,1.00
2014.07.17 19:47:12.782,1.0781,1.07841,1.57,1.15
2014.07.17 19:47:13.137,1.07806,1.07841,1.84,1.40
2014.07.17 19:47:13.188,1.07806,1.07841,1.84,1.40
2014.07.17 19:47:13.340,1.07806,1.0784,1.58,1.34
2014.07.17 19:47:13.543,1.07806,1.0784,1.65,1.29
2014.07.17 19:47:14.598,1.07806,1.07841,1.65,1.33
2014.07.17 19:47:16.641,1.07806,1.07835,1.84,1.00
2014.07.17 19:47:16.965,1.07806,1.0783,1.84,1.00
2014.07.17 19:47:17.016,1.07806,1.0783,1.77,1.00
2014.07.17 19:47:17.827,1.07804,1.0783,1.34,1.00
2014.07.17 19:47:19.532,1.07804,1.0783,1.47,1.00
2014.07.17 19:47:21.023,1.07804,1.0783,1.39,1.00
2014.07.17 19:47:21.706,1.07804,1.0783,1.34,1.00
2014.07.17 19:47:21.807,1.07804,1.07835,2.97,1.19
2014.07.17 19:47:22.313,1.07805,1.07835,1.29,1.02
2014.07.17 19:47:23.254,1.07803,1.07836,1.74,1.27
2014.07.17 19:47:24.243,1.07803,1.07835,1.74,1.29
2014.07.17 19:47:25.761,1.07801,1.07835,1.64,1.34
2014.07.17 19:47:27.222,1.07801,1.07835,1.64,1.34
2014.07.17 19:47:27.877,1.07801,1.07835,1.64,1.34
2014.07.17 19:47:28.776,1.07801,1.0783,1.64,1.00
2014.07.17 19:47:30.853,1.07799,1.07826,2.03,1.00
2014.07.17 19:47:31.497,1.07799,1.07826,1.63,1.00
2014.07.17 19:47:32.029,1.07799,1.07825,3.57,1.00
2014.07.17 19:47:33.440,1.07798,1.07826,3.38,1.19
2014.07.17 19:47:34.312,1.07799,1.07825,1.88,1.69
2014.07.17 19:47:34.657,1.07798,1.07829,1.88,1.19
2014.07.17 19:47:35.075,1.07799,1.07834,2.97,2.67
2014.07.17 19:47:35.278,1.07801,1.07835,2.16,1.19
2014.07.17 19:47:36.373,1.07803,1.07835,1.78,1.19
2014.07.17 19:47:37.782,1.07804,1.07835,2.22,1.25
2014.07.17 19:47:38.086,1.07804,1.07837,6.64,1.19
2014.07.17 19:47:38.285,1.07807,1.0784,1.72,1.19
2014.07.17 19:47:38.336,1.0781,1.07841,1.10,1.27
2014.07.17 19:47:38.540,1.0781,1.07841,1.15,1.19
2014.07.17 19:47:39.430,1.07811,1.07843,1.36,1.19
2014.07.17 19:47:40.944,1.07811,1.07843,1.33,1.19
2014.07.17 19:47:41.801,1.07812,1.07844,1.72,1.19
2014.07.17 19:47:42.964,1.07812,1.07845,1.72,1.19
2014.07.17 19:47:44.420,1.07813,1.07845,1.47,1.19
2014.07.17 19:47:44.622,1.0781,1.07842,1.72,1.19
2014.07.17 19:47:44.927,1.07809,1.07837,2.03,1.19
2014.07.17 19:47:45.029,1.07808,1.07837,1.13,1.34
2014.07.17 19:47:45.332,1.07809,1.07837,2.03,1.19
2014.07.17 19:47:45.680,1.07809,1.07838,2.03,1.19
2014.07.17 19:47:46.188,1.07808,1.07838,2.03,1.19
2014.07.17 19:47:46.766,1.07809,1.07838,2.03,1.19
2014.07.17 19:47:46.870,1.07809,1.07838,2.22,1.00
2014.07.17 19:47:46.972,1.07809,1.07833,1.88,1.19
2014.07.17 19:47:47.023,1.07804,1.07833,1.53,1.19
2014.07.17 19:47:47.074,1.07804,1.07835,2.22,1.19
2014.07.17 19:47:47.175,1.07807,1.07839,1.26,2.59
2014.07.17 19:47:47.327,1.07809,1.07839,2.03,1.69
2014.07.17 19:47:47.530,1.07809,1.07839,2.03,1.19
2014.07.17 19:47:48.457,1.07809,1.07841,2.22,1.19
2014.07.17 19:47:49.176,1.07808,1.07836,2.03,1.19
2014.07.17 19:47:49.278,1.07805,1.07836,1.67,1.19
2014.07.17 19:47:49.480,1.07807,1.07838,1.72,1.19
2014.07.17 19:47:49.581,1.07809,1.07838,2.22,1.19
2014.07.17 19:47:49.885,1.07808,1.07839,2.22,1.19
2014.07.17 19:47:50.495,1.07809,1.0784,2.03,1.19
2014.07.17 19:47:51.599,1.07809,1.07841,2.22,1.19
2014.07.17 19:47:53.561,1.07811,1.07843,1.72,2.44
2014.07.17 19:47:55.786,1.07812,1.07843,1.72,1.69
2014.07.17 19:47:58.778,1.07809,1.07843,1.72,2.44
2014.07.17 19:48:00.777,1.07809,1.07843,2.97,1.84
2014.07.17 19:48:01.030,1.07809,1.07841,1.34,1.19
2014.07.17 19:48:01.807,1.07812,1.07844,1.19,1.34
2014.07.17 19:48:02.415,1.07813,1.07845,1.19,1.15
2014.07.17 19:48:02.718,1.07813,1.07841,1.19,1.00
2014.07.17 19:48:03.347,1.07811,1.07841,1.84,1.00
2014.07.17 19:48:03.895,1.07811,1.07841,1.37,1.00
2014.07.17 19:48:04.425,1.0781,1.07841,1.34,1.00
2014.07.17 19:48:04.956,1.0781,1.07845,1.34,2.59
2014.07.17 19:48:05.450,1.0781,1.0784,1.34,1.00
2014.07.17 19:48:06.034,1.07811,1.0784,1.37,1.00
2014.07.17 19:48:07.063,1.07811,1.07843,1.37,1.37
2014.07.17 19:48:07.428,1.07812,1.07845,1.64,1.27
2014.07.17 19:48:07.976,1.07814,1.07845,1.47,1.19
2014.07.17 19:48:08.470,1.07815,1.07847,1.20,2.03
2014.07.17 19:48:08.622,1.07818,1.07849,1.19,1.72
2014.07.17 19:48:08.931,1.07818,1.0785,1.29,1.37
2014.07.17 19:48:08.982,1.0782,1.07851,1.19,2.03
2014.07.17 19:48:09.489,1.0782,1.07848,1.19,1.00
2014.07.17 19:48:09.927,1.07817,1.07848,1.67,1.19
2014.07.17 19:48:10.030,1.07816,1.07847,1.08,1.19
2014.07.17 19:48:10.182,1.07815,1.07847,1.25,1.67
2014.07.17 19:48:10.486,1.07814,1.07847,1.19,1.72
2014.07.17 19:48:10.792,1.07815,1.07847,1.26,1.72
2014.07.17 19:48:10.946,1.07814,1.07847,1.19,1.47
2014.07.17 19:48:11.485,1.07815,1.07848,1.19,2.22
2014.07.17 19:48:12.755,1.07818,1.0785,1.19,3.72
2014.07.17 19:48:12.806,1.07818,1.0785,1.19,3.34
2014.07.17 19:48:13.076,1.07814,1.07848,1.34,1.37
2014.07.17 19:48:13.430,1.07814,1.07845,1.74,1.08
2014.07.17 19:48:14.138,1.07813,1.07848,1.19,1.72
2014.07.17 19:48:15.291,1.0781,1.07842,4.47,1.37
2014.07.17 19:48:15.342,1.07814,1.07842,1.00,1.37
2014.07.17 19:48:15.747,1.07813,1.07845,1.39,1.39
2014.07.17 19:48:16.445,1.07813,1.07845,1.19,1.34
2014.07.17 19:48:16.698,1.0781,1.07846,1.84,1.47
2014.07.17 19:48:16.901,1.07806,1.07842,2.59,1.29
2014.07.17 19:48:17.209,1.07808,1.07842,1.02,1.34
2014.07.17 19:48:17.361,1.0781,1.07838,1.00,1.00
2014.07.17 19:48:18.168,1.07813,1.07841,1.00,1.09
2014.07.17 19:48:20.461,1.07809,1.07839,1.00,1.00
2014.07.17 19:48:22.385,1.07809,1.07839,1.00,1.19
2014.07.17 19:48:26.687,1.07809,1.07839,1.00,1.25
2014.07.17 19:48:26.789,1.07809,1.07837,1.00,1.00
2014.07.17 19:48:27.367,1.0781,1.07839,1.00,1.25
2014.07.17 19:48:28.706,1.0781,1.0784,1.08,1.19
2014.07.17 19:48:29.530,1.0781,1.0784,1.18,1.00
2014.07.17 19:48:33.704,1.0781,1.0784,1.00,1.20
2014.07.17 19:48:34.268,1.07811,1.07841,1.50,1.65
2014.07.17 19:48:34.370,1.07809,1.07834,1.00,1.00
2014.07.17 19:48:34.632,1.07806,1.07834,1.00,1.09
2014.07.17 19:48:34.887,1.07803,1.07833,1.10,1.10
2014.07.17 19:48:35.091,1.07805,1.07833,1.10,1.10
2014.07.17 19:48:35.403,1.07806,1.07836,1.00,1.00
2014.07.17 19:48:35.555,1.07806,1.07836,1.15,1.00
2014.07.17 19:48:36.111,1.0781,1.07838,1.00,1.19
2014.07.17 19:48:36.617,1.0781,1.07838,1.00,1.25
2014.07.17 19:48:42.602,1.07807,1.07837,1.15,1.00
2014.07.17 19:48:45.511,1.0781,1.07838,1.00,1.00
2014.07.17 19:48:46.078,1.0781,1.07839,1.15,1.00
2014.07.17 19:48:48.757,1.07812,1.07839,1.00,1.00
2014.07.17 19:48:48.814,1.07812,1.07841,1.50,1.00
2014.07.17 19:48:48.865,1.07815,1.07841,1.00,1.00
2014.07.17 19:48:49.068,1.07818,1.07846,1.00,1.10
2014.07.17 19:48:49.219,1.0782,1.07847,1.00,1.00
2014.07.17 19:48:49.371,1.0782,1.0785,1.08,1.27
2014.07.17 19:48:50.074,1.0782,1.0785,1.18,1.00
2014.07.17 19:48:50.586,1.0782,1.0785,1.00,1.65
2014.07.17 19:48:51.124,1.07819,1.07847,1.69,1.00
2014.07.17 19:48:52.335,1.07819,1.07849,1.00,1.77
2014.07.17 19:48:52.841,1.0782,1.0785,1.10,1.69
2014.07.17 19:48:56.199,1.07823,1.07853,1.00,1.37
2014.07.17 19:48:56.301,1.07823,1.07853,1.10,1.50
2014.07.17 19:48:56.404,1.07827,1.07854,1.00,1.00
2014.07.17 19:48:56.816,1.07824,1.07852,1.37,1.00
2014.07.17 19:48:57.069,1.07827,1.07856,1.50,1.18
2014.07.17 19:48:57.668,1.07828,1.07857,1.00,1.65
2014.07.17 19:48:57.922,1.07828,1.07854,1.00,1.08
2014.07.17 19:48:58.023,1.07826,1.07854,1.00,1.15
2014.07.17 19:48:59.244,1.07826,1.07854,1.10,1.27
2014.07.17 19:48:59.978,1.07826,1.07854,1.10,1.19
2014.07.17 19:49:00.967,1.07826,1.07854,1.10,1.25
2014.07.17 19:49:01.170,1.07828,1.07854,1.00,1.25
2014.07.17 19:49:01.703,1.07829,1.07857,1.00,1.69
2014.07.17 19:49:02.245,1.07829,1.07857,1.15,1.19
2014.07.17 19:49:02.397,1.07829,1.07857,1.34,1.00
2014.07.17 19:49:02.549,1.07829,1.07855,1.19,1.00
2014.07.17 19:49:02.802,1.07826,1.07855,1.00,1.50
2014.07.17 19:49:03.106,1.07825,1.07855,1.20,1.69
2014.07.17 19:49:03.617,1.07824,1.07852,1.15,1.00
2014.07.17 19:49:04.074,1.07824,1.07847,1.50,1.00
2014.07.17 19:49:04.176,1.07822,1.0785,1.18,1.25
2014.07.17 19:49:04.277,1.07822,1.07847,2.33,1.19
2014.07.17 19:49:04.480,1.07819,1.07847,1.10,1.19
2014.07.17 19:49:05.154,1.0782,1.07845,1.00,1.25
2014.07.17 19:49:05.742,1.0782,1.07846,1.00,1.19
2014.07.17 19:49:06.374,1.07818,1.07845,1.08,1.69
2014.07.17 19:49:06.598,1.07818,1.07845,1.08,1.00
2014.07.17 19:49:06.749,1.07819,1.07845,1.15,1.00
2014.07.17 19:49:07.510,1.0782,1.07846,1.18,1.00
2014.07.17 19:49:07.561,1.07822,1.07849,1.00,1.50
2014.07.17 19:49:07.662,1.07825,1.07852,1.00,1.19
2014.07.17 19:49:08.432,1.07827,1.07853,1.00,1.19
2014.07.17 19:49:09.551,1.07823,1.07853,1.77,1.69
2014.07.17 19:49:09.602,1.07823,1.07851,1.58,1.19
2014.07.17 19:49:09.906,1.0782,1.07842,1.00,1.77
2014.07.17 19:49:10.109,1.07818,1.07841,1.00,1.00
2014.07.17 19:49:10.160,1.07821,1.07841,1.00,1.00
2014.07.17 19:49:10.362,1.07819,1.07841,1.00,1.00
2014.07.17 19:49:10.616,1.07816,1.07844,1.15,1.25
2014.07.17 19:49:10.768,1.07816,1.07844,1.00,1.25
2014.07.17 19:49:10.971,1.07815,1.07841,1.00,1.00
2014.07.17 19:49:11.481,1.07815,1.07842,1.00,1.00
2014.07.17 19:49:12.473,1.07815,1.0784,1.00,1.00
2014.07.17 19:49:13.063,1.07815,1.07842,1.25,1.00
2014.07.17 19:49:14.816,1.07814,1.07842,1.77,1.25
2014.07.17 19:49:15.516,1.07814,1.07842,1.77,1.00
2014.07.17 19:49:16.522,1.07815,1.07842,1.19,1.00
2014.07.17 19:49:17.563,1.07815,1.07842,1.34,1.00
2014.07.17 19:49:22.396,1.07815,1.07845,3.34,1.69
2014.07.17 19:49:22.854,1.07818,1.07845,1.27,1.00
2014.07.17 19:49:22.905,1.07818,1.07847,1.34,1.00
2014.07.17 19:49:23.007,1.0782,1.0785,2.59,1.69
2014.07.17 19:49:23.158,1.07821,1.0785,1.39,1.50
2014.07.17 19:49:23.712,1.0782,1.0785,2.59,1.69
2014.07.17 19:49:24.381,1.0782,1.0785,1.84,1.69
2014.07.17 19:49:24.686,1.07817,1.07844,1.40,1.00
2014.07.17 19:49:25.193,1.07816,1.07844,1.29,1.00
2014.07.17 19:49:26.194,1.07816,1.07844,1.10,1.19
2014.07.17 19:49:27.494,1.07816,1.07844,1.02,1.25
2014.07.17 19:49:28.771,1.07816,1.07844,1.29,1.00
2014.07.17 19:49:29.412,1.07816,1.07844,1.34,1.00
2014.07.17 19:49:30.454,1.0782,1.07844,1.00,1.00
2014.07.17 19:49:31.024,1.0782,1.07846,1.00,1.00
2014.07.17 19:49:31.546,1.07819,1.07846,1.00,1.00
2014.07.17 19:49:32.862,1.0782,1.07846,1.00,1.00
2014.07.17 19:49:33.734,1.07818,1.07846,1.29,1.00
2014.07.17 19:49:38.604,1.07818,1.07846,1.02,1.00
2014.07.17 19:49:42.656,1.07818,1.07846,1.29,1.00
2014.07.17 19:49:44.826,1.07818,1.07846,1.77,1.00
2014.07.17 19:49:53.285,1.07818,1.07846,1.29,1.00
2014.07.17 19:49:56.862,1.07818,1.07846,1.77,1.00
2014.07.17 19:49:58.166,1.07818,1.07846,1.77,1.00
2014.07.17 19:49:58.955,1.0782,1.07848,1.25,1.00
2014.07.17 19:50:02.885,1.0782,1.07848,1.08,1.00
2014.07.17 19:50:03.201,1.07825,1.07852,1.00,1.19
2014.07.17 19:50:03.304,1.07825,1.07853,1.19,1.50
2014.07.17 19:50:03.355,1.0783,1.07853,1.00,1.50
2014.07.17 19:50:03.926,1.07829,1.07853,1.00,1.50
2014.07.17 19:50:04.180,1.07829,1.07855,1.08,1.00
2014.07.17 19:50:04.332,1.07835,1.07855,1.00,1.00
2014.07.17 19:50:04.672,1.07834,1.07858,1.00,1.00
2014.07.17 19:50:06.503,1.07834,1.07862,1.69,1.00
2014.07.17 19:50:06.604,1.07844,1.07865,1.00,1.15
2014.07.17 19:50:06.756,1.07847,1.07872,1.95,1.50
2014.07.17 19:50:06.807,1.07852,1.07872,1.00,1.00
2014.07.17 19:50:06.909,1.07845,1.07868,1.37,1.00
2014.07.17 19:50:07.011,1.07843,1.07865,1.08,1.00
2014.07.17 19:50:07.062,1.0784,1.07865,1.38,1.00
2014.07.17 19:50:07.163,1.0784,1.07865,1.00,1.00
2014.07.17 19:50:07.418,1.07839,1.07862,1.00,1.00
2014.07.17 19:50:07.469,1.07839,1.07864,1.00,1.00
2014.07.17 19:50:07.934,1.07844,1.07864,1.00,1.10
2014.07.17 19:50:08.112,1.07836,1.07864,1.00,1.10
2014.07.17 19:50:08.618,1.07835,1.07863,1.50,1.00
2014.07.17 19:50:08.719,1.07838,1.07864,1.00,1.00
2014.07.17 19:50:08.770,1.07838,1.07866,1.00,1.00
2014.07.17 19:50:09.480,1.07835,1.07863,1.15,1.00
2014.07.17 19:50:09.784,1.07831,1.07859,1.00,1.00
2014.07.17 19:50:11.315,1.0783,1.07857,1.10,1.00
2014.07.17 19:50:13.122,1.07829,1.07857,1.50,1.10
2014.07.17 19:50:14.988,1.0783,1.07857,1.00,1.10
2014.07.17 19:50:15.557,1.07829,1.07857,1.50,1.10
2014.07.17 19:50:16.310,1.0783,1.07857,1.00,1.10
2014.07.17 19:50:16.620,1.0783,1.07854,1.00,1.00
2014.07.17 19:50:19.386,1.07829,1.07854,1.00,1.00
2014.07.17 19:50:19.641,1.07826,1.07854,1.18,1.00
2014.07.17 19:50:19.846,1.0783,1.07854,1.00,1.00
2014.07.17 19:50:20.861,1.07826,1.07854,1.00,1.00
2014.07.17 19:50:20.963,1.07825,1.07852,1.00,1.00
2014.07.17 19:50:21.268,1.07825,1.07848,1.00,1.10
2014.07.17 19:50:21.493,1.07819,1.07845,1.00,1.00
2014.07.17 19:50:21.950,1.0782,1.07843,1.00,1.00
2014.07.17 19:50:22.052,1.0782,1.07846,1.00,1.00
2014.07.17 19:50:22.447,1.0782,1.07843,1.00,1.00
2014.07.17 19:50:22.990,1.07819,1.07843,1.00,1.00
2014.07.17 19:50:23.771,1.07819,1.07841,1.00,1.00
2014.07.17 19:50:23.872,1.07819,1.07844,1.00,1.00
2014.07.17 19:50:24.436,1.07819,1.07842,1.00,1.00
2014.07.17 19:50:24.588,1.0782,1.07844,1.00,1.00
2014.07.17 19:50:25.444,1.0782,1.07842,1.00,1.00
2014.07.17 19:50:25.951,1.0782,1.07843,1.00,1.00
2014.07.17 19:50:26.912,1.07819,1.07843,1.00,1.00
2014.07.17 19:50:27.998,1.07819,1.07841,1.00,1.00
2014.07.17 19:50:28.100,1.07819,1.07844,1.00,1.00
2014.07.17 19:50:28.659,1.0782,1.07844,1.00,1.00
2014.07.17 19:50:33.401,1.07819,1.07845,1.00,1.10
2014.07.17 19:50:33.805,1.07816,1.07846,1.65,1.50
2014.07.17 19:50:34.008,1.07815,1.07843,1.65,1.00
2014.07.17 19:50:34.216,1.07815,1.07843,1.50,1.00
2014.07.17 19:50:36.654,1.07815,1.0784,1.00,1.00
2014.07.17 19:50:36.706,1.0781,1.0784,3.34,1.50
2014.07.17 19:50:37.213,1.07814,1.0784,1.00,1.50
2014.07.17 19:50:38.132,1.07811,1.0784,1.09,1.50
2014.07.17 19:50:39.463,1.07812,1.07842,1.08,1.00
2014.07.17 19:50:39.564,1.07815,1.07842,1.00,1.15
2014.07.17 19:50:40.071,1.07814,1.07842,1.00,1.15
2014.07.17 19:50:42.654,1.07814,1.0784,1.00,1.00
2014.07.17 19:50:43.186,1.07814,1.07839,1.00,1.00
2014.07.17 19:50:43.794,1.07814,1.07834,1.00,1.00
2014.07.17 19:50:43.895,1.07814,1.07837,1.00,1.00
2014.07.17 19:50:43.997,1.07815,1.07834,1.00,1.50
2014.07.17 19:50:44.048,1.07811,1.07834,1.00,1.50
2014.07.17 19:50:44.606,1.07812,1.07834,1.00,1.00
2014.07.17 19:50:46.509,1.0781,1.07834,1.00,1.00
2014.07.17 19:50:47.215,1.0781,1.07833,1.00,1.00
2014.07.17 19:50:47.368,1.07806,1.07833,1.00,1.00
2014.07.17 19:50:47.790,1.07808,1.07832,1.00,1.20
2014.07.17 19:50:47.942,1.07805,1.07831,1.00,1.00
2014.07.17 19:50:51.615,1.07803,1.07831,1.00,1.00
2014.07.17 19:50:53.092,1.07804,1.07831,1.00,1.00
2014.07.17 19:50:56.576,1.07805,1.07831,1.00,1.00
2014.07.17 19:50:57.472,1.07805,1.07832,1.50,1.00
2014.07.17 19:50:57.523,1.07805,1.07834,1.00,1.50
2014.07.17 19:50:57.574,1.07807,1.07834,1.00,1.00
2014.07.17 19:50:57.878,1.07807,1.07835,1.00,1.15
2014.07.17 19:50:57.929,1.07807,1.07835,1.00,1.00
2014.07.17 19:50:58.031,1.0781,1.07835,1.00,1.00
2014.07.17 19:50:58.082,1.07811,1.07839,1.00,1.18
2014.07.17 19:50:58.284,1.07808,1.07836,1.10,1.00
2014.07.17 19:50:58.335,1.0781,1.07836,1.00,1.00
2014.07.17 19:50:58.792,1.0781,1.0784,1.58,1.00
2014.07.17 19:50:59.921,1.0781,1.07838,1.10,1.00
2014.07.17 19:51:00.124,1.0781,1.0784,1.10,1.00
2014.07.17 19:51:00.332,1.0781,1.07838,1.10,1.00
2014.07.17 19:51:00.838,1.07811,1.07839,1.00,1.00
2014.07.17 19:51:01.678,1.07809,1.07838,1.18,1.00
2014.07.17 19:51:01.982,1.07805,1.07835,2.40,1.50
2014.07.17 19:51:02.287,1.07805,1.07835,1.50,1.65
2014.07.17 19:51:03.512,1.07805,1.07832,1.00,1.00
2014.07.17 19:51:03.931,1.07802,1.07832,1.09,1.00
2014.07.17 19:51:05.360,1.07802,1.07832,1.00,1.15
2014.07.17 19:51:05.411,1.07804,1.07832,1.00,1.15
2014.07.17 19:51:05.513,1.07804,1.07834,2.25,1.50
2014.07.17 19:51:05.564,1.07804,1.07834,2.40,1.50
2014.07.17 19:51:06.075,1.07807,1.07837,1.50,1.50
2014.07.17 19:51:06.177,1.0781,1.07835,1.00,1.00
2014.07.17 19:51:06.380,1.07805,1.07835,3.15,1.50
2014.07.17 19:51:06.950,1.0781,1.07835,1.00,1.50
2014.07.17 19:51:07.052,1.07805,1.07835,2.40,1.50
2014.07.17 19:51:10.323,1.07809,1.07835,1.00,1.50
2014.07.17 19:51:10.846,1.07808,1.07836,1.18,1.00
2014.07.17 19:51:11.402,1.07808,1.07837,1.18,1.00
2014.07.17 19:51:11.504,1.0781,1.07839,1.10,1.00
2014.07.17 19:51:11.764,1.07812,1.07839,1.00,1.00
2014.07.17 19:51:11.865,1.07809,1.07839,1.58,1.50
2014.07.17 19:51:13.015,1.07809,1.07839,1.50,1.65
2014.07.17 19:51:14.800,1.07809,1.07838,1.00,1.00
2014.07.17 19:51:14.901,1.07811,1.07839,1.00,1.00
2014.07.17 19:51:15.206,1.07814,1.07842,1.00,1.00
2014.07.17 19:51:15.884,1.07815,1.07843,1.00,1.10
2014.07.17 19:51:16.221,1.07813,1.07842,1.10,1.00
2014.07.17 19:51:16.996,1.07812,1.07842,1.58,1.58
2014.07.17 19:51:21.038,1.07815,1.07842,1.00,1.00
2014.07.17 19:51:21.545,1.07815,1.07843,1.00,1.00
2014.07.17 19:51:21.909,1.07808,1.07837,1.53,1.00
2014.07.17 19:51:22.011,1.0781,1.07839,1.00,1.00
2014.07.17 19:51:22.524,1.07812,1.07839,1.00,1.18
2014.07.17 19:51:22.626,1.07809,1.07839,1.50,1.65
2014.07.17 19:51:23.146,1.07809,1.07839,1.65,1.50
2014.07.17 19:51:23.247,1.07812,1.07839,1.00,1.00
2014.07.17 19:51:23.450,1.07809,1.07837,1.20,1.00
2014.07.17 19:51:23.823,1.0781,1.0784,1.00,1.00
2014.07.17 19:51:24.026,1.07808,1.07838,1.65,1.50
2014.07.17 19:51:24.336,1.07811,1.07839,1.00,1.00
2014.07.17 19:51:24.878,1.0781,1.0784,1.00,2.07
2014.07.17 19:51:25.241,1.07809,1.07837,1.00,1.00
2014.07.17 19:51:25.545,1.07811,1.07839,1.00,1.28
2014.07.17 19:51:25.821,1.07807,1.07836,1.00,1.00
2014.07.17 19:51:25.923,1.07806,1.07834,1.09,1.00
2014.07.17 19:51:26.226,1.07811,1.07838,1.00,1.20
2014.07.17 19:51:26.631,1.07809,1.07838,1.00,1.20
2014.07.17 19:51:26.885,1.07809,1.07836,1.00,1.00
2014.07.17 19:51:27.189,1.07809,1.07834,1.00,1.00
2014.07.17 19:51:27.442,1.07809,1.07836,1.00,1.00
2014.07.17 19:51:27.493,1.07809,1.07838,1.00,1.65
2014.07.17 19:51:28.082,1.0781,1.07838,1.00,1.00
2014.07.17 19:51:28.134,1.0781,1.0784,1.50,2.07
2014.07.17 19:51:28.761,1.0781,1.0784,1.50,1.69
2014.07.17 19:51:29.381,1.0781,1.0784,1.50,1.50
2014.07.17 19:51:31.958,1.0781,1.07837,1.00,1.00
2014.07.17 19:51:32.464,1.07809,1.07837,1.50,1.00
2014.07.17 19:51:32.767,1.07811,1.07839,1.20,1.50
2014.07.17 19:51:33.222,1.07811,1.07839,1.18,1.00
2014.07.17 19:51:33.476,1.07813,1.07843,1.65,1.50
2014.07.17 19:51:33.898,1.07813,1.07843,1.65,1.50
2014.07.17 19:51:34.202,1.0782,1.07848,1.00,1.00
2014.07.17 19:51:34.253,1.07818,1.07846,1.00,1.00
2014.07.17 19:51:35.012,1.07819,1.07846,1.00,1.00
2014.07.17 19:51:35.063,1.0782,1.0785,1.00,1.65
2014.07.17 19:51:35.164,1.07822,1.07849,1.00,1.00
2014.07.17 19:51:35.266,1.0782,1.07848,1.00,1.10
2014.07.17 19:51:35.367,1.0782,1.07848,1.00,1.15
2014.07.17 19:51:35.785,1.07823,1.0785,1.00,1.65
2014.07.17 19:51:35.886,1.07823,1.0785,1.00,1.00
2014.07.17 19:51:35.937,1.07825,1.0785,1.00,1.00
2014.07.17 19:51:36.039,1.07826,1.07854,1.00,1.00
2014.07.17 19:51:36.332,1.07826,1.0785,1.00,1.00
2014.07.17 19:51:36.534,1.0782,1.0785,2.25,1.65
2014.07.17 19:51:38.927,1.07819,1.07847,1.00,1.00
2014.07.17 19:51:45.026,1.07818,1.07848,1.00,1.65
2014.07.17 19:51:45.077,1.07815,1.07848,1.19,1.65
2014.07.17 19:51:45.127,1.07815,1.07843,1.50,1.08
2014.07.17 19:51:45.229,1.07813,1.07842,1.00,1.15
2014.07.17 19:51:45.432,1.07815,1.07843,1.00,1.65
2014.07.17 19:51:45.584,1.07817,1.07845,1.00,1.00
2014.07.17 19:51:46.039,1.07819,1.07845,1.00,1.00
2014.07.17 19:51:46.141,1.0782,1.07848,1.00,1.00
2014.07.17 19:51:46.245,1.07817,1.07845,1.18,1.00
2014.07.17 19:51:46.551,1.07815,1.07843,1.18,1.00
2014.07.17 19:51:46.652,1.07817,1.07845,1.00,1.00
2014.07.17 19:51:51.770,1.07819,1.07845,1.10,1.00
2014.07.17 19:51:51.821,1.0782,1.07848,1.00,1.00
2014.07.17 19:51:52.001,1.07824,1.07853,1.00,1.15
2014.07.17 19:51:52.052,1.07824,1.07854,1.00,1.18
2014.07.17 19:51:52.306,1.07824,1.07854,1.08,1.00
2014.07.17 19:51:55.474,1.07824,1.07854,1.00,1.18
2014.07.17 19:51:55.525,1.07827,1.07855,1.00,1.15
2014.07.17 19:51:56.038,1.07826,1.07854,1.00,1.00
2014.07.17 19:51:57.814,1.07825,1.0785,1.10,1.00
2014.07.17 19:51:58.118,1.0782,1.07846,2.44,1.18
2014.07.17 19:51:58.423,1.0782,1.07846,1.69,1.65
2014.07.17 19:51:58.928,1.0782,1.07845,1.19,1.15
2014.07.17 19:51:59.438,1.07819,1.07843,1.69,1.08
2014.07.17 19:51:59.990,1.07819,1.07843,1.25,1.15
2014.07.17 19:52:02.155,1.0782,1.07841,1.00,1.15
2014.07.17 19:52:02.560,1.07815,1.07841,1.19,1.15
2014.07.17 19:52:02.661,1.07815,1.07841,1.69,1.15
2014.07.17 19:52:02.864,1.07815,1.07839,1.00,1.18
2014.07.17 19:52:02.915,1.07812,1.07842,1.00,1.15
2014.07.17 19:52:03.027,1.0781,1.07839,1.00,1.65
2014.07.17 19:52:03.179,1.07809,1.07839,2.25,1.65
2014.07.17 19:52:04.110,1.07807,1.07835,1.00,1.20
2014.07.17 19:52:04.406,1.07805,1.07835,1.25,1.18
2014.07.17 19:52:14.398,1.07806,1.07835,1.00,1.15
2014.07.17 19:52:16.454,1.07804,1.07831,1.69,1.08
2014.07.17 19:52:16.758,1.07804,1.07831,1.25,1.15
2014.07.17 19:52:17.319,1.07805,1.07829,1.19,1.15
2014.07.17 19:52:17.421,1.07805,1.07829,1.19,1.00
2014.07.17 19:52:18.345,1.07805,1.07833,1.19,1.65
2014.07.17 19:52:18.873,1.07805,1.07827,1.00,1.00
2014.07.17 19:52:19.177,1.07805,1.07829,1.00,1.15
2014.07.17 19:52:19.538,1.07804,1.07829,1.00,1.15
2014.07.17 19:52:20.068,1.07805,1.07829,1.00,1.15
2014.07.17 19:52:21.190,1.07804,1.07829,1.00,1.15
2014.07.17 19:52:21.598,1.07805,1.07829,1.00,1.10
2014.07.17 19:52:26.088,1.07805,1.07833,1.00,1.65
2014.07.17 19:52:26.918,1.078,1.07829,1.00,1.65
2014.07.17 19:52:27.456,1.07801,1.07829,1.00,1.15
2014.07.17 19:52:28.671,1.078,1.07827,1.00,1.18
2014.07.17 19:52:29.130,1.078,1.07825,1.00,1.08
2014.07.17 19:52:29.232,1.07795,1.07823,2.25,1.15
2014.07.17 19:52:29.384,1.07797,1.07823,1.00,1.15
2014.07.17 19:52:30.090,1.07796,1.07823,1.00,1.15
2014.07.17 19:52:30.663,1.07796,1.07823,1.00,1.15
2014.07.17 19:52:31.209,1.07795,1.07821,1.00,1.15
2014.07.17 19:52:31.617,1.07793,1.07821,1.25,1.15
2014.07.17 19:52:32.374,1.07795,1.07821,1.00,1.15
2014.07.17 19:52:33.675,1.07795,1.07821,1.00,1.15
2014.07.17 19:52:35.783,1.07794,1.07819,1.00,1.65
2014.07.17 19:52:36.905,1.07794,1.07819,1.00,2.03
2014.07.17 19:52:37.774,1.0779,1.07819,1.50,2.03
2014.07.17 19:52:38.142,1.07794,1.07819,1.00,1.65
2014.07.17 19:52:38.345,1.07789,1.07819,3.57,1.65
2014.07.17 19:52:38.533,1.07795,1.07819,1.00,1.65
2014.07.17 19:52:38.685,1.0779,1.07819,1.50,2.03
2014.07.17 19:52:39.421,1.07791,1.0782,1.00,2.70
2014.07.17 19:52:39.674,1.07795,1.0782,1.00,2.70
2014.07.17 19:52:40.201,1.07794,1.07817,1.00,1.15
2014.07.17 19:52:42.432,1.07795,1.07817,1.00,1.15
2014.07.17 19:52:42.635,1.0779,1.07817,1.19,1.15
2014.07.17 19:52:43.136,1.0779,1.07817,1.00,1.15
2014.07.17 19:52:43.288,1.07789,1.07817,2.44,3.08
2014.07.17 19:52:43.542,1.0779,1.07817,1.00,1.15
2014.07.17 19:52:48.116,1.07795,1.07817,1.00,1.34
2014.07.17 19:52:49.912,1.07794,1.07819,1.00,1.15
2014.07.17 19:52:50.632,1.07795,1.07819,1.00,1.15
2014.07.17 19:52:53.636,1.07794,1.07819,1.00,1.15
2014.07.17 19:52:58.466,1.07794,1.0782,1.00,1.15
2014.07.17 19:53:00.877,1.0779,1.0782,3.19,1.40
2014.07.17 19:53:01.490,1.0779,1.0782,2.25,1.40
2014.07.17 19:53:05.001,1.07789,1.07817,1.69,1.08
2014.07.17 19:53:05.611,1.0779,1.07817,1.00,1.40
2014.07.17 19:53:06.021,1.0779,1.07817,1.00,1.40
2014.07.17 19:53:07.039,1.07789,1.07815,1.00,1.15
2014.07.17 19:53:08.750,1.07789,1.07812,1.00,1.15
2014.07.17 19:53:09.054,1.0779,1.07812,1.00,1.15
2014.07.17 19:53:13.301,1.07784,1.07812,1.00,1.65
2014.07.17 19:53:13.802,1.07785,1.07812,1.00,1.65
2014.07.17 19:53:15.273,1.07785,1.07811,1.00,3.08
2014.07.17 19:53:15.832,1.07785,1.07804,1.00,1.00
2014.07.17 19:53:16.584,1.07785,1.07808,1.00,1.65
2014.07.17 19:53:16.686,1.07785,1.07808,1.00,1.10
2014.07.17 19:53:17.451,1.07785,1.07809,1.00,1.25
2014.07.17 19:53:18.417,1.07785,1.07809,1.00,1.18
2014.07.17 19:53:19.385,1.07781,1.07809,1.69,1.18
2014.07.17 19:53:21.450,1.07785,1.07809,1.00,1.18
2014.07.17 19:53:24.165,1.07785,1.07807,1.00,1.00
2014.07.17 19:53:24.267,1.07785,1.07809,1.00,1.25
2014.07.17 19:53:24.621,1.07784,1.07812,1.69,1.10
2014.07.17 19:53:24.671,1.07789,1.07812,1.00,1.10
2014.07.17 19:53:24.874,1.07785,1.07812,1.00,1.10
2014.07.17 19:53:24.975,1.07785,1.07812,1.00,1.08
2014.07.17 19:53:26.611,1.07789,1.07812,1.00,1.15
2014.07.17 19:53:27.018,1.07789,1.07812,1.00,1.10
2014.07.17 19:53:27.638,1.0779,1.07812,1.00,1.10
2014.07.17 19:53:29.837,1.07787,1.07812,1.00,1.15
2014.07.17 19:53:30.141,1.0778,1.07807,1.00,1.08
2014.07.17 19:53:30.192,1.0778,1.07806,1.00,1.29
2014.07.17 19:53:30.293,1.07781,1.07808,1.00,1.00
2014.07.17 19:53:30.344,1.0778,1.07806,1.00,1.10
2014.07.17 19:53:30.866,1.0778,1.07807,1.50,1.58
2014.07.17 19:53:31.182,1.0778,1.07807,1.50,1.84
2014.07.17 19:53:31.495,1.07785,1.07807,1.00,1.40
2014.07.17 19:53:34.657,1.0778,1.07807,1.00,1.34
2014.07.17 19:53:35.337,1.07784,1.07807,1.00,1.34
2014.07.17 19:53:37.830,1.07785,1.07807,1.00,1.40
2014.07.17 19:53:39.040,1.07784,1.07807,1.00,1.40
2014.07.17 19:53:40.630,1.07785,1.07807,1.00,1.40
2014.07.17 19:53:43.358,1.0779,1.07809,1.00,2.52
2014.07.17 19:53:43.409,1.0779,1.07809,1.00,2.52
2014.07.17 19:53:43.460,1.0779,1.07809,1.00,1.58
2014.07.17 19:53:43.562,1.07785,1.07809,1.00,1.58
2014.07.17 19:53:43.714,1.07785,1.07806,1.00,1.00
2014.07.17 19:53:44.017,1.07784,1.07806,1.00,1.15
2014.07.17 19:53:44.271,1.07784,1.0781,1.00,1.15
2014.07.17 19:53:44.653,1.0779,1.0781,1.00,1.15
2014.07.17 19:53:44.864,1.0779,1.0781,1.00,1.00
2014.07.17 19:53:45.673,1.0779,1.07813,1.00,1.84
2014.07.17 19:53:46.301,1.07789,1.07813,1.00,1.84
2014.07.17 19:53:47.302,1.0779,1.07813,1.00,1.84
2014.07.17 19:53:47.621,1.07784,1.07813,1.00,1.84
2014.07.17 19:53:51.377,1.0779,1.07813,1.00,1.84
2014.07.17 19:53:52.120,1.07792,1.07813,1.00,1.84
2014.07.17 19:53:52.235,1.0779,1.07813,1.50,1.19
2014.07.17 19:53:52.902,1.07785,1.07813,1.50,1.19
2014.07.17 19:53:54.133,1.0779,1.07813,1.00,1.19
2014.07.17 19:53:54.600,1.0779,1.07815,1.00,1.20
2014.07.17 19:53:54.702,1.07795,1.07815,1.00,1.20
2014.07.17 19:53:54.904,1.07789,1.07817,1.00,1.84
2014.07.17 19:53:56.354,1.07794,1.07817,1.00,1.84
2014.07.17 19:54:03.582,1.0779,1.07817,1.00,1.84
2014.07.17 19:54:04.089,1.07789,1.07817,1.00,1.77
2014.07.17 19:54:04.644,1.07789,1.07817,1.00,1.77
2014.07.17 19:54:05.122,1.07795,1.07817,1.00,1.77
2014.07.17 19:54:05.649,1.07795,1.07817,1.00,1.77
2014.07.17 19:54:06.180,1.07795,1.07817,1.00,1.77
2014.07.17 19:54:10.244,1.07795,1.07817,1.00,1.58
2014.07.17 19:54:10.586,1.07795,1.07815,1.00,1.08
2014.07.17 19:54:11.095,1.07794,1.07815,1.00,1.00
2014.07.17 19:54:11.600,1.07795,1.07815,1.00,1.00
2014.07.17 19:54:11.842,1.0779,1.07812,1.25,1.00
2014.07.17 19:54:11.943,1.0779,1.07815,1.00,1.19
2014.07.17 19:54:12.657,1.0779,1.07811,1.00,1.00
2014.07.17 19:54:13.377,1.07794,1.07811,1.00,1.00
2014.07.17 19:54:19.871,1.0779,1.07811,1.00,1.50
2014.07.17 19:54:21.411,1.07794,1.07811,1.00,1.50
2014.07.17 19:54:23.630,1.0779,1.07811,1.00,1.50
2014.07.17 19:54:29.432,1.07795,1.07811,1.00,1.50
2014.07.17 19:54:30.632,1.07794,1.07811,1.00,1.50
2014.07.17 19:54:31.092,1.0779,1.07811,1.00,1.50
2014.07.17 19:54:31.648,1.07789,1.07811,1.00,1.00
2014.07.17 19:54:32.301,1.07789,1.07808,1.00,1.13
2014.07.17 19:54:32.403,1.07786,1.07807,1.00,1.10
2014.07.17 19:54:32.757,1.0778,1.07805,1.00,1.00
2014.07.17 19:54:32.858,1.07785,1.07805,1.00,1.00
2014.07.17 19:54:33.461,1.07785,1.07804,1.00,1.00
2014.07.17 19:54:34.451,1.07785,1.07805,1.00,1.50
2014.07.17 19:54:34.989,1.07785,1.07804,1.00,1.00
2014.07.17 19:54:35.926,1.0779,1.07804,1.00,1.00
2014.07.17 19:54:36.157,1.07785,1.07804,1.00,1.00
2014.07.17 19:54:39.169,1.07785,1.07805,1.00,1.00
2014.07.17 19:54:41.886,1.07784,1.07805,1.00,1.00
2014.07.17 19:54:45.292,1.07785,1.07805,1.00,1.00
2014.07.17 19:54:47.451,1.07785,1.07804,1.00,1.00
2014.07.17 19:54:47.959,1.07785,1.07805,1.00,1.00
2014.07.17 19:54:49.863,1.07785,1.07804,1.00,1.00
2014.07.17 19:54:50.385,1.07784,1.07804,1.00,1.00
2014.07.17 19:54:51.094,1.07784,1.07802,1.00,1.00
2014.07.17 19:54:51.397,1.0778,1.07797,1.00,1.00
2014.07.17 19:54:51.903,1.07784,1.07797,1.00,1.00
2014.07.17 19:54:53.117,1.07784,1.07796,1.00,1.00
2014.07.17 19:54:54.765,1.07785,1.07796,1.00,1.00
2014.07.17 19:54:54.867,1.07785,1.07801,1.00,1.00
2014.07.17 19:54:55.374,1.07785,1.07806,1.00,1.10
2014.07.17 19:54:55.579,1.07785,1.07801,1.00,1.00
2014.07.17 19:54:55.630,1.0778,1.07801,1.00,1.00
2014.07.17 19:54:55.782,1.0778,1.07799,1.00,1.10
2014.07.17 19:54:56.193,1.0778,1.07804,1.00,1.15
2014.07.17 19:54:56.599,1.07785,1.07805,1.00,1.50
2014.07.17 19:54:56.852,1.0778,1.07805,1.00,1.50
2014.07.17 19:54:57.055,1.0778,1.07805,1.00,1.65
2014.07.17 19:54:57.618,1.07779,1.07805,1.00,1.65
2014.07.17 19:54:58.170,1.07784,1.07805,1.00,1.65
2014.07.17 19:54:58.639,1.07784,1.07805,1.00,1.65
2014.07.17 19:54:58.818,1.07779,1.07805,1.00,1.65
2014.07.17 19:54:59.149,1.07784,1.07805,1.00,1.65
2014.07.17 19:54:59.380,1.07779,1.07805,1.00,1.65
2014.07.17 19:54:59.896,1.0778,1.07805,1.00,1.65
2014.07.17 19:55:00.496,1.07779,1.07805,1.00,1.65
2014.07.17 19:55:04.663,1.0778,1.07803,1.00,2.40
2014.07.17 19:55:05.207,1.0778,1.078,1.00,1.00
2014.07.17 19:55:07.944,1.0778,1.07801,1.00,1.20
2014.07.17 19:55:08.531,1.07779,1.07801,1.00,1.20
2014.07.17 19:55:09.429,1.07779,1.07798,1.00,1.00
2014.07.17 19:55:09.683,1.07769,1.07796,2.82,1.65
2014.07.17 19:55:09.836,1.07775,1.07796,1.00,1.65
2014.07.17 19:55:10.356,1.07769,1.07793,1.32,1.58
2014.07.17 19:55:10.610,1.07775,1.07793,1.00,1.58
2014.07.17 19:55:11.539,1.07775,1.07794,1.00,1.00
2014.07.17 19:55:12.088,1.07775,1.07795,1.00,1.10
2014.07.17 19:55:13.089,1.07775,1.07795,1.00,1.15
2014.07.17 19:55:15.041,1.07775,1.07793,1.00,1.08
2014.07.17 19:55:15.345,1.07775,1.07793,1.00,1.15
2014.07.17 19:55:16.328,1.07775,1.07795,1.00,5.14
2014.07.17 19:55:16.378,1.07775,1.07795,1.00,2.97
2014.07.17 19:55:16.480,1.07775,1.07795,1.00,1.65
2014.07.17 19:55:16.985,1.07775,1.07791,1.00,1.15
2014.07.17 19:55:17.830,1.0777,1.07789,1.00,1.00
2014.07.17 19:55:17.881,1.0777,1.07789,1.00,1.08
2014.07.17 19:55:18.213,1.07775,1.07791,1.00,1.15
2014.07.17 19:55:18.315,1.07775,1.07791,1.00,1.15
2014.07.17 19:55:18.416,1.07769,1.07791,1.00,1.15
2014.07.17 19:55:20.147,1.0777,1.07791,1.00,1.15
2014.07.17 19:55:22.360,1.07769,1.07792,1.00,1.65
2014.07.17 19:55:23.894,1.07775,1.07792,1.00,1.65
2014.07.17 19:55:24.655,1.07774,1.07792,1.00,1.65
2014.07.17 19:55:25.173,1.07775,1.07792,1.00,1.65
2014.07.17 19:55:32.938,1.07779,1.07796,1.00,1.15
2014.07.17 19:55:33.039,1.07779,1.07795,1.00,1.00
2014.07.17 19:55:33.362,1.07775,1.07796,1.00,1.10
2014.07.17 19:55:33.464,1.07775,1.07795,1.00,1.18
2014.07.17 19:55:33.822,1.07774,1.07796,1.00,1.10
2014.07.17 19:55:34.912,1.07775,1.07797,1.00,1.18
2014.07.17 19:55:39.312,1.07775,1.07801,1.00,1.65
2014.07.17 19:55:40.281,1.0778,1.07801,1.00,1.65
2014.07.17 19:55:44.559,1.07775,1.07801,1.00,1.18
2014.07.17 19:55:45.898,1.0778,1.07801,1.00,1.18
2014.07.17 19:55:47.784,1.07775,1.07801,1.00,1.18
2014.07.17 19:55:48.776,1.0778,1.07801,1.00,1.18
2014.07.17 19:55:49.298,1.07774,1.07801,1.25,1.18
2014.07.17 19:55:50.031,1.07775,1.07801,1.00,1.18
2014.07.17 19:55:52.557,1.07775,1.07801,1.00,1.00
2014.07.17 19:55:53.611,1.07774,1.07801,1.25,1.00
2014.07.17 19:55:54.238,1.07775,1.07801,1.00,1.00
2014.07.17 19:55:57.911,1.07775,1.07802,1.50,1.10
2014.07.17 19:56:01.472,1.07775,1.07803,1.69,1.18
2014.07.17 19:56:04.080,1.07775,1.07803,1.69,1.18
2014.07.17 19:56:11.578,1.07774,1.078,1.19,1.00
2014.07.17 19:56:12.091,1.07774,1.078,1.00,1.84
2014.07.17 19:56:12.951,1.07774,1.07803,1.00,1.29
2014.07.17 19:56:15.541,1.07774,1.07803,1.00,1.02
2014.07.17 19:56:17.118,1.07774,1.07803,1.19,1.02
2014.07.17 19:56:17.662,1.07774,1.07803,1.19,1.33
2014.07.17 19:56:18.235,1.07776,1.07803,1.00,1.34
2014.07.17 19:56:18.336,1.07774,1.07801,1.50,1.00
2014.07.17 19:56:18.843,1.07775,1.07801,1.00,1.00
2014.07.17 19:56:19.230,1.07777,1.07805,1.00,1.33
2014.07.17 19:56:19.281,1.07777,1.07805,1.00,1.25
2014.07.17 19:56:19.793,1.07777,1.07805,1.00,1.15
2014.07.17 19:56:20.842,1.07777,1.07805,1.00,1.00
2014.07.17 19:56:24.390,1.07778,1.07805,1.00,1.00
2014.07.17 19:56:26.494,1.07778,1.07807,1.00,1.15
2014.07.17 19:56:27.158,1.07778,1.07808,1.00,1.15
2014.07.17 19:56:27.670,1.07776,1.07804,1.19,1.18
2014.07.17 19:56:28.208,1.07776,1.07804,1.25,1.18
2014.07.17 19:56:30.767,1.07776,1.07802,1.25,1.88
2014.07.17 19:56:31.538,1.07776,1.07804,1.00,1.18
2014.07.17 19:56:33.144,1.07775,1.07802,1.25,1.50
2014.07.17 19:56:33.649,1.07774,1.07801,1.13,1.00
2014.07.17 19:56:33.954,1.07774,1.078,1.00,1.58
2014.07.17 19:56:34.258,1.07775,1.07797,1.00,1.00
2014.07.17 19:56:34.410,1.07775,1.07802,1.00,1.84
2014.07.17 19:56:34.967,1.07775,1.07799,1.00,1.50
2014.07.17 19:56:35.528,1.07775,1.07796,1.00,1.00
2014.07.17 19:56:38.928,1.07775,1.07797,1.00,1.18
2014.07.17 19:56:40.912,1.07769,1.07797,1.00,1.15
2014.07.17 19:56:41.114,1.07775,1.07797,1.00,1.15
2014.07.17 19:56:43.796,1.07775,1.07797,1.00,1.10
2014.07.17 19:56:44.303,1.07774,1.07797,1.00,1.10
2014.07.17 19:56:44.863,1.07775,1.07799,1.00,2.78
2014.07.17 19:56:46.817,1.07774,1.07797,1.00,1.10
2014.07.17 19:56:47.621,1.07775,1.07797,1.00,1.10
2014.07.17 19:56:48.163,1.0777,1.07797,1.00,1.10
2014.07.17 19:56:48.669,1.07769,1.07797,1.69,1.10
2014.07.17 19:56:49.114,1.07769,1.07794,1.13,1.00
2014.07.17 19:56:49.418,1.07766,1.07794,1.00,1.18
2014.07.17 19:56:49.823,1.0777,1.07794,1.00,1.18
2014.07.17 19:56:50.958,1.0777,1.07794,1.00,1.00
2014.07.17 19:56:55.322,1.07775,1.07795,1.00,1.00
2014.07.17 19:56:55.424,1.07775,1.07799,1.00,1.00
2014.07.17 19:56:55.732,1.07774,1.07802,1.00,1.84
2014.07.17 19:56:57.411,1.07775,1.07801,1.00,1.20
2014.07.17 19:57:04.481,1.07774,1.07801,1.00,1.00
2014.07.17 19:57:06.581,1.07774,1.07802,1.50,1.50
2014.07.17 19:57:06.884,1.07782,1.07804,1.00,1.00
2014.07.17 19:57:06.935,1.07782,1.0781,1.00,2.89
2014.07.17 19:57:07.120,1.07782,1.0781,1.00,1.65
2014.07.17 19:57:07.425,1.0778,1.07807,1.00,1.00
2014.07.17 19:57:07.933,1.0778,1.07808,1.50,1.10
2014.07.17 19:57:10.638,1.0778,1.07808,1.00,1.08
2014.07.17 19:57:11.694,1.07779,1.07809,1.69,1.65
2014.07.17 19:57:11.803,1.07779,1.07804,1.69,1.00
2014.07.17 19:57:18.122,1.07775,1.07804,1.37,1.50
2014.07.17 19:57:18.858,1.07779,1.07804,1.00,1.50
2014.07.17 19:57:19.297,1.07775,1.07805,1.84,1.50
2014.07.17 19:57:19.550,1.07778,1.07808,1.50,1.58
2014.07.17 19:57:19.652,1.07776,1.07804,1.33,1.00
2014.07.17 19:57:20.107,1.0778,1.07804,1.00,1.00
2014.07.17 19:57:20.360,1.0778,1.07807,1.00,1.10
2014.07.17 19:57:28.875,1.07779,1.07807,1.00,1.00
2014.07.17 19:57:29.468,1.0778,1.07807,1.00,1.00
2014.07.17 19:57:30.091,1.07779,1.07807,1.00,1.00
2014.07.17 19:57:30.561,1.07775,1.07805,2.59,1.50
2014.07.17 19:57:35.590,1.0778,1.07805,1.00,1.50
2014.07.17 19:57:36.218,1.0778,1.07807,1.10,1.69
2014.07.17 19:57:36.746,1.0778,1.07807,1.00,1.50
2014.07.17 19:57:39.866,1.07777,1.07807,2.59,1.50
2014.07.17 19:57:41.243,1.07781,1.07807,1.00,1.00
2014.07.17 19:57:41.294,1.07781,1.0781,1.00,1.25
2014.07.17 19:57:41.710,1.07779,1.07806,1.10,1.00
2014.07.17 19:57:42.212,1.07778,1.07806,1.58,1.00
2014.07.17 19:57:42.877,1.0778,1.07806,1.00,1.00
2014.07.17 19:57:44.077,1.07779,1.07806,1.08,1.00
2014.07.17 19:57:44.179,1.07779,1.07808,1.65,1.00
2014.07.17 19:57:44.714,1.07779,1.07809,3.15,1.50
2014.07.17 19:57:45.599,1.07784,1.07809,1.00,1.50
2014.07.17 19:57:46.065,1.07785,1.07811,1.00,1.00
2014.07.17 19:57:46.907,1.07784,1.07811,1.00,1.00
2014.07.17 19:57:52.079,1.07784,1.07811,1.00,1.18
2014.07.17 19:57:57.362,1.07785,1.0781,1.00,1.00
2014.07.17 19:57:59.542,1.07785,1.07813,1.10,1.69
2014.07.17 19:58:02.456,1.07782,1.0781,1.15,1.00
2014.07.17 19:58:05.700,1.07785,1.07812,1.10,1.50
2014.07.17 19:58:05.953,1.07782,1.0781,1.65,1.00
2014.07.17 19:58:07.979,1.0779,1.07813,1.00,1.13
2014.07.17 19:58:08.080,1.07787,1.07815,1.00,1.88
2014.07.17 19:58:08.182,1.07785,1.07811,1.00,1.00
2014.07.17 19:58:08.384,1.07786,1.07814,1.00,1.18
2014.07.17 19:58:08.486,1.07791,1.07816,1.10,1.08
2014.07.17 19:58:08.537,1.07791,1.07819,1.18,2.25
2014.07.17 19:58:08.739,1.07791,1.07819,1.00,1.00
2014.07.17 19:58:08.790,1.07789,1.07817,1.20,1.00
2014.07.17 19:58:09.217,1.07787,1.07815,1.18,1.00
2014.07.17 19:58:09.521,1.07785,1.07813,1.15,1.00
2014.07.17 19:58:10.297,1.07785,1.07815,1.84,1.00
2014.07.17 19:58:11.297,1.07789,1.07819,1.00,1.09
2014.07.17 19:58:11.710,1.07788,1.07816,1.15,1.00
2014.07.17 19:58:13.397,1.0779,1.07818,1.20,1.00
2014.07.17 19:58:14.707,1.07788,1.07816,1.53,1.00
2014.07.17 19:58:15.282,1.07794,1.07817,1.00,1.25
2014.07.17 19:58:15.435,1.07795,1.07823,1.00,1.50
2014.07.17 19:58:15.637,1.07791,1.07819,1.15,1.00
2014.07.17 19:58:15.739,1.0779,1.07817,1.18,1.00
2014.07.17 19:58:16.612,1.0779,1.07817,1.15,1.00
2014.07.17 19:58:16.663,1.07794,1.07822,1.10,1.19
2014.07.17 19:58:16.714,1.07794,1.07822,1.18,1.19
2014.07.17 19:58:17.018,1.07805,1.07825,1.00,1.00
2014.07.17 19:58:17.069,1.078,1.07825,1.65,1.00
2014.07.17 19:58:17.170,1.07801,1.07827,1.08,1.00
2014.07.17 19:58:17.373,1.07801,1.07834,1.84,1.77
2014.07.17 19:58:17.474,1.07805,1.0783,1.18,1.00
2014.07.17 19:58:17.727,1.078,1.07828,1.19,1.50
2014.07.17 19:58:17.879,1.07799,1.07827,1.10,1.00
2014.07.17 19:58:18.395,1.07796,1.07824,1.15,1.00
2014.07.17 19:58:18.614,1.07796,1.07824,1.00,1.00
2014.07.17 19:58:19.389,1.07799,1.07824,1.00,1.00
2014.07.17 19:58:19.693,1.07803,1.07831,1.20,1.69
2014.07.17 19:58:20.098,1.07802,1.0783,1.15,1.00
2014.07.17 19:58:21.426,1.07802,1.0783,1.00,1.20
2014.07.17 19:58:24.087,1.07804,1.0783,1.00,1.00
2014.07.17 19:58:27.106,1.07802,1.0783,1.29,1.00
2014.07.17 19:58:27.649,1.07802,1.0783,1.00,1.18
2014.07.17 19:58:29.386,1.07802,1.0783,1.00,1.00
2014.07.17 19:58:29.697,1.07805,1.0783,1.00,1.00
2014.07.17 19:58:31.088,1.07805,1.0783,1.00,1.18
2014.07.17 19:58:31.353,1.07802,1.0783,1.00,1.18
2014.07.17 19:58:33.695,1.078,1.0783,2.25,1.18
2014.07.17 19:58:38.055,1.07805,1.0783,1.00,1.18
2014.07.17 19:58:38.259,1.07805,1.07832,1.00,1.29
2014.07.17 19:58:38.411,1.0781,1.07832,1.00,1.19
2014.07.17 19:58:38.613,1.07805,1.07832,1.00,1.00
2014.07.17 19:58:39.152,1.07807,1.07835,1.00,1.69
2014.07.17 19:58:41.507,1.07807,1.07835,1.08,1.69
2014.07.17 19:58:42.107,1.07807,1.07835,1.15,1.19
2014.07.17 19:58:44.695,1.07807,1.07835,1.34,1.00
2014.07.17 19:58:45.075,1.0781,1.07837,1.10,1.25
2014.07.17 19:58:45.126,1.07811,1.07839,1.18,1.69
2014.07.17 19:58:45.816,1.07811,1.07839,1.18,1.25
2014.07.17 19:58:47.642,1.0781,1.07838,1.40,1.00
2014.07.17 19:58:47.743,1.0781,1.0784,1.84,1.69
2014.07.17 19:58:48.203,1.0781,1.0784,1.65,2.44
2014.07.17 19:58:49.907,1.0781,1.07839,1.65,1.19
2014.07.17 19:58:51.110,1.0781,1.0784,1.65,3.19
2014.07.17 19:58:51.513,1.0781,1.0784,2.59,2.25
2014.07.17 19:58:54.353,1.07815,1.0784,1.00,1.50
2014.07.17 19:58:57.980,1.0781,1.0784,2.59,1.69
2014.07.17 19:58:58.488,1.0781,1.0784,2.59,1.69
2014.07.17 19:59:00.574,1.07809,1.07838,1.84,1.00
2014.07.17 19:59:00.727,1.07809,1.07838,1.00,1.00
2014.07.17 19:59:00.879,1.07806,1.07834,1.08,1.25
2014.07.17 19:59:00.981,1.07806,1.07834,1.10,1.25
2014.07.17 19:59:01.862,1.07806,1.07834,1.10,1.69
2014.07.17 19:59:02.269,1.07804,1.07827,1.18,1.00
2014.07.17 19:59:02.370,1.07797,1.07827,1.84,1.00
2014.07.17 19:59:02.472,1.07796,1.07823,1.15,1.19
2014.07.17 19:59:02.624,1.07794,1.07823,1.20,1.25
2014.07.17 19:59:02.675,1.07794,1.07821,1.20,1.00
2014.07.17 19:59:02.826,1.07791,1.07821,1.58,1.50
2014.07.17 19:59:03.181,1.07795,1.07821,1.00,1.50
2014.07.17 19:59:03.383,1.07791,1.07821,1.58,1.50
2014.07.17 19:59:03.485,1.07791,1.07821,1.65,1.50
2014.07.17 19:59:04.015,1.07795,1.07821,1.00,1.50
2014.07.17 19:59:05.031,1.07791,1.07821,1.65,1.50
2014.07.17 19:59:05.717,1.07792,1.07822,1.18,1.00
2014.07.17 19:59:06.205,1.0779,1.0782,2.59,1.50
2014.07.17 19:59:07.217,1.07793,1.07823,1.58,1.69
2014.07.17 19:59:07.723,1.07793,1.07823,1.65,1.50
2014.07.17 19:59:07.824,1.07798,1.07826,1.00,1.19
2014.07.17 19:59:10.184,1.07798,1.07826,1.00,1.00
2014.07.17 19:59:11.278,1.07797,1.07824,1.00,1.00
2014.07.17 19:59:11.785,1.07796,1.07824,1.00,1.25
2014.07.17 19:59:12.705,1.07796,1.0782,1.00,1.00
2014.07.17 19:59:12.756,1.07793,1.0782,1.20,1.00
2014.07.17 19:59:12.959,1.07787,1.07816,1.34,1.50
2014.07.17 19:59:13.162,1.0779,1.07818,1.20,1.00
2014.07.17 19:59:13.890,1.07788,1.07816,1.27,1.08
2014.07.17 19:59:13.941,1.07786,1.07816,1.00,1.58
2014.07.17 19:59:18.958,1.07785,1.07811,1.58,1.00
2014.07.17 19:59:19.110,1.07783,1.07811,1.13,1.00
2014.07.17 19:59:19.363,1.07785,1.07812,1.00,1.00
2014.07.17 19:59:19.667,1.07788,1.07815,1.00,1.19
2014.07.17 19:59:20.540,1.07788,1.07818,1.00,1.77
2014.07.17 19:59:21.626,1.07788,1.07818,1.00,1.10
2014.07.17 19:59:22.935,1.07788,1.07818,1.00,1.29
2014.07.17 19:59:24.036,1.07788,1.07818,1.00,1.02
2014.07.17 19:59:24.201,1.07788,1.07818,1.00,1.40
2014.07.17 19:59:26.335,1.07787,1.07815,1.00,1.10
2014.07.17 19:59:26.386,1.07785,1.07815,1.10,1.10
2014.07.17 19:59:26.798,1.07784,1.07811,1.00,1.00
2014.07.17 19:59:27.923,1.07783,1.07811,1.20,1.00
2014.07.17 19:59:31.716,1.07786,1.07813,1.00,1.10
2014.07.17 19:59:33.869,1.07786,1.07814,1.00,1.15
2014.07.17 19:59:39.166,1.07785,1.07813,1.00,1.15
2014.07.17 19:59:39.217,1.07783,1.07813,1.50,1.65
2014.07.17 19:59:39.484,1.07783,1.0781,1.00,1.08
2014.07.17 19:59:39.536,1.0778,1.0781,1.00,1.15
2014.07.17 19:59:45.277,1.07779,1.07806,1.00,1.00
2014.07.17 19:59:45.378,1.07777,1.07806,1.10,1.50
2014.07.17 19:59:46.139,1.07777,1.07806,1.00,1.58
2014.07.17 19:59:47.110,1.07776,1.07806,2.25,1.65
2014.07.17 19:59:48.131,1.07777,1.07806,1.00,1.65
2014.07.17 19:59:48.843,1.07776,1.07806,2.25,1.65
2014.07.17 19:59:49.351,1.07777,1.07806,1.00,1.65
2014.07.17 19:59:49.554,1.07776,1.07806,2.25,1.65
2014.07.17 19:59:50.059,1.07777,1.07803,1.00,1.58
2014.07.17 19:59:50.572,1.07776,1.07803,1.00,1.58
2014.07.17 19:59:51.315,1.07776,1.07801,1.00,1.00
2014.07.17 19:59:51.820,1.07777,1.078,1.00,1.00
2014.07.17 19:59:52.354,1.07776,1.078,1.00,1.00
2014.07.17 19:59:52.861,1.07777,1.078,1.00,1.00
2014.07.17 19:59:53.724,1.07776,1.078,1.00,1.00
2014.07.17 19:59:54.568,1.07777,1.078,1.00,1.00
2014.07.17 19:59:55.176,1.07777,1.07805,1.50,1.58
2014.07.17 19:59:56.090,1.07777,1.07805,1.00,1.00
2014.07.17 19:59:56.192,1.0778,1.07809,1.50,1.37
2014.07.17 19:59:56.650,1.0778,1.07809,1.50,1.37
2014.07.17 19:59:57.005,1.07779,1.07807,1.00,1.20
2014.07.17 19:59:57.208,1.07782,1.07808,1.00,1.08
2014.07.17 19:59:57.715,1.0778,1.07808,1.29,1.00
2014.07.17 19:59:58.257,1.0778,1.07808,1.19,1.18
2014.07.17 19:59:58.915,1.0778,1.07808,1.00,1.18
2014.07.17 19:59:59.375,1.07783,1.07808,1.19,1.18
2014.07.17 19:59:59.476,1.07783,1.07811,1.69,1.10
2014.07.17 19:59:59.578,1.07785,1.07811,1.19,1.10
2014.07.17 19:59:59.932,1.07787,1.07815,1.25,1.18
