2015.01.02 17:00:00.341,1.05274,1.05304,1.00,1.27
2015.01.02 17:00:00.652,1.05278,1.05304,1.00,1.27
2015.01.02 17:00:00.962,1.05282,1.05302,1.00,1.10
2015.01.02 17:00:01.267,1.05278,1.05308,1.00,1.52
2015.01.02 17:00:01.369,1.05272,1.05302,1.00,1.10
2015.01.02 17:00:01.891,1.05274,1.05302,1.00,1.00
2015.01.02 17:00:02.295,1.05279,1.05309,1.00,2.02
2015.01.02 17:00:02.398,1.05274,1.05302,1.10,1.00
2015.01.02 17:00:02.599,1.05281,1.05308,1.00,1.47
2015.01.02 17:00:02.700,1.05273,1.05302,1.17,1.00
2015.01.02 17:00:03.784,1.05274,1.05301,1.10,1.00
2015.01.02 17:00:03.893,1.05281,1.05308,1.00,1.45
2015.01.02 17:00:04.095,1.05273,1.05303,1.00,1.00
2015.01.02 17:00:04.200,1.0528,1.05308,1.00,1.52
2015.01.02 17:00:04.301,1.05273,1.05303,1.00,1.37
2015.01.02 17:00:04.709,1.0527,1.053,1.07,1.12
2015.01.02 17:00:04.861,1.0527,1.05299,1.15,1.37
2015.01.02 17:00:04.962,1.05269,1.05299,1.57,1.37
2015.01.02 17:00:05.013,1.05271,1.05301,1.00,1.47
2015.01.02 17:00:05.316,1.05273,1.05301,1.00,1.12
2015.01.02 17:00:07.012,1.05275,1.05303,1.10,1.37
2015.01.02 17:00:07.063,1.05275,1.05303,1.20,1.00
2015.01.02 17:00:07.215,1.05284,1.05312,1.00,2.02
2015.01.02 17:00:07.317,1.05276,1.05306,1.00,1.37
2015.01.02 17:00:07.418,1.05276,1.05306,1.00,1.37
2015.01.02 17:00:07.822,1.05276,1.05306,1.50,1.12
2015.01.02 17:00:07.923,1.05282,1.05312,1.00,2.02
2015.01.02 17:00:08.024,1.05277,1.05305,2.25,1.00
2015.01.02 17:00:08.545,1.05278,1.05305,1.00,1.00
2015.01.02 17:00:08.646,1.05281,1.05305,1.00,1.00
2015.01.02 17:00:10.391,1.05277,1.05305,1.00,1.10
2015.01.02 17:00:10.442,1.05277,1.05305,1.00,1.15
2015.01.02 17:00:10.645,1.05274,1.05302,1.00,1.00
2015.01.02 17:00:11.395,1.05275,1.05302,1.00,1.00
2015.01.02 17:00:11.547,1.05283,1.05311,1.00,4.20
2015.01.02 17:00:11.648,1.05283,1.05313,1.00,2.02
2015.01.02 17:00:11.749,1.05287,1.05313,1.00,1.27
2015.01.02 17:00:11.850,1.05283,1.05313,1.00,1.52
2015.01.02 17:00:11.952,1.05277,1.05312,1.00,1.27
2015.01.02 17:00:12.053,1.05283,1.05311,1.00,1.15
2015.01.02 17:00:12.256,1.05279,1.05304,1.00,1.00
2015.01.02 17:00:12.357,1.05284,1.05312,1.00,1.15
2015.01.02 17:00:12.509,1.05279,1.05305,1.00,1.00
2015.01.02 17:00:12.913,1.05283,1.05313,1.00,1.52
2015.01.02 17:00:13.014,1.05279,1.05306,1.00,1.10
2015.01.02 17:00:15.547,1.05281,1.05306,1.00,1.10
2015.01.02 17:00:16.870,1.05282,1.05306,1.00,1.10
2015.01.02 17:00:18.355,1.05282,1.05305,1.00,1.00
2015.01.02 17:00:20.601,1.0528,1.05305,1.00,1.00
2015.01.02 17:00:21.345,1.0528,1.05299,1.00,1.00
2015.01.02 17:00:21.851,1.05273,1.05297,1.00,1.00
2015.01.02 17:00:21.952,1.05273,1.05295,1.00,1.00
2015.01.02 17:00:22.255,1.05274,1.05295,1.17,1.00
2015.01.02 17:00:22.356,1.05274,1.05297,1.17,1.00
2015.01.02 17:00:25.450,1.05273,1.05297,1.15,1.00
2015.01.02 17:00:26.340,1.05281,1.05297,1.00,1.00
2015.01.02 17:00:26.813,1.05281,1.05303,1.00,1.00
2015.01.02 17:00:27.919,1.05281,1.05301,1.00,1.50
2015.01.02 17:00:28.453,1.05281,1.05302,1.00,1.50
2015.01.02 17:00:29.089,1.05281,1.05303,1.00,1.00
2015.01.02 17:00:29.643,1.05279,1.05303,1.10,1.00
2015.01.02 17:00:30.306,1.0528,1.05303,1.00,1.00
2015.01.02 17:00:33.949,1.05282,1.05303,1.00,1.00
2015.01.02 17:00:34.795,1.05282,1.05298,1.00,1.00
2015.01.02 17:00:35.318,1.05281,1.05298,1.00,1.00
2015.01.02 17:00:36.144,1.05281,1.05305,1.00,1.00
2015.01.02 17:00:38.639,1.05282,1.05305,1.00,1.00
2015.01.02 17:00:39.418,1.05283,1.05305,1.00,1.00
2015.01.02 17:00:41.014,1.05283,1.05302,1.00,1.00
2015.01.02 17:00:41.418,1.05282,1.05309,1.00,1.00
2015.01.02 17:00:41.519,1.05282,1.0531,1.65,1.00
2015.01.02 17:00:41.620,1.05285,1.05313,1.00,1.00
2015.01.02 17:00:42.126,1.05281,1.05309,1.50,1.00
2015.01.02 17:00:42.430,1.0528,1.05304,1.00,1.00
2015.01.02 17:00:42.632,1.05274,1.05304,1.00,1.12
2015.01.02 17:00:42.834,1.05271,1.05301,1.65,1.00
2015.01.02 17:00:43.238,1.05271,1.05298,1.00,1.00
2015.01.02 17:00:43.755,1.0527,1.05298,1.57,1.00
2015.01.02 17:00:44.393,1.0527,1.05298,1.57,1.00
2015.01.02 17:00:44.443,1.05272,1.053,1.17,1.00
2015.01.02 17:00:45.828,1.05275,1.05303,1.00,1.00
2015.01.02 17:00:48.263,1.05273,1.05302,1.17,1.00
2015.01.02 17:00:48.466,1.05278,1.05303,1.00,1.00
2015.01.02 17:00:48.567,1.05278,1.05306,1.50,1.00
2015.01.02 17:00:48.719,1.05278,1.05306,1.17,1.00
2015.01.02 17:00:49.921,1.05278,1.05306,1.00,1.00
2015.01.02 17:00:51.448,1.05279,1.05306,1.00,1.00
2015.01.02 17:00:51.549,1.05279,1.05304,1.00,1.00
2015.01.02 17:00:51.651,1.05277,1.05304,1.00,1.00
2015.01.02 17:00:51.956,1.05277,1.05301,1.00,1.00
2015.01.02 17:00:53.706,1.05277,1.05297,1.00,1.00
2015.01.02 17:00:53.808,1.05277,1.05301,1.00,1.00
2015.01.02 17:00:53.859,1.05276,1.05304,1.00,1.00
2015.01.02 17:00:53.910,1.05276,1.05304,1.00,1.37
2015.01.02 17:00:54.011,1.05272,1.053,2.32,1.00
2015.01.02 17:00:54.264,1.0527,1.05298,1.00,1.00
2015.01.02 17:00:56.094,1.0527,1.05298,1.00,1.87
2015.01.02 17:01:05.208,1.05269,1.05296,1.10,1.37
2015.01.02 17:01:06.746,1.05272,1.05299,1.00,1.37
2015.01.02 17:01:13.888,1.05272,1.05295,1.00,1.37
2015.01.02 17:01:24.119,1.05272,1.05296,1.00,1.37
2015.01.02 17:01:24.472,1.05269,1.05295,1.00,1.37
2015.01.02 17:01:25.897,1.05269,1.05295,1.00,1.00
2015.01.02 17:01:25.948,1.05275,1.05295,1.00,1.00
2015.01.02 17:01:26.251,1.0527,1.05298,1.00,2.02
2015.01.02 17:01:28.876,1.0527,1.05295,1.00,1.27
2015.01.02 17:01:29.181,1.0527,1.05292,1.00,1.20
2015.01.02 17:01:31.080,1.05275,1.05297,1.00,1.15
2015.01.02 17:01:31.181,1.05275,1.05303,1.00,2.02
2015.01.02 17:01:31.485,1.05275,1.05303,1.00,4.20
2015.01.02 17:01:31.687,1.0527,1.05298,1.00,1.52
2015.01.02 17:01:31.839,1.0527,1.05296,1.00,1.52
2015.01.02 17:01:35.779,1.0527,1.05296,1.00,1.52
2015.01.02 17:01:36.082,1.05275,1.05297,1.00,1.37
2015.01.02 17:01:36.133,1.05275,1.05297,1.00,1.37
2015.01.02 17:01:36.639,1.05274,1.053,1.00,1.37
2015.01.02 17:01:37.102,1.05274,1.053,1.00,1.37
2015.01.02 17:01:37.610,1.0527,1.05298,1.00,1.37
2015.01.02 17:01:38.419,1.05269,1.05296,1.00,1.37
2015.01.02 17:01:38.525,1.05264,1.05292,1.50,1.37
2015.01.02 17:01:39.662,1.05264,1.05292,1.00,1.87
2015.01.02 17:01:43.586,1.05264,1.05292,1.00,1.87
2015.01.02 17:01:44.157,1.05262,1.0529,1.00,1.37
2015.01.02 17:01:44.384,1.05262,1.0529,1.00,1.37
2015.01.02 17:01:44.436,1.0526,1.05288,1.15,1.37
2015.01.02 17:01:44.740,1.05259,1.05286,1.15,1.37
2015.01.02 17:01:51.066,1.05258,1.05286,1.27,1.37
2015.01.02 17:01:58.596,1.05258,1.05286,1.15,1.37
2015.01.02 17:02:02.374,1.05258,1.05286,1.15,1.37
2015.01.02 17:02:04.628,1.05258,1.05286,1.15,1.37
2015.01.02 17:02:04.679,1.05259,1.05286,1.15,1.37
2015.01.02 17:02:04.981,1.05268,1.05286,1.00,1.37
2015.01.02 17:02:06.121,1.05266,1.05286,1.00,1.37
2015.01.02 17:02:06.323,1.05259,1.05286,1.15,1.37
2015.01.02 17:02:06.374,1.05259,1.05286,1.15,1.37
2015.01.02 17:02:06.878,1.0526,1.05286,1.15,1.37
2015.01.02 17:02:07.080,1.05261,1.05289,1.00,1.37
2015.01.02 17:02:07.131,1.05261,1.05289,1.00,1.00
2015.01.02 17:02:07.182,1.05258,1.05286,1.15,1.00
2015.01.02 17:02:07.485,1.05265,1.05286,1.00,1.00
2015.01.02 17:02:07.872,1.05268,1.05286,1.00,1.00
2015.01.02 17:02:08.074,1.05261,1.05286,1.00,1.00
2015.01.02 17:02:08.176,1.05261,1.05291,1.00,1.00
2015.01.02 17:02:08.480,1.05265,1.05293,1.10,1.00
2015.01.02 17:02:10.429,1.05263,1.05291,1.65,1.00
2015.01.02 17:02:11.992,1.05263,1.05291,1.50,1.00
2015.01.02 17:02:13.800,1.05265,1.05293,1.00,1.00
2015.01.02 17:02:13.902,1.05267,1.05297,1.00,1.15
2015.01.02 17:02:14.159,1.0527,1.05297,1.00,1.00
2015.01.02 17:02:14.677,1.05269,1.05297,1.00,1.00
2015.01.02 17:02:14.931,1.05262,1.05292,1.50,1.00
2015.01.02 17:02:15.435,1.05262,1.05292,1.17,1.50
2015.01.02 17:02:17.983,1.05262,1.05292,1.00,1.50
2015.01.02 17:02:25.157,1.05262,1.05291,1.00,1.00
2015.01.02 17:02:27.891,1.05262,1.05292,1.00,1.00
2015.01.02 17:02:35.250,1.0526,1.0529,1.17,1.00
2015.01.02 17:02:37.213,1.0526,1.0529,1.00,1.10
2015.01.02 17:02:42.658,1.0526,1.05289,1.00,1.00
2015.01.02 17:02:47.178,1.05259,1.05289,1.00,1.50
2015.01.02 17:02:50.433,1.05259,1.05289,1.00,1.65
2015.01.02 17:02:50.737,1.05256,1.05283,1.00,1.12
2015.01.02 17:02:51.242,1.05256,1.05286,1.00,1.00
2015.01.02 17:02:51.343,1.05258,1.05286,1.00,1.00
2015.01.02 17:02:59.139,1.05258,1.05288,1.12,1.47
2015.01.02 17:02:59.443,1.05262,1.0529,1.00,1.37
2015.01.02 17:03:01.809,1.05262,1.0529,1.00,1.45
2015.01.02 17:03:01.910,1.05259,1.05289,1.20,1.37
2015.01.02 17:03:05.810,1.05257,1.05285,1.00,1.37
2015.01.02 17:03:15.328,1.05257,1.05285,1.00,1.37
2015.01.02 17:03:15.878,1.05257,1.05287,1.00,1.12
2015.01.02 17:03:18.234,1.05253,1.05283,1.65,1.00
2015.01.02 17:03:19.113,1.05253,1.05283,1.17,1.37
2015.01.02 17:03:19.568,1.0525,1.0528,1.17,1.00
2015.01.02 17:03:19.619,1.0525,1.0528,1.00,1.10
2015.01.02 17:03:21.402,1.0525,1.0528,1.00,1.95
2015.01.02 17:03:21.734,1.0525,1.0528,1.00,1.95
2015.01.02 17:03:22.037,1.0525,1.0528,1.00,1.20
2015.01.02 17:03:24.015,1.0525,1.0528,1.00,1.47
2015.01.02 17:03:27.804,1.05249,1.05277,1.50,1.00
2015.01.02 17:03:28.109,1.05252,1.05277,1.00,1.37
2015.01.02 17:03:28.160,1.05249,1.05277,1.50,1.37
2015.01.02 17:03:28.312,1.05251,1.05281,1.37,1.50
2015.01.02 17:03:29.509,1.05252,1.05279,1.00,1.00
2015.01.02 17:03:30.905,1.05258,1.05279,1.00,1.00
2015.01.02 17:03:31.159,1.05252,1.0528,2.40,1.00
2015.01.02 17:03:31.211,1.05255,1.05283,1.07,1.00
2015.01.02 17:03:31.312,1.05257,1.05285,1.00,1.00
2015.01.02 17:03:31.363,1.05264,1.05285,1.00,1.00
2015.01.02 17:03:31.515,1.05264,1.05287,1.00,1.50
2015.01.02 17:03:31.918,1.05261,1.05287,1.00,1.00
2015.01.02 17:03:31.969,1.05261,1.05287,1.07,1.00
2015.01.02 17:03:32.020,1.05262,1.0529,1.07,1.00
2015.01.02 17:03:32.727,1.05262,1.0529,1.00,1.00
2015.01.02 17:03:36.398,1.05264,1.05294,1.00,1.12
2015.01.02 17:03:36.775,1.05264,1.05294,1.00,1.87
2015.01.02 17:03:37.027,1.05261,1.05291,1.00,1.37
2015.01.02 17:03:37.128,1.0526,1.05291,1.00,1.87
2015.01.02 17:03:37.649,1.05259,1.05287,1.00,1.37
2015.01.02 17:03:47.119,1.05259,1.05287,1.00,1.37
2015.01.02 17:03:47.372,1.0526,1.05288,1.00,1.00
2015.01.02 17:03:57.155,1.05257,1.05285,1.15,1.00
2015.01.02 17:03:57.358,1.05255,1.05285,1.15,1.00
2015.01.02 17:03:57.459,1.05258,1.05286,1.00,1.12
2015.01.02 17:03:59.067,1.05257,1.05284,1.00,1.00
2015.01.02 17:03:59.608,1.05256,1.05284,1.50,1.00
2015.01.02 17:04:00.966,1.05258,1.05286,1.00,1.12
2015.01.02 17:04:01.370,1.05261,1.05289,1.00,1.37
2015.01.02 17:04:01.673,1.05258,1.05286,1.00,1.12
2015.01.02 17:04:01.774,1.05256,1.05284,1.00,1.00
2015.01.02 17:04:02.179,1.05258,1.05286,1.00,1.37
2015.01.02 17:04:09.998,1.05257,1.05285,1.00,1.37
2015.01.02 17:04:12.634,1.05257,1.05285,1.00,1.37
2015.01.02 17:04:13.175,1.05257,1.05285,1.00,1.37
2015.01.02 17:04:13.639,1.05257,1.05285,1.00,1.37
2015.01.02 17:04:19.856,1.05254,1.05284,1.00,1.37
2015.01.02 17:04:19.958,1.05257,1.05285,1.00,1.00
2015.01.02 17:04:20.906,1.05257,1.05285,1.00,1.37
2015.01.02 17:04:21.875,1.05259,1.05285,1.00,1.00
2015.01.02 17:04:22.386,1.05257,1.05285,1.50,1.00
2015.01.02 17:04:31.987,1.05256,1.05285,1.00,1.00
2015.01.02 17:04:35.860,1.05257,1.05285,1.00,1.00
2015.01.02 17:04:39.810,1.05256,1.05282,1.00,1.37
2015.01.02 17:04:40.315,1.05255,1.05282,1.00,1.37
2015.01.02 17:04:40.895,1.05254,1.05283,1.00,1.37
2015.01.02 17:04:41.198,1.05256,1.05283,1.00,1.37
2015.01.02 17:04:41.352,1.05256,1.05283,1.00,1.00
2015.01.02 17:04:41.857,1.05256,1.05282,1.00,1.00
2015.01.02 17:04:42.110,1.05259,1.05282,1.00,1.00
2015.01.02 17:04:42.314,1.05256,1.05282,1.00,1.00
2015.01.02 17:04:47.585,1.05257,1.05282,1.00,1.00
2015.01.02 17:04:49.715,1.05257,1.05284,1.00,1.00
2015.01.02 17:04:51.117,1.05256,1.05284,1.50,1.00
2015.01.02 17:04:52.121,1.05257,1.05284,1.00,1.00
2015.01.02 17:04:52.323,1.0526,1.05288,1.00,1.37
2015.01.02 17:04:52.374,1.0526,1.05288,1.12,1.37
2015.01.02 17:04:52.828,1.0526,1.05288,1.50,1.47
2015.01.02 17:04:53.585,1.0526,1.05288,1.00,1.47
2015.01.02 17:04:53.636,1.05255,1.05282,1.50,1.37
2015.01.02 17:04:53.789,1.05255,1.05282,1.00,1.37
2015.01.02 17:04:53.890,1.05254,1.05282,1.00,1.37
2015.01.02 17:04:54.142,1.05255,1.05279,1.00,1.00
2015.01.02 17:04:54.193,1.05255,1.05282,1.00,1.00
2015.01.02 17:04:54.245,1.05258,1.05285,1.00,1.00
2015.01.02 17:04:54.346,1.05256,1.05285,1.00,1.00
2015.01.02 17:04:54.397,1.05263,1.05285,1.00,1.00
2015.01.02 17:04:54.650,1.05258,1.05286,1.50,1.00
2015.01.02 17:04:56.364,1.05259,1.05286,1.00,1.00
2015.01.02 17:04:56.894,1.05263,1.05286,1.00,1.00
2015.01.02 17:04:56.945,1.05263,1.0529,1.00,1.00
2015.01.02 17:04:57.198,1.0526,1.0529,1.50,1.00
2015.01.02 17:04:57.707,1.0526,1.0529,1.50,1.15
2015.01.02 17:04:58.425,1.0526,1.0529,1.00,1.00
2015.01.02 17:05:05.867,1.05259,1.05289,1.00,1.00
2015.01.02 17:05:06.075,1.05262,1.05289,1.00,1.00
2015.01.02 17:05:06.608,1.05263,1.05289,1.00,1.07
2015.01.02 17:05:07.196,1.05264,1.05289,1.00,1.07
2015.01.02 17:05:07.449,1.05266,1.05296,1.00,1.15
2015.01.02 17:05:07.551,1.05272,1.05296,1.00,1.00
2015.01.02 17:05:07.601,1.05272,1.05301,1.00,1.27
2015.01.02 17:05:07.703,1.05268,1.05295,1.00,1.07
2015.01.02 17:05:08.006,1.05268,1.05292,1.00,1.15
2015.01.02 17:05:08.158,1.05261,1.05289,1.50,1.00
2015.01.02 17:05:08.208,1.05261,1.05289,1.50,1.07
2015.01.02 17:05:08.511,1.05261,1.05285,1.00,1.00
2015.01.02 17:05:15.761,1.05262,1.05285,1.00,1.00
2015.01.02 17:05:16.806,1.05262,1.05286,1.00,1.00
2015.01.02 17:05:17.109,1.05262,1.05289,1.00,1.00
2015.01.02 17:05:17.211,1.05263,1.05291,1.00,1.12
2015.01.02 17:05:17.413,1.05266,1.05291,1.00,1.12
2015.01.02 17:05:17.948,1.05265,1.05291,1.00,1.37
2015.01.02 17:05:19.355,1.05264,1.05291,1.00,1.37
2015.01.02 17:05:19.992,1.05264,1.05289,1.00,1.00
2015.01.02 17:05:20.144,1.05261,1.05287,1.00,1.00
2015.01.02 17:05:20.195,1.05259,1.05283,1.50,1.00
2015.01.02 17:05:20.398,1.05257,1.05283,1.00,1.00
2015.01.02 17:05:21.316,1.05257,1.05283,1.00,1.37
2015.01.02 17:05:23.864,1.05255,1.05283,1.00,1.37
2015.01.02 17:05:24.939,1.05255,1.05283,1.00,1.37
2015.01.02 17:05:26.397,1.05257,1.05287,1.00,1.47
2015.01.02 17:05:26.944,1.05256,1.05284,1.00,1.37
2015.01.02 17:05:27.248,1.05258,1.05286,1.00,1.37
2015.01.02 17:05:27.350,1.05258,1.05286,1.00,1.37
2015.01.02 17:05:27.552,1.05258,1.05286,1.50,1.37
2015.01.02 17:05:27.855,1.05256,1.05284,1.00,1.37
2015.01.02 17:05:30.882,1.05256,1.05284,1.00,1.37
2015.01.02 17:05:41.185,1.05257,1.05285,1.00,1.37
2015.01.02 17:05:42.076,1.05257,1.05285,1.00,1.00
2015.01.02 17:05:42.280,1.05259,1.05287,1.00,1.00
2015.01.02 17:05:42.584,1.05263,1.05291,1.00,1.37
2015.01.02 17:05:44.060,1.05263,1.05291,1.00,1.37
2015.01.02 17:05:44.576,1.05264,1.05294,1.00,1.37
2015.01.02 17:05:45.839,1.05264,1.05294,1.00,1.37
2015.01.02 17:05:46.368,1.05263,1.05291,1.50,1.37
2015.01.02 17:05:48.355,1.05263,1.05291,1.50,1.12
2015.01.02 17:05:55.192,1.05265,1.05293,1.00,1.37
2015.01.02 17:06:01.137,1.05264,1.05292,1.00,1.12
2015.01.02 17:06:02.115,1.05266,1.05294,1.00,1.37
2015.01.02 17:06:02.419,1.05263,1.05293,1.50,1.37
2015.01.02 17:06:06.359,1.05266,1.05294,1.00,1.37
2015.01.02 17:06:06.662,1.05262,1.05292,2.25,1.12
2015.01.02 17:06:07.192,1.05263,1.05292,1.00,1.12
2015.01.02 17:06:10.754,1.05265,1.05293,1.00,1.37
2015.01.02 17:06:16.581,1.05266,1.05294,1.00,1.37
2015.01.02 17:06:19.807,1.05266,1.05294,1.00,1.00
2015.01.02 17:06:19.908,1.05269,1.05297,1.00,1.00
2015.01.02 17:06:20.211,1.05274,1.05304,1.00,1.45
2015.01.02 17:06:20.516,1.05271,1.05297,1.00,1.37
2015.01.02 17:06:20.567,1.05271,1.05297,1.00,1.00
2015.01.02 17:06:20.668,1.05272,1.053,1.00,1.12
2015.01.02 17:06:20.769,1.05272,1.05295,1.00,1.00
2015.01.02 17:06:21.072,1.05272,1.05292,1.00,1.00
2015.01.02 17:06:21.173,1.05267,1.05292,1.00,1.37
2015.01.02 17:06:21.375,1.05269,1.05289,1.00,1.37
2015.01.02 17:06:21.678,1.05268,1.05289,1.00,1.37
2015.01.02 17:06:26.634,1.05263,1.05289,1.00,1.37
2015.01.02 17:06:27.052,1.05263,1.05289,1.00,1.37
2015.01.02 17:06:27.204,1.05261,1.05289,1.00,1.87
2015.01.02 17:06:31.013,1.05261,1.05289,1.00,1.87
2015.01.02 17:06:36.444,1.05261,1.05289,1.00,1.87
2015.01.02 17:06:38.136,1.05259,1.05289,1.00,1.87
2015.01.02 17:06:38.713,1.05261,1.05289,1.00,1.12
2015.01.02 17:06:39.744,1.05256,1.05286,1.00,1.00
2015.01.02 17:06:40.933,1.05258,1.05288,1.00,1.15
2015.01.02 17:06:41.034,1.05256,1.05286,1.50,1.10
2015.01.02 17:06:41.861,1.05259,1.05287,1.00,1.00
2015.01.02 17:06:43.027,1.05256,1.05286,1.50,1.00
2015.01.02 17:06:43.128,1.05259,1.05289,1.00,1.50
2015.01.02 17:06:44.138,1.05263,1.05289,1.00,1.00
2015.01.02 17:06:44.390,1.05261,1.05289,1.00,1.00
2015.01.02 17:06:44.542,1.05265,1.0529,1.00,1.00
2015.01.02 17:06:44.744,1.05265,1.05294,1.00,1.00
2015.01.02 17:06:44.847,1.05262,1.05292,2.25,1.00
2015.01.02 17:06:44.897,1.05264,1.05292,1.00,1.00
2015.01.02 17:06:45.150,1.05262,1.05292,1.00,1.00
2015.01.02 17:06:45.675,1.05262,1.05289,1.00,1.00
2015.01.02 17:06:45.991,1.05264,1.05294,1.00,1.15
2015.01.02 17:06:46.042,1.05264,1.05294,1.00,1.00
2015.01.02 17:06:46.093,1.05263,1.0529,1.00,1.00
2015.01.02 17:06:46.194,1.05259,1.05289,1.50,1.50
2015.01.02 17:06:46.497,1.05257,1.05285,1.50,1.00
2015.01.02 17:06:46.598,1.05258,1.05288,1.00,1.00
2015.01.02 17:06:46.750,1.05256,1.05286,1.87,1.00
2015.01.02 17:06:47.053,1.05263,1.0529,1.00,1.00
2015.01.02 17:06:47.673,1.05262,1.0529,1.00,1.00
2015.01.02 17:06:49.163,1.05263,1.0529,1.00,1.00
2015.01.02 17:06:49.487,1.05265,1.0529,1.00,1.00
2015.01.02 17:06:51.698,1.05265,1.05294,1.00,1.00
2015.01.02 17:06:52.217,1.05264,1.05294,1.00,1.00
2015.01.02 17:06:53.299,1.05262,1.05292,1.50,1.00
2015.01.02 17:06:55.028,1.05263,1.05292,1.00,1.00
2015.01.02 17:06:55.782,1.05265,1.05293,1.00,1.00
2015.01.02 17:06:57.684,1.05265,1.05292,1.00,1.00
2015.01.02 17:06:58.192,1.05265,1.05293,1.50,1.00
2015.01.02 17:07:00.614,1.05267,1.05293,1.00,1.00
2015.01.02 17:07:00.715,1.05264,1.05293,1.00,1.00
2015.01.02 17:07:10.541,1.05267,1.05293,1.00,1.00
2015.01.02 17:07:10.822,1.05264,1.05292,1.50,1.37
2015.01.02 17:07:17.833,1.05265,1.05293,1.00,1.37
2015.01.02 17:07:21.832,1.05267,1.05293,1.00,1.37
2015.01.02 17:07:21.882,1.05267,1.05293,1.00,1.00
2015.01.02 17:07:33.926,1.05265,1.05293,1.00,1.20
2015.01.02 17:07:36.032,1.05267,1.05293,1.00,1.20
2015.01.02 17:07:42.900,1.05267,1.05293,1.37,1.00
2015.01.02 17:07:43.415,1.05268,1.05294,1.00,1.00
2015.01.02 17:07:43.618,1.05266,1.05294,1.00,1.00
2015.01.02 17:07:44.123,1.05266,1.05295,1.00,1.00
2015.01.02 17:07:47.245,1.05267,1.05295,1.00,1.00
2015.01.02 17:07:56.487,1.05265,1.05295,1.50,1.00
2015.01.02 17:08:08.748,1.05267,1.05295,1.00,1.00
2015.01.02 17:08:09.101,1.05269,1.05295,1.00,1.37
2015.01.02 17:08:09.203,1.05267,1.05294,1.00,1.12
2015.01.02 17:08:09.716,1.05267,1.05295,1.00,1.00
2015.01.02 17:08:10.072,1.05271,1.05295,1.00,1.00
2015.01.02 17:08:10.286,1.05271,1.05297,1.00,1.00
2015.01.02 17:08:10.619,1.05273,1.05297,1.00,1.00
2015.01.02 17:08:10.721,1.05271,1.05297,1.00,1.00
2015.01.02 17:08:10.822,1.05274,1.05297,1.00,1.00
2015.01.02 17:08:10.974,1.05272,1.05297,1.00,1.00
2015.01.02 17:08:11.182,1.05274,1.05297,1.00,1.00
2015.01.02 17:08:11.283,1.05271,1.05297,1.00,1.00
2015.01.02 17:08:16.358,1.05274,1.05297,1.00,1.00
2015.01.02 17:08:16.431,1.05272,1.05297,1.00,1.00
2015.01.02 17:08:16.954,1.05273,1.05297,1.00,1.00
2015.01.02 17:08:17.420,1.05271,1.05297,1.00,1.00
2015.01.02 17:08:17.682,1.05273,1.05297,1.00,1.00
2015.01.02 17:08:17.783,1.05271,1.05297,1.00,1.00
2015.01.02 17:08:17.885,1.05273,1.05297,1.00,1.00
2015.01.02 17:08:18.343,1.05271,1.05297,1.00,1.00
2015.01.02 17:08:18.444,1.05274,1.05297,1.00,1.00
2015.01.02 17:08:18.546,1.05272,1.05297,1.00,1.00
2015.01.02 17:08:19.008,1.05274,1.05297,1.00,1.00
2015.01.02 17:08:19.109,1.05272,1.05297,1.00,1.00
2015.01.02 17:08:19.614,1.05271,1.05297,1.00,1.00
2015.01.02 17:08:19.665,1.05274,1.05297,1.00,1.00
2015.01.02 17:08:19.766,1.05272,1.05297,1.00,1.00
2015.01.02 17:08:20.102,1.05274,1.05297,1.00,1.00
2015.01.02 17:08:20.203,1.05272,1.05297,1.00,1.00
2015.01.02 17:08:20.657,1.05274,1.05297,1.00,1.00
2015.01.02 17:08:20.707,1.05275,1.05303,1.00,1.00
2015.01.02 17:08:20.808,1.05272,1.05302,1.50,1.00
2015.01.02 17:08:20.859,1.05276,1.05302,1.00,1.00
2015.01.02 17:08:20.960,1.05273,1.05302,1.00,1.00
2015.01.02 17:08:21.112,1.05274,1.05299,1.00,1.10
2015.01.02 17:08:21.163,1.05271,1.05299,1.00,1.10
2015.01.02 17:08:21.668,1.05271,1.05299,1.00,1.17
2015.01.02 17:08:24.532,1.05269,1.05297,1.00,1.00
2015.01.02 17:08:35.509,1.05271,1.05297,1.00,1.00
2015.01.02 17:08:37.783,1.0527,1.05297,1.00,1.00
2015.01.02 17:08:38.980,1.05274,1.05302,1.00,1.07
2015.01.02 17:08:39.385,1.05276,1.05304,1.00,1.00
2015.01.02 17:08:43.179,1.05277,1.05304,1.00,1.00
2015.01.02 17:08:43.381,1.0528,1.05304,1.00,1.00
2015.01.02 17:08:43.583,1.05282,1.0531,1.00,1.00
2015.01.02 17:08:43.684,1.05285,1.05313,1.00,1.00
2015.01.02 17:08:43.994,1.05283,1.05308,1.00,1.00
2015.01.02 17:08:44.047,1.0528,1.05308,1.00,1.00
2015.01.02 17:08:44.098,1.05276,1.05306,1.50,1.00
2015.01.02 17:08:44.773,1.05276,1.05306,1.00,1.15
2015.01.02 17:08:45.278,1.05276,1.05302,1.00,1.00
2015.01.02 17:08:45.379,1.05271,1.05299,1.50,1.00
2015.01.02 17:08:45.480,1.05273,1.05299,1.00,1.00
2015.01.02 17:08:45.682,1.0528,1.05307,1.00,1.00
2015.01.02 17:08:46.187,1.05281,1.05307,1.00,1.00
2015.01.02 17:08:51.767,1.05279,1.05307,1.50,1.00
2015.01.02 17:08:58.352,1.05278,1.05307,1.00,1.00
2015.01.02 17:09:06.339,1.05278,1.05306,1.00,1.00
2015.01.02 17:09:07.429,1.05275,1.05301,1.00,1.00
2015.01.02 17:09:07.480,1.05273,1.05301,1.00,1.00
2015.01.02 17:09:07.581,1.05274,1.05303,1.00,1.00
2015.01.02 17:09:07.632,1.05271,1.05301,1.00,1.00
2015.01.02 17:09:21.762,1.0527,1.05298,1.00,1.00
2015.01.02 17:09:22.450,1.0527,1.05296,1.00,1.00
2015.01.02 17:09:22.589,1.0527,1.05298,1.00,1.50
2015.01.02 17:09:22.691,1.05266,1.05296,1.00,1.00
2015.01.02 17:09:30.090,1.05265,1.05293,1.00,1.00
2015.01.02 17:09:55.740,1.05265,1.05295,1.00,1.00
2015.01.02 17:09:58.005,1.05266,1.05295,1.00,1.00
2015.01.02 17:09:58.106,1.05266,1.05295,1.37,1.00
2015.01.02 17:09:58.359,1.05269,1.05297,1.87,1.00
2015.01.02 17:10:02.269,1.05269,1.05297,1.00,1.00
2015.01.02 17:10:06.099,1.05271,1.05299,1.00,1.00
2015.01.02 17:10:12.015,1.05272,1.053,1.00,1.00
2015.01.02 17:10:12.116,1.05268,1.05297,1.00,1.00
2015.01.02 17:10:12.218,1.05274,1.05298,1.00,1.00
2015.01.02 17:10:12.269,1.05274,1.05301,1.00,1.00
2015.01.02 17:10:12.522,1.05274,1.05304,1.50,1.00
2015.01.02 17:10:12.730,1.05277,1.05307,1.50,1.20
2015.01.02 17:10:17.573,1.05277,1.05304,1.00,1.00
2015.01.02 17:10:18.923,1.05276,1.05304,1.00,1.00
2015.01.02 17:10:18.974,1.05276,1.05306,1.00,1.00
2015.01.02 17:10:19.479,1.05277,1.05306,1.00,1.00
2015.01.02 17:10:19.983,1.05276,1.05306,1.50,1.00
2015.01.02 17:10:20.993,1.05276,1.05304,1.00,1.07
2015.01.02 17:10:21.044,1.05274,1.05302,1.00,1.10
2015.01.02 17:10:26.260,1.05276,1.05304,1.00,1.00
2015.01.02 17:10:26.564,1.05274,1.05302,1.00,1.00
2015.01.02 17:10:32.181,1.05271,1.05295,1.00,1.00
2015.01.02 17:10:32.707,1.0527,1.05295,1.00,1.00
2015.01.02 17:10:33.742,1.05272,1.05295,1.00,1.00
2015.01.02 17:10:33.851,1.0527,1.05295,1.50,1.00
2015.01.02 17:10:34.154,1.05272,1.05295,1.00,1.00
2015.01.02 17:10:34.307,1.0527,1.05295,1.50,1.00
2015.01.02 17:10:34.509,1.05272,1.05295,1.00,1.00
2015.01.02 17:10:34.813,1.0527,1.05295,1.50,1.00
2015.01.02 17:10:35.261,1.05272,1.05295,1.00,1.00
2015.01.02 17:10:35.363,1.0527,1.05295,1.50,1.00
2015.01.02 17:10:35.519,1.05272,1.05295,1.00,1.00
2015.01.02 17:10:35.931,1.0527,1.05295,1.50,1.00
2015.01.02 17:10:36.033,1.05272,1.05295,1.00,1.00
2015.01.02 17:10:36.680,1.05271,1.05295,1.00,1.00
2015.01.02 17:10:37.185,1.05272,1.05295,1.00,1.00
2015.01.02 17:10:37.236,1.05267,1.05295,1.00,1.00
2015.01.02 17:10:37.337,1.05265,1.05291,1.00,1.00
2015.01.02 17:10:37.590,1.05266,1.05294,1.00,1.00
2015.01.02 17:10:37.792,1.05264,1.05294,1.00,1.00
2015.01.02 17:10:40.625,1.05263,1.05293,1.65,1.00
2015.01.02 17:10:42.284,1.05264,1.05293,1.00,1.00
2015.01.02 17:10:44.059,1.05265,1.05295,1.00,1.00
2015.01.02 17:10:50.688,1.05265,1.05293,1.00,1.00
2015.01.02 17:10:51.558,1.05266,1.05293,1.00,1.00
2015.01.02 17:11:05.647,1.05271,1.05296,1.37,1.00
2015.01.02 17:11:05.849,1.05271,1.05299,1.37,1.00
2015.01.02 17:11:06.051,1.05273,1.05299,1.00,1.00
2015.01.02 17:11:06.563,1.05274,1.05299,1.00,1.00
2015.01.02 17:11:07.371,1.05273,1.05299,1.00,1.00
2015.01.02 17:11:11.343,1.05274,1.05299,1.00,1.00
2015.01.02 17:11:11.448,1.05274,1.05302,1.50,1.00
2015.01.02 17:11:11.549,1.05276,1.05305,1.00,1.00
2015.01.02 17:11:12.056,1.05275,1.05305,1.50,1.00
2015.01.02 17:11:12.564,1.05277,1.05305,1.00,1.00
2015.01.02 17:11:13.095,1.05276,1.05305,1.12,1.00
2015.01.02 17:11:15.852,1.05276,1.05305,1.37,1.00
2015.01.02 17:11:16.155,1.05279,1.05307,1.37,1.00
2015.01.02 17:11:19.399,1.05279,1.05307,1.37,1.00
2015.01.02 17:11:19.503,1.05279,1.05307,1.00,1.00
2015.01.02 17:11:21.007,1.05278,1.05305,1.00,1.00
2015.01.02 17:11:21.528,1.05277,1.05305,1.50,1.00
2015.01.02 17:11:22.085,1.05278,1.05306,1.00,1.50
2015.01.02 17:11:23.388,1.05276,1.05304,1.00,1.00
2015.01.02 17:11:25.070,1.05279,1.05304,1.00,1.00
2015.01.02 17:11:25.622,1.05276,1.05304,1.00,1.00
2015.01.02 17:11:28.905,1.05276,1.05301,1.00,1.00
2015.01.02 17:11:29.360,1.05272,1.05302,1.50,1.00
2015.01.02 17:11:29.613,1.05274,1.05302,1.00,1.00
2015.01.02 17:11:30.370,1.05276,1.05302,1.00,1.00
2015.01.02 17:11:30.723,1.05277,1.05304,1.00,1.00
2015.01.02 17:11:31.644,1.05277,1.05303,1.00,1.00
2015.01.02 17:11:31.846,1.05279,1.05307,1.00,1.00
2015.01.02 17:11:33.103,1.05281,1.05307,1.00,1.00
2015.01.02 17:11:33.205,1.05279,1.05307,1.00,1.00
2015.01.02 17:11:44.658,1.05279,1.05307,1.00,1.37
2015.01.02 17:11:44.768,1.05279,1.05307,1.00,1.00
2015.01.02 17:11:52.910,1.05278,1.05306,1.00,1.00
2015.01.02 17:12:00.635,1.05277,1.05307,1.00,1.50
2015.01.02 17:12:05.656,1.05277,1.05305,1.00,1.00
2015.01.02 17:12:05.959,1.05272,1.05302,1.00,1.65
2015.01.02 17:12:06.262,1.0527,1.05298,1.00,1.00
2015.01.02 17:12:23.568,1.05273,1.05301,1.00,1.10
2015.01.02 17:12:23.871,1.05275,1.05303,1.00,1.00
2015.01.02 17:12:25.275,1.05277,1.05307,1.00,1.50
2015.01.02 17:12:25.477,1.05281,1.05309,1.00,1.10
2015.01.02 17:12:28.795,1.05278,1.05304,1.00,1.00
2015.01.02 17:12:29.098,1.05276,1.05302,1.00,1.00
2015.01.02 17:12:29.149,1.05274,1.05302,1.50,1.00
2015.01.02 17:12:29.675,1.05275,1.05302,1.00,1.00
2015.01.02 17:12:30.600,1.05276,1.05304,1.00,1.00
2015.01.02 17:12:30.904,1.05278,1.05304,1.00,1.00
2015.01.02 17:12:31.005,1.05276,1.05304,1.00,1.00
2015.01.02 17:12:36.157,1.05276,1.053,1.00,1.00
2015.01.02 17:12:36.460,1.05274,1.05298,1.00,1.00
2015.01.02 17:12:36.778,1.05276,1.05298,1.00,1.00
2015.01.02 17:12:41.879,1.05278,1.05301,1.00,1.00
2015.01.02 17:12:41.981,1.05278,1.05304,1.00,1.00
2015.01.02 17:12:42.132,1.05275,1.05304,1.00,1.00
2015.01.02 17:12:42.183,1.05281,1.05305,1.00,1.00
2015.01.02 17:12:42.234,1.05281,1.05308,1.00,1.00
2015.01.02 17:12:42.335,1.05281,1.05311,1.00,1.50
2015.01.02 17:12:42.660,1.05284,1.05311,1.00,1.00
2015.01.02 17:12:45.848,1.05285,1.05311,1.00,1.00
2015.01.02 17:12:46.151,1.05285,1.05305,1.00,1.00
2015.01.02 17:12:46.201,1.05277,1.05305,1.50,1.00
2015.01.02 17:12:46.302,1.05277,1.05303,1.50,1.00
2015.01.02 17:12:46.555,1.05274,1.05302,1.00,1.50
2015.01.02 17:12:49.076,1.05276,1.05304,1.00,1.00
2015.01.02 17:12:49.177,1.05278,1.05308,1.00,1.50
2015.01.02 17:12:49.801,1.05279,1.05308,1.00,1.00
2015.01.02 17:12:50.609,1.05278,1.05308,1.00,1.00
2015.01.02 17:12:50.711,1.05276,1.05306,1.00,1.00
2015.01.02 17:12:51.014,1.05274,1.05302,1.00,1.00
2015.01.02 17:12:51.419,1.05277,1.05303,1.00,1.00
2015.01.02 17:12:51.469,1.05277,1.05305,1.00,1.00
2015.01.02 17:12:51.571,1.05279,1.05307,1.00,1.00
2015.01.02 17:12:51.888,1.05281,1.05309,1.00,1.00
2015.01.02 17:12:54.060,1.05281,1.05309,1.87,1.00
2015.01.02 17:13:00.331,1.05282,1.0531,1.37,1.00
2015.01.02 17:13:00.836,1.05285,1.05313,1.12,1.00
2015.01.02 17:13:07.470,1.05283,1.0531,1.37,1.00
2015.01.02 17:13:12.096,1.05284,1.0531,1.37,1.00
2015.01.02 17:13:15.410,1.05284,1.0531,1.37,1.00
2015.01.02 17:13:15.506,1.05284,1.0531,1.00,1.00
2015.01.02 17:13:20.935,1.05283,1.0531,1.00,1.00
2015.01.02 17:13:24.596,1.05283,1.05311,1.50,1.00
2015.01.02 17:13:39.839,1.05285,1.05311,1.00,1.00
2015.01.02 17:13:46.647,1.05284,1.05311,1.00,1.00
2015.01.02 17:13:53.084,1.05284,1.05312,1.00,1.00
2015.01.02 17:13:53.627,1.05284,1.05311,1.00,1.00
2015.01.02 17:14:00.966,1.05283,1.05311,1.50,1.00
2015.01.02 17:14:04.792,1.05285,1.05311,1.00,1.00
2015.01.02 17:14:04.944,1.05288,1.05318,1.00,1.50
2015.01.02 17:14:05.146,1.05292,1.0532,1.00,1.07
2015.01.02 17:14:05.651,1.05294,1.05324,1.00,1.00
2015.01.02 17:14:07.348,1.05292,1.0532,1.00,1.00
2015.01.02 17:14:12.234,1.05295,1.05323,1.00,1.00
2015.01.02 17:14:12.645,1.05295,1.05323,1.37,1.00
2015.01.02 17:14:12.746,1.053,1.05328,1.00,1.00
2015.01.02 17:14:12.949,1.05298,1.05328,1.00,1.50
2015.01.02 17:14:13.050,1.05297,1.05325,1.00,1.00
2015.01.02 17:14:16.007,1.05297,1.05324,1.00,1.00
2015.01.02 17:14:16.257,1.05293,1.05323,1.00,1.00
2015.01.02 17:14:16.460,1.05296,1.05324,1.00,1.00
2015.01.02 17:14:17.133,1.05296,1.0532,1.00,1.00
2015.01.02 17:14:17.681,1.05298,1.05322,1.00,1.00
2015.01.02 17:14:17.782,1.05296,1.05324,1.00,1.00
2015.01.02 17:14:17.884,1.05298,1.05324,1.00,1.00
2015.01.02 17:14:17.985,1.05298,1.05326,1.00,1.12
2015.01.02 17:14:18.581,1.05298,1.05327,1.00,1.00
2015.01.02 17:14:18.890,1.05298,1.05325,1.00,1.00
2015.01.02 17:14:19.092,1.05298,1.05328,1.00,1.00
2015.01.02 17:14:19.395,1.05299,1.0533,1.00,1.50
2015.01.02 17:14:19.497,1.05302,1.0533,1.00,1.50
2015.01.02 17:14:20.132,1.05302,1.05329,1.00,1.00
2015.01.02 17:14:20.637,1.05302,1.05328,1.00,1.00
2015.01.02 17:14:21.935,1.05302,1.05326,1.00,1.00
2015.01.02 17:14:22.288,1.053,1.05326,1.00,1.00
2015.01.02 17:14:22.389,1.053,1.05328,1.00,1.00
2015.01.02 17:14:22.490,1.05297,1.05327,1.00,1.00
2015.01.02 17:14:22.592,1.05301,1.05329,1.00,1.50
2015.01.02 17:14:23.118,1.053,1.05329,1.00,1.00
2015.01.02 17:14:23.819,1.053,1.05329,1.00,1.07
2015.01.02 17:14:24.123,1.053,1.05325,1.00,1.00
2015.01.02 17:14:24.174,1.05297,1.05325,1.00,1.10
2015.01.02 17:14:27.119,1.05297,1.05323,1.00,1.00
2015.01.02 17:14:27.220,1.05293,1.05321,1.00,1.00
2015.01.02 17:14:27.321,1.05293,1.05321,1.00,1.07
2015.01.02 17:14:27.422,1.05289,1.05319,1.00,1.20
2015.01.02 17:14:27.725,1.05288,1.05316,1.00,1.10
2015.01.02 17:14:27.826,1.05284,1.05314,1.00,1.00
2015.01.02 17:14:28.028,1.05284,1.05311,1.00,1.00
2015.01.02 17:14:28.129,1.0528,1.05308,1.00,1.50
2015.01.02 17:14:28.230,1.05284,1.05312,1.00,1.50
2015.01.02 17:14:28.432,1.0528,1.0531,1.17,1.00
2015.01.02 17:14:28.787,1.05281,1.05308,1.00,1.00
2015.01.02 17:14:30.430,1.05278,1.05306,1.00,1.00
2015.01.02 17:14:30.532,1.0528,1.0531,1.00,1.00
2015.01.02 17:14:30.633,1.05283,1.05311,1.00,1.10
2015.01.02 17:14:30.936,1.05281,1.05309,1.00,1.00
2015.01.02 17:14:31.336,1.05278,1.05306,1.07,1.00
2015.01.02 17:14:33.531,1.05277,1.05307,1.10,1.50
2015.01.02 17:14:33.632,1.05278,1.05304,1.00,1.10
2015.01.02 17:14:33.834,1.05272,1.05299,1.50,1.00
2015.01.02 17:14:33.936,1.05275,1.05302,1.00,1.00
2015.01.02 17:14:34.956,1.05275,1.05303,1.00,1.00
2015.01.02 17:14:35.057,1.05273,1.05303,1.00,1.50
2015.01.02 17:14:35.717,1.05273,1.05303,1.07,1.00
2015.01.02 17:14:37.459,1.05276,1.05304,1.00,1.00
2015.01.02 17:14:38.268,1.05273,1.05303,1.10,1.00
2015.01.02 17:14:42.552,1.05275,1.05305,1.00,1.10
2015.01.02 17:14:42.967,1.05279,1.05307,1.00,1.00
2015.01.02 17:14:43.843,1.0528,1.05308,1.07,1.00
2015.01.02 17:14:44.347,1.05281,1.0531,1.10,1.00
2015.01.02 17:14:44.967,1.05281,1.05311,1.10,1.00
2015.01.02 17:15:24.466,1.05281,1.05309,1.00,1.00
2015.01.02 17:15:24.567,1.05278,1.05307,1.50,1.00
2015.01.02 17:15:24.870,1.05275,1.05305,1.50,1.00
2015.01.02 17:15:25.407,1.05276,1.05305,1.00,1.00
2015.01.02 17:15:28.074,1.05286,1.05309,1.00,1.20
2015.01.02 17:15:28.276,1.05286,1.05315,1.00,1.15
2015.01.02 17:15:28.478,1.05282,1.05309,1.00,1.00
2015.01.02 17:15:28.680,1.05275,1.05306,1.10,1.00
2015.01.02 17:15:28.732,1.05275,1.05303,1.00,1.00
2015.01.02 17:15:29.318,1.05274,1.05302,1.00,1.00
2015.01.02 17:15:36.310,1.05272,1.05302,1.00,1.00
2015.01.02 17:15:36.462,1.05273,1.05302,1.07,1.00
2015.01.02 17:15:36.817,1.05278,1.05306,1.00,1.07
2015.01.02 17:15:36.868,1.05278,1.05306,1.00,1.50
2015.01.02 17:15:37.407,1.05278,1.05305,1.00,1.00
2015.01.02 17:15:38.891,1.05274,1.05304,1.10,1.00
2015.01.02 17:15:39.053,1.05274,1.05302,1.00,1.00
2015.01.02 17:15:39.557,1.05273,1.05301,1.00,1.00
2015.01.02 17:15:41.727,1.05275,1.05302,1.00,1.00
2015.01.02 17:15:41.929,1.05272,1.053,1.10,1.00
2015.01.02 17:15:42.232,1.05274,1.053,1.00,1.00
2015.01.02 17:15:42.283,1.05274,1.05303,1.00,1.17
2015.01.02 17:15:42.485,1.05274,1.053,1.00,1.00
2015.01.02 17:15:42.536,1.05272,1.053,1.00,1.00
2015.01.02 17:15:44.136,1.05272,1.05302,1.10,1.00
2015.01.02 17:15:44.244,1.05274,1.05303,1.00,1.00
2015.01.02 17:15:45.361,1.05274,1.05302,1.00,1.00
2015.01.02 17:15:45.878,1.05274,1.05301,1.00,1.00
2015.01.02 17:15:46.191,1.05272,1.05299,1.10,1.00
2015.01.02 17:15:51.567,1.05273,1.05299,1.00,1.00
2015.01.02 17:15:51.618,1.05273,1.05303,1.00,1.50
2015.01.02 17:15:55.324,1.05273,1.05299,1.00,1.00
2015.01.02 17:15:58.276,1.05271,1.05299,1.10,1.00
2015.01.02 17:15:58.429,1.05271,1.05301,1.00,1.10
2015.01.02 17:15:58.480,1.0527,1.05299,1.00,1.00
2015.01.02 17:15:59.001,1.05269,1.05299,1.10,1.00
2015.01.02 17:16:00.237,1.05271,1.05301,1.00,1.57
2015.01.02 17:16:00.540,1.05269,1.05297,1.10,1.00
2015.01.02 17:16:05.597,1.05268,1.05296,1.00,1.00
2015.01.02 17:16:05.987,1.05271,1.05299,1.00,1.00
2015.01.02 17:16:07.140,1.05271,1.05299,1.00,1.07
2015.01.02 17:16:07.393,1.05268,1.05296,1.00,1.00
2015.01.02 17:16:16.416,1.05269,1.05297,1.00,1.00
2015.01.02 17:16:17.337,1.05272,1.053,1.00,1.10
2015.01.02 17:16:18.716,1.0527,1.05298,1.00,1.00
2015.01.02 17:16:33.440,1.05271,1.05299,1.00,1.00
2015.01.02 17:16:33.945,1.05268,1.05296,1.10,1.00
2015.01.02 17:16:34.249,1.05262,1.05292,1.00,1.00
2015.01.02 17:16:39.465,1.05262,1.0529,1.00,1.00
2015.01.02 17:16:44.294,1.0526,1.05288,1.00,1.07
2015.01.02 17:16:44.596,1.05257,1.05285,1.00,1.15
2015.01.02 17:16:46.141,1.05257,1.05285,1.00,1.00
2015.01.02 17:16:46.977,1.05257,1.05284,1.50,1.00
2015.01.02 17:16:47.078,1.05254,1.05282,1.57,1.00
2015.01.02 17:16:52.888,1.05256,1.05282,1.00,1.00
2015.01.02 17:16:54.074,1.05256,1.05284,1.00,1.17
2015.01.02 17:16:55.952,1.05255,1.05284,1.00,1.17
2015.01.02 17:16:56.255,1.05251,1.05281,1.00,1.17
2015.01.02 17:16:56.715,1.05254,1.05284,1.00,1.15
2015.01.02 17:16:56.765,1.05254,1.05284,1.00,1.17
2015.01.02 17:16:58.986,1.05251,1.05278,1.00,1.00
2015.01.02 17:16:59.087,1.05252,1.0528,1.00,1.10
2015.01.02 17:16:59.189,1.05254,1.05284,1.00,1.15
2015.01.02 17:16:59.239,1.05254,1.05284,1.10,1.00
2015.01.02 17:16:59.442,1.05254,1.05284,2.02,1.00
2015.01.02 17:16:59.594,1.05261,1.0529,1.00,1.10
2015.01.02 17:16:59.746,1.05261,1.05291,1.00,1.15
2015.01.02 17:16:59.847,1.05261,1.05291,1.00,1.65
2015.01.02 17:16:59.898,1.05259,1.05289,1.00,1.50
2015.01.02 17:16:59.948,1.05259,1.05289,1.00,1.65
2015.01.02 17:16:59.999,1.05255,1.05289,1.50,1.65
2015.01.02 17:17:00.523,1.05256,1.05284,1.00,1.00
2015.01.02 17:17:05.883,1.05257,1.05284,1.00,1.00
2015.01.02 17:17:09.926,1.05257,1.05285,1.50,1.10
2015.01.02 17:17:24.393,1.05255,1.05283,1.00,1.00
2015.01.02 17:17:24.923,1.05256,1.05284,1.00,1.07
2015.01.02 17:17:29.107,1.05256,1.05284,1.50,1.00
2015.01.02 17:17:29.721,1.05256,1.05284,1.50,1.17
2015.01.02 17:17:30.023,1.05256,1.05284,1.50,1.15
2015.01.02 17:17:30.530,1.05255,1.05283,1.00,1.15
2015.01.02 17:17:31.575,1.05254,1.05281,1.00,1.17
2015.01.02 17:17:31.879,1.05257,1.05283,1.00,1.00
2015.01.02 17:17:33.083,1.05259,1.05283,1.00,1.00
2015.01.02 17:17:33.235,1.05259,1.05286,1.00,1.00
2015.01.02 17:17:33.286,1.05263,1.05286,1.00,1.00
2015.01.02 17:17:33.640,1.05258,1.05286,1.00,1.20
2015.01.02 17:17:33.792,1.05255,1.05285,1.50,1.00
2015.01.02 17:17:39.305,1.05256,1.05286,1.00,1.17
2015.01.02 17:17:45.937,1.05255,1.05283,1.50,1.00
2015.01.02 17:17:50.019,1.05252,1.05282,1.00,1.00
2015.01.02 17:17:51.835,1.05255,1.05283,1.00,1.00
2015.01.02 17:17:58.394,1.05255,1.05284,1.00,1.00
2015.01.02 17:18:07.582,1.05254,1.05284,1.00,1.00
2015.01.02 17:18:12.808,1.05255,1.05285,1.00,1.10
2015.01.02 17:18:14.088,1.05255,1.05285,1.87,1.00
2015.01.02 17:18:17.945,1.05255,1.05285,1.87,1.17
2015.01.02 17:18:18.472,1.05255,1.05285,1.00,1.65
2015.01.02 17:18:19.536,1.05255,1.05285,1.00,1.65
2015.01.02 17:18:21.015,1.05254,1.05282,1.00,1.10
2015.01.02 17:18:23.926,1.05252,1.0528,1.00,1.07
2015.01.02 17:18:23.976,1.0525,1.0528,1.00,1.15
2015.01.02 17:18:26.772,1.0525,1.0528,1.00,1.10
2015.01.02 17:18:29.816,1.05253,1.05281,1.00,1.00
2015.01.02 17:18:34.963,1.05258,1.05286,1.00,1.10
2015.01.02 17:18:35.367,1.05262,1.0529,1.00,1.00
2015.01.02 17:18:35.670,1.05265,1.05291,1.00,1.00
2015.01.02 17:18:35.772,1.0526,1.05288,1.00,1.00
2015.01.02 17:18:36.074,1.0526,1.05288,1.00,1.65
2015.01.02 17:18:36.175,1.05257,1.05285,1.00,1.20
2015.01.02 17:18:42.461,1.05255,1.05285,1.00,1.20
2015.01.02 17:18:52.176,1.05257,1.05285,1.00,1.20
2015.01.02 17:18:53.081,1.05257,1.05285,1.00,1.15
2015.01.02 17:18:53.502,1.05255,1.05282,1.00,1.07
2015.01.02 17:18:54.012,1.05254,1.05282,1.00,1.07
2015.01.02 17:19:02.965,1.05255,1.05284,1.00,1.10
2015.01.02 17:19:03.631,1.05254,1.05284,1.00,1.10
2015.01.02 17:19:16.576,1.05255,1.05284,1.00,1.10
2015.01.02 17:19:16.627,1.05255,1.05282,1.00,1.00
2015.01.02 17:19:17.133,1.05254,1.05282,1.00,1.00
2015.01.02 17:19:26.452,1.05255,1.05283,1.00,1.00
2015.01.02 17:19:57.176,1.05258,1.05286,1.00,1.15
2015.01.02 17:20:00.693,1.05256,1.05284,1.00,1.17
2015.01.02 17:20:03.137,1.05256,1.05284,1.00,1.10
2015.01.02 17:20:15.603,1.05253,1.05285,1.37,1.07
2015.01.02 17:20:15.704,1.05253,1.05278,1.37,1.10
2015.01.02 17:20:15.856,1.05251,1.05278,1.00,1.10
2015.01.02 17:20:15.907,1.05251,1.05275,1.00,1.00
2015.01.02 17:20:16.210,1.05247,1.05275,1.50,1.15
2015.01.02 17:20:16.513,1.05249,1.05275,1.00,1.15
2015.01.02 17:20:18.875,1.05249,1.05275,1.00,1.15
2015.01.02 17:20:19.128,1.05245,1.05273,1.00,1.10
2015.01.02 17:20:19.229,1.0525,1.05276,1.00,1.00
2015.01.02 17:20:19.747,1.0525,1.05278,1.00,1.17
2015.01.02 17:20:23.165,1.05254,1.05279,1.00,1.15
2015.01.02 17:20:24.876,1.05254,1.05282,1.00,1.65
2015.01.02 17:20:24.927,1.05254,1.05282,1.00,1.65
2015.01.02 17:20:24.978,1.05254,1.05282,1.00,1.65
2015.01.02 17:20:26.054,1.05254,1.05282,1.00,1.65
2015.01.02 17:20:27.229,1.05254,1.05282,1.00,1.57
2015.01.02 17:20:27.381,1.05256,1.05282,1.00,1.10
2015.01.02 17:20:28.940,1.05258,1.05287,1.00,1.15
2015.01.02 17:20:29.243,1.05262,1.05287,1.00,1.15
2015.01.02 17:20:39.548,1.05262,1.0529,1.00,1.15
2015.01.02 17:20:59.565,1.05262,1.0529,1.00,1.65
2015.01.02 17:21:02.325,1.05263,1.0529,1.00,1.15
2015.01.02 17:21:02.477,1.05264,1.05294,1.00,1.65
2015.01.02 17:21:13.895,1.05266,1.05292,1.00,1.07
2015.01.02 17:21:13.996,1.05266,1.05292,1.00,1.00
2015.01.02 17:21:20.136,1.05266,1.05292,1.00,1.07
2015.01.02 17:21:20.187,1.05264,1.05292,1.00,1.15
2015.01.02 17:21:21.563,1.05266,1.05293,1.00,1.15
2015.01.02 17:21:21.665,1.05268,1.05296,1.37,1.00
2015.01.02 17:21:21.766,1.05272,1.05299,1.00,1.00
2015.01.02 17:21:21.868,1.05273,1.05301,1.00,1.10
2015.01.02 17:21:21.969,1.05271,1.05299,1.00,1.10
2015.01.02 17:21:28.662,1.05269,1.05297,1.00,1.00
2015.01.02 17:21:29.172,1.05267,1.05295,2.25,1.00
2015.01.02 17:21:49.944,1.05268,1.05296,1.00,1.00
2015.01.02 17:21:57.074,1.05269,1.05297,1.00,1.00
2015.01.02 17:22:04.091,1.05273,1.05301,1.00,1.07
2015.01.02 17:22:04.343,1.05275,1.05303,1.00,1.10
2015.01.02 17:22:04.747,1.05275,1.05303,1.50,1.15
2015.01.02 17:22:16.570,1.05276,1.05303,1.00,1.15
2015.01.02 17:22:18.140,1.05275,1.05303,1.00,1.15
2015.01.02 17:22:18.644,1.05275,1.05303,1.00,1.10
2015.01.02 17:22:18.745,1.05277,1.05303,1.00,1.10
2015.01.02 17:22:34.856,1.05277,1.05297,1.00,1.00
2015.01.02 17:22:34.907,1.05272,1.05297,1.00,1.00
2015.01.02 17:22:35.330,1.0527,1.05297,1.00,1.00
2015.01.02 17:22:35.855,1.05271,1.05297,1.00,1.00
2015.01.02 17:22:36.113,1.05274,1.05297,1.00,1.00
2015.01.02 17:22:36.164,1.05274,1.053,1.00,1.00
2015.01.02 17:22:44.892,1.05274,1.05302,1.00,1.00
2015.01.02 17:22:45.397,1.05275,1.05303,1.20,1.00
2015.01.02 17:22:45.599,1.0527,1.053,1.10,1.00
2015.01.02 17:22:46.104,1.0527,1.053,1.00,1.65
2015.01.02 17:22:46.608,1.0527,1.053,1.10,1.00
2015.01.02 17:22:48.680,1.0527,1.053,2.32,1.00
2015.01.02 17:22:48.832,1.05273,1.05303,1.20,1.00
2015.01.02 17:23:07.437,1.05273,1.05303,1.10,1.07
2015.01.02 17:23:09.801,1.05273,1.05303,1.37,1.07
2015.01.02 17:23:09.952,1.05275,1.05305,1.07,1.00
2015.01.02 17:23:10.104,1.05275,1.05305,1.00,1.10
2015.01.02 17:23:10.256,1.05273,1.05303,1.57,1.00
2015.01.02 17:23:11.788,1.05273,1.05303,1.50,1.00
2015.01.02 17:23:15.467,1.05272,1.05302,1.00,1.00
2015.01.02 17:23:17.306,1.05272,1.05302,1.00,1.15
2015.01.02 17:23:19.163,1.05272,1.05302,1.00,1.07
2015.01.02 17:23:19.689,1.05272,1.05302,1.00,1.00
2015.01.02 17:23:20.907,1.05272,1.053,1.00,1.00
2015.01.02 17:23:26.367,1.05273,1.053,1.00,1.00
2015.01.02 17:23:26.519,1.05274,1.05302,1.00,1.00
2015.01.02 17:23:32.137,1.05275,1.05302,1.00,1.00
2015.01.02 17:23:33.156,1.05274,1.05302,1.00,1.00
2015.01.02 17:23:33.358,1.05277,1.05302,1.00,1.00
2015.01.02 17:23:38.299,1.05278,1.05302,1.00,1.00
2015.01.02 17:23:42.166,1.05275,1.05302,1.00,1.00
2015.01.02 17:23:42.685,1.05276,1.05302,1.00,1.00
2015.01.02 17:23:43.046,1.05278,1.05302,1.00,1.00
2015.01.02 17:23:46.154,1.05278,1.05303,1.00,1.20
2015.01.02 17:23:46.356,1.05278,1.05306,1.00,1.10
2015.01.02 17:23:54.920,1.05278,1.05306,1.00,1.07
2015.01.02 17:24:05.379,1.05278,1.05306,1.00,1.20
2015.01.02 17:24:05.581,1.05282,1.0531,1.00,1.00
2015.01.02 17:24:05.887,1.0528,1.05308,1.00,1.10
2015.01.02 17:24:07.427,1.0528,1.05308,1.50,1.17
2015.01.02 17:24:07.730,1.0528,1.05308,1.50,1.15
2015.01.02 17:24:09.790,1.05282,1.05308,1.00,1.15
2015.01.02 17:24:10.347,1.0528,1.05308,1.00,1.15
2015.01.02 17:24:12.617,1.05279,1.05303,1.00,1.07
2015.01.02 17:24:12.720,1.05274,1.05301,1.00,1.10
2015.01.02 17:24:12.923,1.05274,1.05304,1.17,1.50
2015.01.02 17:24:13.596,1.05277,1.05307,1.10,1.00
2015.01.02 17:24:13.697,1.05281,1.05309,1.00,1.00
2015.01.02 17:24:14.203,1.0528,1.05308,1.00,1.00
2015.01.02 17:24:14.406,1.05276,1.05306,1.00,1.00
2015.01.02 17:24:14.987,1.05276,1.05306,1.50,1.17
2015.01.02 17:24:17.677,1.05279,1.05306,1.00,1.17
2015.01.02 17:24:18.016,1.05277,1.05306,1.00,1.17
2015.01.02 17:24:20.576,1.05276,1.05306,1.50,1.00
2015.01.02 17:24:24.238,1.05276,1.05304,1.00,1.00
2015.01.02 17:24:35.181,1.05277,1.05305,1.00,1.00
2015.01.02 17:24:36.068,1.05278,1.05308,1.00,1.17
2015.01.02 17:24:37.419,1.05278,1.05308,1.00,1.00
2015.01.02 17:24:37.470,1.05282,1.05312,1.00,1.07
2015.01.02 17:24:37.976,1.05282,1.05312,1.00,1.00
2015.01.02 17:24:40.298,1.05285,1.05315,1.00,1.20
2015.01.02 17:24:42.309,1.05289,1.05317,1.00,1.07
2015.01.02 17:24:42.360,1.05289,1.05317,1.00,1.00
2015.01.02 17:24:42.411,1.05304,1.05327,1.00,2.32
2015.01.02 17:24:42.461,1.05304,1.05332,1.00,2.02
2015.01.02 17:24:42.512,1.05299,1.05333,1.10,1.65
2015.01.02 17:24:42.563,1.05299,1.05333,1.10,1.65
2015.01.02 17:24:42.614,1.053,1.0533,1.00,1.07
2015.01.02 17:24:46.222,1.053,1.0533,1.10,1.10
2015.01.02 17:24:46.526,1.05307,1.05332,1.00,1.00
2015.01.02 17:24:47.252,1.05303,1.05332,1.10,1.00
2015.01.02 17:24:47.353,1.05307,1.05332,1.00,1.00
2015.01.02 17:24:49.636,1.05304,1.05332,1.00,1.00
2015.01.02 17:24:50.157,1.05305,1.05332,1.00,1.00
2015.01.02 17:24:54.509,1.05304,1.05332,1.00,1.00
2015.01.02 17:24:55.273,1.05305,1.05332,1.00,1.00
2015.01.02 17:24:57.330,1.05305,1.05332,1.00,1.07
2015.01.02 17:25:02.845,1.05304,1.05332,1.00,1.17
2015.01.02 17:25:05.480,1.05303,1.05332,1.00,1.17
2015.01.02 17:25:05.984,1.05304,1.05332,1.00,1.17
2015.01.02 17:25:08.853,1.05304,1.05332,1.00,1.10
2015.01.02 17:25:09.358,1.05304,1.05333,1.10,1.00
2015.01.02 17:25:10.777,1.05303,1.05333,1.57,1.07
2015.01.02 17:25:16.864,1.05303,1.05331,1.00,1.00
2015.01.02 17:25:21.850,1.05302,1.05331,1.00,1.65
2015.01.02 17:25:22.001,1.05302,1.05331,1.00,1.57
2015.01.02 17:25:22.578,1.05301,1.05331,1.50,1.17
2015.01.02 17:25:23.089,1.05301,1.05328,1.00,1.00
2015.01.02 17:25:23.800,1.05302,1.0533,1.00,1.07
2015.01.02 17:25:24.407,1.05301,1.05328,1.00,1.00
2015.01.02 17:25:26.803,1.05301,1.05328,1.07,1.00
2015.01.02 17:25:27.006,1.05308,1.05334,1.00,1.00
2015.01.02 17:25:27.107,1.05309,1.05337,1.10,1.00
2015.01.02 17:25:28.514,1.05308,1.05337,1.00,1.15
2015.01.02 17:25:28.615,1.05306,1.05337,1.00,1.15
2015.01.02 17:25:29.939,1.05308,1.05333,1.00,1.00
2015.01.02 17:25:36.106,1.05304,1.05333,1.15,1.00
2015.01.02 17:25:36.207,1.05304,1.05329,1.15,1.00
2015.01.02 17:25:36.545,1.05304,1.05325,1.00,1.00
2015.01.02 17:25:39.715,1.05304,1.05324,1.00,1.00
2015.01.02 17:25:40.119,1.05301,1.05324,1.00,1.00
2015.01.02 17:25:40.270,1.05301,1.05322,1.00,1.00
2015.01.02 17:25:41.925,1.05301,1.0532,1.00,1.00
2015.01.02 17:25:42.428,1.05301,1.05319,1.00,1.00
2015.01.02 17:25:42.907,1.05301,1.05317,1.00,1.00
2015.01.02 17:25:46.808,1.05298,1.05317,1.00,1.00
2015.01.02 17:25:46.910,1.05296,1.05317,1.00,1.00
2015.01.02 17:25:46.961,1.05296,1.05315,1.00,1.00
2015.01.02 17:25:47.265,1.05299,1.05316,1.12,1.00
2015.01.02 17:25:47.417,1.05301,1.0532,1.00,1.00
2015.01.02 17:25:47.940,1.05301,1.05321,1.00,1.00
2015.01.02 17:25:48.091,1.05301,1.05319,1.00,1.00
2015.01.02 17:25:49.038,1.05301,1.0532,1.00,1.00
2015.01.02 17:25:54.434,1.05301,1.05319,1.00,1.00
2015.01.02 17:25:57.175,1.05301,1.05318,1.00,1.00
2015.01.02 17:26:03.788,1.05298,1.05318,1.17,1.00
2015.01.02 17:26:03.889,1.05298,1.05316,1.00,1.00
2015.01.02 17:26:04.394,1.05298,1.05315,1.00,1.00
2015.01.02 17:26:09.256,1.05293,1.05315,1.00,1.00
2015.01.02 17:26:09.358,1.0529,1.05314,1.10,1.00
2015.01.02 17:26:09.409,1.0529,1.05303,1.00,1.00
2015.01.02 17:26:09.460,1.05287,1.05303,1.00,1.00
2015.01.02 17:26:09.864,1.05287,1.05305,1.00,1.00
2015.01.02 17:26:10.167,1.05291,1.05309,1.00,1.00
2015.01.02 17:26:10.471,1.05291,1.05311,1.17,1.00
2015.01.02 17:26:10.521,1.05291,1.0531,1.00,1.00
2015.01.02 17:26:10.623,1.05288,1.0531,1.00,1.00
2015.01.02 17:26:10.674,1.05285,1.0531,1.07,1.00
2015.01.02 17:26:10.725,1.05285,1.05305,1.00,1.00
2015.01.02 17:26:10.827,1.05285,1.05309,1.00,1.00
2015.01.02 17:26:10.878,1.05288,1.05309,1.00,1.00
2015.01.02 17:26:10.929,1.05288,1.05313,1.00,1.00
2015.01.02 17:26:11.030,1.05288,1.05313,1.15,1.00
2015.01.02 17:26:11.182,1.05288,1.05318,1.15,1.00
2015.01.02 17:26:11.384,1.05289,1.0532,1.15,1.50
2015.01.02 17:26:11.940,1.05292,1.05318,1.17,1.00
2015.01.02 17:26:12.243,1.05292,1.05313,1.00,1.00
2015.01.02 17:26:13.809,1.05292,1.05312,1.00,1.00
2015.01.02 17:26:13.910,1.05286,1.05312,1.17,1.00
2015.01.02 17:26:16.365,1.05286,1.0531,1.17,1.00
2015.01.02 17:26:16.903,1.05286,1.0531,1.00,1.00
2015.01.02 17:26:17.457,1.05286,1.05312,1.00,1.00
2015.01.02 17:26:22.950,1.05286,1.0531,1.20,1.00
2015.01.02 17:26:30.931,1.05284,1.0531,1.10,1.00
2015.01.02 17:26:33.737,1.05284,1.05309,1.00,1.00
2015.01.02 17:26:37.003,1.05288,1.05309,1.07,1.00
2015.01.02 17:26:37.155,1.0529,1.05317,1.00,1.00
2015.01.02 17:26:37.256,1.0529,1.05314,1.00,1.00
2015.01.02 17:26:37.458,1.0529,1.05317,1.00,1.10
2015.01.02 17:26:37.914,1.0529,1.05315,1.00,1.00
2015.01.02 17:26:39.145,1.0529,1.05315,1.00,1.17
2015.01.02 17:26:41.112,1.05289,1.05315,1.00,1.17
2015.01.02 17:26:41.365,1.05285,1.05312,1.00,1.17
2015.01.02 17:26:41.416,1.05285,1.05307,1.00,1.00
2015.01.02 17:26:41.517,1.05285,1.05309,1.00,1.00
2015.01.02 17:26:41.618,1.05281,1.05309,1.50,1.00
2015.01.02 17:26:41.719,1.05285,1.05309,1.00,1.00
2015.01.02 17:26:42.072,1.05285,1.05311,1.00,1.00
2015.01.02 17:26:42.590,1.05285,1.0531,1.00,1.00
2015.01.02 17:26:56.684,1.05285,1.05312,1.00,1.00
2015.01.02 17:26:56.936,1.05286,1.0531,1.00,1.00
2015.01.02 17:27:04.592,1.05288,1.0531,1.00,1.00
2015.01.02 17:27:04.643,1.05288,1.05313,1.00,1.00
2015.01.02 17:27:05.053,1.05289,1.05315,1.00,1.00
2015.01.02 17:27:10.878,1.05289,1.05317,1.00,1.00
2015.01.02 17:27:11.131,1.0529,1.05317,1.57,1.00
2015.01.02 17:27:11.232,1.05293,1.0532,1.12,1.00
2015.01.02 17:27:11.383,1.05295,1.0532,1.00,1.00
2015.01.02 17:27:19.285,1.05294,1.0532,1.00,1.00
2015.01.02 17:27:20.844,1.05293,1.05319,1.00,1.00
2015.01.02 17:27:23.929,1.05294,1.05319,1.00,1.00
2015.01.02 17:27:24.439,1.05294,1.05318,1.00,1.00
2015.01.02 17:27:29.395,1.05294,1.05316,1.00,1.00
2015.01.02 17:27:30.242,1.0529,1.05316,1.00,1.00
2015.01.02 17:27:30.343,1.05288,1.05314,1.00,1.10
2015.01.02 17:27:30.445,1.05284,1.05311,1.00,1.00
2015.01.02 17:27:30.596,1.05284,1.05308,1.00,1.00
2015.01.02 17:27:37.734,1.05284,1.05309,1.00,1.00
2015.01.02 17:27:37.937,1.05279,1.05305,1.00,1.00
2015.01.02 17:27:38.088,1.05278,1.05303,1.00,1.00
2015.01.02 17:27:38.593,1.05277,1.05304,1.00,1.00
2015.01.02 17:27:38.845,1.05279,1.05307,1.00,1.50
2015.01.02 17:27:39.148,1.05277,1.05305,1.00,1.00
2015.01.02 17:27:39.451,1.05277,1.05299,1.00,1.00
2015.01.02 17:27:40.619,1.05277,1.05297,1.00,1.00
2015.01.02 17:27:40.670,1.05274,1.05297,1.00,1.00
2015.01.02 17:27:40.771,1.05271,1.05297,1.00,1.10
2015.01.02 17:27:40.973,1.05269,1.05296,1.20,1.00
2015.01.02 17:27:41.074,1.05271,1.05296,1.00,1.00
2015.01.02 17:27:41.125,1.05271,1.053,1.00,1.00
2015.01.02 17:27:41.391,1.05271,1.05297,1.00,1.00
2015.01.02 17:27:47.675,1.0527,1.05297,1.00,1.20
2015.01.02 17:27:47.877,1.05266,1.05295,1.00,1.00
2015.01.02 17:27:47.979,1.05269,1.05297,1.00,1.00
2015.01.02 17:27:51.403,1.05269,1.05297,1.07,1.00
2015.01.02 17:27:54.059,1.05271,1.053,1.00,1.00
2015.01.02 17:27:54.110,1.05271,1.053,1.17,1.00
2015.01.02 17:27:54.363,1.05278,1.05306,1.00,1.00
2015.01.02 17:27:55.238,1.05278,1.05305,1.00,1.00
2015.01.02 17:27:55.755,1.05278,1.05306,1.00,1.00
2015.01.02 17:27:56.404,1.05282,1.05307,1.00,1.00
2015.01.02 17:27:56.455,1.05282,1.05312,1.12,1.07
2015.01.02 17:27:56.556,1.05282,1.05312,1.37,1.00
2015.01.02 17:27:56.859,1.05289,1.05317,1.00,1.65
2015.01.02 17:27:58.231,1.05289,1.05317,1.00,1.00
2015.01.02 17:27:58.433,1.05289,1.05317,1.00,1.57
2015.01.02 17:27:59.093,1.05287,1.05315,1.00,1.10
2015.01.02 17:27:59.894,1.05283,1.05311,1.57,1.00
2015.01.02 17:28:11.744,1.05283,1.05309,1.00,1.00
2015.01.02 17:28:11.970,1.05283,1.05311,1.00,1.00
2015.01.02 17:28:17.437,1.05284,1.0531,1.00,1.00
2015.01.02 17:28:17.792,1.05284,1.05307,1.00,1.00
2015.01.02 17:28:17.843,1.0528,1.05307,1.00,1.00
2015.01.02 17:28:17.945,1.05284,1.05307,1.00,1.00
2015.01.02 17:28:18.096,1.05284,1.05309,1.00,1.00
2015.01.02 17:28:18.198,1.05284,1.05312,1.00,1.00
2015.01.02 17:28:18.450,1.05285,1.05315,1.00,1.10
2015.01.02 17:28:18.602,1.05287,1.05315,1.00,1.10
2015.01.02 17:28:18.956,1.05283,1.05313,1.07,1.07
2015.01.02 17:28:19.007,1.05283,1.05311,1.00,1.00
2015.01.02 17:28:19.057,1.0528,1.05308,1.00,1.00
2015.01.02 17:28:19.361,1.0528,1.05306,1.00,1.00
2015.01.02 17:28:23.710,1.0528,1.05308,1.00,1.00
2015.01.02 17:28:24.269,1.05283,1.05311,1.00,1.65
2015.01.02 17:28:24.775,1.05285,1.05314,1.00,1.00
2015.01.02 17:28:25.280,1.05285,1.05312,1.00,1.00
2015.01.02 17:28:34.724,1.05285,1.05313,1.00,1.00
2015.01.02 17:28:41.870,1.05284,1.05312,1.10,1.00
2015.01.02 17:28:46.991,1.05282,1.05312,1.10,1.00
2015.01.02 17:28:47.517,1.05282,1.05312,1.47,1.00
2015.01.02 17:28:48.153,1.05282,1.05312,1.10,1.00
2015.01.02 17:28:48.275,1.05282,1.05312,1.10,1.07
2015.01.02 17:28:48.579,1.05282,1.05312,1.10,1.00
2015.01.02 17:28:59.926,1.05282,1.0531,1.10,1.00
2015.01.02 17:29:00.331,1.05282,1.05309,1.50,1.07
2015.01.02 17:29:03.884,1.0528,1.05309,1.00,1.57
2015.01.02 17:29:04.395,1.05279,1.05309,1.10,1.00
2015.01.02 17:29:04.923,1.05279,1.05308,1.00,1.10
2015.01.02 17:29:13.457,1.05283,1.05311,1.00,1.65
2015.01.02 17:29:14.065,1.05282,1.05308,1.00,1.00
2015.01.02 17:29:14.116,1.05282,1.0531,1.00,1.00
2015.01.02 17:29:14.217,1.05282,1.05312,1.00,1.50
2015.01.02 17:29:14.671,1.05282,1.05312,1.00,1.57
2015.01.02 17:29:14.772,1.0528,1.05308,1.00,1.10
2015.01.02 17:29:15.275,1.0528,1.05307,1.00,1.00
2015.01.02 17:29:17.123,1.0528,1.05307,1.00,1.15
2015.01.02 17:29:20.254,1.05279,1.05309,1.00,1.15
2015.01.02 17:29:21.635,1.05279,1.05308,1.00,1.10
2015.01.02 17:29:23.321,1.05279,1.05309,1.00,1.00
2015.01.02 17:29:23.422,1.05279,1.05307,1.00,1.00
2015.01.02 17:29:24.125,1.05279,1.05308,1.00,1.00
2015.01.02 17:29:24.428,1.05282,1.0531,1.00,1.50
2015.01.02 17:29:28.717,1.05282,1.05309,1.00,1.00
2015.01.02 17:29:34.869,1.05282,1.0531,1.00,1.00
2015.01.02 17:29:37.854,1.05282,1.05312,1.00,1.00
2015.01.02 17:29:38.056,1.05282,1.05309,1.00,1.00
2015.01.02 17:29:38.742,1.05282,1.05311,1.00,1.00
2015.01.02 17:29:38.843,1.05282,1.05309,1.00,1.00
2015.01.02 17:29:39.049,1.05282,1.05312,1.00,1.65
2015.01.02 17:29:39.283,1.05282,1.05308,1.00,1.00
2015.01.02 17:29:39.752,1.05282,1.05311,1.00,1.00
2015.01.02 17:29:39.812,1.05282,1.05308,1.00,1.00
2015.01.02 17:29:40.822,1.05285,1.05312,1.00,1.20
2015.01.02 17:29:40.924,1.05287,1.05316,1.00,1.00
2015.01.02 17:29:41.334,1.0529,1.05317,1.00,1.00
2015.01.02 17:29:41.536,1.05287,1.05317,1.00,1.17
2015.01.02 17:29:41.839,1.0529,1.05319,1.00,1.15
2015.01.02 17:29:41.991,1.0529,1.05319,1.00,1.00
2015.01.02 17:29:42.603,1.05289,1.05319,1.00,1.00
2015.01.02 17:29:43.261,1.0529,1.05319,1.00,1.00
2015.01.02 17:29:45.602,1.0529,1.05319,1.00,1.15
2015.01.02 17:29:52.007,1.0529,1.0532,1.50,1.20
2015.01.02 17:29:57.602,1.05291,1.0532,1.00,1.20
2015.01.02 17:30:00.912,1.05292,1.0532,1.00,1.00
2015.01.02 17:30:11.912,1.05293,1.05321,1.50,1.00
2015.01.02 17:30:18.781,1.05295,1.05325,1.00,1.10
2015.01.02 17:30:19.286,1.05295,1.05325,1.65,1.00
2015.01.02 17:30:19.997,1.05295,1.05325,1.00,1.00
2015.01.02 17:30:24.927,1.05295,1.05323,1.00,1.00
2015.01.02 17:30:37.125,1.05298,1.05326,1.00,1.20
2015.01.02 17:30:37.226,1.05299,1.05329,1.00,1.00
2015.01.02 17:30:37.479,1.05299,1.05326,1.00,1.07
2015.01.02 17:30:37.631,1.05294,1.05324,1.00,1.65
2015.01.02 17:30:38.312,1.05294,1.05323,1.00,1.15
2015.01.02 17:30:38.414,1.05292,1.0532,1.00,1.17
2015.01.02 17:30:40.335,1.05292,1.05318,1.00,1.00
2015.01.02 17:30:40.386,1.05289,1.05318,1.00,1.00
2015.01.02 17:30:40.890,1.05289,1.05319,1.00,1.57
2015.01.02 17:30:41.092,1.05289,1.05316,1.00,1.00
2015.01.02 17:30:44.271,1.05289,1.05315,1.00,1.00
2015.01.02 17:30:44.574,1.05285,1.05312,1.00,1.00
2015.01.02 17:30:44.725,1.05285,1.0531,1.00,1.00
2015.01.02 17:30:45.164,1.05285,1.05313,1.00,1.00
2015.01.02 17:30:45.672,1.05285,1.05313,1.00,1.07
2015.01.02 17:30:51.222,1.05285,1.05315,1.12,1.00
2015.01.02 17:30:51.377,1.05288,1.05315,1.00,1.00
2015.01.02 17:31:01.561,1.05286,1.05315,1.00,1.00
2015.01.02 17:31:02.148,1.05287,1.05315,1.00,1.00
2015.01.02 17:31:04.906,1.05289,1.05315,1.00,1.00
2015.01.02 17:31:20.888,1.05289,1.05316,1.00,1.00
2015.01.02 17:31:20.990,1.05289,1.05318,1.50,1.00
2015.01.02 17:31:21.495,1.05289,1.05319,1.50,1.50
2015.01.02 17:31:23.157,1.0529,1.05319,1.00,1.00
2015.01.02 17:31:23.702,1.05289,1.05319,1.50,1.00
2015.01.02 17:31:37.056,1.05289,1.05316,1.00,1.00
2015.01.02 17:31:37.230,1.05289,1.05319,1.50,1.00
2015.01.02 17:31:38.251,1.05289,1.05316,1.00,1.00
2015.01.02 17:31:39.073,1.05292,1.05316,1.00,1.00
2015.01.02 17:31:39.275,1.05292,1.05318,1.00,1.00
2015.01.02 17:31:39.326,1.0529,1.05318,1.00,1.00
2015.01.02 17:31:39.427,1.0529,1.05318,1.07,1.00
2015.01.02 17:31:39.478,1.05292,1.0532,1.17,1.00
2015.01.02 17:31:39.680,1.05295,1.05325,1.00,1.00
2015.01.02 17:31:45.379,1.05298,1.05326,1.00,1.00
2015.01.02 17:31:52.646,1.05296,1.05326,1.00,1.00
2015.01.02 17:32:01.088,1.05302,1.0533,1.00,1.00
2015.01.02 17:32:01.393,1.05304,1.0533,1.00,1.00
2015.01.02 17:32:01.696,1.05306,1.0533,1.00,1.00
2015.01.02 17:32:10.752,1.05304,1.0533,1.00,1.00
2015.01.02 17:32:11.380,1.05304,1.05329,1.00,1.00
2015.01.02 17:32:11.431,1.05301,1.05329,1.50,1.00
2015.01.02 17:32:17.430,1.05301,1.05331,1.00,1.00
2015.01.02 17:32:17.532,1.053,1.05329,1.20,1.00
2015.01.02 17:32:17.835,1.05301,1.05331,2.25,1.00
2015.01.02 17:32:18.037,1.05301,1.05327,1.00,1.00
2015.01.02 17:32:18.541,1.053,1.05327,1.87,1.00
2015.01.02 17:32:19.046,1.05303,1.05326,1.00,1.00
2015.01.02 17:32:20.372,1.05302,1.05326,1.00,1.00
2015.01.02 17:32:21.538,1.05304,1.05327,1.00,1.00
2015.01.02 17:32:21.740,1.05304,1.05331,1.00,1.00
2015.01.02 17:32:22.101,1.05301,1.05331,1.50,1.00
2015.01.02 17:32:22.203,1.05303,1.05331,1.00,1.00
2015.01.02 17:32:22.279,1.05301,1.05331,1.50,1.00
2015.01.02 17:32:22.898,1.05302,1.05331,1.50,1.00
2015.01.02 17:32:28.800,1.05305,1.05331,1.00,1.00
2015.01.02 17:32:28.902,1.05309,1.05337,1.20,1.00
2015.01.02 17:32:28.952,1.05313,1.05337,1.00,1.00
2015.01.02 17:32:29.256,1.05318,1.05341,1.37,1.14
2015.01.02 17:32:29.609,1.05318,1.0534,1.50,1.14
2015.01.02 17:32:30.114,1.05322,1.0534,1.00,1.14
2015.01.02 17:32:30.164,1.05322,1.05346,1.00,1.00
2015.01.02 17:32:30.266,1.05322,1.0534,1.00,1.14
2015.01.02 17:32:30.698,1.05313,1.0534,1.12,1.89
2015.01.02 17:32:31.203,1.05314,1.0534,1.00,1.89
2015.01.02 17:32:31.355,1.0531,1.05337,1.00,1.00
2015.01.02 17:32:31.457,1.05306,1.05333,1.50,1.00
2015.01.02 17:32:31.962,1.05305,1.05333,1.50,1.00
2015.01.02 17:32:32.865,1.05306,1.05333,1.00,1.00
2015.01.02 17:32:33.673,1.05304,1.05333,1.50,1.00
2015.01.02 17:32:34.312,1.05306,1.05333,1.00,1.00
2015.01.02 17:32:34.635,1.05304,1.05333,2.25,1.00
2015.01.02 17:32:34.819,1.05308,1.05333,1.00,1.00
2015.01.02 17:32:36.475,1.05309,1.05333,1.00,1.00
2015.01.02 17:32:40.031,1.05307,1.05333,1.00,1.00
2015.01.02 17:32:40.438,1.05309,1.05334,1.00,1.00
2015.01.02 17:32:44.391,1.0531,1.05334,1.00,1.00
2015.01.02 17:32:44.544,1.05308,1.05334,1.00,1.00
2015.01.02 17:32:49.189,1.05308,1.05335,1.00,1.00
2015.01.02 17:32:49.339,1.05306,1.05335,1.00,1.00
2015.01.02 17:32:49.493,1.05306,1.05332,1.00,1.00
2015.01.02 17:32:49.594,1.05304,1.05332,1.00,1.00
2015.01.02 17:32:49.695,1.05301,1.05329,1.00,1.00
2015.01.02 17:32:49.796,1.05297,1.05327,1.00,1.00
2015.01.02 17:32:50.099,1.05295,1.05323,1.00,1.00
2015.01.02 17:32:50.302,1.05291,1.05321,1.00,1.00
2015.01.02 17:32:58.742,1.05292,1.05322,1.00,1.00
2015.01.02 17:33:09.584,1.05293,1.05323,1.00,1.00
2015.01.02 17:33:10.089,1.05293,1.05322,1.00,1.00
2015.01.02 17:33:10.593,1.05293,1.05323,1.00,1.00
2015.01.02 17:33:15.091,1.05295,1.05323,1.00,1.00
2015.01.02 17:33:21.592,1.05295,1.05321,1.00,1.00
2015.01.02 17:33:21.693,1.05293,1.05321,1.00,1.00
2015.01.02 17:33:23.373,1.05295,1.05321,1.00,1.00
2015.01.02 17:33:23.424,1.05297,1.05327,1.00,1.00
2015.01.02 17:33:23.626,1.05297,1.05327,1.37,1.00
2015.01.02 17:33:23.727,1.05301,1.05331,1.00,1.00
2015.01.02 17:33:23.778,1.05306,1.05331,1.00,1.00
2015.01.02 17:33:24.460,1.05304,1.05331,1.00,1.00
2015.01.02 17:33:26.933,1.05305,1.05333,1.00,1.00
2015.01.02 17:33:31.372,1.05305,1.05331,1.00,1.00
2015.01.02 17:33:31.474,1.05305,1.05334,1.00,1.00
2015.01.02 17:33:31.576,1.05308,1.05336,1.00,1.00
2015.01.02 17:33:31.829,1.05304,1.05334,1.00,1.00
2015.01.02 17:33:32.339,1.05304,1.05334,1.00,1.17
2015.01.02 17:33:32.390,1.05302,1.0533,1.00,1.00
2015.01.02 17:33:33.827,1.05303,1.0533,1.00,1.00
2015.01.02 17:33:34.164,1.05307,1.0533,1.00,1.00
2015.01.02 17:33:34.366,1.05305,1.0533,1.00,1.00
2015.01.02 17:33:34.770,1.05305,1.05334,1.10,1.00
2015.01.02 17:33:34.871,1.05303,1.05331,1.50,1.00
2015.01.02 17:33:35.174,1.05304,1.05328,1.00,1.00
2015.01.02 17:33:35.680,1.05296,1.05321,1.00,1.00
2015.01.02 17:33:35.781,1.05295,1.05319,1.00,1.00
2015.01.02 17:33:35.882,1.05299,1.05327,1.00,1.17
2015.01.02 17:33:36.084,1.05297,1.05325,1.00,1.00
2015.01.02 17:33:36.135,1.05302,1.05325,1.00,1.00
2015.01.02 17:33:36.640,1.05301,1.05325,1.00,1.00
2015.01.02 17:33:37.079,1.05302,1.05327,1.00,1.00
2015.01.02 17:33:37.181,1.05302,1.05319,1.00,1.00
2015.01.02 17:33:37.332,1.05295,1.05317,1.00,1.00
2015.01.02 17:33:37.383,1.05295,1.05312,1.00,1.00
2015.01.02 17:33:37.686,1.05295,1.0531,1.00,1.00
2015.01.02 17:33:38.328,1.05293,1.0531,1.00,1.00
2015.01.02 17:33:38.530,1.05295,1.0531,1.00,1.00
2015.01.02 17:33:39.035,1.05294,1.0531,1.00,1.00
2015.01.02 17:33:39.570,1.05295,1.0531,1.00,1.00
2015.01.02 17:33:41.210,1.05292,1.0531,1.00,1.00
2015.01.02 17:33:41.621,1.053,1.05326,1.00,1.07
2015.01.02 17:33:41.672,1.053,1.05326,1.00,1.00
2015.01.02 17:33:41.723,1.05297,1.05325,1.12,1.00
2015.01.02 17:33:41.925,1.05295,1.05316,1.00,1.00
2015.01.02 17:33:42.429,1.05296,1.05316,1.00,1.00
2015.01.02 17:33:43.065,1.05299,1.05313,1.00,1.00
2015.01.02 17:33:43.167,1.05299,1.05318,1.00,1.00
2015.01.02 17:33:44.325,1.05299,1.05316,1.00,1.00
2015.01.02 17:33:44.528,1.05298,1.05318,1.00,1.00
2015.01.02 17:33:44.580,1.05297,1.05316,1.00,1.00
2015.01.02 17:33:44.681,1.05297,1.05321,1.00,1.15
2015.01.02 17:33:44.782,1.05297,1.05321,1.00,1.10
2015.01.02 17:33:44.833,1.05295,1.05321,1.00,1.10
2015.01.02 17:33:45.128,1.05293,1.05321,1.50,1.10
2015.01.02 17:33:45.820,1.05294,1.05321,1.00,1.10
2015.01.02 17:33:45.972,1.05299,1.05327,1.00,1.52
2015.01.02 17:33:46.123,1.05299,1.05327,1.00,1.10
2015.01.02 17:33:46.326,1.05299,1.05327,1.00,1.37
2015.01.02 17:33:46.629,1.05291,1.05317,1.57,1.00
2015.01.02 17:33:46.932,1.0529,1.05314,1.00,1.00
2015.01.02 17:33:47.235,1.05289,1.05314,1.15,1.00
2015.01.02 17:33:47.544,1.05295,1.05314,1.00,1.00
2015.01.02 17:33:48.884,1.05289,1.05314,1.10,1.00
2015.01.02 17:33:48.987,1.05287,1.0531,1.17,1.00
2015.01.02 17:33:49.310,1.05285,1.05308,1.07,1.00
2015.01.02 17:33:49.815,1.05285,1.05308,1.00,1.00
2015.01.02 17:33:50.099,1.05291,1.05307,1.00,1.00
2015.01.02 17:33:50.200,1.05291,1.05317,1.00,1.15
2015.01.02 17:33:50.251,1.05291,1.05317,1.00,1.15
2015.01.02 17:33:50.302,1.05291,1.05306,1.00,1.00
2015.01.02 17:33:50.454,1.05278,1.05306,1.00,1.00
2015.01.02 17:33:50.504,1.05274,1.05304,1.50,1.00
2015.01.02 17:33:50.555,1.05274,1.05304,1.50,1.15
2015.01.02 17:33:50.866,1.05277,1.05301,1.00,1.00
2015.01.02 17:33:51.321,1.05273,1.053,1.00,1.00
2015.01.02 17:33:51.422,1.05275,1.053,1.00,1.00
2015.01.02 17:33:51.948,1.05276,1.053,1.00,1.00
2015.01.02 17:33:52.434,1.05276,1.05304,1.00,1.00
2015.01.02 17:33:55.349,1.05283,1.05313,1.07,1.07
2015.01.02 17:33:55.400,1.05283,1.05313,1.17,1.00
2015.01.02 17:33:55.451,1.05288,1.05313,1.00,1.00
2015.01.02 17:33:55.703,1.05289,1.05317,1.50,1.00
2015.01.02 17:33:55.804,1.05293,1.05317,1.00,1.00
2015.01.02 17:33:56.057,1.0529,1.05318,1.50,1.07
2015.01.02 17:33:56.158,1.05289,1.05316,1.50,1.15
2015.01.02 17:33:56.461,1.05289,1.0531,1.00,1.00
2015.01.02 17:33:56.613,1.05287,1.0531,1.00,1.00
2015.01.02 17:33:56.815,1.0529,1.0531,1.00,1.00
2015.01.02 17:33:57.218,1.0529,1.05314,1.00,1.15
2015.01.02 17:33:57.269,1.0529,1.05314,1.00,1.10
2015.01.02 17:33:57.370,1.05288,1.05314,1.00,1.00
2015.01.02 17:33:57.578,1.0529,1.05314,1.00,1.00
2015.01.02 17:33:58.146,1.05288,1.05314,1.00,1.00
2015.01.02 17:33:58.348,1.05289,1.05317,1.00,1.07
2015.01.02 17:33:58.601,1.0529,1.05318,1.50,1.15
2015.01.02 17:33:58.957,1.05289,1.0531,1.00,1.00
2015.01.02 17:33:59.260,1.05292,1.05311,1.00,1.00
2015.01.02 17:33:59.362,1.05289,1.05311,1.00,1.00
2015.01.02 17:33:59.867,1.0529,1.05311,1.00,1.00
2015.01.02 17:34:01.421,1.0529,1.05311,1.00,1.07
2015.01.02 17:34:01.624,1.05289,1.05311,1.00,1.07
2015.01.02 17:34:02.129,1.05288,1.05307,1.00,1.10
2015.01.02 17:34:03.075,1.05285,1.05307,1.00,1.10
2015.01.02 17:34:04.830,1.05288,1.05308,1.00,1.17
2015.01.02 17:34:05.803,1.05287,1.05313,1.00,1.15
2015.01.02 17:34:05.955,1.05282,1.0531,1.50,1.07
2015.01.02 17:34:06.007,1.05282,1.05308,1.00,1.07
2015.01.02 17:34:06.057,1.0528,1.05308,1.50,1.07
2015.01.02 17:34:06.108,1.0528,1.05305,1.00,1.07
2015.01.02 17:34:06.159,1.05278,1.05305,1.00,1.07
2015.01.02 17:34:06.210,1.05278,1.05305,1.00,1.10
2015.01.02 17:34:06.514,1.05276,1.05306,1.00,1.07
2015.01.02 17:34:06.882,1.05274,1.05303,1.00,1.10
2015.01.02 17:34:08.276,1.05273,1.05303,1.00,1.10
2015.01.02 17:34:08.701,1.05273,1.05303,1.50,1.07
2015.01.02 17:34:09.696,1.05273,1.05303,1.00,1.17
2015.01.02 17:34:10.211,1.05272,1.053,1.00,1.00
2015.01.02 17:34:10.515,1.05275,1.05303,1.00,1.20
2015.01.02 17:34:11.130,1.05276,1.05302,1.00,1.00
2015.01.02 17:34:12.413,1.05273,1.05302,1.00,1.00
2015.01.02 17:34:16.521,1.05273,1.05303,1.50,1.15
2015.01.02 17:34:21.552,1.05274,1.05303,1.00,1.15
2015.01.02 17:34:22.111,1.05273,1.053,1.00,1.10
2015.01.02 17:34:22.988,1.05274,1.053,1.00,1.00
2015.01.02 17:34:25.893,1.05274,1.05301,1.00,1.00
2015.01.02 17:34:26.196,1.0527,1.05298,1.00,1.00
2015.01.02 17:34:26.298,1.05271,1.053,1.00,1.10
2015.01.02 17:34:26.449,1.05271,1.05299,1.00,1.15
2015.01.02 17:34:26.766,1.0527,1.05298,1.00,1.15
2015.01.02 17:34:26.868,1.05266,1.05296,1.00,1.15
2015.01.02 17:34:26.969,1.05266,1.05296,1.00,1.00
2015.01.02 17:34:27.171,1.05266,1.05296,1.00,1.17
2015.01.02 17:34:27.474,1.0527,1.05297,1.00,1.00
2015.01.02 17:34:31.777,1.05269,1.05297,1.10,1.00
2015.01.02 17:34:31.878,1.05271,1.05301,1.00,1.00
2015.01.02 17:34:37.528,1.05272,1.05302,1.00,1.10
2015.01.02 17:34:37.680,1.05272,1.05302,1.00,1.15
2015.01.02 17:34:37.882,1.05267,1.05297,1.50,1.07
2015.01.02 17:34:44.397,1.05265,1.05295,1.00,1.00
2015.01.02 17:34:47.049,1.0527,1.05295,1.00,1.00
2015.01.02 17:34:50.940,1.05269,1.05295,1.00,1.00
2015.01.02 17:35:00.721,1.05269,1.05295,1.00,1.07
2015.01.02 17:35:01.137,1.05271,1.05295,1.00,1.15
2015.01.02 17:35:03.357,1.05271,1.05295,1.00,1.00
2015.01.02 17:35:04.016,1.0527,1.05295,1.00,1.00
2015.01.02 17:35:04.686,1.05267,1.05295,1.00,1.00
2015.01.02 17:35:04.787,1.05267,1.05295,1.00,1.15
2015.01.02 17:35:04.990,1.05264,1.05292,1.50,1.00
2015.01.02 17:35:05.389,1.05264,1.05292,1.00,1.17
2015.01.02 17:35:08.466,1.05264,1.05292,1.00,1.00
2015.01.02 17:35:17.532,1.05264,1.05292,1.37,1.10
2015.01.02 17:35:17.597,1.05264,1.05292,1.00,1.10
2015.01.02 17:35:20.834,1.05265,1.05292,1.00,1.10
2015.01.02 17:35:24.799,1.05264,1.05292,1.00,1.10
2015.01.02 17:35:31.930,1.05265,1.05292,1.00,1.10
2015.01.02 17:35:41.400,1.05264,1.05292,1.00,1.00
2015.01.02 17:35:41.629,1.05264,1.0529,1.00,1.00
2015.01.02 17:35:42.411,1.05265,1.0529,1.00,1.00
2015.01.02 17:35:45.789,1.05263,1.0529,1.50,1.00
2015.01.02 17:35:46.999,1.05265,1.0529,1.00,1.00
2015.01.02 17:35:52.310,1.05263,1.0529,1.50,1.00
2015.01.02 17:35:53.399,1.05264,1.0529,1.00,1.00
2015.01.02 17:35:54.696,1.05263,1.0529,1.50,1.00
2015.01.02 17:35:58.796,1.05264,1.0529,1.00,1.00
2015.01.02 17:36:02.877,1.05263,1.0529,1.00,1.00
2015.01.02 17:36:08.901,1.05267,1.05297,1.00,1.15
2015.01.02 17:36:08.952,1.05267,1.05297,1.00,1.00
2015.01.02 17:36:09.103,1.05272,1.05297,1.00,1.00
2015.01.02 17:36:09.255,1.05273,1.05299,1.00,1.00
2015.01.02 17:36:09.758,1.05272,1.05299,1.50,1.00
2015.01.02 17:36:10.011,1.05274,1.05299,1.00,1.00
2015.01.02 17:36:10.525,1.05273,1.05299,1.50,1.00
2015.01.02 17:36:11.209,1.05274,1.05299,1.00,1.00
2015.01.02 17:36:11.714,1.05273,1.05299,1.50,1.00
2015.01.02 17:36:12.232,1.05274,1.05299,1.00,1.00
2015.01.02 17:36:12.434,1.05273,1.05301,1.50,1.10
2015.01.02 17:36:12.636,1.05274,1.05299,1.00,1.00
2015.01.02 17:36:13.142,1.05275,1.05299,1.00,1.00
2015.01.02 17:36:13.394,1.05275,1.05301,1.00,1.00
2015.01.02 17:36:13.698,1.05275,1.05304,1.00,1.12
2015.01.02 17:36:14.203,1.05276,1.05304,1.00,1.00
2015.01.02 17:36:16.628,1.05277,1.05304,1.00,1.00
2015.01.02 17:36:17.328,1.05276,1.05304,1.00,1.00
2015.01.02 17:36:22.531,1.05276,1.05302,1.00,1.00
2015.01.02 17:36:22.840,1.05278,1.05302,1.00,1.00
2015.01.02 17:36:32.348,1.05274,1.05302,1.00,1.10
2015.01.02 17:36:32.449,1.05271,1.05296,1.00,1.10
2015.01.02 17:36:32.752,1.05266,1.05292,1.00,1.15
2015.01.02 17:36:32.904,1.05261,1.05289,1.00,1.17
2015.01.02 17:36:32.955,1.05259,1.05286,1.50,1.17
2015.01.02 17:36:33.263,1.05256,1.05283,1.00,1.15
2015.01.02 17:36:33.416,1.05253,1.05283,1.50,1.15
2015.01.02 17:36:33.937,1.05254,1.05283,1.00,1.15
2015.01.02 17:36:41.566,1.05253,1.05283,1.00,1.15
2015.01.02 17:36:46.390,1.05251,1.05281,2.25,1.15
2015.01.02 17:36:49.509,1.05252,1.05281,1.00,1.15
2015.01.02 17:36:50.697,1.05252,1.05281,1.50,1.00
2015.01.02 17:36:50.799,1.05256,1.05281,1.00,1.00
2015.01.02 17:36:53.785,1.05256,1.05282,1.00,1.00
2015.01.02 17:36:56.037,1.05256,1.05279,1.00,1.00
2015.01.02 17:36:56.088,1.05252,1.05279,1.50,1.00
2015.01.02 17:36:56.139,1.05254,1.05282,1.00,1.00
2015.01.02 17:36:56.241,1.05253,1.0528,1.00,1.00
2015.01.02 17:36:56.494,1.05261,1.05292,1.00,2.40
2015.01.02 17:36:56.596,1.05261,1.05293,1.00,1.00
2015.01.02 17:36:56.647,1.05268,1.05293,1.00,1.00
2015.01.02 17:36:56.951,1.05274,1.05297,1.00,1.00
2015.01.02 17:36:57.461,1.05275,1.05297,1.00,1.00
2015.01.02 17:36:57.807,1.05264,1.05294,1.50,1.10
2015.01.02 17:36:58.015,1.05265,1.05291,1.00,1.00
2015.01.02 17:37:00.345,1.05265,1.05284,1.00,1.00
2015.01.02 17:37:00.871,1.05265,1.05285,1.00,1.00
2015.01.02 17:37:01.740,1.05265,1.05287,1.00,1.10
2015.01.02 17:37:01.942,1.05266,1.0529,1.00,1.20
2015.01.02 17:37:02.043,1.05266,1.05286,1.00,1.00
2015.01.02 17:37:02.604,1.05265,1.05286,1.00,1.00
2015.01.02 17:37:24.266,1.05263,1.05286,1.00,1.00
2015.01.02 17:37:25.575,1.05259,1.05286,1.50,1.00
2015.01.02 17:37:25.625,1.05262,1.05286,1.00,1.00
2015.01.02 17:37:25.676,1.05262,1.05288,1.00,1.00
2015.01.02 17:37:25.728,1.05267,1.05288,1.00,1.00
2015.01.02 17:37:26.050,1.05271,1.05288,1.00,1.00
2015.01.02 17:37:28.902,1.05271,1.05294,1.00,1.37
2015.01.02 17:37:29.205,1.0527,1.05294,1.00,1.00
2015.01.02 17:37:29.407,1.05272,1.05297,1.00,1.37
2015.01.02 17:37:38.724,1.05272,1.05297,1.00,1.00
2015.01.02 17:37:43.398,1.05268,1.05297,1.00,1.00
2015.01.02 17:37:43.449,1.05266,1.05295,1.00,1.00
2015.01.02 17:37:43.852,1.05264,1.05292,1.50,1.00
2015.01.02 17:37:49.845,1.05264,1.0529,1.00,1.10
2015.01.02 17:37:50.097,1.05261,1.05289,1.00,1.00
2015.01.02 17:37:50.350,1.05259,1.05289,1.00,1.00
2015.01.02 17:37:50.451,1.05259,1.05287,1.00,1.00
2015.01.02 17:37:50.754,1.05263,1.05287,1.00,1.00
2015.01.02 17:37:50.855,1.05259,1.05287,1.00,1.00
2015.01.02 17:37:50.905,1.05261,1.05287,1.00,1.00
2015.01.02 17:37:51.057,1.05261,1.05289,1.50,1.00
2015.01.02 17:37:51.108,1.05264,1.05289,1.00,1.00
2015.01.02 17:37:55.807,1.05265,1.05289,1.00,1.00
2015.01.02 17:37:56.594,1.05263,1.05289,1.37,1.00
2015.01.02 17:37:57.131,1.05265,1.05288,1.00,1.00
2015.01.02 17:37:59.758,1.05265,1.05292,1.00,1.00
2015.01.02 17:38:00.061,1.05263,1.05289,1.37,1.00
2015.01.02 17:38:06.754,1.05263,1.05291,1.37,1.00
2015.01.02 17:38:06.905,1.05263,1.05289,1.00,1.00
2015.01.02 17:38:06.959,1.05259,1.05289,1.00,1.00
2015.01.02 17:38:07.111,1.05256,1.05286,1.00,1.00
2015.01.02 17:38:08.327,1.05256,1.05286,1.87,1.00
2015.01.02 17:38:14.876,1.05256,1.05284,1.87,1.00
2015.01.02 17:38:16.151,1.05257,1.05287,1.87,1.00
2015.01.02 17:38:26.024,1.05257,1.05287,1.87,1.00
2015.01.02 17:38:27.146,1.05258,1.05288,1.00,1.00
2015.01.02 17:38:27.247,1.0526,1.05291,1.00,1.00
2015.01.02 17:38:27.499,1.05261,1.05287,1.00,1.00
2015.01.02 17:38:27.600,1.05259,1.05287,1.00,1.00
2015.01.02 17:38:27.853,1.05257,1.05285,1.50,1.00
2015.01.02 17:38:28.378,1.05258,1.05285,1.00,1.00
2015.01.02 17:38:28.916,1.05259,1.05285,1.00,1.00
2015.01.02 17:38:32.965,1.05259,1.05287,1.50,1.00
2015.01.02 17:38:42.883,1.05259,1.05289,1.00,1.00
2015.01.02 17:38:46.314,1.0526,1.05289,1.00,1.00
2015.01.02 17:38:51.524,1.05264,1.05292,1.00,1.00
2015.01.02 17:38:51.827,1.0527,1.05297,1.00,1.00
2015.01.02 17:38:52.342,1.05271,1.05297,1.50,1.00
2015.01.02 17:39:09.355,1.05273,1.05299,1.00,1.00
2015.01.02 17:39:09.457,1.05274,1.05302,1.00,1.00
2015.01.02 17:39:09.659,1.05274,1.05304,1.50,1.00
2015.01.02 17:39:22.768,1.05276,1.05304,1.00,1.00
2015.01.02 17:39:31.061,1.05275,1.05303,1.00,1.00
2015.01.02 17:39:40.594,1.05275,1.05305,1.50,1.00
2015.01.02 17:39:52.120,1.05274,1.05302,1.00,1.00
2015.01.02 17:39:52.272,1.05272,1.05302,1.00,1.00
2015.01.02 17:39:52.323,1.05275,1.05303,1.00,1.12
2015.01.02 17:39:52.865,1.05276,1.05303,1.00,1.00
2015.01.02 17:39:53.652,1.05275,1.05303,1.50,1.00
2015.01.02 17:39:53.956,1.05277,1.05303,1.00,1.00
2015.01.02 17:39:54.579,1.05278,1.05303,1.00,1.00
2015.01.02 17:39:54.883,1.05284,1.05309,1.00,1.00
2015.01.02 17:40:01.012,1.05284,1.05312,1.00,1.00
2015.01.02 17:40:01.163,1.05288,1.05312,1.00,1.00
2015.01.02 17:40:01.214,1.05288,1.05315,1.00,1.00
2015.01.02 17:40:01.466,1.05285,1.05315,1.50,1.00
2015.01.02 17:40:01.721,1.05288,1.05315,1.00,1.00
2015.01.02 17:40:02.716,1.0529,1.05315,1.00,1.00
2015.01.02 17:40:02.918,1.05288,1.05315,1.00,1.00
2015.01.02 17:40:03.464,1.05287,1.05315,1.00,1.00
2015.01.02 17:40:05.357,1.05286,1.05315,1.50,1.00
2015.01.02 17:40:05.661,1.05283,1.05313,1.00,1.00
2015.01.02 17:40:10.337,1.05283,1.05313,1.00,1.37
2015.01.02 17:40:13.277,1.05284,1.05314,1.00,1.37
2015.01.02 17:40:13.328,1.05284,1.05314,1.00,1.00
2015.01.02 17:40:13.531,1.05284,1.05314,1.00,1.37
2015.01.02 17:40:14.279,1.05281,1.05311,1.50,1.12
2015.01.02 17:40:21.771,1.0528,1.0531,1.00,1.00
2015.01.02 17:40:25.489,1.05281,1.05312,1.00,1.37
2015.01.02 17:40:25.590,1.05283,1.05311,1.00,1.12
2015.01.02 17:40:28.043,1.05283,1.05311,1.07,1.00
2015.01.02 17:40:28.095,1.0529,1.05318,1.00,1.00
2015.01.02 17:40:28.196,1.05292,1.05323,1.00,1.00
2015.01.02 17:40:28.499,1.05289,1.0532,1.00,1.00
2015.01.02 17:40:28.651,1.05285,1.05318,1.57,1.00
2015.01.02 17:40:30.710,1.05283,1.05314,1.50,1.00
2015.01.02 17:40:31.015,1.05286,1.05317,1.20,1.00
2015.01.02 17:40:31.520,1.05288,1.05317,1.00,1.00
2015.01.02 17:40:31.723,1.05286,1.05317,1.50,1.00
2015.01.02 17:40:32.925,1.05288,1.05317,1.00,1.00
2015.01.02 17:40:33.443,1.05287,1.05317,1.00,1.00
2015.01.02 17:40:36.931,1.05288,1.05318,1.00,1.00
2015.01.02 17:40:37.669,1.05287,1.05318,1.50,1.00
2015.01.02 17:40:40.939,1.05287,1.05312,1.00,1.00
2015.01.02 17:40:41.092,1.05283,1.05314,1.00,1.45
2015.01.02 17:40:41.143,1.05283,1.05309,1.00,1.00
2015.01.02 17:40:41.244,1.05282,1.05311,1.17,1.00
2015.01.02 17:40:41.345,1.05283,1.05314,1.10,1.00
2015.01.02 17:40:45.799,1.05288,1.05314,1.47,1.00
2015.01.02 17:40:45.850,1.05294,1.05325,1.12,1.50
2015.01.02 17:40:45.900,1.05299,1.05325,1.00,1.00
2015.01.02 17:40:46.153,1.05306,1.05334,1.10,1.00
2015.01.02 17:40:46.256,1.05308,1.05334,1.00,1.00
2015.01.02 17:40:46.609,1.05305,1.05334,1.10,1.00
2015.01.02 17:40:46.912,1.05303,1.05334,1.50,1.00
2015.01.02 17:40:47.250,1.05302,1.05331,1.00,1.00
2015.01.02 17:40:47.769,1.053,1.05331,1.17,1.00
2015.01.02 17:40:48.274,1.053,1.05331,1.00,1.00
2015.01.02 17:40:48.584,1.05298,1.05326,1.00,1.00
2015.01.02 17:40:53.383,1.05296,1.05326,1.17,1.00
2015.01.02 17:40:53.888,1.05298,1.05326,1.00,1.00
2015.01.02 17:40:55.344,1.05298,1.05327,1.00,1.00
2015.01.02 17:41:00.444,1.053,1.05328,1.00,1.00
2015.01.02 17:41:00.973,1.05299,1.05328,1.00,1.00
2015.01.02 17:41:01.633,1.05301,1.05328,1.00,1.00
2015.01.02 17:41:01.684,1.05302,1.0533,1.00,1.00
2015.01.02 17:41:01.785,1.053,1.0533,1.00,1.00
2015.01.02 17:41:06.787,1.05299,1.05329,1.50,1.00
2015.01.02 17:41:11.861,1.05302,1.0533,1.00,1.00
2015.01.02 17:41:12.743,1.05303,1.0533,1.00,1.00
2015.01.02 17:41:12.895,1.053,1.05328,1.50,1.00
2015.01.02 17:41:23.651,1.05301,1.05328,1.00,1.00
2015.01.02 17:41:24.157,1.053,1.05329,1.50,1.00
2015.01.02 17:41:34.672,1.053,1.0533,1.57,1.00
2015.01.02 17:41:34.723,1.053,1.05328,1.57,1.00
2015.01.02 17:41:36.611,1.05298,1.05326,1.00,1.00
2015.01.02 17:41:37.419,1.05299,1.05329,1.00,1.50
2015.01.02 17:41:38.854,1.05293,1.05321,1.65,1.00
2015.01.02 17:41:38.905,1.05293,1.05321,1.50,1.00
2015.01.02 17:41:38.956,1.05297,1.05325,1.00,1.00
2015.01.02 17:41:40.146,1.05299,1.05327,1.00,1.00
2015.01.02 17:41:51.605,1.05297,1.05327,1.57,1.00
2015.01.02 17:41:52.269,1.05297,1.05327,1.50,1.00
2015.01.02 17:41:53.072,1.05297,1.05327,1.87,1.00
2015.01.02 17:41:54.312,1.05297,1.05327,1.50,1.00
2015.01.02 17:41:54.615,1.05299,1.05325,1.15,1.00
2015.01.02 17:41:54.666,1.05299,1.05329,1.15,1.50
2015.01.02 17:41:54.717,1.05304,1.05331,1.00,1.12
2015.01.02 17:41:54.919,1.053,1.0533,1.50,1.00
2015.01.02 17:41:55.666,1.053,1.05328,1.00,1.00
2015.01.02 17:41:56.233,1.05298,1.05327,1.15,1.00
2015.01.02 17:41:57.102,1.053,1.05328,1.00,1.00
2015.01.02 17:42:07.456,1.05298,1.05328,1.50,1.00
2015.01.02 17:42:08.001,1.053,1.05328,1.00,1.50
2015.01.02 17:42:13.748,1.053,1.05329,1.00,1.00
2015.01.02 17:42:14.268,1.05299,1.05328,1.50,1.00
2015.01.02 17:42:23.183,1.05302,1.05329,1.00,1.00
2015.01.02 17:42:23.790,1.05301,1.05329,1.00,1.00
2015.01.02 17:42:29.642,1.05302,1.05329,1.00,1.00
2015.01.02 17:42:31.435,1.05302,1.0533,1.00,1.00
2015.01.02 17:42:31.940,1.05302,1.05329,1.50,1.00
2015.01.02 17:42:32.447,1.05302,1.05328,1.00,1.00
2015.01.02 17:42:42.816,1.053,1.05328,1.50,1.00
2015.01.02 17:42:44.532,1.05299,1.05327,1.00,1.00
2015.01.02 17:42:52.641,1.05299,1.05329,1.50,1.00
2015.01.02 17:42:52.742,1.05301,1.05329,1.00,1.00
2015.01.02 17:42:55.877,1.05301,1.05323,1.00,1.00
2015.01.02 17:43:01.492,1.05301,1.05324,1.00,1.00
2015.01.02 17:43:01.543,1.05299,1.05324,1.00,1.00
2015.01.02 17:43:01.694,1.05299,1.05321,1.00,1.00
2015.01.02 17:43:03.570,1.05299,1.05324,1.00,1.00
2015.01.02 17:43:03.671,1.05299,1.05321,1.00,1.00
2015.01.02 17:43:05.541,1.05299,1.05323,1.00,1.00
2015.01.02 17:43:05.643,1.05299,1.05321,1.00,1.00
2015.01.02 17:43:14.040,1.05299,1.05325,1.00,1.00
2015.01.02 17:43:14.141,1.053,1.05323,1.00,1.00
2015.01.02 17:43:14.764,1.053,1.05324,1.00,1.00
2015.01.02 17:43:15.289,1.053,1.05323,1.00,1.00
2015.01.02 17:43:16.200,1.053,1.05325,1.00,1.00
2015.01.02 17:43:16.302,1.053,1.05322,1.00,1.00
2015.01.02 17:43:27.651,1.05301,1.05322,1.00,1.00
2015.01.02 17:43:27.752,1.05301,1.05327,1.00,1.00
2015.01.02 17:43:28.081,1.05301,1.05325,1.00,1.00
2015.01.02 17:43:31.968,1.05301,1.05327,1.50,1.00
2015.01.02 17:43:32.069,1.05301,1.05325,1.50,1.00
2015.01.02 17:43:38.594,1.05302,1.05325,1.00,1.00
2015.01.02 17:43:41.110,1.05301,1.05325,1.00,1.00
2015.01.02 17:43:51.105,1.05301,1.05328,1.50,1.00
2015.01.02 17:43:51.206,1.05302,1.05326,1.00,1.00
2015.01.02 17:43:51.728,1.05301,1.05326,1.00,1.00
2015.01.02 17:43:55.255,1.05301,1.05328,1.00,1.00
2015.01.02 17:43:55.355,1.05301,1.05325,1.00,1.00
2015.01.02 17:43:58.161,1.05302,1.05325,1.00,1.00
2015.01.02 17:43:59.149,1.05301,1.05325,1.00,1.00
2015.01.02 17:44:07.372,1.053,1.05325,1.00,1.50
2015.01.02 17:44:07.423,1.05297,1.05325,1.10,1.50
2015.01.02 17:44:07.474,1.05297,1.0532,1.10,1.00
2015.01.02 17:44:07.576,1.05297,1.05322,1.10,1.00
2015.01.02 17:44:07.627,1.05301,1.05322,1.12,1.00
2015.01.02 17:44:07.679,1.05301,1.05325,1.27,1.00
2015.01.02 17:44:07.982,1.05298,1.05324,1.00,1.00
2015.01.02 17:44:08.033,1.05298,1.05319,1.00,1.00
2015.01.02 17:44:23.772,1.05302,1.05319,1.00,1.00
2015.01.02 17:44:23.873,1.05302,1.05324,1.00,1.00
2015.01.02 17:44:23.975,1.05302,1.05329,1.00,1.37
2015.01.02 17:44:24.075,1.05299,1.05323,1.57,1.00
2015.01.02 17:44:24.379,1.05299,1.05321,1.00,1.00
2015.01.02 17:44:24.430,1.05299,1.05324,1.00,1.00
2015.01.02 17:44:24.531,1.05299,1.05321,1.00,1.00
2015.01.02 17:44:24.733,1.05299,1.05323,1.00,1.00
2015.01.02 17:44:25.237,1.05299,1.05322,1.00,1.00
2015.01.02 17:44:30.850,1.05299,1.05323,1.10,1.00
2015.01.02 17:44:31.002,1.05302,1.05327,1.00,1.12
2015.01.02 17:44:31.518,1.05302,1.05327,1.17,1.12
2015.01.02 17:44:38.003,1.05302,1.05329,1.27,1.50
2015.01.02 17:44:38.204,1.05305,1.05329,1.17,1.00
2015.01.02 17:44:38.407,1.05307,1.05335,1.20,1.50
2015.01.02 17:44:38.508,1.05307,1.05335,1.52,1.00
2015.01.02 17:44:40.749,1.05307,1.05335,1.90,1.00
2015.01.02 17:44:41.053,1.05316,1.0534,1.15,1.14
2015.01.02 17:44:42.023,1.05316,1.05341,1.65,1.14
2015.01.02 17:44:42.527,1.05316,1.0534,1.15,1.14
2015.01.02 17:44:42.628,1.05312,1.05337,1.15,1.00
2015.01.02 17:44:42.730,1.05312,1.0534,1.15,1.89
2015.01.02 17:44:43.134,1.05311,1.0534,1.52,1.00
2015.01.02 17:44:47.570,1.05312,1.0534,1.15,1.89
2015.01.02 17:44:48.839,1.05309,1.05339,1.27,1.00
2015.01.02 17:45:07.967,1.05312,1.05338,1.15,1.00
2015.01.02 17:45:10.960,1.05312,1.05338,1.52,1.00
2015.01.02 17:45:15.878,1.05312,1.0534,1.52,1.14
2015.01.02 17:45:16.566,1.05312,1.05341,1.52,1.89
2015.01.02 17:45:17.122,1.05312,1.0534,1.52,1.14
2015.01.02 17:45:17.632,1.05312,1.05341,1.52,1.89
2015.01.02 17:45:18.169,1.05312,1.0534,1.52,1.14
2015.01.02 17:45:19.539,1.05312,1.0534,1.52,1.14
2015.01.02 17:45:22.840,1.05312,1.05341,1.52,1.89
2015.01.02 17:45:24.211,1.05312,1.0534,1.52,1.14
2015.01.02 17:45:24.822,1.05313,1.05341,1.55,2.64
2015.01.02 17:45:25.348,1.05313,1.0534,1.55,1.14
2015.01.02 17:45:26.474,1.05313,1.05341,1.55,2.64
2015.01.02 17:45:27.038,1.05313,1.05341,1.55,1.93
2015.01.02 17:45:27.089,1.05321,1.0534,1.12,1.18
2015.01.02 17:45:27.243,1.05328,1.05352,1.37,1.00
2015.01.02 17:45:27.294,1.0533,1.05356,1.20,1.00
2015.01.02 17:45:27.446,1.0533,1.05359,1.20,1.00
2015.01.02 17:45:27.547,1.0533,1.05352,1.00,1.00
2015.01.02 17:45:27.850,1.05328,1.05349,1.12,1.00
2015.01.02 17:45:27.902,1.05329,1.05352,1.00,1.00
2015.01.02 17:45:28.003,1.05332,1.05354,1.00,1.00
2015.01.02 17:45:28.104,1.05332,1.05356,1.00,1.00
2015.01.02 17:45:28.206,1.05332,1.05351,1.00,1.00
2015.01.02 17:45:28.509,1.05332,1.05348,1.00,1.00
2015.01.02 17:45:28.559,1.05332,1.05351,1.00,1.00
2015.01.02 17:45:34.688,1.0533,1.05351,1.00,1.00
2015.01.02 17:45:34.920,1.05328,1.05351,1.00,1.00
2015.01.02 17:45:35.022,1.05328,1.05349,1.00,1.00
2015.01.02 17:45:35.325,1.05325,1.05345,1.00,1.00
2015.01.02 17:45:35.628,1.05325,1.05343,1.00,1.00
2015.01.02 17:45:36.557,1.05325,1.05344,1.00,1.00
2015.01.02 17:45:40.988,1.05324,1.05346,1.00,1.00
2015.01.02 17:45:41.190,1.05324,1.05344,1.00,1.00
2015.01.02 17:45:43.005,1.05325,1.05344,1.10,1.00
2015.01.02 17:45:44.718,1.05326,1.05344,1.00,1.00
2015.01.02 17:45:44.820,1.05326,1.05346,1.00,1.00
2015.01.02 17:45:45.324,1.05326,1.05347,1.00,1.00
2015.01.02 17:45:45.497,1.05323,1.05342,1.07,1.00
2015.01.02 17:45:45.800,1.05321,1.0534,1.50,1.00
2015.01.02 17:45:46.154,1.05322,1.05343,1.00,1.00
2015.01.02 17:45:46.257,1.05322,1.05345,1.00,1.00
2015.01.02 17:45:46.308,1.05322,1.05345,1.15,1.00
2015.01.02 17:45:49.772,1.05322,1.05342,1.15,1.00
2015.01.02 17:45:49.822,1.05322,1.05342,1.00,1.00
2015.01.02 17:45:49.974,1.05322,1.05337,1.00,1.00
2015.01.02 17:45:50.327,1.05322,1.05339,1.00,1.00
2015.01.02 17:45:51.186,1.05322,1.05343,1.00,1.00
2015.01.02 17:45:53.160,1.05322,1.05345,1.00,1.00
2015.01.02 17:45:55.306,1.05322,1.05345,1.07,1.00
2015.01.02 17:45:56.651,1.05316,1.05344,1.65,1.00
2015.01.02 17:45:56.752,1.05315,1.05345,1.07,1.50
2015.01.02 17:45:56.803,1.05315,1.05342,1.07,1.00
2015.01.02 17:45:57.106,1.05312,1.05339,2.32,1.50
2015.01.02 17:45:57.156,1.05313,1.05339,1.15,1.00
2015.01.02 17:45:57.258,1.05313,1.05337,1.15,1.00
2015.01.02 17:45:57.568,1.05313,1.05341,1.15,1.87
2015.01.02 17:45:57.670,1.05316,1.05345,1.07,1.00
2015.01.02 17:45:57.721,1.05316,1.05345,1.15,1.00
2015.01.02 17:45:57.940,1.05318,1.05344,1.00,1.00
2015.01.02 17:45:57.998,1.05318,1.0534,1.00,1.00
2015.01.02 17:45:58.251,1.05321,1.05348,1.10,1.00
2015.01.02 17:45:58.679,1.05321,1.0535,1.10,1.12
2015.01.02 17:45:59.168,1.05324,1.05351,1.00,1.37
2015.01.02 17:45:59.864,1.05324,1.05351,1.00,1.37
2015.01.02 17:46:01.286,1.05324,1.05351,1.07,1.37
2015.01.02 17:46:13.657,1.05325,1.05353,1.10,1.87
2015.01.02 17:46:14.284,1.05327,1.05353,1.00,1.37
2015.01.02 17:46:16.864,1.05327,1.05353,1.00,1.37
2015.01.02 17:46:17.116,1.05327,1.05357,1.00,1.87
2015.01.02 17:46:17.683,1.05327,1.05353,1.00,1.37
2015.01.02 17:46:19.927,1.05327,1.05353,1.00,1.37
2015.01.02 17:46:20.080,1.05325,1.05353,1.10,1.37
2015.01.02 17:46:20.181,1.05322,1.0535,1.00,1.37
2015.01.02 17:46:20.383,1.05322,1.0535,1.00,1.37
2015.01.02 17:46:20.687,1.05324,1.05352,1.00,1.00
2015.01.02 17:46:20.990,1.05326,1.05354,1.00,1.00
2015.01.02 17:46:21.611,1.05323,1.05353,1.17,1.37
2015.01.02 17:46:21.713,1.05321,1.05351,1.00,1.12
2015.01.02 17:46:21.915,1.05324,1.05351,1.00,1.00
2015.01.02 17:46:22.219,1.05327,1.05355,1.00,1.12
2015.01.02 17:46:23.487,1.05327,1.05355,1.15,1.00
2015.01.02 17:46:23.588,1.05327,1.05355,1.00,1.00
2015.01.02 17:46:28.918,1.05333,1.05361,1.00,1.00
2015.01.02 17:46:29.120,1.0533,1.0536,1.07,1.00
2015.01.02 17:46:29.221,1.05334,1.05361,1.00,1.50
2015.01.02 17:46:29.424,1.05336,1.05364,1.00,1.00
2015.01.02 17:46:29.526,1.05337,1.05367,1.20,1.00
2015.01.02 17:46:34.198,1.05337,1.05366,1.00,1.00
2015.01.02 17:46:34.349,1.05334,1.05364,1.00,1.00
2015.01.02 17:46:40.666,1.05334,1.05366,1.00,1.00
2015.01.02 17:46:42.149,1.05337,1.05369,1.50,1.37
2015.01.02 17:46:42.251,1.05334,1.05366,1.00,1.00
2015.01.02 17:46:42.453,1.05334,1.05362,1.00,1.00
2015.01.02 17:46:42.554,1.05332,1.05362,1.00,1.50
2015.01.02 17:46:48.862,1.05332,1.05361,1.00,1.00
2015.01.02 17:46:49.480,1.05332,1.05362,1.00,1.00
2015.01.02 17:46:49.733,1.05332,1.05364,1.00,1.50
2015.01.02 17:46:49.834,1.05332,1.05359,1.00,1.00
2015.01.02 17:46:53.546,1.05332,1.05356,1.00,1.00
2015.01.02 17:46:53.850,1.05332,1.05354,1.00,1.00
2015.01.02 17:46:54.355,1.05332,1.05355,1.00,1.00
2015.01.02 17:46:55.319,1.05332,1.05354,1.00,1.00
2015.01.02 17:46:55.421,1.05332,1.05356,1.00,1.00
2015.01.02 17:46:59.507,1.05332,1.05352,1.00,1.00
2015.01.02 17:46:59.709,1.05328,1.05352,1.00,1.00
2015.01.02 17:47:00.702,1.05328,1.05351,1.00,1.00
2015.01.02 17:47:04.582,1.05326,1.0535,1.00,1.00
2015.01.02 17:47:04.993,1.05326,1.05347,1.00,1.00
2015.01.02 17:47:05.145,1.05326,1.05349,1.00,1.00
2015.01.02 17:47:07.214,1.05324,1.05349,1.00,1.00
2015.01.02 17:47:14.015,1.05325,1.05349,1.00,1.00
2015.01.02 17:47:16.428,1.05325,1.05348,1.00,1.00
2015.01.02 17:47:17.046,1.05325,1.05349,1.00,1.00
2015.01.02 17:47:24.137,1.05317,1.05345,1.00,1.00
2015.01.02 17:47:24.289,1.05317,1.05343,1.00,1.00
2015.01.02 17:47:24.340,1.05315,1.05343,1.20,1.50
2015.01.02 17:47:24.390,1.05315,1.05341,1.20,1.00
2015.01.02 17:47:24.895,1.05315,1.05342,1.00,1.00
2015.01.02 17:47:25.198,1.05319,1.05347,1.07,1.00
2015.01.02 17:47:27.749,1.05321,1.05351,1.00,1.00
2015.01.02 17:47:27.851,1.05322,1.0535,1.27,1.00
2015.01.02 17:47:27.952,1.05324,1.05352,1.00,1.00
2015.01.02 17:47:28.155,1.05325,1.05355,1.00,1.00
2015.01.02 17:47:28.460,1.05324,1.05352,1.00,1.00
2015.01.02 17:47:32.393,1.05324,1.05351,1.00,1.00
2015.01.02 17:47:35.271,1.05324,1.0535,1.00,1.00
2015.01.02 17:47:35.372,1.05324,1.05352,1.00,1.00
2015.01.02 17:47:36.797,1.05321,1.05349,1.00,1.00
2015.01.02 17:47:58.186,1.05323,1.0535,1.00,1.00
2015.01.02 17:47:58.726,1.05323,1.05351,1.00,1.00
2015.01.02 17:47:59.214,1.05323,1.05354,1.00,1.00
2015.01.02 17:47:59.316,1.05325,1.05355,1.17,1.00
2015.01.02 17:47:59.669,1.05327,1.05355,1.37,1.00
2015.01.02 17:48:00.343,1.05328,1.05358,1.27,1.00
2015.01.02 17:48:15.131,1.05325,1.05354,1.15,1.00
2015.01.02 17:48:15.232,1.05324,1.05354,1.10,1.00
2015.01.02 17:48:15.535,1.05324,1.05352,1.00,1.00
2015.01.02 17:48:16.040,1.05324,1.05353,1.00,1.00
2015.01.02 17:48:17.855,1.05327,1.05353,1.00,1.00
2015.01.02 17:48:17.957,1.05327,1.05355,1.00,1.00
2015.01.02 17:48:24.434,1.05327,1.05353,1.00,1.00
2015.01.02 17:48:24.485,1.05321,1.05351,1.00,1.00
2015.01.02 17:48:24.587,1.05319,1.05347,1.00,1.00
2015.01.02 17:48:24.991,1.05321,1.05349,1.00,1.00
2015.01.02 17:48:25.193,1.05321,1.05351,1.10,1.00
2015.01.02 17:48:25.717,1.05321,1.05352,1.10,1.00
2015.01.02 17:48:27.857,1.05325,1.05355,1.00,1.50
2015.01.02 17:48:28.160,1.05324,1.05352,1.00,1.00
2015.01.02 17:48:28.832,1.05324,1.0535,1.00,1.00
2015.01.02 17:48:29.810,1.05326,1.05351,1.00,1.00
2015.01.02 17:48:29.911,1.05323,1.05353,1.00,1.50
2015.01.02 17:48:30.369,1.05323,1.05351,1.00,1.00
2015.01.02 17:48:30.876,1.05323,1.05352,1.00,1.00
2015.01.02 17:48:37.581,1.05322,1.05352,1.00,1.50
2015.01.02 17:48:38.130,1.05322,1.05351,1.00,1.00
2015.01.02 17:48:41.597,1.05326,1.05351,1.00,1.00
2015.01.02 17:48:41.698,1.05326,1.05354,1.00,1.00
2015.01.02 17:48:42.869,1.05327,1.05354,1.00,1.00
2015.01.02 17:48:43.852,1.05326,1.05354,1.00,1.00
2015.01.02 17:48:44.358,1.05327,1.05354,1.00,1.00
2015.01.02 17:48:44.863,1.05326,1.05354,1.50,1.00
2015.01.02 17:48:50.477,1.05327,1.05355,1.00,1.00
2015.01.02 17:48:55.173,1.0533,1.05356,1.00,1.00
2015.01.02 17:48:56.314,1.0533,1.05358,1.00,1.00
2015.01.02 17:48:56.466,1.05333,1.0536,1.00,1.00
2015.01.02 17:48:56.878,1.05332,1.05363,1.00,1.00
2015.01.02 17:48:56.980,1.05336,1.05364,1.00,1.00
2015.01.02 17:49:15.774,1.05336,1.05362,1.00,1.00
2015.01.02 17:49:16.026,1.05331,1.05358,1.10,1.00
2015.01.02 17:49:16.128,1.05331,1.0536,1.00,1.00
2015.01.02 17:49:16.330,1.05331,1.05358,1.00,1.00
2015.01.02 17:49:16.482,1.05331,1.05361,1.00,1.50
2015.01.02 17:49:19.013,1.0533,1.05349,1.00,1.00
2015.01.02 17:49:19.064,1.05325,1.05349,1.10,1.00
2015.01.02 17:49:19.114,1.05321,1.0534,1.07,1.00
2015.01.02 17:49:19.165,1.05317,1.0534,1.37,1.00
2015.01.02 17:49:19.216,1.0532,1.05345,1.00,1.00
2015.01.02 17:49:19.367,1.05316,1.05346,1.00,1.50
2015.01.02 17:49:19.519,1.05318,1.05347,1.00,1.00
2015.01.02 17:49:19.824,1.05321,1.05345,1.00,1.00
2015.01.02 17:49:20.155,1.05319,1.05345,1.00,1.00
2015.01.02 17:49:20.358,1.05317,1.05345,1.00,1.00
2015.01.02 17:49:20.459,1.05313,1.05343,1.00,1.00
2015.01.02 17:49:20.510,1.05313,1.05339,1.00,1.00
2015.01.02 17:49:20.662,1.05313,1.05343,1.00,1.50
2015.01.02 17:49:20.965,1.05313,1.05341,1.00,1.00
2015.01.02 17:49:28.376,1.05312,1.05341,1.50,1.50
2015.01.02 17:49:39.108,1.05312,1.0534,1.00,1.00
2015.01.02 17:49:44.598,1.05315,1.05345,1.00,1.50
2015.01.02 17:49:44.700,1.05319,1.05345,1.00,1.00
2015.01.02 17:49:44.751,1.05319,1.05347,1.00,1.00
2015.01.02 17:49:44.903,1.05321,1.05347,1.00,1.00
2015.01.02 17:49:45.534,1.05319,1.05347,1.00,1.00
2015.01.02 17:49:48.411,1.05321,1.05347,1.00,1.00
2015.01.02 17:49:49.069,1.05319,1.05347,1.00,1.00
2015.01.02 17:49:49.423,1.05324,1.05347,1.00,1.00
2015.01.02 17:49:50.705,1.05325,1.05347,1.00,1.00
2015.01.02 17:49:50.807,1.05325,1.0535,1.00,1.00
2015.01.02 17:49:50.908,1.05325,1.05346,1.00,1.00
2015.01.02 17:49:51.162,1.05321,1.05346,1.00,1.00
2015.01.02 17:49:51.215,1.05321,1.05344,1.00,1.50
2015.01.02 17:49:51.367,1.05314,1.05341,1.00,1.00
2015.01.02 17:49:51.671,1.05314,1.05338,1.00,1.00
2015.01.02 17:49:51.772,1.05316,1.05341,1.00,1.00
2015.01.02 17:49:51.823,1.05323,1.05341,1.00,1.00
2015.01.02 17:49:51.874,1.05323,1.05347,1.00,1.50
2015.01.02 17:49:52.126,1.05323,1.05347,1.00,1.00
2015.01.02 17:49:52.429,1.05324,1.05345,1.00,1.00
2015.01.02 17:49:52.531,1.05324,1.05347,1.00,1.00
2015.01.02 17:49:52.845,1.05323,1.05345,1.00,1.00
2015.01.02 17:49:54.154,1.05319,1.05345,1.00,1.00
2015.01.02 17:49:54.306,1.05319,1.0534,1.00,1.00
2015.01.02 17:49:54.559,1.05312,1.0534,1.65,1.00
2015.01.02 17:49:54.610,1.05317,1.05345,1.00,1.00
2015.01.02 17:49:54.711,1.05315,1.05343,1.00,1.00
2015.01.02 17:49:55.014,1.0532,1.05344,1.00,1.00
2015.01.02 17:49:55.317,1.05319,1.0534,1.00,1.50
2015.01.02 17:49:55.570,1.05312,1.0534,1.50,1.00
2015.01.02 17:49:56.075,1.05313,1.0534,1.00,1.00
2015.01.02 17:49:56.126,1.05315,1.0534,1.00,1.00
2015.01.02 17:49:56.429,1.0532,1.0534,1.00,1.00
2015.01.02 17:49:59.543,1.0532,1.05343,1.00,1.00
2015.01.02 17:49:59.645,1.05315,1.05343,1.00,1.00
2015.01.02 17:49:59.847,1.05317,1.05342,1.00,1.00
2015.01.02 17:50:00.099,1.05315,1.05341,1.00,1.00
2015.01.02 17:50:00.150,1.05313,1.05341,1.00,1.00
2015.01.02 17:50:00.555,1.05313,1.05338,1.00,1.00
2015.01.02 17:50:00.606,1.05311,1.05338,1.00,1.00
2015.01.02 17:50:00.657,1.05311,1.05335,1.00,1.00
2015.01.02 17:50:00.910,1.05312,1.05338,1.00,1.00
2015.01.02 17:50:01.437,1.05312,1.05337,1.00,1.00
2015.01.02 17:50:03.905,1.0531,1.05337,1.20,1.00
2015.01.02 17:50:05.887,1.05313,1.05337,1.00,1.00
2015.01.02 17:50:10.112,1.05311,1.05337,1.00,1.00
2015.01.02 17:50:14.975,1.05311,1.05338,1.00,1.00
2015.01.02 17:50:15.978,1.05311,1.05337,1.00,1.00
2015.01.02 17:50:22.078,1.05313,1.05337,1.00,1.50
2015.01.02 17:50:27.303,1.05313,1.05338,1.00,1.00
2015.01.02 17:50:27.354,1.05311,1.05338,1.10,1.00
2015.01.02 17:50:30.854,1.0531,1.05338,1.50,1.50
2015.01.02 17:50:31.894,1.05316,1.05339,1.00,1.00
2015.01.02 17:50:31.945,1.05316,1.05341,1.00,1.00
2015.01.02 17:50:32.255,1.05316,1.05344,1.00,1.00
2015.01.02 17:50:32.306,1.05313,1.05341,1.10,1.00
2015.01.02 17:50:32.812,1.05313,1.0534,1.10,1.00
2015.01.02 17:50:33.218,1.05313,1.05343,1.10,1.00
2015.01.02 17:50:39.078,1.05313,1.05342,1.10,1.00
2015.01.02 17:50:39.589,1.05313,1.05341,1.10,1.00
2015.01.02 17:50:39.842,1.0531,1.0534,1.10,1.00
2015.01.02 17:50:50.216,1.05311,1.0534,1.00,1.00
2015.01.02 17:50:52.752,1.05311,1.05339,1.00,1.00
2015.01.02 17:50:52.904,1.05309,1.05339,1.10,1.00
2015.01.02 17:50:53.429,1.05309,1.05339,1.17,1.00
2015.01.02 17:50:57.374,1.05312,1.0534,1.07,1.00
2015.01.02 17:50:57.476,1.05315,1.05343,1.15,1.00
2015.01.02 17:50:57.527,1.05315,1.05345,1.15,1.00
2015.01.02 17:50:57.578,1.05319,1.05347,1.07,1.00
2015.01.02 17:50:57.780,1.05317,1.05345,1.00,1.50
2015.01.02 17:50:57.881,1.05317,1.05343,1.00,1.00
2015.01.02 17:50:58.083,1.05315,1.05343,1.00,1.50
2015.01.02 17:51:12.202,1.05314,1.05342,1.00,1.00
2015.01.02 17:51:12.404,1.05314,1.05342,1.15,1.00
2015.01.02 17:51:12.707,1.05315,1.05345,1.65,1.00
2015.01.02 17:51:12.809,1.05318,1.05348,1.15,1.00
2015.01.02 17:51:23.904,1.05322,1.05348,1.00,1.00
2015.01.02 17:51:24.343,1.05322,1.05352,1.15,1.00
2015.01.02 17:51:28.125,1.05324,1.05354,1.10,1.00
2015.01.02 17:51:31.246,1.05327,1.05357,1.00,1.50
2015.01.02 17:51:31.854,1.05327,1.05356,1.00,1.00
2015.01.02 17:51:32.158,1.05327,1.05353,1.00,1.00
2015.01.02 17:51:32.663,1.05327,1.05354,1.00,1.00
2015.01.02 17:51:34.966,1.05325,1.05353,1.00,1.00
2015.01.02 17:51:38.033,1.05325,1.05354,1.00,1.00
2015.01.02 17:51:38.539,1.05326,1.05352,1.00,1.00
2015.01.02 17:51:38.641,1.05324,1.05352,1.00,1.00
2015.01.02 17:51:38.843,1.05331,1.05352,1.00,1.00
2015.01.02 17:51:41.654,1.05331,1.05358,1.00,1.00
2015.01.02 17:51:41.805,1.05333,1.05358,1.00,1.00
2015.01.02 17:51:41.856,1.05333,1.05362,1.00,1.00
2015.01.02 17:51:42.361,1.05334,1.05362,1.00,1.00
2015.01.02 17:51:46.397,1.05334,1.05358,1.00,1.00
2015.01.02 17:51:46.549,1.0533,1.05358,1.00,1.00
2015.01.02 17:51:46.853,1.05332,1.05362,1.00,1.00
2015.01.02 17:51:47.388,1.05333,1.05362,1.00,1.00
2015.01.02 17:51:54.879,1.05335,1.05363,1.00,1.00
2015.01.02 17:52:15.256,1.05333,1.05361,1.07,1.00
2015.01.02 17:52:15.357,1.05331,1.05361,1.00,1.00
2015.01.02 17:52:15.560,1.05331,1.05361,1.07,1.00
2015.01.02 17:52:16.064,1.05334,1.05362,1.10,1.00
2015.01.02 17:52:44.164,1.05333,1.05363,1.07,1.50
2015.01.02 17:52:51.924,1.05332,1.0536,1.17,1.00
2015.01.02 17:52:52.227,1.05329,1.05358,1.17,1.00
2015.01.02 17:52:52.278,1.05329,1.05358,1.07,1.00
2015.01.02 17:52:52.379,1.05328,1.05356,1.50,1.00
2015.01.02 17:52:53.479,1.05328,1.05354,1.00,1.00
2015.01.02 17:52:53.875,1.05323,1.05353,1.15,1.00
2015.01.02 17:52:59.731,1.05328,1.05357,1.00,1.00
2015.01.02 17:52:59.782,1.05329,1.05358,1.20,1.00
2015.01.02 17:52:59.833,1.05331,1.05361,1.50,1.00
2015.01.02 17:52:59.884,1.05331,1.05361,1.57,1.00
2015.01.02 17:53:00.388,1.05334,1.05362,1.10,1.00
2015.01.02 17:53:10.660,1.05332,1.05362,1.00,1.00
2015.01.02 17:53:20.271,1.0533,1.05347,1.00,1.00
2015.01.02 17:53:20.376,1.05321,1.05347,1.00,1.00
2015.01.02 17:53:20.477,1.05323,1.05351,1.00,1.00
2015.01.02 17:53:20.780,1.05319,1.05342,1.00,1.00
2015.01.02 17:53:20.831,1.05317,1.05342,1.00,1.00
2015.01.02 17:53:20.882,1.05317,1.05345,1.00,1.50
2015.01.02 17:53:21.135,1.05319,1.05345,1.00,1.50
2015.01.02 17:53:21.792,1.05317,1.05345,1.50,1.50
2015.01.02 17:53:22.927,1.05318,1.05345,1.00,1.50
2015.01.02 17:53:24.131,1.05319,1.05345,1.00,1.50
2015.01.02 17:53:31.272,1.0532,1.05345,1.00,1.00
2015.01.02 17:53:31.424,1.0532,1.05348,1.00,1.12
2015.01.02 17:53:31.475,1.05318,1.05346,1.00,1.00
2015.01.02 17:53:31.778,1.05325,1.05343,1.00,1.00
2015.01.02 17:53:31.829,1.05319,1.05343,1.00,1.00
2015.01.02 17:53:31.880,1.05319,1.05347,1.00,1.00
2015.01.02 17:53:31.930,1.05317,1.05345,1.00,1.00
2015.01.02 17:53:32.233,1.05315,1.05343,1.50,1.50
2015.01.02 17:53:32.542,1.05317,1.05342,1.00,1.00
2015.01.02 17:53:33.214,1.05317,1.05343,1.00,1.50
2015.01.02 17:53:47.863,1.05319,1.05343,1.00,1.50
2015.01.02 17:53:50.628,1.05315,1.05343,1.50,1.50
2015.01.02 17:53:55.345,1.05313,1.05343,1.00,1.50
2015.01.02 17:53:55.396,1.05319,1.05347,1.00,1.00
2015.01.02 17:53:55.749,1.05322,1.05347,1.00,1.00
2015.01.02 17:53:56.306,1.0532,1.05347,1.00,1.00
2015.01.02 17:54:00.638,1.05321,1.05349,1.00,1.00
2015.01.02 17:54:03.504,1.05317,1.05344,1.07,1.00
2015.01.02 17:54:03.655,1.05316,1.05344,1.00,1.00
2015.01.02 17:54:03.706,1.05319,1.05346,1.00,1.00
2015.01.02 17:54:04.211,1.05319,1.05347,1.00,1.00
2015.01.02 17:54:05.310,1.05315,1.05343,2.40,1.00
2015.01.02 17:54:05.827,1.05315,1.05343,1.50,1.00
2015.01.02 17:54:06.540,1.05317,1.05345,1.00,1.00
2015.01.02 17:54:06.843,1.05319,1.05347,1.00,1.00
2015.01.02 17:54:12.669,1.05315,1.05343,1.10,1.00
2015.01.02 17:54:13.175,1.05314,1.05343,1.00,1.00
2015.01.02 17:54:23.075,1.05314,1.05344,1.50,1.00
2015.01.02 17:54:31.289,1.05314,1.05342,1.00,1.00
2015.01.02 17:54:31.859,1.05315,1.05342,1.00,1.00
2015.01.02 17:54:32.011,1.05315,1.05345,1.50,1.00
2015.01.02 17:54:32.517,1.05316,1.05345,1.00,1.00
2015.01.02 17:54:34.420,1.05317,1.05345,1.00,1.00
2015.01.02 17:54:34.572,1.05318,1.05348,1.50,1.00
2015.01.02 17:54:42.997,1.05321,1.05349,1.00,1.00
2015.01.02 17:54:43.098,1.05321,1.05351,1.00,1.00
2015.01.02 17:54:43.402,1.05319,1.05347,1.00,1.00
2015.01.02 17:55:00.714,1.05318,1.05346,1.00,1.00
2015.01.02 17:55:01.115,1.05316,1.05344,1.00,1.00
2015.01.02 17:55:01.420,1.0532,1.05347,1.50,1.00
2015.01.02 17:55:02.850,1.05323,1.05347,1.00,1.00
2015.01.02 17:55:03.053,1.05329,1.05355,1.00,1.00
2015.01.02 17:55:06.325,1.05329,1.05356,1.00,1.00
2015.01.02 17:55:06.427,1.05326,1.05353,1.00,1.00
2015.01.02 17:55:11.582,1.05328,1.05353,1.00,1.00
2015.01.02 17:55:14.472,1.05328,1.05353,1.00,1.37
2015.01.02 17:55:14.775,1.05328,1.05347,1.00,1.00
2015.01.02 17:55:14.876,1.05323,1.05347,1.00,1.37
2015.01.02 17:55:15.129,1.0532,1.05346,1.00,1.37
2015.01.02 17:55:22.083,1.0532,1.05342,1.00,1.37
2015.01.02 17:55:22.134,1.05318,1.05339,1.00,1.37
2015.01.02 17:55:22.892,1.05316,1.05339,1.00,1.37
2015.01.02 17:55:25.579,1.05316,1.05339,1.00,1.37
2015.01.02 17:55:26.897,1.05315,1.05339,1.00,1.37
2015.01.02 17:55:28.280,1.05317,1.05339,1.00,1.37
2015.01.02 17:55:33.304,1.05317,1.0534,1.00,1.37
2015.01.02 17:55:33.356,1.05314,1.0534,1.00,1.37
2015.01.02 17:55:33.406,1.05313,1.05342,1.17,1.37
2015.01.02 17:55:33.508,1.05313,1.05342,1.00,1.37
2015.01.02 17:55:33.610,1.05312,1.05342,1.00,1.87
2015.01.02 17:55:40.979,1.05312,1.05342,1.50,1.37
2015.01.02 17:55:49.849,1.05314,1.05342,1.00,1.37
2015.01.02 17:55:51.173,1.05312,1.0534,1.00,1.37
2015.01.02 17:55:51.375,1.05308,1.05338,1.00,1.87
2015.01.02 17:55:55.641,1.05308,1.05338,1.00,1.37
2015.01.02 17:55:56.060,1.05308,1.05338,1.47,1.37
2015.01.02 17:55:56.162,1.05306,1.05334,1.00,1.37
2015.01.02 17:55:56.415,1.05306,1.05331,1.00,1.37
2015.01.02 17:55:56.618,1.05306,1.05334,1.00,1.37
2015.01.02 17:55:56.770,1.05309,1.05337,1.00,1.37
2015.01.02 17:55:58.288,1.05309,1.05337,1.00,1.37
2015.01.02 17:56:02.294,1.0531,1.05338,1.00,1.37
2015.01.02 17:56:02.397,1.05312,1.05338,1.00,1.37
2015.01.02 17:56:03.612,1.0531,1.05338,1.50,1.37
2015.01.02 17:56:06.921,1.05314,1.05338,1.00,1.37
2015.01.02 17:56:08.150,1.0531,1.05338,1.50,1.37
2015.01.02 17:56:15.410,1.05312,1.05338,1.00,1.37
2015.01.02 17:56:16.349,1.0531,1.05338,1.50,1.37
2015.01.02 17:56:16.576,1.05312,1.05338,1.00,1.37
2015.01.02 17:56:18.881,1.05313,1.05338,1.00,1.37
2015.01.02 17:56:20.034,1.05313,1.05338,1.00,1.37
2015.01.02 17:56:20.860,1.05312,1.05338,1.00,1.37
2015.01.02 17:56:21.168,1.05314,1.05338,1.00,1.37
2015.01.02 17:56:21.371,1.05314,1.05338,1.00,1.37
2015.01.02 17:56:21.573,1.05315,1.05343,1.17,1.87
2015.01.02 17:56:21.725,1.05319,1.05347,1.00,1.37
2015.01.02 17:56:33.245,1.0532,1.05348,1.00,1.37
2015.01.02 17:56:43.758,1.05321,1.05349,1.00,1.37
2015.01.02 17:56:52.084,1.05322,1.05352,1.00,1.37
2015.01.02 17:56:52.428,1.05327,1.05355,1.00,1.87
2015.01.02 17:57:05.390,1.05325,1.05355,1.00,1.87
2015.01.02 17:57:06.007,1.05319,1.05352,1.00,1.37
2015.01.02 17:57:06.109,1.05324,1.05352,1.00,1.37
2015.01.02 17:57:06.361,1.05324,1.05352,1.00,1.37
2015.01.02 17:57:09.019,1.05324,1.05352,1.00,1.00
2015.01.02 17:57:14.624,1.05325,1.05353,1.00,1.50
2015.01.02 17:57:14.826,1.05325,1.05353,1.00,1.37
2015.01.02 17:57:15.028,1.05325,1.05353,1.00,1.37
2015.01.02 17:57:21.110,1.05325,1.05353,1.00,1.37
2015.01.02 17:57:21.871,1.05325,1.05351,1.00,1.37
2015.01.02 17:57:22.387,1.05324,1.05351,1.00,1.37
2015.01.02 17:57:22.881,1.05322,1.0535,1.00,1.37
2015.01.02 17:57:23.321,1.05322,1.0535,1.00,1.37
2015.01.02 17:57:24.961,1.05322,1.05344,1.00,1.37
2015.01.02 17:57:26.356,1.0532,1.05345,1.00,1.37
2015.01.02 17:57:26.558,1.05322,1.05344,1.00,1.37
2015.01.02 17:57:26.912,1.0532,1.05344,1.00,1.37
2015.01.02 17:57:28.575,1.05322,1.05344,1.00,1.37
2015.01.02 17:57:29.657,1.05322,1.05344,1.00,1.37
2015.01.02 17:57:31.868,1.05322,1.05345,1.00,1.00
2015.01.02 17:57:32.373,1.05322,1.05347,1.00,1.37
2015.01.02 17:57:33.088,1.05322,1.05348,1.00,1.87
2015.01.02 17:57:34.076,1.05322,1.05348,1.00,1.87
2015.01.02 17:57:37.047,1.0532,1.05346,1.00,1.37
2015.01.02 17:57:39.922,1.0532,1.05348,1.00,1.87
2015.01.02 17:57:41.715,1.05318,1.05346,1.00,1.12
2015.01.02 17:57:43.090,1.05318,1.05348,1.00,1.00
2015.01.02 17:57:53.087,1.05318,1.05348,1.00,1.37
2015.01.02 17:57:53.604,1.05318,1.05348,1.00,1.37
2015.01.02 17:57:54.163,1.05318,1.05348,1.00,1.00
2015.01.02 17:57:57.632,1.05317,1.05345,1.00,1.00
2015.01.02 17:57:59.267,1.05314,1.05344,1.50,1.00
2015.01.02 17:57:59.368,1.05316,1.05346,1.00,1.00
2015.01.02 17:58:00.826,1.05316,1.05346,1.00,1.37
2015.01.02 17:58:02.926,1.05316,1.05346,1.00,1.00
2015.01.02 17:58:03.229,1.05318,1.05346,1.00,1.00
2015.01.02 17:58:03.280,1.05318,1.05348,1.50,1.00
2015.01.02 17:58:03.331,1.0532,1.05348,1.00,1.00
2015.01.02 17:58:03.482,1.05318,1.05348,1.50,1.00
2015.01.02 17:58:06.868,1.05319,1.05348,1.00,1.00
2015.01.02 17:58:07.485,1.05319,1.05351,1.50,1.00
2015.01.02 17:58:07.586,1.05326,1.05354,1.00,1.00
2015.01.02 17:58:09.905,1.05329,1.05356,1.00,1.00
2015.01.02 17:58:11.387,1.05333,1.05356,1.00,1.00
2015.01.02 17:58:11.488,1.05331,1.05358,1.00,1.12
2015.01.02 17:58:11.590,1.05329,1.05357,1.00,1.87
2015.01.02 17:58:11.792,1.05326,1.05353,1.00,1.00
2015.01.02 17:58:12.339,1.05326,1.05354,1.00,1.00
2015.01.02 17:58:18.506,1.05326,1.05353,1.00,1.00
2015.01.02 17:58:19.682,1.05325,1.05353,1.00,1.50
2015.01.02 17:58:22.180,1.05325,1.05351,1.00,1.00
2015.01.02 17:58:23.148,1.05325,1.05353,1.00,1.00
2015.01.02 17:58:23.249,1.05326,1.05355,1.00,1.00
2015.01.02 17:58:23.350,1.05328,1.05355,1.00,1.00
2015.01.02 17:58:24.324,1.05329,1.05355,1.00,1.00
2015.01.02 17:58:24.850,1.05326,1.05356,1.00,1.50
2015.01.02 17:58:37.915,1.05326,1.05354,1.00,1.00
2015.01.02 17:58:38.431,1.05326,1.05353,1.00,1.00
2015.01.02 17:58:39.083,1.05326,1.05351,1.00,1.00
2015.01.02 17:58:50.210,1.05326,1.05354,1.50,1.50
2015.01.02 17:58:50.719,1.05327,1.05355,1.50,1.00
2015.01.02 17:58:54.993,1.05327,1.05355,1.37,1.00
2015.01.02 17:58:55.044,1.05331,1.05359,1.00,1.50
2015.01.02 17:58:55.246,1.05332,1.05361,1.00,1.00
2015.01.02 17:58:55.829,1.05331,1.05357,1.00,1.00
2015.01.02 17:58:55.931,1.05331,1.05359,1.00,1.00
2015.01.02 17:58:56.033,1.05333,1.05361,1.00,1.50
2015.01.02 17:58:57.484,1.05333,1.05361,1.00,1.87
2015.01.02 17:59:10.891,1.05333,1.05359,1.00,1.00
2015.01.02 17:59:11.399,1.05334,1.05362,1.00,1.37
2015.01.02 17:59:11.601,1.05332,1.0536,1.50,1.12
2015.01.02 17:59:11.652,1.05332,1.05358,1.00,1.37
2015.01.02 17:59:11.753,1.05329,1.05355,1.00,1.37
2015.01.02 17:59:11.855,1.05329,1.05355,1.00,1.37
2015.01.02 17:59:12.057,1.05326,1.05353,1.00,1.37
2015.01.02 17:59:12.469,1.0533,1.05354,1.00,1.37
2015.01.02 17:59:12.620,1.0533,1.05357,1.00,1.37
2015.01.02 17:59:16.566,1.05329,1.05358,1.00,1.87
2015.01.02 17:59:16.617,1.05329,1.05357,1.00,1.50
2015.01.02 17:59:16.768,1.05327,1.05357,1.00,1.00
2015.01.02 17:59:16.870,1.0533,1.05358,1.00,1.00
2015.01.02 17:59:17.338,1.05332,1.05358,1.00,1.00
2015.01.02 17:59:24.042,1.0533,1.05358,1.00,1.00
2015.01.02 17:59:29.357,1.05331,1.05358,1.00,1.00
2015.01.02 17:59:29.880,1.0533,1.05358,1.00,1.00
2015.01.02 17:59:30.032,1.05331,1.05361,1.00,1.00
2015.01.02 17:59:30.133,1.05333,1.05361,1.00,1.00
2015.01.02 17:59:30.234,1.05333,1.05363,1.50,1.00
2015.01.02 17:59:30.335,1.05337,1.05363,1.00,1.00
2015.01.02 17:59:34.520,1.05337,1.05367,1.50,1.00
2015.01.02 17:59:34.622,1.05336,1.05363,1.00,1.00
2015.01.02 17:59:34.724,1.05336,1.05366,1.00,1.00
2015.01.02 17:59:34.825,1.05334,1.05366,1.00,1.00
2015.01.02 17:59:34.876,1.05337,1.05366,1.00,1.00
2015.01.02 17:59:38.139,1.05337,1.05362,1.00,1.00
2015.01.02 17:59:38.190,1.05335,1.05362,1.00,1.00
2015.01.02 17:59:38.442,1.05332,1.0536,1.00,1.00
2015.01.02 17:59:42.841,1.05334,1.05364,1.00,1.00
2015.01.02 17:59:43.448,1.05334,1.05363,1.00,1.00
2015.01.02 17:59:48.081,1.05331,1.05361,1.00,1.00
2015.01.02 17:59:49.389,1.05333,1.05361,1.00,1.00
2015.01.02 17:59:51.803,1.05333,1.05363,1.50,1.00
2015.01.02 17:59:53.794,1.05332,1.0536,1.00,1.00
2015.01.02 17:59:55.771,1.05334,1.05362,1.00,1.50
2015.01.02 17:59:56.090,1.05334,1.05362,1.00,1.37
2015.01.02 17:59:56.295,1.05331,1.05361,1.00,1.37
2015.01.02 17:59:59.567,1.05331,1.05361,1.00,1.00
