2015.01.22 23:00:02.111,1.06948,1.07002,1.00,1.20
2015.01.22 23:00:02.162,1.06948,1.07007,1.37,2.25
2015.01.22 23:00:02.213,1.06953,1.07007,1.00,1.75
2015.01.22 23:00:02.264,1.06953,1.07007,1.00,1.12
2015.01.22 23:00:02.365,1.06961,1.07013,1.00,1.00
2015.01.22 23:00:02.668,1.06968,1.07027,1.00,1.75
2015.01.22 23:00:03.194,1.06969,1.07029,1.00,1.75
2015.01.22 23:00:03.451,1.06954,1.07009,1.50,1.00
2015.01.22 23:00:03.537,1.06949,1.07009,1.00,1.00
2015.01.22 23:00:03.604,1.06947,1.07008,1.37,1.07
2015.01.22 23:00:03.706,1.06947,1.07008,1.00,1.45
2015.01.22 23:00:03.909,1.06953,1.07011,1.00,1.12
2015.01.22 23:00:03.960,1.06953,1.07012,1.00,1.37
2015.01.22 23:00:04.011,1.06965,1.07012,1.00,1.37
2015.01.22 23:00:04.112,1.06965,1.07019,1.00,1.12
2015.01.22 23:00:04.624,1.06964,1.07021,1.00,1.75
2015.01.22 23:00:04.933,1.06965,1.07023,1.00,1.07
2015.01.22 23:00:04.985,1.06969,1.07023,1.00,1.07
2015.01.22 23:00:05.540,1.06964,1.07023,1.00,1.07
2015.01.22 23:00:05.766,1.0695,1.07012,1.00,1.37
2015.01.22 23:00:05.867,1.06948,1.07012,1.10,1.00
2015.01.22 23:00:05.969,1.0695,1.07013,1.00,1.00
2015.01.22 23:00:06.272,1.06949,1.07004,1.00,1.00
2015.01.22 23:00:07.100,1.06948,1.07004,1.00,1.00
2015.01.22 23:00:07.251,1.06948,1.07009,1.00,1.37
2015.01.22 23:00:07.302,1.06957,1.07009,1.00,1.37
2015.01.22 23:00:07.820,1.06958,1.07009,1.00,1.00
2015.01.22 23:00:08.288,1.06956,1.07009,1.00,1.00
2015.01.22 23:00:08.441,1.06956,1.07009,1.00,1.07
2015.01.22 23:00:09.366,1.06953,1.07011,1.00,2.25
2015.01.22 23:00:09.846,1.06955,1.07011,1.00,1.87
2015.01.22 23:00:09.947,1.06943,1.07,1.00,1.00
2015.01.22 23:00:10.048,1.06943,1.06998,1.00,1.37
2015.01.22 23:00:10.150,1.06937,1.06996,1.37,1.12
2015.01.22 23:00:10.251,1.06937,1.06996,1.00,1.00
2015.01.22 23:00:11.029,1.06936,1.06993,1.00,1.00
2015.01.22 23:00:11.332,1.06931,1.06988,1.00,1.47
2015.01.22 23:00:11.635,1.06936,1.06988,1.00,1.10
2015.01.22 23:00:11.685,1.0693,1.06988,1.00,1.95
2015.01.22 23:00:11.786,1.06932,1.06988,1.00,1.47
2015.01.22 23:00:12.090,1.06937,1.06988,1.00,1.10
2015.01.22 23:00:12.393,1.06941,1.06988,1.00,1.00
2015.01.22 23:00:13.528,1.06941,1.06988,1.37,1.00
2015.01.22 23:00:13.686,1.06944,1.06992,1.12,1.00
2015.01.22 23:00:13.738,1.06944,1.06995,1.12,1.00
2015.01.22 23:00:13.839,1.0695,1.07001,1.00,1.00
2015.01.22 23:00:14.142,1.06954,1.07002,1.00,1.10
2015.01.22 23:00:15.110,1.06958,1.07008,1.00,1.12
2015.01.22 23:00:15.262,1.06958,1.0701,1.00,1.50
2015.01.22 23:00:15.666,1.06961,1.07007,1.00,1.07
2015.01.22 23:00:15.997,1.06964,1.07015,1.12,1.75
2015.01.22 23:00:16.502,1.06963,1.07015,1.12,1.75
2015.01.22 23:00:17.030,1.06964,1.07015,1.12,1.87
2015.01.22 23:00:17.233,1.06963,1.07015,1.12,1.87
2015.01.22 23:00:17.729,1.06969,1.07013,1.12,1.07
2015.01.22 23:00:18.053,1.06959,1.07012,1.12,1.82
2015.01.22 23:00:18.573,1.06958,1.0701,1.12,1.82
2015.01.22 23:00:19.082,1.06959,1.0701,1.12,1.82
2015.01.22 23:00:19.183,1.06968,1.07005,1.12,1.37
2015.01.22 23:00:19.285,1.06969,1.07004,1.12,1.12
2015.01.22 23:00:19.438,1.06968,1.07012,1.12,1.50
2015.01.22 23:00:19.964,1.06969,1.07015,1.12,2.25
2015.01.22 23:00:20.469,1.06968,1.07015,1.12,1.87
2015.01.22 23:00:20.671,1.06969,1.07012,1.12,1.12
2015.01.22 23:00:20.934,1.06963,1.07007,1.12,1.12
2015.01.22 23:00:21.356,1.06964,1.07006,1.12,1.87
2015.01.22 23:00:21.677,1.06958,1.06994,1.12,1.12
2015.01.22 23:00:22.435,1.06959,1.06995,1.12,1.12
2015.01.22 23:00:23.172,1.06948,1.06992,1.12,1.10
2015.01.22 23:00:23.273,1.06948,1.06994,1.12,1.12
2015.01.22 23:00:23.788,1.06949,1.06992,1.12,1.12
2015.01.22 23:00:24.690,1.06948,1.06995,1.12,1.12
2015.01.22 23:00:25.221,1.06949,1.06992,1.12,1.50
2015.01.22 23:00:25.771,1.06948,1.06992,1.12,2.25
2015.01.22 23:00:26.174,1.06948,1.06991,1.12,1.12
2015.01.22 23:00:26.276,1.06948,1.06992,1.12,1.75
2015.01.22 23:00:26.427,1.06948,1.0699,1.12,1.47
2015.01.22 23:00:26.730,1.06949,1.06986,1.12,1.37
2015.01.22 23:00:26.982,1.06939,1.06982,1.12,1.05
2015.01.22 23:00:27.184,1.06939,1.06982,1.50,1.05
2015.01.22 23:00:27.806,1.06938,1.06982,1.12,1.05
2015.01.22 23:00:28.545,1.06938,1.0698,1.12,1.97
2015.01.22 23:00:28.949,1.06939,1.06976,1.12,1.70
2015.01.22 23:00:29.051,1.06933,1.06972,1.12,1.60
2015.01.22 23:00:29.455,1.06938,1.0698,1.12,2.41
2015.01.22 23:00:30.069,1.06939,1.0698,1.12,1.20
2015.01.22 23:00:30.488,1.06949,1.0698,1.12,1.80
2015.01.22 23:00:31.200,1.06948,1.0698,1.12,1.26
2015.01.22 23:00:31.912,1.06949,1.0698,1.12,1.26
2015.01.22 23:00:32.474,1.06948,1.0698,1.12,1.98
2015.01.22 23:00:32.998,1.06949,1.0698,1.12,1.98
2015.01.22 23:00:33.680,1.06948,1.0698,1.12,1.98
2015.01.22 23:00:34.461,1.06949,1.0698,1.12,1.98
2015.01.22 23:00:34.966,1.06949,1.06985,1.12,1.32
2015.01.22 23:00:35.218,1.06954,1.06986,1.12,2.22
2015.01.22 23:00:35.939,1.06953,1.06986,1.12,2.59
2015.01.22 23:00:36.654,1.06953,1.06985,1.12,1.62
2015.01.22 23:00:36.856,1.06949,1.06985,1.12,1.99
2015.01.22 23:00:37.411,1.06949,1.06986,1.12,1.80
2015.01.22 23:00:37.688,1.06953,1.06986,1.12,1.80
2015.01.22 23:00:38.216,1.06953,1.06985,1.12,1.64
2015.01.22 23:00:38.766,1.06954,1.06985,1.12,1.80
2015.01.22 23:00:39.787,1.06953,1.06985,1.12,1.80
2015.01.22 23:00:40.499,1.06954,1.06985,1.12,1.80
2015.01.22 23:00:42.026,1.06953,1.06985,1.12,1.80
2015.01.22 23:00:42.545,1.06954,1.06985,1.12,1.26
2015.01.22 23:00:43.341,1.06953,1.06985,1.12,1.26
2015.01.22 23:00:43.644,1.06964,1.06985,1.12,1.62
2015.01.22 23:00:43.695,1.06964,1.06991,1.12,1.92
2015.01.22 23:00:43.998,1.06964,1.06993,1.12,2.05
2015.01.22 23:00:44.200,1.06964,1.06997,1.12,1.35
2015.01.22 23:00:44.402,1.06963,1.06998,1.12,1.05
2015.01.22 23:00:44.604,1.06963,1.06998,1.12,1.05
2015.01.22 23:00:45.383,1.06963,1.06997,1.12,1.30
2015.01.22 23:00:45.484,1.06968,1.07002,1.12,2.10
2015.01.22 23:00:46.075,1.06969,1.07,1.12,1.35
2015.01.22 23:00:46.587,1.06968,1.06999,1.12,1.35
2015.01.22 23:00:46.689,1.06969,1.06996,1.12,1.30
2015.01.22 23:00:46.790,1.06963,1.07,1.12,1.35
2015.01.22 23:00:47.042,1.06963,1.06997,1.12,1.30
2015.01.22 23:00:47.092,1.06963,1.07,1.12,2.10
2015.01.22 23:00:47.395,1.06963,1.06996,1.12,1.67
2015.01.22 23:00:47.495,1.06959,1.06996,1.12,1.67
2015.01.22 23:00:48.054,1.06958,1.06996,1.12,1.67
2015.01.22 23:00:48.220,1.06958,1.07,1.12,1.60
2015.01.22 23:00:48.726,1.06959,1.07,1.12,1.60
2015.01.22 23:00:49.699,1.06958,1.07,1.12,1.60
2015.01.22 23:00:50.247,1.06959,1.06998,1.12,1.97
2015.01.22 23:00:51.018,1.06958,1.06998,1.12,1.97
2015.01.22 23:00:51.620,1.06959,1.06998,1.12,1.97
2015.01.22 23:00:52.238,1.06958,1.06998,1.12,1.97
2015.01.22 23:00:53.056,1.06958,1.06998,1.12,1.97
2015.01.22 23:00:53.157,1.06958,1.06998,1.12,1.97
2015.01.22 23:00:53.708,1.06958,1.06998,1.12,1.97
2015.01.22 23:00:53.759,1.06958,1.06997,1.12,1.35
2015.01.22 23:00:54.263,1.06959,1.06996,1.12,2.10
2015.01.22 23:00:55.049,1.06958,1.06996,1.12,2.10
2015.01.22 23:00:55.646,1.06959,1.06996,1.12,2.10
2015.01.22 23:00:56.260,1.06958,1.06996,1.12,2.10
2015.01.22 23:00:56.788,1.06959,1.06998,1.12,1.97
2015.01.22 23:00:58.858,1.06958,1.06998,1.12,1.97
2015.01.22 23:00:59.412,1.06959,1.06998,1.12,1.97
2015.01.22 23:01:00.115,1.06959,1.06998,1.12,2.10
2015.01.22 23:01:00.638,1.06958,1.06998,1.12,2.10
2015.01.22 23:01:01.151,1.06959,1.06997,1.12,1.35
2015.01.22 23:01:01.677,1.06958,1.06997,1.12,1.35
2015.01.22 23:01:02.524,1.06959,1.06997,1.12,1.35
2015.01.22 23:01:03.048,1.06958,1.06997,1.12,1.35
2015.01.22 23:01:04.050,1.06959,1.06997,1.12,1.35
2015.01.22 23:01:04.800,1.06958,1.06997,1.12,1.35
2015.01.22 23:01:05.545,1.06959,1.06998,1.12,2.10
2015.01.22 23:01:06.240,1.06958,1.06995,1.12,1.97
2015.01.22 23:01:07.022,1.06959,1.06995,1.12,1.97
2015.01.22 23:01:08.074,1.06958,1.06995,1.12,1.97
2015.01.22 23:01:08.579,1.06959,1.06995,1.12,1.72
2015.01.22 23:01:09.170,1.06959,1.06995,1.12,1.97
2015.01.22 23:01:09.372,1.06958,1.06994,1.12,1.30
2015.01.22 23:01:09.877,1.06959,1.06995,1.12,1.97
2015.01.22 23:01:10.379,1.06958,1.06994,1.12,1.12
2015.01.22 23:01:10.884,1.06954,1.06992,1.37,1.12
2015.01.22 23:01:11.478,1.06953,1.06992,1.87,1.37
2015.01.22 23:01:12.098,1.06954,1.06992,1.37,1.37
2015.01.22 23:01:12.432,1.06954,1.06992,1.37,1.37
2015.01.22 23:01:13.218,1.06953,1.06992,1.87,1.37
2015.01.22 23:01:14.132,1.06954,1.06992,1.37,1.37
2015.01.22 23:01:14.818,1.06953,1.06992,1.87,1.37
2015.01.22 23:01:15.383,1.06954,1.06992,1.37,1.37
2015.01.22 23:01:16.094,1.06954,1.06992,1.37,1.37
2015.01.22 23:01:16.638,1.06954,1.06992,1.37,1.37
2015.01.22 23:01:17.147,1.06953,1.06992,1.87,1.37
2015.01.22 23:01:18.277,1.06954,1.06992,1.37,1.37
2015.01.22 23:01:18.828,1.06953,1.06992,1.87,1.37
2015.01.22 23:01:19.808,1.06954,1.06992,1.37,1.37
2015.01.22 23:01:20.248,1.06954,1.06992,1.12,1.37
2015.01.22 23:01:20.809,1.06953,1.06991,1.87,1.37
2015.01.22 23:01:21.335,1.06953,1.06991,1.87,1.37
2015.01.22 23:01:21.915,1.06954,1.06991,1.12,1.37
2015.01.22 23:01:23.418,1.06953,1.06991,1.87,1.37
2015.01.22 23:01:23.987,1.06954,1.06991,1.12,1.37
2015.01.22 23:01:24.648,1.06953,1.06991,1.87,1.37
2015.01.22 23:01:25.429,1.06954,1.06991,1.12,1.37
2015.01.22 23:01:26.355,1.06953,1.06991,1.87,1.37
2015.01.22 23:01:27.673,1.06954,1.06991,1.12,1.37
2015.01.22 23:01:28.394,1.06953,1.06991,1.87,1.37
2015.01.22 23:01:29.060,1.06954,1.06991,1.12,1.37
2015.01.22 23:01:30.449,1.06953,1.06991,1.87,1.37
2015.01.22 23:01:31.037,1.06954,1.06991,1.12,1.37
2015.01.22 23:01:31.573,1.06953,1.06991,1.87,1.37
2015.01.22 23:01:31.928,1.06953,1.06991,1.87,1.00
2015.01.22 23:01:32.184,1.06959,1.06993,1.12,1.60
2015.01.22 23:01:32.544,1.06964,1.06996,1.12,1.60
2015.01.22 23:01:33.328,1.06963,1.06996,1.12,1.60
2015.01.22 23:01:34.131,1.06964,1.06996,1.12,1.60
2015.01.22 23:01:34.646,1.06963,1.06996,1.12,1.60
2015.01.22 23:01:35.205,1.06964,1.06996,1.12,1.60
2015.01.22 23:01:35.862,1.06963,1.06996,1.12,1.60
2015.01.22 23:01:36.372,1.06964,1.06996,1.12,1.60
2015.01.22 23:01:37.244,1.06968,1.06998,1.12,1.30
2015.01.22 23:01:37.834,1.06969,1.06998,1.12,1.30
2015.01.22 23:01:38.455,1.06974,1.07009,1.37,1.60
2015.01.22 23:01:38.960,1.06974,1.07014,1.37,2.17
2015.01.22 23:01:39.162,1.06973,1.07017,1.37,2.09
2015.01.22 23:01:39.314,1.06973,1.07017,1.37,1.75
2015.01.22 23:01:39.365,1.06973,1.07017,1.37,1.37
2015.01.22 23:01:39.416,1.06974,1.07018,1.37,2.46
2015.01.22 23:01:39.726,1.06973,1.07022,1.37,1.35
2015.01.22 23:01:40.250,1.06974,1.07022,1.37,1.35
2015.01.22 23:01:40.945,1.06973,1.07022,1.37,1.35
2015.01.22 23:01:41.481,1.06974,1.07018,1.37,1.35
2015.01.22 23:01:42.389,1.06973,1.07012,1.37,1.30
2015.01.22 23:01:43.180,1.06974,1.07021,1.37,1.97
2015.01.22 23:01:43.694,1.06973,1.07021,1.37,1.35
2015.01.22 23:01:44.247,1.06974,1.07021,1.37,1.35
2015.01.22 23:01:44.976,1.06973,1.0702,1.37,1.35
2015.01.22 23:01:45.489,1.06974,1.0702,1.37,1.35
2015.01.22 23:01:47.737,1.06973,1.0702,1.37,1.35
2015.01.22 23:01:48.513,1.06974,1.0702,1.37,1.35
2015.01.22 23:01:49.247,1.06973,1.0702,1.37,1.35
2015.01.22 23:01:49.788,1.06974,1.0702,1.37,1.35
2015.01.22 23:01:50.702,1.06973,1.0702,1.37,1.35
2015.01.22 23:01:51.381,1.06974,1.07021,1.37,1.35
2015.01.22 23:01:51.903,1.06973,1.07021,1.37,1.35
2015.01.22 23:01:52.483,1.06974,1.07021,1.37,1.35
2015.01.22 23:01:53.088,1.06973,1.07021,1.37,1.35
2015.01.22 23:01:53.610,1.06974,1.0702,1.37,1.35
2015.01.22 23:01:54.135,1.06974,1.0702,1.37,1.35
2015.01.22 23:01:54.639,1.06973,1.0702,1.37,1.35
2015.01.22 23:01:54.941,1.06973,1.07015,1.37,1.35
2015.01.22 23:01:55.157,1.06973,1.07012,1.37,1.30
2015.01.22 23:01:55.647,1.06969,1.07012,1.37,1.30
2015.01.22 23:01:56.462,1.06968,1.07012,1.37,1.30
2015.01.22 23:01:57.378,1.06969,1.07012,1.37,1.30
2015.01.22 23:01:57.934,1.06969,1.07021,1.37,1.97
2015.01.22 23:01:58.468,1.06968,1.07016,1.37,1.35
2015.01.22 23:01:58.976,1.06969,1.07016,1.37,1.35
2015.01.22 23:01:59.519,1.06968,1.07016,1.37,1.35
2015.01.22 23:01:59.570,1.06968,1.07022,1.37,2.10
2015.01.22 23:02:00.085,1.06969,1.07021,1.37,1.97
2015.01.22 23:02:00.548,1.06968,1.07016,1.37,1.35
2015.01.22 23:02:01.058,1.06969,1.07016,1.87,1.35
2015.01.22 23:02:01.566,1.06969,1.07016,1.37,1.35
2015.01.22 23:02:02.089,1.06969,1.07016,1.87,1.35
2015.01.22 23:02:02.607,1.06969,1.07016,1.37,1.35
2015.01.22 23:02:03.146,1.06969,1.07016,1.87,1.35
2015.01.22 23:02:03.356,1.06969,1.07021,1.37,1.35
2015.01.22 23:02:03.858,1.06969,1.07016,1.00,1.35
2015.01.22 23:02:04.311,1.06971,1.07016,1.00,1.35
2015.01.22 23:02:04.614,1.06969,1.07016,1.12,1.35
2015.01.22 23:02:04.766,1.06969,1.07014,1.12,1.35
2015.01.22 23:02:05.071,1.06971,1.07012,1.00,1.35
2015.01.22 23:02:05.172,1.06965,1.07016,1.37,2.10
2015.01.22 23:02:05.475,1.06969,1.07012,1.00,2.10
2015.01.22 23:02:05.576,1.06969,1.07014,1.12,1.35
2015.01.22 23:02:05.778,1.06969,1.07019,1.12,1.35
2015.01.22 23:02:05.979,1.06969,1.07016,1.12,1.35
2015.01.22 23:02:06.198,1.06969,1.07019,1.00,1.35
2015.01.22 23:02:06.400,1.06969,1.07015,1.00,1.35
2015.01.22 23:02:06.703,1.06969,1.07012,1.12,1.35
2015.01.22 23:02:07.477,1.06969,1.07015,1.12,1.35
2015.01.22 23:02:08.273,1.06969,1.07016,1.12,1.97
2015.01.22 23:02:08.727,1.06965,1.07011,1.37,1.67
2015.01.22 23:02:08.832,1.06968,1.07016,1.37,1.97
2015.01.22 23:02:09.135,1.06969,1.0702,1.37,2.05
2015.01.22 23:02:09.639,1.06974,1.0702,1.12,2.04
2015.01.22 23:02:09.958,1.06978,1.07021,1.37,1.68
2015.01.22 23:02:10.585,1.06973,1.07021,1.37,1.20
2015.01.22 23:02:11.071,1.06978,1.0702,1.37,2.10
2015.01.22 23:02:11.664,1.06979,1.0702,1.37,2.10
2015.01.22 23:02:12.928,1.06978,1.0702,1.12,2.10
2015.01.22 23:02:13.560,1.06983,1.0702,1.12,2.10
2015.01.22 23:02:14.074,1.06979,1.0702,1.12,2.10
2015.01.22 23:02:14.767,1.06978,1.0702,1.12,2.47
2015.01.22 23:02:15.276,1.06979,1.0702,1.12,2.47
2015.01.22 23:02:15.781,1.06978,1.07015,1.12,1.72
2015.01.22 23:02:15.883,1.06974,1.07015,1.12,1.72
2015.01.22 23:02:16.532,1.06974,1.0702,1.37,1.35
2015.01.22 23:02:17.140,1.06973,1.0702,1.37,1.35
2015.01.22 23:02:17.652,1.06974,1.07012,1.37,1.60
2015.01.22 23:02:18.160,1.06973,1.07014,1.37,1.72
2015.01.22 23:02:18.261,1.06968,1.07014,1.87,1.60
2015.01.22 23:02:18.769,1.06969,1.07014,1.37,1.60
2015.01.22 23:02:19.285,1.06968,1.07014,1.37,1.60
2015.01.22 23:02:19.933,1.06969,1.07015,1.37,1.72
2015.01.22 23:02:20.337,1.06973,1.07015,1.37,1.97
2015.01.22 23:02:20.912,1.06974,1.07015,1.37,1.97
2015.01.22 23:02:21.434,1.06973,1.07015,1.37,1.97
2015.01.22 23:02:21.943,1.06974,1.07017,1.37,1.35
2015.01.22 23:02:22.566,1.06973,1.07017,1.37,1.35
2015.01.22 23:02:23.131,1.06974,1.07017,1.37,1.35
2015.01.22 23:02:23.715,1.06973,1.07016,1.37,1.35
2015.01.22 23:02:24.324,1.06974,1.07016,1.37,1.35
2015.01.22 23:02:24.938,1.06973,1.07012,1.37,1.97
2015.01.22 23:02:25.452,1.06974,1.07014,1.37,1.97
2015.01.22 23:02:25.964,1.06973,1.0701,1.37,1.30
2015.01.22 23:02:26.417,1.06973,1.0701,1.12,1.30
2015.01.22 23:02:26.733,1.06984,1.07015,1.12,1.60
2015.01.22 23:02:27.036,1.06973,1.07012,1.12,1.60
2015.01.22 23:02:27.238,1.06969,1.07007,1.00,1.00
2015.01.22 23:02:27.718,1.06969,1.07004,1.12,1.00
2015.01.22 23:02:28.121,1.06968,1.06999,1.12,1.00
2015.01.22 23:02:28.172,1.0696,1.06999,1.37,1.00
2015.01.22 23:02:29.626,1.0696,1.06999,1.37,1.00
2015.01.22 23:02:30.238,1.06953,1.06995,1.87,1.00
2015.01.22 23:02:30.339,1.06956,1.06995,1.00,1.00
2015.01.22 23:02:30.748,1.06958,1.06995,1.12,1.00
2015.01.22 23:02:31.258,1.06959,1.06995,1.12,1.00
2015.01.22 23:02:31.895,1.06956,1.06995,1.37,1.00
2015.01.22 23:02:31.946,1.0696,1.06999,1.00,1.00
2015.01.22 23:02:32.501,1.06961,1.06999,1.00,1.00
2015.01.22 23:02:32.889,1.06963,1.06999,1.12,1.00
2015.01.22 23:02:33.403,1.06964,1.06999,1.12,1.00
2015.01.22 23:02:34.458,1.06963,1.06999,1.12,1.00
2015.01.22 23:02:35.196,1.06964,1.06999,1.12,1.00
2015.01.22 23:02:35.982,1.06963,1.06999,1.12,1.00
2015.01.22 23:02:36.946,1.06964,1.06999,1.12,1.00
2015.01.22 23:02:37.733,1.06963,1.06999,1.12,1.00
2015.01.22 23:02:38.295,1.06964,1.06999,1.12,1.00
2015.01.22 23:02:39.005,1.06963,1.06999,1.12,1.00
2015.01.22 23:02:39.558,1.06964,1.06999,1.12,1.00
2015.01.22 23:02:39.666,1.06964,1.07001,1.12,1.00
2015.01.22 23:02:40.106,1.0696,1.07001,1.00,1.00
2015.01.22 23:02:40.157,1.06957,1.06995,1.37,1.00
2015.01.22 23:02:40.724,1.06957,1.06995,1.37,1.00
2015.01.22 23:02:41.234,1.06957,1.06995,1.37,1.00
2015.01.22 23:02:42.305,1.06957,1.06995,1.00,1.00
2015.01.22 23:02:42.582,1.06956,1.06997,1.00,1.00
2015.01.22 23:02:42.784,1.06954,1.06992,1.00,1.00
2015.01.22 23:02:45.004,1.06954,1.06993,1.12,1.00
2015.01.22 23:02:45.319,1.06954,1.06988,1.00,1.00
2015.01.22 23:02:45.370,1.06954,1.06992,1.00,1.00
2015.01.22 23:02:45.673,1.06954,1.06987,1.12,1.00
2015.01.22 23:02:45.775,1.06954,1.06992,1.00,1.00
2015.01.22 23:02:46.078,1.06954,1.06987,1.00,1.00
2015.01.22 23:02:46.179,1.06954,1.06992,1.00,1.00
2015.01.22 23:02:47.102,1.06954,1.06987,1.00,1.00
2015.01.22 23:02:47.203,1.06954,1.06991,1.00,1.00
2015.01.22 23:02:48.412,1.06954,1.06987,1.00,1.00
2015.01.22 23:02:48.816,1.06954,1.06991,1.00,1.00
2015.01.22 23:02:49.020,1.06954,1.06988,1.00,1.00
2015.01.22 23:02:49.302,1.06954,1.06991,1.00,1.00
2015.01.22 23:02:50.023,1.06954,1.06988,1.00,1.00
2015.01.22 23:02:50.379,1.06954,1.06991,1.00,1.00
2015.01.22 23:02:50.917,1.06954,1.0699,1.00,1.00
2015.01.22 23:02:51.120,1.06954,1.06987,1.00,1.00
2015.01.22 23:02:51.222,1.06954,1.0699,1.00,1.00
2015.01.22 23:02:51.323,1.06954,1.06988,1.00,1.00
2015.01.22 23:02:51.424,1.06954,1.0699,1.00,1.00
2015.01.22 23:02:51.727,1.06954,1.06988,1.00,1.00
2015.01.22 23:02:52.188,1.06954,1.06986,1.00,1.00
2015.01.22 23:02:52.290,1.06954,1.06989,1.00,1.00
2015.01.22 23:02:52.794,1.06954,1.0699,1.00,1.00
2015.01.22 23:02:53.299,1.06954,1.06989,1.00,1.00
2015.01.22 23:02:54.031,1.06954,1.06991,1.00,1.00
2015.01.22 23:02:54.741,1.06954,1.06989,1.00,1.00
2015.01.22 23:02:57.018,1.06954,1.06989,1.00,1.37
2015.01.22 23:02:57.321,1.06954,1.06985,1.00,1.00
2015.01.22 23:02:57.623,1.06954,1.06989,1.00,1.00
2015.01.22 23:02:57.724,1.06954,1.06984,1.00,1.00
2015.01.22 23:02:57.926,1.06954,1.06987,1.00,1.00
2015.01.22 23:02:58.128,1.06954,1.06983,1.00,1.00
2015.01.22 23:02:58.330,1.06954,1.0699,1.00,1.35
2015.01.22 23:02:58.431,1.06954,1.06985,1.00,1.00
2015.01.22 23:02:58.532,1.06954,1.06989,1.00,1.00
2015.01.22 23:02:59.051,1.06954,1.06988,1.00,1.00
2015.01.22 23:02:59.455,1.06955,1.06984,1.00,1.00
2015.01.22 23:02:59.556,1.06955,1.06989,1.00,1.00
2015.01.22 23:03:00.069,1.06954,1.06989,1.00,1.00
2015.01.22 23:03:00.119,1.06954,1.06985,1.00,1.00
2015.01.22 23:03:00.221,1.06954,1.06988,1.00,1.00
2015.01.22 23:03:00.322,1.06954,1.06986,1.00,1.00
2015.01.22 23:03:00.539,1.06954,1.06989,1.00,1.00
2015.01.22 23:03:01.529,1.06954,1.06985,1.00,1.00
2015.01.22 23:03:01.631,1.06954,1.0699,1.00,1.35
2015.01.22 23:03:03.371,1.06952,1.0699,1.00,1.00
2015.01.22 23:03:04.135,1.06954,1.0699,1.00,1.00
2015.01.22 23:03:06.653,1.06954,1.06988,1.00,1.00
2015.01.22 23:03:12.090,1.06954,1.06989,1.00,1.00
2015.01.22 23:03:12.595,1.06954,1.0699,1.00,1.35
2015.01.22 23:03:17.384,1.06954,1.06988,1.00,1.00
2015.01.22 23:03:18.605,1.06954,1.06998,1.00,1.35
2015.01.22 23:03:18.706,1.06954,1.07,1.37,1.35
2015.01.22 23:03:19.009,1.06968,1.07001,1.12,1.36
2015.01.22 23:03:19.110,1.06968,1.0702,1.12,2.00
2015.01.22 23:03:19.312,1.06964,1.07032,1.50,1.54
2015.01.22 23:03:20.235,1.06963,1.07034,1.50,1.27
2015.01.22 23:03:20.719,1.06965,1.07029,1.37,1.47
2015.01.22 23:03:21.260,1.06964,1.07029,1.37,1.76
2015.01.22 23:03:21.770,1.06964,1.07029,1.87,1.76
2015.01.22 23:03:22.280,1.06964,1.07029,1.37,1.76
2015.01.22 23:03:22.792,1.06964,1.07029,1.87,1.76
2015.01.22 23:03:23.411,1.06964,1.07029,1.37,1.76
2015.01.22 23:03:23.946,1.06964,1.07029,1.87,1.47
2015.01.22 23:03:24.584,1.06964,1.07029,1.37,1.47
2015.01.22 23:03:25.097,1.06969,1.0702,1.12,1.22
2015.01.22 23:03:26.142,1.06969,1.07015,1.12,1.00
2015.01.22 23:03:26.657,1.06969,1.07026,1.12,1.58
2015.01.22 23:03:27.180,1.06966,1.07026,1.37,1.58
2015.01.22 23:03:27.690,1.06966,1.07026,1.37,1.58
2015.01.22 23:03:28.469,1.06966,1.07026,1.37,1.58
2015.01.22 23:03:28.773,1.06966,1.07023,1.00,1.51
2015.01.22 23:03:30.677,1.06966,1.07011,1.00,1.00
2015.01.22 23:03:30.980,1.06958,1.07005,1.37,1.00
2015.01.22 23:03:31.383,1.06958,1.07003,1.12,1.37
2015.01.22 23:03:31.485,1.06958,1.07004,1.12,1.00
2015.01.22 23:03:31.788,1.06959,1.07,1.12,1.00
2015.01.22 23:03:32.090,1.06959,1.06997,1.12,1.87
2015.01.22 23:03:32.393,1.06959,1.06988,1.00,1.00
2015.01.22 23:03:32.696,1.06959,1.06984,1.00,1.00
2015.01.22 23:03:32.848,1.06944,1.06978,2.25,1.00
2015.01.22 23:03:32.899,1.06944,1.06963,1.37,1.00
2015.01.22 23:03:33.000,1.06928,1.06953,1.00,1.00
2015.01.22 23:03:33.051,1.06919,1.06948,1.37,1.00
2015.01.22 23:03:33.152,1.06919,1.06953,1.37,1.22
2015.01.22 23:03:33.203,1.06909,1.06948,1.12,1.37
2015.01.22 23:03:33.405,1.06904,1.06948,1.00,1.60
2015.01.22 23:03:33.607,1.06894,1.0695,2.25,1.70
2015.01.22 23:03:33.809,1.06911,1.06966,1.00,1.06
2015.01.22 23:03:34.313,1.06911,1.06967,1.00,1.33
2015.01.22 23:03:34.364,1.06907,1.06967,1.00,1.33
2015.01.22 23:03:34.890,1.06907,1.06966,1.00,1.19
2015.01.22 23:03:36.601,1.0691,1.06966,1.00,1.19
2015.01.22 23:03:36.803,1.06908,1.06966,1.00,1.19
2015.01.22 23:03:37.549,1.06911,1.06976,1.00,2.17
2015.01.22 23:03:44.054,1.06914,1.06976,1.00,1.33
2015.01.22 23:03:44.205,1.06914,1.06977,1.00,1.22
2015.01.22 23:03:44.926,1.06914,1.06977,1.00,1.22
2015.01.22 23:03:45.431,1.06914,1.06977,1.00,1.22
2015.01.22 23:03:45.945,1.06914,1.06977,1.00,1.22
2015.01.22 23:03:46.555,1.06914,1.06977,1.00,1.22
2015.01.22 23:03:46.807,1.06917,1.06977,1.00,1.22
2015.01.22 23:03:47.015,1.06917,1.06978,1.00,1.00
2015.01.22 23:03:47.116,1.06917,1.06978,1.00,1.22
2015.01.22 23:03:47.373,1.06915,1.06978,1.00,1.22
2015.01.22 23:03:48.590,1.06915,1.0698,1.00,1.32
2015.01.22 23:03:49.614,1.06915,1.0698,1.00,1.32
2015.01.22 23:03:51.088,1.06914,1.0698,1.00,1.32
2015.01.22 23:03:51.602,1.06915,1.0698,1.00,1.32
2015.01.22 23:03:52.187,1.06915,1.0698,1.00,1.32
2015.01.22 23:03:52.879,1.06917,1.0698,1.00,1.32
2015.01.22 23:03:53.595,1.06917,1.0698,1.00,1.22
2015.01.22 23:03:54.105,1.06917,1.06981,1.00,1.22
2015.01.22 23:03:55.108,1.06917,1.06981,1.00,1.22
2015.01.22 23:03:55.416,1.06914,1.06984,1.57,1.30
2015.01.22 23:03:55.466,1.06917,1.06989,1.07,1.30
2015.01.22 23:03:55.769,1.06921,1.06993,1.45,1.30
2015.01.22 23:03:56.274,1.06925,1.06994,1.00,1.30
2015.01.22 23:03:56.821,1.06923,1.06993,1.20,1.30
2015.01.22 23:03:57.440,1.06923,1.06993,1.95,1.30
2015.01.22 23:03:57.979,1.06923,1.06993,1.45,1.30
2015.01.22 23:03:58.499,1.06924,1.06993,1.10,1.30
2015.01.22 23:03:58.806,1.06929,1.06994,1.37,1.22
2015.01.22 23:03:59.555,1.06928,1.06994,1.47,1.22
2015.01.22 23:04:00.060,1.06928,1.06997,1.47,1.32
2015.01.22 23:04:00.602,1.06928,1.06997,1.47,1.32
2015.01.22 23:04:01.103,1.06929,1.06997,1.50,1.32
2015.01.22 23:04:01.632,1.06929,1.06997,1.50,1.32
2015.01.22 23:04:02.322,1.06928,1.06997,1.57,1.32
2015.01.22 23:04:02.925,1.06928,1.06997,1.57,1.32
2015.01.22 23:04:03.433,1.06929,1.06999,1.50,1.30
2015.01.22 23:04:03.736,1.06946,1.07,1.00,1.05
2015.01.22 23:04:03.888,1.0695,1.07,1.00,1.05
2015.01.22 23:04:04.618,1.06949,1.06998,1.00,1.72
2015.01.22 23:04:05.143,1.06949,1.06998,1.00,2.07
2015.01.22 23:04:06.935,1.06942,1.0699,1.00,1.67
2015.01.22 23:04:07.461,1.06942,1.0699,1.00,1.30
2015.01.22 23:04:08.860,1.06943,1.06992,1.00,1.97
2015.01.22 23:04:08.962,1.06941,1.0699,1.00,1.60
2015.01.22 23:04:09.063,1.06939,1.0699,1.00,1.97
2015.01.22 23:04:09.366,1.06939,1.06982,1.00,1.22
2015.01.22 23:04:12.177,1.0694,1.06988,1.00,1.32
2015.01.22 23:04:12.278,1.06929,1.06989,2.25,1.33
2015.01.22 23:04:12.681,1.06939,1.06989,1.00,1.70
2015.01.22 23:04:12.881,1.06929,1.06989,2.25,1.33
2015.01.22 23:04:13.451,1.06929,1.06989,1.37,1.33
2015.01.22 23:04:13.807,1.06937,1.06989,1.00,1.33
2015.01.22 23:04:14.113,1.06933,1.06988,1.37,1.30
2015.01.22 23:04:14.520,1.06938,1.06989,1.00,1.30
2015.01.22 23:04:14.834,1.06936,1.06989,1.00,1.33
2015.01.22 23:04:15.137,1.06938,1.06986,1.00,2.07
2015.01.22 23:04:15.644,1.06936,1.06981,1.00,1.22
2015.01.22 23:04:16.149,1.06935,1.06985,1.00,1.60
2015.01.22 23:04:16.678,1.06937,1.06986,1.00,2.07
2015.01.22 23:04:17.050,1.06939,1.06989,1.00,1.72
2015.01.22 23:04:17.403,1.06942,1.06989,1.00,1.38
2015.01.22 23:04:17.505,1.0694,1.06989,1.00,1.75
2015.01.22 23:04:18.016,1.06939,1.06989,1.00,1.64
2015.01.22 23:04:19.536,1.06939,1.06983,1.00,1.97
2015.01.22 23:04:19.637,1.06939,1.06981,1.00,1.60
2015.01.22 23:04:19.940,1.06945,1.06984,1.00,1.22
2015.01.22 23:04:20.166,1.06943,1.06984,1.00,1.22
2015.01.22 23:04:20.583,1.06941,1.06984,1.00,1.22
2015.01.22 23:04:20.888,1.06939,1.06984,1.00,1.22
2015.01.22 23:04:21.414,1.06938,1.06984,1.50,1.22
2015.01.22 23:04:22.008,1.06938,1.06978,1.00,1.00
2015.01.22 23:04:22.977,1.06939,1.06978,1.00,1.00
2015.01.22 23:04:23.487,1.06938,1.06978,1.00,1.00
2015.01.22 23:04:23.840,1.06942,1.06982,1.00,1.22
2015.01.22 23:04:23.941,1.06937,1.06982,1.00,1.22
2015.01.22 23:04:24.326,1.06942,1.06982,1.00,1.22
2015.01.22 23:04:24.830,1.0694,1.06982,1.00,1.22
2015.01.22 23:04:25.630,1.06939,1.06982,1.00,1.22
2015.01.22 23:04:26.853,1.0694,1.06982,1.00,1.22
2015.01.22 23:04:27.852,1.06939,1.06982,1.00,1.22
2015.01.22 23:04:28.588,1.06937,1.06982,1.50,1.35
2015.01.22 23:04:28.917,1.06942,1.06982,1.00,1.35
2015.01.22 23:04:29.418,1.06941,1.06982,1.00,1.35
2015.01.22 23:04:30.508,1.06939,1.06982,1.00,1.22
2015.01.22 23:04:30.609,1.06942,1.06982,1.00,1.22
2015.01.22 23:04:30.710,1.06937,1.06982,1.50,1.22
2015.01.22 23:04:30.811,1.06939,1.06982,1.00,1.22
2015.01.22 23:04:31.355,1.06938,1.06984,1.00,1.60
2015.01.22 23:04:31.722,1.0694,1.06984,1.00,1.60
2015.01.22 23:04:32.227,1.06941,1.06984,1.00,1.60
2015.01.22 23:04:33.346,1.0694,1.06984,1.00,1.60
2015.01.22 23:04:34.004,1.06936,1.06984,1.50,1.60
2015.01.22 23:04:38.278,1.06937,1.06983,1.00,1.22
2015.01.22 23:04:38.430,1.06937,1.06983,1.37,1.22
2015.01.22 23:04:38.531,1.06937,1.06983,1.00,1.60
2015.01.22 23:04:38.581,1.06941,1.06981,1.00,1.22
2015.01.22 23:04:38.895,1.06937,1.06984,1.00,1.60
2015.01.22 23:04:39.406,1.06938,1.06984,1.00,1.60
2015.01.22 23:04:39.819,1.06941,1.06981,1.00,1.22
2015.01.22 23:04:40.122,1.06944,1.06981,1.00,1.22
2015.01.22 23:04:40.446,1.06946,1.06981,1.00,1.22
2015.01.22 23:04:40.971,1.06945,1.06981,1.00,1.22
2015.01.22 23:04:41.721,1.06945,1.06981,1.00,1.22
2015.01.22 23:04:42.237,1.06946,1.06981,1.00,1.22
2015.01.22 23:04:42.741,1.06945,1.06984,1.00,1.22
2015.01.22 23:04:44.694,1.06945,1.06984,1.50,1.22
2015.01.22 23:04:44.898,1.06946,1.06984,1.00,1.00
2015.01.22 23:04:46.721,1.06949,1.06987,1.00,1.00
2015.01.22 23:04:47.205,1.06946,1.06982,1.00,1.00
2015.01.22 23:04:47.626,1.06948,1.06982,1.00,1.00
2015.01.22 23:04:48.200,1.06947,1.06982,1.00,1.00
2015.01.22 23:04:50.644,1.06948,1.06982,1.00,1.00
2015.01.22 23:04:50.947,1.06949,1.06978,1.00,1.00
2015.01.22 23:04:51.068,1.06947,1.06978,1.00,1.00
2015.01.22 23:04:51.169,1.06947,1.06982,1.00,1.00
2015.01.22 23:04:51.220,1.06947,1.06978,1.00,1.00
2015.01.22 23:04:52.442,1.06947,1.06973,1.00,1.00
2015.01.22 23:04:52.550,1.06947,1.06977,1.00,1.00
2015.01.22 23:04:52.651,1.06947,1.06984,1.00,1.67
2015.01.22 23:04:52.702,1.06947,1.06985,1.00,1.35
2015.01.22 23:04:52.752,1.06947,1.0698,1.00,1.00
2015.01.22 23:04:53.056,1.06947,1.06974,1.00,1.00
2015.01.22 23:04:58.480,1.06947,1.06973,1.00,1.00
2015.01.22 23:04:58.633,1.06947,1.06979,1.00,1.00
2015.01.22 23:04:59.160,1.06947,1.06978,1.00,1.00
2015.01.22 23:04:59.261,1.06947,1.06974,1.00,1.00
2015.01.22 23:04:59.868,1.06949,1.06974,1.00,1.00
2015.01.22 23:05:00.544,1.06949,1.06977,1.00,1.00
2015.01.22 23:05:00.645,1.06949,1.06974,1.00,1.00
2015.01.22 23:05:01.572,1.06949,1.06978,1.00,1.00
2015.01.22 23:05:01.674,1.06949,1.06973,1.00,1.00
2015.01.22 23:05:01.979,1.06949,1.06978,1.00,1.00
2015.01.22 23:05:02.080,1.06949,1.06974,1.00,1.00
2015.01.22 23:05:02.647,1.06949,1.06978,1.00,1.12
2015.01.22 23:05:03.152,1.06949,1.06977,1.00,1.00
2015.01.22 23:05:03.253,1.06949,1.06975,1.00,1.00
2015.01.22 23:05:03.454,1.06949,1.06977,1.00,1.00
2015.01.22 23:05:03.959,1.0695,1.06977,1.00,1.00
2015.01.22 23:05:04.161,1.0695,1.06979,1.00,1.30
2015.01.22 23:05:04.705,1.06949,1.06979,1.00,1.30
2015.01.22 23:05:07.102,1.06949,1.06983,1.00,1.22
2015.01.22 23:05:07.658,1.06949,1.06986,1.00,1.22
2015.01.22 23:05:08.170,1.06949,1.06984,1.50,1.22
2015.01.22 23:05:08.677,1.06949,1.06983,1.00,1.22
2015.01.22 23:05:09.283,1.06952,1.06987,1.00,1.00
2015.01.22 23:05:09.486,1.0695,1.06992,1.12,1.00
2015.01.22 23:05:09.615,1.0695,1.06992,1.37,1.00
2015.01.22 23:05:09.918,1.06951,1.06987,1.00,1.00
2015.01.22 23:05:10.019,1.06948,1.06987,1.50,1.00
2015.01.22 23:05:10.171,1.06951,1.06987,1.00,1.00
2015.01.22 23:05:10.373,1.06944,1.06984,1.00,1.00
2015.01.22 23:05:10.524,1.06944,1.06984,1.00,1.22
2015.01.22 23:05:10.827,1.06948,1.06983,1.00,1.22
2015.01.22 23:05:10.928,1.0694,1.06979,1.00,1.22
2015.01.22 23:05:10.978,1.06939,1.06976,1.00,1.00
2015.01.22 23:05:11.029,1.06936,1.06976,1.00,1.00
2015.01.22 23:05:11.181,1.06933,1.06972,1.00,1.00
2015.01.22 23:05:11.484,1.06929,1.06968,1.00,1.00
2015.01.22 23:05:13.314,1.06929,1.06952,1.00,1.00
2015.01.22 23:05:13.365,1.06919,1.06952,1.00,1.00
2015.01.22 23:05:13.517,1.06916,1.06962,1.37,2.10
2015.01.22 23:05:13.568,1.06916,1.06956,1.37,1.75
2015.01.22 23:05:13.669,1.06912,1.06957,1.00,2.92
2015.01.22 23:05:13.820,1.06915,1.06956,1.00,1.97
2015.01.22 23:05:13.972,1.06915,1.06956,1.00,1.72
2015.01.22 23:05:14.075,1.06913,1.06956,1.00,1.72
2015.01.22 23:05:15.676,1.06909,1.06957,1.00,2.55
2015.01.22 23:05:16.459,1.06909,1.06956,1.00,1.60
2015.01.22 23:05:16.564,1.06904,1.06957,1.12,1.42
2015.01.22 23:05:16.666,1.06903,1.06954,1.00,1.53
2015.01.22 23:05:16.969,1.06912,1.06954,1.00,1.22
2015.01.22 23:05:17.272,1.06914,1.06953,1.12,1.30
2015.01.22 23:05:17.525,1.06911,1.06956,1.00,1.22
2015.01.22 23:05:17.576,1.06917,1.06956,1.00,1.22
2015.01.22 23:05:17.896,1.06918,1.06952,1.00,1.00
2015.01.22 23:05:18.402,1.06918,1.06958,1.00,1.60
2015.01.22 23:05:18.705,1.06918,1.06952,1.00,1.37
2015.01.22 23:05:19.008,1.06922,1.06955,1.00,1.60
2015.01.22 23:05:19.109,1.06919,1.06956,1.00,1.60
2015.01.22 23:05:19.613,1.06923,1.06962,1.00,1.22
2015.01.22 23:05:20.342,1.06923,1.06962,1.37,1.22
2015.01.22 23:05:20.905,1.06923,1.06962,1.87,1.22
2015.01.22 23:05:21.431,1.06923,1.06962,1.37,1.22
2015.01.22 23:05:21.936,1.06924,1.06964,1.00,1.22
2015.01.22 23:05:22.461,1.06921,1.06962,1.37,1.22
2015.01.22 23:05:22.975,1.06921,1.06962,1.37,1.22
2015.01.22 23:05:23.493,1.06921,1.06962,1.37,1.22
2015.01.22 23:05:24.062,1.06921,1.06962,1.37,1.22
2015.01.22 23:05:24.574,1.06921,1.06962,1.37,1.22
2015.01.22 23:05:25.087,1.06925,1.06965,1.00,1.22
2015.01.22 23:05:25.499,1.06921,1.06962,1.37,1.22
2015.01.22 23:05:26.003,1.06921,1.06962,1.37,1.22
2015.01.22 23:05:26.594,1.06921,1.06962,1.37,1.22
2015.01.22 23:05:27.132,1.06921,1.06962,1.37,1.22
2015.01.22 23:05:27.703,1.06921,1.06962,1.37,1.22
2015.01.22 23:05:28.213,1.06921,1.06962,1.37,1.22
2015.01.22 23:05:28.834,1.06921,1.06962,1.37,1.22
2015.01.22 23:05:29.534,1.06921,1.06962,1.37,1.22
2015.01.22 23:05:29.837,1.06921,1.06962,1.00,1.22
2015.01.22 23:05:31.213,1.06921,1.06962,1.00,1.22
2015.01.22 23:05:31.725,1.06921,1.06961,1.00,1.22
2015.01.22 23:05:32.333,1.06921,1.06961,1.00,1.22
2015.01.22 23:05:32.979,1.06921,1.06961,1.00,1.60
2015.01.22 23:05:33.332,1.06918,1.0696,1.12,1.60
2015.01.22 23:05:33.534,1.06914,1.06953,1.12,1.30
2015.01.22 23:05:33.584,1.06914,1.06953,1.12,1.22
2015.01.22 23:05:33.887,1.06909,1.06946,1.37,1.37
2015.01.22 23:05:33.937,1.06906,1.06945,1.37,1.37
2015.01.22 23:05:34.089,1.06906,1.06945,1.37,1.91
2015.01.22 23:05:34.190,1.06906,1.06945,1.37,1.30
2015.01.22 23:05:34.391,1.06906,1.06945,1.37,1.22
2015.01.22 23:05:34.895,1.06906,1.06945,1.37,1.22
2015.01.22 23:05:35.433,1.06906,1.06945,1.37,1.22
2015.01.22 23:05:36.370,1.06906,1.06945,1.37,1.22
2015.01.22 23:05:36.899,1.06906,1.06945,1.37,1.22
2015.01.22 23:05:37.605,1.06906,1.06945,1.37,1.35
2015.01.22 23:05:38.935,1.06906,1.06945,1.37,1.35
2015.01.22 23:05:39.493,1.06904,1.06943,1.12,1.22
2015.01.22 23:05:40.643,1.06904,1.06943,1.00,1.35
2015.01.22 23:05:44.705,1.06904,1.06943,1.00,1.84
2015.01.22 23:05:46.345,1.06904,1.06941,1.12,1.35
2015.01.22 23:05:47.006,1.06902,1.06941,1.37,2.10
2015.01.22 23:05:47.914,1.06902,1.06941,1.37,2.10
2015.01.22 23:05:48.454,1.06902,1.06941,1.37,2.10
2015.01.22 23:05:49.065,1.06902,1.06941,1.37,1.72
2015.01.22 23:05:50.697,1.06902,1.0694,1.37,1.60
2015.01.22 23:05:51.427,1.06902,1.06938,1.37,1.22
2015.01.22 23:05:51.731,1.06899,1.06938,1.87,1.22
2015.01.22 23:05:51.882,1.06901,1.06938,1.00,1.22
2015.01.22 23:05:53.626,1.06899,1.06936,1.12,1.35
2015.01.22 23:05:53.777,1.06898,1.06934,1.12,1.22
2015.01.22 23:05:54.325,1.06898,1.06934,1.37,1.72
2015.01.22 23:05:54.855,1.06901,1.06934,1.00,1.22
2015.01.22 23:05:59.171,1.06899,1.06934,1.00,1.22
2015.01.22 23:05:59.474,1.06897,1.06931,1.00,1.35
2015.01.22 23:05:59.625,1.06892,1.06933,1.00,1.66
2015.01.22 23:05:59.726,1.06886,1.06927,1.00,1.22
2015.01.22 23:05:59.828,1.06873,1.06933,1.45,1.54
2015.01.22 23:05:59.878,1.06873,1.06925,1.45,1.21
2015.01.22 23:06:00.131,1.06869,1.06919,1.12,1.22
2015.01.22 23:06:12.276,1.0687,1.06925,1.00,1.21
2015.01.22 23:06:13.025,1.06869,1.06925,1.00,1.21
2015.01.22 23:06:13.230,1.06869,1.06921,1.87,1.60
2015.01.22 23:06:13.669,1.06869,1.0692,1.00,1.35
2015.01.22 23:06:14.288,1.0687,1.06924,1.00,1.60
2015.01.22 23:06:14.803,1.06869,1.06925,1.00,1.96
2015.01.22 23:06:15.348,1.0687,1.06923,1.00,1.60
2015.01.22 23:06:17.854,1.06873,1.06925,1.00,1.18
2015.01.22 23:06:18.212,1.0687,1.06924,1.50,1.60
2015.01.22 23:06:19.436,1.0687,1.0692,1.87,1.22
2015.01.22 23:06:19.854,1.0687,1.06921,1.50,1.22
2015.01.22 23:06:20.894,1.0687,1.06921,1.87,1.22
2015.01.22 23:06:21.399,1.0687,1.06922,1.50,1.35
2015.01.22 23:06:22.737,1.0687,1.0692,1.87,1.22
2015.01.22 23:06:23.245,1.0687,1.0692,1.87,1.22
2015.01.22 23:06:23.346,1.0687,1.0692,1.50,1.22
2015.01.22 23:06:23.850,1.0687,1.06922,1.87,1.35
2015.01.22 23:06:24.364,1.0687,1.06921,1.50,1.22
2015.01.22 23:06:24.739,1.06872,1.06925,1.00,1.18
2015.01.22 23:06:24.945,1.0687,1.06922,1.50,1.35
2015.01.22 23:06:30.502,1.06867,1.06921,1.37,1.72
2015.01.22 23:06:30.590,1.06865,1.06915,1.87,1.22
2015.01.22 23:06:30.893,1.0686,1.06906,1.00,1.22
2015.01.22 23:06:31.196,1.0686,1.069,1.00,1.22
2015.01.22 23:06:31.499,1.0686,1.069,1.00,1.63
2015.01.22 23:06:31.957,1.0686,1.06891,1.00,1.22
2015.01.22 23:06:32.363,1.0686,1.06886,1.00,1.17
2015.01.22 23:06:32.880,1.0686,1.0689,1.00,1.17
2015.01.22 23:06:34.861,1.0686,1.06897,1.00,1.37
2015.01.22 23:06:34.962,1.0686,1.069,1.00,1.17
2015.01.22 23:06:35.680,1.0686,1.069,1.00,1.17
2015.01.22 23:06:36.680,1.06859,1.069,1.00,1.17
2015.01.22 23:06:36.884,1.06857,1.06899,1.00,1.17
2015.01.22 23:06:37.187,1.06857,1.06899,1.00,1.17
2015.01.22 23:06:37.490,1.06857,1.06893,1.00,1.17
2015.01.22 23:06:37.994,1.06857,1.0689,1.00,1.17
2015.01.22 23:06:38.297,1.06858,1.06884,1.00,1.00
2015.01.22 23:06:38.398,1.06858,1.06889,1.00,1.22
2015.01.22 23:06:38.449,1.06858,1.06889,1.00,1.60
2015.01.22 23:06:39.370,1.06858,1.06881,1.00,1.00
2015.01.22 23:06:39.572,1.06858,1.06883,1.00,1.00
2015.01.22 23:06:39.673,1.06858,1.0688,1.00,1.00
2015.01.22 23:06:39.976,1.06858,1.06878,1.00,1.00
2015.01.22 23:06:40.077,1.06858,1.06881,1.00,1.00
2015.01.22 23:06:40.178,1.06858,1.06877,1.00,1.00
2015.01.22 23:06:40.380,1.06858,1.06882,1.00,1.54
2015.01.22 23:06:40.484,1.06858,1.06875,1.00,1.00
2015.01.22 23:06:41.045,1.06848,1.06875,1.00,1.00
2015.01.22 23:06:41.297,1.06848,1.06871,1.00,1.00
2015.01.22 23:06:43.608,1.06849,1.06871,1.00,1.00
2015.01.22 23:06:43.810,1.06852,1.06876,1.00,1.22
2015.01.22 23:06:44.114,1.06849,1.06876,1.00,1.17
2015.01.22 23:06:44.688,1.06849,1.06876,1.00,1.22
2015.01.22 23:06:45.885,1.06849,1.06876,1.00,1.60
2015.01.22 23:06:46.317,1.06849,1.06872,1.00,1.00
2015.01.22 23:06:52.017,1.06849,1.06873,1.00,1.00
2015.01.22 23:06:54.068,1.06849,1.06873,1.00,1.37
2015.01.22 23:06:55.862,1.06849,1.06873,1.00,1.12
2015.01.22 23:06:56.115,1.06847,1.06873,1.00,1.12
2015.01.22 23:06:56.367,1.0684,1.06872,1.00,1.00
2015.01.22 23:06:56.745,1.0684,1.06868,1.00,1.00
2015.01.22 23:06:56.846,1.0684,1.06871,1.00,1.00
2015.01.22 23:06:57.150,1.0684,1.06869,1.00,1.00
2015.01.22 23:06:57.715,1.0684,1.06866,1.00,1.00
2015.01.22 23:06:57.816,1.0684,1.06869,1.00,1.00
2015.01.22 23:06:57.867,1.06834,1.06869,1.00,1.12
2015.01.22 23:06:58.069,1.06834,1.06869,1.00,1.50
2015.01.22 23:06:58.221,1.06834,1.06869,1.00,1.17
2015.01.22 23:06:58.322,1.06838,1.06869,1.00,1.17
2015.01.22 23:06:58.826,1.06838,1.06869,1.00,1.22
2015.01.22 23:06:59.129,1.0684,1.06868,1.00,1.22
2015.01.22 23:07:01.838,1.06841,1.06868,1.00,1.00
2015.01.22 23:07:02.361,1.0684,1.0687,1.00,1.17
2015.01.22 23:07:02.412,1.06838,1.0687,1.00,1.17
2015.01.22 23:07:02.636,1.06858,1.06871,1.00,1.17
2015.01.22 23:07:02.888,1.06858,1.06882,1.00,1.22
2015.01.22 23:07:03.040,1.06856,1.06882,1.00,1.22
2015.01.22 23:07:03.393,1.06854,1.06891,1.00,1.82
2015.01.22 23:07:03.695,1.06853,1.06888,1.00,1.17
2015.01.22 23:07:03.998,1.06855,1.06883,1.00,1.17
2015.01.22 23:07:04.531,1.06854,1.0689,1.00,1.74
2015.01.22 23:07:05.045,1.06852,1.06893,1.00,1.71
2015.01.22 23:07:05.309,1.06852,1.06886,1.00,1.46
2015.01.22 23:07:05.612,1.06856,1.0689,1.00,1.54
2015.01.22 23:07:06.126,1.06856,1.06889,1.00,1.99
2015.01.22 23:07:06.380,1.06853,1.06889,1.00,1.99
2015.01.22 23:07:06.583,1.06855,1.06888,1.00,1.67
2015.01.22 23:07:06.848,1.06856,1.06896,1.00,1.29
2015.01.22 23:07:07.151,1.06859,1.0689,1.00,1.17
2015.01.22 23:07:07.580,1.06859,1.06883,1.00,1.00
2015.01.22 23:07:07.887,1.06859,1.06879,1.00,1.00
2015.01.22 23:07:08.098,1.06856,1.06879,1.00,1.12
2015.01.22 23:07:08.250,1.06856,1.06875,1.00,1.00
2015.01.22 23:07:08.362,1.06854,1.06875,1.00,1.00
2015.01.22 23:07:08.665,1.06853,1.06872,1.00,1.00
2015.01.22 23:07:08.927,1.06857,1.06878,1.00,1.22
2015.01.22 23:07:09.129,1.06855,1.06878,1.00,1.12
2015.01.22 23:07:09.181,1.06855,1.06874,1.00,1.00
2015.01.22 23:07:09.335,1.06853,1.06874,1.00,1.00
2015.01.22 23:07:09.436,1.06844,1.06874,1.00,1.00
2015.01.22 23:07:09.587,1.06844,1.06877,1.00,1.00
2015.01.22 23:07:09.638,1.06847,1.06877,1.00,1.00
2015.01.22 23:07:09.890,1.06843,1.06877,1.00,1.00
2015.01.22 23:07:10.093,1.06848,1.06877,1.00,1.00
2015.01.22 23:07:10.622,1.06847,1.06877,1.00,1.00
2015.01.22 23:07:10.925,1.06845,1.06872,1.00,1.00
2015.01.22 23:07:11.230,1.06845,1.06869,1.00,1.54
2015.01.22 23:07:11.740,1.06846,1.06869,1.00,1.54
2015.01.22 23:07:12.081,1.06844,1.06869,1.00,1.54
2015.01.22 23:07:12.586,1.06845,1.06869,1.00,1.54
2015.01.22 23:07:13.090,1.06846,1.06876,1.00,1.17
2015.01.22 23:07:13.242,1.06846,1.06876,1.00,1.00
2015.01.22 23:07:13.848,1.06848,1.06876,1.00,1.00
2015.01.22 23:07:14.050,1.06845,1.06876,1.00,1.00
2015.01.22 23:07:15.926,1.06845,1.06876,1.00,1.29
2015.01.22 23:07:16.443,1.06846,1.06876,1.00,1.29
2015.01.22 23:07:17.039,1.06845,1.06876,1.00,1.29
2015.01.22 23:07:19.470,1.06845,1.06876,1.00,1.29
2015.01.22 23:07:22.197,1.06845,1.06876,1.00,1.17
2015.01.22 23:07:25.852,1.06849,1.06876,1.00,1.17
2015.01.22 23:07:28.344,1.06845,1.06878,1.00,1.17
2015.01.22 23:07:28.596,1.06848,1.06878,1.00,1.17
2015.01.22 23:07:28.907,1.06855,1.06878,1.00,1.17
2015.01.22 23:07:29.873,1.06846,1.06878,1.00,1.54
2015.01.22 23:07:30.126,1.06843,1.06878,1.37,2.04
2015.01.22 23:07:30.176,1.06843,1.06878,1.37,2.42
2015.01.22 23:07:30.379,1.06846,1.06875,1.00,2.04
2015.01.22 23:07:30.480,1.06846,1.06875,1.00,1.67
2015.01.22 23:07:30.581,1.06846,1.06875,1.00,1.60
2015.01.22 23:07:30.683,1.06842,1.06875,1.00,1.17
2015.01.22 23:07:32.089,1.06844,1.06875,1.00,1.22
2015.01.22 23:07:32.597,1.06844,1.06875,1.00,1.17
2015.01.22 23:07:32.901,1.06846,1.06875,1.00,1.17
2015.01.22 23:07:33.209,1.06848,1.06875,1.00,1.17
2015.01.22 23:07:33.315,1.06846,1.06875,1.00,1.17
2015.01.22 23:07:38.344,1.06844,1.06875,1.00,1.17
2015.01.22 23:07:41.640,1.06844,1.06875,1.00,1.22
2015.01.22 23:07:43.544,1.06843,1.06875,1.00,1.22
2015.01.22 23:07:44.050,1.06844,1.06875,1.00,1.22
2015.01.22 23:07:45.097,1.06843,1.06875,1.00,1.22
2015.01.22 23:07:50.356,1.06843,1.06876,1.00,1.17
2015.01.22 23:07:52.542,1.06841,1.06876,1.00,1.17
2015.01.22 23:07:53.135,1.06841,1.06872,1.00,1.00
2015.01.22 23:07:53.437,1.06841,1.06869,1.00,1.00
2015.01.22 23:07:53.740,1.06839,1.06866,1.00,1.17
2015.01.22 23:07:54.244,1.0684,1.06866,1.00,1.54
2015.01.22 23:07:56.646,1.06846,1.06866,1.00,1.54
2015.01.22 23:07:56.848,1.06844,1.06866,1.00,1.54
2015.01.22 23:07:57.416,1.06843,1.06866,1.00,1.22
2015.01.22 23:07:57.820,1.06848,1.06874,1.00,1.17
2015.01.22 23:07:58.031,1.06846,1.06874,1.00,1.17
2015.01.22 23:07:58.390,1.06844,1.06874,1.00,1.17
2015.01.22 23:07:59.157,1.06844,1.06874,1.00,1.17
2015.01.22 23:07:59.720,1.06844,1.06874,1.00,1.17
2015.01.22 23:08:00.251,1.06844,1.06874,1.00,1.17
2015.01.22 23:08:00.602,1.06846,1.06874,1.00,1.17
2015.01.22 23:08:00.806,1.06844,1.06874,1.00,1.17
2015.01.22 23:08:01.317,1.06844,1.06874,1.00,1.17
2015.01.22 23:08:01.824,1.06843,1.06874,1.00,1.17
2015.01.22 23:08:02.741,1.06843,1.06874,1.00,1.17
2015.01.22 23:08:03.465,1.06843,1.06874,1.00,1.17
2015.01.22 23:08:03.969,1.06843,1.06871,1.00,1.17
2015.01.22 23:08:04.474,1.06843,1.06871,1.00,1.17
2015.01.22 23:08:05.596,1.06843,1.06871,1.00,1.17
2015.01.22 23:08:06.178,1.06843,1.06871,1.00,1.17
2015.01.22 23:08:08.215,1.06843,1.06871,1.00,1.17
2015.01.22 23:08:08.950,1.06843,1.06872,1.00,1.17
2015.01.22 23:08:09.056,1.06845,1.06872,1.00,1.17
2015.01.22 23:08:09.839,1.06843,1.06872,1.00,1.29
2015.01.22 23:08:10.343,1.06843,1.06872,1.00,1.29
2015.01.22 23:08:10.850,1.06844,1.06872,1.00,1.29
2015.01.22 23:08:11.070,1.06846,1.06872,1.00,1.29
2015.01.22 23:08:11.171,1.0684,1.06869,1.00,1.29
2015.01.22 23:08:11.272,1.06844,1.06869,1.00,1.29
2015.01.22 23:08:11.575,1.06837,1.06869,1.00,1.17
2015.01.22 23:08:12.079,1.06837,1.06864,1.00,1.00
2015.01.22 23:08:14.264,1.06837,1.06869,1.00,1.17
2015.01.22 23:08:14.775,1.06837,1.06872,1.00,1.17
2015.01.22 23:08:14.877,1.06833,1.06872,1.50,1.17
2015.01.22 23:08:15.538,1.06835,1.06872,1.00,1.09
2015.01.22 23:08:16.064,1.06835,1.06872,1.00,1.09
2015.01.22 23:08:16.760,1.06835,1.06872,1.00,1.09
2015.01.22 23:08:17.728,1.06835,1.06872,1.00,1.00
2015.01.22 23:08:17.980,1.06837,1.06876,1.00,1.00
2015.01.22 23:08:19.110,1.06838,1.06876,1.00,1.00
2015.01.22 23:08:19.413,1.06842,1.06876,1.00,1.00
2015.01.22 23:08:19.621,1.06837,1.06876,1.00,1.00
2015.01.22 23:08:22.021,1.0684,1.0688,1.00,1.00
2015.01.22 23:08:22.172,1.06843,1.06884,1.00,1.00
2015.01.22 23:08:24.187,1.06847,1.06887,1.00,1.37
2015.01.22 23:08:24.691,1.06847,1.06887,1.00,1.00
2015.01.22 23:08:25.013,1.06844,1.06883,1.50,1.00
2015.01.22 23:08:25.114,1.06842,1.06883,1.00,1.00
2015.01.22 23:08:25.637,1.06842,1.06882,1.00,1.00
2015.01.22 23:08:25.939,1.06845,1.06883,1.00,1.00
2015.01.22 23:08:26.040,1.06842,1.06883,1.00,1.00
2015.01.22 23:08:26.091,1.06844,1.06883,1.00,1.00
2015.01.22 23:08:26.550,1.06842,1.06883,1.00,1.00
2015.01.22 23:08:28.816,1.06845,1.06883,1.00,1.00
2015.01.22 23:08:28.917,1.06842,1.06883,1.00,1.00
2015.01.22 23:08:29.909,1.06844,1.06884,1.00,1.00
2015.01.22 23:08:30.414,1.06843,1.06884,1.50,1.00
2015.01.22 23:08:31.316,1.06848,1.06886,1.00,1.00
2015.01.22 23:08:31.830,1.06844,1.06882,1.50,1.00
2015.01.22 23:08:36.935,1.06844,1.06883,1.00,1.00
2015.01.22 23:08:37.448,1.0684,1.06881,1.00,1.00
2015.01.22 23:08:38.033,1.06841,1.06881,1.00,1.00
2015.01.22 23:08:38.134,1.06844,1.06885,1.00,1.00
2015.01.22 23:08:38.437,1.06842,1.0688,1.00,1.00
2015.01.22 23:08:38.538,1.06843,1.06884,1.00,1.00
2015.01.22 23:08:39.929,1.06844,1.06884,1.00,1.00
2015.01.22 23:08:40.030,1.06841,1.06879,1.50,1.00
2015.01.22 23:08:40.635,1.06844,1.06883,1.00,1.00
2015.01.22 23:08:41.140,1.06847,1.06888,1.00,1.00
2015.01.22 23:08:41.544,1.06845,1.06883,1.50,1.00
2015.01.22 23:08:41.847,1.06841,1.0688,2.25,1.00
2015.01.22 23:08:44.594,1.06842,1.0688,1.00,1.00
2015.01.22 23:08:45.306,1.06841,1.0688,1.00,1.00
2015.01.22 23:08:46.552,1.06842,1.0688,1.00,1.00
2015.01.22 23:08:47.057,1.06841,1.06879,1.00,1.00
2015.01.22 23:08:48.574,1.06843,1.06883,1.00,1.00
2015.01.22 23:08:49.699,1.06843,1.06881,1.00,1.00
2015.01.22 23:08:50.308,1.06843,1.0688,1.00,1.00
2015.01.22 23:08:51.135,1.06843,1.06883,1.00,1.00
2015.01.22 23:08:53.582,1.06842,1.06879,1.00,1.00
2015.01.22 23:08:53.834,1.0684,1.06879,1.00,1.00
2015.01.22 23:08:55.340,1.0684,1.06879,1.00,1.37
2015.01.22 23:08:55.878,1.0684,1.06879,1.00,1.37
2015.01.22 23:08:56.204,1.06835,1.06875,1.00,1.00
2015.01.22 23:09:01.520,1.06836,1.06875,1.00,1.00
2015.01.22 23:09:10.341,1.06835,1.06873,1.00,1.00
2015.01.22 23:09:18.359,1.06833,1.06874,1.00,1.00
2015.01.22 23:09:25.161,1.06834,1.06875,1.00,1.12
2015.01.22 23:09:33.110,1.06835,1.06875,1.00,1.00
2015.01.22 23:09:35.148,1.06834,1.06875,1.00,1.00
2015.01.22 23:09:35.350,1.0684,1.06876,1.00,1.00
2015.01.22 23:09:35.451,1.06836,1.06876,1.00,1.00
2015.01.22 23:09:35.653,1.06839,1.06879,1.00,1.00
2015.01.22 23:09:36.057,1.06839,1.06874,1.00,1.00
2015.01.22 23:09:36.108,1.06835,1.06874,1.00,1.00
2015.01.22 23:09:36.260,1.06839,1.06877,1.00,1.00
2015.01.22 23:09:36.361,1.06837,1.06878,1.00,1.00
2015.01.22 23:09:36.462,1.06839,1.06878,1.00,1.00
2015.01.22 23:09:36.564,1.06837,1.06878,1.00,1.00
2015.01.22 23:09:36.766,1.06839,1.06878,1.00,1.00
2015.01.22 23:09:36.917,1.06837,1.06878,1.00,1.00
2015.01.22 23:09:36.968,1.06835,1.06874,1.00,1.00
2015.01.22 23:09:37.291,1.06839,1.06874,1.00,1.00
2015.01.22 23:09:37.341,1.06835,1.06874,1.00,1.00
2015.01.22 23:09:37.392,1.06838,1.06877,1.00,1.00
2015.01.22 23:09:37.495,1.06838,1.06879,1.50,1.00
2015.01.22 23:09:37.803,1.06838,1.06874,1.00,1.00
2015.01.22 23:09:37.904,1.06839,1.06878,1.00,1.00
2015.01.22 23:09:38.106,1.06837,1.06878,1.00,1.00
2015.01.22 23:09:38.619,1.06837,1.06877,1.00,1.00
2015.01.22 23:09:38.669,1.0684,1.06877,1.00,1.00
2015.01.22 23:09:38.771,1.06836,1.06877,1.50,1.00
2015.01.22 23:09:38.875,1.06839,1.06877,1.00,1.00
2015.01.22 23:09:39.081,1.06836,1.06876,1.00,1.00
2015.01.22 23:09:39.287,1.06835,1.06872,1.50,1.00
2015.01.22 23:09:39.510,1.06836,1.06877,1.00,1.00
2015.01.22 23:09:39.662,1.06838,1.06877,1.00,1.00
2015.01.22 23:09:39.864,1.06836,1.06877,1.00,1.00
2015.01.22 23:09:40.065,1.06839,1.06877,1.00,1.00
2015.01.22 23:09:40.318,1.06836,1.06877,1.00,1.00
2015.01.22 23:09:40.469,1.06836,1.06872,1.00,1.00
2015.01.22 23:09:40.570,1.06839,1.06876,1.00,1.00
2015.01.22 23:09:40.621,1.06837,1.06876,1.00,1.00
2015.01.22 23:09:40.874,1.06839,1.06876,1.00,1.00
2015.01.22 23:09:40.975,1.06837,1.06876,1.00,1.00
2015.01.22 23:09:41.277,1.06839,1.06876,1.00,1.00
2015.01.22 23:09:41.429,1.06837,1.06876,1.00,1.00
2015.01.22 23:09:41.934,1.06839,1.06876,1.00,1.00
2015.01.22 23:09:41.984,1.0684,1.06881,1.00,1.00
2015.01.22 23:09:42.096,1.06839,1.06876,1.00,1.00
2015.01.22 23:09:42.197,1.06837,1.06876,1.00,1.00
2015.01.22 23:09:43.124,1.06841,1.0688,1.00,1.00
2015.01.22 23:09:43.427,1.06838,1.06876,1.00,1.00
2015.01.22 23:09:43.898,1.06841,1.0688,1.00,1.00
2015.01.22 23:09:44.099,1.06836,1.06877,1.00,1.00
2015.01.22 23:09:44.200,1.06841,1.06879,1.00,1.00
2015.01.22 23:09:44.503,1.06835,1.06872,1.00,1.00
2015.01.22 23:09:44.604,1.06836,1.06876,1.00,1.00
2015.01.22 23:09:44.907,1.06835,1.06872,1.00,1.00
2015.01.22 23:09:45.109,1.06833,1.06872,1.50,1.00
2015.01.22 23:09:45.311,1.06837,1.06875,1.00,1.00
2015.01.22 23:09:45.636,1.06833,1.0687,1.00,1.00
2015.01.22 23:09:45.939,1.06833,1.06868,1.00,1.00
2015.01.22 23:09:46.040,1.06833,1.06872,1.00,1.00
2015.01.22 23:09:46.595,1.06833,1.06868,1.00,1.00
2015.01.22 23:09:47.404,1.06833,1.06872,1.50,1.00
2015.01.22 23:09:47.606,1.06833,1.06868,1.00,1.00
2015.01.22 23:09:47.707,1.06833,1.06872,1.50,1.00
2015.01.22 23:09:48.211,1.06833,1.06869,1.00,1.00
2015.01.22 23:09:48.514,1.06833,1.06872,1.50,1.00
2015.01.22 23:09:49.333,1.06833,1.06868,1.00,1.00
2015.01.22 23:09:49.915,1.06833,1.06873,1.00,1.00
2015.01.22 23:09:50.067,1.06835,1.06873,1.00,1.00
2015.01.22 23:09:54.117,1.06832,1.06873,1.00,1.00
2015.01.22 23:09:54.318,1.06832,1.06873,1.00,1.37
2015.01.22 23:09:54.420,1.06829,1.06868,1.00,1.37
2015.01.22 23:09:55.025,1.06829,1.06868,1.00,1.00
2015.01.22 23:09:55.076,1.06829,1.06868,1.00,1.37
2015.01.22 23:09:55.233,1.06824,1.06865,1.00,1.12
2015.01.22 23:09:55.434,1.06824,1.06863,1.00,1.00
2015.01.22 23:09:55.535,1.06824,1.06865,1.00,1.12
2015.01.22 23:09:55.895,1.06824,1.06862,1.00,1.00
2015.01.22 23:09:56.046,1.06824,1.06865,1.00,1.87
2015.01.22 23:09:56.349,1.06824,1.06862,1.00,1.00
2015.01.22 23:09:56.504,1.06824,1.06865,1.00,1.87
2015.01.22 23:09:57.269,1.06824,1.06865,1.00,1.37
2015.01.22 23:09:57.830,1.06824,1.06865,1.00,1.12
2015.01.22 23:09:58.489,1.06824,1.06862,1.00,1.00
2015.01.22 23:09:58.872,1.06819,1.06858,1.00,1.00
2015.01.22 23:09:59.074,1.06819,1.06858,1.00,1.87
2015.01.22 23:09:59.377,1.06819,1.06858,1.00,1.37
2015.01.22 23:09:59.478,1.06822,1.06863,1.00,1.37
2015.01.22 23:09:59.629,1.06822,1.06863,1.00,1.37
2015.01.22 23:09:59.831,1.06828,1.06861,1.00,1.00
2015.01.22 23:09:59.882,1.06848,1.06867,1.00,1.00
2015.01.22 23:09:59.933,1.06848,1.0687,1.00,1.00
2015.01.22 23:10:00.034,1.06835,1.0687,1.00,1.00
2015.01.22 23:10:00.135,1.06832,1.0687,1.50,1.00
2015.01.22 23:10:00.186,1.06832,1.06885,1.00,1.00
2015.01.22 23:10:00.236,1.0683,1.06883,1.00,1.00
2015.01.22 23:10:00.539,1.06834,1.06885,1.00,1.00
2015.01.22 23:10:00.640,1.06831,1.06887,1.10,1.50
2015.01.22 23:10:00.690,1.06834,1.06887,1.12,1.87
2015.01.22 23:10:00.792,1.06836,1.06887,1.00,1.37
2015.01.22 23:10:00.993,1.06836,1.06881,1.10,1.00
2015.01.22 23:10:01.094,1.06827,1.06882,1.47,1.50
2015.01.22 23:10:01.145,1.06826,1.06873,1.45,1.00
2015.01.22 23:10:01.247,1.06826,1.06882,1.37,1.00
2015.01.22 23:10:01.298,1.06827,1.06884,1.00,1.12
2015.01.22 23:10:01.550,1.06831,1.06885,1.00,1.00
2015.01.22 23:10:02.043,1.06831,1.06882,1.00,1.00
2015.01.22 23:10:02.555,1.06842,1.0688,1.00,1.00
2015.01.22 23:10:02.757,1.06853,1.06892,1.00,1.00
2015.01.22 23:10:02.858,1.06849,1.0691,1.00,1.50
2015.01.22 23:10:02.908,1.06849,1.0691,1.00,1.50
2015.01.22 23:10:02.959,1.06842,1.06907,1.37,1.37
2015.01.22 23:10:03.111,1.06842,1.06906,1.37,1.37
2015.01.22 23:10:03.566,1.06843,1.06899,1.50,1.37
2015.01.22 23:10:03.782,1.06843,1.06891,1.00,1.12
2015.01.22 23:10:03.884,1.06837,1.06894,1.87,1.37
2015.01.22 23:10:03.985,1.06837,1.06896,1.00,1.37
2015.01.22 23:10:04.402,1.06837,1.06888,1.00,1.00
2015.01.22 23:10:04.504,1.06837,1.06896,1.00,1.50
2015.01.22 23:10:04.821,1.06835,1.06889,1.00,1.00
2015.01.22 23:10:05.124,1.06836,1.06888,1.00,1.37
2015.01.22 23:10:05.175,1.06833,1.06888,1.00,1.37
2015.01.22 23:10:05.326,1.06832,1.06881,1.00,1.00
2015.01.22 23:10:05.638,1.06833,1.06878,1.00,1.00
2015.01.22 23:10:05.963,1.06836,1.06878,1.00,1.00
2015.01.22 23:10:06.300,1.06834,1.06878,1.00,1.00
2015.01.22 23:10:06.775,1.06834,1.06883,1.00,1.50
2015.01.22 23:10:06.877,1.06832,1.0688,1.00,1.00
2015.01.22 23:10:07.180,1.0683,1.06875,1.00,1.00
2015.01.22 23:10:07.281,1.0683,1.06878,1.00,1.00
2015.01.22 23:10:07.799,1.0683,1.06875,1.00,1.00
2015.01.22 23:10:08.073,1.0683,1.06878,1.00,1.50
2015.01.22 23:10:08.617,1.0683,1.06875,1.00,1.00
2015.01.22 23:10:08.920,1.06834,1.06873,1.00,1.00
2015.01.22 23:10:09.373,1.06829,1.06879,1.00,1.37
2015.01.22 23:10:09.626,1.06829,1.06874,1.00,1.00
2015.01.22 23:10:09.726,1.06829,1.06878,1.00,1.12
2015.01.22 23:10:10.247,1.06829,1.06879,1.00,1.00
2015.01.22 23:10:10.809,1.06834,1.06875,1.00,1.00
2015.01.22 23:10:13.791,1.0683,1.06869,1.00,1.00
2015.01.22 23:10:14.094,1.06826,1.06865,1.00,1.00
2015.01.22 23:10:15.609,1.0683,1.06869,1.00,1.00
2015.01.22 23:10:22.038,1.0683,1.06869,1.00,1.37
2015.01.22 23:10:22.341,1.06826,1.06867,1.00,1.37
2015.01.22 23:10:22.442,1.06826,1.06867,1.00,1.00
2015.01.22 23:10:22.952,1.06833,1.06872,1.00,1.00
2015.01.22 23:10:23.255,1.06833,1.06872,1.00,1.37
2015.01.22 23:10:23.357,1.06833,1.06872,1.00,1.00
2015.01.22 23:10:23.559,1.06833,1.06872,1.00,1.37
2015.01.22 23:10:23.862,1.06814,1.0688,4.50,2.25
2015.01.22 23:10:24.014,1.06822,1.0687,1.00,1.37
2015.01.22 23:10:24.115,1.06822,1.06877,1.00,1.87
2015.01.22 23:10:24.165,1.06828,1.06872,1.00,1.37
2015.01.22 23:10:24.368,1.06828,1.06873,1.00,1.75
2015.01.22 23:10:24.578,1.06828,1.06867,1.00,1.37
2015.01.22 23:10:24.881,1.06828,1.06867,1.00,1.37
2015.01.22 23:10:32.077,1.06827,1.06866,1.00,1.37
2015.01.22 23:10:37.100,1.06827,1.06866,1.00,1.37
2015.01.22 23:10:49.321,1.06827,1.06865,1.00,1.37
2015.01.22 23:10:49.574,1.06814,1.06862,1.37,1.37
2015.01.22 23:10:49.675,1.06814,1.0686,2.25,1.37
2015.01.22 23:10:49.979,1.06814,1.06865,1.90,1.37
2015.01.22 23:10:50.080,1.06814,1.06865,2.40,1.37
2015.01.22 23:10:50.333,1.06814,1.06865,1.65,1.37
2015.01.22 23:10:50.535,1.06814,1.06868,1.52,1.37
2015.01.22 23:10:50.758,1.06821,1.06868,1.12,1.37
2015.01.22 23:10:51.062,1.06828,1.06867,1.00,1.37
2015.01.22 23:10:51.315,1.06828,1.06867,1.00,1.47
2015.01.22 23:10:51.568,1.06828,1.06863,1.00,1.10
2015.01.22 23:10:51.871,1.06824,1.06857,1.00,1.00
2015.01.22 23:10:52.377,1.06824,1.06859,1.00,1.37
2015.01.22 23:10:52.580,1.06819,1.0686,1.00,1.87
2015.01.22 23:10:52.681,1.06819,1.06855,1.00,1.00
2015.01.22 23:10:52.984,1.06819,1.06855,1.00,1.37
2015.01.22 23:10:53.390,1.06824,1.06858,1.00,1.37
2015.01.22 23:10:54.631,1.06824,1.06862,1.00,1.37
2015.01.22 23:10:55.037,1.06824,1.06862,1.00,1.37
2015.01.22 23:10:55.608,1.06824,1.06862,1.00,1.50
2015.01.22 23:10:59.528,1.06827,1.06865,1.00,1.50
2015.01.22 23:11:06.628,1.06826,1.06864,1.00,1.00
2015.01.22 23:11:11.651,1.06827,1.06864,1.00,1.00
2015.01.22 23:11:11.702,1.06827,1.06866,1.00,1.00
2015.01.22 23:11:11.803,1.06827,1.06868,1.00,1.87
2015.01.22 23:11:12.832,1.06827,1.06866,1.00,1.00
2015.01.22 23:11:13.239,1.06827,1.06868,1.00,1.12
2015.01.22 23:11:13.546,1.06827,1.06866,1.00,1.00
2015.01.22 23:11:13.649,1.06827,1.06868,1.00,1.12
2015.01.22 23:11:16.543,1.06828,1.06866,1.00,1.00
2015.01.22 23:11:19.751,1.06828,1.06865,1.00,1.00
2015.01.22 23:11:20.365,1.06828,1.06866,1.00,1.00
2015.01.22 23:11:23.262,1.06828,1.06868,1.00,1.12
2015.01.22 23:11:24.313,1.06828,1.06867,1.00,1.00
2015.01.22 23:11:24.852,1.06828,1.06868,1.00,1.12
2015.01.22 23:11:26.259,1.06828,1.06865,1.00,1.00
2015.01.22 23:11:26.461,1.06828,1.06868,1.00,1.12
2015.01.22 23:11:26.562,1.06828,1.06866,1.00,1.00
2015.01.22 23:11:26.663,1.06828,1.06868,1.00,1.12
2015.01.22 23:11:26.840,1.06828,1.06865,1.00,1.00
2015.01.22 23:11:27.043,1.06828,1.06868,1.00,1.12
2015.01.22 23:11:27.902,1.06828,1.06867,1.00,1.00
2015.01.22 23:11:28.614,1.06828,1.06868,1.00,1.12
2015.01.22 23:11:29.118,1.06828,1.06868,1.00,1.20
2015.01.22 23:11:29.623,1.06827,1.06866,1.00,1.00
2015.01.22 23:11:30.156,1.06827,1.06865,1.00,1.00
2015.01.22 23:11:30.711,1.06827,1.06866,1.00,1.00
2015.01.22 23:11:30.819,1.06827,1.06864,1.00,1.00
2015.01.22 23:11:30.920,1.06827,1.06866,1.00,1.50
2015.01.22 23:11:31.123,1.06827,1.06864,1.00,1.00
2015.01.22 23:11:31.224,1.06827,1.06866,1.00,1.00
2015.01.22 23:11:31.325,1.06827,1.06864,1.00,1.00
2015.01.22 23:11:31.527,1.06827,1.06866,1.00,1.00
2015.01.22 23:11:31.830,1.06827,1.06863,1.00,1.00
2015.01.22 23:11:32.246,1.06827,1.06866,1.00,1.00
2015.01.22 23:11:37.905,1.06827,1.06867,1.00,1.10
2015.01.22 23:11:38.158,1.06827,1.06865,1.00,1.00
2015.01.22 23:11:38.260,1.06827,1.06867,1.00,1.10
2015.01.22 23:11:39.064,1.06827,1.06865,1.00,1.00
2015.01.22 23:11:39.367,1.06827,1.06863,1.00,1.00
2015.01.22 23:11:40.120,1.06827,1.06864,1.00,1.00
2015.01.22 23:11:41.221,1.06827,1.06865,1.00,1.00
2015.01.22 23:11:41.754,1.06827,1.06862,1.00,1.00
2015.01.22 23:11:41.856,1.06827,1.06865,1.00,1.00
2015.01.22 23:11:42.358,1.06827,1.06862,1.00,1.00
2015.01.22 23:11:42.462,1.06827,1.06867,1.00,1.20
2015.01.22 23:11:46.046,1.06827,1.06866,1.00,1.00
2015.01.22 23:11:46.147,1.06826,1.06864,1.00,1.00
2015.01.22 23:11:46.652,1.06826,1.06866,1.00,1.50
2015.01.22 23:11:46.753,1.06826,1.06864,1.00,1.00
2015.01.22 23:11:46.854,1.06826,1.06866,1.00,1.00
2015.01.22 23:11:46.955,1.06826,1.06863,1.00,1.00
2015.01.22 23:11:47.056,1.06826,1.06865,1.00,1.00
2015.01.22 23:11:47.777,1.06826,1.06866,1.00,1.00
2015.01.22 23:11:48.284,1.06826,1.06865,1.00,1.00
2015.01.22 23:11:48.898,1.06826,1.06866,1.00,1.50
2015.01.22 23:11:49.470,1.06826,1.06863,1.00,1.00
2015.01.22 23:11:49.813,1.06826,1.06866,1.00,1.57
2015.01.22 23:11:50.367,1.06826,1.06865,1.00,1.00
2015.01.22 23:11:51.129,1.06826,1.06866,1.00,1.57
2015.01.22 23:11:51.635,1.06826,1.06865,1.00,1.00
2015.01.22 23:11:52.153,1.06826,1.06866,1.00,1.10
2015.01.22 23:11:53.659,1.06826,1.06863,1.00,1.00
2015.01.22 23:11:53.984,1.06825,1.06861,1.00,1.00
2015.01.22 23:11:54.187,1.06825,1.06864,1.00,1.00
2015.01.22 23:11:54.697,1.06825,1.06863,1.00,1.00
2015.01.22 23:11:54.748,1.06825,1.06866,1.00,1.10
2015.01.22 23:11:55.705,1.06825,1.06864,1.00,1.00
2015.01.22 23:11:56.010,1.06825,1.06862,1.00,1.37
2015.01.22 23:11:56.111,1.06825,1.06861,1.00,1.00
2015.01.22 23:11:56.314,1.06825,1.06866,1.00,1.47
2015.01.22 23:11:56.818,1.06825,1.06863,1.00,1.00
2015.01.22 23:11:56.893,1.06825,1.0686,1.00,1.00
2015.01.22 23:11:57.045,1.06825,1.06865,1.00,1.37
2015.01.22 23:11:57.201,1.06825,1.06861,1.00,1.00
2015.01.22 23:11:57.506,1.06825,1.06858,1.00,1.00
2015.01.22 23:11:57.557,1.06822,1.06858,1.00,1.00
2015.01.22 23:11:57.760,1.06822,1.06861,1.00,1.50
2015.01.22 23:11:58.229,1.06822,1.06859,1.00,1.00
2015.01.22 23:11:58.746,1.06822,1.0686,1.00,1.00
2015.01.22 23:11:59.288,1.06822,1.06861,1.00,1.00
2015.01.22 23:12:00.166,1.06822,1.0686,1.00,1.00
2015.01.22 23:12:00.671,1.06822,1.06861,1.00,1.00
2015.01.22 23:12:04.358,1.06822,1.06858,1.00,1.00
2015.01.22 23:12:04.740,1.06822,1.06861,1.00,1.12
2015.01.22 23:12:05.552,1.06822,1.0686,1.00,1.00
2015.01.22 23:12:06.056,1.06822,1.06862,1.00,1.37
2015.01.22 23:12:06.561,1.06822,1.06856,1.00,1.00
2015.01.22 23:12:06.763,1.06822,1.06861,1.00,1.12
2015.01.22 23:12:07.604,1.06822,1.0686,1.00,1.00
2015.01.22 23:12:08.110,1.06822,1.06861,1.00,1.12
2015.01.22 23:12:09.271,1.06825,1.06864,1.00,1.37
2015.01.22 23:12:15.369,1.06826,1.06865,1.00,1.37
2015.01.22 23:12:15.776,1.06826,1.06865,1.00,1.37
2015.01.22 23:12:16.133,1.06826,1.06865,1.00,1.87
2015.01.22 23:12:21.078,1.06826,1.06865,1.00,1.87
2015.01.22 23:12:21.588,1.06826,1.06865,1.00,1.37
2015.01.22 23:12:21.841,1.06826,1.06865,1.00,1.37
2015.01.22 23:12:22.398,1.06825,1.06864,1.00,1.37
2015.01.22 23:12:22.953,1.06825,1.06863,1.00,1.37
2015.01.22 23:12:23.364,1.06825,1.06864,1.00,1.37
2015.01.22 23:12:23.616,1.06825,1.06864,1.00,1.37
2015.01.22 23:12:24.797,1.06825,1.06864,1.00,1.37
2015.01.22 23:12:25.373,1.06825,1.06864,1.00,1.37
2015.01.22 23:12:25.424,1.06829,1.06868,1.00,1.37
2015.01.22 23:12:25.576,1.06829,1.06868,1.00,1.37
2015.01.22 23:12:26.034,1.06829,1.06868,1.00,1.37
2015.01.22 23:12:36.122,1.0683,1.06868,1.00,1.37
2015.01.22 23:12:40.759,1.0683,1.06868,1.00,1.37
2015.01.22 23:12:44.184,1.0683,1.06868,1.00,1.37
2015.01.22 23:12:46.631,1.0683,1.06859,1.00,1.00
2015.01.22 23:12:46.682,1.06821,1.06858,1.00,1.00
2015.01.22 23:12:46.834,1.06833,1.0687,1.00,1.37
2015.01.22 23:12:46.935,1.06829,1.06869,1.00,1.37
2015.01.22 23:12:58.878,1.06829,1.06869,1.00,1.37
2015.01.22 23:12:59.398,1.06827,1.06866,1.00,1.87
2015.01.22 23:13:01.410,1.06827,1.06866,1.00,1.87
2015.01.22 23:13:01.956,1.06827,1.06866,1.00,1.50
2015.01.22 23:13:02.517,1.06827,1.06866,1.00,1.87
2015.01.22 23:13:03.025,1.06827,1.06866,1.00,1.50
2015.01.22 23:13:04.489,1.06827,1.06865,1.00,1.00
2015.01.22 23:13:05.056,1.06827,1.06864,1.00,1.00
2015.01.22 23:13:05.581,1.06827,1.06865,1.00,1.00
2015.01.22 23:13:07.394,1.0682,1.06859,1.00,1.00
2015.01.22 23:13:07.495,1.0682,1.06855,1.00,1.00
2015.01.22 23:13:07.698,1.0682,1.06859,1.00,1.50
2015.01.22 23:13:07.799,1.06824,1.06862,1.00,1.00
2015.01.22 23:13:08.109,1.06827,1.06866,1.00,1.00
2015.01.22 23:13:11.315,1.06827,1.06865,1.00,1.00
2015.01.22 23:13:11.969,1.06827,1.06866,1.00,1.00
2015.01.22 23:13:16.529,1.06829,1.06867,1.00,1.00
2015.01.22 23:13:21.941,1.06828,1.06869,1.00,1.00
2015.01.22 23:13:22.448,1.06828,1.0687,1.00,1.00
2015.01.22 23:13:28.739,1.06831,1.06869,1.00,1.00
2015.01.22 23:13:33.904,1.06831,1.0687,1.00,1.00
2015.01.22 23:13:35.167,1.06831,1.06868,1.00,1.00
2015.01.22 23:13:35.687,1.06831,1.06869,1.00,1.00
2015.01.22 23:13:36.202,1.06831,1.0687,1.00,1.00
2015.01.22 23:13:38.801,1.06832,1.06871,1.00,1.00
2015.01.22 23:13:40.512,1.06832,1.0687,1.00,1.00
2015.01.22 23:13:41.070,1.06832,1.06871,1.00,1.50
2015.01.22 23:13:50.323,1.06831,1.06871,1.00,1.10
2015.01.22 23:13:50.884,1.06831,1.0687,1.00,1.00
2015.01.22 23:13:51.393,1.06831,1.06871,1.00,1.10
2015.01.22 23:13:55.902,1.06833,1.06871,1.00,1.10
2015.01.22 23:14:10.264,1.06832,1.0687,1.00,1.00
2015.01.22 23:14:11.069,1.06829,1.06873,1.00,1.00
2015.01.22 23:14:11.574,1.06833,1.06872,1.00,1.00
2015.01.22 23:14:11.877,1.06827,1.06878,1.00,1.65
2015.01.22 23:14:11.979,1.06827,1.06869,1.50,1.00
2015.01.22 23:14:12.181,1.06827,1.06873,1.50,1.00
2015.01.22 23:14:12.484,1.06831,1.06869,1.00,1.00
2015.01.22 23:14:18.148,1.06831,1.06872,1.00,1.00
2015.01.22 23:14:18.452,1.06831,1.06872,1.00,1.27
2015.01.22 23:14:18.755,1.06828,1.06867,1.00,1.00
2015.01.22 23:14:20.154,1.06824,1.06863,1.00,1.00
2015.01.22 23:14:21.281,1.06824,1.06862,1.00,1.00
2015.01.22 23:14:22.039,1.06824,1.06863,1.00,1.00
2015.01.22 23:14:22.344,1.06819,1.06858,1.00,1.37
2015.01.22 23:14:22.647,1.06819,1.06858,1.00,1.00
2015.01.22 23:14:23.354,1.06819,1.06858,1.00,1.37
2015.01.22 23:14:23.456,1.06819,1.06858,1.00,1.00
2015.01.22 23:14:23.607,1.06823,1.06862,1.00,1.00
2015.01.22 23:14:48.535,1.06824,1.06863,1.00,1.12
2015.01.22 23:14:49.090,1.06824,1.06863,1.00,1.37
2015.01.22 23:14:50.911,1.06824,1.06863,1.00,1.00
2015.01.22 23:14:51.946,1.06824,1.06862,1.00,1.00
2015.01.22 23:14:52.574,1.06827,1.06866,1.00,1.00
2015.01.22 23:14:53.483,1.06831,1.06869,1.00,1.00
2015.01.22 23:14:54.947,1.06826,1.06865,1.00,1.00
2015.01.22 23:14:55.200,1.06824,1.06865,1.50,1.12
2015.01.22 23:14:55.402,1.06824,1.06865,1.00,1.37
2015.01.22 23:14:56.394,1.06824,1.06865,1.00,1.12
2015.01.22 23:14:57.938,1.06824,1.06865,1.00,1.37
2015.01.22 23:15:00.093,1.06824,1.06865,1.00,1.47
2015.01.22 23:15:01.088,1.06824,1.06865,1.00,1.37
2015.01.22 23:15:01.290,1.06824,1.06864,1.00,1.00
2015.01.22 23:15:01.594,1.06829,1.06868,1.00,1.00
2015.01.22 23:15:01.962,1.06822,1.06861,1.00,1.00
2015.01.22 23:15:02.314,1.06822,1.06859,1.00,1.00
2015.01.22 23:15:02.924,1.06822,1.06861,1.00,1.37
2015.01.22 23:15:03.434,1.06822,1.06861,1.00,1.37
2015.01.22 23:15:04.103,1.06822,1.06861,1.00,1.37
2015.01.22 23:15:04.305,1.06822,1.06861,1.00,1.00
2015.01.22 23:15:06.779,1.06822,1.06861,1.00,1.37
2015.01.22 23:15:06.880,1.0682,1.06861,1.00,1.37
2015.01.22 23:15:07.031,1.0682,1.06861,1.00,1.00
2015.01.22 23:15:10.003,1.06821,1.06862,1.00,1.00
2015.01.22 23:15:23.939,1.06824,1.06863,1.37,1.00
2015.01.22 23:15:26.870,1.06824,1.06863,1.37,1.00
2015.01.22 23:15:28.837,1.06827,1.06865,1.00,1.37
2015.01.22 23:15:30.476,1.06829,1.0687,1.00,1.37
2015.01.22 23:15:30.885,1.06829,1.0687,1.12,1.00
2015.01.22 23:15:30.935,1.06834,1.06872,1.00,1.00
2015.01.22 23:15:31.239,1.06834,1.06872,1.00,1.37
2015.01.22 23:15:31.454,1.06834,1.06872,1.00,1.00
2015.01.22 23:15:33.486,1.06834,1.06872,1.00,1.37
2015.01.22 23:15:34.600,1.06834,1.06872,1.00,1.37
2015.01.22 23:15:35.802,1.06834,1.06872,1.00,1.00
2015.01.22 23:15:36.105,1.06826,1.06863,1.00,1.75
2015.01.22 23:15:36.206,1.06822,1.06863,1.00,1.75
2015.01.22 23:15:36.619,1.06822,1.06863,1.00,1.00
2015.01.22 23:15:36.871,1.06826,1.06867,1.00,1.00
2015.01.22 23:15:37.179,1.06824,1.06865,1.00,1.00
2015.01.22 23:15:37.854,1.06825,1.06865,1.00,1.00
2015.01.22 23:15:38.522,1.06825,1.06865,1.37,1.12
2015.01.22 23:15:39.035,1.06825,1.06865,1.37,1.12
2015.01.22 23:15:44.916,1.06824,1.06865,1.37,1.00
2015.01.22 23:15:45.456,1.06826,1.06865,1.00,1.00
2015.01.22 23:15:51.027,1.06823,1.06864,1.00,1.00
2015.01.22 23:15:51.128,1.06821,1.06865,1.00,1.00
2015.01.22 23:15:51.180,1.06825,1.06864,1.00,1.00
2015.01.22 23:15:53.992,1.0682,1.06865,1.00,1.12
2015.01.22 23:15:54.397,1.06824,1.06864,1.00,1.00
2015.01.22 23:15:59.084,1.06824,1.06864,1.00,1.37
2015.01.22 23:15:59.588,1.06824,1.06864,1.00,1.00
2015.01.22 23:15:59.905,1.06826,1.06864,1.00,1.00
2015.01.22 23:16:00.930,1.06824,1.06862,1.00,1.00
2015.01.22 23:16:01.242,1.06827,1.06862,1.00,1.00
2015.01.22 23:16:01.394,1.06827,1.06868,1.00,2.10
2015.01.22 23:16:01.445,1.06824,1.06867,1.00,1.27
2015.01.22 23:16:01.950,1.06824,1.06863,1.00,1.17
2015.01.22 23:16:02.253,1.06824,1.0686,1.00,1.07
2015.01.22 23:16:02.455,1.06819,1.06857,1.00,1.00
2015.01.22 23:16:03.045,1.06819,1.06857,1.00,1.47
2015.01.22 23:16:03.399,1.06819,1.06853,1.00,1.47
2015.01.22 23:16:06.381,1.06819,1.06854,1.00,1.45
2015.01.22 23:16:06.917,1.06819,1.06854,1.00,1.45
2015.01.22 23:16:07.422,1.06819,1.06858,1.00,2.00
2015.01.22 23:16:07.725,1.06818,1.0685,1.00,1.37
2015.01.22 23:16:08.405,1.06818,1.06853,1.00,1.45
2015.01.22 23:16:08.922,1.06818,1.06854,1.00,1.07
2015.01.22 23:16:09.528,1.06818,1.06857,1.00,1.45
2015.01.22 23:16:10.133,1.06818,1.06857,1.00,1.45
2015.01.22 23:16:11.733,1.06818,1.06857,1.00,1.57
2015.01.22 23:16:12.238,1.06818,1.06857,1.00,1.45
2015.01.22 23:16:12.788,1.06818,1.06858,1.00,1.57
2015.01.22 23:16:19.719,1.06818,1.06857,1.00,1.45
2015.01.22 23:16:20.892,1.06823,1.06857,1.00,1.45
2015.01.22 23:16:24.822,1.06823,1.06856,1.00,1.45
2015.01.22 23:16:25.402,1.06817,1.06858,1.00,3.90
2015.01.22 23:16:26.111,1.06817,1.06855,1.50,1.57
2015.01.22 23:16:26.325,1.06817,1.06855,1.00,1.90
2015.01.22 23:16:26.427,1.06817,1.06855,1.00,1.52
2015.01.22 23:16:26.932,1.06817,1.06858,1.00,1.50
2015.01.22 23:16:27.386,1.06817,1.06858,1.50,1.37
2015.01.22 23:16:27.891,1.06817,1.0685,1.00,1.00
2015.01.22 23:16:27.992,1.06819,1.06859,1.00,1.60
2015.01.22 23:16:28.094,1.06819,1.0686,1.00,1.57
2015.01.22 23:16:28.921,1.06821,1.06857,1.00,1.00
2015.01.22 23:16:29.224,1.06816,1.06854,1.00,1.00
2015.01.22 23:16:29.275,1.06819,1.06854,1.00,1.00
2015.01.22 23:16:29.578,1.06819,1.06851,1.00,1.10
2015.01.22 23:16:32.148,1.06819,1.06854,1.00,1.45
2015.01.22 23:16:33.445,1.06819,1.06854,1.00,1.45
2015.01.22 23:16:34.774,1.06819,1.06854,1.00,1.45
2015.01.22 23:16:35.966,1.06819,1.06854,1.00,1.45
2015.01.22 23:16:36.778,1.06819,1.06853,1.00,1.45
2015.01.22 23:16:37.288,1.06819,1.06853,1.00,1.45
2015.01.22 23:16:38.513,1.06819,1.06853,1.00,1.20
2015.01.22 23:16:39.330,1.06819,1.06854,1.00,1.45
2015.01.22 23:16:39.585,1.06819,1.06854,1.00,1.45
2015.01.22 23:16:40.686,1.06819,1.06854,1.00,1.45
2015.01.22 23:16:42.209,1.06816,1.06853,1.00,1.45
2015.01.22 23:16:44.345,1.06816,1.06853,1.00,1.82
2015.01.22 23:16:45.884,1.06816,1.06856,1.00,1.82
2015.01.22 23:16:46.975,1.06816,1.06856,1.00,1.82
2015.01.22 23:16:47.139,1.06816,1.06856,1.00,1.82
2015.01.22 23:16:47.658,1.06816,1.06855,1.00,1.82
2015.01.22 23:16:50.481,1.06816,1.0685,1.00,1.45
2015.01.22 23:16:51.181,1.06816,1.06851,1.00,1.45
2015.01.22 23:16:51.993,1.06816,1.06851,1.00,1.45
2015.01.22 23:16:52.295,1.06816,1.0685,1.00,1.57
2015.01.22 23:16:52.397,1.06816,1.06848,1.00,1.12
2015.01.22 23:16:59.650,1.06818,1.0685,1.00,1.45
2015.01.22 23:17:00.195,1.06818,1.06856,1.00,1.45
2015.01.22 23:17:04.505,1.06818,1.06852,1.00,1.95
2015.01.22 23:17:04.715,1.06804,1.06842,1.00,1.37
2015.01.22 23:17:08.893,1.06801,1.0684,1.37,1.37
2015.01.22 23:17:09.196,1.06808,1.06851,1.00,1.57
2015.01.22 23:17:09.600,1.06808,1.06853,1.00,1.00
2015.01.22 23:17:09.701,1.06808,1.06855,1.00,1.10
2015.01.22 23:17:09.802,1.06812,1.0685,1.00,1.00
2015.01.22 23:17:10.105,1.06812,1.0685,1.00,1.15
2015.01.22 23:17:10.408,1.06812,1.06842,1.00,1.00
2015.01.22 23:17:10.687,1.06812,1.0685,1.00,1.15
2015.01.22 23:17:10.889,1.06794,1.0685,1.00,1.15
2015.01.22 23:17:10.940,1.06793,1.06845,1.12,1.00
2015.01.22 23:17:11.193,1.06792,1.06844,1.37,1.15
2015.01.22 23:17:11.910,1.06791,1.06843,1.75,1.15
2015.01.22 23:17:12.218,1.06794,1.0684,1.37,1.50
2015.01.22 23:17:12.758,1.06794,1.0684,1.00,1.00
2015.01.22 23:17:13.212,1.0679,1.0684,1.37,1.00
2015.01.22 23:17:13.811,1.0679,1.0684,1.00,1.00
2015.01.22 23:17:14.013,1.0679,1.0684,1.37,1.00
2015.01.22 23:17:18.325,1.06791,1.06838,1.37,1.00
2015.01.22 23:17:18.546,1.06791,1.06838,1.00,1.00
2015.01.22 23:17:19.063,1.0679,1.06838,1.00,1.00
2015.01.22 23:17:23.292,1.0679,1.06838,1.00,1.07
2015.01.22 23:17:25.329,1.06789,1.0684,1.00,1.15
2015.01.22 23:17:25.379,1.06787,1.0684,1.12,1.60
2015.01.22 23:17:25.532,1.06787,1.06837,1.12,2.02
2015.01.22 23:17:25.937,1.06791,1.06834,1.00,1.15
2015.01.22 23:17:27.668,1.06796,1.06839,1.00,1.83
2015.01.22 23:17:28.174,1.06796,1.06833,1.00,1.07
2015.01.22 23:17:28.882,1.06797,1.06834,1.00,1.07
2015.01.22 23:17:29.523,1.06798,1.06834,1.00,1.07
2015.01.22 23:17:29.927,1.06796,1.06834,1.00,1.07
2015.01.22 23:17:30.179,1.06794,1.06831,1.00,1.07
2015.01.22 23:17:30.230,1.06792,1.06831,1.00,1.07
2015.01.22 23:17:30.685,1.06796,1.06835,1.00,1.07
2015.01.22 23:17:32.226,1.06796,1.06835,1.00,1.07
2015.01.22 23:17:32.731,1.06796,1.06835,1.00,1.07
2015.01.22 23:17:34.360,1.06796,1.06835,1.00,1.07
2015.01.22 23:17:34.966,1.06796,1.06834,1.00,1.07
2015.01.22 23:17:35.269,1.06796,1.06832,1.00,1.17
2015.01.22 23:17:35.374,1.06791,1.0683,1.00,1.20
2015.01.22 23:17:37.313,1.06795,1.06834,1.00,1.23
2015.01.22 23:17:38.664,1.06795,1.06834,1.00,2.23
2015.01.22 23:17:38.867,1.06786,1.06817,1.00,1.07
2015.01.22 23:17:38.969,1.06777,1.06817,1.50,1.45
2015.01.22 23:17:39.070,1.06776,1.06817,1.50,1.45
2015.01.22 23:17:39.374,1.06786,1.06823,1.00,1.17
2015.01.22 23:17:39.577,1.06776,1.06816,1.50,1.07
2015.01.22 23:17:39.779,1.06787,1.06824,1.00,1.20
2015.01.22 23:17:40.284,1.06787,1.0683,1.00,1.29
2015.01.22 23:17:40.790,1.06787,1.06833,1.50,1.76
2015.01.22 23:17:40.992,1.06783,1.06814,1.00,1.07
2015.01.22 23:17:41.093,1.06777,1.06817,1.50,1.07
2015.01.22 23:17:41.195,1.06786,1.06818,1.00,1.07
2015.01.22 23:17:41.398,1.06777,1.06821,1.00,1.22
2015.01.22 23:17:41.940,1.06777,1.06818,1.00,1.15
2015.01.22 23:17:42.705,1.06776,1.06818,2.25,1.52
2015.01.22 23:17:43.312,1.06777,1.06818,1.00,1.52
2015.01.22 23:17:43.917,1.06776,1.06816,1.00,1.20
2015.01.22 23:17:44.434,1.06777,1.06817,1.00,1.55
2015.01.22 23:17:45.259,1.06776,1.06817,1.00,1.55
2015.01.22 23:17:45.749,1.06777,1.06817,1.37,1.17
2015.01.22 23:17:46.542,1.06777,1.06817,1.00,1.17
2015.01.22 23:17:46.694,1.06772,1.06815,1.37,1.57
2015.01.22 23:17:46.846,1.06783,1.06811,1.00,1.07
2015.01.22 23:17:47.182,1.06787,1.06823,1.00,1.17
2015.01.22 23:17:47.232,1.06778,1.06824,2.02,1.27
2015.01.22 23:17:47.485,1.06779,1.0683,1.15,1.40
2015.01.22 23:17:47.990,1.06782,1.0683,1.00,1.27
2015.01.22 23:17:48.142,1.0678,1.0683,1.00,1.43
2015.01.22 23:17:48.193,1.0678,1.0683,1.65,1.43
2015.01.22 23:17:48.524,1.06785,1.06835,1.50,1.31
2015.01.22 23:17:48.961,1.06786,1.06835,1.12,1.00
2015.01.22 23:17:49.062,1.06788,1.06835,1.00,1.00
2015.01.22 23:17:49.475,1.06786,1.06835,1.00,1.00
2015.01.22 23:17:49.527,1.06786,1.06835,1.37,1.00
2015.01.22 23:17:50.065,1.06786,1.06835,1.37,1.00
2015.01.22 23:17:50.574,1.06786,1.06835,1.37,1.07
2015.01.22 23:17:51.254,1.06786,1.06835,1.37,1.07
2015.01.22 23:17:51.876,1.06786,1.06835,1.37,1.07
2015.01.22 23:17:53.510,1.06786,1.06835,1.37,1.07
2015.01.22 23:17:55.400,1.06785,1.06835,2.62,1.07
2015.01.22 23:17:55.906,1.06785,1.06835,1.37,1.07
2015.01.22 23:17:56.216,1.06793,1.06832,1.00,1.07
2015.01.22 23:17:56.727,1.06793,1.06832,1.00,1.07
2015.01.22 23:17:59.064,1.06793,1.06832,1.00,1.07
2015.01.22 23:17:59.854,1.06793,1.06832,1.00,1.07
2015.01.22 23:18:00.359,1.06793,1.06832,1.00,1.00
2015.01.22 23:18:03.339,1.06792,1.06831,1.00,1.00
2015.01.22 23:18:03.895,1.06792,1.06831,1.00,1.07
2015.01.22 23:18:04.772,1.06788,1.06827,1.00,1.00
2015.01.22 23:18:15.156,1.06789,1.06828,1.00,1.00
2015.01.22 23:18:23.075,1.06787,1.06827,1.00,1.00
2015.01.22 23:18:30.025,1.06787,1.06825,1.00,1.00
2015.01.22 23:18:35.994,1.06785,1.06825,1.10,1.00
2015.01.22 23:18:40.449,1.06782,1.06822,1.00,1.00
2015.01.22 23:18:40.953,1.06781,1.06822,1.00,1.00
2015.01.22 23:18:41.473,1.06782,1.06822,1.00,1.00
2015.01.22 23:18:47.037,1.06784,1.06822,1.00,1.00
2015.01.22 23:18:49.038,1.06785,1.06822,1.00,1.00
2015.01.22 23:18:49.727,1.06784,1.06822,1.50,1.00
2015.01.22 23:18:50.434,1.06782,1.06819,1.00,1.00
2015.01.22 23:18:50.637,1.0678,1.06819,1.00,1.00
2015.01.22 23:19:08.065,1.0678,1.06821,1.50,1.00
2015.01.22 23:19:09.414,1.0678,1.06821,1.15,1.00
2015.01.22 23:19:09.717,1.06786,1.06824,1.50,1.00
2015.01.22 23:19:14.876,1.06788,1.06824,1.00,1.00
2015.01.22 23:19:15.382,1.06788,1.06827,1.00,1.07
2015.01.22 23:19:16.143,1.06788,1.06827,1.00,1.07
2015.01.22 23:19:16.670,1.06788,1.06827,1.00,1.07
2015.01.22 23:19:17.615,1.06786,1.06827,1.00,1.07
2015.01.22 23:19:18.124,1.06786,1.06827,1.00,1.07
2015.01.22 23:19:18.714,1.06786,1.06827,1.37,1.07
2015.01.22 23:19:19.325,1.06788,1.06827,1.00,1.07
2015.01.22 23:19:19.479,1.06788,1.06827,1.37,1.07
2015.01.22 23:19:19.581,1.06788,1.06827,1.37,1.07
2015.01.22 23:19:19.784,1.06788,1.06827,1.37,1.07
2015.01.22 23:19:19.885,1.06788,1.06827,1.37,1.07
2015.01.22 23:19:20.513,1.06788,1.06827,1.37,1.07
2015.01.22 23:19:21.041,1.06788,1.06827,1.37,1.07
2015.01.22 23:19:21.585,1.06788,1.06827,1.12,1.07
2015.01.22 23:19:21.687,1.06788,1.06827,1.37,1.07
2015.01.22 23:19:21.788,1.06788,1.06827,1.37,1.07
2015.01.22 23:19:22.464,1.06788,1.06827,1.37,1.07
2015.01.22 23:19:22.820,1.06788,1.06824,1.37,1.00
2015.01.22 23:19:22.870,1.06783,1.06824,1.37,1.00
2015.01.22 23:19:22.921,1.06783,1.06824,1.37,1.07
2015.01.22 23:19:23.224,1.06783,1.06824,1.00,1.00
2015.01.22 23:19:23.325,1.06779,1.0682,1.00,1.00
2015.01.22 23:19:23.627,1.0678,1.0682,1.00,1.07
2015.01.22 23:19:24.113,1.06782,1.0682,1.00,1.07
2015.01.22 23:19:24.671,1.06782,1.0682,1.37,1.07
2015.01.22 23:19:25.872,1.06782,1.0682,1.75,1.07
2015.01.22 23:19:26.416,1.06782,1.0682,1.50,1.07
2015.01.22 23:19:27.990,1.06782,1.0682,1.75,1.07
2015.01.22 23:19:28.548,1.06782,1.0682,1.50,1.07
2015.01.22 23:19:30.204,1.06782,1.06821,2.25,1.00
2015.01.22 23:19:30.457,1.06782,1.06821,2.25,1.07
2015.01.22 23:19:30.967,1.06783,1.06821,1.75,1.15
2015.01.22 23:19:31.219,1.06786,1.06824,1.37,1.37
2015.01.22 23:19:31.270,1.06786,1.06824,1.00,1.12
2015.01.22 23:19:31.321,1.06782,1.06815,1.00,1.00
2015.01.22 23:19:31.371,1.06776,1.06815,1.87,1.00
2015.01.22 23:19:31.422,1.06776,1.06815,1.87,1.15
2015.01.22 23:19:31.726,1.06776,1.06815,1.37,1.31
2015.01.22 23:19:31.778,1.06776,1.06815,1.37,1.00
2015.01.22 23:19:31.828,1.06772,1.06812,1.50,1.00
2015.01.22 23:19:32.131,1.06773,1.06812,1.37,1.15
2015.01.22 23:19:32.182,1.06773,1.06812,1.37,1.00
2015.01.22 23:19:32.283,1.06773,1.06812,1.37,1.20
2015.01.22 23:19:32.451,1.06773,1.06812,1.37,1.00
2015.01.22 23:19:32.659,1.06773,1.06812,1.37,1.15
2015.01.22 23:19:33.973,1.06773,1.06812,1.37,1.15
2015.01.22 23:19:34.487,1.06775,1.06816,1.37,1.21
2015.01.22 23:19:34.790,1.06781,1.06816,1.00,1.00
2015.01.22 23:19:35.623,1.0678,1.06816,1.00,1.00
2015.01.22 23:19:36.170,1.06781,1.06816,1.00,1.00
2015.01.22 23:19:37.467,1.06781,1.06818,1.00,1.00
2015.01.22 23:19:37.826,1.06783,1.06818,1.00,1.00
2015.01.22 23:19:38.079,1.0678,1.06818,1.50,1.00
2015.01.22 23:19:40.588,1.0678,1.06818,1.87,1.00
2015.01.22 23:19:40.638,1.0678,1.06818,1.87,1.07
2015.01.22 23:19:41.147,1.0678,1.06818,1.50,1.07
2015.01.22 23:19:41.450,1.0678,1.06818,1.37,1.07
2015.01.22 23:19:45.307,1.06784,1.06821,1.12,1.07
2015.01.22 23:19:48.272,1.06783,1.06821,1.00,1.07
2015.01.22 23:19:53.942,1.06783,1.06821,1.50,1.15
2015.01.22 23:19:54.478,1.06783,1.06821,1.87,1.22
2015.01.22 23:19:56.129,1.06787,1.06823,1.00,1.22
2015.01.22 23:19:58.649,1.06785,1.06823,1.12,1.22
2015.01.22 23:19:59.860,1.06784,1.06823,1.50,1.22
2015.01.22 23:20:00.071,1.06788,1.06823,1.00,1.22
2015.01.22 23:20:00.374,1.06789,1.06827,1.37,1.22
2015.01.22 23:20:00.677,1.06791,1.06827,1.37,1.22
2015.01.22 23:20:01.037,1.06792,1.0683,1.12,1.22
2015.01.22 23:20:03.643,1.06792,1.0683,1.37,1.22
2015.01.22 23:20:03.845,1.06788,1.06827,1.12,1.00
2015.01.22 23:20:04.249,1.06785,1.06824,1.00,1.00
2015.01.22 23:20:04.552,1.06785,1.06824,1.37,1.00
2015.01.22 23:20:04.863,1.06785,1.06824,1.12,1.00
2015.01.22 23:20:05.065,1.06785,1.06824,1.37,1.00
2015.01.22 23:20:05.469,1.06787,1.06824,1.37,1.00
2015.01.22 23:20:05.570,1.06787,1.06824,1.37,1.00
2015.01.22 23:20:05.671,1.06787,1.06824,1.37,1.00
2015.01.22 23:20:05.738,1.06787,1.06824,1.00,1.00
2015.01.22 23:20:06.154,1.06784,1.06824,1.00,1.00
2015.01.22 23:20:06.659,1.06785,1.06824,1.00,1.30
2015.01.22 23:20:07.123,1.06783,1.06824,1.00,1.35
2015.01.22 23:20:10.348,1.06781,1.06821,1.00,1.00
2015.01.22 23:20:10.862,1.06782,1.06821,1.00,1.00
2015.01.22 23:20:11.822,1.06783,1.06821,1.00,1.00
2015.01.22 23:20:15.157,1.06784,1.06821,1.00,1.00
2015.01.22 23:20:15.863,1.0678,1.06821,1.00,1.00
2015.01.22 23:20:16.065,1.06783,1.06822,1.00,1.00
2015.01.22 23:20:18.164,1.06783,1.06822,1.37,1.00
2015.01.22 23:20:19.368,1.06783,1.06822,1.37,1.00
2015.01.22 23:20:23.393,1.06784,1.06823,1.12,1.00
2015.01.22 23:20:24.840,1.06784,1.06823,1.37,1.00
2015.01.22 23:20:25.348,1.06784,1.06823,1.37,1.22
2015.01.22 23:20:25.853,1.06784,1.06823,1.00,1.22
2015.01.22 23:20:27.098,1.06779,1.06817,1.15,1.00
2015.01.22 23:20:27.149,1.06779,1.06817,1.00,1.30
2015.01.22 23:20:27.200,1.06776,1.06813,1.00,1.00
2015.01.22 23:20:27.403,1.06777,1.06818,1.00,1.22
2015.01.22 23:20:27.453,1.06777,1.06818,1.37,1.22
2015.01.22 23:20:27.969,1.06777,1.06818,1.37,1.30
2015.01.22 23:20:29.065,1.06777,1.06818,1.00,1.30
2015.01.22 23:20:29.115,1.06773,1.06813,1.50,1.00
2015.01.22 23:20:29.418,1.06773,1.06813,1.37,1.00
2015.01.22 23:20:29.621,1.06773,1.06813,1.37,1.00
2015.01.22 23:20:30.179,1.06773,1.06813,1.00,1.00
2015.01.22 23:20:30.282,1.0677,1.06811,1.55,1.00
2015.01.22 23:20:30.923,1.0677,1.06811,1.55,1.00
2015.01.22 23:20:32.255,1.0677,1.06811,1.55,1.00
2015.01.22 23:20:32.783,1.0677,1.06811,1.55,1.00
2015.01.22 23:20:33.288,1.0677,1.06811,1.55,1.00
2015.01.22 23:20:33.799,1.0677,1.06811,1.55,1.00
2015.01.22 23:20:34.001,1.0677,1.06811,1.65,1.00
2015.01.22 23:20:34.153,1.06773,1.06811,1.00,1.00
2015.01.22 23:20:34.665,1.06774,1.06811,1.00,1.00
2015.01.22 23:20:35.186,1.06773,1.06811,1.00,1.00
2015.01.22 23:20:35.719,1.06773,1.06812,1.50,1.00
2015.01.22 23:20:36.224,1.06773,1.06812,1.37,1.00
2015.01.22 23:20:36.768,1.06773,1.06812,1.12,1.00
2015.01.22 23:20:39.517,1.0677,1.06807,1.37,1.00
2015.01.22 23:20:39.669,1.06763,1.06801,1.00,1.00
2015.01.22 23:20:40.189,1.06765,1.06801,1.00,1.30
2015.01.22 23:20:40.713,1.06764,1.06801,1.00,1.30
2015.01.22 23:20:42.395,1.06763,1.06801,1.00,1.30
2015.01.22 23:20:43.096,1.06763,1.068,1.00,1.30
2015.01.22 23:20:43.147,1.06757,1.06796,1.00,1.00
2015.01.22 23:20:44.432,1.0676,1.068,1.00,1.22
2015.01.22 23:20:47.591,1.0676,1.068,1.87,1.22
2015.01.22 23:20:48.120,1.0676,1.068,1.87,1.22
2015.01.22 23:20:48.625,1.0676,1.068,1.87,1.22
2015.01.22 23:20:49.393,1.0676,1.068,1.12,1.22
2015.01.22 23:20:49.494,1.06758,1.06799,1.00,1.22
2015.01.22 23:20:49.545,1.06762,1.06799,1.00,1.22
2015.01.22 23:20:50.218,1.06762,1.06802,1.12,1.00
2015.01.22 23:20:50.269,1.06763,1.06805,1.00,1.00
2015.01.22 23:20:50.370,1.06766,1.06805,1.00,1.00
2015.01.22 23:20:50.716,1.0677,1.06808,1.00,1.22
2015.01.22 23:20:51.982,1.06772,1.06813,1.00,1.65
2015.01.22 23:20:52.507,1.06772,1.06812,1.00,1.09
2015.01.22 23:20:52.727,1.06772,1.06813,1.00,1.12
2015.01.22 23:20:52.929,1.06772,1.06813,1.00,1.35
2015.01.22 23:20:54.083,1.06776,1.06817,1.00,2.10
2015.01.22 23:20:55.088,1.06785,1.06819,1.00,1.05
2015.01.22 23:20:55.290,1.06785,1.06825,1.00,1.45
2015.01.22 23:20:55.341,1.06785,1.06825,1.00,1.07
2015.01.22 23:20:55.745,1.0679,1.06829,1.00,1.69
2015.01.22 23:20:56.048,1.06793,1.06829,1.00,1.55
2015.01.22 23:20:56.556,1.06793,1.06829,1.00,1.59
2015.01.22 23:20:57.119,1.0679,1.06829,1.50,1.59
2015.01.22 23:20:57.551,1.06792,1.06836,1.07,1.96
2015.01.22 23:20:57.703,1.068,1.06846,1.52,1.50
2015.01.22 23:20:57.804,1.06801,1.06853,1.52,1.00
2015.01.22 23:20:57.855,1.068,1.06852,1.45,2.25
2015.01.22 23:20:57.906,1.06798,1.0685,2.32,2.32
2015.01.22 23:20:57.957,1.06804,1.06844,1.00,1.07
2015.01.22 23:20:58.260,1.06801,1.06841,1.00,1.00
2015.01.22 23:20:58.764,1.068,1.06841,1.00,1.00
2015.01.22 23:20:59.332,1.068,1.06839,1.00,1.00
2015.01.22 23:21:01.278,1.06796,1.06837,1.00,1.00
2015.01.22 23:21:04.085,1.06792,1.06839,1.37,1.10
2015.01.22 23:21:04.629,1.06792,1.06839,1.00,1.50
2015.01.22 23:21:04.738,1.06792,1.06832,1.00,1.12
2015.01.22 23:21:05.444,1.06792,1.06835,1.00,1.37
2015.01.22 23:21:05.972,1.06792,1.06835,1.00,1.37
2015.01.22 23:21:06.694,1.06792,1.06835,1.00,1.37
2015.01.22 23:21:07.228,1.06792,1.06835,1.00,1.37
2015.01.22 23:21:07.821,1.06792,1.06835,1.00,1.37
2015.01.22 23:21:08.368,1.06792,1.06835,1.00,1.37
2015.01.22 23:21:08.933,1.06792,1.06835,1.00,1.37
2015.01.22 23:21:09.464,1.06792,1.06835,1.00,1.37
2015.01.22 23:21:11.290,1.06792,1.06835,1.00,1.37
2015.01.22 23:21:11.804,1.06792,1.06835,1.00,1.37
2015.01.22 23:21:12.355,1.06792,1.06835,1.00,1.37
2015.01.22 23:21:13.110,1.06792,1.06835,1.00,1.37
2015.01.22 23:21:13.619,1.06792,1.06835,1.00,1.37
2015.01.22 23:21:14.128,1.06792,1.06835,1.00,1.37
2015.01.22 23:21:14.666,1.06792,1.06835,1.00,1.37
2015.01.22 23:21:15.341,1.06792,1.06835,1.00,1.37
2015.01.22 23:21:15.854,1.06792,1.06835,1.00,1.37
2015.01.22 23:21:16.668,1.06792,1.06835,1.00,1.37
2015.01.22 23:21:17.279,1.06792,1.06835,1.00,1.37
2015.01.22 23:21:17.810,1.06796,1.06835,1.00,1.37
2015.01.22 23:21:18.365,1.06795,1.06837,1.00,1.37
2015.01.22 23:21:18.517,1.06795,1.06842,1.00,1.37
2015.01.22 23:21:19.064,1.06795,1.06841,1.50,1.37
2015.01.22 23:21:19.641,1.06795,1.06842,1.50,1.37
2015.01.22 23:21:20.268,1.06795,1.06841,1.50,1.37
2015.01.22 23:21:22.630,1.06795,1.06842,1.50,1.37
2015.01.22 23:21:23.164,1.06795,1.06841,1.50,1.37
2015.01.22 23:21:23.735,1.06795,1.06842,1.00,1.37
2015.01.22 23:21:24.246,1.06795,1.06841,1.00,1.37
2015.01.22 23:21:24.754,1.06795,1.06842,1.00,1.37
2015.01.22 23:21:25.342,1.06795,1.06841,1.00,1.37
2015.01.22 23:21:25.718,1.06796,1.06841,1.65,1.12
2015.01.22 23:21:26.034,1.06804,1.06842,1.00,1.12
2015.01.22 23:21:26.288,1.06802,1.06842,1.00,1.12
2015.01.22 23:21:26.742,1.06803,1.06846,1.87,1.12
2015.01.22 23:21:27.255,1.06808,1.06846,1.00,1.12
2015.01.22 23:21:27.433,1.06808,1.06852,1.00,1.12
2015.01.22 23:21:27.904,1.06808,1.06852,1.00,1.50
2015.01.22 23:21:27.955,1.06805,1.06846,1.50,1.12
2015.01.22 23:21:28.158,1.06805,1.06842,1.00,1.12
2015.01.22 23:21:28.698,1.06805,1.06841,1.00,1.12
2015.01.22 23:21:29.307,1.06805,1.06842,1.00,1.12
2015.01.22 23:21:30.918,1.06805,1.06841,1.00,1.12
2015.01.22 23:21:31.497,1.06805,1.06842,1.00,1.12
2015.01.22 23:21:32.081,1.06805,1.06841,1.00,1.12
2015.01.22 23:21:32.625,1.06805,1.06842,1.00,1.12
2015.01.22 23:21:33.173,1.06805,1.06841,1.00,1.12
2015.01.22 23:21:33.794,1.06805,1.06842,1.00,1.12
2015.01.22 23:21:34.619,1.06805,1.06841,1.00,1.12
2015.01.22 23:21:35.136,1.06805,1.06842,1.00,1.12
2015.01.22 23:21:35.640,1.06805,1.06841,1.00,1.12
2015.01.22 23:21:36.659,1.06805,1.06842,1.00,1.12
2015.01.22 23:21:37.692,1.06805,1.06841,1.00,1.12
2015.01.22 23:21:38.501,1.06805,1.06842,1.00,1.12
2015.01.22 23:21:39.014,1.06804,1.06841,1.00,1.12
2015.01.22 23:21:39.268,1.06808,1.06847,1.12,1.87
2015.01.22 23:21:39.773,1.06808,1.06847,1.37,1.87
2015.01.22 23:21:40.278,1.06808,1.06847,1.12,1.87
2015.01.22 23:21:40.860,1.06808,1.06846,1.12,1.12
2015.01.22 23:21:41.369,1.06808,1.06847,1.50,1.87
2015.01.22 23:21:41.882,1.06808,1.06846,1.00,1.12
2015.01.22 23:21:42.648,1.06808,1.06847,1.00,1.87
2015.01.22 23:21:43.165,1.06808,1.06846,1.00,1.12
2015.01.22 23:21:45.075,1.06808,1.06847,1.00,1.87
2015.01.22 23:21:45.584,1.06807,1.06847,1.00,1.87
2015.01.22 23:21:46.093,1.06806,1.06846,1.10,1.12
2015.01.22 23:21:46.599,1.06806,1.06847,1.10,1.87
2015.01.22 23:21:47.106,1.06804,1.06842,1.15,1.00
2015.01.22 23:21:47.157,1.06804,1.06841,1.00,1.12
2015.01.22 23:21:47.561,1.06803,1.06841,1.15,1.12
2015.01.22 23:21:47.764,1.06803,1.06842,1.00,1.87
2015.01.22 23:21:48.277,1.06803,1.06842,1.00,1.37
2015.01.22 23:21:49.596,1.06803,1.06842,1.00,1.12
2015.01.22 23:21:50.230,1.06803,1.06841,1.00,1.37
2015.01.22 23:21:50.735,1.06799,1.06837,1.00,1.12
2015.01.22 23:21:51.139,1.06799,1.06837,1.00,1.37
2015.01.22 23:21:51.240,1.06795,1.06834,1.15,1.37
2015.01.22 23:21:51.745,1.06799,1.06836,1.15,1.37
2015.01.22 23:21:52.276,1.06799,1.06837,1.15,1.37
2015.01.22 23:21:52.882,1.06799,1.06837,1.15,1.12
2015.01.22 23:21:53.033,1.06795,1.06834,1.00,1.00
2015.01.22 23:21:53.992,1.06795,1.06834,1.00,1.37
2015.01.22 23:21:54.499,1.06795,1.06832,1.00,1.12
2015.01.22 23:21:55.008,1.06795,1.06831,1.00,1.12
2015.01.22 23:21:55.515,1.06795,1.06832,1.50,1.12
2015.01.22 23:21:55.819,1.06795,1.06831,2.25,1.12
2015.01.22 23:21:56.777,1.06795,1.06832,2.25,1.12
2015.01.22 23:21:57.283,1.06795,1.06831,2.25,1.12
2015.01.22 23:21:57.687,1.06795,1.06832,1.75,1.37
2015.01.22 23:21:58.282,1.06795,1.06831,1.75,1.37
2015.01.22 23:21:58.787,1.06792,1.06833,1.75,1.37
2015.01.22 23:21:59.233,1.06792,1.06833,1.75,1.37
2015.01.22 23:21:59.728,1.06792,1.06833,1.75,1.37
2015.01.22 23:22:00.260,1.06792,1.06833,1.75,1.37
2015.01.22 23:22:00.783,1.06792,1.06833,1.75,1.37
2015.01.22 23:22:01.387,1.06792,1.06833,1.75,1.37
2015.01.22 23:22:01.593,1.06792,1.06833,1.75,1.37
2015.01.22 23:22:02.106,1.06792,1.06833,1.75,1.37
2015.01.22 23:22:02.998,1.06797,1.06833,1.75,1.37
2015.01.22 23:22:03.378,1.06798,1.06837,1.85,1.87
2015.01.22 23:22:03.429,1.06798,1.06836,1.85,1.12
2015.01.22 23:22:03.480,1.06798,1.06836,1.85,1.12
2015.01.22 23:22:03.582,1.068,1.06836,1.75,1.12
2015.01.22 23:22:03.683,1.06804,1.06836,1.75,1.12
2015.01.22 23:22:03.734,1.06804,1.06842,1.75,1.37
2015.01.22 23:22:04.039,1.06808,1.06845,1.75,1.00
2015.01.22 23:22:05.112,1.06805,1.06845,2.25,1.00
2015.01.22 23:22:05.422,1.06806,1.06845,1.75,1.37
2015.01.22 23:22:05.969,1.06806,1.06845,1.75,1.37
2015.01.22 23:22:06.183,1.06806,1.06845,1.75,1.37
2015.01.22 23:22:06.286,1.06806,1.06845,1.37,1.00
2015.01.22 23:22:08.613,1.06805,1.06845,1.37,1.00
2015.01.22 23:22:09.031,1.06805,1.06845,1.87,1.00
2015.01.22 23:22:09.082,1.06805,1.06842,1.12,1.00
2015.01.22 23:22:13.330,1.06803,1.06842,1.37,1.00
2015.01.22 23:22:13.784,1.068,1.06838,1.00,1.00
2015.01.22 23:22:20.180,1.06798,1.06838,1.12,1.00
2015.01.22 23:22:21.684,1.06795,1.06834,1.00,1.00
2015.01.22 23:22:21.987,1.06791,1.0683,1.37,1.00
2015.01.22 23:22:25.490,1.06791,1.0683,1.37,1.00
2015.01.22 23:22:26.690,1.06791,1.0683,1.37,1.00
2015.01.22 23:22:27.428,1.0679,1.06829,1.87,1.00
2015.01.22 23:22:29.319,1.0679,1.06829,1.00,1.00
2015.01.22 23:22:29.421,1.06788,1.06822,1.00,1.00
2015.01.22 23:22:29.471,1.06783,1.06822,1.12,1.00
2015.01.22 23:22:29.674,1.06783,1.06821,1.00,1.37
2015.01.22 23:22:29.725,1.06778,1.06819,1.87,1.37
2015.01.22 23:22:29.827,1.06778,1.06819,1.87,1.37
2015.01.22 23:22:30.231,1.0678,1.06821,1.47,1.37
2015.01.22 23:22:30.282,1.0678,1.06821,1.47,1.12
2015.01.22 23:22:30.433,1.06779,1.06825,1.55,1.87
2015.01.22 23:22:30.958,1.06779,1.06825,1.55,1.87
2015.01.22 23:22:31.567,1.06779,1.06825,1.55,1.87
2015.01.22 23:22:32.735,1.06779,1.06825,1.55,1.87
2015.01.22 23:22:33.240,1.0678,1.06825,1.47,1.87
2015.01.22 23:22:33.750,1.06779,1.06825,2.02,1.87
2015.01.22 23:22:34.356,1.0678,1.06825,1.47,1.87
2015.01.22 23:22:34.892,1.0678,1.06825,1.47,1.87
2015.01.22 23:22:35.139,1.0678,1.06825,1.47,1.87
2015.01.22 23:22:35.653,1.06779,1.06825,2.40,1.87
2015.01.22 23:22:36.382,1.0678,1.06825,1.47,1.87
2015.01.22 23:22:36.931,1.06779,1.06825,1.55,1.87
2015.01.22 23:22:37.440,1.06779,1.06825,1.37,1.87
2015.01.22 23:22:38.780,1.06776,1.06824,1.75,1.37
2015.01.22 23:22:39.691,1.06776,1.06824,2.25,1.37
2015.01.22 23:22:40.606,1.06777,1.06824,1.50,1.37
2015.01.22 23:22:41.221,1.06776,1.06824,1.75,1.37
2015.01.22 23:22:42.234,1.06776,1.06824,2.25,1.37
2015.01.22 23:22:42.839,1.06776,1.06824,2.25,1.37
2015.01.22 23:22:43.368,1.06776,1.06824,2.25,1.37
2015.01.22 23:22:43.754,1.06776,1.06824,1.75,1.00
2015.01.22 23:22:43.855,1.06776,1.06824,2.25,1.37
2015.01.22 23:22:44.871,1.06776,1.06824,2.25,1.37
2015.01.22 23:22:45.175,1.0678,1.06819,1.37,1.00
2015.01.22 23:22:46.161,1.0678,1.06819,1.37,1.00
2015.01.22 23:22:48.604,1.0678,1.06819,1.37,1.00
2015.01.22 23:22:49.200,1.0678,1.06819,1.00,1.00
2015.01.22 23:22:50.845,1.0678,1.06819,1.37,1.00
2015.01.22 23:22:51.048,1.06778,1.06819,1.00,1.00
2015.01.22 23:22:51.575,1.06778,1.06819,1.37,1.00
2015.01.22 23:22:51.777,1.06778,1.06819,1.37,1.37
2015.01.22 23:22:52.256,1.06776,1.06814,1.37,1.00
2015.01.22 23:22:52.307,1.06776,1.06814,1.37,1.00
2015.01.22 23:22:52.931,1.06776,1.06814,1.37,1.00
2015.01.22 23:22:53.438,1.06776,1.06814,1.37,1.00
2015.01.22 23:22:55.058,1.06776,1.06814,1.37,1.00
2015.01.22 23:22:55.260,1.06776,1.06814,1.37,1.00
2015.01.22 23:22:56.546,1.06776,1.06814,1.37,1.00
2015.01.22 23:22:56.647,1.06776,1.06814,1.00,1.00
2015.01.22 23:22:56.799,1.06785,1.06814,1.00,1.00
2015.01.22 23:22:57.356,1.06785,1.06818,1.00,1.37
2015.01.22 23:22:57.710,1.06785,1.06818,1.00,1.00
2015.01.22 23:22:58.384,1.06785,1.06822,1.12,1.12
2015.01.22 23:22:58.940,1.06785,1.06822,1.12,1.37
2015.01.22 23:22:59.465,1.06786,1.06822,1.00,1.37
2015.01.22 23:22:59.971,1.06786,1.06822,1.00,1.12
2015.01.22 23:23:00.887,1.06787,1.06822,1.00,1.00
2015.01.22 23:23:01.371,1.06794,1.06832,1.00,1.37
2015.01.22 23:23:01.876,1.06797,1.06832,1.00,1.37
2015.01.22 23:23:01.979,1.06792,1.06831,1.00,1.37
2015.01.22 23:23:02.484,1.06797,1.06831,1.00,1.37
2015.01.22 23:23:02.838,1.06789,1.0683,1.00,1.37
2015.01.22 23:23:03.343,1.06788,1.0683,1.00,1.37
2015.01.22 23:23:03.891,1.06788,1.0683,1.00,1.37
2015.01.22 23:23:04.402,1.06789,1.0683,1.12,1.37
2015.01.22 23:23:05.884,1.06789,1.0683,1.12,1.37
2015.01.22 23:23:06.395,1.06789,1.0683,1.00,1.37
2015.01.22 23:23:06.988,1.06789,1.0683,1.00,1.37
2015.01.22 23:23:07.649,1.06789,1.0683,1.00,1.37
2015.01.22 23:23:08.232,1.06789,1.0683,1.00,1.37
2015.01.22 23:23:08.740,1.06789,1.0683,1.00,1.37
2015.01.22 23:23:09.323,1.06789,1.0683,1.00,1.37
2015.01.22 23:23:09.868,1.06788,1.0683,1.37,1.37
2015.01.22 23:23:10.388,1.06788,1.06832,1.37,1.37
2015.01.22 23:23:10.958,1.06788,1.06831,1.37,1.37
2015.01.22 23:23:11.518,1.06788,1.06831,1.37,1.37
2015.01.22 23:23:12.050,1.06788,1.06832,1.37,1.37
2015.01.22 23:23:12.579,1.06788,1.06831,1.37,1.37
2015.01.22 23:23:13.101,1.06788,1.06832,1.87,1.87
2015.01.22 23:23:13.651,1.06788,1.06831,1.37,1.37
2015.01.22 23:23:14.395,1.06788,1.06829,1.87,1.37
2015.01.22 23:23:14.827,1.06788,1.06829,2.62,1.00
2015.01.22 23:23:19.148,1.06788,1.06829,3.00,1.00
2015.01.22 23:23:22.499,1.06791,1.06832,1.37,1.00
2015.01.22 23:23:22.650,1.06791,1.06832,2.25,1.00
2015.01.22 23:23:24.513,1.06791,1.06832,1.87,1.00
2015.01.22 23:23:26.248,1.06791,1.06832,1.37,1.00
2015.01.22 23:23:27.510,1.06789,1.06829,1.37,1.00
2015.01.22 23:23:27.561,1.06789,1.06829,1.37,1.00
2015.01.22 23:23:27.612,1.06788,1.06827,1.87,1.12
2015.01.22 23:23:28.117,1.06788,1.06826,1.87,1.12
2015.01.22 23:23:28.626,1.06788,1.06826,2.62,1.12
2015.01.22 23:23:28.929,1.06789,1.06827,1.37,1.12
2015.01.22 23:23:29.458,1.06792,1.06827,1.00,1.12
2015.01.22 23:23:30.004,1.06791,1.06827,1.37,1.12
2015.01.22 23:23:30.517,1.06791,1.06826,1.37,1.12
2015.01.22 23:23:30.821,1.06792,1.06827,1.75,1.12
2015.01.22 23:23:31.225,1.06796,1.06832,1.37,1.12
2015.01.22 23:23:31.848,1.06795,1.06832,1.37,1.37
2015.01.22 23:23:32.569,1.06794,1.06832,1.37,1.37
2015.01.22 23:23:32.670,1.06795,1.06832,1.00,1.37
2015.01.22 23:23:32.828,1.06793,1.06832,1.00,1.37
2015.01.22 23:23:33.368,1.06792,1.06832,1.00,1.37
2015.01.22 23:23:33.477,1.06792,1.06831,1.00,1.37
2015.01.22 23:23:34.786,1.06792,1.06832,1.00,1.87
2015.01.22 23:23:34.837,1.06788,1.06829,1.00,1.37
2015.01.22 23:23:35.351,1.06788,1.06829,1.00,1.37
2015.01.22 23:23:35.915,1.06788,1.06827,1.00,1.12
2015.01.22 23:23:35.966,1.06785,1.06825,1.00,1.00
2015.01.22 23:23:36.479,1.06786,1.06825,1.00,1.00
2015.01.22 23:23:39.394,1.06786,1.06825,1.00,1.37
2015.01.22 23:23:39.916,1.06785,1.06821,1.00,1.12
2015.01.22 23:23:40.573,1.06786,1.06821,1.00,1.00
2015.01.22 23:23:41.124,1.06785,1.06821,1.00,1.00
2015.01.22 23:23:44.682,1.06785,1.06822,1.00,1.00
2015.01.22 23:23:45.898,1.06783,1.06822,1.57,1.00
2015.01.22 23:23:46.353,1.06784,1.06822,1.50,1.00
2015.01.22 23:23:49.782,1.06786,1.06825,1.07,1.00
2015.01.22 23:23:53.402,1.06787,1.06825,1.50,1.00
2015.01.22 23:23:54.520,1.06786,1.06825,1.50,1.00
2015.01.22 23:23:55.505,1.06786,1.06822,1.00,1.00
2015.01.22 23:23:55.659,1.06782,1.06821,1.12,1.12
2015.01.22 23:23:55.811,1.06779,1.06818,1.07,1.00
2015.01.22 23:23:56.324,1.06779,1.06818,1.00,1.00
2015.01.22 23:23:56.629,1.06775,1.06814,1.12,1.00
2015.01.22 23:23:56.679,1.06775,1.06814,1.00,1.00
2015.01.22 23:23:57.034,1.06775,1.06814,1.00,1.37
2015.01.22 23:23:57.539,1.0677,1.06811,1.75,1.12
2015.01.22 23:23:58.003,1.06763,1.06803,1.95,1.00
2015.01.22 23:23:58.206,1.06767,1.06806,1.75,1.12
2015.01.22 23:23:58.459,1.06767,1.06806,1.07,1.20
2015.01.22 23:23:58.510,1.06763,1.06801,1.75,1.12
2015.01.22 23:23:58.662,1.0676,1.06801,1.75,1.00
2015.01.22 23:23:58.814,1.0676,1.06801,1.12,1.12
2015.01.22 23:23:59.016,1.0676,1.06801,2.25,1.12
2015.01.22 23:24:00.771,1.0676,1.06801,1.10,1.87
2015.01.22 23:24:00.973,1.0676,1.06801,1.10,1.37
2015.01.22 23:24:01.175,1.06764,1.06805,1.00,1.00
2015.01.22 23:24:02.848,1.06764,1.06801,1.50,1.00
2015.01.22 23:24:03.152,1.06759,1.06796,1.07,1.12
2015.01.22 23:24:03.455,1.06756,1.06792,1.07,1.37
2015.01.22 23:24:03.630,1.06756,1.06794,1.00,1.00
2015.01.22 23:24:04.288,1.06756,1.06794,1.00,1.07
2015.01.22 23:24:04.389,1.06756,1.06794,1.00,1.75
2015.01.22 23:24:04.866,1.06751,1.0679,1.00,2.25
2015.01.22 23:24:05.639,1.06751,1.06783,1.00,1.07
2015.01.22 23:24:05.842,1.06736,1.06774,1.10,1.00
2015.01.22 23:24:05.943,1.06736,1.06771,1.00,1.00
2015.01.22 23:24:06.348,1.0673,1.06776,1.37,1.12
2015.01.22 23:24:06.652,1.06736,1.06779,1.00,1.75
2015.01.22 23:24:06.703,1.06736,1.06779,1.00,1.00
2015.01.22 23:24:06.753,1.06737,1.06787,1.07,1.75
2015.01.22 23:24:06.804,1.06737,1.06787,1.90,1.00
2015.01.22 23:24:06.855,1.0675,1.06787,1.00,1.00
2015.01.22 23:24:07.159,1.06778,1.06818,1.12,1.57
2015.01.22 23:24:07.260,1.06787,1.06825,1.00,1.00
2015.01.22 23:24:07.361,1.06786,1.06825,1.50,1.00
2015.01.22 23:24:07.412,1.06786,1.06834,1.50,1.15
2015.01.22 23:24:07.463,1.06793,1.06835,2.62,1.07
2015.01.22 23:24:07.513,1.06793,1.06849,2.70,3.07
2015.01.22 23:24:07.564,1.06797,1.06844,1.37,1.00
2015.01.22 23:24:07.665,1.06803,1.06859,1.50,1.90
2015.01.22 23:24:07.716,1.06803,1.0686,2.25,1.90
2015.01.22 23:24:07.767,1.06804,1.06849,1.12,1.00
2015.01.22 23:24:07.884,1.06804,1.06856,1.12,1.82
2015.01.22 23:24:07.935,1.06804,1.06856,1.75,1.07
2015.01.22 23:24:08.242,1.06814,1.06854,1.37,1.00
2015.01.22 23:24:08.293,1.06814,1.0686,1.37,1.00
2015.01.22 23:24:08.445,1.06815,1.06862,1.20,1.00
2015.01.22 23:24:08.597,1.06815,1.06862,1.92,1.00
2015.01.22 23:24:09.102,1.06819,1.06863,1.37,1.00
2015.01.22 23:24:09.406,1.06826,1.06867,1.00,1.00
2015.01.22 23:24:09.709,1.06831,1.0687,1.00,1.00
2015.01.22 23:24:10.063,1.06835,1.06873,1.00,1.00
2015.01.22 23:24:10.265,1.06838,1.06877,1.10,1.00
2015.01.22 23:24:10.770,1.06831,1.06873,1.75,1.00
2015.01.22 23:24:10.871,1.06831,1.06873,1.00,1.47
2015.01.22 23:24:10.972,1.06828,1.06868,1.00,1.00
2015.01.22 23:24:11.275,1.06778,1.06809,1.00,1.37
2015.01.22 23:24:11.528,1.06786,1.06826,2.25,1.00
2015.01.22 23:24:11.629,1.06789,1.06842,1.15,1.12
2015.01.22 23:24:11.679,1.06789,1.06843,1.90,1.37
2015.01.22 23:24:11.781,1.06789,1.06834,1.37,1.00
2015.01.22 23:24:11.983,1.06789,1.06833,1.37,1.12
2015.01.22 23:24:12.336,1.06788,1.06845,1.47,1.85
2015.01.22 23:24:12.438,1.06788,1.06838,1.47,1.75
2015.01.22 23:24:12.539,1.06782,1.06838,1.52,1.75
2015.01.22 23:24:13.104,1.06786,1.06843,1.52,1.75
2015.01.22 23:24:13.307,1.06791,1.06843,1.00,1.75
2015.01.22 23:24:13.610,1.06799,1.06845,1.10,1.75
2015.01.22 23:24:13.684,1.06799,1.06845,1.10,1.50
2015.01.22 23:24:13.736,1.06806,1.0685,1.00,3.75
2015.01.22 23:24:13.989,1.06806,1.0685,1.00,1.75
2015.01.22 23:24:14.090,1.06807,1.06855,1.00,1.75
2015.01.22 23:24:14.393,1.06808,1.06858,1.17,1.75
2015.01.22 23:24:14.494,1.06813,1.06853,1.00,1.75
2015.01.22 23:24:14.545,1.06813,1.06853,1.00,1.75
2015.01.22 23:24:14.950,1.06812,1.06858,1.00,1.75
2015.01.22 23:24:15.051,1.06816,1.06858,1.00,1.12
2015.01.22 23:24:15.203,1.06813,1.06853,1.00,1.10
2015.01.22 23:24:15.506,1.06813,1.06853,1.00,1.75
2015.01.22 23:24:15.811,1.06806,1.06846,1.00,1.50
2015.01.22 23:24:15.963,1.06807,1.06847,1.00,1.20
2015.01.22 23:24:16.215,1.06811,1.06844,1.00,1.00
2015.01.22 23:24:16.266,1.06811,1.06849,1.00,1.07
2015.01.22 23:24:16.317,1.06811,1.06849,1.00,1.00
2015.01.22 23:24:16.670,1.06814,1.06856,1.00,1.82
2015.01.22 23:24:16.822,1.06819,1.06859,1.50,1.00
2015.01.22 23:24:16.923,1.06819,1.06859,1.75,1.00
2015.01.22 23:24:16.973,1.06822,1.06864,1.75,1.00
2015.01.22 23:24:17.075,1.06827,1.06867,1.00,1.00
2015.01.22 23:24:17.277,1.06827,1.06867,1.00,1.75
2015.01.22 23:24:17.378,1.06827,1.06867,1.00,1.00
2015.01.22 23:24:17.801,1.0683,1.06871,1.00,1.37
2015.01.22 23:24:17.953,1.0683,1.06872,1.00,1.12
2015.01.22 23:24:18.458,1.0683,1.06872,1.00,1.37
2015.01.22 23:24:18.509,1.06828,1.06869,1.00,1.00
2015.01.22 23:24:18.812,1.06833,1.06873,1.00,1.00
2015.01.22 23:24:18.913,1.06829,1.0687,1.00,1.00
2015.01.22 23:24:19.116,1.06829,1.06868,1.00,1.00
2015.01.22 23:24:20.429,1.06826,1.06866,1.00,1.00
2015.01.22 23:24:20.833,1.06822,1.06862,1.00,1.00
2015.01.22 23:24:21.843,1.06822,1.06861,1.00,1.00
2015.01.22 23:24:22.617,1.06822,1.06862,1.00,1.00
2015.01.22 23:24:25.708,1.06817,1.06859,1.12,1.00
2015.01.22 23:24:25.759,1.06817,1.06859,1.00,1.00
2015.01.22 23:24:25.860,1.06817,1.06858,1.12,1.00
2015.01.22 23:24:25.962,1.06817,1.06859,1.00,1.00
2015.01.22 23:24:26.063,1.06817,1.06859,1.50,1.00
2015.01.22 23:24:26.367,1.06822,1.06861,1.00,1.00
2015.01.22 23:24:26.964,1.06822,1.0686,1.00,1.00
2015.01.22 23:24:27.267,1.06801,1.06843,1.75,1.00
2015.01.22 23:24:27.369,1.06801,1.06843,1.00,1.00
2015.01.22 23:24:27.824,1.06793,1.06847,1.75,1.12
2015.01.22 23:24:28.076,1.06789,1.06844,1.87,1.50
2015.01.22 23:24:28.127,1.068,1.06839,1.00,1.00
2015.01.22 23:24:28.633,1.06789,1.06848,1.12,1.75
2015.01.22 23:24:28.734,1.06774,1.06846,1.20,1.75
2015.01.22 23:24:28.835,1.06788,1.06838,1.00,1.00
2015.01.22 23:24:29.140,1.06794,1.06839,1.07,1.00
2015.01.22 23:24:29.645,1.06795,1.0684,1.10,1.00
2015.01.22 23:24:29.962,1.06795,1.06835,1.00,1.00
2015.01.22 23:24:31.329,1.0679,1.06832,1.10,1.00
2015.01.22 23:24:31.431,1.06795,1.06834,1.00,1.00
2015.01.22 23:24:31.939,1.06795,1.06834,1.07,1.00
2015.01.22 23:24:32.445,1.06795,1.06834,1.10,1.00
2015.01.22 23:24:32.649,1.06797,1.0684,1.50,1.00
2015.01.22 23:24:32.800,1.06797,1.0684,1.00,1.00
2015.01.22 23:24:32.852,1.06799,1.06843,1.00,1.00
2015.01.22 23:24:33.105,1.06798,1.06842,1.50,1.00
2015.01.22 23:24:33.611,1.06798,1.06839,1.50,1.00
2015.01.22 23:24:33.662,1.06798,1.06839,1.10,1.00
2015.01.22 23:24:33.784,1.06798,1.06839,1.75,1.00
2015.01.22 23:24:33.936,1.06803,1.06842,1.00,1.00
2015.01.22 23:24:34.038,1.06798,1.06837,1.10,1.00
2015.01.22 23:24:34.240,1.06798,1.06841,1.50,1.00
2015.01.22 23:24:34.645,1.06802,1.06841,1.75,1.00
2015.01.22 23:24:38.717,1.06802,1.06841,1.07,1.00
2015.01.22 23:24:39.175,1.06802,1.06841,1.50,1.00
2015.01.22 23:24:39.689,1.06802,1.0684,1.50,1.00
2015.01.22 23:24:40.163,1.06805,1.06844,1.10,1.00
2015.01.22 23:24:40.467,1.06802,1.0684,1.50,1.00
2015.01.22 23:24:42.645,1.068,1.06841,1.75,1.00
2015.01.22 23:24:42.897,1.068,1.06841,1.12,1.00
2015.01.22 23:24:43.049,1.06805,1.06844,1.00,1.00
2015.01.22 23:24:43.555,1.06808,1.06849,1.00,1.10
2015.01.22 23:24:43.757,1.06808,1.06849,1.00,1.75
2015.01.22 23:24:43.984,1.06808,1.06849,1.00,1.07
2015.01.22 23:24:44.489,1.06808,1.06849,1.00,1.10
2015.01.22 23:24:45.549,1.06812,1.06853,1.00,1.10
2015.01.22 23:24:45.852,1.06815,1.06856,1.00,1.12
2015.01.22 23:24:46.671,1.06815,1.06856,1.00,1.07
2015.01.22 23:24:47.178,1.06815,1.06856,1.00,1.00
2015.01.22 23:24:47.683,1.06819,1.06858,1.00,1.12
2015.01.22 23:24:47.734,1.06819,1.06858,1.00,1.00
2015.01.22 23:24:52.695,1.06819,1.0686,1.00,1.50
2015.01.22 23:24:53.150,1.06819,1.06858,1.00,1.00
2015.01.22 23:24:53.251,1.06819,1.0686,1.00,1.00
2015.01.22 23:24:53.566,1.06819,1.06857,1.00,1.00
2015.01.22 23:24:53.719,1.06819,1.0686,1.00,1.00
2015.01.22 23:24:53.820,1.06819,1.06857,1.00,1.00
2015.01.22 23:24:54.029,1.06819,1.0686,1.00,1.00
2015.01.22 23:24:54.130,1.06819,1.06858,1.00,1.00
2015.01.22 23:24:54.484,1.06819,1.0686,1.00,1.00
2015.01.22 23:24:54.585,1.06824,1.06861,1.00,1.00
2015.01.22 23:24:54.686,1.0682,1.06858,1.00,1.00
2015.01.22 23:24:54.989,1.06823,1.06858,1.00,1.00
2015.01.22 23:24:55.141,1.06823,1.06862,1.00,1.00
2015.01.22 23:24:55.242,1.06823,1.06858,1.00,1.00
2015.01.22 23:24:55.444,1.06823,1.06863,1.00,1.00
2015.01.22 23:24:55.596,1.06813,1.06866,1.12,1.00
2015.01.22 23:24:55.697,1.06813,1.06863,1.37,1.00
2015.01.22 23:24:56.079,1.06834,1.06867,1.00,1.12
2015.01.22 23:24:56.130,1.0682,1.06881,1.75,1.12
2015.01.22 23:24:56.231,1.06824,1.06882,1.87,1.07
2015.01.22 23:24:56.333,1.06823,1.06877,1.87,1.00
2015.01.22 23:24:56.636,1.06835,1.0687,1.00,1.00
2015.01.22 23:24:56.687,1.06833,1.0687,1.10,1.00
2015.01.22 23:24:56.839,1.06831,1.06873,1.07,1.00
2015.01.22 23:24:56.889,1.06838,1.06873,1.00,1.00
2015.01.22 23:24:57.142,1.06835,1.06873,1.00,1.00
2015.01.22 23:24:57.496,1.06837,1.06873,1.00,1.00
2015.01.22 23:24:58.002,1.06838,1.06873,1.00,1.00
2015.01.22 23:24:58.306,1.06841,1.06873,1.00,1.00
2015.01.22 23:24:58.357,1.06841,1.06882,1.00,1.00
2015.01.22 23:24:58.610,1.06842,1.06884,1.00,1.00
2015.01.22 23:24:58.712,1.06846,1.06884,1.00,1.00
2015.01.22 23:24:59.117,1.06843,1.06883,1.00,1.00
2015.01.22 23:24:59.219,1.06838,1.06877,1.12,1.00
2015.01.22 23:24:59.270,1.06838,1.06877,1.00,1.00
2015.01.22 23:24:59.321,1.06824,1.06863,1.87,1.00
2015.01.22 23:24:59.423,1.06817,1.0686,1.00,1.00
2015.01.22 23:24:59.524,1.06816,1.06858,1.00,1.00
2015.01.22 23:24:59.827,1.0681,1.06848,1.00,1.00
2015.01.22 23:25:00.131,1.06817,1.06856,1.00,1.10
2015.01.22 23:25:00.585,1.06817,1.06853,1.00,1.00
2015.01.22 23:25:00.788,1.06817,1.06855,1.00,1.00
2015.01.22 23:25:01.293,1.06817,1.06856,1.00,1.00
2015.01.22 23:25:01.445,1.06821,1.0686,1.00,1.10
2015.01.22 23:25:01.749,1.06829,1.06866,1.00,1.00
2015.01.22 23:25:01.923,1.06831,1.0687,1.00,1.00
2015.01.22 23:25:02.530,1.06827,1.06866,1.00,1.00
2015.01.22 23:25:05.650,1.06823,1.06862,1.00,1.00
2015.01.22 23:25:08.061,1.06824,1.06867,1.00,1.00
2015.01.22 23:25:13.266,1.06825,1.06866,1.00,1.00
2015.01.22 23:25:15.846,1.06825,1.06863,1.00,1.00
2015.01.22 23:25:16.104,1.06825,1.06866,1.00,1.00
2015.01.22 23:25:17.587,1.06829,1.06866,1.00,1.00
2015.01.22 23:25:19.609,1.06829,1.06865,1.00,1.00
2015.01.22 23:25:20.116,1.06829,1.06866,1.00,1.00
2015.01.22 23:25:20.167,1.06829,1.0687,1.00,1.00
2015.01.22 23:25:20.673,1.06834,1.06872,1.00,1.00
2015.01.22 23:25:25.697,1.0684,1.06874,1.00,1.10
2015.01.22 23:25:26.102,1.0684,1.06877,1.00,1.10
2015.01.22 23:25:26.677,1.06841,1.06877,1.00,1.10
2015.01.22 23:25:29.808,1.06841,1.06879,1.00,1.00
2015.01.22 23:25:29.911,1.06835,1.06876,1.50,1.00
2015.01.22 23:25:29.961,1.06835,1.06876,1.00,1.00
2015.01.22 23:25:30.063,1.06835,1.06863,1.00,1.00
2015.01.22 23:25:30.164,1.06835,1.06876,1.00,1.00
2015.01.22 23:25:30.734,1.06835,1.06876,1.07,1.00
2015.01.22 23:25:30.835,1.0684,1.06879,1.00,1.00
2015.01.22 23:25:31.952,1.0684,1.06879,1.00,1.75
2015.01.22 23:25:32.053,1.0684,1.06879,1.00,1.10
2015.01.22 23:25:32.631,1.0684,1.06879,1.00,1.07
2015.01.22 23:25:33.036,1.06836,1.06874,1.00,1.00
2015.01.22 23:25:33.440,1.06834,1.06878,1.00,1.00
2015.01.22 23:25:33.541,1.06837,1.06878,1.00,1.50
2015.01.22 23:25:33.846,1.06838,1.06875,1.00,1.00
2015.01.22 23:25:33.947,1.06834,1.06875,1.10,1.00
2015.01.22 23:25:34.149,1.06837,1.06875,1.00,1.00
2015.01.22 23:25:34.351,1.06837,1.06878,1.00,1.00
2015.01.22 23:25:34.573,1.06842,1.0688,1.00,1.00
2015.01.22 23:25:34.624,1.0683,1.06883,1.75,1.00
2015.01.22 23:25:34.675,1.0683,1.06883,1.75,1.37
2015.01.22 23:25:34.725,1.0683,1.06877,1.75,1.00
2015.01.22 23:25:34.777,1.0683,1.06877,1.75,1.07
2015.01.22 23:25:34.827,1.06828,1.06882,1.20,1.20
2015.01.22 23:25:34.979,1.06824,1.06882,1.12,1.37
2015.01.22 23:25:35.131,1.06831,1.06887,1.00,1.45
2015.01.22 23:25:35.182,1.06831,1.06887,1.00,1.07
2015.01.22 23:25:35.283,1.06825,1.06889,1.50,1.50
2015.01.22 23:25:35.333,1.06833,1.06877,1.00,1.00
2015.01.22 23:25:35.435,1.06828,1.06877,1.00,1.00
2015.01.22 23:25:35.637,1.0682,1.06871,1.75,1.00
2015.01.22 23:25:35.890,1.06822,1.06882,1.75,1.50
2015.01.22 23:25:35.941,1.0683,1.06881,1.75,1.00
2015.01.22 23:25:36.447,1.0683,1.06882,1.75,1.50
2015.01.22 23:25:36.952,1.06835,1.06882,1.12,1.00
2015.01.22 23:25:37.104,1.06835,1.06884,1.07,1.50
2015.01.22 23:25:37.155,1.06837,1.06882,1.00,1.50
2015.01.22 23:25:37.458,1.06833,1.06885,1.75,1.00
2015.01.22 23:25:37.609,1.06829,1.06888,1.87,1.00
2015.01.22 23:25:37.660,1.06829,1.06884,1.20,1.00
2015.01.22 23:25:37.862,1.06836,1.06885,1.00,1.00
2015.01.22 23:25:38.165,1.06836,1.06888,1.75,1.00
2015.01.22 23:25:38.215,1.06836,1.06888,1.07,1.00
2015.01.22 23:25:38.266,1.06832,1.06886,1.75,1.00
2015.01.22 23:25:38.569,1.06833,1.06882,1.12,2.32
2015.01.22 23:25:38.772,1.06823,1.06871,1.50,1.07
2015.01.22 23:25:38.873,1.06831,1.06868,1.00,1.00
2015.01.22 23:25:39.076,1.06835,1.06876,1.00,1.57
2015.01.22 23:25:39.127,1.06835,1.06874,1.00,1.00
2015.01.22 23:25:39.178,1.06827,1.06874,1.47,1.07
2015.01.22 23:25:39.381,1.06832,1.06871,1.00,1.00
2015.01.22 23:25:39.432,1.06826,1.06872,1.12,1.00
2015.01.22 23:25:39.837,1.06832,1.06872,1.00,1.00
2015.01.22 23:25:40.141,1.06828,1.06866,1.00,1.00
2015.01.22 23:25:40.572,1.06824,1.06863,1.10,1.00
2015.01.22 23:25:40.776,1.06828,1.06866,1.00,1.00
2015.01.22 23:25:41.182,1.06824,1.06863,1.00,1.00
2015.01.22 23:25:41.587,1.06827,1.06868,1.00,1.00
2015.01.22 23:25:41.638,1.06827,1.06868,1.00,1.75
2015.01.22 23:25:41.689,1.06823,1.06864,1.00,1.50
2015.01.22 23:25:41.790,1.06823,1.06864,1.00,1.00
2015.01.22 23:25:42.346,1.06828,1.06866,1.00,1.00
2015.01.22 23:25:42.448,1.06824,1.06863,1.00,1.00
2015.01.22 23:25:43.688,1.06828,1.06866,1.00,1.00
2015.01.22 23:25:48.190,1.06823,1.06864,1.00,1.00
2015.01.22 23:25:48.493,1.06828,1.06866,1.00,1.00
2015.01.22 23:25:48.608,1.06824,1.06863,1.10,1.00
2015.01.22 23:25:48.768,1.06827,1.06867,1.00,1.00
2015.01.22 23:25:48.920,1.06823,1.06864,1.07,1.00
2015.01.22 23:25:49.391,1.06827,1.06868,1.00,1.00
2015.01.22 23:25:49.595,1.06825,1.06863,1.00,1.00
2015.01.22 23:25:49.798,1.0682,1.06861,1.00,1.00
2015.01.22 23:25:50.941,1.0682,1.06861,1.00,1.07
2015.01.22 23:25:51.043,1.0682,1.06861,1.00,1.00
2015.01.22 23:25:51.194,1.0682,1.06861,1.00,1.12
2015.01.22 23:25:51.397,1.06816,1.06857,1.00,1.00
2015.01.22 23:25:52.693,1.06821,1.0686,1.00,1.07
2015.01.22 23:25:54.424,1.06825,1.06862,1.00,1.07
2015.01.22 23:25:55.484,1.06825,1.06861,1.00,1.07
2015.01.22 23:25:57.623,1.06825,1.06859,1.00,1.07
2015.01.22 23:25:58.182,1.06825,1.06859,1.00,1.10
2015.01.22 23:25:58.761,1.06825,1.06859,1.00,1.07
2015.01.22 23:25:59.940,1.06825,1.06859,1.00,1.10
2015.01.22 23:26:00.243,1.06828,1.06859,1.00,1.00
2015.01.22 23:26:00.546,1.06832,1.06858,1.00,1.00
2015.01.22 23:26:00.672,1.06832,1.06871,1.00,1.15
2015.01.22 23:26:01.026,1.06832,1.06871,1.00,1.82
2015.01.22 23:26:01.127,1.06832,1.06869,1.00,1.00
2015.01.22 23:26:01.228,1.06835,1.06869,1.00,1.00
2015.01.22 23:26:01.380,1.06835,1.06872,1.00,1.00
2015.01.22 23:26:01.633,1.06839,1.06875,1.00,1.50
2015.01.22 23:26:01.886,1.06839,1.06875,1.00,1.10
2015.01.22 23:26:01.937,1.06842,1.06875,1.00,1.10
2015.01.22 23:26:02.393,1.06842,1.06872,1.00,1.00
2015.01.22 23:26:02.696,1.06846,1.06872,1.00,1.00
2015.01.22 23:26:03.178,1.06846,1.06874,1.00,1.00
2015.01.22 23:26:03.430,1.0685,1.06874,1.00,1.00
2015.01.22 23:26:04.361,1.0685,1.06876,1.00,1.00
2015.01.22 23:26:05.118,1.0685,1.06874,1.00,1.00
2015.01.22 23:26:05.925,1.0685,1.06875,1.00,1.00
2015.01.22 23:26:06.229,1.0685,1.06872,1.00,1.00
2015.01.22 23:26:06.330,1.0685,1.06875,1.00,1.00
2015.01.22 23:26:06.800,1.0685,1.06873,1.00,1.00
2015.01.22 23:26:07.356,1.0685,1.06871,1.00,1.00
2015.01.22 23:26:07.861,1.0685,1.0687,1.00,1.00
2015.01.22 23:26:07.912,1.0685,1.06881,1.00,1.00
2015.01.22 23:26:08.114,1.0685,1.06885,1.00,1.00
2015.01.22 23:26:08.165,1.06853,1.06885,1.00,1.00
2015.01.22 23:26:08.469,1.06853,1.06883,1.00,1.00
2015.01.22 23:26:08.874,1.06853,1.06881,1.00,1.00
2015.01.22 23:26:09.178,1.06858,1.06882,1.00,1.00
2015.01.22 23:26:09.329,1.06858,1.06884,1.00,1.00
2015.01.22 23:26:09.638,1.06858,1.06882,1.00,1.00
2015.01.22 23:26:09.848,1.06852,1.06885,1.00,1.00
2015.01.22 23:26:10.050,1.06848,1.06885,1.37,1.00
2015.01.22 23:26:10.101,1.06848,1.06882,1.37,1.00
2015.01.22 23:26:10.404,1.06852,1.06884,1.00,1.50
2015.01.22 23:26:10.455,1.06849,1.06884,1.00,1.00
2015.01.22 23:26:10.556,1.06847,1.06884,1.00,1.00
2015.01.22 23:26:10.657,1.06847,1.06872,1.00,1.00
2015.01.22 23:26:10.869,1.06846,1.06879,1.00,1.10
2015.01.22 23:26:10.971,1.06843,1.06879,1.00,1.00
2015.01.22 23:26:11.224,1.06843,1.06881,1.00,1.00
2015.01.22 23:26:11.376,1.06854,1.06881,1.00,1.00
2015.01.22 23:26:11.426,1.06854,1.06885,1.00,1.00
2015.01.22 23:26:11.629,1.06854,1.06881,1.00,1.00
2015.01.22 23:26:12.617,1.06854,1.0688,1.00,1.00
2015.01.22 23:26:12.831,1.06854,1.06885,1.00,1.10
2015.01.22 23:26:12.882,1.06844,1.06885,1.12,1.10
2015.01.22 23:26:12.934,1.06834,1.06885,1.87,1.17
2015.01.22 23:26:12.984,1.06834,1.06885,1.87,1.82
2015.01.22 23:26:13.288,1.06831,1.06881,1.00,3.19
2015.01.22 23:26:13.592,1.06837,1.0688,1.00,1.20
2015.01.22 23:26:14.100,1.06838,1.0688,1.00,1.31
2015.01.22 23:26:14.605,1.06839,1.06876,1.00,1.07
2015.01.22 23:26:15.894,1.06839,1.06872,1.00,1.07
2015.01.22 23:26:16.298,1.06829,1.06872,2.25,1.07
2015.01.22 23:26:16.399,1.06828,1.06874,1.12,1.07
2015.01.22 23:26:16.601,1.06838,1.0687,1.00,1.10
2015.01.22 23:26:17.005,1.06841,1.0687,1.00,1.00
2015.01.22 23:26:17.107,1.06829,1.06871,1.00,1.10
2015.01.22 23:26:17.309,1.06836,1.06871,1.00,1.07
2015.01.22 23:26:18.218,1.06841,1.06871,1.00,1.07
2015.01.22 23:26:18.319,1.06837,1.06871,1.00,1.07
2015.01.22 23:26:18.723,1.0684,1.06871,1.00,1.07
2015.01.22 23:26:18.925,1.06835,1.06869,1.00,1.00
2015.01.22 23:26:19.228,1.06841,1.0688,1.00,1.85
2015.01.22 23:26:19.833,1.06841,1.06872,1.00,1.07
2015.01.22 23:26:20.187,1.06844,1.06873,1.00,1.07
2015.01.22 23:26:20.897,1.0684,1.06877,1.00,1.07
2015.01.22 23:26:21.329,1.06844,1.06869,1.00,1.00
2015.01.22 23:26:21.431,1.06839,1.06869,1.00,1.00
2015.01.22 23:26:21.633,1.06833,1.06872,2.25,1.07
2015.01.22 23:26:21.785,1.06827,1.06872,1.37,1.07
2015.01.22 23:26:21.836,1.06836,1.0687,1.00,1.10
2015.01.22 23:26:22.240,1.06839,1.0687,1.00,1.00
2015.01.22 23:26:22.341,1.06826,1.06873,1.12,1.07
2015.01.22 23:26:22.644,1.06836,1.06869,1.00,1.00
2015.01.22 23:26:22.897,1.06833,1.06874,1.00,1.07
2015.01.22 23:26:23.049,1.06833,1.0686,1.00,1.00
2015.01.22 23:26:23.352,1.06838,1.0686,1.00,1.00
2015.01.22 23:26:23.403,1.06838,1.06871,1.00,1.10
2015.01.22 23:26:23.706,1.06842,1.06875,1.00,1.07
2015.01.22 23:26:23.807,1.06832,1.06875,1.00,1.07
2015.01.22 23:26:23.858,1.06832,1.06858,1.00,1.00
2015.01.22 23:26:24.010,1.06828,1.06858,1.12,1.00
2015.01.22 23:26:24.111,1.0684,1.06871,1.00,1.10
2015.01.22 23:26:24.414,1.06842,1.06871,1.00,1.10
2015.01.22 23:26:24.841,1.06838,1.06873,1.00,1.07
2015.01.22 23:26:25.600,1.06838,1.06871,1.00,1.10
2015.01.22 23:26:25.752,1.0684,1.06871,1.00,1.10
2015.01.22 23:26:26.257,1.06839,1.06871,1.00,1.07
2015.01.22 23:26:26.560,1.06841,1.06874,1.00,1.07
2015.01.22 23:26:27.166,1.06839,1.06876,1.00,1.82
2015.01.22 23:26:27.267,1.06835,1.06874,1.00,2.32
2015.01.22 23:26:27.319,1.06831,1.0687,1.00,1.75
2015.01.22 23:26:27.369,1.06831,1.0686,1.00,1.00
2015.01.22 23:26:27.874,1.06831,1.06861,1.00,1.00
2015.01.22 23:26:28.329,1.06831,1.06864,1.00,1.00
2015.01.22 23:26:29.330,1.06825,1.06866,1.37,1.57
2015.01.22 23:26:29.431,1.06821,1.06862,1.00,1.00
2015.01.22 23:26:29.532,1.06821,1.06862,1.00,1.15
2015.01.22 23:26:29.835,1.06821,1.06851,1.00,1.00
2015.01.22 23:26:30.195,1.06821,1.06848,1.00,1.00
2015.01.22 23:26:30.246,1.06818,1.06848,1.00,1.00
2015.01.22 23:26:30.650,1.06814,1.06848,1.00,1.00
2015.01.22 23:26:30.870,1.06814,1.06846,1.00,1.00
2015.01.22 23:26:31.123,1.06817,1.06852,1.00,1.10
2015.01.22 23:26:31.326,1.06818,1.06848,1.00,1.00
2015.01.22 23:26:31.832,1.06819,1.06849,1.00,1.00
2015.01.22 23:26:32.093,1.06819,1.06855,1.00,1.07
2015.01.22 23:26:32.245,1.06822,1.06855,1.00,1.07
2015.01.22 23:26:36.083,1.06819,1.06853,1.00,1.47
2015.01.22 23:26:36.386,1.06819,1.06841,1.00,1.00
2015.01.22 23:26:36.493,1.06815,1.06841,1.00,1.00
2015.01.22 23:26:36.595,1.06815,1.06846,1.00,1.00
2015.01.22 23:26:37.610,1.06815,1.06849,1.00,1.00
2015.01.22 23:26:37.814,1.06815,1.06851,1.00,1.00
2015.01.22 23:26:37.865,1.06807,1.06846,1.37,1.00
2015.01.22 23:26:37.966,1.06804,1.06843,1.37,1.00
2015.01.22 23:26:38.017,1.06803,1.06843,1.00,1.00
2015.01.22 23:26:38.118,1.06803,1.06841,1.00,1.00
2015.01.22 23:26:43.082,1.06807,1.06841,1.00,1.00
2015.01.22 23:26:43.445,1.06807,1.06845,1.00,1.00
2015.01.22 23:26:43.597,1.06809,1.0685,1.00,1.45
2015.01.22 23:26:43.698,1.06806,1.06845,1.00,1.00
2015.01.22 23:26:44.002,1.06803,1.06836,1.00,1.00
2015.01.22 23:26:45.617,1.06803,1.06837,1.00,1.00
2015.01.22 23:26:45.920,1.06803,1.06833,1.00,1.00
2015.01.22 23:26:46.240,1.06803,1.06828,1.00,1.00
2015.01.22 23:26:47.396,1.06803,1.06832,1.00,1.00
2015.01.22 23:26:47.598,1.06803,1.06835,1.00,1.00
2015.01.22 23:26:47.800,1.06803,1.06828,1.00,1.00
2015.01.22 23:26:48.346,1.06803,1.06829,1.00,1.00
2015.01.22 23:26:50.713,1.068,1.06829,1.00,1.00
2015.01.22 23:26:50.814,1.068,1.06827,1.00,1.00
2015.01.22 23:26:51.095,1.068,1.06829,1.00,1.00
2015.01.22 23:26:51.500,1.06789,1.06828,1.12,2.25
2015.01.22 23:26:51.551,1.06789,1.06818,1.12,1.00
2015.01.22 23:26:51.908,1.06789,1.06815,1.00,1.00
2015.01.22 23:26:52.110,1.06789,1.06817,1.12,1.00
2015.01.22 23:26:52.312,1.06784,1.06817,1.00,1.00
2015.01.22 23:26:52.817,1.06784,1.06816,1.00,1.00
2015.01.22 23:26:53.080,1.06784,1.06819,1.00,1.00
2015.01.22 23:26:53.333,1.06792,1.06817,1.00,1.00
2015.01.22 23:26:53.434,1.06788,1.06817,1.00,1.00
2015.01.22 23:26:53.637,1.06793,1.06831,1.00,1.82
2015.01.22 23:26:53.739,1.068,1.06838,1.00,1.82
2015.01.22 23:26:53.789,1.068,1.06838,1.00,1.07
2015.01.22 23:26:53.840,1.068,1.06838,1.00,1.00
2015.01.22 23:26:53.942,1.06809,1.06846,1.00,1.75
2015.01.22 23:26:54.043,1.06809,1.06846,1.00,1.00
2015.01.22 23:26:54.145,1.0681,1.06854,1.75,1.00
2015.01.22 23:26:54.247,1.06818,1.06867,1.10,1.00
2015.01.22 23:26:54.348,1.06828,1.06873,1.00,1.75
2015.01.22 23:26:54.550,1.06826,1.06873,1.37,1.07
2015.01.22 23:26:54.601,1.06837,1.06873,1.00,1.07
2015.01.22 23:26:55.108,1.06838,1.06875,1.00,1.07
2015.01.22 23:26:55.411,1.06842,1.06876,1.00,1.07
2015.01.22 23:26:55.729,1.06846,1.06876,1.00,1.07
2015.01.22 23:26:56.032,1.06843,1.06881,1.00,1.15
2015.01.22 23:26:56.234,1.0684,1.0688,1.00,1.07
2015.01.22 23:26:56.335,1.06835,1.0688,1.37,1.15
2015.01.22 23:26:56.386,1.06835,1.06866,1.37,1.00
2015.01.22 23:26:56.706,1.06841,1.06866,1.00,1.00
2015.01.22 23:26:56.757,1.06837,1.06866,1.00,1.00
2015.01.22 23:26:56.858,1.06837,1.06869,1.00,1.00
2015.01.22 23:26:57.011,1.06839,1.06869,1.00,1.00
2015.01.22 23:26:57.315,1.06841,1.06865,1.00,1.00
2015.01.22 23:26:57.366,1.06841,1.06868,1.00,1.00
2015.01.22 23:26:57.417,1.06845,1.06868,1.00,1.00
2015.01.22 23:26:57.619,1.06845,1.06879,1.00,1.07
2015.01.22 23:26:57.720,1.06851,1.06879,1.00,1.07
2015.01.22 23:26:58.023,1.06845,1.06881,1.00,1.07
2015.01.22 23:26:58.074,1.06845,1.06867,1.00,1.00
2015.01.22 23:26:58.427,1.0684,1.06867,1.00,1.00
2015.01.22 23:26:58.529,1.06844,1.06867,1.00,1.00
2015.01.22 23:26:58.580,1.06844,1.06878,1.00,1.07
2015.01.22 23:26:59.135,1.06848,1.06885,1.00,1.35
2015.01.22 23:26:59.640,1.06848,1.06878,1.00,1.07
2015.01.22 23:26:59.943,1.06853,1.0688,1.00,1.07
2015.01.22 23:27:00.044,1.06849,1.0688,1.00,1.07
2015.01.22 23:27:00.145,1.0685,1.06889,1.00,1.50
2015.01.22 23:27:00.943,1.06854,1.06889,1.00,1.00
2015.01.22 23:27:01.145,1.06848,1.06888,1.00,1.07
2015.01.22 23:27:01.348,1.06844,1.06885,1.00,1.00
2015.01.22 23:27:01.550,1.06848,1.06889,1.00,1.15
2015.01.22 23:27:01.652,1.06841,1.06891,1.00,1.45
2015.01.22 23:27:01.753,1.06844,1.06892,1.00,1.52
2015.01.22 23:27:02.056,1.06824,1.0688,1.27,1.00
2015.01.22 23:27:02.107,1.06824,1.0689,1.27,1.82
2015.01.22 23:27:02.158,1.06848,1.06887,1.00,1.82
2015.01.22 23:27:02.259,1.06852,1.0689,1.00,1.10
2015.01.22 23:27:02.360,1.06843,1.06894,1.00,1.75
2015.01.22 23:27:02.462,1.06845,1.06892,1.00,1.12
2015.01.22 23:27:02.765,1.06844,1.0688,1.12,1.00
2015.01.22 23:27:03.079,1.0685,1.06879,1.00,1.00
2015.01.22 23:27:03.130,1.0685,1.06881,1.00,1.00
2015.01.22 23:27:03.181,1.06852,1.06881,1.00,1.00
2015.01.22 23:27:03.484,1.06851,1.06879,1.00,1.00
2015.01.22 23:27:03.788,1.06856,1.06877,1.00,1.00
2015.01.22 23:27:04.092,1.06862,1.06878,1.00,1.00
2015.01.22 23:27:04.345,1.06863,1.06884,1.00,1.00
2015.01.22 23:27:04.396,1.06871,1.06884,1.00,1.00
2015.01.22 23:27:04.498,1.06866,1.06884,1.00,1.00
2015.01.22 23:27:04.599,1.0687,1.06884,1.00,1.00
2015.01.22 23:27:04.649,1.0687,1.06902,1.00,1.19
2015.01.22 23:27:04.700,1.06872,1.06902,1.00,1.19
2015.01.22 23:27:04.953,1.06872,1.06912,1.00,1.00
2015.01.22 23:27:05.004,1.06876,1.06912,1.00,1.00
2015.01.22 23:27:05.308,1.06876,1.06892,1.00,1.00
2015.01.22 23:27:05.409,1.0687,1.06912,1.00,1.00
2015.01.22 23:27:05.612,1.06863,1.06912,1.12,1.10
2015.01.22 23:27:05.713,1.06863,1.06916,1.00,1.07
2015.01.22 23:27:05.763,1.06863,1.06916,1.00,1.15
2015.01.22 23:27:06.067,1.06864,1.06903,1.00,1.00
2015.01.22 23:27:06.169,1.06853,1.06903,1.20,1.00
2015.01.22 23:27:06.320,1.06863,1.06903,1.00,1.00
2015.01.22 23:27:06.623,1.06863,1.06896,1.00,1.00
2015.01.22 23:27:06.876,1.06864,1.06899,1.00,1.00
2015.01.22 23:27:07.054,1.06864,1.06901,1.00,1.00
2015.01.22 23:27:07.104,1.0687,1.06901,1.00,1.00
2015.01.22 23:27:07.407,1.06879,1.06895,1.00,1.00
2015.01.22 23:27:07.862,1.06879,1.06908,1.00,1.00
2015.01.22 23:27:07.912,1.06882,1.06908,1.00,1.00
2015.01.22 23:27:08.166,1.06882,1.0691,1.00,1.00
2015.01.22 23:27:08.368,1.06882,1.0692,1.00,1.15
2015.01.22 23:27:08.926,1.06878,1.06919,1.00,1.17
2015.01.22 23:27:09.129,1.06881,1.06923,1.00,1.82
2015.01.22 23:27:09.433,1.06885,1.06912,1.00,1.00
2015.01.22 23:27:09.587,1.06884,1.06916,1.00,1.07
2015.01.22 23:27:09.689,1.06881,1.06916,1.00,1.07
2015.01.22 23:27:09.841,1.06881,1.06912,1.00,1.00
2015.01.22 23:27:10.144,1.06881,1.0691,1.00,1.00
2015.01.22 23:27:10.661,1.06881,1.06909,1.00,1.00
2015.01.22 23:27:13.107,1.06881,1.06908,1.00,1.00
2015.01.22 23:27:15.750,1.06884,1.06908,1.00,1.00
2015.01.22 23:27:16.618,1.06884,1.0691,1.00,1.00
2015.01.22 23:27:17.123,1.06884,1.06909,1.00,1.00
2015.01.22 23:27:17.733,1.06881,1.06909,1.00,1.00
2015.01.22 23:27:18.390,1.06881,1.06908,1.00,1.00
2015.01.22 23:27:18.643,1.06881,1.0691,1.00,1.00
2015.01.22 23:27:19.409,1.06881,1.06911,1.00,1.00
2015.01.22 23:27:19.813,1.06881,1.06919,1.00,1.07
2015.01.22 23:27:20.369,1.06884,1.06919,1.00,1.07
2015.01.22 23:27:20.875,1.06884,1.06917,1.00,1.07
2015.01.22 23:27:21.127,1.0688,1.06923,1.00,1.07
2015.01.22 23:27:21.330,1.06877,1.06918,1.00,1.07
2015.01.22 23:27:21.380,1.06877,1.06902,1.00,1.00
2015.01.22 23:27:21.936,1.06877,1.06905,1.00,1.00
2015.01.22 23:27:23.351,1.06882,1.06917,1.00,1.15
2015.01.22 23:27:23.453,1.06889,1.06917,1.00,1.07
2015.01.22 23:27:23.656,1.06885,1.06918,1.00,1.07
2015.01.22 23:27:24.363,1.06886,1.06908,1.00,1.00
2015.01.22 23:27:24.464,1.06881,1.06908,1.00,1.00
2015.01.22 23:27:24.767,1.06886,1.06909,1.00,1.00
2015.01.22 23:27:25.142,1.06883,1.06909,1.00,1.00
2015.01.22 23:27:25.346,1.06883,1.06912,1.00,1.00
2015.01.22 23:27:25.448,1.06886,1.06912,1.00,1.00
2015.01.22 23:27:25.550,1.06882,1.06912,1.00,1.00
2015.01.22 23:27:26.676,1.06882,1.06907,1.00,1.00
2015.01.22 23:27:26.878,1.06882,1.0691,1.00,1.00
2015.01.22 23:27:28.296,1.06882,1.06909,1.00,1.00
2015.01.22 23:27:28.856,1.06882,1.06914,1.00,1.00
2015.01.22 23:27:28.907,1.06888,1.06914,1.00,1.00
2015.01.22 23:27:29.210,1.06887,1.06917,1.00,1.07
2015.01.22 23:27:29.261,1.06883,1.06917,1.00,1.07
2015.01.22 23:27:29.312,1.06883,1.06909,1.00,1.00
2015.01.22 23:27:29.816,1.06883,1.0691,1.00,1.00
2015.01.22 23:27:30.119,1.06887,1.0691,1.00,1.00
2015.01.22 23:27:30.372,1.06882,1.0691,1.00,1.00
2015.01.22 23:27:30.776,1.06887,1.06909,1.00,1.00
2015.01.22 23:27:30.827,1.06887,1.06911,1.00,1.00
2015.01.22 23:27:30.878,1.06883,1.06911,1.00,1.00
2015.01.22 23:27:31.080,1.06888,1.06911,1.00,1.00
2015.01.22 23:27:31.383,1.06884,1.06911,1.00,1.00
2015.01.22 23:27:31.838,1.06884,1.06909,1.00,1.00
2015.01.22 23:27:32.040,1.06884,1.06912,1.00,1.00
2015.01.22 23:27:32.293,1.06884,1.0691,1.00,1.00
2015.01.22 23:27:32.495,1.0688,1.06907,1.00,1.00
2015.01.22 23:27:33.483,1.0688,1.0691,1.00,1.00
2015.01.22 23:27:33.786,1.0688,1.06908,1.00,1.00
2015.01.22 23:27:34.342,1.0688,1.0691,1.00,1.00
2015.01.22 23:27:34.869,1.0688,1.06911,1.00,1.10
2015.01.22 23:27:34.920,1.06876,1.06911,1.00,1.10
2015.01.22 23:27:35.021,1.06881,1.06911,1.00,1.10
2015.01.22 23:27:37.020,1.06881,1.06912,1.00,1.10
2015.01.22 23:27:37.323,1.06881,1.0691,1.00,1.00
2015.01.22 23:27:37.828,1.06881,1.06911,1.00,1.00
2015.01.22 23:27:38.029,1.06877,1.06911,1.00,1.10
2015.01.22 23:27:38.080,1.06877,1.06909,1.00,1.00
2015.01.22 23:27:38.433,1.06881,1.06909,1.00,1.00
2015.01.22 23:27:39.090,1.06881,1.06907,1.00,1.00
2015.01.22 23:27:39.616,1.06881,1.06909,1.00,1.00
2015.01.22 23:27:40.071,1.06881,1.06913,1.00,1.00
2015.01.22 23:27:40.122,1.06878,1.06913,1.00,1.00
2015.01.22 23:27:40.324,1.06878,1.06906,1.00,1.00
2015.01.22 23:27:40.628,1.06878,1.06908,1.00,1.00
2015.01.22 23:27:41.083,1.06878,1.06906,1.00,1.00
2015.01.22 23:27:41.641,1.06874,1.06906,1.00,1.00
2015.01.22 23:27:41.843,1.06878,1.06906,1.00,1.00
2015.01.22 23:27:41.944,1.06875,1.06906,1.00,1.00
2015.01.22 23:27:42.247,1.06878,1.06906,1.00,1.00
2015.01.22 23:27:42.752,1.06877,1.06906,1.00,1.00
2015.01.22 23:27:43.281,1.06877,1.06905,1.00,1.00
2015.01.22 23:27:43.838,1.06874,1.06905,1.00,1.00
2015.01.22 23:27:44.142,1.06877,1.06905,1.00,1.00
2015.01.22 23:27:44.394,1.06877,1.06911,1.00,1.50
2015.01.22 23:27:44.445,1.06873,1.06911,1.00,1.50
2015.01.22 23:27:44.496,1.06873,1.06911,1.00,1.75
2015.01.22 23:27:44.799,1.06873,1.06903,1.00,1.12
2015.01.22 23:27:45.052,1.06873,1.06903,1.00,1.10
2015.01.22 23:27:45.153,1.0687,1.06903,1.00,1.12
2015.01.22 23:27:45.255,1.0687,1.06903,1.00,1.00
2015.01.22 23:27:45.810,1.0687,1.06903,1.00,1.12
2015.01.22 23:27:46.136,1.06875,1.06903,1.00,1.12
2015.01.22 23:27:46.238,1.0687,1.06903,1.00,1.12
2015.01.22 23:27:50.020,1.0687,1.06904,1.00,1.82
2015.01.22 23:27:50.324,1.06867,1.06892,1.00,1.10
2015.01.22 23:27:50.475,1.06862,1.06891,1.00,1.00
2015.01.22 23:27:50.640,1.06862,1.06889,1.00,1.00
2015.01.22 23:27:50.841,1.06862,1.06891,1.00,1.00
2015.01.22 23:27:51.043,1.06859,1.06891,1.00,1.12
2015.01.22 23:27:52.846,1.06859,1.0689,1.00,1.50
2015.01.22 23:27:54.068,1.06854,1.06888,1.00,1.07
2015.01.22 23:27:54.170,1.06854,1.06888,1.00,1.75
2015.01.22 23:27:54.574,1.06854,1.06888,1.00,1.17
2015.01.22 23:27:54.928,1.06854,1.06888,1.00,1.82
2015.01.22 23:27:55.034,1.06854,1.06888,1.00,1.07
2015.01.22 23:27:55.490,1.06858,1.06899,1.00,1.94
2015.01.22 23:27:56.046,1.06858,1.0689,1.00,1.15
2015.01.22 23:27:56.589,1.06858,1.0689,1.00,1.15
2015.01.22 23:27:57.110,1.06858,1.0689,1.00,1.82
2015.01.22 23:27:57.621,1.06858,1.06896,1.00,1.01
2015.01.22 23:27:58.126,1.06858,1.06895,1.00,1.00
2015.01.22 23:27:59.378,1.06858,1.06899,1.00,2.45
2015.01.22 23:27:59.884,1.06858,1.06895,1.00,1.02
2015.01.22 23:28:00.490,1.06858,1.06889,1.00,1.07
2015.01.22 23:28:01.007,1.06858,1.06896,1.00,1.99
2015.01.22 23:28:01.729,1.06858,1.06888,1.00,1.17
2015.01.22 23:28:02.336,1.06858,1.06888,1.00,1.17
2015.01.22 23:28:02.841,1.06858,1.06886,1.00,1.10
2015.01.22 23:28:03.160,1.06858,1.06886,1.00,1.82
2015.01.22 23:28:03.262,1.06858,1.06886,1.00,1.07
2015.01.22 23:28:04.073,1.06858,1.06886,1.00,1.10
2015.01.22 23:28:04.376,1.06858,1.06886,1.00,1.85
2015.01.22 23:28:04.478,1.06858,1.06886,1.00,1.07
2015.01.22 23:28:04.579,1.06858,1.06886,1.00,1.85
2015.01.22 23:28:04.731,1.06858,1.06886,1.00,1.17
2015.01.22 23:28:05.187,1.0686,1.06886,1.00,1.15
2015.01.22 23:28:05.309,1.06858,1.06886,1.00,1.15
2015.01.22 23:28:06.321,1.06858,1.06888,1.00,1.07
2015.01.22 23:28:06.826,1.06858,1.06887,1.00,1.07
2015.01.22 23:28:07.533,1.06858,1.06887,1.00,1.17
2015.01.22 23:28:07.838,1.06861,1.06887,1.00,1.17
2015.01.22 23:28:08.342,1.06862,1.06888,1.00,1.07
2015.01.22 23:28:08.848,1.06859,1.06888,1.00,1.07
2015.01.22 23:28:10.151,1.06859,1.06889,1.00,1.00
2015.01.22 23:28:11.311,1.06859,1.06898,1.00,1.82
2015.01.22 23:28:11.412,1.06862,1.069,1.00,1.82
2015.01.22 23:28:11.514,1.06862,1.06898,1.00,1.57
2015.01.22 23:28:12.019,1.06862,1.06899,1.00,1.17
2015.01.22 23:28:12.523,1.06862,1.06899,1.00,1.17
2015.01.22 23:28:13.129,1.06862,1.069,1.00,1.15
2015.01.22 23:28:13.636,1.06862,1.069,1.00,1.15
2015.01.22 23:28:14.267,1.06862,1.069,1.00,1.15
2015.01.22 23:28:14.812,1.06862,1.069,1.00,1.17
2015.01.22 23:28:15.337,1.06862,1.069,1.00,1.17
2015.01.22 23:28:15.858,1.06862,1.069,1.00,1.17
2015.01.22 23:28:16.370,1.06865,1.06897,1.00,1.07
2015.01.22 23:28:16.884,1.06865,1.06897,1.00,1.07
2015.01.22 23:28:17.512,1.06865,1.06897,1.00,1.07
2015.01.22 23:28:18.320,1.06865,1.06897,1.00,1.07
2015.01.22 23:28:19.626,1.06865,1.06897,1.00,1.07
2015.01.22 23:28:20.789,1.06871,1.06899,1.00,1.07
2015.01.22 23:28:21.295,1.06871,1.06894,1.00,1.07
2015.01.22 23:28:21.599,1.06874,1.06897,1.00,1.07
2015.01.22 23:28:23.114,1.06874,1.069,1.00,1.07
2015.01.22 23:28:23.820,1.06874,1.06901,1.00,1.07
2015.01.22 23:28:26.481,1.06874,1.06901,1.00,1.07
2015.01.22 23:28:27.010,1.06873,1.06901,1.00,1.07
2015.01.22 23:28:27.213,1.0687,1.06904,1.00,1.25
2015.01.22 23:28:27.516,1.06872,1.069,1.00,1.07
2015.01.22 23:28:28.604,1.06872,1.069,1.00,1.07
2015.01.22 23:28:28.910,1.06868,1.06904,1.00,1.28
2015.01.22 23:28:29.012,1.06866,1.06904,1.00,1.78
2015.01.22 23:28:29.523,1.06861,1.069,1.00,1.15
2015.01.22 23:28:30.038,1.06861,1.06894,1.00,1.07
2015.01.22 23:28:30.796,1.06861,1.06895,1.00,1.57
2015.01.22 23:28:30.998,1.06861,1.06897,1.00,1.15
2015.01.22 23:28:31.554,1.06861,1.06897,1.00,1.82
2015.01.22 23:28:31.847,1.06861,1.06894,1.00,1.10
2015.01.22 23:28:32.201,1.06861,1.06894,1.00,1.82
2015.01.22 23:28:32.453,1.06861,1.06894,1.00,1.10
2015.01.22 23:28:32.807,1.06861,1.06892,1.00,1.00
2015.01.22 23:28:33.211,1.06861,1.06893,1.00,1.85
2015.01.22 23:28:33.312,1.06858,1.06893,1.00,1.85
2015.01.22 23:28:33.414,1.06858,1.06894,1.00,1.82
2015.01.22 23:28:33.515,1.06858,1.06894,1.00,1.82
2015.01.22 23:28:34.981,1.06858,1.0689,1.00,1.82
2015.01.22 23:28:35.294,1.06858,1.0689,1.00,1.82
2015.01.22 23:28:38.166,1.06861,1.06896,1.00,1.03
2015.01.22 23:28:38.469,1.06865,1.06903,1.00,2.52
2015.01.22 23:28:39.576,1.06865,1.069,1.00,1.20
2015.01.22 23:28:40.182,1.06865,1.069,1.00,1.15
2015.01.22 23:28:40.684,1.06865,1.06903,1.00,1.65
2015.01.22 23:28:41.290,1.06865,1.069,1.00,1.25
2015.01.22 23:28:42.258,1.06865,1.06901,1.00,1.28
2015.01.22 23:28:42.764,1.06865,1.06901,1.00,1.22
2015.01.22 23:28:43.273,1.06865,1.06901,1.00,1.17
2015.01.22 23:28:43.794,1.06864,1.06893,1.00,1.19
2015.01.22 23:28:44.300,1.06864,1.06893,1.00,1.07
2015.01.22 23:28:44.654,1.06861,1.06893,1.00,1.07
2015.01.22 23:28:45.209,1.06861,1.06893,1.00,1.21
2015.01.22 23:28:45.714,1.06861,1.06893,1.00,1.07
2015.01.22 23:28:46.220,1.06861,1.06893,1.00,1.30
2015.01.22 23:28:49.876,1.06865,1.06897,1.00,1.16
2015.01.22 23:28:50.615,1.06865,1.069,1.00,1.16
2015.01.22 23:28:52.452,1.06865,1.069,1.00,1.22
2015.01.22 23:28:52.957,1.06865,1.069,1.00,1.24
2015.01.22 23:28:53.412,1.06849,1.06884,1.87,1.07
2015.01.22 23:28:53.463,1.06849,1.06884,1.12,1.07
2015.01.22 23:28:53.615,1.06843,1.06884,1.12,1.45
2015.01.22 23:28:53.666,1.06843,1.06882,1.00,1.20
2015.01.22 23:28:53.970,1.06851,1.06886,1.00,1.45
2015.01.22 23:28:55.696,1.06836,1.0688,1.75,1.10
2015.01.22 23:28:55.746,1.06836,1.06877,1.75,1.00
2015.01.22 23:28:55.848,1.06837,1.0688,1.50,1.10
2015.01.22 23:28:55.999,1.06846,1.06889,1.00,1.20
2015.01.22 23:28:56.508,1.06847,1.06884,1.00,1.07
2015.01.22 23:28:57.013,1.06846,1.06892,1.00,1.36
2015.01.22 23:28:57.530,1.06847,1.06893,1.00,1.73
2015.01.22 23:28:58.190,1.06846,1.06881,1.00,1.00
2015.01.22 23:28:58.241,1.06836,1.06881,1.75,1.00
2015.01.22 23:28:58.393,1.06837,1.06889,1.10,1.75
2015.01.22 23:28:58.494,1.06846,1.06892,1.00,1.20
2015.01.22 23:28:58.595,1.06846,1.06891,1.00,1.20
2015.01.22 23:28:59.221,1.06847,1.06891,1.00,1.82
2015.01.22 23:28:59.885,1.06847,1.06891,1.00,1.82
2015.01.22 23:29:00.238,1.0685,1.06891,1.00,1.82
2015.01.22 23:29:00.804,1.06847,1.06887,1.50,1.15
2015.01.22 23:29:00.956,1.06837,1.06883,1.50,1.00
2015.01.22 23:29:01.007,1.06837,1.06883,1.00,1.75
2015.01.22 23:29:01.310,1.06846,1.06887,1.00,1.07
2015.01.22 23:29:01.631,1.06849,1.06889,1.00,1.37
2015.01.22 23:29:01.982,1.06853,1.06889,1.00,1.37
2015.01.22 23:29:02.488,1.06853,1.0689,1.00,1.30
2015.01.22 23:29:02.993,1.06853,1.06891,1.00,1.32
2015.01.22 23:29:04.166,1.06856,1.06891,1.00,1.32
2015.01.22 23:29:04.833,1.06853,1.06892,1.00,1.30
2015.01.22 23:29:04.934,1.06847,1.06886,1.00,1.25
2015.01.22 23:29:05.439,1.06846,1.06875,1.00,1.10
2015.01.22 23:29:06.874,1.06837,1.06875,1.50,1.20
2015.01.22 23:29:07.076,1.06837,1.06875,1.00,1.57
2015.01.22 23:29:07.379,1.06837,1.06867,1.50,1.00
2015.01.22 23:29:09.860,1.06837,1.06864,1.00,1.00
2015.01.22 23:29:10.062,1.06847,1.06878,1.00,1.07
2015.01.22 23:29:10.567,1.06847,1.06875,1.00,1.00
2015.01.22 23:29:10.669,1.06847,1.06877,1.37,1.07
2015.01.22 23:29:11.183,1.06846,1.06877,1.37,1.07
2015.01.22 23:29:11.613,1.06843,1.06873,2.62,1.00
2015.01.22 23:29:11.866,1.06843,1.06876,2.25,1.10
2015.01.22 23:29:12.069,1.06836,1.06872,1.37,1.00
2015.01.22 23:29:12.474,1.06836,1.06872,1.00,1.00
2015.01.22 23:29:13.591,1.0684,1.06872,1.00,1.00
2015.01.22 23:29:16.113,1.0684,1.06879,1.12,1.17
2015.01.22 23:29:16.164,1.0684,1.06879,1.37,1.17
2015.01.22 23:29:16.479,1.06847,1.06878,1.00,1.07
2015.01.22 23:29:17.028,1.06847,1.0688,1.00,1.07
2015.01.22 23:29:17.372,1.0685,1.0688,1.00,1.07
2015.01.22 23:29:20.103,1.06854,1.06891,1.00,1.03
2015.01.22 23:29:20.154,1.06854,1.06893,1.00,1.75
2015.01.22 23:29:20.204,1.06857,1.06893,1.00,1.75
2015.01.22 23:29:20.255,1.06857,1.06893,1.00,1.00
2015.01.22 23:29:20.306,1.0686,1.06901,1.00,1.10
2015.01.22 23:29:20.509,1.06865,1.06904,1.00,1.10
2015.01.22 23:29:21.014,1.06869,1.06908,1.00,1.50
2015.01.22 23:29:21.376,1.06868,1.06912,1.00,1.07
2015.01.22 23:29:21.629,1.06868,1.06918,1.20,1.50
2015.01.22 23:29:21.680,1.06872,1.06922,1.00,1.75
2015.01.22 23:29:22.034,1.06872,1.06922,1.00,1.50
2015.01.22 23:29:22.346,1.06872,1.06922,1.50,1.07
2015.01.22 23:29:22.649,1.06877,1.06925,1.00,2.25
2015.01.22 23:29:27.573,1.06877,1.06921,1.00,1.12
2015.01.22 23:29:27.624,1.06874,1.0692,1.00,1.50
2015.01.22 23:29:27.675,1.06872,1.0692,1.10,1.50
2015.01.22 23:29:27.827,1.06875,1.06913,1.00,1.00
2015.01.22 23:29:28.332,1.06875,1.06909,1.00,1.00
2015.01.22 23:29:29.127,1.06875,1.06906,1.00,1.00
2015.01.22 23:29:29.640,1.06875,1.06905,1.00,1.00
2015.01.22 23:29:32.653,1.06875,1.0691,1.00,1.00
2015.01.22 23:29:32.855,1.06875,1.06913,1.00,1.50
2015.01.22 23:29:33.057,1.06875,1.06909,1.00,1.00
2015.01.22 23:29:33.361,1.06872,1.06906,1.00,1.00
2015.01.22 23:29:34.593,1.06872,1.06904,1.00,1.00
2015.01.22 23:29:37.394,1.06872,1.06909,1.00,1.12
2015.01.22 23:29:37.596,1.06872,1.06896,1.00,1.00
2015.01.22 23:29:38.371,1.06872,1.06893,1.00,1.00
2015.01.22 23:29:39.542,1.06872,1.06895,1.00,1.00
2015.01.22 23:29:40.098,1.0687,1.06895,1.00,1.00
2015.01.22 23:29:40.606,1.0687,1.06894,1.00,1.00
2015.01.22 23:29:40.657,1.0687,1.06896,1.00,1.00
2015.01.22 23:29:41.569,1.0687,1.06897,1.00,1.00
2015.01.22 23:29:41.831,1.06867,1.06898,1.00,1.00
2015.01.22 23:29:41.882,1.06867,1.06896,1.00,1.00
2015.01.22 23:29:41.983,1.06861,1.06896,1.00,1.00
2015.01.22 23:29:42.489,1.06861,1.06895,1.00,1.00
2015.01.22 23:29:43.401,1.06861,1.06893,1.00,1.00
2015.01.22 23:29:52.237,1.06862,1.06894,1.00,1.00
2015.01.22 23:29:52.747,1.06862,1.06893,1.00,1.00
2015.01.22 23:29:53.361,1.06862,1.06894,1.00,1.00
2015.01.22 23:29:54.624,1.06862,1.06896,1.00,1.00
2015.01.22 23:29:55.283,1.06862,1.06892,1.00,1.00
2015.01.22 23:29:55.627,1.06862,1.06889,1.00,1.00
2015.01.22 23:29:57.374,1.06862,1.06891,1.00,1.00
2015.01.22 23:29:57.904,1.06862,1.06892,1.00,1.00
2015.01.22 23:29:58.378,1.06864,1.06891,1.00,1.00
2015.01.22 23:29:58.631,1.06864,1.06894,1.00,1.00
2015.01.22 23:29:58.833,1.06864,1.06896,1.00,1.00
2015.01.22 23:29:59.339,1.06867,1.06896,1.00,1.00
2015.01.22 23:30:00.971,1.06871,1.06896,1.00,1.00
2015.01.22 23:30:01.274,1.06871,1.06894,1.00,1.00
2015.01.22 23:30:01.582,1.06871,1.06896,1.00,1.00
2015.01.22 23:30:02.877,1.06871,1.06897,1.00,1.00
2015.01.22 23:30:03.571,1.06871,1.06896,1.00,1.00
2015.01.22 23:30:05.661,1.06871,1.06895,1.00,1.00
2015.01.22 23:30:05.866,1.06871,1.06897,1.00,1.00
2015.01.22 23:30:06.468,1.06871,1.06896,1.00,1.00
2015.01.22 23:30:06.882,1.06867,1.06896,1.00,1.00
2015.01.22 23:30:08.637,1.06867,1.06897,1.00,1.00
2015.01.22 23:30:09.877,1.06867,1.06898,1.00,1.00
2015.01.22 23:30:10.028,1.06863,1.06898,1.00,1.00
2015.01.22 23:30:10.180,1.06863,1.06892,1.00,1.00
2015.01.22 23:30:15.353,1.06863,1.06898,1.00,1.00
2015.01.22 23:30:15.807,1.06862,1.06894,1.00,1.00
2015.01.22 23:30:15.908,1.06859,1.06892,1.00,1.00
2015.01.22 23:30:16.111,1.06859,1.0689,1.00,1.00
2015.01.22 23:30:16.334,1.06859,1.06894,1.00,1.50
2015.01.22 23:30:16.435,1.06859,1.06892,1.00,1.00
2015.01.22 23:30:16.537,1.06859,1.06894,1.00,1.00
2015.01.22 23:30:17.054,1.06859,1.06893,1.00,1.00
2015.01.22 23:30:17.721,1.06859,1.06894,1.00,1.00
2015.01.22 23:30:17.772,1.06859,1.06897,1.00,1.50
2015.01.22 23:30:18.597,1.06859,1.06894,1.00,1.00
2015.01.22 23:30:19.361,1.06859,1.06895,1.00,1.00
2015.01.22 23:30:19.613,1.06859,1.06897,1.00,1.50
2015.01.22 23:30:19.872,1.06859,1.06894,1.00,1.00
2015.01.22 23:30:20.479,1.06859,1.06895,1.00,1.00
2015.01.22 23:30:21.074,1.06859,1.06894,1.00,1.00
2015.01.22 23:30:21.608,1.06859,1.06893,1.00,1.00
2015.01.22 23:30:22.557,1.06859,1.06892,1.00,1.00
2015.01.22 23:30:22.961,1.06856,1.0689,1.00,1.00
2015.01.22 23:30:23.267,1.06856,1.06887,1.00,1.00
2015.01.22 23:30:23.469,1.06856,1.06893,1.00,1.00
2015.01.22 23:30:23.570,1.06856,1.06888,1.00,1.00
2015.01.22 23:30:24.080,1.06856,1.06889,1.00,1.00
2015.01.22 23:30:24.602,1.06856,1.06888,1.00,1.00
2015.01.22 23:30:24.805,1.06856,1.0689,1.00,1.00
2015.01.22 23:30:25.120,1.06851,1.0689,1.00,1.00
2015.01.22 23:30:25.538,1.06851,1.06892,1.00,2.25
2015.01.22 23:30:25.795,1.06851,1.06887,1.00,1.00
2015.01.22 23:30:26.098,1.06851,1.06885,1.00,1.00
2015.01.22 23:30:26.684,1.06851,1.06886,1.00,1.00
2015.01.22 23:30:27.212,1.06851,1.06885,1.00,1.00
2015.01.22 23:30:27.472,1.06851,1.06887,1.00,1.00
2015.01.22 23:30:27.998,1.06851,1.06888,1.00,1.00
2015.01.22 23:30:28.665,1.06851,1.06889,1.00,1.00
2015.01.22 23:30:28.975,1.06851,1.06886,1.00,1.00
2015.01.22 23:30:29.485,1.06851,1.06887,1.00,1.00
2015.01.22 23:30:30.002,1.06851,1.06886,1.00,1.00
2015.01.22 23:30:30.105,1.06851,1.0689,1.00,1.50
2015.01.22 23:30:30.206,1.06851,1.06886,1.00,1.00
2015.01.22 23:30:30.307,1.06851,1.06889,1.00,1.00
2015.01.22 23:30:30.821,1.06851,1.0689,1.00,1.00
2015.01.22 23:30:31.027,1.06851,1.06885,1.00,1.00
2015.01.22 23:30:31.436,1.06851,1.06887,1.00,1.00
2015.01.22 23:30:31.951,1.06851,1.06888,1.00,1.00
2015.01.22 23:30:32.052,1.06851,1.06885,1.00,1.00
2015.01.22 23:30:32.153,1.06851,1.06889,1.00,1.00
2015.01.22 23:30:32.956,1.06853,1.06889,1.00,1.00
2015.01.22 23:30:33.129,1.06853,1.06892,1.00,1.00
2015.01.22 23:30:33.179,1.06853,1.06888,1.00,1.00
2015.01.22 23:30:33.281,1.06853,1.06892,1.00,1.00
2015.01.22 23:30:33.700,1.06853,1.0689,1.00,1.00
2015.01.22 23:30:33.801,1.06853,1.06892,1.00,1.87
2015.01.22 23:30:33.902,1.06853,1.0689,1.00,1.00
2015.01.22 23:30:34.206,1.06853,1.06888,1.00,1.00
2015.01.22 23:30:34.784,1.06853,1.06889,1.00,1.00
2015.01.22 23:30:35.232,1.06853,1.06892,1.00,1.00
2015.01.22 23:30:35.775,1.06853,1.06891,1.00,1.00
2015.01.22 23:30:36.288,1.06853,1.06892,1.00,1.00
2015.01.22 23:30:37.396,1.06853,1.06891,1.00,1.00
2015.01.22 23:30:37.497,1.06853,1.06888,1.00,1.00
2015.01.22 23:30:38.016,1.06853,1.06887,1.00,1.00
2015.01.22 23:30:38.418,1.06853,1.0689,1.00,1.00
2015.01.22 23:30:38.956,1.06853,1.06891,1.00,1.50
2015.01.22 23:30:39.066,1.06853,1.06889,1.00,1.00
2015.01.22 23:30:39.826,1.06853,1.06887,1.00,1.00
2015.01.22 23:30:40.129,1.06851,1.06884,1.00,1.00
2015.01.22 23:30:40.432,1.06851,1.06889,1.00,1.00
2015.01.22 23:30:40.533,1.06851,1.06886,1.00,1.00
2015.01.22 23:30:40.634,1.06851,1.06889,1.00,1.50
2015.01.22 23:30:41.225,1.06851,1.06888,1.00,1.00
2015.01.22 23:30:41.756,1.06851,1.06887,1.00,1.00
2015.01.22 23:30:42.286,1.06851,1.06886,1.00,1.00
2015.01.22 23:30:42.983,1.06851,1.06885,1.00,1.00
2015.01.22 23:30:43.534,1.06851,1.06886,1.00,1.00
2015.01.22 23:30:43.807,1.06851,1.06889,1.00,1.00
2015.01.22 23:30:44.241,1.06851,1.06887,1.00,1.00
2015.01.22 23:30:44.544,1.06851,1.06884,1.00,1.00
2015.01.22 23:30:45.548,1.06851,1.06885,1.00,1.00
2015.01.22 23:30:46.155,1.06851,1.06884,1.00,1.00
2015.01.22 23:30:46.728,1.06851,1.06885,1.00,1.00
2015.01.22 23:30:47.259,1.06851,1.06886,1.00,1.00
2015.01.22 23:30:47.803,1.06851,1.06885,1.00,1.00
2015.01.22 23:30:48.721,1.06851,1.06886,1.00,1.00
2015.01.22 23:30:49.033,1.06851,1.06884,1.00,1.00
2015.01.22 23:30:49.083,1.06851,1.06886,1.00,1.00
2015.01.22 23:30:50.603,1.06851,1.06887,1.00,1.00
2015.01.22 23:30:51.116,1.06851,1.06884,1.00,1.00
2015.01.22 23:30:51.218,1.06851,1.06886,1.00,1.00
2015.01.22 23:30:51.319,1.06851,1.06884,1.00,1.00
2015.01.22 23:30:51.623,1.06848,1.06881,1.00,1.00
2015.01.22 23:30:51.775,1.06848,1.06883,1.00,1.00
2015.01.22 23:30:51.876,1.06848,1.06881,1.00,1.00
2015.01.22 23:30:51.978,1.06848,1.06884,1.00,1.00
2015.01.22 23:30:54.167,1.06848,1.06889,1.00,1.00
2015.01.22 23:30:54.319,1.06852,1.06889,1.00,1.00
2015.01.22 23:30:54.839,1.06851,1.06889,1.00,1.00
2015.01.22 23:30:55.193,1.06851,1.06889,1.07,1.00
2015.01.22 23:30:57.022,1.06852,1.0689,1.07,1.00
2015.01.22 23:30:57.570,1.06852,1.0689,1.00,1.00
2015.01.22 23:30:58.075,1.06853,1.0689,1.00,1.00
2015.01.22 23:30:58.849,1.06852,1.0689,1.00,1.00
2015.01.22 23:30:59.353,1.06851,1.0689,1.00,1.00
2015.01.22 23:30:59.888,1.06851,1.06887,1.00,1.00
2015.01.22 23:31:00.090,1.06851,1.06889,1.00,1.00
2015.01.22 23:31:00.512,1.06851,1.06887,1.00,1.00
2015.01.22 23:31:01.003,1.06851,1.0689,1.00,1.50
2015.01.22 23:31:01.522,1.06851,1.06888,1.00,1.00
2015.01.22 23:31:01.626,1.06851,1.0689,1.00,1.00
2015.01.22 23:31:02.473,1.06851,1.06889,1.00,1.00
2015.01.22 23:31:02.975,1.06851,1.0689,1.00,1.00
2015.01.22 23:31:05.175,1.06851,1.06888,1.00,1.00
2015.01.22 23:31:05.817,1.06851,1.06886,1.00,1.00
2015.01.22 23:31:06.797,1.06851,1.06885,1.00,1.00
2015.01.22 23:31:07.300,1.06851,1.06886,1.00,1.00
2015.01.22 23:31:08.968,1.06849,1.06886,1.00,1.00
2015.01.22 23:31:09.240,1.06849,1.06884,1.00,1.00
2015.01.22 23:31:09.544,1.0685,1.06887,1.47,1.00
2015.01.22 23:31:09.854,1.0685,1.06887,1.45,1.00
2015.01.22 23:31:11.077,1.06853,1.06891,1.37,1.00
2015.01.22 23:31:11.178,1.06853,1.06891,1.37,1.00
2015.01.22 23:31:11.683,1.06855,1.06891,1.45,1.00
2015.01.22 23:31:15.432,1.06854,1.06891,1.12,1.00
2015.01.22 23:31:16.362,1.06854,1.06891,1.50,1.00
2015.01.22 23:31:17.585,1.06853,1.06888,1.50,1.00
2015.01.22 23:31:17.636,1.06853,1.06888,1.00,1.00
2015.01.22 23:31:17.687,1.06845,1.06881,1.37,1.00
2015.01.22 23:31:17.990,1.06836,1.06862,1.00,1.00
2015.01.22 23:31:18.907,1.06836,1.06871,1.00,1.00
2015.01.22 23:31:19.169,1.06836,1.06875,1.00,1.00
2015.01.22 23:31:19.874,1.06836,1.06871,1.00,1.00
2015.01.22 23:31:20.077,1.0683,1.06868,1.07,1.00
2015.01.22 23:31:20.128,1.0683,1.06864,1.07,1.00
2015.01.22 23:31:20.178,1.06817,1.06858,1.00,1.00
2015.01.22 23:31:20.280,1.06817,1.06858,1.12,1.50
2015.01.22 23:31:20.583,1.06812,1.06844,1.37,1.00
2015.01.22 23:31:20.892,1.06812,1.06844,1.37,1.00
2015.01.22 23:31:21.134,1.06812,1.06846,1.37,1.00
2015.01.22 23:31:24.093,1.06812,1.06855,1.37,1.07
2015.01.22 23:31:24.195,1.0681,1.06861,1.57,1.00
2015.01.22 23:31:24.296,1.06816,1.06864,1.00,1.00
2015.01.22 23:31:24.347,1.06818,1.06871,1.50,3.00
2015.01.22 23:31:24.599,1.06818,1.0687,1.57,1.00
2015.01.22 23:31:24.852,1.06819,1.06861,1.57,1.00
2015.01.22 23:31:25.054,1.06819,1.06872,2.32,1.10
2015.01.22 23:31:25.256,1.06819,1.06872,1.12,1.07
2015.01.22 23:31:25.559,1.06822,1.0687,1.00,1.00
2015.01.22 23:31:26.387,1.06822,1.06869,1.00,1.00
2015.01.22 23:31:27.684,1.06826,1.06865,1.00,1.00
2015.01.22 23:31:27.987,1.06823,1.06861,1.00,1.00
2015.01.22 23:31:28.391,1.06819,1.06858,1.00,1.00
2015.01.22 23:31:35.615,1.06817,1.06856,1.00,1.00
2015.01.22 23:31:41.618,1.06817,1.06858,1.00,1.00
2015.01.22 23:31:46.847,1.06817,1.06856,1.00,1.00
2015.01.22 23:31:47.151,1.06821,1.06859,1.37,1.00
2015.01.22 23:31:47.355,1.06824,1.06863,1.00,1.00
2015.01.22 23:31:47.405,1.06824,1.06857,1.00,1.00
2015.01.22 23:31:47.608,1.06824,1.06859,1.00,1.00
2015.01.22 23:31:47.861,1.06824,1.06863,1.00,1.37
2015.01.22 23:31:48.064,1.06821,1.06859,1.00,1.00
2015.01.22 23:31:48.468,1.06824,1.06863,1.00,1.00
2015.01.22 23:31:48.620,1.06824,1.06859,1.00,1.00
2015.01.22 23:31:48.822,1.06824,1.06863,1.00,1.00
2015.01.22 23:31:49.378,1.06824,1.0686,1.00,1.00
2015.01.22 23:31:52.593,1.06824,1.06862,1.00,1.00
2015.01.22 23:31:52.745,1.06819,1.06859,1.00,1.10
2015.01.22 23:31:53.048,1.06821,1.0686,1.00,1.00
2015.01.22 23:31:53.666,1.06814,1.0687,1.45,1.75
2015.01.22 23:31:53.717,1.06814,1.0687,1.37,1.75
2015.01.22 23:31:54.028,1.06821,1.06862,1.00,1.00
2015.01.22 23:31:54.895,1.06821,1.06859,1.00,1.00
2015.01.22 23:31:55.866,1.06821,1.06862,1.00,1.00
2015.01.22 23:31:55.917,1.06821,1.06862,1.37,1.00
2015.01.22 23:31:56.423,1.06821,1.06862,1.37,1.00
2015.01.22 23:31:57.047,1.06821,1.06862,1.37,1.00
2015.01.22 23:31:57.098,1.06826,1.06865,1.00,1.00
2015.01.22 23:32:02.995,1.06828,1.06868,1.00,1.00
2015.01.22 23:32:03.514,1.06828,1.06868,1.37,1.00
2015.01.22 23:32:04.277,1.06828,1.06868,1.12,1.00
2015.01.22 23:32:04.778,1.06828,1.06868,1.37,1.00
2015.01.22 23:32:05.469,1.06828,1.06868,1.12,1.00
2015.01.22 23:32:06.705,1.06828,1.06868,1.37,1.00
2015.01.22 23:32:07.416,1.06832,1.0687,1.00,1.00
2015.01.22 23:32:16.649,1.06833,1.06872,1.00,1.00
2015.01.22 23:32:16.958,1.06835,1.06872,1.00,1.00
2015.01.22 23:32:17.464,1.06834,1.06872,1.12,1.00
2015.01.22 23:32:17.969,1.06833,1.06872,1.00,1.00
2015.01.22 23:32:20.431,1.06836,1.06872,1.00,1.00
2015.01.22 23:32:21.460,1.06837,1.06872,1.00,1.00
2015.01.22 23:32:21.561,1.06834,1.06872,1.20,1.00
2015.01.22 23:32:22.175,1.06834,1.06873,1.95,1.00
2015.01.22 23:32:22.377,1.06834,1.06868,1.12,1.00
2015.01.22 23:32:22.428,1.06829,1.06866,1.00,1.00
2015.01.22 23:32:22.529,1.06824,1.06865,1.12,1.00
2015.01.22 23:32:22.681,1.06824,1.06865,1.12,1.50
2015.01.22 23:32:22.994,1.06824,1.06863,1.00,2.25
2015.01.22 23:32:23.045,1.0682,1.06859,1.00,1.10
2015.01.22 23:32:23.350,1.0682,1.06857,1.00,1.00
2015.01.22 23:32:23.656,1.0682,1.06859,1.00,1.00
2015.01.22 23:32:23.961,1.0682,1.06859,1.00,1.75
2015.01.22 23:32:24.626,1.0682,1.06859,1.00,1.00
2015.01.22 23:32:26.661,1.06823,1.06864,1.00,1.07
2015.01.22 23:32:26.712,1.06831,1.06864,1.00,1.00
2015.01.22 23:32:26.762,1.06831,1.06867,1.00,1.00
2015.01.22 23:32:26.915,1.06827,1.06867,1.50,1.00
2015.01.22 23:32:28.491,1.06831,1.06871,1.37,1.00
2015.01.22 23:32:28.802,1.0683,1.06871,1.00,1.00
2015.01.22 23:32:29.357,1.06832,1.06871,1.00,1.00
2015.01.22 23:32:29.665,1.0683,1.06871,1.00,1.00
2015.01.22 23:32:29.872,1.06832,1.06871,1.00,1.00
2015.01.22 23:32:29.974,1.0683,1.06871,1.00,1.00
2015.01.22 23:32:30.024,1.0683,1.06869,1.00,1.00
2015.01.22 23:32:30.126,1.0683,1.06871,1.00,1.00
2015.01.22 23:32:30.578,1.06833,1.06871,1.00,1.00
2015.01.22 23:32:30.679,1.0683,1.06871,1.00,1.00
2015.01.22 23:32:31.011,1.0683,1.06871,1.87,1.00
2015.01.22 23:32:31.526,1.06832,1.06871,1.37,1.00
2015.01.22 23:32:32.137,1.0683,1.06871,1.37,1.00
2015.01.22 23:32:32.449,1.0683,1.06871,1.00,1.00
2015.01.22 23:32:35.803,1.0683,1.06869,1.00,1.00
2015.01.22 23:32:36.308,1.0683,1.06868,1.00,1.00
2015.01.22 23:32:36.812,1.0683,1.06869,1.00,1.00
2015.01.22 23:32:37.819,1.0683,1.06869,1.00,1.57
2015.01.22 23:32:38.586,1.0683,1.06868,1.00,1.47
2015.01.22 23:32:39.102,1.0683,1.06868,1.00,1.10
2015.01.22 23:32:41.397,1.06828,1.06866,1.00,1.00
2015.01.22 23:32:45.698,1.06829,1.06866,1.12,1.00
2015.01.22 23:32:46.517,1.06829,1.06868,1.12,1.00
2015.01.22 23:32:56.957,1.06828,1.06867,1.12,1.00
2015.01.22 23:33:04.072,1.06829,1.06867,1.00,1.00
2015.01.22 23:33:04.785,1.0683,1.06867,1.50,1.00
2015.01.22 23:33:05.093,1.06831,1.06872,1.57,1.00
2015.01.22 23:33:05.195,1.06831,1.06872,1.95,1.00
2015.01.22 23:33:05.611,1.06831,1.06872,1.20,1.00
2015.01.22 23:33:06.116,1.06831,1.06872,1.95,1.00
2015.01.22 23:33:06.217,1.06832,1.06872,1.20,1.00
2015.01.22 23:33:13.880,1.06835,1.06872,1.00,1.00
2015.01.22 23:33:14.386,1.06832,1.06872,1.37,1.00
2015.01.22 23:33:17.635,1.06836,1.06872,1.00,1.00
2015.01.22 23:33:17.938,1.06834,1.06873,1.95,1.00
2015.01.22 23:33:18.342,1.06833,1.06873,1.95,1.00
2015.01.22 23:33:24.632,1.06831,1.06867,1.12,1.00
2015.01.22 23:33:24.783,1.06829,1.06866,1.87,1.00
2015.01.22 23:33:24.884,1.06829,1.06864,1.12,1.00
2015.01.22 23:33:24.986,1.06823,1.06864,1.00,2.25
2015.01.22 23:33:25.037,1.0682,1.06859,1.00,1.12
2015.01.22 23:33:25.138,1.0682,1.06859,1.00,1.00
2015.01.22 23:33:26.011,1.0682,1.06854,1.00,1.00
2015.01.22 23:33:28.353,1.06816,1.06854,1.00,1.00
2015.01.22 23:33:30.081,1.06816,1.06855,1.00,1.50
2015.01.22 23:33:38.863,1.06809,1.0685,2.77,1.75
2015.01.22 23:33:39.015,1.06805,1.06846,1.50,1.87
2015.01.22 23:33:39.167,1.06805,1.06845,1.00,1.00
2015.01.22 23:33:39.218,1.06805,1.06846,1.00,1.75
2015.01.22 23:33:40.105,1.06805,1.06846,1.00,1.07
2015.01.22 23:33:43.675,1.06806,1.06845,1.00,1.07
2015.01.22 23:33:43.827,1.06806,1.06845,1.75,1.00
2015.01.22 23:33:43.878,1.0681,1.06849,1.12,1.00
2015.01.22 23:33:43.929,1.06814,1.06849,1.50,1.00
2015.01.22 23:33:43.980,1.06818,1.06857,1.00,1.00
2015.01.22 23:33:44.081,1.06818,1.06857,2.25,1.00
2015.01.22 23:33:44.183,1.06818,1.06857,1.57,1.00
2015.01.22 23:33:44.688,1.06818,1.06857,1.00,1.00
2015.01.22 23:33:45.206,1.06819,1.06857,1.00,1.00
2015.01.22 23:33:45.771,1.06818,1.06857,1.00,1.00
2015.01.22 23:34:02.414,1.06819,1.06857,1.00,1.00
2015.01.22 23:34:03.320,1.0682,1.06857,1.00,1.00
2015.01.22 23:34:03.961,1.06818,1.06857,1.00,1.00
2015.01.22 23:34:04.990,1.06819,1.06857,1.00,1.00
2015.01.22 23:34:05.755,1.06818,1.06857,1.50,1.00
2015.01.22 23:34:12.284,1.06818,1.06857,1.75,1.00
2015.01.22 23:34:14.050,1.06818,1.06857,1.12,1.00
2015.01.22 23:34:17.341,1.06818,1.06857,1.00,1.00
2015.01.22 23:34:17.804,1.06818,1.06854,1.00,1.00
2015.01.22 23:34:18.057,1.06806,1.06844,1.00,1.37
2015.01.22 23:34:18.158,1.06806,1.06838,1.00,1.00
2015.01.22 23:34:18.361,1.06802,1.06846,1.37,2.02
2015.01.22 23:34:18.462,1.068,1.06844,1.00,1.12
2015.01.22 23:34:18.613,1.06799,1.06846,1.50,1.50
2015.01.22 23:34:18.664,1.06805,1.06843,1.00,1.00
2015.01.22 23:34:23.891,1.06803,1.06844,1.37,1.12
2015.01.22 23:34:24.195,1.068,1.0684,1.37,1.00
2015.01.22 23:34:24.246,1.068,1.0684,1.00,1.00
2015.01.22 23:34:24.297,1.068,1.06836,1.00,1.00
2015.01.22 23:34:28.864,1.06804,1.06836,1.00,1.00
2015.01.22 23:34:28.915,1.06804,1.06843,1.00,1.00
2015.01.22 23:34:29.066,1.06804,1.06843,1.50,1.00
2015.01.22 23:34:29.168,1.06804,1.06843,1.00,1.00
2015.01.22 23:34:29.370,1.06804,1.06843,1.87,1.00
2015.01.22 23:34:29.874,1.06806,1.06843,1.75,1.00
2015.01.22 23:34:31.509,1.06808,1.06843,1.00,1.00
2015.01.22 23:34:32.125,1.06805,1.06843,1.75,1.00
2015.01.22 23:34:32.635,1.06808,1.06843,1.00,1.00
2015.01.22 23:34:33.090,1.06812,1.06848,1.00,1.00
2015.01.22 23:34:34.070,1.06814,1.06848,1.00,1.00
2015.01.22 23:34:36.404,1.06813,1.06848,1.12,1.00
2015.01.22 23:34:36.815,1.06815,1.06848,1.00,1.00
2015.01.22 23:34:37.169,1.06822,1.06849,1.00,1.00
2015.01.22 23:34:37.220,1.06822,1.06854,1.00,1.00
2015.01.22 23:34:37.270,1.06824,1.06854,1.00,1.00
2015.01.22 23:34:37.422,1.06824,1.06857,1.12,1.00
2015.01.22 23:34:37.473,1.06824,1.06857,1.37,1.00
2015.01.22 23:34:37.524,1.06823,1.06862,1.37,1.00
2015.01.22 23:34:38.306,1.06828,1.06866,1.50,1.00
2015.01.22 23:34:38.856,1.06825,1.06866,1.75,1.00
2015.01.22 23:34:39.008,1.06825,1.06866,1.00,1.00
2015.01.22 23:34:40.423,1.06831,1.06868,1.00,1.00
2015.01.22 23:34:40.473,1.06831,1.0687,1.00,1.00
2015.01.22 23:34:40.625,1.06836,1.06875,1.00,1.75
2015.01.22 23:34:40.726,1.06836,1.06875,1.00,1.00
2015.01.22 23:34:40.777,1.06836,1.06875,1.37,1.00
2015.01.22 23:34:41.080,1.0684,1.06879,1.00,1.00
2015.01.22 23:34:41.812,1.06843,1.0688,1.00,1.00
2015.01.22 23:34:42.682,1.06843,1.0688,1.37,1.00
2015.01.22 23:34:42.889,1.0684,1.06884,1.87,1.15
2015.01.22 23:34:43.394,1.0684,1.06885,1.37,1.15
2015.01.22 23:34:43.570,1.0684,1.06879,1.37,1.00
2015.01.22 23:34:45.011,1.06846,1.06879,1.00,1.00
2015.01.22 23:34:45.213,1.06846,1.06885,1.12,1.00
2015.01.22 23:34:45.314,1.0685,1.06889,1.00,1.10
2015.01.22 23:34:45.635,1.0685,1.06885,1.37,1.00
2015.01.22 23:34:45.687,1.0685,1.06885,1.00,1.00
2015.01.22 23:34:46.871,1.0685,1.06884,1.00,1.00
2015.01.22 23:34:49.814,1.0685,1.06883,1.00,1.00
2015.01.22 23:34:50.423,1.06847,1.06883,1.37,1.00
2015.01.22 23:34:50.928,1.06847,1.06884,1.37,1.00
2015.01.22 23:34:51.441,1.06847,1.06884,1.37,1.00
2015.01.22 23:34:52.437,1.06847,1.06884,1.37,1.50
2015.01.22 23:34:53.173,1.06847,1.06884,1.37,1.00
2015.01.22 23:34:53.681,1.06847,1.06884,1.37,1.00
2015.01.22 23:34:54.242,1.06847,1.06884,1.37,1.00
2015.01.22 23:34:54.755,1.06847,1.06884,1.37,1.00
2015.01.22 23:34:55.407,1.06847,1.06884,1.37,1.00
2015.01.22 23:34:56.017,1.06847,1.06884,1.37,1.00
2015.01.22 23:34:57.492,1.06847,1.06884,1.37,1.00
2015.01.22 23:34:58.070,1.06847,1.06884,1.37,1.00
2015.01.22 23:34:58.171,1.06848,1.06886,1.37,1.00
2015.01.22 23:34:58.676,1.06849,1.06887,1.12,1.50
2015.01.22 23:34:58.929,1.06849,1.06887,1.37,1.50
2015.01.22 23:34:59.551,1.06848,1.06887,1.87,1.00
2015.01.22 23:35:00.064,1.06849,1.06887,1.37,1.00
2015.01.22 23:35:00.373,1.06848,1.06887,1.87,1.07
2015.01.22 23:35:00.913,1.06849,1.06887,1.37,1.07
2015.01.22 23:35:01.984,1.06848,1.06887,1.87,1.07
2015.01.22 23:35:02.495,1.06849,1.06887,1.37,1.07
2015.01.22 23:35:03.104,1.06848,1.06887,1.87,1.07
2015.01.22 23:35:04.152,1.06849,1.06889,1.87,1.07
2015.01.22 23:35:04.656,1.06849,1.06886,1.37,1.07
2015.01.22 23:35:05.475,1.06849,1.06886,1.87,1.57
2015.01.22 23:35:05.980,1.06849,1.06886,1.37,1.57
2015.01.22 23:35:07.111,1.06849,1.06886,1.87,1.57
2015.01.22 23:35:08.076,1.06849,1.06886,1.37,1.57
2015.01.22 23:35:08.680,1.06849,1.06886,1.87,1.57
2015.01.22 23:35:09.192,1.06849,1.06885,1.37,1.07
2015.01.22 23:35:09.905,1.06849,1.06885,1.87,1.07
2015.01.22 23:35:10.460,1.06849,1.06885,1.37,1.07
2015.01.22 23:35:10.982,1.06849,1.06885,1.87,1.07
2015.01.22 23:35:12.003,1.06849,1.06885,1.37,1.07
2015.01.22 23:35:12.538,1.06849,1.06885,1.87,1.07
2015.01.22 23:35:13.093,1.06849,1.06885,1.37,1.07
2015.01.22 23:35:13.647,1.06849,1.06885,1.87,1.07
2015.01.22 23:35:14.157,1.06849,1.06885,1.37,1.07
2015.01.22 23:35:14.721,1.06849,1.06885,1.87,1.57
2015.01.22 23:35:16.313,1.06849,1.06885,1.37,1.57
2015.01.22 23:35:16.872,1.06849,1.06885,1.87,1.57
2015.01.22 23:35:17.542,1.06849,1.06885,1.37,1.57
2015.01.22 23:35:18.427,1.06849,1.06885,1.87,1.57
2015.01.22 23:35:19.453,1.06849,1.06885,1.37,1.57
2015.01.22 23:35:19.968,1.06849,1.06885,1.87,1.57
2015.01.22 23:35:20.783,1.06849,1.06885,1.37,1.57
2015.01.22 23:35:21.867,1.06849,1.06885,1.87,1.57
2015.01.22 23:35:22.865,1.06849,1.06885,1.37,1.57
2015.01.22 23:35:23.984,1.06849,1.06885,1.87,1.57
2015.01.22 23:35:26.227,1.06849,1.06885,1.37,1.57
2015.01.22 23:35:26.945,1.06849,1.06885,1.87,1.57
2015.01.22 23:35:27.650,1.06849,1.06885,1.37,1.57
2015.01.22 23:35:28.157,1.06854,1.06891,1.12,1.07
2015.01.22 23:35:28.465,1.06864,1.06898,1.12,1.57
2015.01.22 23:35:28.672,1.06864,1.06895,1.12,1.07
2015.01.22 23:35:29.177,1.06862,1.06896,1.37,1.07
2015.01.22 23:35:29.737,1.06862,1.06896,1.37,1.07
2015.01.22 23:35:30.475,1.06862,1.06896,1.37,1.07
2015.01.22 23:35:30.979,1.06862,1.06896,1.37,1.07
2015.01.22 23:35:33.271,1.06862,1.06898,1.37,1.07
2015.01.22 23:35:34.599,1.06862,1.06898,1.37,1.07
2015.01.22 23:35:34.976,1.06859,1.06894,1.37,1.07
2015.01.22 23:35:35.128,1.06854,1.06892,1.12,1.10
2015.01.22 23:35:35.280,1.06853,1.06892,1.87,1.07
2015.01.22 23:35:35.801,1.06853,1.0689,1.87,1.07
2015.01.22 23:35:36.303,1.06854,1.0689,1.12,1.07
2015.01.22 23:35:37.115,1.06854,1.0689,1.50,1.07
2015.01.22 23:35:37.419,1.06858,1.06897,1.87,1.07
2015.01.22 23:35:37.923,1.06864,1.069,1.12,1.35
2015.01.22 23:35:38.024,1.06864,1.069,1.12,1.07
2015.01.22 23:35:38.531,1.06864,1.069,1.12,1.07
2015.01.22 23:35:40.325,1.06863,1.06899,1.12,1.07
2015.01.22 23:35:40.657,1.06862,1.06894,1.37,1.00
2015.01.22 23:35:41.569,1.06862,1.06894,1.00,1.00
2015.01.22 23:35:47.545,1.06862,1.06895,1.00,1.00
2015.01.22 23:35:49.347,1.06862,1.06895,1.37,1.00
2015.01.22 23:35:49.950,1.06861,1.06895,1.00,1.00
2015.01.22 23:35:50.334,1.06861,1.06898,1.00,1.07
2015.01.22 23:35:50.846,1.06865,1.06903,1.00,1.57
2015.01.22 23:35:51.150,1.06865,1.06904,1.75,1.57
2015.01.22 23:35:51.402,1.06874,1.06904,1.12,1.00
2015.01.22 23:35:53.057,1.06873,1.06904,1.12,1.00
2015.01.22 23:35:53.597,1.06872,1.06903,1.00,1.00
2015.01.22 23:35:54.204,1.06872,1.06903,1.37,1.00
2015.01.22 23:35:55.094,1.06872,1.06903,1.37,1.00
2015.01.22 23:35:55.602,1.06872,1.06906,1.37,1.07
2015.01.22 23:35:56.150,1.06872,1.06906,1.37,1.07
2015.01.22 23:35:56.605,1.06872,1.06903,1.37,1.00
2015.01.22 23:35:56.807,1.06872,1.06907,1.37,1.07
2015.01.22 23:35:57.273,1.06872,1.0691,1.00,1.07
2015.01.22 23:35:57.577,1.06872,1.06902,1.00,1.00
2015.01.22 23:36:02.104,1.06872,1.06901,1.00,1.00
2015.01.22 23:36:03.611,1.06872,1.06902,1.00,1.00
2015.01.22 23:36:03.801,1.06869,1.06902,1.12,1.00
2015.01.22 23:36:04.054,1.06868,1.06897,1.00,1.00
2015.01.22 23:36:04.307,1.06864,1.06897,1.00,1.00
2015.01.22 23:36:08.891,1.06864,1.06899,1.00,1.07
2015.01.22 23:36:10.102,1.06862,1.06899,1.00,1.07
2015.01.22 23:36:10.354,1.06861,1.06894,1.00,1.00
2015.01.22 23:36:11.752,1.06861,1.06897,1.00,1.00
2015.01.22 23:36:15.731,1.06861,1.06895,1.00,1.00
2015.01.22 23:36:16.612,1.06861,1.06899,1.00,1.10
2015.01.22 23:36:17.222,1.06863,1.069,1.00,1.57
2015.01.22 23:36:17.735,1.06863,1.069,1.00,1.57
2015.01.22 23:36:19.935,1.06867,1.06905,1.00,1.07
2015.01.22 23:36:20.246,1.0687,1.0691,1.00,1.69
2015.01.22 23:36:26.707,1.0687,1.0691,1.00,1.24
2015.01.22 23:36:30.173,1.0687,1.06911,1.12,1.16
2015.01.22 23:36:30.275,1.06875,1.06911,1.37,1.00
2015.01.22 23:36:30.376,1.06881,1.0692,1.00,1.07
2015.01.22 23:36:30.883,1.06881,1.06921,1.00,1.57
2015.01.22 23:36:42.195,1.06882,1.06919,1.00,1.07
2015.01.22 23:36:53.612,1.06887,1.06926,1.00,1.67
2015.01.22 23:36:53.663,1.06887,1.06926,1.37,1.07
2015.01.22 23:36:53.713,1.06892,1.06928,1.00,1.07
2015.01.22 23:36:54.220,1.06892,1.06927,1.00,1.07
2015.01.22 23:36:54.271,1.06892,1.06927,1.00,1.00
2015.01.22 23:36:54.492,1.06892,1.06927,1.00,1.07
2015.01.22 23:36:57.181,1.06892,1.06921,1.00,1.00
2015.01.22 23:36:57.672,1.06892,1.06926,1.00,1.20
2015.01.22 23:36:57.722,1.06892,1.06926,1.00,1.20
2015.01.22 23:36:57.824,1.06888,1.06926,1.00,1.07
2015.01.22 23:36:57.925,1.06888,1.06924,1.00,1.07
2015.01.22 23:36:58.026,1.06885,1.06923,1.00,1.07
2015.01.22 23:36:58.128,1.06881,1.0692,1.00,1.20
2015.01.22 23:36:58.229,1.06881,1.0692,1.00,1.20
2015.01.22 23:36:58.579,1.06878,1.06916,1.00,1.07
2015.01.22 23:36:58.631,1.06874,1.06914,1.00,1.07
2015.01.22 23:36:59.142,1.06871,1.06908,1.00,1.00
2015.01.22 23:36:59.446,1.06876,1.06911,1.00,1.07
2015.01.22 23:36:59.954,1.06876,1.06915,1.00,1.07
2015.01.22 23:37:03.991,1.06876,1.0691,1.00,1.07
2015.01.22 23:37:04.042,1.06873,1.06909,1.00,1.07
2015.01.22 23:37:04.244,1.0687,1.06908,1.00,1.07
2015.01.22 23:37:04.345,1.06867,1.06905,1.00,1.07
2015.01.22 23:37:04.497,1.06867,1.06905,1.00,1.07
2015.01.22 23:37:04.800,1.0687,1.06905,1.00,1.07
2015.01.22 23:37:05.002,1.06867,1.06905,1.00,1.07
2015.01.22 23:37:07.668,1.06869,1.06904,1.00,1.07
2015.01.22 23:37:08.173,1.06869,1.06905,1.00,1.07
2015.01.22 23:37:08.225,1.06866,1.06905,1.50,1.07
2015.01.22 23:37:08.814,1.06867,1.06905,1.00,1.07
2015.01.22 23:37:11.556,1.06867,1.06905,1.00,1.07
2015.01.22 23:37:12.470,1.06868,1.06907,1.00,2.32
2015.01.22 23:37:13.000,1.06868,1.06907,1.47,1.57
2015.01.22 23:37:13.052,1.06872,1.06907,1.00,1.57
2015.01.22 23:37:13.355,1.06875,1.06907,1.00,1.07
2015.01.22 23:37:13.406,1.06875,1.06907,1.00,1.00
2015.01.22 23:37:13.608,1.06875,1.06908,1.00,1.07
2015.01.22 23:37:13.798,1.06875,1.06908,1.00,1.00
2015.01.22 23:37:14.005,1.06875,1.06908,1.00,1.07
2015.01.22 23:37:14.208,1.06875,1.06908,1.00,1.00
2015.01.22 23:37:14.392,1.06875,1.06908,1.00,1.07
2015.01.22 23:37:15.241,1.06875,1.06908,1.00,1.00
2015.01.22 23:37:15.444,1.06875,1.06908,1.00,1.07
2015.01.22 23:37:15.596,1.06871,1.06908,1.00,1.07
2015.01.22 23:37:15.647,1.06871,1.0691,1.00,1.20
2015.01.22 23:37:15.849,1.06871,1.06907,1.00,1.07
2015.01.22 23:37:16.354,1.06871,1.0691,1.00,1.07
2015.01.22 23:37:21.010,1.06871,1.06909,1.00,1.07
2015.01.22 23:37:21.517,1.0687,1.06909,1.00,1.07
2015.01.22 23:37:24.631,1.0687,1.06909,1.00,1.07
2015.01.22 23:37:25.782,1.06874,1.06912,1.00,1.19
2015.01.22 23:37:26.085,1.06877,1.06915,1.00,1.21
2015.01.22 23:37:26.770,1.06874,1.06915,1.12,1.25
2015.01.22 23:37:26.931,1.06872,1.0691,1.50,1.07
2015.01.22 23:37:27.235,1.06868,1.06907,1.00,1.07
2015.01.22 23:37:28.813,1.06868,1.06907,1.00,1.07
2015.01.22 23:37:29.116,1.06872,1.0691,1.00,1.07
2015.01.22 23:37:29.622,1.06872,1.0691,1.00,1.07
2015.01.22 23:37:30.157,1.06872,1.0691,1.00,1.07
2015.01.22 23:37:30.610,1.0687,1.0691,1.00,1.07
2015.01.22 23:37:30.762,1.06867,1.06908,1.00,1.07
2015.01.22 23:37:30.876,1.06869,1.06908,1.00,1.07
2015.01.22 23:37:31.181,1.06873,1.06911,1.00,1.31
2015.01.22 23:37:31.484,1.06876,1.06914,1.00,1.28
2015.01.22 23:37:34.951,1.06877,1.06914,1.00,1.28
2015.01.22 23:37:35.434,1.06874,1.06911,1.00,1.07
2015.01.22 23:37:35.961,1.06873,1.06911,1.00,1.07
2015.01.22 23:37:36.465,1.06873,1.06911,1.00,1.34
2015.01.22 23:37:37.067,1.06873,1.06909,1.00,1.07
2015.01.22 23:37:38.083,1.06873,1.06911,1.00,1.66
2015.01.22 23:37:39.135,1.06868,1.06909,1.00,1.95
2015.01.22 23:37:39.438,1.06868,1.06907,1.00,1.87
2015.01.22 23:37:39.489,1.06868,1.06904,1.00,1.00
2015.01.22 23:37:39.792,1.06868,1.06905,1.00,1.07
2015.01.22 23:37:41.636,1.06868,1.06907,1.00,1.07
2015.01.22 23:37:41.737,1.06865,1.06905,1.00,1.07
2015.01.22 23:37:42.041,1.06865,1.06899,1.00,1.07
2015.01.22 23:37:42.142,1.06861,1.06896,1.00,1.07
2015.01.22 23:37:42.193,1.06861,1.06896,1.00,1.07
2015.01.22 23:37:42.497,1.06861,1.06896,1.00,1.07
2015.01.22 23:37:48.980,1.0686,1.06899,1.00,1.07
2015.01.22 23:37:51.730,1.0686,1.06897,1.00,1.07
2015.01.22 23:37:51.831,1.0686,1.06898,1.00,2.70
2015.01.22 23:37:51.882,1.06857,1.06896,1.00,1.20
2015.01.22 23:37:51.933,1.06857,1.06894,1.00,1.07
2015.01.22 23:37:53.628,1.06857,1.06896,1.00,1.07
2015.01.22 23:37:55.615,1.06861,1.06896,1.00,1.07
2015.01.22 23:37:55.817,1.06858,1.06896,1.07,1.07
2015.01.22 23:37:55.919,1.06862,1.06896,1.00,1.07
2015.01.22 23:37:56.121,1.06859,1.06896,1.10,1.07
2015.01.22 23:37:56.626,1.0686,1.06896,1.00,1.07
2015.01.22 23:37:57.721,1.0686,1.06896,1.00,1.07
2015.01.22 23:37:58.546,1.06859,1.06896,1.00,1.07
2015.01.22 23:37:59.114,1.06858,1.06896,1.00,1.07
2015.01.22 23:38:00.299,1.06857,1.06896,1.00,1.07
2015.01.22 23:38:00.884,1.06858,1.06896,1.00,1.07
2015.01.22 23:38:04.609,1.06857,1.06896,1.00,1.07
2015.01.22 23:38:09.380,1.06857,1.06896,1.00,1.07
2015.01.22 23:38:09.907,1.06857,1.06896,1.00,1.07
2015.01.22 23:38:12.052,1.06853,1.06892,1.50,1.20
2015.01.22 23:38:12.153,1.06853,1.06892,1.50,1.20
2015.01.22 23:38:12.557,1.06853,1.06888,1.00,1.20
2015.01.22 23:38:12.609,1.06849,1.06888,1.00,1.57
2015.01.22 23:38:13.185,1.06848,1.06884,1.00,1.07
2015.01.22 23:38:13.791,1.06848,1.06884,1.00,1.07
2015.01.22 23:38:14.159,1.06848,1.06884,1.00,1.07
2015.01.22 23:38:15.095,1.06848,1.06882,1.00,1.20
2015.01.22 23:38:15.641,1.06848,1.06882,1.00,1.20
2015.01.22 23:38:16.138,1.06845,1.06882,1.00,1.45
2015.01.22 23:38:16.239,1.06845,1.06883,1.00,1.82
2015.01.22 23:38:16.391,1.0684,1.06878,1.00,1.45
2015.01.22 23:38:17.264,1.0684,1.0688,1.00,1.07
2015.01.22 23:38:17.365,1.06845,1.0688,1.00,1.07
2015.01.22 23:38:17.567,1.06842,1.0688,1.00,1.07
2015.01.22 23:38:17.668,1.06844,1.06883,1.00,1.07
2015.01.22 23:38:18.174,1.06845,1.06882,1.00,1.07
2015.01.22 23:38:18.680,1.06844,1.06883,1.00,1.34
2015.01.22 23:38:20.124,1.06846,1.06883,1.00,1.34
2015.01.22 23:38:20.428,1.06849,1.06883,1.12,1.07
2015.01.22 23:38:21.336,1.06847,1.06883,1.50,1.07
2015.01.22 23:38:21.912,1.06849,1.06883,1.12,1.07
2015.01.22 23:38:22.973,1.06846,1.06883,1.75,1.07
2015.01.22 23:38:23.486,1.06844,1.06883,1.87,1.07
2015.01.22 23:38:23.637,1.06844,1.06883,2.62,1.07
2015.01.22 23:38:24.150,1.06845,1.06886,1.00,1.07
2015.01.22 23:38:25.769,1.06845,1.06886,1.00,1.07
2015.01.22 23:38:30.642,1.06845,1.06883,1.00,1.07
2015.01.22 23:38:32.269,1.06845,1.06883,1.00,1.07
2015.01.22 23:38:35.833,1.06843,1.06884,1.00,1.07
2015.01.22 23:38:41.897,1.06845,1.06884,1.00,1.07
2015.01.22 23:38:43.166,1.06845,1.06883,1.37,1.07
2015.01.22 23:38:43.474,1.06845,1.06883,2.62,1.07
2015.01.22 23:38:45.714,1.06845,1.06883,2.70,1.07
2015.01.22 23:38:46.226,1.06847,1.06883,1.37,1.07
2015.01.22 23:38:48.854,1.06845,1.06883,2.70,1.00
2015.01.22 23:38:48.955,1.06845,1.06883,2.70,1.00
2015.01.22 23:38:52.629,1.06847,1.06886,1.00,1.00
2015.01.22 23:38:52.931,1.06848,1.06886,1.37,1.00
2015.01.22 23:38:53.845,1.06847,1.06886,1.87,1.00
2015.01.22 23:38:54.355,1.06847,1.06886,1.50,1.00
2015.01.22 23:38:54.785,1.0685,1.06886,1.00,1.00
2015.01.22 23:38:54.886,1.06847,1.06886,1.37,1.00
2015.01.22 23:38:58.410,1.06854,1.06886,1.00,1.00
2015.01.22 23:38:58.924,1.06853,1.06886,1.00,1.00
2015.01.22 23:38:59.837,1.06852,1.06886,1.00,1.00
2015.01.22 23:39:04.308,1.06853,1.06886,1.00,1.00
2015.01.22 23:39:05.133,1.06853,1.06886,1.37,1.00
2015.01.22 23:39:05.254,1.06853,1.0689,1.37,1.00
2015.01.22 23:39:05.457,1.06853,1.0689,1.50,1.00
2015.01.22 23:39:05.963,1.06854,1.0689,1.20,1.00
2015.01.22 23:39:14.246,1.06854,1.06895,3.07,1.00
2015.01.22 23:39:14.499,1.06857,1.06895,1.37,1.00
2015.01.22 23:39:15.655,1.06858,1.06895,1.95,1.00
2015.01.22 23:39:16.243,1.06861,1.06895,1.00,1.00
2015.01.22 23:39:16.676,1.06861,1.06899,1.50,1.00
2015.01.22 23:39:16.727,1.06861,1.06899,1.87,1.00
2015.01.22 23:39:16.879,1.06868,1.06907,1.37,1.00
2015.01.22 23:39:16.930,1.06868,1.06907,1.75,1.00
2015.01.22 23:39:17.253,1.06871,1.06909,1.00,1.00
2015.01.22 23:39:18.666,1.06871,1.06909,1.37,1.00
2015.01.22 23:39:24.123,1.06871,1.06909,1.37,1.00
2015.01.22 23:39:24.650,1.06871,1.0691,1.37,1.00
2015.01.22 23:39:25.936,1.06871,1.0691,1.37,1.00
2015.01.22 23:39:26.298,1.06875,1.06913,1.00,1.00
2015.01.22 23:39:26.449,1.06876,1.06914,1.37,1.00
2015.01.22 23:39:26.501,1.06878,1.06919,1.37,1.00
2015.01.22 23:39:26.552,1.06878,1.06919,1.75,1.00
2015.01.22 23:39:26.603,1.06882,1.06923,1.37,1.00
2015.01.22 23:39:26.755,1.06882,1.06923,1.00,1.00
2015.01.22 23:39:32.118,1.06884,1.06923,1.00,1.00
2015.01.22 23:39:32.523,1.06887,1.06928,1.00,1.15
2015.01.22 23:39:35.084,1.06887,1.06928,1.00,1.57
2015.01.22 23:39:35.409,1.06892,1.06933,1.37,1.00
2015.01.22 23:39:35.712,1.06897,1.06936,1.00,1.00
2015.01.22 23:39:36.544,1.069,1.06938,1.00,1.00
2015.01.22 23:39:39.787,1.069,1.06939,1.00,1.00
2015.01.22 23:39:46.366,1.069,1.06941,1.00,1.07
2015.01.22 23:39:49.869,1.06904,1.0694,1.00,1.00
2015.01.22 23:39:49.920,1.06904,1.06942,1.00,1.00
2015.01.22 23:39:49.970,1.06908,1.06942,1.00,1.00
2015.01.22 23:39:50.021,1.06908,1.06948,1.00,1.47
2015.01.22 23:39:50.324,1.06908,1.06949,1.00,1.00
2015.01.22 23:39:50.577,1.06908,1.06947,1.00,1.00
2015.01.22 23:39:51.132,1.06908,1.06946,1.00,1.00
2015.01.22 23:39:51.661,1.06908,1.06947,1.00,1.00
2015.01.22 23:39:52.344,1.06908,1.06946,1.00,1.00
2015.01.22 23:39:52.395,1.06903,1.06945,1.00,1.00
2015.01.22 23:39:52.446,1.06903,1.06943,1.12,1.00
2015.01.22 23:39:52.548,1.06903,1.06945,1.12,1.50
2015.01.22 23:39:52.649,1.06903,1.06945,1.37,1.50
2015.01.22 23:39:52.952,1.0691,1.0695,1.00,1.50
2015.01.22 23:39:53.256,1.0691,1.06947,1.00,1.00
2015.01.22 23:39:53.783,1.0691,1.06948,1.00,1.00
2015.01.22 23:39:54.338,1.0691,1.06948,1.00,1.07
2015.01.22 23:39:54.389,1.06906,1.06946,1.00,1.00
2015.01.22 23:39:54.541,1.06906,1.06944,1.00,1.00
2015.01.22 23:39:54.743,1.06909,1.06951,1.00,1.87
2015.01.22 23:39:54.794,1.06909,1.06951,1.00,1.00
2015.01.22 23:39:55.166,1.06909,1.06949,1.00,1.00
2015.01.22 23:39:55.469,1.06907,1.06946,1.00,1.00
2015.01.22 23:40:06.913,1.06908,1.06948,1.00,1.00
2015.01.22 23:40:12.332,1.06908,1.06946,1.00,1.00
2015.01.22 23:40:21.525,1.06907,1.06946,1.00,1.00
2015.01.22 23:40:21.850,1.06902,1.06943,1.37,1.00
2015.01.22 23:40:21.951,1.06907,1.06947,1.00,1.00
2015.01.22 23:40:22.456,1.06907,1.06948,1.00,1.00
2015.01.22 23:40:24.149,1.06904,1.06943,1.37,1.00
2015.01.22 23:40:25.923,1.06904,1.06943,1.00,1.50
2015.01.22 23:40:32.830,1.06903,1.06944,1.12,1.00
2015.01.22 23:40:33.132,1.06905,1.06943,1.00,1.00
2015.01.22 23:40:33.917,1.06905,1.06944,1.00,1.50
2015.01.22 23:40:34.679,1.06905,1.06943,1.00,1.00
2015.01.22 23:40:35.190,1.06905,1.06944,1.00,1.50
2015.01.22 23:40:37.826,1.06905,1.06943,1.00,1.00
2015.01.22 23:40:40.670,1.06905,1.06944,1.00,1.50
2015.01.22 23:40:41.181,1.06905,1.06943,1.00,1.00
2015.01.22 23:40:41.741,1.06905,1.06944,1.00,1.50
2015.01.22 23:40:42.270,1.06905,1.06943,1.00,1.00
2015.01.22 23:40:43.732,1.06905,1.06944,1.00,1.50
2015.01.22 23:40:45.654,1.06905,1.06943,1.00,1.00
2015.01.22 23:40:46.232,1.06905,1.06944,1.00,1.50
2015.01.22 23:40:47.374,1.06905,1.06943,1.00,1.00
2015.01.22 23:40:47.883,1.06905,1.06944,1.00,1.50
2015.01.22 23:40:48.923,1.06905,1.06943,1.00,1.00
2015.01.22 23:40:49.501,1.06905,1.06944,1.00,1.50
2015.01.22 23:40:50.193,1.06905,1.06943,1.00,1.00
2015.01.22 23:40:51.725,1.06905,1.06944,1.00,1.50
2015.01.22 23:40:52.313,1.06905,1.06943,1.00,1.00
2015.01.22 23:40:52.836,1.06905,1.06944,1.00,1.50
2015.01.22 23:40:53.353,1.06905,1.06943,1.00,1.00
2015.01.22 23:40:53.995,1.06905,1.06944,1.00,1.50
2015.01.22 23:40:54.521,1.06905,1.06943,1.00,1.00
2015.01.22 23:40:55.795,1.06905,1.06944,1.00,1.50
2015.01.22 23:40:56.429,1.06905,1.06944,1.37,1.50
2015.01.22 23:40:56.968,1.06905,1.06943,1.12,1.00
2015.01.22 23:40:57.469,1.06905,1.06944,1.12,1.00
2015.01.22 23:40:58.035,1.06905,1.06943,1.12,1.00
2015.01.22 23:40:58.712,1.06905,1.06944,1.12,1.00
2015.01.22 23:40:59.367,1.06905,1.06943,1.12,1.00
2015.01.22 23:41:00.073,1.06905,1.06944,1.12,1.00
2015.01.22 23:41:01.079,1.06905,1.06943,1.12,1.00
2015.01.22 23:41:01.604,1.06905,1.06944,1.00,1.00
2015.01.22 23:41:02.121,1.06905,1.06943,1.00,1.50
2015.01.22 23:41:08.333,1.06902,1.06943,1.00,1.87
2015.01.22 23:41:08.586,1.06902,1.06943,1.00,1.87
2015.01.22 23:41:13.928,1.06904,1.06942,1.00,1.37
2015.01.22 23:41:17.058,1.06904,1.06942,1.00,1.12
2015.01.22 23:41:17.210,1.06908,1.06942,1.00,1.12
2015.01.22 23:41:17.370,1.06904,1.06942,1.00,1.00
2015.01.22 23:41:21.280,1.06904,1.06942,1.37,1.00
2015.01.22 23:41:21.583,1.06904,1.06942,1.12,1.00
2015.01.22 23:41:25.570,1.06904,1.06942,1.87,1.37
2015.01.22 23:41:26.078,1.06904,1.06942,1.87,1.37
2015.01.22 23:41:26.393,1.06904,1.06942,1.37,1.37
2015.01.22 23:41:30.684,1.06903,1.06941,1.50,1.12
2015.01.22 23:41:30.887,1.069,1.0694,1.12,1.00
2015.01.22 23:41:31.139,1.069,1.0694,1.00,1.17
2015.01.22 23:41:31.495,1.06897,1.06936,1.00,1.00
2015.01.22 23:41:46.351,1.06897,1.06936,1.00,1.37
2015.01.22 23:41:46.452,1.06895,1.06934,1.00,1.00
2015.01.22 23:41:46.553,1.06895,1.0693,1.00,1.00
2015.01.22 23:41:46.859,1.06895,1.06928,1.00,1.00
2015.01.22 23:41:49.366,1.06892,1.06928,1.00,1.00
2015.01.22 23:41:49.671,1.06892,1.0693,1.00,1.50
2015.01.22 23:41:49.869,1.06892,1.06928,1.00,1.00
2015.01.22 23:41:51.957,1.06892,1.06927,1.00,1.00
2015.01.22 23:41:52.285,1.06892,1.06923,1.00,1.00
2015.01.22 23:41:52.687,1.06892,1.06925,1.00,1.00
2015.01.22 23:41:52.900,1.06892,1.06927,1.00,1.00
2015.01.22 23:41:53.424,1.06892,1.06929,1.00,1.10
2015.01.22 23:41:53.644,1.06887,1.06931,1.50,2.40
2015.01.22 23:41:53.848,1.06887,1.06928,1.00,1.00
2015.01.22 23:41:54.252,1.06887,1.06923,1.00,1.00
2015.01.22 23:41:54.560,1.06887,1.06927,1.00,1.00
2015.01.22 23:41:55.384,1.06887,1.06924,1.00,1.00
2015.01.22 23:41:56.006,1.06887,1.06923,1.00,1.00
2015.01.22 23:41:56.318,1.06887,1.06925,1.00,1.00
2015.01.22 23:41:57.095,1.06887,1.06926,1.00,1.00
2015.01.22 23:41:57.198,1.06887,1.06924,1.00,1.00
2015.01.22 23:41:58.244,1.06887,1.06923,1.00,1.00
2015.01.22 23:41:58.798,1.06883,1.06924,1.20,1.65
2015.01.22 23:42:00.067,1.06883,1.06918,1.10,1.00
2015.01.22 23:42:00.370,1.06883,1.06915,1.10,1.00
2015.01.22 23:42:00.772,1.06883,1.06917,1.10,1.00
2015.01.22 23:42:01.024,1.06879,1.06912,1.75,1.00
2015.01.22 23:42:01.286,1.06879,1.06913,1.07,1.00
2015.01.22 23:42:01.801,1.06879,1.06915,1.07,1.00
2015.01.22 23:42:02.507,1.06879,1.06912,1.07,1.00
2015.01.22 23:42:03.039,1.06879,1.06913,1.07,1.00
2015.01.22 23:42:04.564,1.06879,1.06912,1.07,1.00
2015.01.22 23:42:04.665,1.06879,1.06915,1.07,1.00
2015.01.22 23:42:05.179,1.06879,1.06917,1.07,1.00
2015.01.22 23:42:05.812,1.0688,1.06915,1.20,1.00
2015.01.22 23:42:06.116,1.06883,1.06918,1.12,1.00
2015.01.22 23:42:06.368,1.06883,1.06921,1.00,1.00
2015.01.22 23:42:11.786,1.06883,1.0692,1.00,1.00
2015.01.22 23:42:12.040,1.06885,1.06921,1.00,1.00
2015.01.22 23:42:12.826,1.06885,1.06923,1.00,1.10
2015.01.22 23:42:14.034,1.06885,1.06921,1.00,1.00
2015.01.22 23:42:14.544,1.06885,1.06923,1.00,1.57
2015.01.22 23:42:15.103,1.06885,1.06922,1.00,1.00
2015.01.22 23:42:16.143,1.06885,1.06923,1.00,1.57
2015.01.22 23:42:16.547,1.06885,1.06921,1.00,1.00
2015.01.22 23:42:17.084,1.06885,1.06922,1.00,1.12
2015.01.22 23:42:17.765,1.06885,1.06921,1.00,1.00
2015.01.22 23:42:18.387,1.06885,1.06922,1.00,1.12
2015.01.22 23:42:22.610,1.06885,1.06922,1.00,1.37
2015.01.22 23:42:23.138,1.06886,1.06921,1.00,1.12
2015.01.22 23:42:27.672,1.06889,1.06922,1.12,1.37
2015.01.22 23:42:28.211,1.0689,1.06925,1.00,1.37
2015.01.22 23:42:28.578,1.0689,1.06925,1.37,1.87
2015.01.22 23:42:29.425,1.0689,1.06925,1.37,1.87
2015.01.22 23:42:29.928,1.0689,1.06924,1.37,1.37
2015.01.22 23:42:30.435,1.0689,1.06925,1.37,1.87
2015.01.22 23:42:30.974,1.0689,1.06924,1.37,1.37
2015.01.22 23:42:31.521,1.0689,1.06924,1.37,1.37
2015.01.22 23:42:31.882,1.06889,1.06924,1.12,1.12
2015.01.22 23:42:31.934,1.06889,1.06924,1.12,2.62
2015.01.22 23:42:32.187,1.06876,1.06917,1.00,1.52
2015.01.22 23:42:32.238,1.06876,1.06908,1.00,1.00
2015.01.22 23:42:32.440,1.06876,1.06917,1.00,1.00
2015.01.22 23:42:32.491,1.06874,1.06912,1.12,1.00
2015.01.22 23:42:32.798,1.06874,1.06907,1.12,1.00
2015.01.22 23:42:32.849,1.06874,1.06909,1.12,1.00
2015.01.22 23:42:33.051,1.06874,1.06905,1.12,1.00
2015.01.22 23:42:33.257,1.06874,1.06908,1.00,1.00
2015.01.22 23:42:33.770,1.06874,1.06907,1.12,1.00
2015.01.22 23:42:34.285,1.06874,1.06908,1.12,1.00
2015.01.22 23:42:34.386,1.06874,1.06912,1.00,1.00
2015.01.22 23:42:34.571,1.06874,1.06905,1.00,1.00
2015.01.22 23:42:34.673,1.06874,1.06912,1.12,1.00
2015.01.22 23:42:34.825,1.06874,1.06906,1.00,1.00
2015.01.22 23:42:35.331,1.06874,1.06905,1.00,1.00
2015.01.22 23:42:36.015,1.06874,1.06907,1.12,1.00
2015.01.22 23:42:36.585,1.06874,1.06908,1.12,1.00
2015.01.22 23:42:36.989,1.06867,1.06906,1.12,1.00
2015.01.22 23:42:37.041,1.06866,1.06899,1.87,1.00
2015.01.22 23:42:37.348,1.06858,1.06899,2.62,1.10
2015.01.22 23:42:37.399,1.06858,1.06899,2.62,1.00
2015.01.22 23:42:37.450,1.06859,1.06892,1.87,1.00
2015.01.22 23:42:37.551,1.06859,1.06899,1.87,1.00
2015.01.22 23:42:37.602,1.06859,1.069,1.12,1.00
2015.01.22 23:42:37.703,1.06864,1.069,1.12,1.00
2015.01.22 23:42:38.062,1.06863,1.06895,1.12,1.00
2015.01.22 23:42:38.364,1.06861,1.06892,1.37,1.00
2015.01.22 23:42:38.503,1.06861,1.06896,1.37,1.00
2015.01.22 23:42:38.762,1.06861,1.06898,1.37,1.00
2015.01.22 23:42:38.814,1.06861,1.06891,1.37,1.00
2015.01.22 23:42:39.693,1.06861,1.06892,1.37,1.00
2015.01.22 23:42:40.203,1.06861,1.06891,1.37,1.00
2015.01.22 23:42:40.711,1.06861,1.06891,1.37,1.00
2015.01.22 23:42:40.817,1.06861,1.06896,1.37,1.00
2015.01.22 23:42:41.583,1.06861,1.06896,1.37,1.00
2015.01.22 23:42:42.478,1.06861,1.06891,1.37,1.00
2015.01.22 23:42:42.992,1.06861,1.06892,1.37,1.00
2015.01.22 23:42:43.588,1.06861,1.06893,1.37,1.00
2015.01.22 23:42:43.790,1.06861,1.06896,1.37,1.50
2015.01.22 23:42:43.892,1.06861,1.06899,1.37,1.00
2015.01.22 23:42:44.770,1.06861,1.06899,1.37,1.00
2015.01.22 23:42:44.821,1.06861,1.06896,1.37,1.00
2015.01.22 23:42:45.571,1.06861,1.06896,1.37,1.00
2015.01.22 23:42:46.231,1.06861,1.06895,1.37,1.00
2015.01.22 23:42:46.759,1.06861,1.06896,1.37,1.00
2015.01.22 23:42:47.292,1.06861,1.06894,1.37,1.00
2015.01.22 23:42:47.595,1.06861,1.0689,1.37,1.00
2015.01.22 23:42:48.065,1.06861,1.06892,1.37,1.00
2015.01.22 23:42:48.763,1.06861,1.06893,1.37,1.00
2015.01.22 23:42:49.634,1.06861,1.06894,1.37,1.00
2015.01.22 23:42:50.149,1.06861,1.06893,1.37,1.00
2015.01.22 23:42:50.665,1.06861,1.06892,1.37,1.00
2015.01.22 23:42:51.184,1.06861,1.06891,1.37,1.00
2015.01.22 23:42:52.085,1.06861,1.06892,1.37,1.00
2015.01.22 23:42:52.607,1.06861,1.06891,1.37,1.00
2015.01.22 23:42:53.090,1.06861,1.06893,1.37,1.00
2015.01.22 23:42:53.671,1.06861,1.06894,1.37,1.00
2015.01.22 23:42:54.283,1.06861,1.06891,1.37,1.00
2015.01.22 23:42:54.797,1.06861,1.06891,1.37,1.00
2015.01.22 23:42:55.101,1.06859,1.06889,1.37,1.00
2015.01.22 23:42:55.714,1.06859,1.0689,1.37,1.00
2015.01.22 23:42:56.254,1.06859,1.06889,1.37,1.00
2015.01.22 23:42:56.762,1.06859,1.0689,1.37,1.00
2015.01.22 23:42:57.349,1.06859,1.06889,1.37,1.00
2015.01.22 23:42:57.898,1.06859,1.0689,2.62,1.00
2015.01.22 23:42:58.450,1.06859,1.06889,2.62,1.00
2015.01.22 23:42:58.967,1.06859,1.0689,1.37,1.00
2015.01.22 23:42:59.676,1.06859,1.06889,1.37,1.00
2015.01.22 23:43:00.202,1.06859,1.06889,2.62,1.00
2015.01.22 23:43:00.707,1.06859,1.0689,1.37,1.00
2015.01.22 23:43:00.930,1.06859,1.06896,1.37,1.00
2015.01.22 23:43:01.431,1.0686,1.06897,1.37,1.00
2015.01.22 23:43:01.598,1.0686,1.06888,1.37,2.32
2015.01.22 23:43:01.699,1.06859,1.06878,1.12,1.00
2015.01.22 23:43:01.801,1.06844,1.06878,1.20,1.20
2015.01.22 23:43:01.852,1.06844,1.06874,1.20,1.00
2015.01.22 23:43:02.155,1.06854,1.06881,1.00,1.00
2015.01.22 23:43:02.206,1.06854,1.06889,1.00,1.37
2015.01.22 23:43:02.358,1.06853,1.06895,1.12,1.37
2015.01.22 23:43:02.463,1.06859,1.06895,1.12,1.37
2015.01.22 23:43:03.270,1.06858,1.06893,1.12,1.37
2015.01.22 23:43:03.775,1.06859,1.06895,1.12,1.37
2015.01.22 23:43:03.876,1.06858,1.06896,1.12,1.37
2015.01.22 23:43:04.230,1.06859,1.06893,1.12,1.12
2015.01.22 23:43:04.907,1.06859,1.06892,1.12,1.00
2015.01.22 23:43:05.599,1.06858,1.06892,1.12,1.00
2015.01.22 23:43:06.392,1.06859,1.06898,1.12,1.47
2015.01.22 23:43:07.921,1.06859,1.06892,1.12,1.00
2015.01.22 23:43:08.891,1.06859,1.06893,1.12,1.12
2015.01.22 23:43:09.194,1.06864,1.06896,1.12,1.37
2015.01.22 23:43:09.550,1.06864,1.06897,1.12,1.37
2015.01.22 23:43:09.800,1.06864,1.06897,1.12,1.37
2015.01.22 23:43:11.039,1.06859,1.06891,1.12,1.00
2015.01.22 23:43:11.241,1.06857,1.06891,1.00,1.12
2015.01.22 23:43:11.292,1.06853,1.06888,1.37,1.00
2015.01.22 23:43:11.797,1.06853,1.06888,1.12,1.00
2015.01.22 23:43:12.100,1.06853,1.06888,1.87,1.00
2015.01.22 23:43:12.202,1.06853,1.06892,1.87,1.37
2015.01.22 23:43:13.043,1.06854,1.0689,1.37,1.12
2015.01.22 23:43:14.323,1.06854,1.06891,1.37,1.47
2015.01.22 23:43:14.374,1.06853,1.06891,1.12,1.47
2015.01.22 23:43:15.437,1.06851,1.06883,1.37,1.37
2015.01.22 23:43:16.101,1.06851,1.06883,1.37,1.37
2015.01.22 23:43:17.119,1.06851,1.06886,1.37,1.37
2015.01.22 23:43:17.731,1.06851,1.06885,1.37,1.37
2015.01.22 23:43:18.352,1.06851,1.06886,1.37,1.37
2015.01.22 23:43:19.078,1.06851,1.06885,1.37,1.37
2015.01.22 23:43:20.092,1.06851,1.06885,1.37,1.37
2015.01.22 23:43:21.274,1.06851,1.06885,1.37,1.37
2015.01.22 23:43:21.910,1.06851,1.06885,1.37,1.37
2015.01.22 23:43:23.170,1.06851,1.06886,1.37,1.37
2015.01.22 23:43:23.769,1.06851,1.06885,1.37,1.00
2015.01.22 23:43:23.971,1.06851,1.06887,1.37,1.00
2015.01.22 23:43:24.073,1.06851,1.06889,1.37,1.00
2015.01.22 23:43:24.123,1.06851,1.06889,1.37,1.37
2015.01.22 23:43:25.251,1.06851,1.06887,1.37,1.37
2015.01.22 23:43:25.841,1.06851,1.06887,1.37,1.37
2015.01.22 23:43:26.181,1.06851,1.06888,1.37,1.37
2015.01.22 23:43:26.890,1.06851,1.06887,1.37,1.37
2015.01.22 23:43:27.431,1.06851,1.06887,1.37,1.37
2015.01.22 23:43:27.939,1.06851,1.06887,1.37,1.37
2015.01.22 23:43:28.602,1.06851,1.06886,1.37,1.37
2015.01.22 23:43:29.140,1.0685,1.06882,1.37,1.37
2015.01.22 23:43:29.241,1.0685,1.06882,1.00,1.37
2015.01.22 23:43:34.124,1.06849,1.06883,1.12,1.37
2015.01.22 23:43:34.225,1.06847,1.06879,1.00,1.37
2015.01.22 23:43:40.343,1.06845,1.0688,1.00,1.37
2015.01.22 23:43:45.671,1.06844,1.06876,1.87,1.12
2015.01.22 23:43:49.735,1.06844,1.06878,1.87,1.37
2015.01.22 23:43:51.877,1.06845,1.06879,1.00,1.37
2015.01.22 23:43:54.603,1.06845,1.06872,1.00,1.07
2015.01.22 23:43:54.711,1.06832,1.06865,1.00,1.12
2015.01.22 23:43:54.762,1.06828,1.06864,1.12,1.10
2015.01.22 23:43:54.914,1.06829,1.06861,1.12,1.00
2015.01.22 23:43:55.117,1.06828,1.06864,2.62,1.00
2015.01.22 23:43:55.218,1.06831,1.06866,1.00,1.00
2015.01.22 23:43:55.636,1.06831,1.06863,1.00,1.00
2015.01.22 23:43:55.787,1.06829,1.06863,1.12,1.00
2015.01.22 23:43:55.838,1.06829,1.0686,1.12,1.00
2015.01.22 23:43:56.172,1.06829,1.06864,1.87,1.00
2015.01.22 23:43:56.324,1.06831,1.06864,1.00,1.00
2015.01.22 23:43:56.526,1.06829,1.06864,1.00,1.00
2015.01.22 23:43:56.577,1.06829,1.06861,1.00,1.00
2015.01.22 23:43:57.135,1.06829,1.0686,1.87,1.00
2015.01.22 23:43:58.087,1.06828,1.0686,1.12,1.00
2015.01.22 23:43:58.779,1.06829,1.0686,1.12,1.00
2015.01.22 23:43:59.407,1.06828,1.06862,1.12,1.00
2015.01.22 23:44:00.094,1.06829,1.06863,1.87,1.00
2015.01.22 23:44:00.453,1.0683,1.06861,1.00,1.00
2015.01.22 23:44:00.764,1.06829,1.0687,1.00,1.00
2015.01.22 23:44:01.227,1.06829,1.06861,1.87,1.00
2015.01.22 23:44:01.836,1.06829,1.06862,1.87,1.00
2015.01.22 23:44:02.417,1.06829,1.06861,1.00,1.00
2015.01.22 23:44:02.801,1.06831,1.06864,1.00,1.00
2015.01.22 23:44:02.978,1.06831,1.06861,1.37,1.00
2015.01.22 23:44:03.400,1.06829,1.06857,1.37,1.00
2015.01.22 23:44:03.941,1.06829,1.06869,1.87,1.50
2015.01.22 23:44:04.177,1.06829,1.06863,1.87,1.00
2015.01.22 23:44:04.497,1.06829,1.06857,1.87,1.00
2015.01.22 23:44:04.648,1.06829,1.06859,1.87,1.00
2015.01.22 23:44:04.834,1.06829,1.06861,1.87,1.00
2015.01.22 23:44:05.363,1.06831,1.0686,1.37,1.00
2015.01.22 23:44:05.930,1.06831,1.06861,1.37,1.00
2015.01.22 23:44:06.597,1.06831,1.06861,1.37,1.00
2015.01.22 23:44:07.290,1.06831,1.06861,1.37,1.00
2015.01.22 23:44:08.148,1.06831,1.06861,1.37,1.00
2015.01.22 23:44:08.446,1.06836,1.06861,1.00,1.00
2015.01.22 23:44:08.497,1.06837,1.06869,1.00,1.00
2015.01.22 23:44:08.699,1.06836,1.06874,1.50,1.00
2015.01.22 23:44:08.749,1.06841,1.06874,1.00,1.00
2015.01.22 23:44:09.254,1.06841,1.06876,1.00,1.27
2015.01.22 23:44:09.557,1.06841,1.06872,1.00,1.00
2015.01.22 23:44:10.062,1.06841,1.06871,1.00,1.00
2015.01.22 23:44:10.557,1.06841,1.06869,1.00,1.00
2015.01.22 23:44:11.341,1.06841,1.0687,1.00,1.00
2015.01.22 23:44:12.051,1.06841,1.06871,1.00,1.00
2015.01.22 23:44:12.762,1.06841,1.0687,1.00,1.00
2015.01.22 23:44:13.294,1.06841,1.06869,1.00,1.00
2015.01.22 23:44:13.981,1.06841,1.0687,1.00,1.00
2015.01.22 23:44:14.237,1.06841,1.06872,1.00,1.00
2015.01.22 23:44:16.056,1.06841,1.06871,1.00,1.00
2015.01.22 23:44:16.781,1.06841,1.06872,1.00,1.00
2015.01.22 23:44:17.092,1.0684,1.0687,1.00,1.00
2015.01.22 23:44:17.804,1.0684,1.06871,1.00,1.00
2015.01.22 23:44:18.194,1.0684,1.06869,1.00,1.00
2015.01.22 23:44:19.242,1.0684,1.06871,1.00,1.00
2015.01.22 23:44:19.444,1.0684,1.06869,1.00,1.00
2015.01.22 23:44:19.546,1.0684,1.06878,1.00,1.52
2015.01.22 23:44:20.580,1.0684,1.06873,1.00,1.00
2015.01.22 23:44:21.140,1.0684,1.06872,1.00,1.00
2015.01.22 23:44:21.445,1.0684,1.06874,1.00,1.00
2015.01.22 23:44:21.748,1.0684,1.06871,1.00,1.00
2015.01.22 23:44:21.850,1.0684,1.06873,1.00,1.00
2015.01.22 23:44:22.567,1.0684,1.06874,1.00,1.00
2015.01.22 23:44:22.964,1.0684,1.06871,1.00,1.00
2015.01.22 23:44:23.774,1.0684,1.06872,1.00,1.00
2015.01.22 23:44:24.002,1.0684,1.06874,1.00,1.00
2015.01.22 23:44:24.810,1.0684,1.06873,1.00,1.00
2015.01.22 23:44:25.030,1.0684,1.06875,1.00,1.20
2015.01.22 23:44:25.547,1.0684,1.06874,1.00,1.00
2015.01.22 23:44:26.092,1.06842,1.06877,1.00,1.37
2015.01.22 23:44:28.737,1.06842,1.06876,1.00,1.12
2015.01.22 23:44:29.043,1.06842,1.06874,1.00,1.00
2015.01.22 23:44:30.791,1.06842,1.06875,1.00,1.00
2015.01.22 23:44:31.377,1.06842,1.06874,1.00,1.00
2015.01.22 23:44:31.681,1.06841,1.06872,1.00,1.00
2015.01.22 23:44:32.223,1.06841,1.06871,1.00,1.00
2015.01.22 23:44:32.747,1.06841,1.06872,1.00,1.00
2015.01.22 23:44:33.814,1.06841,1.06873,1.00,1.00
2015.01.22 23:44:34.431,1.06841,1.06872,1.00,1.00
2015.01.22 23:44:34.985,1.06841,1.06873,1.00,1.00
2015.01.22 23:44:35.036,1.06841,1.06876,1.00,1.12
2015.01.22 23:44:35.510,1.06841,1.06873,1.00,1.00
2015.01.22 23:44:36.102,1.06841,1.06874,1.00,1.00
2015.01.22 23:44:36.421,1.06841,1.06872,1.00,1.00
2015.01.22 23:44:36.878,1.06842,1.06875,1.00,1.00
2015.01.22 23:44:37.593,1.06842,1.06872,1.00,1.00
2015.01.22 23:44:38.792,1.06842,1.06873,1.00,1.00
2015.01.22 23:44:39.526,1.06842,1.06872,1.00,1.00
2015.01.22 23:44:40.642,1.06842,1.06873,1.00,1.00
2015.01.22 23:44:41.384,1.06842,1.06872,1.00,1.00
2015.01.22 23:44:45.273,1.06841,1.06872,1.00,1.00
2015.01.22 23:44:47.480,1.06841,1.06873,1.00,1.00
2015.01.22 23:44:47.986,1.06841,1.06872,1.00,1.00
2015.01.22 23:44:48.819,1.06841,1.06873,1.00,1.00
2015.01.22 23:44:49.510,1.06841,1.06872,1.00,1.00
2015.01.22 23:44:50.820,1.06841,1.06873,1.00,1.00
2015.01.22 23:44:51.023,1.06841,1.06875,1.00,1.00
2015.01.22 23:44:51.569,1.06841,1.06874,1.00,1.00
2015.01.22 23:44:52.050,1.06841,1.06872,1.00,1.00
2015.01.22 23:44:54.081,1.06841,1.06873,1.00,1.00
2015.01.22 23:44:54.881,1.06841,1.06872,1.00,1.00
2015.01.22 23:44:56.000,1.06841,1.06873,1.00,1.00
2015.01.22 23:44:56.520,1.06841,1.06872,1.00,1.00
2015.01.22 23:44:57.210,1.06841,1.06875,1.00,1.12
2015.01.22 23:44:57.964,1.06841,1.06874,1.00,1.00
2015.01.22 23:44:58.499,1.06841,1.06875,1.00,1.12
2015.01.22 23:44:59.465,1.06841,1.06873,1.00,1.00
2015.01.22 23:45:00.289,1.06841,1.06877,1.00,1.37
2015.01.22 23:45:00.857,1.06842,1.06877,1.00,1.37
2015.01.22 23:45:01.515,1.06842,1.06877,1.00,1.37
2015.01.22 23:45:05.032,1.06842,1.06875,1.00,1.00
2015.01.22 23:45:05.557,1.06842,1.06877,1.00,1.37
2015.01.22 23:45:06.099,1.06843,1.06877,1.00,1.37
2015.01.22 23:45:08.290,1.06843,1.06875,1.00,1.00
2015.01.22 23:45:09.307,1.06843,1.06876,1.00,1.12
2015.01.22 23:45:10.157,1.06843,1.06875,1.00,1.00
2015.01.22 23:45:12.446,1.06843,1.06876,1.00,1.12
2015.01.22 23:45:13.149,1.06843,1.06875,1.00,1.00
2015.01.22 23:45:14.673,1.06843,1.06876,1.00,1.12
2015.01.22 23:45:15.199,1.06843,1.06875,1.00,1.00
2015.01.22 23:45:16.011,1.06843,1.06876,1.00,1.12
2015.01.22 23:45:16.524,1.06843,1.06875,1.00,1.00
2015.01.22 23:45:17.418,1.06843,1.06876,1.00,1.12
2015.01.22 23:45:17.671,1.06843,1.06874,1.00,1.00
2015.01.22 23:45:17.873,1.06843,1.06876,1.00,1.12
2015.01.22 23:45:18.519,1.06843,1.06875,1.00,1.00
2015.01.22 23:45:19.403,1.06843,1.06876,1.00,1.12
2015.01.22 23:45:19.914,1.06843,1.06875,1.00,1.00
2015.01.22 23:45:20.483,1.06843,1.06879,1.00,1.37
2015.01.22 23:45:22.409,1.06843,1.06875,1.00,1.00
2015.01.22 23:45:23.150,1.06843,1.06876,1.00,1.12
2015.01.22 23:45:23.869,1.06843,1.06875,1.00,1.00
2015.01.22 23:45:24.387,1.06843,1.06876,1.00,1.12
2015.01.22 23:45:25.061,1.06843,1.06874,1.00,1.00
2015.01.22 23:45:26.179,1.06843,1.06875,1.00,1.00
2015.01.22 23:45:26.729,1.06843,1.06874,1.00,1.00
2015.01.22 23:45:28.869,1.06842,1.06874,1.00,1.00
2015.01.22 23:45:29.377,1.06842,1.06875,1.00,1.00
2015.01.22 23:45:30.093,1.06842,1.06874,1.00,1.00
2015.01.22 23:45:30.450,1.06842,1.06876,1.00,1.12
2015.01.22 23:45:33.471,1.06842,1.06875,1.00,1.00
2015.01.22 23:45:34.020,1.06842,1.06876,1.00,1.12
2015.01.22 23:45:34.531,1.06842,1.06875,1.00,1.00
2015.01.22 23:45:35.061,1.06842,1.06877,1.00,1.87
2015.01.22 23:45:35.217,1.06842,1.06873,1.00,1.00
2015.01.22 23:45:35.419,1.06842,1.06875,1.00,1.00
2015.01.22 23:45:35.924,1.06842,1.06877,1.00,1.37
2015.01.22 23:45:36.126,1.06842,1.06874,1.00,1.00
2015.01.22 23:45:36.227,1.06842,1.06877,1.00,1.87
2015.01.22 23:45:36.829,1.06842,1.06874,1.00,1.00
2015.01.22 23:45:36.930,1.06842,1.06876,1.00,1.12
2015.01.22 23:45:37.234,1.06842,1.06874,1.00,1.00
2015.01.22 23:45:37.335,1.06842,1.06877,1.00,1.87
2015.01.22 23:45:37.436,1.06842,1.06874,1.00,1.00
2015.01.22 23:45:37.638,1.06842,1.06876,1.00,1.12
2015.01.22 23:45:38.565,1.06842,1.06873,1.00,1.00
2015.01.22 23:45:38.975,1.06842,1.06876,1.00,1.12
2015.01.22 23:45:39.285,1.06842,1.06874,1.00,1.00
2015.01.22 23:45:40.477,1.06842,1.06873,1.00,1.00
2015.01.22 23:45:40.988,1.06842,1.06874,1.00,1.00
2015.01.22 23:45:42.197,1.06842,1.06877,1.00,1.95
2015.01.22 23:45:42.400,1.06842,1.06874,1.00,1.00
2015.01.22 23:45:42.608,1.06842,1.06877,1.00,1.95
2015.01.22 23:45:43.448,1.06842,1.06874,1.00,1.00
2015.01.22 23:45:43.962,1.06842,1.06873,1.00,1.00
2015.01.22 23:45:44.063,1.06842,1.06877,1.00,1.95
2015.01.22 23:45:44.165,1.06842,1.06874,1.00,1.00
2015.01.22 23:45:44.541,1.06842,1.06877,1.00,1.45
2015.01.22 23:45:45.096,1.06842,1.06874,1.00,1.00
2015.01.22 23:45:45.605,1.06842,1.06872,1.00,1.00
2015.01.22 23:45:45.908,1.06843,1.06877,1.00,1.45
2015.01.22 23:45:47.600,1.06843,1.06873,1.00,1.00
2015.01.22 23:45:47.802,1.06843,1.06877,1.00,1.45
2015.01.22 23:45:48.155,1.06843,1.06872,1.00,1.00
2015.01.22 23:45:48.567,1.06843,1.06874,1.00,1.00
2015.01.22 23:45:50.990,1.06843,1.06875,1.00,1.00
2015.01.22 23:45:51.091,1.06843,1.06872,1.00,1.00
2015.01.22 23:45:51.192,1.06843,1.06875,1.00,1.00
2015.01.22 23:45:52.535,1.06843,1.06876,1.00,1.20
2015.01.22 23:45:53.448,1.06843,1.06875,1.00,1.00
2015.01.22 23:45:54.434,1.06843,1.06876,1.00,1.20
2015.01.22 23:45:55.148,1.06843,1.06875,1.00,1.00
2015.01.22 23:45:55.462,1.06843,1.06873,1.00,1.00
2015.01.22 23:45:55.765,1.06843,1.06877,1.00,1.57
2015.01.22 23:45:57.417,1.06842,1.06878,1.00,1.12
2015.01.22 23:45:57.930,1.06842,1.06875,1.00,1.00
2015.01.22 23:45:58.439,1.06842,1.06876,1.00,1.20
2015.01.22 23:45:58.641,1.06842,1.06874,1.00,1.00
2015.01.22 23:45:59.241,1.06842,1.06873,1.00,1.00
2015.01.22 23:46:00.599,1.06842,1.06874,1.00,1.00
2015.01.22 23:46:00.801,1.06842,1.06876,1.00,1.20
2015.01.22 23:46:01.310,1.06841,1.06876,1.00,1.20
2015.01.22 23:46:01.411,1.06841,1.06873,1.00,1.00
2015.01.22 23:46:01.714,1.06841,1.06876,1.00,1.57
2015.01.22 23:46:01.765,1.06838,1.06876,1.37,1.57
2015.01.22 23:46:02.017,1.06838,1.06869,1.00,1.00
2015.01.22 23:46:02.874,1.06838,1.06867,1.00,1.00
2015.01.22 23:46:03.406,1.06838,1.06868,1.00,1.00
2015.01.22 23:46:03.457,1.06838,1.06874,1.00,1.37
2015.01.22 23:46:04.061,1.06838,1.06867,1.00,1.00
2015.01.22 23:46:04.608,1.06838,1.06868,1.00,1.00
2015.01.22 23:46:05.716,1.06837,1.06867,1.50,1.00
2015.01.22 23:46:06.221,1.06834,1.06871,1.00,1.00
2015.01.22 23:46:06.272,1.06831,1.06869,1.00,1.00
2015.01.22 23:46:06.322,1.06831,1.06867,1.00,1.00
2015.01.22 23:46:06.638,1.06835,1.06867,1.00,1.00
2015.01.22 23:46:07.149,1.06835,1.06868,1.00,1.00
2015.01.22 23:46:07.666,1.06835,1.06867,1.00,1.00
2015.01.22 23:46:08.179,1.06835,1.06866,1.00,1.00
2015.01.22 23:46:08.281,1.06835,1.06869,1.00,1.10
2015.01.22 23:46:08.842,1.06835,1.06868,1.00,1.00
2015.01.22 23:46:09.373,1.06835,1.06869,1.00,1.10
2015.01.22 23:46:10.900,1.06838,1.06871,1.00,1.12
2015.01.22 23:46:11.002,1.06838,1.06873,1.00,1.00
2015.01.22 23:46:11.053,1.06838,1.0687,1.00,1.00
2015.01.22 23:46:11.104,1.06838,1.06875,1.00,1.95
2015.01.22 23:46:11.205,1.06842,1.06875,1.00,1.95
2015.01.22 23:46:11.763,1.06842,1.06875,1.00,1.12
2015.01.22 23:46:13.999,1.06842,1.06874,1.00,1.00
2015.01.22 23:46:14.556,1.06842,1.06873,1.00,1.00
2015.01.22 23:46:15.973,1.06842,1.06874,1.00,1.00
2015.01.22 23:46:16.503,1.06842,1.06873,1.00,1.00
2015.01.22 23:46:16.604,1.06842,1.06875,1.00,1.87
2015.01.22 23:46:18.615,1.06842,1.06871,1.00,1.00
2015.01.22 23:46:18.930,1.06842,1.06873,1.00,1.00
2015.01.22 23:46:19.032,1.06842,1.06871,1.00,1.00
2015.01.22 23:46:19.133,1.06842,1.06874,1.00,1.00
2015.01.22 23:46:21.190,1.06842,1.06875,1.00,1.12
2015.01.22 23:46:26.348,1.06842,1.06873,1.00,1.00
2015.01.22 23:46:27.334,1.06842,1.06874,1.00,1.00
2015.01.22 23:46:28.285,1.06842,1.06873,1.00,1.00
2015.01.22 23:46:28.894,1.06842,1.06874,1.00,1.00
2015.01.22 23:46:30.166,1.06842,1.06873,1.00,1.00
2015.01.22 23:46:30.875,1.06842,1.06874,1.00,1.00
2015.01.22 23:46:31.406,1.06842,1.06873,1.00,1.00
2015.01.22 23:46:32.304,1.06842,1.06874,1.00,1.00
2015.01.22 23:46:33.329,1.06842,1.06873,1.00,1.00
2015.01.22 23:46:34.447,1.06842,1.06874,1.00,1.00
2015.01.22 23:46:35.667,1.06842,1.06873,1.00,1.00
2015.01.22 23:46:36.210,1.06842,1.06874,1.00,1.00
2015.01.22 23:46:36.808,1.06842,1.06873,1.00,1.00
2015.01.22 23:46:37.062,1.06842,1.06875,1.00,1.12
2015.01.22 23:46:39.537,1.06842,1.06873,1.00,1.00
2015.01.22 23:46:40.118,1.06841,1.06873,1.00,1.00
2015.01.22 23:46:41.209,1.06841,1.06874,1.00,1.00
2015.01.22 23:46:41.717,1.06841,1.06873,1.00,1.00
2015.01.22 23:46:41.869,1.06841,1.06876,1.00,1.47
2015.01.22 23:46:42.172,1.06844,1.06878,1.00,1.50
2015.01.22 23:46:42.802,1.06844,1.06874,1.00,1.00
2015.01.22 23:46:43.365,1.06844,1.06873,1.00,1.00
2015.01.22 23:46:44.318,1.06844,1.06874,1.00,1.00
2015.01.22 23:46:44.845,1.06844,1.06875,1.00,1.12
2015.01.22 23:46:46.871,1.06844,1.06874,1.00,1.00
2015.01.22 23:46:47.380,1.06842,1.06874,1.00,1.00
2015.01.22 23:46:47.943,1.06842,1.06875,1.00,1.12
2015.01.22 23:46:49.296,1.06842,1.06874,1.00,1.00
2015.01.22 23:46:49.888,1.06842,1.06873,1.00,1.00
2015.01.22 23:46:50.451,1.06842,1.06874,1.00,1.00
2015.01.22 23:46:51.047,1.06842,1.06873,1.00,1.00
2015.01.22 23:46:51.352,1.06842,1.06877,1.00,1.45
2015.01.22 23:46:53.263,1.06842,1.06874,1.00,1.00
2015.01.22 23:46:53.770,1.06842,1.06875,1.00,1.12
2015.01.22 23:46:54.275,1.06842,1.06874,1.00,1.00
2015.01.22 23:46:55.405,1.06842,1.06878,1.00,2.25
2015.01.22 23:47:00.301,1.06842,1.06875,1.00,1.00
2015.01.22 23:47:00.838,1.06842,1.06877,1.00,1.95
2015.01.22 23:47:02.207,1.06842,1.06875,1.00,1.00
2015.01.22 23:47:02.718,1.06842,1.06877,1.00,1.95
2015.01.22 23:47:08.265,1.06842,1.06875,1.00,1.00
2015.01.22 23:47:09.595,1.06842,1.06877,1.00,1.47
2015.01.22 23:47:09.646,1.0684,1.06877,1.00,1.47
2015.01.22 23:47:09.697,1.0684,1.06874,1.00,1.00
2015.01.22 23:47:10.006,1.0684,1.06872,1.00,1.00
2015.01.22 23:47:10.596,1.0684,1.06871,1.00,1.00
2015.01.22 23:47:11.182,1.0684,1.06872,1.00,1.00
2015.01.22 23:47:11.283,1.0684,1.06875,1.00,1.00
2015.01.22 23:47:11.806,1.0684,1.06877,1.00,1.47
2015.01.22 23:47:12.527,1.06843,1.06877,1.00,1.47
2015.01.22 23:47:17.518,1.06843,1.06879,1.00,1.50
2015.01.22 23:47:17.889,1.06843,1.0688,1.00,1.20
2015.01.22 23:47:18.091,1.06843,1.06882,1.00,1.95
2015.01.22 23:47:20.816,1.06843,1.06883,1.00,1.12
2015.01.22 23:47:21.069,1.06844,1.06881,1.00,1.47
2015.01.22 23:47:21.221,1.06844,1.06882,1.00,2.32
2015.01.22 23:47:22.075,1.06844,1.06879,1.00,1.00
2015.01.22 23:47:22.279,1.06844,1.06882,1.00,2.32
2015.01.22 23:47:24.020,1.06844,1.0688,1.00,1.00
2015.01.22 23:47:24.121,1.06844,1.0688,1.00,1.37
2015.01.22 23:47:24.273,1.0684,1.06877,1.00,1.00
2015.01.22 23:47:24.425,1.0684,1.06879,1.00,1.00
2015.01.22 23:47:24.879,1.06844,1.06882,1.00,1.45
2015.01.22 23:47:25.500,1.06844,1.06883,1.00,2.25
2015.01.22 23:47:27.242,1.06844,1.06878,1.00,1.00
2015.01.22 23:47:27.549,1.06844,1.0688,1.00,1.00
2015.01.22 23:47:28.056,1.06844,1.06882,1.00,1.07
2015.01.22 23:47:30.847,1.06844,1.0688,1.00,1.00
2015.01.22 23:47:31.049,1.06844,1.06878,1.00,1.00
2015.01.22 23:47:31.251,1.06844,1.06881,1.00,1.20
2015.01.22 23:47:31.756,1.06843,1.06881,1.00,1.47
2015.01.22 23:47:32.128,1.06843,1.06878,1.00,1.00
2015.01.22 23:47:32.280,1.06843,1.0688,1.00,1.12
2015.01.22 23:47:32.381,1.06843,1.0688,1.00,1.12
2015.01.22 23:47:34.149,1.06843,1.06875,1.00,1.37
2015.01.22 23:47:40.208,1.06838,1.06877,1.00,1.87
2015.01.22 23:47:40.713,1.06838,1.06877,1.00,1.87
2015.01.22 23:47:40.764,1.06838,1.06877,1.00,1.87
2015.01.22 23:47:44.721,1.06838,1.06877,1.00,1.87
2015.01.22 23:47:48.932,1.06839,1.06877,1.00,1.37
2015.01.22 23:47:49.033,1.06839,1.06879,1.00,2.62
2015.01.22 23:47:53.931,1.06839,1.06875,1.00,1.37
2015.01.22 23:47:54.548,1.06839,1.06875,1.00,1.37
2015.01.22 23:47:55.062,1.06838,1.06875,1.00,1.37
2015.01.22 23:47:59.159,1.06838,1.06876,1.00,2.25
2015.01.22 23:48:00.841,1.06838,1.06876,1.00,1.37
2015.01.22 23:48:05.956,1.06839,1.06876,1.00,1.37
2015.01.22 23:48:06.058,1.06839,1.06876,1.00,1.75
2015.01.22 23:48:06.162,1.06839,1.06876,1.00,1.37
2015.01.22 23:48:08.277,1.06839,1.06876,1.00,3.00
2015.01.22 23:48:08.339,1.06839,1.06876,1.00,3.37
2015.01.22 23:48:13.256,1.06839,1.06874,1.00,1.37
2015.01.22 23:48:13.560,1.06838,1.06872,1.00,1.50
2015.01.22 23:48:18.677,1.06837,1.06871,1.00,2.25
2015.01.22 23:48:21.920,1.06837,1.06871,1.50,1.50
2015.01.22 23:48:22.123,1.06837,1.06869,1.00,1.50
2015.01.22 23:48:22.174,1.06832,1.06868,1.00,1.37
2015.01.22 23:48:22.705,1.06832,1.06869,1.00,1.75
2015.01.22 23:48:23.231,1.06832,1.06869,1.00,1.50
2015.01.22 23:48:24.361,1.06832,1.06867,1.00,1.37
2015.01.22 23:48:25.340,1.06832,1.06864,1.00,1.00
2015.01.22 23:48:26.063,1.06832,1.06865,1.00,1.12
2015.01.22 23:48:28.576,1.06832,1.06867,1.00,1.75
2015.01.22 23:48:29.487,1.06832,1.06864,1.00,1.50
2015.01.22 23:48:31.092,1.06832,1.06864,1.00,1.00
2015.01.22 23:48:31.754,1.0683,1.06867,1.00,1.50
2015.01.22 23:48:35.029,1.0683,1.06866,1.00,1.75
2015.01.22 23:48:35.332,1.0683,1.06866,1.00,1.12
2015.01.22 23:48:35.600,1.0683,1.06864,1.00,1.00
2015.01.22 23:48:37.541,1.0683,1.06863,1.00,1.00
2015.01.22 23:48:38.073,1.0683,1.06861,1.00,1.00
2015.01.22 23:48:40.054,1.06828,1.06866,1.37,1.87
2015.01.22 23:48:40.360,1.06828,1.06859,1.37,1.00
2015.01.22 23:48:40.411,1.06828,1.06861,1.37,1.12
2015.01.22 23:48:41.746,1.06828,1.06864,1.37,1.00
2015.01.22 23:48:42.313,1.06828,1.06863,1.12,1.00
2015.01.22 23:48:42.836,1.06828,1.06866,1.12,1.75
2015.01.22 23:48:43.387,1.06828,1.06866,1.12,1.75
2015.01.22 23:48:43.921,1.06828,1.06866,1.12,1.75
2015.01.22 23:48:44.438,1.06828,1.06865,1.37,1.75
2015.01.22 23:48:44.943,1.06828,1.06865,1.12,1.75
2015.01.22 23:48:45.075,1.06828,1.06865,1.12,1.75
2015.01.22 23:48:45.378,1.06831,1.06862,1.00,1.50
2015.01.22 23:48:51.815,1.06829,1.06866,1.00,1.37
2015.01.22 23:48:54.315,1.06829,1.06865,1.00,1.37
2015.01.22 23:48:57.294,1.0683,1.06863,1.00,1.37
2015.01.22 23:48:59.595,1.0683,1.06869,1.00,2.25
2015.01.22 23:49:00.610,1.0683,1.06864,1.00,1.00
2015.01.22 23:49:01.156,1.0683,1.06865,1.00,1.12
2015.01.22 23:49:01.763,1.0683,1.06864,1.00,1.00
2015.01.22 23:49:02.185,1.0683,1.06862,1.00,1.00
2015.01.22 23:49:02.287,1.0683,1.06868,1.00,1.12
2015.01.22 23:49:02.489,1.0683,1.06866,1.00,1.00
2015.01.22 23:49:02.792,1.0684,1.06875,1.00,1.00
2015.01.22 23:49:02.843,1.0684,1.06879,1.00,2.62
2015.01.22 23:49:03.364,1.0684,1.06879,1.00,1.87
2015.01.22 23:49:03.882,1.0684,1.06879,1.00,2.62
2015.01.22 23:49:05.167,1.0684,1.06879,1.00,2.62
2015.01.22 23:49:05.319,1.0684,1.06879,1.00,3.00
2015.01.22 23:49:11.594,1.0684,1.06877,1.00,1.50
2015.01.22 23:49:12.102,1.06841,1.06875,1.00,1.20
2015.01.22 23:49:12.153,1.06837,1.06875,1.00,1.95
2015.01.22 23:49:12.204,1.06837,1.06875,1.00,1.95
2015.01.22 23:49:12.305,1.06834,1.06874,1.00,1.75
2015.01.22 23:49:12.406,1.06837,1.06871,1.00,1.12
2015.01.22 23:49:12.507,1.06839,1.06876,1.00,2.40
2015.01.22 23:49:12.609,1.06839,1.06873,1.00,1.12
2015.01.22 23:49:12.710,1.06839,1.06876,1.00,1.27
2015.01.22 23:49:12.912,1.06839,1.06877,1.00,1.00
2015.01.22 23:49:13.418,1.06839,1.06878,1.00,1.00
2015.01.22 23:49:13.570,1.06839,1.06877,1.00,1.37
2015.01.22 23:49:13.874,1.06839,1.06873,1.00,1.00
2015.01.22 23:49:14.026,1.06835,1.06871,1.00,1.00
2015.01.22 23:49:14.127,1.06835,1.06875,1.00,1.65
2015.01.22 23:49:14.279,1.06838,1.06877,1.00,1.87
2015.01.22 23:49:14.734,1.06838,1.06874,1.00,1.00
2015.01.22 23:49:14.835,1.06838,1.06877,1.00,3.00
2015.01.22 23:49:15.088,1.06838,1.06874,1.00,1.00
2015.01.22 23:49:15.787,1.06838,1.06875,1.00,1.87
2015.01.22 23:49:16.611,1.06838,1.0687,1.00,1.00
2015.01.22 23:49:16.712,1.06838,1.06873,1.00,1.00
2015.01.22 23:49:16.915,1.06838,1.06876,1.00,1.07
2015.01.22 23:49:17.124,1.06838,1.06874,1.00,1.37
2015.01.22 23:49:17.630,1.06838,1.06871,1.00,1.00
2015.01.22 23:49:18.247,1.06838,1.06872,1.00,1.12
2015.01.22 23:49:18.860,1.06838,1.06871,1.00,1.00
2015.01.22 23:49:22.161,1.06839,1.06871,1.00,1.00
2015.01.22 23:49:22.833,1.06839,1.06873,1.00,2.25
2015.01.22 23:49:24.014,1.06839,1.06872,1.00,1.37
2015.01.22 23:49:27.131,1.06839,1.06869,1.00,1.37
2015.01.22 23:49:27.181,1.06832,1.06869,1.00,1.37
2015.01.22 23:49:36.105,1.06836,1.0687,1.00,1.37
2015.01.22 23:49:36.156,1.06836,1.0687,1.00,1.00
2015.01.22 23:49:36.257,1.06836,1.06873,1.00,1.00
2015.01.22 23:49:36.308,1.0684,1.06873,1.00,1.00
2015.01.22 23:49:36.611,1.0684,1.06874,1.00,1.37
2015.01.22 23:49:38.543,1.0684,1.06875,1.00,1.12
2015.01.22 23:49:40.086,1.0684,1.06875,1.00,1.37
2015.01.22 23:49:40.325,1.0684,1.06875,1.00,1.00
2015.01.22 23:49:42.505,1.0684,1.06873,1.00,1.00
2015.01.22 23:49:42.809,1.0684,1.06871,1.00,1.00
2015.01.22 23:49:43.314,1.0684,1.0687,1.00,1.00
2015.01.22 23:49:43.829,1.0684,1.06872,1.00,1.00
2015.01.22 23:49:44.338,1.0684,1.06873,1.00,1.00
2015.01.22 23:49:47.906,1.0684,1.06871,1.00,1.00
2015.01.22 23:49:49.304,1.0684,1.06873,1.00,1.00
2015.01.22 23:49:49.866,1.0683,1.06867,1.00,1.87
2015.01.22 23:49:49.917,1.06828,1.06867,1.00,2.25
2015.01.22 23:49:49.968,1.06831,1.06857,1.00,1.00
2015.01.22 23:49:50.069,1.06824,1.06857,1.00,1.00
2015.01.22 23:49:50.120,1.06824,1.06861,1.00,1.00
2015.01.22 23:49:50.171,1.06827,1.06861,1.50,1.00
2015.01.22 23:49:50.221,1.06827,1.06866,1.50,1.17
2015.01.22 23:49:50.373,1.0683,1.06863,1.00,1.00
2015.01.22 23:49:50.625,1.06835,1.06873,1.00,1.00
2015.01.22 23:49:50.677,1.06835,1.06873,1.00,1.45
2015.01.22 23:49:50.980,1.06835,1.06866,1.00,1.00
2015.01.22 23:49:53.646,1.06835,1.06871,1.00,2.40
2015.01.22 23:49:53.848,1.06835,1.06871,1.00,2.02
2015.01.22 23:49:54.050,1.06835,1.0687,1.00,1.37
2015.01.22 23:49:54.353,1.06835,1.0687,1.00,1.37
2015.01.22 23:49:54.858,1.06835,1.0687,1.00,1.37
2015.01.22 23:49:55.385,1.06835,1.0687,1.00,1.12
2015.01.22 23:49:56.171,1.06835,1.06869,1.00,1.00
2015.01.22 23:49:56.586,1.06835,1.06865,1.00,1.37
2015.01.22 23:49:56.688,1.06831,1.06859,1.00,1.00
2015.01.22 23:49:56.940,1.06831,1.06864,1.00,1.50
2015.01.22 23:49:57.143,1.06831,1.06866,1.00,1.00
2015.01.22 23:49:57.194,1.06834,1.06866,1.00,1.00
2015.01.22 23:49:57.245,1.06834,1.06869,1.00,1.00
2015.01.22 23:49:57.922,1.06834,1.0687,1.00,1.00
2015.01.22 23:49:59.463,1.06836,1.0687,1.00,1.00
2015.01.22 23:49:59.577,1.06837,1.06872,1.00,1.10
2015.01.22 23:50:00.108,1.06836,1.06873,1.00,1.17
2015.01.22 23:50:00.786,1.06837,1.06873,1.00,1.65
2015.01.22 23:50:01.402,1.06836,1.06873,1.00,1.17
2015.01.22 23:50:02.011,1.06837,1.06873,1.00,1.17
2015.01.22 23:50:02.520,1.06836,1.06873,1.00,1.00
2015.01.22 23:50:02.722,1.06838,1.06876,1.00,2.32
2015.01.22 23:50:06.608,1.06838,1.06871,1.00,1.00
2015.01.22 23:50:07.163,1.06838,1.0687,1.00,1.00
2015.01.22 23:50:11.004,1.06838,1.06869,1.00,1.00
2015.01.22 23:50:11.312,1.06839,1.06872,1.00,1.00
2015.01.22 23:50:11.464,1.06839,1.06874,1.00,1.00
2015.01.22 23:50:12.203,1.06839,1.06877,1.00,1.95
2015.01.22 23:50:18.345,1.06841,1.06874,1.00,1.00
2015.01.22 23:50:18.850,1.06841,1.06873,1.00,1.00
2015.01.22 23:50:20.147,1.06841,1.06876,1.00,1.20
2015.01.22 23:50:20.450,1.06841,1.06879,1.00,1.00
2015.01.22 23:50:21.154,1.06841,1.06879,1.00,1.37
2015.01.22 23:50:21.356,1.06841,1.06879,1.00,1.00
2015.01.22 23:50:21.559,1.06843,1.06884,1.00,1.00
2015.01.22 23:50:24.260,1.06848,1.06886,1.00,1.00
2015.01.22 23:50:24.462,1.0685,1.06891,1.00,1.50
2015.01.22 23:50:26.096,1.06851,1.06891,1.00,1.00
2015.01.22 23:50:26.781,1.0685,1.06891,1.00,1.00
2015.01.22 23:50:27.535,1.0685,1.06891,1.37,1.00
2015.01.22 23:50:27.637,1.0685,1.06891,1.12,1.00
2015.01.22 23:50:27.688,1.06855,1.06893,1.00,1.37
2015.01.22 23:50:28.195,1.06855,1.06893,1.00,1.00
2015.01.22 23:50:28.548,1.06858,1.06897,1.00,1.00
2015.01.22 23:50:29.252,1.06858,1.06896,1.00,1.00
2015.01.22 23:50:29.808,1.06854,1.06893,1.00,1.50
2015.01.22 23:50:31.572,1.06856,1.06893,1.00,1.00
2015.01.22 23:50:31.693,1.06854,1.06893,1.00,1.00
2015.01.22 23:50:33.897,1.06854,1.06892,1.00,1.00
2015.01.22 23:50:36.176,1.06854,1.06891,1.00,1.00
2015.01.22 23:50:36.429,1.06854,1.06893,1.00,1.50
2015.01.22 23:50:36.532,1.06854,1.06891,1.00,1.00
2015.01.22 23:50:36.735,1.06854,1.06894,1.00,1.00
2015.01.22 23:50:37.290,1.06854,1.06893,1.00,1.00
2015.01.22 23:50:37.796,1.06854,1.06894,1.00,1.00
2015.01.22 23:50:38.613,1.06856,1.06894,1.00,1.00
2015.01.22 23:50:38.714,1.06854,1.06894,1.50,1.00
2015.01.22 23:50:39.320,1.06858,1.06897,1.00,1.00
2015.01.22 23:50:44.213,1.06858,1.06894,1.00,1.00
2015.01.22 23:50:44.466,1.06856,1.06894,1.00,1.00
2015.01.22 23:50:44.523,1.06856,1.06892,1.00,1.00
2015.01.22 23:50:46.051,1.06851,1.06892,1.00,1.50
2015.01.22 23:50:46.102,1.06851,1.06888,1.00,1.00
2015.01.22 23:50:47.969,1.06851,1.06887,1.00,1.00
2015.01.22 23:50:52.485,1.06851,1.06889,1.00,1.00
2015.01.22 23:50:53.874,1.06851,1.06887,1.00,1.00
2015.01.22 23:50:53.983,1.06851,1.06889,1.00,1.00
2015.01.22 23:50:57.747,1.06851,1.06892,1.00,1.50
2015.01.22 23:50:58.265,1.0685,1.06891,1.00,1.00
2015.01.22 23:51:00.517,1.0685,1.06888,1.00,1.00
2015.01.22 23:51:00.618,1.0685,1.06891,1.00,1.00
2015.01.22 23:51:00.770,1.06854,1.06894,1.00,1.00
2015.01.22 23:51:01.073,1.06857,1.06894,1.75,1.00
2015.01.22 23:51:01.174,1.06859,1.06897,1.75,1.00
2015.01.22 23:51:02.171,1.06859,1.06897,1.87,1.00
2015.01.22 23:51:04.044,1.06859,1.06897,1.00,1.00
2015.01.22 23:51:11.044,1.06859,1.06896,1.00,1.00
2015.01.22 23:51:11.297,1.06855,1.06894,1.00,1.00
2015.01.22 23:51:11.802,1.06855,1.06893,1.00,1.00
2015.01.22 23:51:16.204,1.06855,1.06891,1.00,1.00
2015.01.22 23:51:16.406,1.06853,1.06891,1.00,1.00
2015.01.22 23:51:16.911,1.06853,1.06892,1.00,1.00
2015.01.22 23:51:24.971,1.06852,1.06891,1.00,1.00
2015.01.22 23:51:36.144,1.06852,1.06888,1.00,1.00
2015.01.22 23:51:48.994,1.06851,1.06888,1.00,1.00
2015.01.22 23:51:49.503,1.06851,1.06887,1.00,1.00
2015.01.22 23:52:02.918,1.06849,1.06887,1.00,1.50
2015.01.22 23:52:03.547,1.06849,1.06887,1.00,1.50
2015.01.22 23:52:03.648,1.06849,1.06886,1.00,1.50
2015.01.22 23:52:03.901,1.06845,1.06881,1.00,1.12
2015.01.22 23:52:04.328,1.06845,1.06881,1.00,1.37
2015.01.22 23:52:04.631,1.06841,1.06873,1.00,1.37
2015.01.22 23:52:11.350,1.06839,1.06872,1.00,1.50
2015.01.22 23:52:11.916,1.06839,1.06874,1.00,1.20
2015.01.22 23:52:12.704,1.06839,1.06875,1.00,1.37
2015.01.22 23:52:12.805,1.06839,1.06877,1.00,1.20
2015.01.22 23:52:13.209,1.06839,1.06873,1.00,1.00
2015.01.22 23:52:13.947,1.06839,1.06873,1.00,1.37
2015.01.22 23:52:14.467,1.06839,1.06873,1.00,1.37
2015.01.22 23:52:14.666,1.06839,1.06877,1.00,1.12
2015.01.22 23:52:14.716,1.06839,1.06877,1.00,1.50
2015.01.22 23:52:15.221,1.06839,1.06876,1.00,1.12
2015.01.22 23:52:16.484,1.06839,1.06876,1.00,1.12
2015.01.22 23:52:16.998,1.06839,1.06875,1.00,1.00
2015.01.22 23:52:19.146,1.06839,1.06875,1.00,1.07
2015.01.22 23:52:19.197,1.06839,1.06875,1.00,1.82
2015.01.22 23:52:19.500,1.06807,1.06846,1.82,1.75
2015.01.22 23:52:19.601,1.06807,1.06844,1.75,1.37
2015.01.22 23:52:19.702,1.06817,1.06844,1.00,1.00
2015.01.22 23:52:19.905,1.06808,1.06847,1.50,1.37
2015.01.22 23:52:20.056,1.06804,1.06847,1.12,1.37
2015.01.22 23:52:20.157,1.06806,1.06847,1.10,1.37
2015.01.22 23:52:20.360,1.06807,1.06847,1.37,1.00
2015.01.22 23:52:20.512,1.06804,1.06847,1.00,1.37
2015.01.22 23:52:20.563,1.06804,1.06842,1.00,1.37
2015.01.22 23:52:22.055,1.06804,1.06842,1.00,1.50
2015.01.22 23:52:22.803,1.06807,1.06842,1.00,1.50
2015.01.22 23:52:24.865,1.06807,1.06844,1.00,1.50
2015.01.22 23:52:25.386,1.06807,1.06846,1.00,1.50
2015.01.22 23:52:27.200,1.06815,1.06846,1.00,1.00
2015.01.22 23:52:27.353,1.06819,1.06851,1.00,1.00
2015.01.22 23:52:27.404,1.06824,1.06855,1.00,1.00
2015.01.22 23:52:27.506,1.06824,1.06859,1.12,1.37
2015.01.22 23:52:27.557,1.06824,1.06864,1.12,1.00
2015.01.22 23:52:27.709,1.06826,1.06864,1.00,1.00
2015.01.22 23:52:27.911,1.06828,1.06872,1.10,1.00
2015.01.22 23:52:27.962,1.06831,1.06872,1.00,1.00
2015.01.22 23:52:28.312,1.06832,1.06876,1.07,1.00
2015.01.22 23:52:28.927,1.06832,1.06875,1.07,1.00
2015.01.22 23:52:29.134,1.06832,1.06869,1.07,1.00
2015.01.22 23:52:29.882,1.06832,1.06867,1.07,1.00
2015.01.22 23:52:30.510,1.06832,1.06867,1.07,1.07
2015.01.22 23:52:31.063,1.06832,1.06865,1.07,2.29
2015.01.22 23:52:31.166,1.06832,1.06867,1.07,1.10
2015.01.22 23:52:31.680,1.06832,1.06866,1.07,1.00
2015.01.22 23:52:32.214,1.06832,1.06866,1.00,1.00
2015.01.22 23:52:33.230,1.06832,1.06867,1.00,1.10
2015.01.22 23:52:34.161,1.0683,1.06869,1.00,1.07
2015.01.22 23:52:34.464,1.0683,1.06869,1.87,1.07
2015.01.22 23:52:35.035,1.0683,1.06871,1.87,1.07
2015.01.22 23:52:36.124,1.0683,1.06871,1.87,1.07
2015.01.22 23:52:36.729,1.0683,1.06871,1.87,1.07
2015.01.22 23:52:37.439,1.0683,1.06871,1.87,1.07
2015.01.22 23:52:37.941,1.0683,1.06871,1.87,1.07
2015.01.22 23:52:38.502,1.0683,1.06865,1.87,1.00
2015.01.22 23:52:38.944,1.0683,1.06863,1.87,1.00
2015.01.22 23:52:39.602,1.0683,1.06865,1.87,1.00
2015.01.22 23:52:40.158,1.06838,1.06865,1.00,1.00
2015.01.22 23:52:45.146,1.06838,1.06863,1.00,1.00
2015.01.22 23:52:45.557,1.0683,1.0686,1.12,1.00
2015.01.22 23:52:45.659,1.06829,1.06856,1.37,1.00
2015.01.22 23:52:46.132,1.06833,1.06859,1.12,1.00
2015.01.22 23:52:48.544,1.06844,1.06859,1.00,1.00
2015.01.22 23:52:48.645,1.06844,1.06872,1.00,1.17
2015.01.22 23:52:48.696,1.06844,1.06872,1.00,1.17
2015.01.22 23:52:48.747,1.06847,1.06873,1.00,1.57
2015.01.22 23:52:48.797,1.06847,1.06873,1.00,1.50
2015.01.22 23:52:48.848,1.06842,1.06873,1.00,1.00
2015.01.22 23:52:48.899,1.06842,1.06873,1.00,1.07
2015.01.22 23:52:49.253,1.06839,1.0687,1.00,1.00
2015.01.22 23:52:49.304,1.06839,1.06868,1.00,1.00
2015.01.22 23:52:49.811,1.06839,1.06869,1.00,1.00
2015.01.22 23:52:49.863,1.06839,1.06871,1.00,1.10
2015.01.22 23:52:50.091,1.06839,1.06866,1.00,1.00
2015.01.22 23:52:53.619,1.06839,1.06868,1.00,1.00
2015.01.22 23:52:53.822,1.06839,1.06866,1.00,1.00
2015.01.22 23:52:54.125,1.06839,1.06869,1.00,1.00
2015.01.22 23:53:01.040,1.06839,1.06869,1.00,1.07
2015.01.22 23:53:01.554,1.06839,1.06869,1.00,1.07
2015.01.22 23:53:02.444,1.06839,1.06869,1.00,1.07
2015.01.22 23:53:02.867,1.06839,1.0687,1.00,1.07
2015.01.22 23:53:03.375,1.06839,1.06873,1.00,1.65
2015.01.22 23:53:03.553,1.06839,1.06873,1.00,1.61
2015.01.22 23:53:03.786,1.06839,1.06869,1.00,1.07
2015.01.22 23:53:03.989,1.06839,1.06869,1.00,1.07
2015.01.22 23:53:04.195,1.06839,1.06869,1.00,1.07
2015.01.22 23:53:04.402,1.06839,1.06869,1.00,1.07
2015.01.22 23:53:04.503,1.06835,1.06869,1.00,1.07
2015.01.22 23:53:05.013,1.06835,1.06867,1.00,1.07
2015.01.22 23:53:05.417,1.06835,1.06869,1.00,1.19
2015.01.22 23:53:05.987,1.06835,1.06865,1.00,1.07
2015.01.22 23:53:09.402,1.06834,1.06871,1.00,1.69
2015.01.22 23:53:13.455,1.06834,1.06866,1.00,1.07
2015.01.22 23:53:13.960,1.06834,1.06866,1.00,1.07
2015.01.22 23:53:14.474,1.06834,1.0687,1.00,1.28
2015.01.22 23:53:14.816,1.06832,1.06869,1.00,1.75
2015.01.22 23:53:15.473,1.06832,1.06869,1.00,1.07
2015.01.22 23:53:16.280,1.06832,1.06869,1.00,1.32
2015.01.22 23:53:33.521,1.06835,1.06866,1.00,1.07
2015.01.22 23:53:35.697,1.06835,1.06867,1.00,1.07
2015.01.22 23:53:36.213,1.06835,1.06867,1.00,1.07
2015.01.22 23:53:36.764,1.06835,1.06867,1.00,1.07
2015.01.22 23:53:44.578,1.06835,1.06866,1.00,1.07
2015.01.22 23:53:49.526,1.06835,1.06866,1.00,1.07
2015.01.22 23:53:50.090,1.06835,1.06866,1.00,1.07
2015.01.22 23:53:51.030,1.06836,1.06866,1.00,1.07
2015.01.22 23:53:51.545,1.06836,1.06875,1.00,2.04
2015.01.22 23:53:52.095,1.06836,1.06866,1.00,1.07
2015.01.22 23:53:52.751,1.06836,1.06867,1.00,1.07
2015.01.22 23:53:53.466,1.06836,1.06866,1.00,1.07
2015.01.22 23:54:00.707,1.06836,1.06868,1.00,1.07
2015.01.22 23:54:05.126,1.06836,1.06866,1.00,1.07
2015.01.22 23:54:10.756,1.06836,1.06869,1.00,1.07
2015.01.22 23:54:14.376,1.06836,1.06869,1.00,1.21
2015.01.22 23:54:16.613,1.06836,1.06868,1.00,1.07
2015.01.22 23:54:17.238,1.06836,1.06868,1.00,1.07
2015.01.22 23:54:19.344,1.06836,1.0687,1.00,1.29
2015.01.22 23:54:19.880,1.06835,1.0687,1.00,1.29
2015.01.22 23:54:22.150,1.06835,1.0687,1.00,1.16
2015.01.22 23:54:25.217,1.06835,1.06866,1.00,1.07
2015.01.22 23:54:25.982,1.06835,1.06868,1.00,1.07
2015.01.22 23:54:28.935,1.06836,1.06869,1.00,1.07
2015.01.22 23:54:29.471,1.06836,1.06867,1.00,1.07
2015.01.22 23:54:30.701,1.06836,1.06866,1.00,1.07
2015.01.22 23:54:36.923,1.06836,1.06874,1.00,1.54
2015.01.22 23:54:41.963,1.06836,1.06875,1.00,2.12
2015.01.22 23:54:42.467,1.06837,1.06875,1.00,1.68
2015.01.22 23:54:42.998,1.06837,1.06876,1.00,1.23
2015.01.22 23:54:44.594,1.06837,1.06876,1.00,1.18
2015.01.22 23:54:47.509,1.06837,1.06876,1.00,1.17
2015.01.22 23:54:48.015,1.06836,1.06875,1.00,1.65
2015.01.22 23:54:48.520,1.06836,1.06875,1.00,1.22
2015.01.22 23:54:49.056,1.06836,1.06875,1.00,1.29
2015.01.22 23:54:50.572,1.06836,1.06875,1.10,1.21
2015.01.22 23:54:56.598,1.06836,1.06875,1.10,1.22
2015.01.22 23:54:57.176,1.06836,1.06875,1.10,1.24
2015.01.22 23:54:58.225,1.06836,1.06875,1.10,1.24
2015.01.22 23:54:58.729,1.06837,1.06876,1.00,1.15
2015.01.22 23:55:00.633,1.06837,1.06876,1.00,1.21
2015.01.22 23:55:02.361,1.06837,1.06876,1.00,1.66
2015.01.22 23:55:04.293,1.06839,1.06878,1.00,1.52
2015.01.22 23:55:04.802,1.06839,1.06878,1.00,1.52
2015.01.22 23:55:05.901,1.06839,1.06878,1.00,1.54
2015.01.22 23:55:06.436,1.06839,1.06878,1.00,1.61
2015.01.22 23:55:07.001,1.06839,1.06878,1.00,1.22
2015.01.22 23:55:09.444,1.06837,1.06878,1.57,1.21
2015.01.22 23:55:09.545,1.06844,1.06878,1.00,1.24
2015.01.22 23:55:09.646,1.06842,1.06878,1.00,1.24
2015.01.22 23:55:09.748,1.0684,1.06878,1.00,1.19
2015.01.22 23:55:10.186,1.06837,1.06878,1.50,1.19
2015.01.22 23:55:11.643,1.06839,1.06878,1.00,1.19
2015.01.22 23:55:11.744,1.06837,1.06878,1.00,1.19
2015.01.22 23:55:20.650,1.06836,1.06875,1.00,1.72
2015.01.22 23:55:24.618,1.06838,1.06875,1.00,1.22
2015.01.22 23:55:26.253,1.0684,1.06875,1.00,1.15
2015.01.22 23:55:27.630,1.0684,1.06874,1.00,1.22
2015.01.22 23:55:27.934,1.06843,1.06877,1.00,1.28
2015.01.22 23:55:30.207,1.06841,1.06877,1.00,1.28
2015.01.22 23:55:30.309,1.06843,1.06877,1.00,1.28
2015.01.22 23:55:31.071,1.0684,1.06877,1.00,1.28
2015.01.22 23:55:31.222,1.06843,1.06877,1.00,1.28
2015.01.22 23:55:34.163,1.0684,1.06877,1.00,1.28
2015.01.22 23:55:34.265,1.06843,1.06877,1.00,1.28
2015.01.22 23:55:38.225,1.06841,1.06877,1.00,1.28
2015.01.22 23:55:38.888,1.06843,1.06877,1.00,1.28
2015.01.22 23:55:42.225,1.06841,1.06877,1.00,1.28
2015.01.22 23:55:42.923,1.06841,1.06877,1.00,1.19
2015.01.22 23:55:45.634,1.0684,1.06877,1.00,1.16
2015.01.22 23:55:45.860,1.06837,1.06878,1.00,1.25
2015.01.22 23:55:46.386,1.06837,1.06878,1.00,1.56
2015.01.22 23:55:46.986,1.06837,1.06878,1.00,1.58
2015.01.22 23:55:47.993,1.06837,1.06878,1.00,1.67
2015.01.22 23:55:48.508,1.06837,1.06878,1.00,1.53
2015.01.22 23:55:49.024,1.06837,1.06874,1.00,1.64
2015.01.22 23:55:49.961,1.06837,1.06874,1.00,1.67
2015.01.22 23:55:50.500,1.06837,1.06874,1.00,1.62
2015.01.22 23:55:52.780,1.06837,1.06874,1.00,1.65
2015.01.22 23:55:53.085,1.06834,1.06872,1.00,1.03
2015.01.22 23:55:53.594,1.06834,1.06873,1.00,1.91
2015.01.22 23:55:54.103,1.06834,1.06873,1.00,1.98
2015.01.22 23:56:00.636,1.06835,1.06872,1.00,1.58
2015.01.22 23:56:01.159,1.06835,1.06872,1.00,1.53
2015.01.22 23:56:02.491,1.06835,1.06875,1.00,2.05
2015.01.22 23:56:03.011,1.06835,1.06875,1.00,2.08
2015.01.22 23:56:04.853,1.06835,1.06872,1.00,1.28
2015.01.22 23:56:05.361,1.06835,1.06875,1.00,2.10
2015.01.22 23:56:06.540,1.06835,1.06875,1.00,2.17
2015.01.22 23:56:07.061,1.06835,1.06875,1.00,2.05
2015.01.22 23:56:08.848,1.06834,1.06874,1.50,1.26
2015.01.22 23:56:09.353,1.06834,1.06874,1.00,1.40
2015.01.22 23:56:11.812,1.06835,1.06873,1.00,1.40
2015.01.22 23:56:12.369,1.06834,1.06873,1.00,1.28
2015.01.22 23:56:15.711,1.06834,1.06875,1.00,1.28
2015.01.22 23:56:16.337,1.06834,1.06875,1.00,1.28
2015.01.22 23:56:17.343,1.06834,1.06875,1.00,1.20
2015.01.22 23:56:21.378,1.06829,1.06868,1.07,1.07
2015.01.22 23:56:21.480,1.06833,1.06872,1.50,1.25
2015.01.22 23:56:21.988,1.06833,1.06872,1.50,1.20
2015.01.22 23:56:24.124,1.06833,1.06866,1.00,1.07
2015.01.22 23:56:40.136,1.06833,1.06872,1.00,1.29
2015.01.22 23:56:40.500,1.06831,1.06871,1.00,1.29
2015.01.22 23:56:41.005,1.06832,1.06871,1.10,1.28
2015.01.22 23:56:41.307,1.06834,1.06875,1.50,1.22
2015.01.22 23:56:41.922,1.06835,1.06874,1.00,1.22
2015.01.22 23:56:42.440,1.06834,1.06875,1.10,1.22
2015.01.22 23:56:45.312,1.06834,1.06874,1.10,1.07
2015.01.22 23:56:55.899,1.06835,1.06874,1.00,1.07
2015.01.22 23:57:00.002,1.06834,1.06872,1.00,1.07
2015.01.22 23:57:03.690,1.06835,1.06876,1.00,1.66
2015.01.22 23:57:03.791,1.06832,1.06871,1.57,1.07
2015.01.22 23:57:04.297,1.06827,1.06865,1.00,1.00
2015.01.22 23:57:04.398,1.06827,1.06865,1.00,1.07
2015.01.22 23:57:04.701,1.06827,1.06864,1.00,1.45
2015.01.22 23:57:04.803,1.06827,1.06863,1.00,1.20
2015.01.22 23:57:05.005,1.06827,1.06861,1.00,1.07
2015.01.22 23:57:05.106,1.06824,1.06859,1.00,1.07
2015.01.22 23:57:05.207,1.06824,1.06859,1.00,1.10
2015.01.22 23:57:05.409,1.06824,1.06863,1.00,1.57
2015.01.22 23:57:06.417,1.06824,1.06863,1.00,1.07
2015.01.22 23:57:06.720,1.06828,1.06865,1.00,1.07
2015.01.22 23:57:06.973,1.06824,1.06863,1.00,1.07
2015.01.22 23:57:07.175,1.0682,1.06858,1.00,1.07
2015.01.22 23:57:07.679,1.0682,1.06853,1.00,1.07
2015.01.22 23:57:08.154,1.0682,1.06853,1.00,1.00
2015.01.22 23:57:08.356,1.0682,1.06853,1.00,1.07
2015.01.22 23:57:11.286,1.06816,1.06853,1.00,1.07
2015.01.22 23:57:14.670,1.06816,1.06854,1.00,2.32
2015.01.22 23:57:14.720,1.06821,1.06854,1.00,1.07
2015.01.22 23:57:14.821,1.06815,1.06854,1.00,1.82
2015.01.22 23:57:15.778,1.06815,1.06852,1.00,1.07
2015.01.22 23:57:16.306,1.06815,1.06852,1.00,1.07
2015.01.22 23:57:17.014,1.06815,1.06853,1.00,1.07
2015.01.22 23:57:28.558,1.06815,1.06851,1.00,1.07
2015.01.22 23:57:33.380,1.06813,1.06851,1.00,1.07
2015.01.22 23:57:38.401,1.06814,1.06852,1.00,1.07
2015.01.22 23:57:47.109,1.06814,1.06852,1.00,1.57
2015.01.22 23:57:47.493,1.06812,1.06851,1.00,1.20
2015.01.22 23:57:47.795,1.06809,1.0685,1.00,1.07
2015.01.22 23:57:48.401,1.06809,1.06846,1.00,1.00
2015.01.22 23:57:49.057,1.06809,1.0685,1.87,1.07
2015.01.22 23:57:49.587,1.06809,1.0685,1.87,1.07
2015.01.22 23:57:49.688,1.06809,1.0685,1.87,1.07
2015.01.22 23:57:49.992,1.06813,1.06854,1.87,1.15
2015.01.22 23:57:50.416,1.06818,1.06856,1.00,1.28
2015.01.22 23:57:55.638,1.06815,1.06855,1.00,1.07
2015.01.22 23:58:04.549,1.06814,1.06855,1.00,2.02
2015.01.22 23:58:05.004,1.06816,1.06855,1.00,1.07
2015.01.22 23:58:05.105,1.06814,1.06855,1.00,1.45
2015.01.22 23:58:06.316,1.06816,1.06855,1.00,1.07
2015.01.22 23:58:06.651,1.06814,1.06855,1.00,1.45
2015.01.22 23:58:10.388,1.06814,1.06855,1.00,1.95
2015.01.22 23:58:11.167,1.06815,1.06855,1.00,1.45
2015.01.22 23:58:11.721,1.06815,1.06855,1.00,1.45
2015.01.22 23:58:16.812,1.06814,1.06855,1.00,1.07
2015.01.22 23:58:23.119,1.06812,1.06852,1.00,1.20
2015.01.22 23:58:29.917,1.06812,1.06853,1.00,2.02
2015.01.22 23:58:31.170,1.06812,1.06853,1.00,1.39
2015.01.22 23:58:31.360,1.06812,1.06853,1.00,1.17
2015.01.22 23:58:31.462,1.06814,1.06853,1.00,1.17
2015.01.22 23:58:35.995,1.06814,1.06847,1.00,1.00
2015.01.22 23:58:36.501,1.06814,1.06848,1.00,1.10
2015.01.22 23:58:39.727,1.06814,1.06853,1.00,1.20
2015.01.22 23:58:43.321,1.06814,1.0685,1.00,1.07
2015.01.22 23:58:43.372,1.0681,1.06849,1.00,1.15
2015.01.22 23:58:43.524,1.0681,1.06849,1.00,1.07
2015.01.22 23:58:44.029,1.0681,1.06846,1.00,1.07
2015.01.22 23:58:44.332,1.06816,1.06849,1.00,1.07
2015.01.22 23:58:44.636,1.0681,1.06849,1.00,1.07
2015.01.22 23:58:45.140,1.0681,1.06849,1.00,1.54
2015.01.22 23:58:49.567,1.0681,1.0685,1.00,2.03
2015.01.22 23:58:51.853,1.06813,1.06851,1.00,1.15
2015.01.22 23:58:51.954,1.0681,1.06851,1.00,1.27
2015.01.22 23:59:00.460,1.06808,1.06846,1.87,1.07
2015.01.22 23:59:01.297,1.06806,1.06842,1.00,1.07
2015.01.22 23:59:01.399,1.068,1.06835,1.12,1.00
2015.01.22 23:59:01.500,1.06789,1.06828,1.10,1.50
2015.01.22 23:59:01.772,1.06785,1.06824,1.00,1.00
2015.01.22 23:59:02.197,1.06785,1.06822,1.00,1.00
2015.01.22 23:59:02.674,1.06788,1.06827,1.00,1.17
2015.01.22 23:59:02.978,1.06792,1.06829,1.00,1.07
2015.01.22 23:59:03.281,1.06793,1.06831,1.87,1.07
2015.01.22 23:59:03.785,1.06796,1.06836,1.07,1.16
2015.01.22 23:59:04.340,1.06796,1.06836,1.07,1.16
2015.01.22 23:59:05.248,1.06793,1.06831,1.75,1.07
2015.01.22 23:59:05.349,1.06792,1.06831,1.12,1.07
2015.01.22 23:59:05.400,1.06792,1.06831,1.10,1.07
2015.01.22 23:59:05.904,1.06792,1.0683,1.07,1.07
2015.01.22 23:59:06.411,1.06792,1.06831,1.00,1.57
2015.01.22 23:59:07.118,1.06788,1.06827,1.07,1.07
2015.01.22 23:59:07.169,1.06788,1.06827,1.00,1.07
2015.01.22 23:59:07.421,1.06788,1.06827,1.00,1.07
2015.01.22 23:59:11.625,1.06788,1.06827,1.00,1.07
2015.01.22 23:59:13.213,1.06789,1.0683,1.00,1.57
2015.01.22 23:59:15.596,1.0679,1.0683,1.00,1.07
2015.01.22 23:59:15.902,1.06792,1.0683,1.00,1.07
2015.01.22 23:59:16.206,1.06794,1.0683,1.00,1.07
2015.01.22 23:59:16.409,1.06792,1.0683,1.00,1.07
2015.01.22 23:59:16.914,1.06791,1.0683,1.00,1.07
2015.01.22 23:59:17.785,1.06792,1.0683,1.37,1.07
2015.01.22 23:59:17.886,1.06794,1.06835,1.50,1.07
2015.01.22 23:59:17.938,1.06798,1.06836,1.00,1.07
2015.01.22 23:59:18.089,1.06801,1.06839,1.07,1.07
2015.01.22 23:59:18.903,1.06805,1.06841,1.00,1.07
2015.01.22 23:59:19.409,1.06805,1.06841,1.00,1.07
2015.01.22 23:59:19.753,1.06807,1.06841,1.00,1.07
2015.01.22 23:59:20.473,1.06807,1.06841,1.00,1.07
2015.01.22 23:59:20.878,1.06803,1.06841,2.32,1.07
2015.01.22 23:59:21.393,1.06803,1.06837,1.00,1.07
2015.01.22 23:59:24.277,1.06802,1.06837,1.00,1.07
2015.01.22 23:59:25.838,1.06805,1.0684,1.00,1.07
2015.01.22 23:59:26.141,1.06806,1.06844,1.07,1.07
2015.01.22 23:59:26.505,1.06809,1.06844,1.00,1.07
2015.01.22 23:59:26.682,1.06807,1.06844,1.10,1.07
2015.01.22 23:59:29.216,1.06807,1.06844,1.10,1.07
2015.01.22 23:59:29.368,1.0681,1.06844,1.10,1.07
2015.01.22 23:59:29.889,1.0681,1.06844,1.10,1.07
2015.01.22 23:59:32.406,1.06811,1.06849,1.00,1.07
2015.01.22 23:59:32.977,1.06811,1.06849,1.00,1.07
2015.01.22 23:59:33.482,1.06811,1.06849,1.00,1.07
2015.01.22 23:59:42.016,1.06812,1.0685,1.00,1.26
2015.01.22 23:59:42.335,1.06812,1.06849,1.50,1.07
2015.01.22 23:59:42.848,1.06812,1.06849,1.50,1.07
2015.01.22 23:59:44.084,1.06812,1.06849,1.50,1.07
2015.01.22 23:59:44.590,1.06812,1.0685,2.25,1.68
2015.01.22 23:59:46.169,1.06812,1.0685,1.50,1.57
2015.01.22 23:59:46.674,1.06812,1.0685,2.25,1.25
2015.01.22 23:59:47.511,1.06814,1.06855,1.07,1.77
2015.01.22 23:59:48.957,1.06814,1.06855,1.00,2.59
2015.01.22 23:59:49.570,1.06814,1.06855,1.00,1.73
2015.01.22 23:59:51.115,1.06815,1.06853,1.00,1.07
2015.01.22 23:59:51.630,1.06814,1.06854,1.00,1.34
2015.01.22 23:59:52.134,1.06814,1.06852,1.00,1.07
2015.01.22 23:59:52.840,1.06814,1.06853,1.50,1.07
2015.01.22 23:59:54.421,1.06814,1.06853,1.12,1.07
2015.01.22 23:59:56.773,1.06814,1.06853,1.87,1.07
2015.01.22 23:59:57.482,1.06814,1.06853,1.87,1.07
