2011.09.14 17:00:00.056,1.24547,1.24588,2.63,3.00
2011.09.14 17:00:00.292,1.24552,1.24588,1.50,1.50
2011.09.14 17:00:01.217,1.24552,1.24593,1.50,2.63
2011.09.14 17:00:01.946,1.24566,1.24602,1.50,1.88
2011.09.14 17:00:02.070,1.24567,1.24608,1.50,1.50
2011.09.14 17:00:02.658,1.2457,1.24608,1.50,1.13
2011.09.14 17:00:03.250,1.2457,1.24608,1.50,1.13
2011.09.14 17:00:04.487,1.2457,1.24608,1.50,1.13
2011.09.14 17:00:05.523,1.2457,1.24608,1.50,1.13
2011.09.14 17:00:06.119,1.24565,1.24607,1.50,1.50
2011.09.14 17:00:06.568,1.24565,1.24607,1.50,2.25
2011.09.14 17:00:07.411,1.24565,1.24607,1.50,2.25
2011.09.14 17:00:07.959,1.24565,1.24607,1.50,2.25
2011.09.14 17:00:09.698,1.24565,1.24607,1.50,2.25
2011.09.14 17:00:10.300,1.24565,1.24607,1.50,2.25
2011.09.14 17:00:11.149,1.24565,1.24607,1.50,2.25
2011.09.14 17:00:11.270,1.24568,1.24607,1.50,1.50
2011.09.14 17:00:11.801,1.2457,1.24607,1.13,1.50
2011.09.14 17:00:12.608,1.2457,1.24606,1.13,1.50
2011.09.14 17:00:12.730,1.24563,1.24606,2.25,1.13
2011.09.14 17:00:12.854,1.24562,1.24605,2.63,1.50
2011.09.14 17:00:12.979,1.24563,1.24605,1.50,1.50
2011.09.14 17:00:13.222,1.24569,1.24606,1.13,1.50
2011.09.14 17:00:14.470,1.24569,1.24607,1.13,1.50
2011.09.14 17:00:15.724,1.24569,1.24606,1.13,1.50
2011.09.14 17:00:16.073,1.24564,1.24606,1.50,2.25
2011.09.14 17:00:16.306,1.24562,1.24602,1.50,1.13
2011.09.14 17:00:16.879,1.2456,1.24601,1.50,1.50
2011.09.14 17:00:19.668,1.2456,1.24594,1.50,2.25
2011.09.14 17:00:19.789,1.24553,1.24593,2.25,1.50
2011.09.14 17:00:20.545,1.24551,1.24592,1.50,1.88
2011.09.14 17:00:21.559,1.24551,1.24591,2.25,1.50
2011.09.14 17:00:22.132,1.24551,1.24592,1.50,1.88
2011.09.14 17:00:23.931,1.24551,1.24591,1.50,1.50
2011.09.14 17:00:24.610,1.24551,1.24591,1.50,1.50
2011.09.14 17:00:25.160,1.24551,1.24592,1.50,1.88
2011.09.14 17:00:27.681,1.24551,1.24592,1.50,2.63
2011.09.14 17:00:28.677,1.24551,1.24591,1.50,1.50
2011.09.14 17:00:29.231,1.24551,1.24592,1.50,1.88
2011.09.14 17:00:29.629,1.24549,1.24592,1.50,3.00
2011.09.14 17:00:29.754,1.24549,1.24592,1.50,3.75
2011.09.14 17:00:29.888,1.24544,1.24584,1.50,1.50
2011.09.14 17:00:30.240,1.24552,1.24588,1.50,1.50
2011.09.14 17:00:30.918,1.24552,1.24588,1.50,1.50
2011.09.14 17:00:34.732,1.24555,1.24593,1.13,2.63
2011.09.14 17:00:34.850,1.24555,1.24593,1.13,1.88
2011.09.14 17:00:35.437,1.24558,1.24594,1.88,1.13
2011.09.14 17:00:37.404,1.24553,1.24595,1.50,2.85
2011.09.14 17:00:40.781,1.2456,1.24594,1.50,1.73
2011.09.14 17:00:41.140,1.24567,1.24597,1.50,1.50
2011.09.14 17:00:41.663,1.24567,1.24601,1.50,1.50
2011.09.14 17:00:44.549,1.24567,1.24601,1.50,1.50
2011.09.14 17:00:52.058,1.24567,1.24601,1.50,1.50
2011.09.14 17:00:52.870,1.24567,1.24601,1.50,1.50
2011.09.14 17:00:53.997,1.24567,1.24601,1.50,1.50
2011.09.14 17:00:54.598,1.24561,1.24601,1.13,1.50
2011.09.14 17:00:55.359,1.2456,1.24598,2.13,1.13
2011.09.14 17:00:55.480,1.24559,1.24597,1.38,1.13
2011.09.14 17:00:55.960,1.24561,1.24597,1.88,1.88
2011.09.14 17:00:56.309,1.24561,1.24597,1.88,2.25
2011.09.14 17:00:56.851,1.24561,1.24601,1.88,1.50
2011.09.14 17:01:06.763,1.24561,1.246,1.13,1.50
2011.09.14 17:01:08.707,1.24559,1.246,1.50,2.25
2011.09.14 17:01:08.838,1.24554,1.24593,4.38,2.25
2011.09.14 17:01:09.231,1.24554,1.24593,1.50,2.25
2011.09.14 17:01:14.137,1.24553,1.24593,2.25,2.25
2011.09.14 17:01:19.768,1.2455,1.24592,2.25,1.13
2011.09.14 17:01:24.186,1.24552,1.24592,1.50,1.13
2011.09.14 17:01:24.749,1.24552,1.24593,1.50,2.25
2011.09.14 17:01:25.089,1.24551,1.24592,1.50,1.13
2011.09.14 17:01:26.418,1.24552,1.24593,1.50,2.25
2011.09.14 17:01:30.567,1.24552,1.24594,1.50,3.75
2011.09.14 17:01:33.507,1.24555,1.24594,1.50,3.75
2011.09.14 17:01:33.650,1.24558,1.24598,1.50,1.50
2011.09.14 17:01:33.883,1.24568,1.246,1.50,1.13
2011.09.14 17:01:34.678,1.24567,1.24608,1.50,1.50
2011.09.14 17:01:34.799,1.24567,1.24609,1.50,1.50
2011.09.14 17:01:36.687,1.24568,1.2461,1.50,1.50
2011.09.14 17:01:39.968,1.24568,1.2461,1.50,1.88
2011.09.14 17:01:40.376,1.24562,1.24606,1.50,1.13
2011.09.14 17:01:40.739,1.24558,1.24591,1.50,1.50
2011.09.14 17:01:40.860,1.24549,1.24591,2.13,1.50
2011.09.14 17:01:40.981,1.24549,1.24591,3.00,1.50
2011.09.14 17:01:41.102,1.24549,1.2459,3.00,2.25
2011.09.14 17:01:41.909,1.24549,1.2459,2.25,2.25
2011.09.14 17:01:42.496,1.2455,1.2459,1.50,1.50
2011.09.14 17:01:43.483,1.24552,1.2459,2.13,1.50
2011.09.14 17:01:43.712,1.24554,1.24593,1.50,1.88
2011.09.14 17:01:44.061,1.24555,1.24594,1.50,2.63
2011.09.14 17:01:44.399,1.24559,1.24598,1.50,2.25
2011.09.14 17:01:45.198,1.24554,1.24592,1.50,2.63
2011.09.14 17:01:47.822,1.24553,1.24592,1.50,1.88
2011.09.14 17:01:48.390,1.24543,1.24584,1.38,2.63
2011.09.14 17:01:50.516,1.24557,1.24594,1.50,2.63
2011.09.14 17:01:51.039,1.24561,1.24598,1.50,1.50
2011.09.14 17:01:52.529,1.24567,1.24598,1.50,1.50
2011.09.14 17:01:52.875,1.24567,1.24607,1.50,1.13
2011.09.14 17:01:54.231,1.24567,1.24608,1.50,1.50
2011.09.14 17:01:55.591,1.24567,1.2461,1.50,2.25
2011.09.14 17:01:55.939,1.24574,1.2461,1.50,1.50
2011.09.14 17:01:56.060,1.24574,1.24614,1.50,2.63
2011.09.14 17:01:56.546,1.24574,1.24614,1.50,1.88
2011.09.14 17:01:57.501,1.24574,1.24618,1.50,2.25
2011.09.14 17:01:57.622,1.24579,1.24618,1.50,1.50
2011.09.14 17:01:57.741,1.24585,1.2462,1.50,1.50
2011.09.14 17:01:58.220,1.24574,1.2462,1.50,2.25
2011.09.14 17:01:58.449,1.2458,1.24618,1.50,1.50
2011.09.14 17:01:58.570,1.24582,1.24632,2.25,1.50
2011.09.14 17:01:59.106,1.24582,1.24632,2.25,1.50
2011.09.14 17:01:59.473,1.24587,1.24632,1.13,1.50
2011.09.14 17:01:59.598,1.24594,1.24642,2.25,2.25
2011.09.14 17:01:59.724,1.24608,1.24644,1.13,1.50
2011.09.14 17:02:00.100,1.24609,1.24632,1.50,1.50
2011.09.14 17:02:00.222,1.2459,1.24631,1.38,1.50
2011.09.14 17:02:00.800,1.24585,1.24631,1.50,1.50
2011.09.14 17:02:01.362,1.24585,1.24632,1.50,1.50
2011.09.14 17:02:01.720,1.2459,1.24632,1.50,1.50
2011.09.14 17:02:01.843,1.2459,1.24632,1.50,1.50
2011.09.14 17:02:02.573,1.24586,1.24632,1.50,1.50
2011.09.14 17:02:05.006,1.24593,1.24632,1.50,1.50
2011.09.14 17:02:05.360,1.24602,1.24632,1.50,1.50
2011.09.14 17:02:06.159,1.24596,1.24632,1.88,1.50
2011.09.14 17:02:06.280,1.24596,1.24632,1.88,1.50
2011.09.14 17:02:07.179,1.246,1.24632,1.50,1.50
2011.09.14 17:02:07.299,1.246,1.24643,1.50,1.50
2011.09.14 17:02:08.928,1.24604,1.24643,1.50,1.50
2011.09.14 17:02:19.671,1.2461,1.24655,1.50,1.50
2011.09.14 17:02:19.790,1.2461,1.24655,1.50,1.50
2011.09.14 17:02:20.130,1.2461,1.24654,1.50,1.50
2011.09.14 17:02:20.487,1.24606,1.24643,1.50,1.50
2011.09.14 17:02:20.719,1.24606,1.24643,1.50,1.50
2011.09.14 17:02:20.842,1.24603,1.24643,1.50,1.50
2011.09.14 17:02:28.754,1.24601,1.24642,1.50,1.50
2011.09.14 17:02:28.879,1.24602,1.24643,1.50,2.25
2011.09.14 17:02:29.438,1.24601,1.24642,1.50,1.50
2011.09.14 17:02:29.670,1.24595,1.24642,1.50,1.50
2011.09.14 17:02:29.899,1.24608,1.24642,4.50,1.50
2011.09.14 17:02:30.142,1.24604,1.24652,1.50,1.50
2011.09.14 17:02:30.261,1.24606,1.24652,1.50,1.50
2011.09.14 17:02:30.489,1.24597,1.2464,1.50,1.50
2011.09.14 17:02:30.718,1.24593,1.24639,1.50,1.50
2011.09.14 17:02:33.575,1.24593,1.24638,1.50,1.50
2011.09.14 17:02:37.286,1.24594,1.24638,1.50,1.50
2011.09.14 17:02:38.562,1.24593,1.24638,1.50,1.50
2011.09.14 17:02:38.914,1.24584,1.2463,2.25,1.50
2011.09.14 17:02:39.042,1.24584,1.24628,2.25,1.50
2011.09.14 17:02:41.362,1.24584,1.24628,2.25,1.50
2011.09.14 17:02:41.594,1.24583,1.24629,2.25,1.50
2011.09.14 17:02:42.023,1.24583,1.2463,2.25,1.50
2011.09.14 17:02:42.159,1.24584,1.2463,1.50,1.50
2011.09.14 17:02:44.470,1.24584,1.2463,1.50,1.50
2011.09.14 17:02:45.201,1.24587,1.2463,1.50,1.50
2011.09.14 17:02:45.340,1.24592,1.2464,1.50,1.50
2011.09.14 17:02:46.081,1.24593,1.2464,1.50,1.50
2011.09.14 17:02:49.018,1.24592,1.2464,1.50,1.50
2011.09.14 17:02:49.517,1.24592,1.24641,1.50,1.50
2011.09.14 17:02:50.806,1.24592,1.2464,1.50,1.50
2011.09.14 17:02:51.869,1.2459,1.2464,1.50,1.50
2011.09.14 17:02:53.362,1.24583,1.24631,1.50,1.50
2011.09.14 17:02:53.479,1.24583,1.24629,1.50,1.50
2011.09.14 17:02:56.848,1.24581,1.24631,1.50,2.25
2011.09.14 17:02:59.778,1.24581,1.24631,1.50,1.50
2011.09.14 17:03:03.189,1.24584,1.24629,1.50,1.50
2011.09.14 17:03:03.431,1.24582,1.24626,1.50,1.50
2011.09.14 17:03:03.659,1.24582,1.24624,1.50,1.50
2011.09.14 17:03:06.930,1.24579,1.24619,2.25,1.50
2011.09.14 17:03:07.050,1.24579,1.24619,2.25,1.50
2011.09.14 17:03:07.409,1.24578,1.24618,3.00,1.50
2011.09.14 17:03:08.735,1.24581,1.24619,1.50,1.50
2011.09.14 17:03:11.128,1.24581,1.24619,1.50,1.50
2011.09.14 17:03:21.768,1.24581,1.24619,1.50,1.50
2011.09.14 17:03:23.084,1.24581,1.24619,1.50,1.50
2011.09.14 17:03:32.120,1.24581,1.24619,1.50,1.50
2011.09.14 17:03:32.619,1.24581,1.24629,1.50,1.50
2011.09.14 17:03:33.082,1.24581,1.24631,1.50,1.50
2011.09.14 17:03:33.201,1.24581,1.2463,1.50,1.50
2011.09.14 17:03:33.692,1.24581,1.24631,1.50,1.50
2011.09.14 17:03:34.369,1.24581,1.24629,1.50,1.50
2011.09.14 17:03:35.079,1.24581,1.24631,1.50,1.50
2011.09.14 17:03:37.759,1.24581,1.24629,1.50,1.50
2011.09.14 17:03:40.367,1.24581,1.2463,1.50,1.50
2011.09.14 17:03:58.570,1.24581,1.24629,1.50,1.50
2011.09.14 17:03:58.865,1.24581,1.24631,1.50,1.50
2011.09.14 17:03:59.207,1.24581,1.24631,1.50,2.25
2011.09.14 17:04:01.039,1.24582,1.24631,1.50,1.50
2011.09.14 17:04:02.492,1.24581,1.24631,1.50,1.50
2011.09.14 17:04:03.049,1.24594,1.24631,1.50,1.50
2011.09.14 17:04:03.790,1.24595,1.24631,1.50,1.50
2011.09.14 17:04:04.020,1.24595,1.24631,1.50,1.50
2011.09.14 17:04:09.119,1.24592,1.24641,1.50,1.50
2011.09.14 17:04:09.687,1.24592,1.24641,2.25,1.50
2011.09.14 17:04:19.350,1.24605,1.24651,1.50,1.50
2011.09.14 17:04:19.714,1.24605,1.24653,1.50,2.25
2011.09.14 17:04:22.350,1.24606,1.24653,1.50,1.50
2011.09.14 17:04:22.808,1.24617,1.24653,1.50,1.50
2011.09.14 17:04:22.930,1.24609,1.24653,1.50,1.50
2011.09.14 17:04:23.057,1.2462,1.24662,1.50,1.50
2011.09.14 17:04:23.901,1.2462,1.24666,1.50,2.25
2011.09.14 17:04:24.021,1.2462,1.24666,1.50,2.25
2011.09.14 17:04:25.452,1.2462,1.24666,1.50,1.50
2011.09.14 17:04:25.798,1.2462,1.24668,1.50,2.25
2011.09.14 17:04:30.886,1.2462,1.24669,1.50,2.25
2011.09.14 17:04:32.362,1.24628,1.24669,1.50,2.25
2011.09.14 17:04:32.939,1.24621,1.24669,1.50,2.25
2011.09.14 17:04:33.287,1.24621,1.24669,1.88,2.25
2011.09.14 17:04:34.448,1.24621,1.24669,1.88,1.50
2011.09.14 17:04:36.387,1.24621,1.24669,2.63,1.50
2011.09.14 17:04:36.667,1.24621,1.24669,1.88,1.50
2011.09.14 17:04:37.487,1.24643,1.24679,1.50,1.50
2011.09.14 17:04:38.053,1.24642,1.24679,1.50,1.50
2011.09.14 17:04:39.200,1.2464,1.24679,1.50,1.50
2011.09.14 17:04:46.669,1.24642,1.2468,1.50,1.50
2011.09.14 17:04:50.277,1.2464,1.2468,1.50,1.50
2011.09.14 17:04:50.399,1.24635,1.24679,1.50,1.50
2011.09.14 17:04:50.522,1.24635,1.24678,1.50,1.50
2011.09.14 17:04:50.981,1.24631,1.24672,1.50,1.50
2011.09.14 17:04:51.527,1.24632,1.24673,1.50,1.88
2011.09.14 17:04:51.758,1.24631,1.24671,1.50,1.50
2011.09.14 17:04:52.560,1.24632,1.24672,1.50,1.50
2011.09.14 17:04:53.899,1.24632,1.24671,1.50,1.50
2011.09.14 17:04:54.720,1.24632,1.24672,1.50,1.50
2011.09.14 17:04:55.242,1.2463,1.24671,2.25,1.50
2011.09.14 17:04:56.910,1.2463,1.24671,2.25,2.25
2011.09.14 17:04:59.142,1.24631,1.24671,1.50,1.50
2011.09.14 17:04:59.568,1.24631,1.2467,1.50,1.50
2011.09.14 17:05:00.303,1.24631,1.24671,1.50,1.50
2011.09.14 17:05:02.842,1.24632,1.24673,1.50,3.75
2011.09.14 17:05:11.115,1.2463,1.24671,2.25,1.50
2011.09.14 17:05:11.890,1.24632,1.24671,1.13,1.50
2011.09.14 17:05:12.011,1.24635,1.24676,1.13,1.50
2011.09.14 17:05:12.238,1.24635,1.24678,1.88,1.50
2011.09.14 17:05:13.442,1.24635,1.24673,1.13,2.63
2011.09.14 17:05:13.924,1.2463,1.24662,1.50,1.13
2011.09.14 17:05:14.060,1.24621,1.24661,1.50,1.13
2011.09.14 17:05:14.682,1.24621,1.24662,1.88,1.50
2011.09.14 17:05:14.801,1.24622,1.24663,1.13,2.63
2011.09.14 17:05:14.920,1.24624,1.24666,1.50,1.50
2011.09.14 17:05:15.038,1.24623,1.24666,1.50,1.50
2011.09.14 17:05:15.382,1.2462,1.2466,1.50,1.50
2011.09.14 17:05:17.385,1.24621,1.24661,1.50,1.13
2011.09.14 17:05:17.511,1.24621,1.24663,1.50,1.88
2011.09.14 17:05:17.751,1.24626,1.24667,1.13,1.50
2011.09.14 17:05:18.322,1.2463,1.24669,1.50,1.50
2011.09.14 17:05:20.477,1.2463,1.24669,1.50,1.50
2011.09.14 17:05:34.151,1.2463,1.24669,1.50,1.50
2011.09.14 17:05:40.325,1.24639,1.24669,1.50,1.50
2011.09.14 17:05:40.447,1.24647,1.24673,1.88,3.38
2011.09.14 17:05:41.059,1.24641,1.24684,1.50,3.00
2011.09.14 17:05:42.947,1.24641,1.24682,1.50,1.50
2011.09.14 17:05:43.291,1.24651,1.24687,1.13,1.50
2011.09.14 17:05:43.409,1.24648,1.24687,1.13,1.50
2011.09.14 17:05:43.531,1.24645,1.24687,2.63,1.50
2011.09.14 17:05:43.652,1.24645,1.24687,1.88,1.50
2011.09.14 17:05:45.849,1.24643,1.24684,2.25,3.00
2011.09.14 17:05:46.200,1.24646,1.24687,1.50,1.50
2011.09.14 17:05:47.169,1.24644,1.24682,1.50,1.50
2011.09.14 17:05:47.510,1.24652,1.24687,1.13,1.50
2011.09.14 17:05:47.869,1.24643,1.24679,2.25,1.13
2011.09.14 17:05:47.991,1.24643,1.24677,1.88,1.50
2011.09.14 17:05:48.230,1.24643,1.24682,2.25,1.50
2011.09.14 17:05:48.460,1.24638,1.24679,3.00,1.88
2011.09.14 17:05:50.697,1.24641,1.24679,1.50,1.13
2011.09.14 17:05:52.315,1.24641,1.24683,1.50,4.50
2011.09.14 17:05:52.441,1.24641,1.24683,1.50,4.13
2011.09.14 17:05:52.560,1.2464,1.24683,1.88,4.13
2011.09.14 17:05:54.712,1.24641,1.24678,1.50,1.13
2011.09.14 17:05:57.211,1.24641,1.24684,1.50,3.38
2011.09.14 17:05:57.452,1.24645,1.24684,1.13,2.63
2011.09.14 17:05:57.691,1.24646,1.24687,1.50,1.50
2011.09.14 17:05:58.171,1.24646,1.24687,1.50,2.25
2011.09.14 17:05:58.294,1.24639,1.24681,3.00,1.50
2011.09.14 17:05:58.785,1.24639,1.24681,1.50,1.50
2011.09.14 17:05:59.876,1.24641,1.24682,1.50,1.88
2011.09.14 17:06:00.689,1.2464,1.24681,1.50,1.50
2011.09.14 17:06:03.449,1.24639,1.24681,1.50,1.50
2011.09.14 17:06:07.572,1.24641,1.24683,1.50,3.75
2011.09.14 17:06:08.800,1.24644,1.24683,1.50,1.50
2011.09.14 17:06:09.270,1.24649,1.24686,1.13,1.50
2011.09.14 17:06:09.403,1.24653,1.24697,1.50,1.88
2011.09.14 17:06:09.642,1.24653,1.24697,1.50,2.25
2011.09.14 17:06:10.211,1.24653,1.24699,1.50,1.50
2011.09.14 17:06:17.213,1.24653,1.24688,1.50,1.13
2011.09.14 17:06:17.455,1.24649,1.24688,1.88,1.50
2011.09.14 17:06:17.702,1.24644,1.2469,3.00,1.50
2011.09.14 17:06:18.291,1.24653,1.24695,1.50,1.50
2011.09.14 17:06:18.418,1.24653,1.24699,1.50,1.50
2011.09.14 17:06:19.068,1.24653,1.24701,1.50,1.50
2011.09.14 17:06:19.314,1.24653,1.24699,1.50,1.50
2011.09.14 17:06:19.669,1.24653,1.24699,1.50,1.50
2011.09.14 17:06:20.161,1.24653,1.24699,1.50,1.13
2011.09.14 17:06:20.393,1.24653,1.24696,1.50,1.88
2011.09.14 17:06:23.097,1.24653,1.24694,1.50,2.63
2011.09.14 17:06:23.218,1.24653,1.24699,1.50,1.50
2011.09.14 17:06:24.747,1.24653,1.24699,1.50,2.25
2011.09.14 17:06:25.620,1.24653,1.24699,1.50,1.50
2011.09.14 17:06:27.413,1.24653,1.24696,1.50,1.13
2011.09.14 17:06:27.774,1.24653,1.24693,1.50,2.63
2011.09.14 17:06:28.492,1.24651,1.24692,2.25,1.50
2011.09.14 17:06:28.613,1.24653,1.24693,1.50,2.63
2011.09.14 17:06:28.842,1.24653,1.24692,1.50,1.50
2011.09.14 17:06:36.688,1.24653,1.24693,1.50,2.63
2011.09.14 17:06:37.101,1.24652,1.24692,1.50,1.50
2011.09.14 17:06:37.230,1.24652,1.24691,1.50,1.50
2011.09.14 17:06:37.352,1.24644,1.24688,1.50,1.13
2011.09.14 17:06:37.470,1.24648,1.24689,1.50,1.50
2011.09.14 17:06:37.590,1.2465,1.2469,1.50,1.50
2011.09.14 17:06:37.710,1.2465,1.2469,1.50,2.25
2011.09.14 17:06:42.630,1.24643,1.24688,2.25,1.13
2011.09.14 17:06:42.747,1.24643,1.24687,2.25,1.50
2011.09.14 17:06:43.415,1.24643,1.24684,2.25,1.88
2011.09.14 17:06:43.881,1.24649,1.2469,1.50,1.50
2011.09.14 17:06:44.378,1.24649,1.2469,1.50,1.50
2011.09.14 17:06:45.797,1.2466,1.24697,1.13,1.50
2011.09.14 17:06:45.921,1.24662,1.24702,1.50,1.50
2011.09.14 17:06:46.499,1.24662,1.24703,1.50,3.38
2011.09.14 17:06:49.574,1.24662,1.24702,1.50,1.50
2011.09.14 17:06:50.165,1.24662,1.24703,1.50,3.38
2011.09.14 17:06:50.935,1.24662,1.24703,1.50,2.63
2011.09.14 17:06:51.980,1.24662,1.24703,1.50,2.63
2011.09.14 17:06:53.178,1.24662,1.24703,1.50,3.38
2011.09.14 17:06:56.242,1.24666,1.24703,1.13,2.63
2011.09.14 17:06:56.605,1.24661,1.24702,2.25,1.50
2011.09.14 17:06:56.737,1.24661,1.24702,6.00,1.50
2011.09.14 17:06:56.863,1.24668,1.24713,1.50,1.50
2011.09.14 17:06:56.986,1.24655,1.24703,2.25,1.50
2011.09.14 17:06:57.113,1.24655,1.24701,1.50,1.50
2011.09.14 17:06:57.232,1.24657,1.24701,1.13,1.13
2011.09.14 17:06:57.353,1.24656,1.247,1.13,1.50
2011.09.14 17:06:57.689,1.24656,1.247,1.88,1.50
2011.09.14 17:06:58.315,1.24656,1.247,1.13,1.50
2011.09.14 17:06:58.879,1.24653,1.24699,1.50,1.50
2011.09.14 17:06:59.123,1.24655,1.24703,1.50,1.50
2011.09.14 17:07:01.648,1.24655,1.24703,1.50,1.50
2011.09.14 17:07:02.009,1.24653,1.24699,1.50,1.50
2011.09.14 17:07:02.130,1.24655,1.24703,1.50,1.50
2011.09.14 17:07:02.488,1.24657,1.24702,1.50,1.13
2011.09.14 17:07:02.615,1.24657,1.24699,1.50,1.50
2011.09.14 17:07:02.970,1.24657,1.24699,1.50,2.25
2011.09.14 17:07:03.612,1.24655,1.24693,1.50,1.13
2011.09.14 17:07:03.739,1.24655,1.24698,1.50,1.50
2011.09.14 17:07:03.981,1.24655,1.24698,1.50,1.50
2011.09.14 17:07:04.332,1.24653,1.24692,1.50,1.50
2011.09.14 17:07:04.889,1.24655,1.24694,1.50,3.75
2011.09.14 17:07:07.403,1.24648,1.24692,1.88,1.50
2011.09.14 17:07:07.748,1.24648,1.24692,1.88,1.50
2011.09.14 17:07:08.470,1.24648,1.24692,1.88,2.25
2011.09.14 17:07:11.169,1.24655,1.24694,1.50,1.88
2011.09.14 17:07:11.508,1.24652,1.24693,1.50,1.50
2011.09.14 17:07:11.631,1.24649,1.24692,1.50,1.50
2011.09.14 17:07:11.749,1.24649,1.24691,1.13,1.50
2011.09.14 17:07:11.977,1.24649,1.24692,1.88,1.50
2011.09.14 17:07:12.988,1.24654,1.24694,1.50,2.25
2011.09.14 17:07:13.892,1.24654,1.24694,1.50,1.50
2011.09.14 17:07:14.809,1.24658,1.24701,1.50,1.15
2011.09.14 17:07:14.929,1.2466,1.24707,1.50,3.00
2011.09.14 17:07:15.157,1.2466,1.24708,1.50,1.50
2011.09.14 17:07:15.940,1.2466,1.24708,1.50,1.50
2011.09.14 17:07:16.209,1.2466,1.24708,1.50,1.50
2011.09.14 17:07:18.993,1.24667,1.24708,1.50,1.50
2011.09.14 17:07:19.558,1.24669,1.2471,1.88,1.50
2011.09.14 17:07:19.910,1.24673,1.24709,1.13,1.50
2011.09.14 17:07:20.358,1.24669,1.24709,1.13,1.50
2011.09.14 17:07:20.482,1.2467,1.24709,1.50,1.50
2011.09.14 17:07:20.727,1.24665,1.24708,1.50,1.50
2011.09.14 17:07:21.119,1.24667,1.24708,1.50,1.50
2011.09.14 17:07:27.692,1.24674,1.24708,1.13,1.50
2011.09.14 17:07:31.060,1.24675,1.2471,1.50,1.50
2011.09.14 17:07:34.130,1.24675,1.2471,3.30,1.50
2011.09.14 17:07:34.247,1.24675,1.2471,3.30,1.50
2011.09.14 17:07:40.280,1.24669,1.2471,1.50,1.50
2011.09.14 17:07:41.502,1.24676,1.24714,1.50,3.75
2011.09.14 17:07:41.746,1.2468,1.24714,1.50,1.13
2011.09.14 17:07:42.113,1.24682,1.24726,1.50,2.63
2011.09.14 17:07:42.350,1.2468,1.24725,1.88,1.50
2011.09.14 17:07:47.559,1.24682,1.24724,1.50,2.63
2011.09.14 17:07:47.921,1.24698,1.24738,1.50,3.00
2011.09.14 17:07:48.161,1.24697,1.24738,1.50,3.00
2011.09.14 17:07:48.410,1.2469,1.24736,1.50,1.50
2011.09.14 17:07:50.079,1.2469,1.24737,1.50,1.50
2011.09.14 17:07:50.437,1.2469,1.24738,1.50,2.25
2011.09.14 17:07:50.684,1.24693,1.24737,1.50,1.50
2011.09.14 17:07:50.934,1.2469,1.24738,1.50,1.50
2011.09.14 17:07:53.721,1.2469,1.24737,1.50,1.50
2011.09.14 17:07:53.804,1.24698,1.24737,1.50,1.50
2011.09.14 17:07:57.401,1.24701,1.24737,1.13,1.50
2011.09.14 17:07:57.785,1.24705,1.24738,1.13,1.50
2011.09.14 17:08:00.350,1.24706,1.24747,1.50,1.50
2011.09.14 17:08:02.408,1.24705,1.24747,1.88,1.50
2011.09.14 17:08:07.194,1.24705,1.24747,1.13,1.50
2011.09.14 17:08:10.662,1.24705,1.24747,1.13,1.50
2011.09.14 17:08:10.900,1.24702,1.24744,1.13,1.50
2011.09.14 17:08:11.339,1.24704,1.24747,1.13,1.50
2011.09.14 17:08:15.279,1.24705,1.24747,1.50,1.50
2011.09.14 17:08:16.070,1.24704,1.24747,1.13,1.50
2011.09.14 17:08:16.298,1.24705,1.24747,1.50,1.50
2011.09.14 17:08:22.710,1.24705,1.24744,1.50,1.50
2011.09.14 17:08:22.835,1.24698,1.24737,2.25,1.13
2011.09.14 17:08:22.961,1.24697,1.24737,1.50,1.50
2011.09.14 17:08:23.083,1.24689,1.24737,2.25,1.50
2011.09.14 17:08:23.440,1.24696,1.24737,2.25,1.13
2011.09.14 17:08:23.900,1.24698,1.24739,5.25,2.25
2011.09.14 17:08:24.472,1.24701,1.24742,1.88,1.50
2011.09.14 17:08:24.593,1.24699,1.24739,1.50,1.88
2011.09.14 17:08:24.983,1.24705,1.24747,1.13,1.50
2011.09.14 17:08:25.541,1.24705,1.24747,1.13,1.50
2011.09.14 17:08:27.243,1.24705,1.24747,1.13,1.50
2011.09.14 17:08:28.455,1.24705,1.24743,1.13,1.50
2011.09.14 17:08:32.889,1.24705,1.24722,1.13,1.50
2011.09.14 17:08:34.106,1.24705,1.24722,1.13,1.50
2011.09.14 17:08:34.667,1.24705,1.24722,1.13,1.50
2011.09.14 17:08:36.768,1.24705,1.24722,1.13,1.50
2011.09.14 17:08:39.705,1.24699,1.24722,2.25,1.50
2011.09.14 17:08:42.388,1.24699,1.24722,2.25,1.50
2011.09.14 17:08:42.632,1.24693,1.24722,1.50,1.50
2011.09.14 17:08:42.753,1.24699,1.24721,1.50,1.50
2011.09.14 17:08:43.211,1.24691,1.24722,1.50,1.50
2011.09.14 17:08:43.440,1.24691,1.24722,1.50,1.50
2011.09.14 17:08:43.669,1.24691,1.24721,1.50,1.50
2011.09.14 17:08:43.903,1.24691,1.24722,1.50,1.50
2011.09.14 17:08:44.512,1.24694,1.24722,1.50,1.50
2011.09.14 17:08:44.632,1.24693,1.24722,1.50,1.50
2011.09.14 17:08:45.613,1.2469,1.24722,1.50,1.50
2011.09.14 17:08:49.486,1.2469,1.24722,1.50,1.50
2011.09.14 17:08:50.042,1.24693,1.24721,1.50,1.50
2011.09.14 17:08:52.401,1.24694,1.24722,1.50,1.50
2011.09.14 17:08:53.124,1.247,1.24722,1.50,1.50
2011.09.14 17:08:58.848,1.247,1.24721,1.50,1.50
2011.09.14 17:08:59.380,1.247,1.24721,1.50,1.50
2011.09.14 17:09:00.343,1.24699,1.24721,1.50,1.50
2011.09.14 17:09:00.897,1.24699,1.24722,1.50,1.50
2011.09.14 17:09:01.130,1.24694,1.24721,1.50,1.50
2011.09.14 17:09:01.481,1.24694,1.24722,1.50,1.50
2011.09.14 17:09:01.713,1.2469,1.24722,1.50,1.50
2011.09.14 17:09:02.388,1.2469,1.24722,1.50,1.50
2011.09.14 17:09:03.105,1.2469,1.24722,1.50,1.50
2011.09.14 17:09:03.870,1.24695,1.24722,1.50,1.50
2011.09.14 17:09:04.655,1.24695,1.24722,1.50,1.50
2011.09.14 17:09:06.398,1.24693,1.24721,1.50,1.50
2011.09.14 17:09:09.067,1.24693,1.24722,1.50,1.50
2011.09.14 17:09:09.629,1.24693,1.24722,1.50,1.50
2011.09.14 17:09:10.282,1.24694,1.24722,1.50,1.50
2011.09.14 17:09:12.187,1.24694,1.24722,1.50,1.50
2011.09.14 17:09:12.526,1.24695,1.24722,1.50,1.50
2011.09.14 17:09:14.088,1.247,1.24722,1.50,1.50
2011.09.14 17:09:14.701,1.247,1.24722,1.50,1.50
2011.09.14 17:09:15.291,1.24695,1.24722,1.50,1.50
2011.09.14 17:09:15.872,1.24701,1.24722,1.50,1.50
2011.09.14 17:09:16.830,1.24701,1.24722,1.50,1.50
2011.09.14 17:09:17.433,1.24701,1.24722,1.50,1.50
2011.09.14 17:09:17.562,1.24699,1.24722,3.00,1.50
2011.09.14 17:09:18.033,1.24705,1.24722,1.50,1.50
2011.09.14 17:09:18.723,1.24705,1.24722,1.50,1.50
2011.09.14 17:09:23.178,1.24704,1.24722,1.50,1.50
2011.09.14 17:09:29.208,1.24704,1.24722,1.50,1.50
2011.09.14 17:09:30.103,1.247,1.24722,1.50,1.50
2011.09.14 17:09:34.787,1.24699,1.24722,2.25,1.50
2011.09.14 17:09:35.828,1.24699,1.24722,3.75,1.50
2011.09.14 17:09:38.607,1.24699,1.24722,2.25,1.50
2011.09.14 17:09:39.300,1.24699,1.24722,3.75,1.50
2011.09.14 17:09:39.831,1.24699,1.24722,2.25,1.50
2011.09.14 17:09:40.523,1.24699,1.24722,2.25,1.50
2011.09.14 17:09:42.709,1.24699,1.24722,2.25,1.50
2011.09.14 17:09:43.217,1.24699,1.24722,2.25,1.50
2011.09.14 17:09:54.833,1.24699,1.24722,2.25,1.50
2011.09.14 17:09:55.431,1.24699,1.24721,1.50,1.50
2011.09.14 17:09:55.791,1.24684,1.24721,2.25,1.50
2011.09.14 17:09:55.910,1.24684,1.24721,2.25,1.50
2011.09.14 17:09:57.850,1.24686,1.24722,1.50,2.25
2011.09.14 17:09:58.209,1.24676,1.24711,1.50,1.50
2011.09.14 17:09:58.330,1.24673,1.24714,1.50,4.13
2011.09.14 17:09:58.560,1.24673,1.24714,1.50,4.13
2011.09.14 17:09:58.677,1.2467,1.24714,1.50,4.13
2011.09.14 17:09:58.801,1.2467,1.24714,1.50,4.13
2011.09.14 17:09:59.406,1.2467,1.24714,1.50,4.13
2011.09.14 17:09:59.528,1.2467,1.24714,1.50,4.13
2011.09.14 17:09:59.648,1.2467,1.24714,1.50,4.13
2011.09.14 17:10:00.570,1.2467,1.24714,1.50,3.38
2011.09.14 17:10:00.713,1.24685,1.24714,1.50,1.88
2011.09.14 17:10:00.836,1.24688,1.24717,1.50,1.50
2011.09.14 17:10:01.085,1.24688,1.24722,1.50,1.50
2011.09.14 17:10:01.209,1.24688,1.24722,1.50,2.25
2011.09.14 17:10:01.333,1.24686,1.24722,1.50,1.50
2011.09.14 17:10:01.731,1.24686,1.2472,1.50,1.50
2011.09.14 17:10:02.070,1.24686,1.24722,1.50,1.50
2011.09.14 17:10:02.598,1.24686,1.24721,1.50,1.50
2011.09.14 17:10:04.193,1.24691,1.24722,4.50,1.50
2011.09.14 17:10:04.782,1.24699,1.24721,1.50,1.50
2011.09.14 17:10:05.129,1.2469,1.24721,1.50,1.50
2011.09.14 17:10:05.248,1.2469,1.24721,1.50,1.50
2011.09.14 17:10:05.882,1.2469,1.24722,1.50,1.50
2011.09.14 17:10:06.565,1.2469,1.24721,1.50,1.50
2011.09.14 17:10:07.118,1.2469,1.24722,1.50,1.50
2011.09.14 17:10:07.242,1.24689,1.24721,2.25,1.50
2011.09.14 17:10:07.810,1.24688,1.24721,1.50,1.50
2011.09.14 17:10:10.208,1.24688,1.24722,1.50,1.50
2011.09.14 17:10:10.790,1.24688,1.24722,1.50,1.50
2011.09.14 17:10:11.701,1.24688,1.24722,1.50,1.50
2011.09.14 17:10:12.252,1.24688,1.24722,1.50,1.50
2011.09.14 17:10:14.987,1.24688,1.24722,1.50,1.50
2011.09.14 17:10:15.483,1.2469,1.24722,2.25,1.50
2011.09.14 17:10:17.639,1.2469,1.24722,2.25,1.50
2011.09.14 17:10:18.003,1.24696,1.24722,1.50,1.50
2011.09.14 17:10:18.616,1.24696,1.24721,1.50,1.50
2011.09.14 17:10:21.078,1.2469,1.24722,2.25,1.50
2011.09.14 17:10:21.200,1.24692,1.24722,4.50,1.50
2011.09.14 17:10:22.500,1.247,1.24721,1.50,1.50
2011.09.14 17:10:23.869,1.247,1.24722,1.50,1.50
2011.09.14 17:10:24.681,1.24704,1.24722,1.50,1.50
2011.09.14 17:10:25.473,1.24704,1.24722,1.50,1.50
2011.09.14 17:10:26.592,1.24702,1.24722,1.50,1.50
2011.09.14 17:10:26.711,1.24705,1.24722,1.50,1.50
2011.09.14 17:10:30.538,1.24704,1.24722,1.50,1.50
2011.09.14 17:10:31.098,1.24704,1.24721,1.50,1.50
2011.09.14 17:10:44.687,1.24703,1.24722,1.50,1.50
2011.09.14 17:10:45.371,1.24703,1.24722,1.50,1.50
2011.09.14 17:10:51.052,1.24705,1.24721,1.50,1.50
2011.09.14 17:10:56.631,1.24717,1.24732,4.50,1.50
2011.09.14 17:10:56.873,1.24717,1.24753,1.50,1.50
2011.09.14 17:10:57.593,1.24716,1.24753,1.50,2.63
2011.09.14 17:10:58.168,1.24717,1.24753,1.50,2.63
2011.09.14 17:10:58.289,1.24716,1.24753,1.50,3.38
2011.09.14 17:10:58.524,1.24706,1.2475,2.25,2.25
2011.09.14 17:10:58.771,1.24706,1.24744,2.25,2.63
2011.09.14 17:11:00.670,1.24706,1.24744,2.25,2.63
2011.09.14 17:11:07.296,1.24715,1.24753,1.50,1.50
2011.09.14 17:11:09.669,1.24712,1.24752,1.50,1.50
2011.09.14 17:11:09.790,1.24711,1.24752,1.50,2.25
2011.09.14 17:11:10.603,1.24711,1.24752,1.50,2.25
2011.09.14 17:11:11.772,1.24711,1.24752,1.50,1.50
2011.09.14 17:11:12.368,1.24716,1.24763,4.50,1.16
2011.09.14 17:11:12.492,1.24724,1.24765,1.50,1.13
2011.09.14 17:11:12.732,1.24723,1.24761,4.50,1.50
2011.09.14 17:11:13.082,1.2473,1.24761,4.50,1.50
2011.09.14 17:11:13.669,1.24731,1.24762,1.50,1.50
2011.09.14 17:11:14.109,1.24731,1.24761,1.50,1.50
2011.09.14 17:11:14.242,1.24718,1.2476,2.25,1.50
2011.09.14 17:11:14.361,1.24717,1.24757,1.50,1.50
2011.09.14 17:11:14.482,1.24716,1.24754,1.50,1.88
2011.09.14 17:11:19.640,1.24716,1.24754,1.50,1.88
2011.09.14 17:11:20.081,1.24716,1.24754,1.50,1.88
2011.09.14 17:11:20.847,1.24718,1.24753,1.50,1.88
2011.09.14 17:11:20.973,1.24721,1.24753,1.50,1.88
2011.09.14 17:11:21.486,1.24716,1.24753,1.50,1.88
2011.09.14 17:11:21.624,1.24716,1.24757,1.50,1.50
2011.09.14 17:11:23.115,1.24714,1.24756,1.50,1.50
2011.09.14 17:11:23.679,1.24716,1.24756,1.50,1.50
2011.09.14 17:11:24.148,1.24715,1.24756,1.50,1.50
2011.09.14 17:11:24.881,1.24715,1.24751,1.50,1.50
2011.09.14 17:11:26.746,1.24716,1.24751,4.50,1.50
2011.09.14 17:11:26.882,1.24708,1.24746,1.50,1.13
2011.09.14 17:11:27.233,1.2471,1.24743,1.50,1.88
2011.09.14 17:11:27.471,1.2471,1.24751,1.50,2.25
2011.09.14 17:11:27.596,1.24708,1.24751,1.50,2.25
2011.09.14 17:11:27.725,1.24711,1.24752,1.50,2.25
2011.09.14 17:11:27.850,1.2471,1.2475,1.50,1.50
2011.09.14 17:11:28.447,1.24708,1.24748,1.50,1.50
2011.09.14 17:11:28.574,1.24701,1.24743,1.50,1.50
2011.09.14 17:11:28.694,1.24697,1.24744,1.50,2.63
2011.09.14 17:11:29.274,1.24696,1.24737,1.50,2.25
2011.09.14 17:11:29.394,1.24687,1.24732,1.50,1.50
2011.09.14 17:11:30.579,1.24688,1.24732,1.50,1.50
2011.09.14 17:11:34.203,1.24687,1.24732,1.50,1.50
2011.09.14 17:11:34.569,1.24687,1.24722,1.50,1.50
2011.09.14 17:11:35.238,1.24677,1.2472,2.25,1.50
2011.09.14 17:11:35.368,1.24677,1.2472,1.50,1.50
2011.09.14 17:11:35.681,1.24677,1.2472,1.50,1.50
2011.09.14 17:11:36.236,1.24682,1.24723,1.50,1.50
2011.09.14 17:11:36.483,1.24683,1.24725,1.50,2.25
2011.09.14 17:11:36.755,1.24683,1.24725,1.50,1.50
2011.09.14 17:11:37.975,1.24686,1.24725,1.50,1.50
2011.09.14 17:11:38.682,1.24689,1.24728,1.50,1.50
2011.09.14 17:11:38.804,1.24689,1.24731,1.50,2.25
2011.09.14 17:11:39.494,1.24688,1.24731,1.50,1.50
2011.09.14 17:11:40.525,1.24689,1.24731,1.50,2.25
2011.09.14 17:11:40.981,1.24688,1.24731,2.25,3.00
2011.09.14 17:11:41.549,1.24688,1.24731,1.50,1.50
2011.09.14 17:11:48.780,1.24688,1.24731,2.25,1.50
2011.09.14 17:11:49.012,1.24688,1.24731,1.50,1.50
2011.09.14 17:11:49.472,1.24689,1.24731,1.50,1.50
2011.09.14 17:11:51.181,1.24689,1.24733,1.50,1.50
2011.09.14 17:11:51.544,1.24707,1.24736,1.50,1.50
2011.09.14 17:11:51.678,1.2471,1.24748,1.50,1.50
2011.09.14 17:11:51.806,1.2471,1.24752,1.50,2.25
2011.09.14 17:11:51.932,1.24712,1.24752,1.50,1.50
2011.09.14 17:11:52.457,1.24709,1.24752,1.50,2.25
2011.09.14 17:11:52.592,1.24709,1.24751,2.25,2.25
2011.09.14 17:11:52.820,1.24711,1.24752,1.50,1.50
2011.09.14 17:11:53.423,1.24711,1.24751,1.50,1.50
2011.09.14 17:11:54.658,1.24711,1.24754,1.50,2.63
2011.09.14 17:11:56.302,1.24709,1.24754,1.50,3.38
2011.09.14 17:11:56.699,1.24707,1.24748,2.25,1.50
2011.09.14 17:11:58.138,1.24707,1.24748,1.50,1.50
2011.09.14 17:12:02.080,1.24709,1.24754,1.50,3.38
2011.09.14 17:12:02.430,1.24712,1.24754,1.50,2.63
2011.09.14 17:12:03.819,1.24718,1.24756,1.50,2.25
2011.09.14 17:12:04.181,1.2471,1.24754,1.50,1.50
2011.09.14 17:12:12.680,1.24709,1.24754,1.50,2.63
2011.09.14 17:12:15.869,1.24707,1.24751,1.50,2.25
2011.09.14 17:12:16.770,1.24707,1.24752,1.50,1.50
2011.09.14 17:12:21.370,1.24707,1.24751,1.50,6.00
2011.09.14 17:12:21.610,1.24707,1.24751,1.50,2.25
2011.09.14 17:12:21.729,1.24709,1.24751,1.50,2.25
2011.09.14 17:12:21.854,1.24711,1.24752,1.50,2.25
2011.09.14 17:12:22.672,1.24711,1.24751,1.50,1.50
2011.09.14 17:12:22.796,1.24709,1.24751,1.50,1.50
2011.09.14 17:12:23.879,1.24709,1.24752,1.50,1.50
2011.09.14 17:12:24.251,1.24709,1.24752,1.50,1.50
2011.09.14 17:12:24.711,1.24712,1.24752,1.50,1.50
2011.09.14 17:12:24.831,1.24712,1.24756,1.50,3.75
2011.09.14 17:12:25.170,1.24712,1.24756,1.50,3.00
2011.09.14 17:12:26.739,1.24712,1.24755,1.50,1.50
2011.09.14 17:12:26.971,1.24709,1.24753,1.50,1.88
2011.09.14 17:12:27.521,1.24709,1.24753,1.50,2.63
2011.09.14 17:12:29.683,1.24709,1.24755,1.50,1.13
2011.09.14 17:12:29.802,1.24711,1.24755,1.50,1.88
2011.09.14 17:12:30.141,1.2471,1.24755,1.50,2.25
2011.09.14 17:12:30.257,1.24713,1.24755,1.50,2.25
2011.09.14 17:12:30.540,1.24712,1.24755,1.50,2.25
2011.09.14 17:12:33.754,1.24713,1.24755,1.50,2.25
2011.09.14 17:12:34.977,1.24713,1.24751,1.50,1.50
2011.09.14 17:12:36.986,1.24713,1.24752,1.50,1.50
2011.09.14 17:12:37.579,1.24709,1.24751,1.50,1.50
2011.09.14 17:12:38.056,1.24707,1.24743,1.50,1.50
2011.09.14 17:12:38.291,1.24702,1.24743,1.50,1.50
2011.09.14 17:12:43.539,1.24709,1.24752,2.25,2.25
2011.09.14 17:12:44.097,1.24714,1.24752,1.50,1.50
2011.09.14 17:12:44.680,1.24714,1.24751,1.50,1.50
2011.09.14 17:12:47.179,1.24709,1.24752,1.50,1.50
2011.09.14 17:12:47.837,1.24703,1.24744,1.50,1.50
2011.09.14 17:12:48.240,1.24703,1.24744,1.50,1.50
2011.09.14 17:12:48.794,1.24703,1.24744,1.50,1.50
2011.09.14 17:12:50.611,1.24699,1.24748,1.50,1.50
2011.09.14 17:12:52.042,1.24705,1.24745,1.50,2.25
2011.09.14 17:12:52.652,1.24706,1.24745,1.50,1.50
2011.09.14 17:12:55.281,1.24706,1.24745,1.50,1.50
2011.09.14 17:12:55.946,1.24706,1.24745,1.50,1.50
2011.09.14 17:12:57.052,1.24701,1.2474,1.50,1.50
2011.09.14 17:12:57.291,1.24701,1.24744,2.25,1.13
2011.09.14 17:12:57.870,1.24699,1.24743,1.50,2.63
2011.09.14 17:12:57.990,1.24697,1.24743,2.25,2.63
2011.09.14 17:12:58.222,1.24697,1.24743,2.25,2.63
2011.09.14 17:13:08.734,1.24699,1.24742,1.50,1.50
2011.09.14 17:13:09.490,1.24703,1.24742,1.50,1.50
2011.09.14 17:13:09.829,1.24709,1.24748,1.50,2.25
2011.09.14 17:13:10.279,1.2471,1.24756,1.50,1.50
2011.09.14 17:13:12.174,1.24713,1.24756,1.50,3.00
2011.09.14 17:13:12.292,1.24713,1.24756,1.50,3.00
2011.09.14 17:13:12.412,1.24713,1.24756,1.50,1.50
2011.09.14 17:13:12.751,1.24714,1.24756,1.50,2.25
2011.09.14 17:13:13.089,1.24714,1.24757,1.50,2.25
2011.09.14 17:13:14.241,1.2471,1.24756,1.50,2.25
2011.09.14 17:13:14.590,1.24722,1.24757,1.50,1.50
2011.09.14 17:13:14.709,1.24722,1.24762,1.50,2.25
2011.09.14 17:13:14.829,1.2472,1.24762,1.50,2.25
2011.09.14 17:13:19.010,1.24721,1.24762,1.50,2.25
2011.09.14 17:13:19.780,1.2472,1.24762,1.50,2.25
2011.09.14 17:13:22.113,1.24721,1.24761,1.50,2.25
2011.09.14 17:13:23.030,1.2472,1.24762,2.25,2.25
2011.09.14 17:13:23.402,1.2472,1.24762,1.50,2.25
2011.09.14 17:13:24.640,1.24717,1.24757,2.25,1.50
2011.09.14 17:13:24.763,1.24714,1.24757,1.50,1.50
2011.09.14 17:13:26.011,1.24714,1.24756,1.50,2.25
2011.09.14 17:13:30.432,1.24715,1.24756,1.50,2.25
2011.09.14 17:13:33.410,1.24716,1.24756,1.50,2.25
2011.09.14 17:13:33.530,1.24716,1.24756,1.50,1.50
2011.09.14 17:13:34.125,1.24711,1.24757,1.50,2.25
2011.09.14 17:13:34.707,1.24711,1.24757,1.50,2.25
2011.09.14 17:13:35.244,1.24711,1.24756,1.50,1.50
2011.09.14 17:13:36.039,1.24711,1.24757,1.50,2.25
2011.09.14 17:13:37.696,1.24703,1.24719,1.50,1.95
2011.09.14 17:13:37.945,1.2469,1.24716,2.43,1.50
2011.09.14 17:13:38.073,1.24659,1.24713,3.00,2.63
2011.09.14 17:13:38.193,1.24652,1.24713,1.50,2.63
2011.09.14 17:13:38.550,1.24645,1.24711,1.50,2.25
2011.09.14 17:13:39.348,1.24645,1.24692,1.50,1.50
2011.09.14 17:13:40.680,1.24646,1.24696,2.25,4.50
2011.09.14 17:13:41.018,1.24646,1.24694,2.25,1.50
2011.09.14 17:13:43.702,1.24651,1.24685,1.50,1.50
2011.09.14 17:13:43.944,1.24638,1.24685,1.50,1.50
2011.09.14 17:13:44.064,1.24646,1.24687,1.50,2.25
2011.09.14 17:13:44.184,1.24647,1.24687,1.50,1.50
2011.09.14 17:13:44.838,1.24651,1.24693,1.50,1.50
2011.09.14 17:13:45.465,1.24656,1.24694,1.50,1.50
2011.09.14 17:13:45.598,1.24656,1.24697,2.25,1.50
2011.09.14 17:13:46.203,1.24656,1.24678,1.50,4.50
2011.09.14 17:13:46.447,1.24638,1.24666,2.25,4.50
2011.09.14 17:13:47.019,1.24637,1.24671,1.50,1.50
2011.09.14 17:13:47.140,1.24639,1.24671,2.25,1.50
2011.09.14 17:13:47.502,1.24651,1.24687,1.50,1.50
2011.09.14 17:13:47.873,1.24649,1.2469,1.50,1.50
2011.09.14 17:13:47.997,1.24651,1.24695,1.50,1.50
2011.09.14 17:13:50.251,1.24651,1.2469,1.50,4.50
2011.09.14 17:13:50.371,1.24648,1.2469,1.50,4.50
2011.09.14 17:13:58.603,1.24648,1.24683,1.50,4.50
2011.09.14 17:13:58.726,1.24648,1.24686,1.50,1.50
2011.09.14 17:13:59.386,1.24651,1.24692,1.50,4.50
2011.09.14 17:14:00.178,1.24648,1.24692,1.50,4.50
2011.09.14 17:14:00.629,1.24646,1.24661,1.50,4.50
2011.09.14 17:14:00.872,1.24633,1.24661,1.50,4.50
2011.09.14 17:14:01.209,1.24626,1.24661,1.50,4.50
2011.09.14 17:14:01.439,1.24624,1.24661,1.50,4.50
2011.09.14 17:14:02.601,1.24626,1.24661,1.50,4.50
2011.09.14 17:14:02.723,1.24626,1.24661,1.50,4.50
2011.09.14 17:14:03.430,1.24626,1.24661,1.50,4.50
2011.09.14 17:14:03.775,1.24624,1.24661,1.50,4.50
2011.09.14 17:14:06.397,1.24624,1.24663,1.50,2.63
2011.09.14 17:14:06.521,1.2463,1.24672,1.38,3.00
2011.09.14 17:14:06.860,1.24635,1.24671,1.50,2.25
2011.09.14 17:14:22.309,1.24636,1.24679,1.50,1.50
2011.09.14 17:14:22.475,1.24636,1.24679,1.50,1.50
2011.09.14 17:14:22.820,1.24635,1.24679,1.50,5.25
2011.09.14 17:14:28.897,1.24635,1.24673,1.50,4.50
2011.09.14 17:14:33.233,1.24635,1.24674,1.50,2.63
2011.09.14 17:14:33.352,1.24626,1.24672,1.50,4.05
2011.09.14 17:14:35.125,1.24623,1.24672,1.50,4.05
2011.09.14 17:14:35.734,1.24626,1.24669,2.25,1.50
2011.09.14 17:14:35.971,1.24626,1.24667,1.50,1.50
2011.09.14 17:14:36.335,1.24626,1.24672,1.50,1.50
2011.09.14 17:14:36.847,1.24626,1.2467,1.50,1.50
2011.09.14 17:14:37.884,1.24631,1.2467,1.50,1.50
2011.09.14 17:14:38.524,1.24627,1.2467,1.50,1.50
2011.09.14 17:14:38.650,1.24626,1.24672,1.50,1.50
2011.09.14 17:14:39.183,1.24626,1.24672,1.50,1.50
2011.09.14 17:14:40.093,1.24626,1.24672,2.25,3.00
2011.09.14 17:14:40.439,1.24626,1.2467,3.00,1.50
2011.09.14 17:14:41.819,1.24626,1.24672,3.00,1.50
2011.09.14 17:14:42.180,1.24631,1.24673,1.50,1.50
2011.09.14 17:14:42.544,1.24636,1.24679,1.50,1.50
2011.09.14 17:14:43.260,1.24636,1.24684,1.50,3.38
2011.09.14 17:14:50.231,1.24635,1.24684,1.50,3.38
2011.09.14 17:14:53.477,1.24635,1.24671,1.50,1.50
2011.09.14 17:14:54.821,1.2463,1.24671,1.50,1.50
2011.09.14 17:14:54.939,1.24627,1.24671,1.50,1.50
2011.09.14 17:14:55.509,1.2463,1.24671,1.50,1.50
2011.09.14 17:14:55.632,1.2463,1.24671,1.50,1.50
2011.09.14 17:14:55.754,1.2463,1.24671,1.50,1.50
2011.09.14 17:14:56.608,1.24627,1.24673,1.50,1.50
2011.09.14 17:14:56.730,1.24627,1.24669,2.25,1.50
2011.09.14 17:14:57.080,1.24627,1.24667,1.50,1.50
2011.09.14 17:14:58.615,1.24628,1.24667,1.50,1.50
2011.09.14 17:14:58.984,1.24628,1.24667,1.50,1.50
2011.09.14 17:14:59.807,1.24632,1.24671,1.50,1.50
2011.09.14 17:15:00.500,1.24632,1.24673,1.50,1.50
2011.09.14 17:15:00.621,1.24631,1.24673,1.50,1.50
2011.09.14 17:15:01.644,1.24632,1.24673,1.50,1.50
2011.09.14 17:15:01.760,1.24631,1.24673,1.50,1.50
2011.09.14 17:15:01.884,1.24632,1.24671,1.50,1.50
2011.09.14 17:15:02.694,1.24627,1.24673,2.25,1.50
2011.09.14 17:15:03.713,1.24627,1.24673,1.50,1.50
2011.09.14 17:15:04.281,1.24627,1.24669,1.50,1.50
2011.09.14 17:15:05.270,1.24627,1.24667,1.50,1.50
2011.09.14 17:15:05.609,1.24627,1.24667,1.50,1.50
2011.09.14 17:15:06.455,1.24627,1.24667,1.50,1.50
2011.09.14 17:15:06.821,1.24627,1.24663,1.50,2.63
2011.09.14 17:15:08.121,1.24627,1.24663,1.50,2.63
2011.09.14 17:15:25.301,1.24627,1.24664,1.50,2.63
2011.09.14 17:15:28.311,1.24627,1.24664,1.50,2.63
2011.09.14 17:15:28.542,1.24626,1.24663,1.50,1.50
2011.09.14 17:15:33.576,1.24626,1.24664,1.50,2.63
2011.09.14 17:15:33.701,1.24627,1.2467,1.50,3.30
2011.09.14 17:15:34.419,1.24628,1.24671,1.50,1.50
2011.09.14 17:15:37.825,1.24628,1.24668,1.50,1.13
2011.09.14 17:15:38.173,1.24627,1.24663,2.25,1.13
2011.09.14 17:15:38.295,1.24627,1.24669,1.50,1.50
2011.09.14 17:15:38.424,1.24627,1.24664,1.50,2.63
2011.09.14 17:15:38.992,1.24625,1.24662,1.50,1.50
2011.09.14 17:15:39.357,1.24622,1.24658,1.50,1.50
2011.09.14 17:15:39.594,1.24625,1.24663,1.50,1.50
2011.09.14 17:15:39.940,1.24616,1.24662,5.43,1.50
2011.09.14 17:15:40.772,1.24623,1.24662,1.50,1.50
2011.09.14 17:15:41.941,1.24625,1.24663,1.50,1.50
2011.09.14 17:15:42.892,1.24625,1.24663,1.50,1.50
2011.09.14 17:15:45.368,1.24625,1.24663,1.50,1.50
2011.09.14 17:15:45.488,1.24625,1.24663,1.50,1.50
2011.09.14 17:15:48.403,1.24622,1.24663,2.25,1.50
2011.09.14 17:15:48.523,1.24625,1.24664,1.38,1.13
2011.09.14 17:15:48.765,1.24629,1.24675,1.35,2.55
2011.09.14 17:15:48.891,1.24638,1.24682,1.50,2.25
2011.09.14 17:15:49.012,1.24638,1.24681,1.50,2.25
2011.09.14 17:15:49.133,1.24638,1.24684,1.50,1.50
2011.09.14 17:15:49.254,1.24637,1.24684,1.50,1.50
2011.09.14 17:15:49.612,1.24636,1.24683,1.50,2.55
2011.09.14 17:15:50.200,1.24638,1.24678,1.50,1.50
2011.09.14 17:15:50.734,1.24637,1.24676,1.50,1.50
2011.09.14 17:15:51.991,1.24636,1.24683,1.50,2.55
2011.09.14 17:15:59.903,1.24636,1.24684,1.50,4.13
2011.09.14 17:16:00.020,1.24636,1.24684,1.50,5.93
2011.09.14 17:16:00.588,1.24627,1.24673,2.25,1.50
2011.09.14 17:16:01.899,1.24627,1.24671,2.25,1.50
2011.09.14 17:16:02.496,1.24627,1.24648,2.25,4.50
2011.09.14 17:16:02.632,1.24623,1.2465,1.50,2.25
2011.09.14 17:16:02.760,1.24609,1.2465,1.50,1.50
2011.09.14 17:16:02.884,1.24608,1.24651,1.50,2.55
2011.09.14 17:16:03.005,1.24604,1.2465,1.50,1.50
2011.09.14 17:16:03.136,1.24604,1.2465,1.50,2.25
2011.09.14 17:16:03.262,1.24604,1.2465,1.50,6.00
2011.09.14 17:16:03.382,1.24604,1.24646,1.50,1.50
2011.09.14 17:16:03.502,1.24604,1.24646,1.50,5.25
2011.09.14 17:16:03.745,1.24597,1.24642,1.50,1.50
2011.09.14 17:16:03.875,1.24593,1.24641,3.00,1.50
2011.09.14 17:16:04.006,1.24593,1.24642,3.00,1.50
2011.09.14 17:16:04.371,1.24593,1.24641,1.50,1.50
2011.09.14 17:16:06.980,1.24597,1.24641,2.25,1.50
2011.09.14 17:16:17.328,1.24601,1.24641,1.50,1.50
2011.09.14 17:16:18.614,1.24597,1.24641,2.25,1.50
2011.09.14 17:16:18.965,1.24603,1.24645,1.50,1.50
2011.09.14 17:16:19.097,1.24607,1.24651,1.50,1.50
2011.09.14 17:16:19.225,1.24614,1.24653,1.50,1.50
2011.09.14 17:16:19.640,1.24621,1.24661,1.50,1.50
2011.09.14 17:16:19.769,1.24621,1.24663,1.50,1.50
2011.09.14 17:16:21.477,1.24621,1.24663,1.50,1.50
2011.09.14 17:16:33.623,1.24621,1.24663,1.50,1.50
2011.09.14 17:16:33.851,1.24621,1.24663,1.50,1.50
2011.09.14 17:16:41.593,1.24617,1.24663,1.50,1.50
2011.09.14 17:16:41.716,1.24617,1.24653,1.50,1.50
2011.09.14 17:16:41.841,1.24614,1.24652,1.50,1.50
2011.09.14 17:16:42.080,1.24609,1.24652,1.50,1.50
2011.09.14 17:16:43.701,1.24612,1.24652,1.50,1.50
2011.09.14 17:16:44.059,1.24609,1.24652,1.50,1.50
2011.09.14 17:16:46.669,1.24604,1.24653,1.50,1.50
2011.09.14 17:16:46.792,1.24604,1.24643,2.25,1.50
2011.09.14 17:16:47.153,1.24581,1.24616,1.38,4.50
2011.09.14 17:16:47.511,1.24599,1.24611,3.03,1.50
2011.09.14 17:16:47.761,1.24599,1.24611,3.03,1.50
2011.09.14 17:16:48.571,1.24572,1.24611,1.38,1.50
2011.09.14 17:16:48.910,1.24575,1.24611,1.50,1.50
2011.09.14 17:16:51.701,1.24573,1.24609,1.50,1.50
2011.09.14 17:16:51.822,1.2457,1.24609,2.25,1.50
2011.09.14 17:16:52.059,1.24568,1.24603,2.25,2.63
2011.09.14 17:16:52.901,1.24566,1.24603,1.50,2.63
2011.09.14 17:16:54.366,1.24569,1.24609,1.50,2.55
2011.09.14 17:16:54.921,1.24569,1.2461,1.50,1.50
2011.09.14 17:16:55.260,1.24572,1.24611,1.50,1.50
2011.09.14 17:16:56.049,1.24573,1.24611,2.88,1.50
2011.09.14 17:16:58.403,1.24576,1.24611,1.50,1.50
2011.09.14 17:16:58.874,1.24581,1.24611,1.38,1.50
2011.09.14 17:16:59.000,1.24585,1.24623,1.38,1.50
2011.09.14 17:16:59.124,1.24585,1.24628,1.50,1.50
2011.09.14 17:17:00.391,1.24588,1.24629,1.50,1.50
2011.09.14 17:17:00.740,1.24588,1.24629,1.50,1.50
2011.09.14 17:17:00.861,1.24593,1.24635,1.50,1.50
2011.09.14 17:17:01.532,1.24593,1.24637,2.25,3.00
2011.09.14 17:17:01.893,1.24596,1.24639,1.38,1.50
2011.09.14 17:17:02.680,1.24599,1.24639,2.88,1.50
2011.09.14 17:17:11.939,1.24599,1.24639,2.13,1.50
2011.09.14 17:17:12.281,1.24597,1.24637,1.50,1.50
2011.09.14 17:17:19.040,1.24597,1.24637,1.50,1.50
2011.09.14 17:17:19.385,1.24594,1.24637,2.13,1.50
2011.09.14 17:17:19.925,1.24594,1.24637,2.13,1.50
2011.09.14 17:17:21.839,1.24594,1.24637,2.13,1.50
2011.09.14 17:17:23.067,1.24593,1.24638,4.38,1.50
2011.09.14 17:17:30.691,1.24597,1.24639,1.50,2.25
2011.09.14 17:17:35.071,1.24597,1.24639,1.50,1.50
2011.09.14 17:17:35.314,1.24597,1.24639,1.50,2.25
2011.09.14 17:17:35.900,1.24597,1.24639,1.50,1.50
2011.09.14 17:17:36.857,1.24597,1.24639,1.50,2.25
2011.09.14 17:17:36.979,1.24597,1.24634,1.50,1.88
2011.09.14 17:17:37.318,1.24593,1.24634,2.25,2.63
2011.09.14 17:17:49.363,1.24594,1.24634,1.50,1.88
2011.09.14 17:17:49.483,1.24599,1.24634,2.25,1.88
2011.09.14 17:17:49.724,1.24602,1.24639,2.13,1.50
2011.09.14 17:17:50.220,1.24604,1.24643,1.50,3.38
2011.09.14 17:17:50.350,1.2461,1.24649,1.50,1.50
2011.09.14 17:17:52.111,1.2461,1.24652,1.50,2.25
2011.09.14 17:17:54.140,1.2461,1.24652,1.50,1.50
2011.09.14 17:17:54.262,1.24611,1.24652,1.38,1.50
2011.09.14 17:17:55.208,1.2461,1.24652,1.50,1.50
2011.09.14 17:18:08.344,1.24614,1.24653,2.25,1.50
2011.09.14 17:18:08.586,1.24608,1.24652,1.38,1.50
2011.09.14 17:18:08.833,1.24602,1.24641,1.50,3.30
2011.09.14 17:18:10.783,1.24602,1.24641,1.50,2.55
2011.09.14 17:18:11.556,1.24604,1.24645,1.50,1.50
2011.09.14 17:18:12.669,1.24604,1.24649,1.50,1.50
2011.09.14 17:18:31.371,1.24604,1.24648,1.50,1.50
2011.09.14 17:18:40.161,1.24604,1.2465,1.50,1.50
2011.09.14 17:18:48.275,1.24608,1.24652,1.50,1.50
2011.09.14 17:18:48.624,1.24604,1.2465,1.50,1.50
2011.09.14 17:18:48.742,1.24604,1.24643,1.50,1.50
2011.09.14 17:18:56.092,1.24604,1.24648,3.93,1.50
2011.09.14 17:18:56.210,1.24604,1.24648,3.93,1.50
2011.09.14 17:18:57.889,1.24605,1.24648,1.50,1.50
2011.09.14 17:19:02.162,1.24604,1.24648,4.05,1.50
2011.09.14 17:19:05.426,1.24604,1.24649,4.68,1.50
2011.09.14 17:19:06.218,1.24606,1.2465,1.50,1.50
2011.09.14 17:19:10.500,1.24611,1.24652,2.88,1.50
2011.09.14 17:19:17.457,1.24611,1.24654,2.25,2.63
2011.09.14 17:19:17.497,1.24614,1.24654,1.50,2.63
2011.09.14 17:19:17.630,1.24612,1.24654,1.38,2.63
2011.09.14 17:19:19.314,1.24612,1.24653,2.88,1.88
2011.09.14 17:19:19.651,1.24615,1.24653,2.13,2.63
2011.09.14 17:19:19.990,1.24612,1.24653,2.13,2.63
2011.09.14 17:19:21.074,1.24614,1.24653,1.50,2.63
2011.09.14 17:19:21.828,1.24611,1.24653,2.88,2.63
2011.09.14 17:19:28.269,1.24614,1.24653,1.50,2.63
2011.09.14 17:19:28.983,1.24616,1.24653,1.50,1.88
2011.09.14 17:19:29.379,1.24616,1.24653,1.50,2.63
2011.09.14 17:19:29.500,1.24616,1.24653,1.50,2.63
2011.09.14 17:19:30.440,1.24611,1.24653,2.88,2.63
2011.09.14 17:19:31.499,1.24616,1.24653,1.50,2.63
2011.09.14 17:19:32.242,1.24612,1.24653,1.50,2.63
2011.09.14 17:19:48.545,1.24616,1.24654,1.50,2.63
2011.09.14 17:19:50.449,1.24614,1.24644,1.50,1.88
2011.09.14 17:19:52.537,1.24617,1.24644,1.50,1.88
2011.09.14 17:19:53.098,1.24616,1.24644,1.50,1.88
2011.09.14 17:19:53.743,1.24612,1.24644,1.38,1.88
2011.09.14 17:19:54.879,1.24612,1.24644,1.38,1.88
2011.09.14 17:19:58.810,1.24612,1.24653,1.38,1.50
2011.09.14 17:19:58.929,1.24612,1.24654,2.13,3.38
2011.09.14 17:19:59.270,1.24611,1.24653,2.25,1.50
2011.09.14 17:19:59.503,1.24612,1.2465,1.38,1.50
2011.09.14 17:19:59.620,1.24611,1.24644,2.88,1.88
2011.09.14 17:20:04.154,1.24612,1.24644,1.50,1.88
2011.09.14 17:20:04.785,1.24611,1.24644,1.50,1.88
2011.09.14 17:20:08.201,1.24612,1.24644,1.50,1.88
2011.09.14 17:20:08.321,1.24612,1.24654,2.13,2.63
2011.09.14 17:20:08.778,1.24612,1.24654,2.88,2.63
2011.09.14 17:20:09.024,1.24612,1.24653,1.50,1.50
2011.09.14 17:20:09.141,1.24612,1.24651,1.50,1.50
2011.09.14 17:20:09.263,1.24612,1.24644,1.50,1.88
2011.09.14 17:20:17.963,1.24612,1.24644,1.50,1.88
2011.09.14 17:20:18.080,1.24611,1.24644,1.50,1.88
2011.09.14 17:20:23.339,1.24613,1.24644,1.50,1.88
2011.09.14 17:20:23.469,1.24613,1.24654,1.50,1.88
2011.09.14 17:20:25.879,1.24609,1.24654,3.30,2.63
2011.09.14 17:20:26.109,1.24609,1.24654,2.55,3.38
2011.09.14 17:20:26.229,1.24607,1.24644,1.38,1.88
2011.09.14 17:20:26.461,1.24612,1.24654,1.50,2.63
2011.09.14 17:20:26.908,1.24613,1.24654,2.55,3.38
2011.09.14 17:20:27.251,1.24607,1.24643,3.30,1.88
2011.09.14 17:20:30.300,1.24612,1.24654,2.55,2.63
2011.09.14 17:20:30.428,1.24612,1.24654,3.30,1.88
2011.09.14 17:20:30.554,1.24612,1.24654,1.50,2.63
2011.09.14 17:20:30.672,1.24609,1.24654,1.50,3.38
2011.09.14 17:20:31.175,1.24609,1.24643,1.50,1.88
2011.09.14 17:20:33.838,1.2461,1.24654,1.50,3.38
2011.09.14 17:20:33.959,1.24613,1.24654,1.50,2.63
2011.09.14 17:20:34.080,1.24613,1.24654,1.50,1.88
2011.09.14 17:20:34.782,1.24613,1.24654,1.50,1.88
2011.09.14 17:20:35.490,1.24613,1.24654,1.50,1.88
2011.09.14 17:20:37.359,1.24615,1.24654,1.50,1.88
2011.09.14 17:20:38.911,1.24618,1.24662,1.50,1.50
2011.09.14 17:20:39.151,1.2462,1.24659,1.50,1.50
2011.09.14 17:20:39.600,1.2462,1.24654,1.50,1.88
2011.09.14 17:20:41.266,1.24615,1.24654,1.50,2.63
2011.09.14 17:20:41.392,1.24615,1.24653,1.50,5.25
2011.09.14 17:20:41.517,1.24612,1.24651,2.55,1.50
2011.09.14 17:20:41.756,1.24604,1.24644,3.00,2.63
2011.09.14 17:20:42.560,1.24606,1.24644,1.50,2.63
2011.09.14 17:20:42.680,1.24606,1.2465,2.25,1.50
2011.09.14 17:20:42.801,1.24606,1.24651,2.25,2.25
2011.09.14 17:20:43.347,1.24607,1.2465,3.30,1.13
2011.09.14 17:20:43.673,1.24607,1.24643,4.68,1.88
2011.09.14 17:20:58.903,1.24611,1.24643,1.50,1.88
2011.09.14 17:20:59.422,1.24608,1.24643,1.50,1.88
2011.09.14 17:20:59.551,1.24604,1.24649,2.13,1.50
2011.09.14 17:20:59.794,1.24608,1.24644,1.50,2.63
2011.09.14 17:21:02.070,1.24606,1.24644,1.50,2.63
2011.09.14 17:21:03.119,1.24605,1.24646,1.50,1.50
2011.09.14 17:21:03.646,1.24599,1.24633,2.25,1.50
2011.09.14 17:21:03.765,1.24596,1.24638,1.50,1.50
2011.09.14 17:21:04.004,1.24603,1.24639,2.55,1.50
2011.09.14 17:21:04.122,1.24603,1.24641,4.05,1.50
2011.09.14 17:21:04.350,1.24604,1.24641,1.13,1.50
2011.09.14 17:21:04.920,1.24605,1.24642,1.13,1.50
2011.09.14 17:21:05.079,1.24605,1.24647,1.13,1.50
2011.09.14 17:21:07.094,1.24606,1.24647,1.13,1.50
2011.09.14 17:21:07.211,1.24606,1.24648,1.88,1.50
2011.09.14 17:21:07.740,1.24609,1.24649,1.80,1.50
2011.09.14 17:21:08.084,1.24609,1.24651,2.55,1.50
2011.09.14 17:21:09.751,1.24609,1.24651,2.55,1.50
2011.09.14 17:21:12.763,1.24611,1.24651,1.50,1.50
2011.09.14 17:21:17.214,1.24609,1.24649,2.55,1.50
2011.09.14 17:21:17.956,1.24594,1.24632,1.38,5.25
2011.09.14 17:21:18.092,1.2459,1.24633,2.25,1.50
2011.09.14 17:21:18.669,1.2459,1.24629,1.50,1.50
2011.09.14 17:21:18.901,1.2459,1.24629,1.50,1.50
2011.09.14 17:21:19.258,1.2459,1.24635,1.35,2.55
2011.09.14 17:21:19.386,1.24603,1.24642,1.50,1.50
2011.09.14 17:21:19.630,1.24603,1.24651,1.50,1.50
2011.09.14 17:21:21.376,1.24603,1.24651,1.50,1.50
2011.09.14 17:21:22.015,1.24613,1.24661,1.50,1.50
2011.09.14 17:21:22.135,1.24614,1.24661,1.50,1.50
2011.09.14 17:21:22.269,1.24615,1.24661,1.50,1.50
2011.09.14 17:21:22.392,1.24621,1.24661,1.50,1.50
2011.09.14 17:21:23.096,1.24623,1.24662,1.50,1.50
2011.09.14 17:21:31.281,1.24623,1.24663,1.50,1.50
2011.09.14 17:21:31.887,1.24625,1.24657,1.50,4.50
2011.09.14 17:21:32.016,1.24619,1.24655,2.55,1.50
2011.09.14 17:21:32.148,1.24614,1.24649,1.50,1.50
2011.09.14 17:21:32.399,1.24611,1.24653,1.50,1.50
2011.09.14 17:21:32.526,1.24607,1.24652,1.50,1.50
2011.09.14 17:21:33.100,1.24607,1.24649,1.50,1.50
2011.09.14 17:21:37.441,1.24607,1.24652,2.25,1.50
2011.09.14 17:21:41.681,1.24611,1.24655,1.50,1.50
2011.09.14 17:21:42.801,1.24613,1.24655,2.55,2.25
2011.09.14 17:21:42.923,1.24613,1.24654,2.55,1.50
2011.09.14 17:21:43.153,1.24609,1.24654,1.50,1.50
2011.09.14 17:21:43.276,1.24618,1.24656,1.50,2.25
2011.09.14 17:21:43.405,1.24618,1.24656,1.50,2.25
2011.09.14 17:21:43.533,1.2463,1.24675,1.50,3.70
2011.09.14 17:21:43.653,1.2463,1.24675,1.50,1.50
2011.09.14 17:21:43.775,1.2463,1.24674,1.50,4.50
2011.09.14 17:21:43.892,1.24628,1.24667,1.50,1.50
2011.09.14 17:21:44.506,1.24628,1.24671,1.50,1.50
2011.09.14 17:21:44.634,1.2463,1.24671,1.50,1.50
2011.09.14 17:21:44.753,1.2463,1.24669,1.50,1.50
2011.09.14 17:21:45.320,1.2463,1.24669,1.50,1.50
2011.09.14 17:21:47.963,1.2463,1.24669,1.50,1.50
2011.09.14 17:21:48.699,1.2463,1.24669,1.50,2.25
2011.09.14 17:21:50.144,1.2463,1.24672,1.50,1.50
2011.09.14 17:21:50.681,1.24629,1.2467,1.50,1.50
2011.09.14 17:21:50.809,1.2463,1.24671,1.50,1.50
2011.09.14 17:21:51.895,1.24629,1.2467,1.50,1.50
2011.09.14 17:21:52.429,1.2463,1.24671,1.50,1.50
2011.09.14 17:21:52.554,1.2463,1.24678,1.50,1.50
2011.09.14 17:21:52.673,1.2463,1.24678,1.50,1.50
2011.09.14 17:21:54.302,1.2463,1.24678,1.50,1.50
2011.09.14 17:21:54.543,1.2464,1.24681,1.50,1.50
2011.09.14 17:21:55.120,1.24641,1.24682,1.50,1.50
2011.09.14 17:21:59.470,1.24642,1.24684,1.50,2.25
2011.09.14 17:22:03.353,1.24642,1.24688,1.50,1.50
2011.09.14 17:22:03.471,1.2464,1.24688,1.50,1.50
2011.09.14 17:22:03.712,1.2464,1.24688,1.50,1.50
2011.09.14 17:22:04.732,1.24642,1.24686,1.50,1.50
2011.09.14 17:22:05.662,1.24642,1.24688,1.50,1.50
2011.09.14 17:22:05.782,1.24642,1.24689,1.50,1.50
2011.09.14 17:22:05.901,1.24642,1.2469,1.50,2.25
2011.09.14 17:22:06.360,1.24642,1.24688,1.50,1.50
2011.09.14 17:22:06.480,1.24642,1.24688,1.50,1.50
2011.09.14 17:22:26.758,1.24642,1.2469,1.50,1.50
2011.09.14 17:22:30.309,1.2464,1.24688,1.50,1.50
2011.09.14 17:22:30.915,1.2464,1.24688,1.50,1.50
2011.09.14 17:22:31.053,1.2464,1.24688,1.50,1.50
2011.09.14 17:22:31.295,1.2464,1.24688,2.25,1.50
2011.09.14 17:22:31.633,1.2464,1.24688,2.25,1.50
2011.09.14 17:22:41.359,1.2464,1.24688,1.50,1.50
2011.09.14 17:22:51.421,1.2464,1.24688,1.50,1.50
2011.09.14 17:22:51.900,1.2464,1.24688,1.50,1.50
2011.09.14 17:22:54.763,1.24634,1.24689,1.50,1.50
2011.09.14 17:22:59.680,1.24631,1.24683,1.50,1.50
2011.09.14 17:23:01.258,1.24631,1.2468,1.50,1.50
2011.09.14 17:23:01.600,1.24626,1.2468,1.50,1.50
2011.09.14 17:23:01.722,1.24624,1.24679,1.50,1.50
2011.09.14 17:23:02.072,1.24629,1.24678,1.50,1.50
2011.09.14 17:23:03.807,1.24629,1.24678,1.50,1.50
2011.09.14 17:23:04.263,1.2463,1.24678,1.50,1.50
2011.09.14 17:23:07.648,1.2463,1.24678,1.50,1.50
2011.09.14 17:23:10.232,1.2463,1.24678,1.50,1.50
2011.09.14 17:23:15.141,1.2463,1.24678,1.50,1.50
2011.09.14 17:23:20.370,1.2463,1.24678,1.50,1.50
2011.09.14 17:23:20.603,1.24648,1.2469,3.30,1.50
2011.09.14 17:23:20.723,1.24652,1.24691,2.55,1.50
2011.09.14 17:23:20.965,1.24654,1.24695,1.50,1.50
2011.09.14 17:23:21.081,1.24654,1.247,2.25,2.25
2011.09.14 17:23:38.434,1.24656,1.247,1.50,2.25
2011.09.14 17:23:38.774,1.24662,1.24701,1.50,1.50
2011.09.14 17:23:39.339,1.24662,1.247,1.50,1.50
2011.09.14 17:23:39.574,1.24655,1.24699,1.50,1.50
2011.09.14 17:23:44.951,1.24656,1.247,1.50,1.50
2011.09.14 17:23:45.414,1.2466,1.24701,1.50,1.50
2011.09.14 17:23:45.540,1.24655,1.24698,1.50,1.50
2011.09.14 17:23:47.192,1.24655,1.24699,1.50,1.50
2011.09.14 17:23:47.590,1.24655,1.24699,1.50,1.50
2011.09.14 17:23:54.319,1.24654,1.24698,1.50,1.50
2011.09.14 17:23:54.552,1.24652,1.24693,1.50,1.50
2011.09.14 17:23:55.055,1.24654,1.24694,1.50,1.50
2011.09.14 17:24:01.696,1.24652,1.24691,1.50,5.25
2011.09.14 17:24:01.828,1.24642,1.24688,2.25,1.50
2011.09.14 17:24:01.956,1.24642,1.24688,1.50,1.50
2011.09.14 17:24:02.084,1.24648,1.24689,1.50,1.50
2011.09.14 17:24:02.202,1.24646,1.24688,2.55,1.50
2011.09.14 17:24:02.431,1.24644,1.24686,1.50,1.50
2011.09.14 17:24:07.214,1.24644,1.24688,1.50,2.25
2011.09.14 17:24:07.440,1.24644,1.24686,1.50,1.50
2011.09.14 17:24:08.396,1.24645,1.24688,1.50,1.50
2011.09.14 17:24:08.751,1.24653,1.24697,1.50,1.50
2011.09.14 17:24:08.872,1.24655,1.24699,1.50,3.00
2011.09.14 17:24:11.001,1.24664,1.24703,1.50,1.50
2011.09.14 17:24:11.125,1.24664,1.24704,1.50,1.50
2011.09.14 17:24:11.245,1.24664,1.247,1.80,1.50
2011.09.14 17:24:11.875,1.24662,1.24698,1.50,1.50
2011.09.14 17:24:13.490,1.24663,1.24703,1.50,1.50
2011.09.14 17:24:15.536,1.24663,1.24703,1.50,1.50
2011.09.14 17:24:17.210,1.24662,1.24703,1.50,1.50
2011.09.14 17:24:18.114,1.24663,1.24705,3.30,1.50
2011.09.14 17:24:18.669,1.24662,1.24705,2.25,1.50
2011.09.14 17:24:21.828,1.24662,1.24703,2.25,2.25
2011.09.14 17:24:41.529,1.24662,1.247,1.50,1.50
2011.09.14 17:24:41.872,1.24652,1.247,1.50,1.50
2011.09.14 17:24:41.993,1.2465,1.247,2.25,1.50
2011.09.14 17:24:42.800,1.2465,1.247,1.50,1.50
2011.09.14 17:24:57.481,1.2465,1.247,1.50,1.50
2011.09.14 17:25:02.764,1.2465,1.24699,1.50,1.50
2011.09.14 17:25:03.102,1.2465,1.24699,2.25,1.50
2011.09.14 17:25:03.681,1.2465,1.24699,1.50,1.50
2011.09.14 17:25:04.295,1.2465,1.24699,2.25,1.50
2011.09.14 17:25:09.580,1.24642,1.24688,1.50,1.50
2011.09.14 17:25:10.035,1.24642,1.24688,1.50,1.50
2011.09.14 17:25:11.461,1.24642,1.24688,1.50,1.50
2011.09.14 17:25:11.701,1.24642,1.24689,1.50,1.50
2011.09.14 17:25:13.001,1.24642,1.24688,1.50,1.50
2011.09.14 17:25:13.127,1.24642,1.24689,1.50,1.50
2011.09.14 17:25:16.826,1.24642,1.24688,1.50,1.50
2011.09.14 17:25:17.417,1.24641,1.2468,1.50,1.50
2011.09.14 17:25:18.600,1.24639,1.2468,2.25,1.50
2011.09.14 17:25:19.442,1.24642,1.24687,2.25,1.50
2011.09.14 17:25:20.023,1.24642,1.24684,1.50,1.50
2011.09.14 17:25:20.362,1.24639,1.24684,1.50,1.50
2011.09.14 17:25:20.703,1.24639,1.24684,1.50,1.50
2011.09.14 17:25:21.411,1.24642,1.24686,1.50,1.50
2011.09.14 17:25:21.533,1.24644,1.24686,1.50,1.50
2011.09.14 17:25:21.762,1.24642,1.24686,2.25,1.50
2011.09.14 17:25:22.154,1.24642,1.24686,1.50,1.50
2011.09.14 17:25:22.291,1.24639,1.24688,1.50,1.50
2011.09.14 17:25:22.418,1.24639,1.24688,1.50,1.50
2011.09.14 17:25:22.552,1.2463,1.24672,1.50,1.50
2011.09.14 17:25:28.768,1.2463,1.24679,1.50,1.50
2011.09.14 17:25:51.273,1.2463,1.24679,1.50,1.50
2011.09.14 17:25:59.112,1.24639,1.24688,1.50,1.50
2011.09.14 17:25:59.652,1.24642,1.24683,1.50,1.50
2011.09.14 17:26:04.999,1.24639,1.2468,1.50,1.50
2011.09.14 17:26:05.634,1.24642,1.24683,1.50,1.50
2011.09.14 17:26:17.985,1.24645,1.24688,2.25,2.25
2011.09.14 17:26:18.211,1.24645,1.24688,2.25,1.50
2011.09.14 17:26:20.022,1.24645,1.24688,2.25,2.25
2011.09.14 17:26:20.615,1.24645,1.24687,1.50,1.50
2011.09.14 17:26:20.971,1.24642,1.24685,2.25,1.50
2011.09.14 17:26:54.454,1.24642,1.24683,1.50,1.50
2011.09.14 17:27:09.435,1.24642,1.24687,1.50,1.50
2011.09.14 17:27:09.555,1.24645,1.24688,1.50,1.50
2011.09.14 17:27:22.113,1.24645,1.24687,1.50,1.50
2011.09.14 17:27:22.236,1.24645,1.24694,1.50,1.50
2011.09.14 17:27:22.370,1.24655,1.24698,1.50,1.50
2011.09.14 17:27:22.495,1.24653,1.24703,1.50,2.25
2011.09.14 17:27:23.289,1.24644,1.24692,1.50,1.50
2011.09.14 17:27:23.552,1.24642,1.24694,1.50,2.25
2011.09.14 17:27:41.199,1.24644,1.24694,1.50,1.50
2011.09.14 17:27:44.691,1.24644,1.24694,1.50,1.50
2011.09.14 17:27:48.550,1.24644,1.24694,1.50,1.50
2011.09.14 17:27:48.894,1.24657,1.24694,1.50,1.50
2011.09.14 17:27:49.242,1.24657,1.247,1.50,1.50
2011.09.14 17:27:49.580,1.24657,1.24703,1.50,2.25
2011.09.14 17:27:58.156,1.24656,1.24704,1.38,1.50
2011.09.14 17:27:58.392,1.24657,1.24703,1.38,1.50
2011.09.14 17:27:59.371,1.24657,1.24704,1.38,1.50
2011.09.14 17:28:01.262,1.24657,1.24703,2.13,1.50
2011.09.14 17:28:01.600,1.24657,1.24702,1.50,1.50
2011.09.14 17:28:03.608,1.24657,1.24699,2.13,1.50
2011.09.14 17:28:04.158,1.24657,1.24702,1.50,1.50
2011.09.14 17:28:05.203,1.24657,1.24699,1.50,1.50
2011.09.14 17:28:05.779,1.24657,1.24702,1.50,1.50
2011.09.14 17:28:15.429,1.24658,1.24701,1.38,1.50
2011.09.14 17:28:19.181,1.24657,1.24703,2.13,2.25
2011.09.14 17:28:19.302,1.24657,1.24703,1.38,1.50
2011.09.14 17:28:19.662,1.2467,1.24705,1.50,1.50
2011.09.14 17:28:24.201,1.2467,1.24711,1.50,1.50
2011.09.14 17:28:24.778,1.24666,1.24709,1.50,1.50
2011.09.14 17:28:24.905,1.24666,1.24709,1.50,1.50
2011.09.14 17:28:25.249,1.24668,1.24712,1.50,1.50
2011.09.14 17:28:27.129,1.24668,1.24712,1.50,1.50
2011.09.14 17:28:27.795,1.24668,1.2471,1.50,1.50
2011.09.14 17:28:32.550,1.24665,1.24705,1.50,1.50
2011.09.14 17:28:32.671,1.24666,1.24708,1.50,1.50
2011.09.14 17:28:33.025,1.24668,1.2471,1.50,1.50
2011.09.14 17:28:33.774,1.24668,1.2471,1.50,1.50
2011.09.14 17:28:37.701,1.24668,1.24707,1.50,1.50
2011.09.14 17:28:37.822,1.24666,1.24704,1.76,1.50
2011.09.14 17:28:38.170,1.24666,1.24702,1.76,1.50
2011.09.14 17:28:38.805,1.24666,1.24702,1.76,1.50
2011.09.14 17:28:44.337,1.24666,1.24704,1.76,1.50
2011.09.14 17:28:44.910,1.24665,1.247,1.50,1.50
2011.09.14 17:28:45.712,1.24665,1.24699,1.50,1.50
2011.09.14 17:28:46.405,1.24665,1.247,1.50,1.50
2011.09.14 17:28:46.839,1.24656,1.24699,2.13,1.50
2011.09.14 17:28:47.369,1.24656,1.24689,1.38,1.50
2011.09.14 17:28:54.140,1.24654,1.24688,1.50,1.50
2011.09.14 17:28:54.810,1.24654,1.24688,1.50,1.50
2011.09.14 17:29:00.583,1.24655,1.24695,1.50,1.50
2011.09.14 17:29:00.702,1.2466,1.247,1.50,1.50
2011.09.14 17:29:01.051,1.24656,1.24698,2.25,1.50
2011.09.14 17:29:01.283,1.24659,1.24702,1.50,2.25
2011.09.14 17:29:13.641,1.24656,1.24702,2.25,2.25
2011.09.14 17:29:14.089,1.24658,1.24702,1.50,2.25
2011.09.14 17:29:14.328,1.24656,1.24699,1.50,1.50
2011.09.14 17:29:14.674,1.24657,1.24702,1.50,2.25
2011.09.14 17:29:16.141,1.24657,1.24702,1.50,1.50
2011.09.14 17:29:16.265,1.24664,1.24703,1.50,1.50
2011.09.14 17:29:16.493,1.24656,1.24702,2.25,1.50
2011.09.14 17:29:17.052,1.24659,1.24702,1.50,1.50
2011.09.14 17:29:28.945,1.24664,1.24703,1.50,1.50
2011.09.14 17:29:29.283,1.24661,1.24702,1.80,2.25
2011.09.14 17:29:29.701,1.24659,1.24702,1.50,2.25
2011.09.14 17:29:32.831,1.24661,1.24702,1.80,2.25
2011.09.14 17:29:32.960,1.24664,1.24704,1.50,1.50
2011.09.14 17:29:33.087,1.24672,1.24714,1.50,2.25
2011.09.14 17:29:33.335,1.24666,1.24711,1.50,1.50
2011.09.14 17:29:33.805,1.24666,1.24714,1.50,1.50
2011.09.14 17:29:34.691,1.24666,1.24713,1.50,2.63
2011.09.14 17:29:34.812,1.24666,1.24711,1.50,1.50
2011.09.14 17:29:35.372,1.24666,1.24709,1.50,1.50
2011.09.14 17:29:35.729,1.24664,1.24709,2.25,1.50
2011.09.14 17:29:35.967,1.24664,1.24708,2.25,1.50
2011.09.14 17:29:36.337,1.24658,1.24701,2.25,1.50
2011.09.14 17:29:37.270,1.24656,1.24699,1.50,1.50
2011.09.14 17:29:43.190,1.24656,1.247,1.50,1.50
2011.09.14 17:29:44.730,1.24656,1.24699,1.50,1.50
2011.09.14 17:29:48.388,1.24656,1.24699,1.50,1.50
2011.09.14 17:29:52.350,1.24656,1.24699,1.50,1.50
2011.09.14 17:29:52.689,1.24656,1.24699,1.50,1.50
2011.09.14 17:29:55.361,1.24656,1.24699,1.50,1.50
2011.09.14 17:30:00.480,1.24655,1.24699,1.50,2.25
2011.09.14 17:30:00.821,1.24655,1.24693,2.13,1.50
2011.09.14 17:30:01.381,1.24657,1.24693,4.50,1.50
2011.09.14 17:30:01.503,1.24664,1.24702,1.50,1.50
2011.09.14 17:30:01.625,1.24664,1.24703,1.50,1.50
2011.09.14 17:30:02.705,1.24667,1.24704,1.50,2.25
2011.09.14 17:30:02.822,1.24667,1.24702,1.50,1.50
2011.09.14 17:30:04.032,1.24667,1.24704,1.50,2.25
2011.09.14 17:30:15.999,1.24667,1.24709,2.25,1.50
2011.09.14 17:30:16.119,1.24667,1.24709,2.25,1.50
2011.09.14 17:30:21.412,1.24667,1.24711,2.25,1.50
2011.09.14 17:30:21.534,1.24667,1.24709,2.25,1.50
2011.09.14 17:30:21.865,1.24667,1.24709,2.25,1.50
2011.09.14 17:30:21.979,1.24667,1.24709,2.25,1.50
2011.09.14 17:30:23.123,1.24667,1.24709,2.25,1.50
2011.09.14 17:30:31.131,1.24668,1.24713,1.50,2.25
2011.09.14 17:30:31.251,1.24674,1.24715,1.50,2.25
2011.09.14 17:30:31.483,1.24672,1.24713,1.50,1.50
2011.09.14 17:30:33.943,1.24672,1.24711,1.50,1.50
2011.09.14 17:30:34.976,1.24672,1.24713,1.50,2.25
2011.09.14 17:30:35.508,1.24676,1.24713,1.01,2.25
2011.09.14 17:30:36.048,1.24676,1.24713,1.01,2.25
2011.09.14 17:30:36.583,1.24676,1.24713,1.01,1.50
2011.09.14 17:30:37.183,1.24676,1.24715,1.76,1.50
2011.09.14 17:30:38.161,1.24676,1.24715,1.76,1.50
2011.09.14 17:30:38.525,1.24679,1.24728,1.50,2.25
2011.09.14 17:30:38.762,1.24679,1.24728,1.50,2.25
2011.09.14 17:30:39.283,1.24679,1.24728,1.50,1.50
2011.09.14 17:30:39.526,1.24679,1.24728,1.50,1.50
2011.09.14 17:30:39.994,1.24679,1.24727,1.50,1.50
2011.09.14 17:30:40.359,1.24679,1.24727,1.50,1.50
2011.09.14 17:30:40.716,1.24678,1.24714,1.50,1.50
2011.09.14 17:30:40.845,1.24679,1.24719,1.13,2.55
2011.09.14 17:30:40.979,1.24681,1.24725,1.38,1.50
2011.09.14 17:30:41.106,1.24684,1.24726,1.50,1.50
2011.09.14 17:30:41.358,1.24683,1.24726,4.05,1.50
2011.09.14 17:30:42.826,1.24678,1.24718,1.50,1.50
2011.09.14 17:30:43.805,1.24679,1.24723,2.25,2.25
2011.09.14 17:30:44.032,1.24679,1.24723,2.25,2.25
2011.09.14 17:30:44.151,1.24679,1.24723,2.25,2.25
2011.09.14 17:30:44.498,1.24686,1.24724,1.50,1.50
2011.09.14 17:30:44.965,1.24679,1.24723,2.25,2.25
2011.09.14 17:30:45.807,1.24686,1.24727,1.50,1.50
2011.09.14 17:30:46.463,1.24688,1.24727,2.55,1.50
2011.09.14 17:30:47.064,1.24683,1.24727,2.55,1.50
2011.09.14 17:30:47.183,1.24685,1.24728,1.50,1.50
2011.09.14 17:30:47.533,1.24685,1.24727,1.50,1.50
2011.09.14 17:30:48.090,1.24685,1.24727,1.50,2.25
2011.09.14 17:30:48.662,1.24685,1.24724,1.50,1.50
2011.09.14 17:30:48.795,1.24685,1.24724,1.50,1.50
2011.09.14 17:30:49.445,1.24683,1.24724,2.55,1.50
2011.09.14 17:30:49.672,1.24679,1.24723,4.01,1.50
2011.09.14 17:30:50.786,1.24679,1.24717,1.76,1.50
2011.09.14 17:30:51.142,1.24678,1.24716,1.50,1.50
2011.09.14 17:30:51.851,1.24676,1.24716,1.50,1.50
2011.09.14 17:30:52.223,1.24676,1.24716,1.50,1.50
2011.09.14 17:30:54.972,1.24679,1.2472,1.50,1.50
2011.09.14 17:30:55.093,1.24679,1.24724,1.50,2.25
2011.09.14 17:30:55.212,1.24682,1.24722,1.80,1.50
2011.09.14 17:30:56.172,1.24682,1.24723,1.80,1.50
2011.09.14 17:30:57.311,1.24682,1.24722,1.80,1.50
2011.09.14 17:30:57.893,1.24683,1.24723,2.55,1.50
2011.09.14 17:30:58.011,1.24689,1.24723,1.80,1.50
2011.09.14 17:31:00.027,1.24689,1.24724,1.80,1.50
2011.09.14 17:31:03.173,1.24683,1.24725,2.55,1.50
2011.09.14 17:31:03.464,1.24678,1.24723,1.50,3.38
2011.09.14 17:31:03.806,1.24677,1.24719,1.50,1.50
2011.09.14 17:31:04.143,1.24677,1.24718,1.50,1.50
2011.09.14 17:31:09.494,1.24673,1.24713,1.50,1.50
2011.09.14 17:31:09.614,1.24668,1.24712,2.25,1.50
2011.09.14 17:31:09.736,1.24668,1.24708,1.50,1.50
2011.09.14 17:31:10.251,1.24665,1.24708,2.55,1.50
2011.09.14 17:31:11.592,1.24664,1.24706,1.50,1.50
2011.09.14 17:31:17.461,1.24664,1.2471,1.50,2.55
2011.09.14 17:31:17.582,1.24664,1.2471,1.50,2.55
2011.09.14 17:31:17.920,1.24664,1.24713,1.50,1.50
2011.09.14 17:31:24.792,1.24664,1.24713,1.50,1.50
2011.09.14 17:31:25.640,1.24664,1.24713,1.50,1.50
2011.09.14 17:31:27.255,1.24673,1.24725,1.50,2.25
2011.09.14 17:31:27.763,1.24676,1.24725,1.50,1.50
2011.09.14 17:31:31.601,1.24676,1.24723,1.50,1.50
2011.09.14 17:31:31.939,1.24676,1.24722,1.50,1.50
2011.09.14 17:31:32.300,1.24676,1.24722,1.50,1.50
2011.09.14 17:31:35.500,1.24676,1.24722,1.50,1.50
2011.09.14 17:31:55.620,1.24676,1.24722,1.50,1.50
2011.09.14 17:31:59.092,1.24676,1.24722,1.50,1.50
2011.09.14 17:31:59.705,1.24676,1.24717,1.50,1.50
2011.09.14 17:32:00.255,1.24676,1.24718,1.50,1.50
2011.09.14 17:32:01.152,1.24676,1.24721,1.50,1.50
2011.09.14 17:32:02.561,1.24676,1.24721,1.50,1.50
2011.09.14 17:32:04.110,1.2468,1.24722,1.50,1.50
2011.09.14 17:32:04.341,1.2468,1.24723,1.50,1.50
2011.09.14 17:32:16.324,1.24676,1.24719,1.50,1.50
2011.09.14 17:32:25.053,1.2468,1.24722,1.50,1.50
2011.09.14 17:32:25.401,1.24682,1.24725,1.50,2.25
2011.09.14 17:32:28.180,1.24682,1.24726,1.50,1.50
2011.09.14 17:32:41.588,1.24682,1.24726,1.50,1.50
2011.09.14 17:32:44.780,1.24671,1.24733,2.55,1.50
2011.09.14 17:32:45.132,1.2468,1.24729,1.50,1.50
2011.09.14 17:32:45.249,1.2468,1.24726,1.50,1.50
2011.09.14 17:32:56.636,1.2468,1.24728,1.50,1.50
2011.09.14 17:33:08.340,1.24686,1.2473,1.50,1.50
2011.09.14 17:33:08.461,1.24686,1.24731,1.50,1.50
2011.09.14 17:33:13.410,1.24688,1.24731,1.50,1.50
2011.09.14 17:33:13.534,1.24688,1.24729,1.50,1.50
2011.09.14 17:33:16.868,1.24688,1.2473,1.50,1.50
2011.09.14 17:33:17.113,1.24688,1.2473,2.25,1.50
2011.09.14 17:33:18.420,1.24688,1.24723,2.25,1.80
2011.09.14 17:33:21.060,1.24688,1.2473,2.25,1.50
2011.09.14 17:33:27.214,1.24687,1.24728,1.50,1.50
2011.09.14 17:33:27.333,1.24687,1.24734,1.50,3.30
2011.09.14 17:33:27.571,1.24685,1.24734,1.50,1.50
2011.09.14 17:33:28.056,1.24685,1.24725,1.50,1.50
2011.09.14 17:33:29.201,1.24685,1.24725,1.50,1.50
2011.09.14 17:33:29.442,1.24685,1.24725,1.50,1.50
2011.09.14 17:33:33.092,1.24676,1.24724,1.50,1.50
2011.09.14 17:33:33.219,1.24675,1.24724,1.50,1.50
2011.09.14 17:33:33.464,1.24676,1.24724,1.50,2.25
2011.09.14 17:33:33.825,1.24682,1.24724,1.50,2.25
2011.09.14 17:33:33.942,1.24682,1.24724,1.50,2.25
2011.09.14 17:34:07.220,1.24682,1.24724,1.50,2.25
2011.09.14 17:34:07.599,1.24665,1.24715,1.50,1.50
2011.09.14 17:34:07.943,1.24666,1.24713,1.58,1.50
2011.09.14 17:34:08.064,1.24676,1.24715,1.50,1.50
2011.09.14 17:34:08.183,1.2468,1.24721,2.55,2.25
2011.09.14 17:34:09.023,1.2468,1.24724,2.55,1.15
2011.09.14 17:34:09.601,1.2468,1.24721,1.80,1.50
2011.09.14 17:34:09.730,1.2468,1.24725,1.50,1.50
2011.09.14 17:34:13.129,1.24684,1.24725,1.50,1.50
2011.09.14 17:34:14.028,1.24682,1.24725,1.50,1.50
2011.09.14 17:34:20.050,1.24683,1.24725,1.50,1.50
2011.09.14 17:34:27.340,1.24681,1.24725,2.55,1.50
2011.09.14 17:34:27.902,1.24683,1.24725,1.50,1.50
2011.09.14 17:34:39.498,1.24682,1.24721,1.80,1.50
2011.09.14 17:34:40.114,1.24679,1.24723,1.50,2.63
2011.09.14 17:34:43.839,1.24679,1.24723,1.50,6.38
2011.09.14 17:34:44.363,1.24676,1.24715,2.25,1.50
2011.09.14 17:34:46.372,1.24678,1.2472,1.50,1.50
2011.09.14 17:34:46.604,1.24679,1.2472,3.30,1.50
2011.09.14 17:34:47.591,1.24683,1.24725,1.50,1.50
2011.09.14 17:34:48.227,1.24684,1.24726,1.50,3.00
2011.09.14 17:35:01.454,1.24684,1.24725,1.50,1.50
2011.09.14 17:35:03.435,1.24678,1.24722,1.50,1.50
2011.09.14 17:35:04.454,1.24679,1.24725,2.25,1.50
2011.09.14 17:35:06.321,1.24682,1.24725,1.50,1.50
2011.09.14 17:35:22.182,1.24677,1.24723,1.50,1.50
2011.09.14 17:35:22.303,1.24672,1.24721,2.25,1.50
2011.09.14 17:35:22.530,1.24676,1.24721,1.50,1.50
2011.09.14 17:35:36.493,1.24674,1.24721,1.50,1.50
2011.09.14 17:35:36.618,1.24672,1.24714,1.50,1.50
2011.09.14 17:35:36.745,1.24671,1.24714,1.50,1.50
2011.09.14 17:35:39.644,1.24671,1.24715,1.50,1.50
2011.09.14 17:35:39.762,1.24676,1.24715,1.50,1.50
2011.09.14 17:35:40.111,1.24671,1.24714,1.50,1.50
2011.09.14 17:35:40.745,1.24675,1.24716,1.50,2.25
2011.09.14 17:35:41.092,1.24671,1.24715,1.50,2.25
2011.09.14 17:35:41.692,1.24671,1.24715,1.50,1.50
2011.09.14 17:35:42.041,1.24676,1.24715,1.80,1.50
2011.09.14 17:35:42.433,1.24682,1.24715,1.80,1.50
2011.09.14 17:35:42.663,1.2467,1.24709,2.55,1.50
2011.09.14 17:35:43.248,1.24667,1.24709,4.13,1.50
2011.09.14 17:35:43.704,1.24667,1.24709,1.50,1.50
2011.09.14 17:35:46.412,1.24667,1.24709,2.25,1.50
2011.09.14 17:35:48.024,1.24667,1.24709,1.50,1.50
2011.09.14 17:35:49.360,1.24667,1.24715,2.25,2.25
2011.09.14 17:35:49.593,1.24671,1.24715,1.50,2.25
2011.09.14 17:35:59.711,1.24673,1.24715,1.50,2.25
2011.09.14 17:36:01.503,1.24672,1.24715,2.25,2.25
2011.09.14 17:36:03.203,1.24673,1.24715,1.50,2.25
2011.09.14 17:36:03.693,1.24672,1.24715,2.25,2.25
2011.09.14 17:36:05.234,1.24672,1.24715,1.50,1.50
2011.09.14 17:36:05.353,1.24677,1.24716,1.50,2.25
2011.09.14 17:36:05.582,1.24673,1.24715,1.80,2.25
2011.09.14 17:36:07.036,1.24673,1.24715,2.55,1.50
2011.09.14 17:36:07.400,1.24678,1.24716,2.55,1.50
2011.09.14 17:36:07.765,1.24683,1.24727,3.30,1.50
2011.09.14 17:36:07.885,1.24691,1.2473,1.80,1.50
2011.09.14 17:36:08.342,1.24684,1.24727,1.38,1.50
2011.09.14 17:36:09.032,1.24682,1.24726,1.50,1.50
2011.09.14 17:36:09.154,1.24682,1.24726,2.25,1.50
2011.09.14 17:36:09.961,1.2468,1.24721,1.50,1.50
2011.09.14 17:36:10.086,1.24673,1.24718,2.25,1.50
2011.09.14 17:36:10.205,1.24673,1.24716,2.25,1.50
2011.09.14 17:36:11.411,1.24674,1.24714,2.25,1.88
2011.09.14 17:36:11.533,1.24674,1.2472,2.25,1.50
2011.09.14 17:36:11.762,1.24674,1.2472,2.25,1.50
2011.09.14 17:36:12.178,1.24674,1.24713,2.25,2.63
2011.09.14 17:36:12.430,1.24674,1.24718,2.25,1.50
2011.09.14 17:36:12.555,1.24674,1.2472,2.25,1.50
2011.09.14 17:36:14.972,1.2468,1.2472,1.50,1.50
2011.09.14 17:36:15.412,1.24681,1.24723,1.50,2.63
2011.09.14 17:36:15.537,1.24681,1.24725,2.25,1.50
2011.09.14 17:36:17.007,1.24692,1.24725,1.50,1.50
2011.09.14 17:36:17.136,1.24695,1.24737,1.50,1.50
2011.09.14 17:36:17.372,1.24695,1.24737,1.50,1.50
2011.09.14 17:36:18.087,1.24695,1.24741,2.55,1.50
2011.09.14 17:36:18.714,1.24702,1.24748,1.50,1.50
2011.09.14 17:36:18.836,1.24701,1.24748,2.25,1.50
2011.09.14 17:36:19.065,1.24702,1.24749,1.50,1.50
2011.09.14 17:36:20.485,1.24702,1.24748,1.50,1.15
2011.09.14 17:36:21.177,1.24702,1.24749,1.50,1.50
2011.09.14 17:36:21.421,1.24705,1.24752,1.50,1.50
2011.09.14 17:36:21.541,1.24705,1.24752,1.50,1.50
2011.09.14 17:36:22.040,1.24704,1.24751,1.50,1.50
2011.09.14 17:36:22.722,1.24706,1.24752,1.50,1.50
2011.09.14 17:36:23.173,1.24704,1.24752,1.50,2.25
2011.09.14 17:36:23.552,1.24704,1.24752,1.50,2.25
2011.09.14 17:36:28.164,1.24706,1.24752,1.50,1.50
2011.09.14 17:36:28.282,1.24716,1.24754,1.50,1.50
2011.09.14 17:36:28.647,1.24706,1.24752,2.25,1.50
2011.09.14 17:36:28.777,1.24706,1.2475,2.25,1.50
2011.09.14 17:36:30.359,1.24706,1.2475,2.25,1.50
2011.09.14 17:36:34.233,1.24703,1.24752,1.50,1.50
2011.09.14 17:36:36.078,1.24703,1.24752,1.50,1.50
2011.09.14 17:36:36.313,1.24698,1.24737,1.50,1.50
2011.09.14 17:36:36.432,1.24694,1.24737,1.50,1.50
2011.09.14 17:36:37.226,1.24689,1.24724,1.80,1.50
2011.09.14 17:36:37.344,1.24682,1.24724,1.50,1.50
2011.09.14 17:36:37.822,1.24681,1.24723,1.50,1.50
2011.09.14 17:36:37.954,1.24684,1.24727,1.50,1.50
2011.09.14 17:36:38.077,1.24692,1.24731,1.50,1.50
2011.09.14 17:36:38.428,1.24699,1.24731,1.50,1.50
2011.09.14 17:36:38.555,1.24703,1.24731,2.55,1.50
2011.09.14 17:36:38.676,1.24703,1.24744,2.55,4.13
2011.09.14 17:36:38.800,1.24695,1.24735,1.50,1.50
2011.09.14 17:36:38.923,1.24693,1.24735,1.50,1.50
2011.09.14 17:36:39.502,1.24697,1.24736,2.55,1.50
2011.09.14 17:36:40.551,1.24702,1.24737,1.50,1.50
2011.09.14 17:36:40.677,1.24697,1.24737,3.30,1.50
2011.09.14 17:36:40.802,1.24697,1.24736,2.55,1.50
2011.09.14 17:36:46.036,1.24697,1.24735,1.80,1.15
2011.09.14 17:36:46.382,1.24697,1.24728,1.80,1.50
2011.09.14 17:36:46.610,1.24681,1.24716,1.50,1.50
2011.09.14 17:36:46.732,1.24692,1.24721,1.50,3.00
2011.09.14 17:36:46.856,1.24692,1.24721,1.50,2.25
2011.09.14 17:36:46.976,1.24681,1.24714,1.50,1.50
2011.09.14 17:36:47.094,1.24672,1.24712,1.50,1.50
2011.09.14 17:36:47.332,1.24664,1.24705,1.50,1.50
2011.09.14 17:36:47.784,1.24666,1.24711,1.50,1.50
2011.09.14 17:36:48.013,1.24664,1.24705,1.50,1.50
2011.09.14 17:36:54.749,1.24663,1.24705,1.50,1.50
2011.09.14 17:36:56.771,1.24664,1.24705,1.50,1.50
2011.09.14 17:36:57.740,1.24664,1.24706,1.50,1.50
2011.09.14 17:36:59.172,1.24669,1.24711,1.50,1.50
2011.09.14 17:37:02.780,1.24674,1.24713,1.50,1.50
2011.09.14 17:37:03.028,1.24674,1.24713,2.25,1.50
2011.09.14 17:37:03.507,1.24675,1.24716,1.50,1.50
2011.09.14 17:37:03.856,1.24664,1.24713,1.50,1.50
2011.09.14 17:37:04.219,1.24671,1.24713,2.55,3.38
2011.09.14 17:37:04.345,1.24664,1.2471,1.50,1.50
2011.09.14 17:37:04.692,1.24664,1.24712,1.50,1.50
2011.09.14 17:37:04.811,1.24664,1.24713,1.50,1.50
2011.09.14 17:37:05.453,1.24668,1.24713,1.50,1.50
2011.09.14 17:37:05.919,1.24675,1.24713,1.50,1.50
2011.09.14 17:37:06.167,1.24675,1.24722,1.50,2.25
2011.09.14 17:37:06.505,1.24675,1.24721,1.50,1.50
2011.09.14 17:37:06.976,1.24675,1.24721,1.50,2.25
2011.09.14 17:37:07.421,1.24675,1.24721,1.50,2.25
2011.09.14 17:37:13.668,1.24672,1.24721,1.50,3.00
2011.09.14 17:37:14.557,1.24675,1.24721,1.50,3.00
2011.09.14 17:37:14.683,1.24683,1.24722,2.55,2.25
2011.09.14 17:37:15.042,1.24672,1.24721,1.50,1.50
2011.09.14 17:37:16.346,1.24675,1.24721,1.50,1.50
2011.09.14 17:37:16.682,1.24683,1.24723,3.30,3.38
2011.09.14 17:37:17.033,1.24683,1.24724,3.30,3.38
2011.09.14 17:37:18.487,1.24686,1.24724,1.50,1.50
2011.09.14 17:37:18.855,1.24689,1.24724,1.50,1.50
2011.09.14 17:37:19.162,1.24689,1.24724,1.50,1.50
2011.09.14 17:37:19.397,1.24689,1.24724,1.50,1.50
2011.09.14 17:37:20.704,1.24689,1.2473,1.50,1.15
2011.09.14 17:37:20.822,1.24689,1.24734,1.50,2.65
2011.09.14 17:37:23.361,1.24689,1.24731,1.50,1.15
2011.09.14 17:37:25.904,1.24682,1.24723,1.80,1.50
2011.09.14 17:37:26.023,1.24675,1.24723,1.50,1.50
2011.09.14 17:37:27.406,1.24674,1.24724,1.50,1.50
2011.09.14 17:37:28.236,1.24678,1.24724,4.50,1.50
2011.09.14 17:37:28.594,1.24685,1.24726,1.50,1.50
2011.09.14 17:37:29.344,1.24685,1.24726,1.50,1.90
2011.09.14 17:37:29.573,1.24672,1.24718,1.50,1.50
2011.09.14 17:37:29.694,1.24669,1.24718,2.25,1.50
2011.09.14 17:37:32.017,1.24669,1.24713,1.50,2.63
2011.09.14 17:37:32.268,1.24658,1.24708,1.50,2.25
2011.09.14 17:37:32.396,1.24659,1.24703,1.50,1.50
2011.09.14 17:37:35.536,1.24662,1.24703,1.50,2.63
2011.09.14 17:37:35.765,1.24662,1.24706,1.50,1.50
2011.09.14 17:37:35.883,1.24662,1.24708,1.50,1.50
2011.09.14 17:37:37.892,1.24658,1.24706,1.50,1.50
2011.09.14 17:37:38.242,1.24658,1.24708,1.50,1.50
2011.09.14 17:37:38.581,1.24658,1.24706,1.50,1.50
2011.09.14 17:37:39.141,1.24661,1.24704,1.50,3.38
2011.09.14 17:37:42.551,1.24662,1.24704,1.50,2.63
2011.09.14 17:37:43.464,1.24659,1.24706,1.50,1.50
2011.09.14 17:37:43.588,1.24658,1.24708,1.50,1.50
2011.09.14 17:37:44.438,1.24665,1.24708,2.55,1.50
2011.09.14 17:37:44.781,1.24671,1.24712,1.50,1.50
2011.09.14 17:37:44.907,1.2467,1.24713,1.50,2.63
2011.09.14 17:37:45.486,1.2467,1.24711,1.50,1.80
2011.09.14 17:37:45.606,1.2467,1.24711,1.50,2.55
2011.09.14 17:37:45.848,1.24667,1.24704,1.50,2.63
2011.09.14 17:37:45.976,1.24662,1.24704,1.50,2.63
2011.09.14 17:37:47.084,1.24658,1.24704,1.50,1.88
2011.09.14 17:37:47.213,1.2466,1.24704,1.50,1.50
2011.09.14 17:37:49.288,1.24658,1.24703,1.50,2.63
2011.09.14 17:37:51.372,1.24658,1.24703,1.50,2.63
2011.09.14 17:37:55.180,1.24658,1.24703,1.50,2.63
2011.09.14 17:38:00.350,1.24658,1.24703,1.50,2.63
2011.09.14 17:38:01.033,1.2466,1.24703,1.50,2.63
2011.09.14 17:38:02.247,1.2466,1.24706,1.50,1.50
2011.09.14 17:38:02.372,1.24671,1.24708,1.50,1.50
2011.09.14 17:38:02.879,1.24668,1.24707,1.50,1.50
2011.09.14 17:38:03.006,1.24665,1.24707,1.50,2.25
2011.09.14 17:38:03.477,1.24661,1.24705,2.55,1.50
2011.09.14 17:38:03.952,1.24658,1.24706,3.30,1.50
2011.09.14 17:38:04.414,1.24656,1.24704,2.25,2.63
2011.09.14 17:38:04.981,1.24658,1.24704,1.50,2.63
2011.09.14 17:38:05.107,1.24656,1.24704,2.25,2.63
2011.09.14 17:38:09.863,1.24658,1.24703,1.50,1.50
2011.09.14 17:38:09.983,1.24659,1.24703,1.50,2.25
2011.09.14 17:38:10.332,1.24659,1.24703,1.50,2.25
2011.09.14 17:38:12.093,1.24658,1.24703,1.50,2.63
2011.09.14 17:38:13.223,1.24659,1.24703,1.50,2.63
2011.09.14 17:38:13.651,1.24661,1.24705,1.50,1.50
2011.09.14 17:38:16.143,1.24661,1.24705,1.50,1.50
2011.09.14 17:38:19.590,1.24661,1.24706,1.50,1.50
2011.09.14 17:38:21.614,1.24668,1.24707,1.50,1.50
2011.09.14 17:38:22.171,1.24668,1.24708,1.50,1.50
2011.09.14 17:38:24.162,1.24669,1.24708,1.50,1.50
2011.09.14 17:38:24.884,1.24672,1.24714,1.50,2.63
2011.09.14 17:38:25.003,1.2467,1.24711,3.30,1.50
2011.09.14 17:38:25.352,1.2467,1.24714,3.30,2.63
2011.09.14 17:38:25.475,1.24669,1.24711,1.50,1.50
2011.09.14 17:38:26.572,1.2467,1.24713,1.50,2.63
2011.09.14 17:38:26.694,1.24674,1.24713,1.50,1.88
2011.09.14 17:38:27.253,1.24673,1.24713,1.50,2.63
2011.09.14 17:38:27.600,1.24674,1.24713,1.50,1.88
2011.09.14 17:38:30.286,1.24674,1.24714,1.50,1.88
2011.09.14 17:38:32.989,1.24671,1.24711,2.55,1.35
2011.09.14 17:38:33.115,1.24668,1.24707,1.50,1.50
2011.09.14 17:38:40.775,1.24657,1.24701,1.50,1.50
2011.09.14 17:38:40.891,1.24657,1.24703,1.50,2.25
2011.09.14 17:38:44.308,1.24657,1.24701,1.50,1.50
2011.09.14 17:38:47.610,1.24657,1.24698,1.50,1.50
2011.09.14 17:38:49.782,1.24655,1.24698,2.25,1.50
2011.09.14 17:38:52.292,1.24657,1.24698,1.50,1.50
2011.09.14 17:38:57.412,1.24657,1.24697,1.50,1.50
2011.09.14 17:38:58.013,1.24655,1.24694,1.50,2.63
2011.09.14 17:38:58.133,1.24655,1.24694,2.25,1.88
2011.09.14 17:38:58.375,1.24662,1.24694,1.80,1.88
2011.09.14 17:38:58.733,1.24643,1.24684,1.50,2.63
2011.09.14 17:39:00.765,1.24644,1.24684,1.50,2.63
2011.09.14 17:39:05.273,1.24643,1.24684,1.50,2.63
2011.09.14 17:39:07.482,1.24646,1.24684,1.50,1.88
2011.09.14 17:39:10.279,1.24645,1.24684,2.55,1.88
2011.09.14 17:39:11.550,1.24646,1.24684,1.50,1.88
2011.09.14 17:39:11.965,1.24648,1.24689,1.35,1.50
2011.09.14 17:39:12.633,1.24649,1.2469,2.25,1.50
2011.09.14 17:39:12.772,1.24648,1.24689,1.35,2.25
2011.09.14 17:39:14.193,1.24652,1.24689,1.80,2.25
2011.09.14 17:39:14.554,1.24648,1.24689,1.35,1.50
2011.09.14 17:39:15.233,1.24648,1.24689,1.35,1.50
2011.09.14 17:39:15.353,1.24646,1.24688,3.30,1.50
2011.09.14 17:39:15.910,1.24646,1.24688,3.30,1.50
2011.09.14 17:39:16.624,1.24646,1.24689,3.30,1.50
2011.09.14 17:39:16.973,1.24653,1.24692,1.50,1.50
2011.09.14 17:39:18.650,1.24653,1.24692,1.50,1.50
2011.09.14 17:39:19.350,1.24658,1.24702,1.50,3.00
2011.09.14 17:39:19.890,1.24663,1.24704,1.50,3.38
2011.09.14 17:39:20.462,1.24664,1.24704,2.55,2.25
2011.09.14 17:39:20.955,1.24664,1.24704,2.55,3.38
2011.09.14 17:39:21.306,1.24665,1.24704,2.55,3.38
2011.09.14 17:39:22.367,1.24666,1.24705,1.50,1.50
2011.09.14 17:39:22.762,1.24671,1.2471,1.80,1.50
2011.09.14 17:39:23.221,1.24671,1.24709,1.80,1.13
2011.09.14 17:39:24.405,1.24671,1.24712,2.55,1.13
2011.09.14 17:39:24.631,1.24671,1.24713,2.55,1.50
2011.09.14 17:39:24.862,1.24677,1.24714,1.50,1.88
2011.09.14 17:39:25.106,1.2467,1.24714,4.65,3.38
2011.09.14 17:39:29.176,1.2467,1.24714,4.65,2.63
2011.09.14 17:39:29.512,1.24677,1.24714,1.80,3.38
2011.09.14 17:39:29.633,1.24671,1.24714,2.55,3.38
2011.09.14 17:39:30.214,1.24672,1.24716,5.25,1.50
2011.09.14 17:39:30.335,1.24682,1.24719,1.50,2.25
2011.09.14 17:39:34.787,1.24683,1.24719,3.30,1.50
2011.09.14 17:39:34.902,1.24683,1.24724,3.30,1.88
2011.09.14 17:39:35.022,1.24683,1.24724,3.30,1.88
2011.09.14 17:39:35.364,1.2468,1.24721,1.50,1.50
2011.09.14 17:39:35.483,1.24682,1.24724,1.50,1.88
2011.09.14 17:39:35.711,1.24688,1.24723,1.50,1.88
2011.09.14 17:39:36.054,1.24688,1.24729,2.63,1.50
2011.09.14 17:39:36.177,1.24689,1.24729,1.50,1.50
2011.09.14 17:39:38.200,1.24688,1.24729,2.25,2.25
2011.09.14 17:39:38.334,1.24688,1.24728,1.50,1.50
2011.09.14 17:39:38.575,1.24688,1.24729,1.50,2.25
2011.09.14 17:39:38.691,1.24688,1.24728,1.50,1.50
2011.09.14 17:39:39.200,1.24688,1.24729,1.50,1.50
2011.09.14 17:39:39.691,1.24688,1.24729,1.50,2.25
2011.09.14 17:39:40.361,1.24688,1.24728,1.50,1.13
2011.09.14 17:39:41.215,1.24678,1.24692,3.75,1.35
2011.09.14 17:39:41.335,1.24661,1.2467,1.38,2.25
2011.09.14 17:39:41.990,1.24622,1.24661,1.50,1.13
2011.09.14 17:39:42.961,1.24622,1.24656,1.50,1.13
2011.09.14 17:39:43.521,1.24622,1.24656,1.50,1.13
2011.09.14 17:39:44.812,1.24621,1.24656,1.50,1.13
2011.09.14 17:39:44.931,1.24621,1.24656,1.50,1.13
2011.09.14 17:39:45.524,1.24625,1.24656,1.50,1.13
2011.09.14 17:39:46.228,1.24622,1.24656,1.50,1.13
2011.09.14 17:39:47.037,1.2462,1.24656,1.50,1.13
2011.09.14 17:39:47.502,1.24621,1.24662,1.50,1.50
2011.09.14 17:39:47.732,1.24629,1.24669,1.35,1.50
2011.09.14 17:39:47.857,1.24632,1.2467,2.13,1.50
2011.09.14 17:39:48.417,1.24632,1.24674,1.50,2.63
2011.09.14 17:39:48.652,1.24634,1.24674,1.50,1.88
2011.09.14 17:39:48.774,1.24634,1.24678,1.50,1.35
2011.09.14 17:39:49.112,1.24634,1.24679,2.55,1.50
2011.09.14 17:39:50.765,1.24634,1.24674,2.55,2.63
2011.09.14 17:39:51.471,1.24644,1.24688,1.50,1.50
2011.09.14 17:39:51.601,1.24647,1.24686,1.80,1.50
2011.09.14 17:39:51.725,1.24647,1.24683,1.80,2.63
2011.09.14 17:39:51.848,1.24644,1.24683,1.50,2.63
2011.09.14 17:39:55.755,1.24648,1.2469,1.38,2.25
2011.09.14 17:39:55.875,1.24653,1.2469,2.55,1.50
2011.09.14 17:39:56.116,1.24658,1.24697,1.80,1.13
2011.09.14 17:39:56.853,1.24658,1.24698,1.80,1.50
2011.09.14 17:39:56.974,1.24658,1.24698,1.80,1.50
2011.09.14 17:39:57.334,1.24644,1.24687,1.50,1.50
2011.09.14 17:40:01.587,1.24647,1.2469,2.55,1.50
2011.09.14 17:40:03.346,1.24647,1.2469,2.55,1.50
2011.09.14 17:40:03.889,1.24656,1.24702,1.50,2.25
2011.09.14 17:40:04.122,1.24656,1.247,1.50,1.50
2011.09.14 17:40:05.507,1.24656,1.24692,1.50,4.50
2011.09.14 17:40:05.637,1.24653,1.24692,2.25,5.25
2011.09.14 17:40:05.874,1.24653,1.24692,2.25,1.50
2011.09.14 17:40:06.325,1.24653,1.24692,2.55,2.25
2011.09.14 17:40:06.571,1.24653,1.24692,2.55,1.50
2011.09.14 17:40:07.932,1.24653,1.24694,3.30,1.50
2011.09.14 17:40:08.281,1.24659,1.24693,2.55,1.50
2011.09.14 17:40:08.902,1.24659,1.24692,2.55,1.50
2011.09.14 17:40:09.135,1.24652,1.24692,2.55,1.50
2011.09.14 17:40:09.723,1.24652,1.24692,2.55,1.50
2011.09.14 17:40:10.765,1.24653,1.24694,1.50,3.38
2011.09.14 17:40:11.101,1.24659,1.24694,1.80,1.88
2011.09.14 17:40:13.612,1.24649,1.24689,1.50,2.10
2011.09.14 17:40:13.736,1.24644,1.24688,3.00,1.50
2011.09.14 17:40:14.093,1.24656,1.24691,1.80,1.50
2011.09.14 17:40:14.215,1.24659,1.24693,1.80,1.50
2011.09.14 17:40:14.453,1.24647,1.24694,2.55,1.50
2011.09.14 17:40:16.346,1.24652,1.24685,2.55,4.50
2011.09.14 17:40:16.469,1.24644,1.24684,1.50,1.50
2011.09.14 17:40:16.601,1.24645,1.24684,2.55,3.38
2011.09.14 17:40:16.725,1.24645,1.24684,2.55,2.63
2011.09.14 17:40:16.971,1.24644,1.24686,1.50,1.50
2011.09.14 17:40:17.101,1.24653,1.24692,2.55,3.00
2011.09.14 17:40:18.071,1.24653,1.24692,2.55,3.00
2011.09.14 17:40:18.197,1.24644,1.24687,3.30,1.50
2011.09.14 17:40:25.794,1.24644,1.24688,3.30,1.50
2011.09.14 17:40:27.015,1.24645,1.24684,1.50,1.50
2011.09.14 17:40:27.135,1.24645,1.24684,1.50,1.50
2011.09.14 17:40:27.496,1.24645,1.24685,2.88,1.50
2011.09.14 17:40:28.184,1.24647,1.24692,1.50,2.25
2011.09.14 17:40:29.364,1.24647,1.24692,1.50,1.50
2011.09.14 17:40:34.415,1.24651,1.24692,1.50,1.50
2011.09.14 17:40:34.536,1.24655,1.24694,1.50,2.63
2011.09.14 17:40:35.214,1.24657,1.24694,1.50,2.63
2011.09.14 17:40:35.335,1.24657,1.24703,1.50,4.13
2011.09.14 17:40:35.453,1.24656,1.24703,4.05,3.38
2011.09.14 17:40:36.873,1.24663,1.24703,1.50,1.50
2011.09.14 17:40:37.741,1.24663,1.24703,1.50,1.50
2011.09.14 17:40:40.357,1.24669,1.24711,2.25,1.50
2011.09.14 17:40:40.484,1.24669,1.24717,2.25,1.50
2011.09.14 17:40:41.479,1.24671,1.24713,1.50,5.25
2011.09.14 17:40:41.725,1.24671,1.24713,3.30,1.50
2011.09.14 17:40:42.176,1.24671,1.24713,3.30,7.13
2011.09.14 17:40:42.415,1.24669,1.24708,1.50,1.50
2011.09.14 17:40:45.722,1.24669,1.24709,1.50,1.50
2011.09.14 17:40:46.237,1.24669,1.24711,2.25,1.50
2011.09.14 17:40:46.365,1.24669,1.24716,2.25,1.50
2011.09.14 17:40:47.056,1.24669,1.24709,1.50,4.50
2011.09.14 17:40:47.403,1.24669,1.24714,1.50,1.88
2011.09.14 17:40:47.632,1.24669,1.24709,1.50,4.50
2011.09.14 17:40:48.212,1.24669,1.24709,1.50,4.50
2011.09.14 17:40:51.665,1.24668,1.24709,1.50,5.25
2011.09.14 17:40:52.262,1.24669,1.24709,1.50,4.50
2011.09.14 17:40:59.461,1.24669,1.24711,1.50,1.50
2011.09.14 17:40:59.911,1.24669,1.24713,1.50,1.50
2011.09.14 17:41:01.352,1.24669,1.24714,1.50,2.63
2011.09.14 17:41:03.440,1.24671,1.24714,1.50,2.63
2011.09.14 17:41:03.678,1.24671,1.24713,1.50,4.50
2011.09.14 17:41:03.803,1.24671,1.24713,1.50,4.50
2011.09.14 17:41:05.036,1.24674,1.24713,1.50,6.38
2011.09.14 17:41:05.153,1.24674,1.24713,2.13,2.63
2011.09.14 17:41:06.329,1.2468,1.24723,3.30,4.13
2011.09.14 17:41:06.461,1.24682,1.24723,1.50,2.63
2011.09.14 17:41:06.826,1.2468,1.24726,1.50,1.50
2011.09.14 17:41:07.070,1.2468,1.24729,1.50,1.50
2011.09.14 17:41:07.199,1.24692,1.24729,1.50,1.50
2011.09.14 17:41:07.796,1.24685,1.24728,2.55,1.50
2011.09.14 17:41:08.022,1.24685,1.24728,2.55,2.25
2011.09.14 17:41:09.104,1.24685,1.24725,1.80,1.50
2011.09.14 17:41:09.683,1.24684,1.24723,1.76,3.38
2011.09.14 17:41:09.804,1.24685,1.24723,1.13,1.88
2011.09.14 17:41:10.327,1.24686,1.24728,2.55,1.50
2011.09.14 17:41:10.942,1.24686,1.24728,2.55,1.50
2011.09.14 17:41:11.191,1.24686,1.24727,2.55,1.50
2011.09.14 17:41:11.808,1.24686,1.24725,2.55,1.50
2011.09.14 17:41:11.943,1.24688,1.24729,3.30,1.50
2011.09.14 17:41:13.035,1.24688,1.24729,3.30,2.25
2011.09.14 17:41:13.267,1.24689,1.24729,1.50,2.25
2011.09.14 17:41:13.621,1.24694,1.24738,2.55,1.50
2011.09.14 17:41:15.303,1.24694,1.24738,3.30,2.25
2011.09.14 17:41:17.850,1.24694,1.24738,3.30,1.50
2011.09.14 17:41:19.923,1.24691,1.24736,1.50,1.50
2011.09.14 17:41:20.436,1.24691,1.24733,1.50,1.50
2011.09.14 17:41:21.219,1.24689,1.24729,3.30,1.50
2011.09.14 17:41:22.640,1.24689,1.24725,1.50,1.50
2011.09.14 17:41:22.772,1.24681,1.24722,2.88,1.50
2011.09.14 17:41:23.300,1.24679,1.24719,2.25,1.50
2011.09.14 17:41:23.806,1.24679,1.24719,1.50,1.50
2011.09.14 17:41:27.070,1.24677,1.24692,1.50,4.50
2011.09.14 17:41:27.305,1.24676,1.24692,1.80,4.50
2011.09.14 17:41:27.425,1.24676,1.2468,1.80,1.50
2011.09.14 17:41:27.546,1.24645,1.2468,1.50,1.50
2011.09.14 17:41:27.667,1.24639,1.2467,1.50,1.35
2011.09.14 17:41:28.035,1.24619,1.24664,1.50,1.50
2011.09.14 17:41:28.487,1.2462,1.24663,1.50,1.50
2011.09.14 17:41:29.256,1.2462,1.24663,1.50,1.50
2011.09.14 17:41:29.829,1.2462,1.24663,1.50,1.50
2011.09.14 17:41:30.538,1.2462,1.24663,1.50,1.50
2011.09.14 17:41:31.018,1.2462,1.24663,1.50,1.50
2011.09.14 17:41:31.586,1.2462,1.24663,1.50,1.50
2011.09.14 17:41:35.730,1.24618,1.2465,2.25,1.50
2011.09.14 17:41:35.865,1.24606,1.24645,1.50,1.50
2011.09.14 17:41:36.106,1.24605,1.24643,1.38,1.50
2011.09.14 17:41:36.223,1.24605,1.24643,1.38,1.50
2011.09.14 17:41:36.576,1.24604,1.24643,1.01,1.50
2011.09.14 17:41:36.695,1.24607,1.2465,1.50,2.25
2011.09.14 17:41:37.034,1.2461,1.2465,1.13,1.50
2011.09.14 17:41:37.276,1.24614,1.24653,2.25,1.50
2011.09.14 17:41:39.866,1.24615,1.24651,1.50,1.50
2011.09.14 17:41:40.860,1.24613,1.24651,1.50,1.50
2011.09.14 17:41:42.471,1.24615,1.24651,1.50,1.50
2011.09.14 17:41:43.634,1.24621,1.24654,1.50,2.63
2011.09.14 17:41:43.759,1.24622,1.24664,1.13,2.63
2011.09.14 17:41:44.006,1.24624,1.24663,1.50,1.50
2011.09.14 17:41:44.341,1.24628,1.24665,1.38,1.50
2011.09.14 17:41:45.109,1.24628,1.24663,1.38,1.50
2011.09.14 17:41:45.597,1.24624,1.24663,2.13,1.50
2011.09.14 17:41:46.077,1.24624,1.24659,2.13,1.50
2011.09.14 17:41:46.329,1.24623,1.24653,1.88,1.50
2011.09.14 17:41:46.694,1.2463,1.24654,1.50,1.88
2011.09.14 17:41:46.816,1.2463,1.24663,1.50,2.63
2011.09.14 17:41:46.937,1.24631,1.24665,1.38,1.50
2011.09.14 17:41:47.059,1.24633,1.24675,1.13,1.50
2011.09.14 17:41:47.184,1.24638,1.24677,1.50,1.50
2011.09.14 17:41:48.227,1.24634,1.24675,1.50,2.10
2011.09.14 17:41:48.584,1.2463,1.24659,1.38,1.50
2011.09.14 17:41:48.704,1.24628,1.24671,1.50,1.15
2011.09.14 17:41:48.824,1.2463,1.24674,3.30,3.38
2011.09.14 17:41:49.065,1.24634,1.24673,2.13,2.63
2011.09.14 17:41:49.512,1.24633,1.24673,3.26,2.63
2011.09.14 17:41:49.747,1.24633,1.24674,2.13,3.38
2011.09.14 17:41:49.997,1.24633,1.24663,1.50,1.50
2011.09.14 17:41:50.124,1.24619,1.24661,4.05,1.50
2011.09.14 17:41:50.681,1.24616,1.24654,2.13,3.38
2011.09.14 17:41:51.143,1.24616,1.24648,2.13,1.50
2011.09.14 17:41:51.703,1.24616,1.24648,1.38,1.50
2011.09.14 17:41:52.205,1.24613,1.24647,2.13,1.50
2011.09.14 17:41:52.775,1.24613,1.24651,2.13,1.50
2011.09.14 17:41:53.521,1.24609,1.24651,1.13,1.50
2011.09.14 17:41:53.664,1.24608,1.24651,1.13,1.50
2011.09.14 17:41:53.787,1.24606,1.24651,1.13,1.50
2011.09.14 17:41:54.155,1.24605,1.24647,2.13,1.50
2011.09.14 17:41:54.275,1.24606,1.24651,1.50,1.50
2011.09.14 17:41:54.516,1.24608,1.24651,1.13,1.50
2011.09.14 17:41:54.864,1.24619,1.24653,2.55,1.50
2011.09.14 17:41:54.984,1.24619,1.24653,2.55,1.50
2011.09.14 17:41:55.107,1.24619,1.24663,3.30,1.50
2011.09.14 17:41:56.427,1.24622,1.24664,1.50,2.63
2011.09.14 17:41:56.785,1.24622,1.24667,2.25,1.50
2011.09.14 17:41:56.904,1.2463,1.24679,1.50,1.50
2011.09.14 17:41:57.027,1.24634,1.2468,1.38,1.50
2011.09.14 17:41:57.399,1.24642,1.2469,1.50,1.50
2011.09.14 17:41:57.765,1.24642,1.2469,1.50,1.50
2011.09.14 17:41:58.115,1.24642,1.24691,1.50,1.50
2011.09.14 17:41:58.885,1.24642,1.2469,1.50,1.50
2011.09.14 17:41:59.244,1.24642,1.2469,1.50,1.50
2011.09.14 17:41:59.825,1.24642,1.2469,1.50,1.50
2011.09.14 17:42:07.276,1.24642,1.24684,1.50,1.50
2011.09.14 17:42:07.520,1.24632,1.24676,1.38,1.50
2011.09.14 17:42:07.645,1.24628,1.24676,2.13,1.50
2011.09.14 17:42:08.956,1.24632,1.24676,1.13,1.50
2011.09.14 17:42:09.187,1.24639,1.24689,1.50,1.50
2011.09.14 17:42:09.306,1.24641,1.24691,1.50,1.50
2011.09.14 17:42:11.702,1.24641,1.24689,1.50,1.50
2011.09.14 17:42:12.042,1.24641,1.24689,1.50,1.50
2011.09.14 17:42:13.961,1.24629,1.24657,2.13,1.50
2011.09.14 17:42:14.086,1.24617,1.24657,2.25,1.50
2011.09.14 17:42:18.365,1.24619,1.24663,1.50,1.50
2011.09.14 17:42:18.757,1.24621,1.24663,1.50,1.50
2011.09.14 17:42:20.353,1.24621,1.24663,1.50,1.50
2011.09.14 17:42:20.684,1.24618,1.24659,1.50,1.50
2011.09.14 17:42:20.912,1.24617,1.24659,2.25,1.50
2011.09.14 17:42:24.497,1.24622,1.24663,1.50,2.63
2011.09.14 17:42:24.861,1.24622,1.24663,1.50,3.38
2011.09.14 17:42:26.883,1.24622,1.24663,1.50,3.38
2011.09.14 17:42:27.538,1.24622,1.24663,1.50,3.38
2011.09.14 17:42:28.529,1.24621,1.24661,1.50,1.50
2011.09.14 17:42:30.742,1.24622,1.24663,2.25,2.63
2011.09.14 17:42:31.084,1.2463,1.24663,4.50,2.63
2011.09.14 17:42:31.329,1.24634,1.24671,1.35,2.25
2011.09.14 17:42:31.456,1.24637,1.24672,4.50,2.25
2011.09.14 17:42:31.576,1.24641,1.24682,1.50,1.50
2011.09.14 17:42:32.025,1.24652,1.24693,1.50,1.50
2011.09.14 17:42:34.234,1.24655,1.24693,1.50,2.63
2011.09.14 17:42:35.653,1.24649,1.24693,1.50,1.50
2011.09.14 17:42:35.885,1.24649,1.24691,1.50,1.50
2011.09.14 17:42:36.006,1.24647,1.24687,1.50,1.50
2011.09.14 17:42:36.246,1.2464,1.24683,1.50,1.50
2011.09.14 17:42:37.872,1.2464,1.24683,2.25,1.50
2011.09.14 17:42:38.211,1.24645,1.24684,1.50,3.38
2011.09.14 17:42:42.642,1.2464,1.24684,1.50,3.00
2011.09.14 17:42:42.772,1.24641,1.24684,1.50,2.25
2011.09.14 17:42:43.022,1.24637,1.24682,2.13,1.50
2011.09.14 17:42:43.430,1.24637,1.24681,1.50,1.50
2011.09.14 17:42:43.589,1.24635,1.24674,2.25,1.35
2011.09.14 17:42:43.834,1.24632,1.24673,1.50,1.50
2011.09.14 17:42:44.434,1.24626,1.24672,1.50,1.50
2011.09.14 17:42:45.160,1.24624,1.24673,1.50,1.50
2011.09.14 17:42:45.418,1.24624,1.24673,1.50,1.50
2011.09.14 17:42:45.668,1.24624,1.24672,1.50,1.50
2011.09.14 17:42:45.916,1.24624,1.2467,1.50,1.50
2011.09.14 17:42:46.038,1.24619,1.24662,1.50,2.25
2011.09.14 17:42:46.167,1.24618,1.2466,4.01,1.50
2011.09.14 17:42:46.289,1.24618,1.24657,2.88,1.50
2011.09.14 17:42:46.644,1.2462,1.2466,1.38,1.50
2011.09.14 17:42:47.304,1.24614,1.2465,1.38,1.50
2011.09.14 17:42:47.434,1.24613,1.24651,1.50,1.50
2011.09.14 17:42:48.738,1.2462,1.24651,1.50,1.50
2011.09.14 17:42:48.866,1.2462,1.24661,1.50,1.50
2011.09.14 17:42:49.245,1.24614,1.24661,1.50,1.50
2011.09.14 17:42:49.365,1.24614,1.24658,1.50,1.50
2011.09.14 17:42:49.597,1.24614,1.24661,1.50,1.50
2011.09.14 17:42:50.195,1.24614,1.24658,1.50,1.50
2011.09.14 17:42:50.305,1.24613,1.24661,1.50,1.50
2011.09.14 17:42:50.652,1.24621,1.24661,1.50,1.50
2011.09.14 17:42:51.225,1.24623,1.24662,1.50,2.25
2011.09.14 17:42:51.584,1.24617,1.24661,1.50,1.50
2011.09.14 17:42:52.226,1.24614,1.24658,1.50,1.50
2011.09.14 17:42:52.758,1.24614,1.24658,1.50,1.50
2011.09.14 17:42:53.880,1.24616,1.24658,1.50,1.50
2011.09.14 17:42:54.011,1.24614,1.24658,1.50,1.50
2011.09.14 17:42:54.136,1.24616,1.24658,1.50,1.50
2011.09.14 17:42:54.257,1.24613,1.24658,1.50,1.50
2011.09.14 17:42:55.022,1.24603,1.24621,2.13,1.50
2011.09.14 17:42:55.255,1.2457,1.24621,1.50,1.50
2011.09.14 17:42:55.375,1.24577,1.24622,1.50,1.50
2011.09.14 17:42:55.886,1.24593,1.24627,1.50,2.25
2011.09.14 17:42:56.006,1.24595,1.24627,1.50,1.50
2011.09.14 17:42:56.130,1.24595,1.24642,1.50,1.50
2011.09.14 17:42:56.259,1.24595,1.24637,1.50,1.50
2011.09.14 17:42:56.391,1.24596,1.24637,1.50,1.50
2011.09.14 17:42:56.520,1.24595,1.24637,1.50,1.50
2011.09.14 17:42:56.654,1.24595,1.24637,1.50,1.50
2011.09.14 17:42:57.244,1.24596,1.24635,1.50,1.50
2011.09.14 17:42:57.366,1.24595,1.24635,1.50,1.50
2011.09.14 17:42:57.943,1.24595,1.24645,1.50,1.50
2011.09.14 17:42:58.987,1.24595,1.2464,1.50,1.15
2011.09.14 17:42:59.342,1.24595,1.2464,1.50,1.15
2011.09.14 17:43:00.322,1.24595,1.2464,1.50,1.15
2011.09.14 17:43:02.786,1.24593,1.2464,2.25,1.15
2011.09.14 17:43:02.903,1.24593,1.2464,1.50,1.15
2011.09.14 17:43:03.242,1.24595,1.2464,1.50,1.15
2011.09.14 17:43:03.605,1.24595,1.2464,1.50,1.15
2011.09.14 17:43:07.609,1.24594,1.24635,1.50,1.50
2011.09.14 17:43:08.168,1.24593,1.24634,1.50,1.50
2011.09.14 17:43:08.307,1.24585,1.24627,1.50,1.50
2011.09.14 17:43:09.244,1.24585,1.24627,1.50,1.50
2011.09.14 17:43:10.026,1.24583,1.24627,2.25,1.50
2011.09.14 17:43:12.033,1.24583,1.24629,2.25,2.25
2011.09.14 17:43:12.159,1.2459,1.24629,1.50,1.50
2011.09.14 17:43:12.288,1.2459,1.24629,1.50,1.50
2011.09.14 17:43:12.906,1.24594,1.24639,1.50,1.50
2011.09.14 17:43:13.644,1.24595,1.24639,1.50,1.50
2011.09.14 17:43:15.706,1.24594,1.24636,1.50,1.50
2011.09.14 17:43:16.068,1.24597,1.24639,1.50,2.25
2011.09.14 17:43:18.060,1.24594,1.24639,1.50,1.50
2011.09.14 17:43:18.182,1.24593,1.24634,1.50,1.50
2011.09.14 17:43:18.413,1.24594,1.24639,1.50,1.50
2011.09.14 17:43:18.754,1.24597,1.24639,1.50,1.50
2011.09.14 17:43:18.874,1.24601,1.24642,1.50,2.25
2011.09.14 17:43:27.329,1.24596,1.2464,2.25,2.25
2011.09.14 17:43:27.577,1.24596,1.24638,1.50,1.50
2011.09.14 17:43:28.135,1.24602,1.24641,1.50,1.50
2011.09.14 17:43:29.973,1.24604,1.24642,1.50,1.50
2011.09.14 17:43:31.272,1.24597,1.2464,2.25,1.50
2011.09.14 17:43:34.584,1.246,1.2464,1.50,1.50
2011.09.14 17:43:35.362,1.24597,1.2464,1.50,1.50
2011.09.14 17:43:42.023,1.24596,1.2464,1.50,1.50
2011.09.14 17:43:42.255,1.24594,1.2464,1.50,1.50
2011.09.14 17:43:42.373,1.24592,1.2464,1.50,1.50
2011.09.14 17:43:42.930,1.24589,1.2463,1.50,1.50
2011.09.14 17:43:46.593,1.24589,1.2463,2.25,1.50
2011.09.14 17:43:47.160,1.24596,1.24637,1.50,1.50
2011.09.14 17:43:47.287,1.24591,1.24637,2.25,1.50
2011.09.14 17:43:47.405,1.24591,1.24641,2.25,1.50
2011.09.14 17:43:49.872,1.24599,1.24641,1.50,2.25
2011.09.14 17:43:50.119,1.24601,1.24642,1.50,1.50
2011.09.14 17:43:50.463,1.24603,1.24642,1.50,1.50
2011.09.14 17:43:55.916,1.24618,1.24643,4.50,1.50
2011.09.14 17:43:56.036,1.24628,1.24666,1.50,1.90
2011.09.14 17:43:56.155,1.24623,1.24665,1.50,1.50
2011.09.14 17:43:56.397,1.24622,1.24665,1.50,1.50
2011.09.14 17:43:56.854,1.24622,1.24665,1.50,1.50
2011.09.14 17:43:57.218,1.24617,1.24659,1.50,2.25
2011.09.14 17:43:57.346,1.24616,1.24659,1.50,2.25
2011.09.14 17:43:57.828,1.24617,1.24659,1.50,1.50
2011.09.14 17:43:58.079,1.24611,1.24654,1.50,1.50
2011.09.14 17:43:59.301,1.24629,1.24659,1.50,1.50
2011.09.14 17:43:59.884,1.24626,1.2466,1.50,1.50
2011.09.14 17:44:00.008,1.24622,1.24667,2.25,1.50
2011.09.14 17:44:00.253,1.24622,1.24663,1.50,2.63
2011.09.14 17:44:00.604,1.24622,1.2466,1.50,1.50
2011.09.14 17:44:01.406,1.24631,1.2466,4.50,1.50
2011.09.14 17:44:01.846,1.24632,1.24663,1.50,1.15
2011.09.14 17:44:01.985,1.24631,1.24678,1.50,1.90
2011.09.14 17:44:02.979,1.24629,1.24678,1.50,1.90
2011.09.14 17:44:03.105,1.24631,1.24678,1.50,1.90
2011.09.14 17:44:03.965,1.24621,1.2467,1.38,2.25
2011.09.14 17:44:07.837,1.2463,1.24678,1.88,1.90
2011.09.14 17:44:07.953,1.2463,1.24678,1.88,1.90
2011.09.14 17:44:08.074,1.2463,1.24677,1.50,1.15
2011.09.14 17:44:09.494,1.2462,1.2467,2.13,1.50
2011.09.14 17:44:09.834,1.24632,1.2467,1.50,1.50
2011.09.14 17:44:09.955,1.2463,1.2467,1.13,1.50
2011.09.14 17:44:10.608,1.24621,1.2467,1.38,1.50
2011.09.14 17:44:13.973,1.24631,1.2467,5.25,1.50
2011.09.14 17:44:14.217,1.24631,1.24677,1.88,1.50
2011.09.14 17:44:15.417,1.24643,1.24677,4.50,1.50
2011.09.14 17:44:15.667,1.24643,1.24689,1.13,1.50
2011.09.14 17:44:15.788,1.24645,1.24685,1.38,4.50
2011.09.14 17:44:15.916,1.24633,1.24675,1.38,1.50
2011.09.14 17:44:16.442,1.24629,1.24667,2.13,1.50
2011.09.14 17:44:17.287,1.24628,1.24669,3.26,1.50
2011.09.14 17:44:17.644,1.24632,1.2467,1.50,1.50
2011.09.14 17:44:17.766,1.24629,1.2467,2.88,1.50
2011.09.14 17:44:17.884,1.24637,1.24674,4.50,1.50
2011.09.14 17:44:18.004,1.24634,1.24676,1.50,1.15
2011.09.14 17:44:18.124,1.24634,1.24676,1.50,1.15
2011.09.14 17:44:18.246,1.24634,1.24671,1.13,1.50
2011.09.14 17:44:18.362,1.24633,1.2467,1.13,1.50
2011.09.14 17:44:18.484,1.24628,1.24669,2.13,1.50
2011.09.14 17:44:18.604,1.24635,1.24671,1.50,1.50
2011.09.14 17:44:20.361,1.24643,1.24671,4.50,1.50
2011.09.14 17:44:20.485,1.24653,1.24679,1.50,1.15
2011.09.14 17:44:20.717,1.24644,1.24684,1.01,1.50
2011.09.14 17:44:20.960,1.24639,1.24675,2.25,1.50
2011.09.14 17:44:21.087,1.24643,1.24677,1.50,1.50
2011.09.14 17:44:21.555,1.24635,1.24677,1.50,1.50
2011.09.14 17:44:21.914,1.24635,1.24677,2.25,3.00
2011.09.14 17:44:23.273,1.2464,1.24677,1.50,1.50
2011.09.14 17:44:23.732,1.24635,1.24677,2.25,2.25
2011.09.14 17:44:23.852,1.24637,1.24677,1.50,1.50
2011.09.14 17:44:23.972,1.24635,1.24677,1.50,1.50
2011.09.14 17:44:24.219,1.24645,1.24677,1.50,1.50
2011.09.14 17:44:24.795,1.24634,1.24677,1.50,1.50
2011.09.14 17:44:25.133,1.24634,1.24676,1.50,1.50
2011.09.14 17:44:26.626,1.24647,1.24687,1.50,1.50
2011.09.14 17:44:27.093,1.24644,1.24686,1.38,4.50
2011.09.14 17:44:27.217,1.24642,1.24679,1.01,1.50
2011.09.14 17:44:27.684,1.24636,1.24676,1.50,1.50
2011.09.14 17:44:27.802,1.24634,1.24676,1.50,2.25
2011.09.14 17:44:30.748,1.24633,1.24675,1.50,1.50
2011.09.14 17:44:31.532,1.24633,1.24674,1.50,1.50
2011.09.14 17:44:32.094,1.24633,1.24675,1.50,1.50
2011.09.14 17:44:32.568,1.24633,1.24675,1.50,1.50
2011.09.14 17:44:33.046,1.24634,1.24675,1.50,1.50
2011.09.14 17:44:34.709,1.24628,1.24675,2.25,2.25
2011.09.14 17:44:34.840,1.24628,1.24671,2.25,1.50
2011.09.14 17:44:34.967,1.24632,1.24675,1.50,1.50
2011.09.14 17:44:35.205,1.24638,1.24676,1.50,1.50
2011.09.14 17:44:35.554,1.24634,1.24675,1.50,1.50
2011.09.14 17:44:37.014,1.24639,1.24676,1.50,1.50
2011.09.14 17:44:37.135,1.24633,1.24675,1.50,1.50
2011.09.14 17:44:37.484,1.24633,1.24675,1.50,1.50
2011.09.14 17:44:38.671,1.24636,1.24675,1.50,1.50
2011.09.14 17:44:40.672,1.24633,1.24675,1.50,1.50
2011.09.14 17:44:40.794,1.24633,1.24675,1.50,1.50
2011.09.14 17:44:41.564,1.24636,1.24676,1.50,1.50
2011.09.14 17:44:44.922,1.24637,1.24676,4.50,1.50
2011.09.14 17:44:45.048,1.24641,1.24686,1.50,1.50
2011.09.14 17:44:45.175,1.2464,1.24684,2.13,1.50
2011.09.14 17:44:45.293,1.2464,1.24684,1.38,1.50
2011.09.14 17:44:45.521,1.24639,1.24684,1.38,1.50
2011.09.14 17:44:48.014,1.24639,1.24684,1.38,1.50
2011.09.14 17:44:48.609,1.24631,1.24674,1.50,1.50
2011.09.14 17:44:48.842,1.24628,1.24672,2.25,1.50
2011.09.14 17:44:49.667,1.24631,1.24674,1.50,1.50
2011.09.14 17:44:51.818,1.24631,1.24674,1.50,1.50
2011.09.14 17:44:51.945,1.24636,1.24675,1.50,1.50
2011.09.14 17:45:02.381,1.24634,1.24675,1.50,1.50
2011.09.14 17:45:03.028,1.24633,1.24674,1.50,1.50
2011.09.14 17:45:04.297,1.24632,1.24676,1.50,2.25
2011.09.14 17:45:04.653,1.2463,1.24674,1.76,1.50
2011.09.14 17:45:04.781,1.24631,1.24674,1.38,2.25
2011.09.14 17:45:05.024,1.2463,1.24669,1.76,1.50
2011.09.14 17:45:05.582,1.2463,1.24669,1.76,1.50
2011.09.14 17:45:05.701,1.2463,1.24669,1.01,1.50
2011.09.14 17:45:06.309,1.24641,1.24678,1.38,1.50
2011.09.14 17:45:06.440,1.24641,1.24679,1.38,1.50
2011.09.14 17:45:06.568,1.2464,1.24674,1.38,1.50
2011.09.14 17:45:06.696,1.24632,1.24674,1.50,1.50
2011.09.14 17:45:06.817,1.24632,1.24676,1.50,3.00
2011.09.14 17:45:07.747,1.24635,1.24676,1.50,2.25
2011.09.14 17:45:10.549,1.24645,1.24687,1.50,1.50
2011.09.14 17:45:10.673,1.24642,1.24686,1.38,1.50
2011.09.14 17:45:11.133,1.24644,1.24682,1.50,1.50
2011.09.14 17:45:11.702,1.24643,1.24682,1.50,1.50
2011.09.14 17:45:12.231,1.24644,1.24682,1.50,1.50
2011.09.14 17:45:14.725,1.24643,1.24675,1.50,1.50
2011.09.14 17:45:14.954,1.24637,1.24675,1.50,1.50
2011.09.14 17:45:15.192,1.24634,1.24675,1.38,1.50
2011.09.14 17:45:15.956,1.24634,1.24675,1.38,1.50
2011.09.14 17:45:16.804,1.24634,1.24675,1.38,1.50
2011.09.14 17:45:16.935,1.24629,1.24669,1.50,1.50
2011.09.14 17:45:17.416,1.24628,1.2467,1.50,1.50
2011.09.14 17:45:17.535,1.24628,1.24667,1.50,1.50
2011.09.14 17:45:22.110,1.24623,1.24663,1.01,1.50
2011.09.14 17:45:22.708,1.24623,1.24663,1.01,1.50
2011.09.14 17:45:25.652,1.24623,1.24663,1.01,1.50
2011.09.14 17:45:27.223,1.2462,1.24663,1.38,3.38
2011.09.14 17:45:27.348,1.24619,1.24658,2.88,1.50
2011.09.14 17:45:27.474,1.24622,1.24663,1.20,3.38
2011.09.14 17:45:31.192,1.24622,1.24664,1.20,1.50
2011.09.14 17:45:31.552,1.24626,1.24667,1.88,2.25
2011.09.14 17:45:35.065,1.24629,1.24667,1.13,1.50
2011.09.14 17:45:37.363,1.24629,1.24667,1.01,2.25
2011.09.14 17:45:39.196,1.24629,1.24664,1.01,1.50
2011.09.14 17:45:39.553,1.24624,1.24663,1.76,1.50
2011.09.14 17:45:39.935,1.24624,1.24663,1.01,1.50
2011.09.14 17:45:40.293,1.24623,1.24657,1.01,1.50
2011.09.14 17:45:40.412,1.24618,1.24657,4.08,1.50
2011.09.14 17:45:41.602,1.24619,1.24657,1.95,1.50
2011.09.14 17:45:41.725,1.24619,1.24657,1.50,1.50
2011.09.14 17:45:42.487,1.24617,1.24657,1.50,1.50
2011.09.14 17:45:44.836,1.24617,1.24654,1.50,1.50
2011.09.14 17:45:46.673,1.24612,1.24653,1.50,3.38
2011.09.14 17:45:46.793,1.24612,1.24653,1.50,3.38
2011.09.14 17:45:47.376,1.24611,1.24653,1.50,3.38
2011.09.14 17:45:47.715,1.24611,1.24653,1.50,2.63
2011.09.14 17:45:48.583,1.24607,1.24653,2.25,2.63
2011.09.14 17:45:49.228,1.24611,1.24653,1.50,2.63
2011.09.14 17:45:49.783,1.24611,1.24655,1.50,1.50
2011.09.14 17:45:50.147,1.24622,1.2467,2.25,1.50
2011.09.14 17:45:50.276,1.24642,1.24681,1.50,1.15
2011.09.14 17:45:50.878,1.2464,1.2469,1.50,1.50
2011.09.14 17:45:51.010,1.24642,1.2469,1.50,1.50
2011.09.14 17:45:51.136,1.24642,1.24692,1.50,1.50
2011.09.14 17:45:51.544,1.24656,1.24702,1.50,1.50
2011.09.14 17:45:56.831,1.24654,1.24702,1.50,1.50
2011.09.14 17:45:57.611,1.24656,1.24702,1.50,1.50
2011.09.14 17:45:57.784,1.24654,1.24702,1.50,1.50
2011.09.14 17:45:58.333,1.24656,1.24702,1.50,1.50
2011.09.14 17:45:58.675,1.24654,1.24702,1.50,1.50
2011.09.14 17:46:01.793,1.24653,1.24702,2.25,1.50
2011.09.14 17:46:02.791,1.24653,1.24698,1.50,1.13
2011.09.14 17:46:03.144,1.24645,1.24686,1.50,1.50
2011.09.14 17:46:03.264,1.24636,1.24685,1.50,1.50
2011.09.14 17:46:04.175,1.24645,1.24694,2.25,3.38
2011.09.14 17:46:04.784,1.24646,1.24694,1.50,3.38
2011.09.14 17:46:05.014,1.24646,1.24694,1.50,1.50
2011.09.14 17:46:05.378,1.24646,1.24695,1.50,2.25
2011.09.14 17:46:05.620,1.24646,1.24694,1.50,1.50
2011.09.14 17:46:06.104,1.24646,1.24695,1.50,1.50
2011.09.14 17:46:08.352,1.24647,1.24695,2.63,2.25
2011.09.14 17:46:08.594,1.24651,1.24695,3.30,1.50
2011.09.14 17:46:11.283,1.24657,1.24695,3.38,1.50
2011.09.14 17:46:11.483,1.24657,1.24695,3.38,1.50
2011.09.14 17:46:13.844,1.24657,1.24695,3.38,1.50
2011.09.14 17:46:13.961,1.24657,1.24705,4.13,1.50
2011.09.14 17:46:15.432,1.24662,1.24705,1.50,1.50
2011.09.14 17:46:22.903,1.24657,1.24705,2.25,1.50
2011.09.14 17:46:23.803,1.24657,1.24704,2.25,2.63
2011.09.14 17:46:25.162,1.24657,1.24703,1.50,2.63
2011.09.14 17:46:25.502,1.24657,1.24703,1.50,2.63
2011.09.14 17:46:25.962,1.24656,1.24703,1.50,2.63
2011.09.14 17:46:26.745,1.24657,1.24704,1.50,3.38
2011.09.14 17:46:27.105,1.2466,1.24706,1.50,1.50
2011.09.14 17:46:27.981,1.24658,1.24706,1.50,1.50
2011.09.14 17:46:28.784,1.24658,1.24706,1.50,2.25
2011.09.14 17:46:28.904,1.24657,1.24706,3.38,1.50
2011.09.14 17:46:34.059,1.24661,1.24706,1.50,1.50
2011.09.14 17:46:36.512,1.24667,1.24706,1.13,1.50
2011.09.14 17:46:36.646,1.24676,1.24722,2.63,3.00
2011.09.14 17:46:36.996,1.24674,1.24722,1.50,1.50
2011.09.14 17:46:37.235,1.24674,1.24722,1.50,1.50
2011.09.14 17:46:37.946,1.24673,1.24722,1.50,1.50
2011.09.14 17:46:38.535,1.24662,1.2471,2.25,1.50
2011.09.14 17:46:42.350,1.24664,1.24711,1.50,1.50
2011.09.14 17:46:42.722,1.24669,1.24711,1.50,1.50
2011.09.14 17:46:44.217,1.24664,1.24711,1.50,1.50
2011.09.14 17:46:44.338,1.24662,1.2471,2.25,1.50
2011.09.14 17:46:44.574,1.24662,1.24711,2.25,1.50
2011.09.14 17:46:45.024,1.24669,1.24711,1.50,1.50
2011.09.14 17:46:45.143,1.24673,1.24721,1.50,1.50
2011.09.14 17:46:45.828,1.24678,1.24722,1.50,1.50
2011.09.14 17:46:46.843,1.24677,1.24722,3.38,1.50
2011.09.14 17:46:47.389,1.24677,1.24722,3.38,1.50
2011.09.14 17:46:50.295,1.24677,1.24722,3.38,2.25
2011.09.14 17:46:52.686,1.24677,1.24721,3.38,1.50
2011.09.14 17:46:57.115,1.24677,1.24721,3.38,1.50
2011.09.14 17:46:59.032,1.24677,1.24721,3.38,1.50
2011.09.14 17:47:01.768,1.24677,1.24721,3.38,1.50
2011.09.14 17:47:05.242,1.24677,1.24721,2.63,1.50
2011.09.14 17:47:05.987,1.24677,1.24721,3.38,1.50
2011.09.14 17:47:07.524,1.24672,1.24721,1.50,1.50
2011.09.14 17:47:08.122,1.24672,1.24721,1.50,1.50
2011.09.14 17:47:08.369,1.24676,1.24721,2.63,1.50
2011.09.14 17:47:08.614,1.24673,1.24721,1.50,1.50
2011.09.14 17:47:09.152,1.24673,1.24721,1.50,1.50
2011.09.14 17:47:09.734,1.24674,1.24721,1.50,1.50
2011.09.14 17:47:10.393,1.24674,1.24721,1.50,1.50
2011.09.14 17:47:10.855,1.24673,1.24721,4.38,1.50
2011.09.14 17:47:11.082,1.24674,1.24721,1.50,1.50
2011.09.14 17:47:13.766,1.24674,1.24721,2.25,1.50
2011.09.14 17:47:21.074,1.24673,1.24721,3.75,1.50
2011.09.14 17:47:23.081,1.24675,1.24721,1.38,1.50
2011.09.14 17:47:24.070,1.24675,1.24721,1.38,1.50
2011.09.14 17:47:24.202,1.24676,1.24721,1.38,1.50
2011.09.14 17:47:24.449,1.24676,1.24721,1.38,1.50
2011.09.14 17:47:27.202,1.24678,1.24721,1.50,1.50
2011.09.14 17:47:27.432,1.24673,1.24721,1.50,1.50
2011.09.14 17:47:30.735,1.24677,1.24722,1.50,1.50
2011.09.14 17:47:31.101,1.24686,1.24732,3.38,1.50
2011.09.14 17:47:31.346,1.24686,1.24734,4.13,2.25
2011.09.14 17:47:31.939,1.24685,1.24732,3.26,1.50
2011.09.14 17:47:36.730,1.24686,1.24732,1.50,1.50
2011.09.14 17:47:37.393,1.24686,1.24732,1.50,1.50
2011.09.14 17:47:41.421,1.24697,1.24732,1.35,1.50
2011.09.14 17:47:41.544,1.24711,1.24749,1.50,1.50
2011.09.14 17:47:41.666,1.24709,1.24746,2.25,1.50
2011.09.14 17:47:41.785,1.24708,1.24744,2.63,1.50
2011.09.14 17:47:41.904,1.24708,1.24744,1.50,1.50
2011.09.14 17:47:42.135,1.24699,1.24744,1.50,1.50
2011.09.14 17:47:42.258,1.24699,1.24743,1.50,2.63
2011.09.14 17:47:42.772,1.24698,1.24743,3.00,2.63
2011.09.14 17:47:45.151,1.24696,1.24743,1.50,2.63
2011.09.14 17:47:45.603,1.24684,1.24732,3.63,1.50
2011.09.14 17:47:45.727,1.24684,1.24732,2.13,1.50
2011.09.14 17:47:46.305,1.24684,1.24732,1.50,1.50
2011.09.14 17:47:46.422,1.24684,1.24732,1.50,1.50
2011.09.14 17:47:47.072,1.24684,1.24732,1.50,1.50
2011.09.14 17:47:48.985,1.24684,1.24732,1.50,1.50
2011.09.14 17:47:51.537,1.24684,1.24732,3.00,1.50
2011.09.14 17:47:51.776,1.24686,1.24733,2.63,2.25
2011.09.14 17:47:51.894,1.24686,1.24732,2.63,1.50
2011.09.14 17:47:59.995,1.24684,1.24732,2.25,1.50
2011.09.14 17:48:00.355,1.24683,1.24727,1.50,2.25
2011.09.14 17:48:00.691,1.24683,1.24727,1.50,2.25
2011.09.14 17:48:02.457,1.24683,1.24727,1.50,2.25
2011.09.14 17:48:03.022,1.24683,1.24732,1.50,1.50
2011.09.14 17:48:04.232,1.24683,1.24729,1.50,1.50
2011.09.14 17:48:12.420,1.24683,1.24732,2.25,1.50
2011.09.14 17:48:12.591,1.24683,1.24732,1.50,1.50
2011.09.14 17:48:16.636,1.24684,1.24732,1.50,1.50
2011.09.14 17:48:20.334,1.24683,1.24732,1.50,1.50
2011.09.14 17:48:22.036,1.24683,1.24732,2.25,1.50
2011.09.14 17:48:22.605,1.24683,1.24732,1.50,1.50
2011.09.14 17:48:26.495,1.24683,1.24732,1.50,1.50
2011.09.14 17:48:27.322,1.24683,1.24732,1.50,1.50
2011.09.14 17:48:28.302,1.24683,1.24732,2.25,1.50
2011.09.14 17:48:33.454,1.24684,1.24733,2.25,1.50
2011.09.14 17:48:33.685,1.24686,1.24732,2.55,1.50
2011.09.14 17:48:34.185,1.24684,1.24732,1.50,1.50
2011.09.14 17:48:39.533,1.24683,1.24732,1.50,1.50
2011.09.14 17:48:45.550,1.24678,1.24742,1.50,2.65
2011.09.14 17:48:52.283,1.24678,1.24737,1.50,1.15
2011.09.14 17:49:01.252,1.24678,1.24734,1.50,1.15
2011.09.14 17:49:01.499,1.24678,1.24734,1.50,3.03
2011.09.14 17:49:02.221,1.24676,1.24734,1.50,3.78
2011.09.14 17:49:02.465,1.24676,1.24734,1.50,3.78
2011.09.14 17:49:06.384,1.24676,1.24734,1.50,3.78
2011.09.14 17:49:09.177,1.24672,1.2472,1.50,1.50
2011.09.14 17:49:09.418,1.24676,1.2472,1.50,1.50
2011.09.14 17:49:09.974,1.24676,1.2472,1.50,1.50
2011.09.14 17:49:10.509,1.24685,1.24727,1.50,1.50
2011.09.14 17:49:10.875,1.24684,1.24733,3.00,1.50
2011.09.14 17:49:10.997,1.24684,1.24732,2.25,2.25
2011.09.14 17:49:11.333,1.24684,1.24732,1.50,2.25
2011.09.14 17:49:11.457,1.24684,1.24731,1.50,2.25
2011.09.14 17:49:13.007,1.24684,1.2472,1.50,1.13
2011.09.14 17:49:13.369,1.24656,1.24705,3.00,1.50
2011.09.14 17:49:13.500,1.24658,1.24706,1.50,1.50
2011.09.14 17:49:13.744,1.24661,1.24706,1.50,1.50
2011.09.14 17:49:13.987,1.24663,1.24706,1.50,1.50
2011.09.14 17:49:14.351,1.24671,1.24712,1.50,1.50
2011.09.14 17:49:14.476,1.24671,1.24719,1.50,1.50
2011.09.14 17:49:14.914,1.24671,1.2472,1.50,1.50
2011.09.14 17:49:15.047,1.24682,1.24728,1.50,1.50
2011.09.14 17:49:15.415,1.24685,1.2473,1.38,1.50
2011.09.14 17:49:15.659,1.24682,1.2473,1.50,1.50
2011.09.14 17:49:15.790,1.24682,1.24728,1.50,1.50
2011.09.14 17:49:16.728,1.24686,1.24728,1.13,1.50
2011.09.14 17:49:16.861,1.24688,1.2473,1.50,1.50
2011.09.14 17:49:17.229,1.24693,1.24742,1.50,1.73
2011.09.14 17:49:17.361,1.24691,1.2473,1.50,1.50
2011.09.14 17:49:17.610,1.24688,1.24728,2.55,1.50
2011.09.14 17:49:18.120,1.24682,1.24713,1.50,1.35
2011.09.14 17:49:18.830,1.24662,1.24709,1.50,1.15
2011.09.14 17:49:19.819,1.24675,1.2471,1.50,4.50
2011.09.14 17:49:19.991,1.247,1.24749,1.50,1.50
2011.09.14 17:49:20.242,1.24709,1.24754,1.50,1.50
2011.09.14 17:49:20.372,1.24709,1.24755,1.50,1.50
2011.09.14 17:49:21.251,1.24713,1.24759,1.50,1.50
2011.09.14 17:49:21.373,1.24703,1.24738,1.50,1.50
2011.09.14 17:49:21.495,1.24693,1.24738,1.50,1.50
2011.09.14 17:49:22.325,1.24693,1.24738,1.50,1.50
2011.09.14 17:49:22.690,1.24693,1.24733,1.50,1.88
2011.09.14 17:49:23.398,1.2469,1.24731,2.25,1.50
2011.09.14 17:49:23.533,1.24691,1.24734,1.50,1.13
2011.09.14 17:49:23.910,1.24693,1.24736,1.50,1.13
2011.09.14 17:49:24.159,1.24693,1.24734,1.50,2.63
2011.09.14 17:49:25.205,1.24693,1.24734,1.50,1.88
2011.09.14 17:49:26.271,1.24694,1.24736,1.50,1.50
2011.09.14 17:49:26.401,1.24698,1.24736,2.25,1.50
2011.09.14 17:49:26.874,1.247,1.24738,1.50,2.25
2011.09.14 17:49:27.012,1.24705,1.24743,1.50,2.63
2011.09.14 17:49:27.127,1.24711,1.24743,1.50,2.63
2011.09.14 17:49:27.485,1.24711,1.24748,1.50,1.50
2011.09.14 17:49:27.732,1.24705,1.24744,1.50,1.50
2011.09.14 17:49:27.977,1.247,1.24743,1.50,1.88
2011.09.14 17:49:28.818,1.24705,1.24743,1.50,1.88
2011.09.14 17:49:28.944,1.24708,1.24744,1.50,1.88
2011.09.14 17:49:29.195,1.24704,1.24744,1.50,2.63
2011.09.14 17:49:30.504,1.24708,1.24748,2.25,1.50
2011.09.14 17:49:30.858,1.247,1.24743,1.50,2.63
2011.09.14 17:49:30.985,1.247,1.24743,1.50,2.63
2011.09.14 17:49:31.475,1.24699,1.24743,1.50,3.38
2011.09.14 17:49:32.188,1.24699,1.2473,1.50,1.50
2011.09.14 17:49:32.311,1.24684,1.24723,1.50,2.63
2011.09.14 17:49:32.681,1.24684,1.24723,1.50,2.63
2011.09.14 17:49:32.808,1.24679,1.24719,2.13,1.50
2011.09.14 17:49:32.930,1.24678,1.24719,1.50,1.50
2011.09.14 17:49:33.063,1.24673,1.24714,2.25,2.63
2011.09.14 17:49:34.158,1.24674,1.24714,1.50,1.88
2011.09.14 17:49:36.065,1.2467,1.24703,1.50,1.88
2011.09.14 17:49:36.214,1.24673,1.24712,1.50,1.50
2011.09.14 17:49:36.340,1.24673,1.24713,1.50,1.88
2011.09.14 17:49:37.170,1.24671,1.24713,2.25,2.63
2011.09.14 17:49:37.801,1.24667,1.24709,1.50,1.50
2011.09.14 17:49:38.385,1.24661,1.24703,1.50,2.63
2011.09.14 17:49:38.508,1.24653,1.24697,1.38,1.50
2011.09.14 17:49:39.043,1.24661,1.24704,1.50,2.63
2011.09.14 17:49:39.185,1.24662,1.24704,1.50,2.63
2011.09.14 17:49:40.310,1.24661,1.2471,1.50,2.25
2011.09.14 17:49:40.444,1.24654,1.24698,2.25,1.50
2011.09.14 17:49:40.565,1.24656,1.24698,1.50,1.50
2011.09.14 17:49:41.030,1.24661,1.24711,1.50,1.50
2011.09.14 17:49:42.233,1.24661,1.24711,1.50,1.50
2011.09.14 17:49:42.596,1.24653,1.24699,1.50,1.50
2011.09.14 17:49:42.721,1.24651,1.24699,1.50,1.50
2011.09.14 17:49:43.090,1.24651,1.24699,1.50,1.50
2011.09.14 17:49:43.221,1.24651,1.24691,1.50,1.50
2011.09.14 17:49:43.351,1.24637,1.24689,1.50,2.25
2011.09.14 17:49:44.327,1.24649,1.24697,1.50,1.50
2011.09.14 17:49:46.095,1.24642,1.24681,1.50,1.50
2011.09.14 17:49:46.214,1.24632,1.24681,1.50,3.00
2011.09.14 17:49:48.828,1.24631,1.2468,1.50,1.50
2011.09.14 17:49:48.955,1.24632,1.2468,1.50,1.50
2011.09.14 17:49:49.861,1.24642,1.24684,1.50,1.50
2011.09.14 17:49:50.900,1.24633,1.24679,1.50,1.50
2011.09.14 17:49:51.956,1.24633,1.24676,1.50,1.50
2011.09.14 17:49:52.704,1.24643,1.24691,1.50,1.50
2011.09.14 17:49:53.065,1.24643,1.24691,1.50,1.50
2011.09.14 17:49:54.177,1.24642,1.24689,2.25,1.50
2011.09.14 17:49:54.848,1.24643,1.2469,1.50,1.50
2011.09.14 17:49:54.978,1.24643,1.24688,1.50,1.50
2011.09.14 17:49:55.584,1.24643,1.2469,1.50,1.50
2011.09.14 17:49:55.948,1.24643,1.2469,1.50,1.50
2011.09.14 17:49:56.079,1.24644,1.24691,1.50,1.50
2011.09.14 17:49:56.608,1.24655,1.24703,1.50,1.50
2011.09.14 17:49:56.968,1.24665,1.24705,1.50,1.50
2011.09.14 17:49:57.098,1.24667,1.24715,1.50,1.50
2011.09.14 17:49:57.224,1.24667,1.24715,1.50,1.50
2011.09.14 17:49:58.264,1.24667,1.24715,1.50,1.50
2011.09.14 17:49:58.868,1.24667,1.2471,1.50,1.50
2011.09.14 17:49:59.335,1.24667,1.2471,1.50,1.50
2011.09.14 17:49:59.864,1.24667,1.2471,1.50,1.50
2011.09.14 17:50:00.217,1.24666,1.24713,1.50,1.50
2011.09.14 17:50:00.941,1.24667,1.24715,1.50,1.50
2011.09.14 17:50:01.327,1.24667,1.24715,1.50,1.50
2011.09.14 17:50:02.887,1.24666,1.24713,1.50,1.50
2011.09.14 17:50:03.014,1.24667,1.24716,1.50,2.25
2011.09.14 17:50:03.378,1.24667,1.24715,1.50,1.50
2011.09.14 17:50:03.836,1.24666,1.24715,1.50,1.50
2011.09.14 17:50:04.543,1.24667,1.24713,1.50,2.63
2011.09.14 17:50:05.107,1.24666,1.24713,1.50,2.63
2011.09.14 17:50:05.478,1.24666,1.24713,1.50,2.63
2011.09.14 17:50:12.875,1.24666,1.24714,1.50,1.50
2011.09.14 17:50:15.723,1.24667,1.24715,1.50,1.50
2011.09.14 17:50:18.513,1.24666,1.24715,1.50,1.50
2011.09.14 17:50:19.128,1.24666,1.24713,2.25,1.50
2011.09.14 17:50:22.767,1.24667,1.24715,1.50,1.50
2011.09.14 17:50:23.827,1.24667,1.24716,2.25,1.50
2011.09.14 17:50:24.068,1.24666,1.24715,1.50,1.50
2011.09.14 17:50:24.195,1.24666,1.24715,1.50,1.50
2011.09.14 17:50:24.724,1.24651,1.247,1.50,1.50
2011.09.14 17:50:25.318,1.24651,1.247,2.25,1.50
2011.09.14 17:50:25.906,1.24656,1.247,1.50,1.50
2011.09.14 17:50:27.264,1.24674,1.24721,1.50,2.25
2011.09.14 17:50:27.389,1.24674,1.24724,2.25,1.50
2011.09.14 17:50:27.757,1.24676,1.24722,1.50,1.50
2011.09.14 17:50:28.121,1.24677,1.24722,1.50,1.50
2011.09.14 17:50:28.246,1.24674,1.24722,1.50,1.50
2011.09.14 17:50:29.275,1.24675,1.24722,1.50,1.50
2011.09.14 17:50:29.521,1.24676,1.24724,1.50,2.25
2011.09.14 17:50:29.889,1.24674,1.24722,1.50,1.50
2011.09.14 17:50:30.021,1.24665,1.24714,1.50,1.50
2011.09.14 17:50:30.846,1.2467,1.24714,1.50,1.50
2011.09.14 17:50:31.512,1.24664,1.24712,1.50,1.50
2011.09.14 17:50:32.435,1.2466,1.24701,1.50,1.50
2011.09.14 17:50:33.139,1.24654,1.24702,1.50,2.25
2011.09.14 17:50:34.785,1.24657,1.24702,1.50,1.50
2011.09.14 17:50:34.910,1.24661,1.24702,1.50,1.50
2011.09.14 17:50:36.998,1.24654,1.247,1.50,1.50
2011.09.14 17:50:38.172,1.24654,1.24702,1.50,1.50
2011.09.14 17:50:38.884,1.24652,1.247,2.25,1.50
2011.09.14 17:50:39.006,1.24652,1.24693,1.50,2.63
2011.09.14 17:50:39.936,1.24654,1.247,1.50,1.50
2011.09.14 17:50:40.276,1.24654,1.247,1.50,1.50
2011.09.14 17:50:42.008,1.24651,1.2469,1.50,1.50
2011.09.14 17:50:42.138,1.24642,1.2469,2.13,2.25
2011.09.14 17:50:42.264,1.24642,1.2469,1.50,1.50
2011.09.14 17:50:42.383,1.24642,1.2469,1.50,1.50
2011.09.14 17:50:42.746,1.24642,1.24688,1.50,1.50
2011.09.14 17:50:42.978,1.24642,1.2469,1.50,2.25
2011.09.14 17:50:43.807,1.24642,1.2469,1.50,1.50
2011.09.14 17:50:44.279,1.24646,1.2469,1.50,1.50
2011.09.14 17:50:48.255,1.24655,1.24699,1.50,1.50
2011.09.14 17:50:48.379,1.24667,1.24712,1.50,1.15
2011.09.14 17:50:48.963,1.24667,1.24715,1.50,2.25
2011.09.14 17:50:50.211,1.24667,1.24715,1.50,2.25
2011.09.14 17:50:50.334,1.24668,1.24715,1.50,1.50
2011.09.14 17:50:50.455,1.24668,1.24715,1.50,1.50
2011.09.14 17:50:51.244,1.24668,1.24715,1.50,1.50
2011.09.14 17:50:51.611,1.24681,1.24729,1.50,1.50
2011.09.14 17:50:52.307,1.24681,1.24729,1.50,1.50
2011.09.14 17:50:52.799,1.24682,1.24729,1.50,1.50
2011.09.14 17:50:52.928,1.24682,1.24729,1.50,1.50
2011.09.14 17:50:53.524,1.24689,1.2473,1.50,1.50
2011.09.14 17:50:55.009,1.24689,1.24731,1.50,1.50
2011.09.14 17:50:55.735,1.24685,1.24729,1.50,1.50
2011.09.14 17:50:56.678,1.24685,1.24729,1.50,2.25
2011.09.14 17:50:57.149,1.24697,1.24741,1.50,1.50
2011.09.14 17:50:57.701,1.24697,1.24743,1.50,1.50
2011.09.14 17:50:57.861,1.24697,1.24743,1.50,1.50
2011.09.14 17:50:59.695,1.24697,1.24743,1.50,1.50
2011.09.14 17:50:59.933,1.24699,1.24743,1.50,1.50
2011.09.14 17:51:01.203,1.24699,1.24743,1.50,1.50
2011.09.14 17:51:01.445,1.24697,1.24742,1.50,1.50
2011.09.14 17:51:01.564,1.24697,1.24742,1.50,1.50
2011.09.14 17:51:02.830,1.24697,1.24742,1.50,1.50
2011.09.14 17:51:03.578,1.24697,1.24743,1.50,2.25
2011.09.14 17:51:04.883,1.24697,1.24739,1.50,1.50
2011.09.14 17:51:05.364,1.24697,1.24743,1.50,1.50
2011.09.14 17:51:05.487,1.24697,1.24743,1.50,1.50
2011.09.14 17:51:05.610,1.24697,1.2474,1.50,1.50
2011.09.14 17:51:06.956,1.24697,1.2474,1.50,1.50
2011.09.14 17:51:07.318,1.24697,1.24738,1.50,1.50
2011.09.14 17:51:07.560,1.24697,1.24738,1.50,1.50
2011.09.14 17:51:07.692,1.24697,1.24742,1.50,1.50
2011.09.14 17:51:08.389,1.24697,1.24736,1.50,1.50
2011.09.14 17:51:08.735,1.24694,1.24732,1.50,1.50
2011.09.14 17:51:09.258,1.24695,1.24734,1.50,1.50
2011.09.14 17:51:10.429,1.24686,1.24732,1.50,1.50
2011.09.14 17:51:17.451,1.24686,1.2473,1.50,1.50
2011.09.14 17:51:18.169,1.24686,1.24732,1.50,1.50
2011.09.14 17:51:18.879,1.24686,1.24732,1.50,1.50
2011.09.14 17:51:19.247,1.24687,1.24732,2.63,1.50
2011.09.14 17:51:19.368,1.24687,1.24733,2.63,1.50
2011.09.14 17:51:20.327,1.247,1.24739,1.50,1.50
2011.09.14 17:51:20.553,1.247,1.24743,1.50,1.50
2011.09.14 17:51:21.560,1.247,1.24743,1.50,1.50
2011.09.14 17:51:30.692,1.247,1.24746,1.50,2.25
2011.09.14 17:51:32.203,1.24699,1.24738,1.50,1.50
2011.09.14 17:51:32.326,1.24699,1.24739,1.50,1.50
2011.09.14 17:51:32.565,1.24698,1.24739,1.50,1.50
2011.09.14 17:51:32.923,1.247,1.24742,1.50,1.50
2011.09.14 17:51:33.616,1.247,1.24742,1.50,1.50
2011.09.14 17:51:34.351,1.24707,1.24746,2.63,2.25
2011.09.14 17:51:34.482,1.24711,1.24757,1.50,1.50
2011.09.14 17:51:34.836,1.24711,1.24737,1.50,2.38
2011.09.14 17:51:35.510,1.24711,1.24736,1.50,3.88
2011.09.14 17:51:35.635,1.24711,1.24756,1.50,1.50
2011.09.14 17:51:36.104,1.24711,1.24757,1.50,1.50
2011.09.14 17:51:37.888,1.24711,1.24757,1.50,1.50
2011.09.14 17:51:39.342,1.24711,1.24757,1.50,2.25
2011.09.14 17:51:40.201,1.24711,1.24757,1.50,2.25
2011.09.14 17:51:40.566,1.24713,1.24755,1.38,1.50
2011.09.14 17:51:40.687,1.24713,1.24755,1.38,1.50
2011.09.14 17:51:41.159,1.24711,1.24755,1.50,1.50
2011.09.14 17:51:41.289,1.24711,1.24754,1.50,1.50
2011.09.14 17:51:41.875,1.24711,1.24755,1.50,1.50
2011.09.14 17:51:42.464,1.24711,1.24755,1.50,1.50
2011.09.14 17:51:43.117,1.24711,1.24757,1.50,1.50
2011.09.14 17:51:43.457,1.24711,1.24757,1.50,1.50
2011.09.14 17:51:43.943,1.24708,1.24753,1.50,1.50
2011.09.14 17:51:44.476,1.2471,1.24757,1.50,1.50
2011.09.14 17:51:44.716,1.24708,1.24755,1.50,1.50
2011.09.14 17:51:44.840,1.24703,1.24743,1.50,1.50
2011.09.14 17:51:45.085,1.247,1.24743,1.50,1.50
2011.09.14 17:51:45.675,1.247,1.24743,1.50,1.50
2011.09.14 17:51:46.532,1.24698,1.24743,1.50,1.50
2011.09.14 17:51:47.346,1.247,1.24743,1.50,1.50
2011.09.14 17:51:47.749,1.24698,1.24743,2.25,1.50
2011.09.14 17:51:49.506,1.24698,1.24739,1.50,1.50
2011.09.14 17:51:49.629,1.24697,1.24739,2.25,1.50
2011.09.14 17:51:50.224,1.24697,1.24743,1.50,1.50
2011.09.14 17:51:50.906,1.24697,1.24743,1.50,2.25
2011.09.14 17:51:51.270,1.24691,1.24732,1.38,1.50
2011.09.14 17:51:51.718,1.24688,1.24734,2.25,1.50
2011.09.14 17:51:52.644,1.24688,1.24732,2.25,1.50
2011.09.14 17:51:53.255,1.24688,1.24732,2.25,1.50
2011.09.14 17:51:54.043,1.24688,1.24732,2.25,1.50
2011.09.14 17:52:00.403,1.24686,1.24732,1.50,1.50
2011.09.14 17:52:00.884,1.24683,1.24732,1.50,1.50
2011.09.14 17:52:01.248,1.24685,1.24732,1.50,1.50
2011.09.14 17:52:02.308,1.24686,1.24732,1.50,1.50
2011.09.14 17:52:02.892,1.24685,1.24732,1.50,1.50
2011.09.14 17:52:07.202,1.24686,1.24732,1.50,1.50
2011.09.14 17:52:07.665,1.24686,1.24733,1.50,1.50
2011.09.14 17:52:14.859,1.24685,1.24732,1.50,1.50
2011.09.14 17:52:15.438,1.24686,1.24732,1.50,1.50
2011.09.14 17:52:16.165,1.24686,1.24732,1.50,1.50
2011.09.14 17:52:16.531,1.24684,1.24732,1.50,1.50
2011.09.14 17:52:17.226,1.24683,1.24732,1.50,1.50
2011.09.14 17:52:20.257,1.24683,1.24732,1.50,1.50
2011.09.14 17:52:22.055,1.24672,1.24715,1.50,1.50
2011.09.14 17:52:22.185,1.24667,1.24713,1.50,1.50
2011.09.14 17:52:22.312,1.24678,1.24726,1.50,2.25
2011.09.14 17:52:22.682,1.247,1.2474,1.50,1.73
2011.09.14 17:52:22.811,1.24703,1.2475,1.50,1.50
2011.09.14 17:52:23.377,1.24703,1.24752,1.50,1.50
2011.09.14 17:52:24.049,1.24703,1.24752,1.50,2.25
2011.09.14 17:52:24.417,1.24714,1.24761,2.25,2.25
2011.09.14 17:52:24.655,1.24717,1.24761,1.50,2.25
2011.09.14 17:52:24.883,1.24717,1.24761,1.50,2.25
2011.09.14 17:52:25.347,1.24717,1.24761,1.50,2.25
2011.09.14 17:52:26.880,1.24717,1.24761,1.50,2.25
2011.09.14 17:52:27.576,1.24707,1.24752,1.50,1.50
2011.09.14 17:52:27.736,1.24706,1.2475,1.50,1.50
2011.09.14 17:52:27.862,1.24711,1.24753,1.50,1.50
2011.09.14 17:52:27.993,1.24712,1.24756,1.50,2.25
2011.09.14 17:52:28.239,1.24713,1.2476,1.50,1.50
2011.09.14 17:52:28.855,1.24713,1.24761,1.50,3.00
2011.09.14 17:52:33.508,1.24713,1.2476,1.50,1.50
2011.09.14 17:52:33.976,1.24713,1.24759,1.50,1.50
2011.09.14 17:52:34.414,1.24713,1.2476,1.50,1.50
2011.09.14 17:52:34.932,1.24694,1.24739,2.25,1.50
2011.09.14 17:52:35.066,1.24705,1.24742,1.50,2.25
2011.09.14 17:52:38.317,1.24705,1.24742,1.50,2.25
2011.09.14 17:52:38.557,1.24705,1.24742,1.50,2.25
2011.09.14 17:52:38.677,1.24706,1.24747,1.50,2.25
2011.09.14 17:52:38.797,1.24706,1.24744,1.50,1.50
2011.09.14 17:52:40.646,1.24708,1.24747,1.50,2.25
2011.09.14 17:52:41.123,1.24708,1.24747,1.50,2.25
2011.09.14 17:52:41.373,1.24708,1.24756,1.50,3.00
2011.09.14 17:52:42.935,1.24708,1.24756,1.50,1.50
2011.09.14 17:52:43.065,1.24708,1.24756,1.50,1.50
2011.09.14 17:52:43.973,1.24706,1.24756,1.50,3.00
2011.09.14 17:52:44.235,1.24708,1.24756,1.50,3.00
2011.09.14 17:52:48.347,1.24706,1.24754,1.50,2.63
2011.09.14 17:52:48.807,1.24707,1.24752,1.50,2.25
2011.09.14 17:52:49.545,1.24708,1.24752,1.50,2.25
2011.09.14 17:52:50.600,1.24708,1.24751,1.50,1.50
2011.09.14 17:52:50.967,1.24718,1.24751,1.50,1.50
2011.09.14 17:52:51.687,1.24719,1.24751,1.50,1.50
2011.09.14 17:52:52.050,1.24722,1.24767,1.50,1.50
2011.09.14 17:52:52.181,1.24723,1.24768,1.50,1.50
2011.09.14 17:52:52.431,1.24729,1.24776,1.50,2.25
2011.09.14 17:52:54.922,1.24728,1.24773,1.50,1.50
2011.09.14 17:52:55.424,1.2474,1.24777,1.50,2.25
2011.09.14 17:52:56.162,1.24741,1.24777,1.50,2.25
2011.09.14 17:52:56.406,1.24747,1.24788,1.50,1.50
2011.09.14 17:52:56.527,1.24747,1.24784,1.50,1.50
2011.09.14 17:52:57.018,1.2474,1.24771,1.50,1.50
2011.09.14 17:52:57.687,1.2474,1.24777,1.50,2.25
2011.09.14 17:53:00.657,1.2474,1.24766,1.50,1.50
2011.09.14 17:53:01.000,1.24743,1.24766,1.50,1.50
2011.09.14 17:53:01.566,1.24743,1.24767,1.50,1.50
2011.09.14 17:53:02.086,1.24743,1.24766,1.50,1.50
2011.09.14 17:53:03.187,1.24731,1.24767,1.50,1.50
2011.09.14 17:53:07.287,1.24732,1.24772,1.50,2.25
2011.09.14 17:53:07.520,1.24731,1.24772,1.50,2.25
2011.09.14 17:53:08.929,1.24731,1.24771,1.50,2.25
2011.09.14 17:53:09.296,1.24746,1.24771,1.50,2.25
2011.09.14 17:53:09.774,1.24746,1.24787,2.25,2.25
2011.09.14 17:53:10.540,1.24746,1.24776,1.50,2.25
2011.09.14 17:53:10.779,1.24746,1.24777,1.50,2.25
2011.09.14 17:53:11.019,1.24746,1.24777,1.50,2.25
2011.09.14 17:53:11.264,1.24746,1.24776,1.50,2.25
2011.09.14 17:53:11.860,1.24736,1.24776,1.50,2.25
2011.09.14 17:53:12.614,1.24735,1.24776,1.50,2.25
2011.09.14 17:53:13.328,1.24735,1.24776,1.50,2.25
2011.09.14 17:53:13.576,1.24735,1.24777,1.50,2.25
2011.09.14 17:53:14.159,1.24735,1.24772,1.50,2.25
2011.09.14 17:53:16.495,1.24735,1.24771,1.50,2.25
2011.09.14 17:53:17.283,1.24735,1.24772,2.25,2.25
2011.09.14 17:53:17.646,1.24737,1.24772,1.50,2.25
2011.09.14 17:53:18.005,1.24745,1.24771,1.50,2.25
2011.09.14 17:53:20.025,1.24745,1.24772,1.50,2.25
2011.09.14 17:53:20.147,1.24745,1.24771,1.50,2.25
2011.09.14 17:53:20.716,1.24745,1.24771,1.50,1.50
2011.09.14 17:53:24.325,1.24745,1.24772,1.50,2.25
2011.09.14 17:53:27.457,1.24757,1.24777,1.50,2.25
2011.09.14 17:53:28.037,1.24757,1.24788,1.50,1.50
2011.09.14 17:53:29.646,1.24757,1.24797,1.50,2.25
2011.09.14 17:53:29.878,1.24757,1.24797,1.50,2.25
2011.09.14 17:53:30.125,1.24757,1.24797,1.50,2.25
2011.09.14 17:53:30.486,1.24757,1.24794,1.50,1.50
2011.09.14 17:53:30.715,1.24743,1.24792,1.50,1.50
2011.09.14 17:53:31.797,1.24733,1.24777,1.50,2.25
2011.09.14 17:53:32.039,1.24733,1.24777,1.50,2.25
2011.09.14 17:53:32.507,1.24733,1.24777,1.50,2.25
2011.09.14 17:53:32.746,1.24722,1.2477,1.50,1.50
2011.09.14 17:53:36.337,1.24722,1.24766,1.50,2.25
2011.09.14 17:53:36.563,1.24722,1.24766,1.50,2.25
2011.09.14 17:53:37.479,1.24723,1.24766,1.50,2.25
2011.09.14 17:53:37.726,1.24722,1.24767,2.25,2.25
2011.09.14 17:53:38.310,1.24722,1.24766,1.50,2.25
2011.09.14 17:53:38.676,1.24722,1.24767,1.50,2.25
2011.09.14 17:53:38.917,1.24722,1.24767,1.50,2.25
2011.09.14 17:53:39.485,1.24722,1.24767,1.50,1.50
2011.09.14 17:53:39.725,1.24722,1.24766,1.50,2.25
2011.09.14 17:53:40.575,1.24722,1.24766,1.50,2.25
2011.09.14 17:53:41.205,1.24722,1.24767,1.50,3.00
2011.09.14 17:53:41.565,1.24713,1.24759,1.50,1.50
2011.09.14 17:53:41.686,1.24712,1.24759,1.50,1.50
2011.09.14 17:53:43.205,1.2471,1.24759,1.50,1.50
2011.09.14 17:53:44.237,1.2471,1.24759,1.50,1.50
2011.09.14 17:53:44.589,1.2471,1.24759,1.50,1.50
2011.09.14 17:53:45.450,1.2471,1.24759,1.50,1.50
2011.09.14 17:53:45.596,1.2471,1.24759,1.50,1.50
2011.09.14 17:53:46.426,1.2471,1.24757,1.50,2.25
2011.09.14 17:53:47.025,1.24699,1.24748,1.50,1.50
2011.09.14 17:53:47.540,1.24699,1.24749,1.50,1.50
2011.09.14 17:53:47.789,1.24699,1.24748,1.50,1.50
2011.09.14 17:53:48.134,1.24702,1.24748,1.50,1.50
2011.09.14 17:53:48.704,1.24699,1.24748,1.50,1.50
2011.09.14 17:53:49.546,1.24701,1.24748,1.50,1.50
2011.09.14 17:53:50.566,1.24699,1.24748,2.25,1.50
2011.09.14 17:53:51.499,1.24699,1.24748,1.50,1.50
2011.09.14 17:53:52.489,1.24701,1.24748,1.50,1.50
2011.09.14 17:53:52.725,1.24699,1.24748,2.25,1.50
2011.09.14 17:53:53.171,1.24702,1.24748,2.25,1.50
2011.09.14 17:53:53.534,1.2471,1.24759,1.50,1.50
2011.09.14 17:53:54.457,1.2471,1.24759,1.50,1.50
2011.09.14 17:53:54.806,1.24701,1.24749,1.50,1.50
2011.09.14 17:53:54.923,1.24699,1.24749,2.25,1.50
2011.09.14 17:53:55.733,1.24699,1.24749,1.50,1.50
2011.09.14 17:53:56.336,1.24701,1.24749,1.50,1.50
2011.09.14 17:53:57.058,1.24711,1.24759,1.50,1.50
2011.09.14 17:53:57.881,1.24711,1.24758,2.25,1.50
2011.09.14 17:53:58.387,1.24711,1.24758,1.50,1.50
2011.09.14 17:53:59.847,1.24701,1.24749,1.50,1.50
2011.09.14 17:53:59.970,1.247,1.24749,1.50,1.50
2011.09.14 17:54:00.885,1.247,1.24744,1.50,2.63
2011.09.14 17:54:01.249,1.24686,1.24726,1.50,1.50
2011.09.14 17:54:01.616,1.24707,1.24739,1.50,1.50
2011.09.14 17:54:01.736,1.24707,1.24751,1.50,1.50
2011.09.14 17:54:01.979,1.24707,1.24739,1.50,1.13
2011.09.14 17:54:02.111,1.2468,1.24728,2.25,1.50
2011.09.14 17:54:02.349,1.24693,1.24732,1.50,1.50
2011.09.14 17:54:02.597,1.24696,1.24739,1.50,1.50
2011.09.14 17:54:03.349,1.24696,1.24742,1.50,1.50
2011.09.14 17:54:03.818,1.24696,1.24742,1.50,1.50
2011.09.14 17:54:04.163,1.24693,1.24742,1.50,1.50
2011.09.14 17:54:04.943,1.24696,1.24742,1.50,1.88
2011.09.14 17:54:05.073,1.24685,1.24732,1.50,1.50
2011.09.14 17:54:05.746,1.24698,1.24743,1.50,1.50
2011.09.14 17:54:06.121,1.24696,1.24744,1.50,1.50
2011.09.14 17:54:06.487,1.24698,1.24745,1.50,1.50
2011.09.14 17:54:06.728,1.24696,1.24744,1.50,1.50
2011.09.14 17:54:06.965,1.24698,1.24744,1.50,1.50
2011.09.14 17:54:08.136,1.24698,1.24746,2.25,1.50
2011.09.14 17:54:10.103,1.24716,1.24758,1.50,1.50
2011.09.14 17:54:10.235,1.24718,1.24758,1.50,1.50
2011.09.14 17:54:12.898,1.24718,1.24761,1.50,1.50
2011.09.14 17:54:13.467,1.24718,1.24762,1.50,2.25
2011.09.14 17:54:13.985,1.24718,1.24761,1.50,1.50
2011.09.14 17:54:15.188,1.24718,1.24766,1.50,1.50
2011.09.14 17:54:15.643,1.24717,1.24766,2.25,1.50
2011.09.14 17:54:16.509,1.24719,1.24766,1.50,1.50
2011.09.14 17:54:16.635,1.24721,1.24768,1.50,1.50
2011.09.14 17:54:16.758,1.24728,1.24777,1.50,1.50
2011.09.14 17:54:17.227,1.24729,1.24777,1.50,1.50
2011.09.14 17:54:18.899,1.24727,1.24777,1.50,1.50
2011.09.14 17:54:19.374,1.24729,1.24777,1.50,1.50
2011.09.14 17:54:19.826,1.24727,1.24776,1.50,1.50
2011.09.14 17:54:20.176,1.24727,1.24773,1.50,1.50
2011.09.14 17:54:25.018,1.24729,1.24777,1.50,1.50
2011.09.14 17:54:25.726,1.2473,1.24777,1.50,1.50
2011.09.14 17:54:26.087,1.24731,1.24777,1.50,1.50
2011.09.14 17:54:26.203,1.24729,1.24777,1.50,1.50
2011.09.14 17:54:27.301,1.24729,1.24777,1.50,1.50
2011.09.14 17:54:27.537,1.24729,1.24777,1.50,1.50
2011.09.14 17:54:27.897,1.24727,1.24777,2.25,1.50
2011.09.14 17:54:28.259,1.24727,1.2477,1.50,1.50
2011.09.14 17:54:29.549,1.24717,1.24765,1.50,1.50
2011.09.14 17:54:29.676,1.24717,1.24763,1.50,2.63
2011.09.14 17:54:33.145,1.24717,1.24765,2.25,1.50
2011.09.14 17:54:33.499,1.24717,1.24766,2.25,1.50
2011.09.14 17:54:33.746,1.24717,1.24765,2.25,1.50
2011.09.14 17:54:34.213,1.24717,1.24765,1.50,1.50
2011.09.14 17:54:35.129,1.24717,1.24765,1.50,1.50
2011.09.14 17:54:35.542,1.24717,1.24765,2.25,1.50
2011.09.14 17:54:37.054,1.24717,1.24765,1.50,1.50
2011.09.14 17:54:37.284,1.24717,1.24765,2.25,1.50
2011.09.14 17:54:37.526,1.24717,1.24765,2.25,1.50
2011.09.14 17:54:38.077,1.24717,1.24765,2.25,1.50
2011.09.14 17:54:39.443,1.24715,1.24764,1.50,2.63
2011.09.14 17:54:39.685,1.24717,1.24764,1.50,1.50
2011.09.14 17:54:40.734,1.24717,1.24763,1.50,1.50
2011.09.14 17:54:41.480,1.24715,1.24764,1.50,1.50
2011.09.14 17:54:45.725,1.24717,1.24763,1.50,1.50
2011.09.14 17:54:47.805,1.24719,1.24765,1.50,1.50
2011.09.14 17:54:49.054,1.24717,1.24765,1.50,1.50
2011.09.14 17:54:49.175,1.24721,1.24765,1.50,1.50
2011.09.14 17:54:49.416,1.24721,1.24766,1.50,2.25
2011.09.14 17:54:50.215,1.24729,1.24767,1.50,1.50
2011.09.14 17:54:50.761,1.24729,1.24772,1.50,1.50
2011.09.14 17:54:51.334,1.24729,1.24771,1.50,1.50
2011.09.14 17:54:51.844,1.24729,1.24772,1.50,1.50
2011.09.14 17:54:52.422,1.24732,1.24772,1.50,1.50
2011.09.14 17:54:53.015,1.24731,1.24771,1.50,1.50
2011.09.14 17:54:53.247,1.24729,1.24771,2.25,2.25
2011.09.14 17:54:53.484,1.24732,1.24771,1.50,2.25
2011.09.14 17:54:55.708,1.24729,1.24771,1.50,1.50
2011.09.14 17:54:55.943,1.24729,1.24771,1.50,1.50
2011.09.14 17:54:57.506,1.24729,1.24772,1.50,1.50
2011.09.14 17:54:58.654,1.24729,1.24775,3.00,1.50
2011.09.14 17:54:59.149,1.24729,1.24778,3.00,1.50
2011.09.14 17:55:01.406,1.24731,1.24778,1.50,1.50
2011.09.14 17:55:01.526,1.24731,1.24775,1.50,1.50
2011.09.14 17:55:01.998,1.24732,1.24776,1.50,1.50
2011.09.14 17:55:02.771,1.24732,1.24777,1.50,1.50
2011.09.14 17:55:03.127,1.24732,1.24775,1.50,1.50
2011.09.14 17:55:03.372,1.24735,1.24778,1.35,2.25
2011.09.14 17:55:03.973,1.24735,1.24778,1.35,1.50
2011.09.14 17:55:09.635,1.24745,1.24778,1.80,1.50
2011.09.14 17:55:10.456,1.24738,1.24776,1.80,1.50
2011.09.14 17:55:10.811,1.2474,1.24778,2.55,1.50
2011.09.14 17:55:11.423,1.24754,1.24789,2.55,1.50
2011.09.14 17:55:11.545,1.24754,1.24802,2.55,1.50
2011.09.14 17:55:11.787,1.24757,1.24802,2.55,1.50
2011.09.14 17:55:13.440,1.24773,1.24809,1.50,1.50
2011.09.14 17:55:13.587,1.24773,1.24813,1.50,2.63
2011.09.14 17:55:13.709,1.24772,1.24811,1.50,1.50
2011.09.14 17:55:14.080,1.24762,1.2481,3.30,1.50
2011.09.14 17:55:14.316,1.24762,1.24808,1.50,1.50
2011.09.14 17:55:14.676,1.24762,1.24808,1.50,1.50
2011.09.14 17:55:15.283,1.24762,1.24808,1.50,1.50
2011.09.14 17:55:16.183,1.24777,1.24811,1.80,1.50
2011.09.14 17:55:16.534,1.24777,1.24813,1.80,1.50
2011.09.14 17:55:17.326,1.24777,1.24808,1.80,1.50
2011.09.14 17:55:17.565,1.24777,1.24808,1.80,1.50
2011.09.14 17:55:18.993,1.24771,1.24811,2.55,1.50
2011.09.14 17:55:19.123,1.24771,1.24809,1.80,1.50
2011.09.14 17:55:21.567,1.24765,1.24809,1.80,1.50
2011.09.14 17:55:22.188,1.24762,1.24809,1.50,1.50
2011.09.14 17:55:22.776,1.24761,1.24809,1.50,1.50
2011.09.14 17:55:23.116,1.24761,1.24809,1.50,1.50
2011.09.14 17:55:23.233,1.24761,1.24809,1.50,1.50
2011.09.14 17:55:23.586,1.24752,1.24798,1.50,1.50
2011.09.14 17:55:25.395,1.24752,1.24798,1.50,1.50
2011.09.14 17:55:25.757,1.24752,1.24794,1.50,2.63
2011.09.14 17:55:26.345,1.24752,1.24794,1.50,1.88
2011.09.14 17:55:26.707,1.24752,1.24794,1.50,2.63
2011.09.14 17:55:26.933,1.2475,1.24794,1.50,2.63
2011.09.14 17:55:29.696,1.2475,1.24794,2.25,2.63
2011.09.14 17:55:31.123,1.24752,1.24794,1.50,1.88
2011.09.14 17:55:31.253,1.24757,1.24798,2.55,1.50
2011.09.14 17:55:32.266,1.24757,1.248,2.55,2.25
2011.09.14 17:55:32.837,1.24758,1.248,1.80,1.50
2011.09.14 17:55:33.065,1.24758,1.248,2.55,2.25
2011.09.14 17:55:34.200,1.24758,1.24799,2.55,1.50
2011.09.14 17:55:34.686,1.24758,1.248,2.55,1.50
2011.09.14 17:55:40.144,1.24758,1.24798,2.55,1.50
2011.09.14 17:55:43.968,1.24758,1.248,2.55,1.50
2011.09.14 17:55:44.676,1.24758,1.24798,2.55,1.50
2011.09.14 17:55:45.266,1.24758,1.24799,2.55,1.50
2011.09.14 17:55:45.849,1.24761,1.24799,1.80,1.50
2011.09.14 17:55:45.981,1.24761,1.24804,3.30,1.50
2011.09.14 17:55:46.112,1.24763,1.24807,1.50,2.25
2011.09.14 17:55:46.355,1.24761,1.24807,2.25,2.25
2011.09.14 17:55:47.209,1.24763,1.24806,1.50,2.25
2011.09.14 17:55:49.565,1.24763,1.24806,2.25,2.25
2011.09.14 17:55:53.507,1.24763,1.24806,1.50,1.50
2011.09.14 17:55:53.857,1.24763,1.24806,1.50,1.50
2011.09.14 17:55:54.340,1.24763,1.24806,1.50,1.50
2011.09.14 17:55:55.485,1.24768,1.24806,2.55,1.50
2011.09.14 17:55:55.730,1.24763,1.2481,1.50,1.50
2011.09.14 17:56:02.988,1.24761,1.24809,3.30,1.50
2011.09.14 17:56:03.107,1.24756,1.24799,1.50,1.50
2011.09.14 17:56:03.349,1.24761,1.24799,1.80,1.50
2011.09.14 17:56:03.855,1.24763,1.24802,1.50,2.25
2011.09.14 17:56:04.337,1.24768,1.24809,2.55,1.50
2011.09.14 17:56:04.459,1.24768,1.24809,2.55,1.50
2011.09.14 17:56:04.816,1.24773,1.24812,2.55,1.50
2011.09.14 17:56:05.373,1.24773,1.24812,2.55,1.50
2011.09.14 17:56:07.303,1.24773,1.24812,2.55,1.50
2011.09.14 17:56:07.643,1.24773,1.24812,2.55,1.50
2011.09.14 17:56:18.244,1.24774,1.24821,1.50,1.50
2011.09.14 17:56:18.599,1.24776,1.2482,2.55,1.50
2011.09.14 17:56:22.319,1.2478,1.2482,1.50,1.50
2011.09.14 17:56:22.689,1.24796,1.24811,2.55,2.38
2011.09.14 17:56:23.048,1.24801,1.24816,1.80,1.63
2011.09.14 17:56:23.463,1.24783,1.24813,1.50,1.25
2011.09.14 17:56:23.582,1.24776,1.24807,2.55,2.38
2011.09.14 17:56:23.707,1.24776,1.24817,2.55,2.25
2011.09.14 17:56:23.827,1.24776,1.24816,2.55,1.50
2011.09.14 17:56:24.277,1.24776,1.24816,2.55,1.50
2011.09.14 17:56:24.505,1.24782,1.24817,1.50,2.25
2011.09.14 17:56:25.275,1.24783,1.24816,1.50,1.50
2011.09.14 17:56:25.808,1.24783,1.24817,1.50,1.50
2011.09.14 17:56:26.514,1.24783,1.24816,1.50,1.50
2011.09.14 17:56:29.993,1.24783,1.24817,1.50,1.50
2011.09.14 17:56:30.554,1.24784,1.24816,1.50,1.50
2011.09.14 17:56:31.025,1.24784,1.24817,1.50,1.50
2011.09.14 17:56:31.266,1.24782,1.24817,1.50,1.50
2011.09.14 17:56:31.387,1.24782,1.24817,1.50,2.25
2011.09.14 17:56:32.048,1.24782,1.24816,1.50,3.00
2011.09.14 17:56:35.086,1.24782,1.24816,1.50,3.00
2011.09.14 17:56:35.207,1.24773,1.24816,1.50,3.00
2011.09.14 17:56:35.329,1.2477,1.24815,2.25,1.50
2011.09.14 17:56:36.952,1.24773,1.24812,1.50,1.50
2011.09.14 17:56:37.472,1.24773,1.24811,1.50,1.50
2011.09.14 17:56:41.262,1.24773,1.24812,1.50,1.50
2011.09.14 17:56:45.907,1.24773,1.24807,1.50,1.50
2011.09.14 17:56:46.678,1.24773,1.24806,1.50,1.50
2011.09.14 17:56:47.473,1.24773,1.24807,1.50,1.50
2011.09.14 17:56:49.756,1.24772,1.24806,1.50,1.50
2011.09.14 17:56:50.114,1.24756,1.24801,1.50,1.50
2011.09.14 17:56:50.344,1.24756,1.24801,1.50,1.50
2011.09.14 17:56:50.877,1.24755,1.24801,1.50,1.50
2011.09.14 17:56:53.914,1.24754,1.24801,1.50,1.50
2011.09.14 17:56:54.324,1.24755,1.24801,1.50,1.50
2011.09.14 17:56:54.713,1.24755,1.24801,1.50,1.50
2011.09.14 17:56:56.936,1.24753,1.24801,1.50,1.50
2011.09.14 17:56:57.773,1.24752,1.24801,1.50,1.50
2011.09.14 17:57:00.493,1.24752,1.24801,1.50,1.50
2011.09.14 17:57:00.857,1.24746,1.2479,1.50,1.50
2011.09.14 17:57:01.167,1.24744,1.2479,1.50,1.50
2011.09.14 17:57:03.974,1.24742,1.2479,1.50,1.50
2011.09.14 17:57:06.317,1.24744,1.2479,1.50,1.50
2011.09.14 17:57:07.185,1.24746,1.2479,1.50,1.50
2011.09.14 17:57:07.545,1.24744,1.24793,1.50,1.50
2011.09.14 17:57:08.048,1.24744,1.24793,1.50,1.50
2011.09.14 17:57:09.405,1.24744,1.24793,1.50,1.50
2011.09.14 17:57:09.526,1.24754,1.24796,1.50,1.50
2011.09.14 17:57:09.644,1.24755,1.24796,1.50,1.50
2011.09.14 17:57:10.413,1.24754,1.24797,1.50,1.50
2011.09.14 17:57:10.995,1.24754,1.24796,1.50,1.50
2011.09.14 17:57:11.774,1.24753,1.24801,1.50,3.00
2011.09.14 17:57:12.358,1.24755,1.24801,1.50,3.00
2011.09.14 17:57:14.314,1.24755,1.24801,1.50,3.00
2011.09.14 17:57:14.551,1.24755,1.24801,1.50,3.00
2011.09.14 17:57:14.797,1.24755,1.24801,1.50,1.50
2011.09.14 17:57:15.820,1.24753,1.24801,2.25,3.00
2011.09.14 17:57:16.188,1.24741,1.24788,1.50,1.50
2011.09.14 17:57:16.306,1.2474,1.24788,1.50,1.50
2011.09.14 17:57:16.722,1.2474,1.24782,1.50,1.50
2011.09.14 17:57:17.066,1.24733,1.24778,2.55,1.50
2011.09.14 17:57:17.514,1.24742,1.24782,1.50,1.50
2011.09.14 17:57:17.745,1.24744,1.2479,2.55,2.25
2011.09.14 17:57:17.864,1.24742,1.24791,1.50,2.25
2011.09.14 17:57:17.984,1.24742,1.2479,1.50,1.50
2011.09.14 17:57:18.104,1.24741,1.24785,1.50,1.50
2011.09.14 17:57:18.228,1.24731,1.24778,2.55,1.50
2011.09.14 17:57:18.576,1.24731,1.24777,2.55,1.50
2011.09.14 17:57:19.038,1.24731,1.24777,2.55,1.50
2011.09.14 17:57:20.726,1.24731,1.24778,2.55,1.50
2011.09.14 17:57:21.939,1.24731,1.24778,2.55,1.50
2011.09.14 17:57:22.293,1.24732,1.24778,2.55,1.50
2011.09.14 17:57:22.415,1.24732,1.24778,2.55,1.50
2011.09.14 17:57:22.998,1.24742,1.24782,1.50,1.50
2011.09.14 17:57:23.146,1.2474,1.2479,1.50,1.50
2011.09.14 17:57:24.758,1.24742,1.24787,1.50,1.50
2011.09.14 17:57:25.091,1.2474,1.24783,1.50,1.50
2011.09.14 17:57:25.339,1.2474,1.2479,1.50,1.50
2011.09.14 17:57:26.236,1.24733,1.24782,1.50,1.50
2011.09.14 17:57:26.355,1.24728,1.24776,1.50,1.50
2011.09.14 17:57:26.585,1.24726,1.24776,1.50,1.50
2011.09.14 17:57:26.940,1.24728,1.24778,1.50,2.25
2011.09.14 17:57:27.068,1.24728,1.24778,1.50,1.50
2011.09.14 17:57:27.309,1.24728,1.24778,1.50,1.50
2011.09.14 17:57:33.882,1.24728,1.24778,1.50,1.50
2011.09.14 17:57:34.748,1.24728,1.24776,1.50,1.50
2011.09.14 17:57:34.864,1.24728,1.24776,1.50,1.50
2011.09.14 17:57:35.906,1.24728,1.24773,1.50,2.63
2011.09.14 17:57:36.544,1.24728,1.24773,1.50,2.63
2011.09.14 17:57:37.554,1.24726,1.24773,1.50,2.63
2011.09.14 17:57:39.847,1.24728,1.24773,1.50,2.63
2011.09.14 17:57:40.330,1.24728,1.24778,1.50,1.50
2011.09.14 17:57:40.579,1.24728,1.24778,1.50,1.50
2011.09.14 17:57:40.825,1.2473,1.24778,1.50,1.50
2011.09.14 17:57:45.384,1.2473,1.24778,1.50,2.25
2011.09.14 17:57:47.355,1.24726,1.24778,2.25,2.25
2011.09.14 17:57:48.016,1.24726,1.24776,1.50,1.50
2011.09.14 17:57:49.173,1.24726,1.24768,1.50,1.50
2011.09.14 17:57:49.415,1.24728,1.24773,1.50,1.50
2011.09.14 17:57:51.145,1.24721,1.24765,1.50,1.50
2011.09.14 17:57:51.485,1.24719,1.24765,2.55,1.50
2011.09.14 17:57:53.034,1.24716,1.24765,3.38,1.50
2011.09.14 17:57:54.477,1.24716,1.24765,1.50,1.50
2011.09.14 17:57:55.187,1.24715,1.24765,1.50,1.50
2011.09.14 17:57:56.266,1.24715,1.24764,1.50,1.50
2011.09.14 17:57:58.277,1.24702,1.24752,1.50,1.50
2011.09.14 17:57:58.515,1.247,1.24752,2.25,1.50
2011.09.14 17:58:00.925,1.24702,1.24752,1.50,1.50
2011.09.14 17:58:01.646,1.247,1.24752,2.25,1.50
2011.09.14 17:58:01.983,1.24702,1.24752,1.50,1.50
2011.09.14 17:58:02.324,1.247,1.24752,2.25,1.50
2011.09.14 17:58:09.837,1.24702,1.2475,1.50,1.50
2011.09.14 17:58:10.079,1.24693,1.24732,1.50,1.50
2011.09.14 17:58:10.210,1.24688,1.24732,2.25,1.50
2011.09.14 17:58:10.340,1.24723,1.24732,1.50,1.50
2011.09.14 17:58:10.939,1.24723,1.24734,2.03,2.25
2011.09.14 17:58:11.074,1.24719,1.24734,1.05,2.25
2011.09.14 17:58:11.196,1.24686,1.24734,1.50,2.25
2011.09.14 17:58:11.865,1.24686,1.24734,1.50,2.25
2011.09.14 17:58:12.537,1.24687,1.24734,1.50,1.50
2011.09.14 17:58:13.280,1.24689,1.24734,1.50,1.50
2011.09.14 17:58:13.528,1.24695,1.24744,1.50,1.50
2011.09.14 17:58:14.228,1.24697,1.24744,1.50,1.50
2011.09.14 17:58:14.362,1.24706,1.24754,1.50,1.50
2011.09.14 17:58:23.014,1.24708,1.24756,1.50,1.50
2011.09.14 17:58:23.573,1.24706,1.24756,1.50,1.50
2011.09.14 17:58:27.861,1.24706,1.24754,1.50,1.50
2011.09.14 17:58:28.105,1.24706,1.24754,1.50,1.50
2011.09.14 17:58:29.538,1.24706,1.24754,1.50,1.50
2011.09.14 17:58:30.871,1.24708,1.24754,1.50,1.50
2011.09.14 17:58:31.240,1.24724,1.2477,1.50,1.50
2011.09.14 17:58:34.227,1.24724,1.2477,1.50,1.50
2011.09.14 17:58:34.351,1.24724,1.2477,1.50,1.50
2011.09.14 17:58:34.477,1.24724,1.24767,1.50,1.50
2011.09.14 17:58:34.718,1.24724,1.24758,1.50,1.50
2011.09.14 17:58:35.558,1.24724,1.24767,1.50,1.50
2011.09.14 17:58:35.679,1.24712,1.24764,1.50,2.25
2011.09.14 17:58:35.914,1.24712,1.24758,1.50,1.50
2011.09.14 17:58:36.852,1.24712,1.24758,1.50,1.50
2011.09.14 17:58:38.320,1.24712,1.24756,1.50,1.50
2011.09.14 17:58:38.454,1.24712,1.24756,1.50,1.50
2011.09.14 17:58:39.049,1.24712,1.24763,1.50,1.50
2011.09.14 17:58:40.196,1.24712,1.24761,1.50,1.50
2011.09.14 17:58:40.663,1.24712,1.24759,1.50,1.50
2011.09.14 17:58:42.868,1.24712,1.24761,1.50,1.50
2011.09.14 17:58:43.106,1.24712,1.24762,1.50,1.50
2011.09.14 17:58:48.165,1.24712,1.24761,1.50,1.50
2011.09.14 17:58:48.536,1.24712,1.24761,1.50,1.50
2011.09.14 17:58:49.009,1.24712,1.24761,1.50,1.50
2011.09.14 17:58:49.920,1.24712,1.2476,1.50,1.15
2011.09.14 17:58:50.052,1.24712,1.2476,1.50,1.15
2011.09.14 17:58:50.178,1.24712,1.2476,1.50,1.15
2011.09.14 17:58:50.526,1.24715,1.24761,1.50,1.50
2011.09.14 17:58:51.126,1.24713,1.24761,1.50,1.50
2011.09.14 17:58:51.586,1.24714,1.24761,1.50,1.50
2011.09.14 17:58:51.827,1.24715,1.24761,1.50,1.50
2011.09.14 17:58:52.469,1.24718,1.24765,1.50,1.50
2011.09.14 17:58:52.607,1.24715,1.24763,1.50,1.50
2011.09.14 17:58:52.736,1.24726,1.24775,1.50,1.50
2011.09.14 17:58:52.863,1.24726,1.24775,1.50,1.50
2011.09.14 17:58:53.224,1.24726,1.24775,1.50,1.50
2011.09.14 17:58:53.457,1.24726,1.24775,1.50,1.50
2011.09.14 17:58:54.552,1.24727,1.24775,1.50,1.50
2011.09.14 17:58:54.689,1.24738,1.24788,1.50,2.25
2011.09.14 17:58:55.297,1.24736,1.24786,2.25,1.50
2011.09.14 17:58:55.975,1.24736,1.24786,2.25,2.25
2011.09.14 17:58:57.658,1.24738,1.24788,1.50,3.00
2011.09.14 17:59:01.031,1.24749,1.24798,1.50,2.25
2011.09.14 17:59:01.400,1.24738,1.24786,1.50,1.50
2011.09.14 17:59:01.765,1.24738,1.24786,1.50,1.50
2011.09.14 17:59:02.005,1.24738,1.24783,1.50,2.63
2011.09.14 17:59:02.355,1.24738,1.24783,1.50,2.63
2011.09.14 17:59:02.600,1.24721,1.2477,2.25,1.50
2011.09.14 17:59:02.845,1.24721,1.2477,1.50,1.50
2011.09.14 17:59:05.989,1.24721,1.24768,1.50,1.50
2011.09.14 17:59:06.645,1.24721,1.2477,1.50,1.50
2011.09.14 17:59:06.766,1.24721,1.2477,1.50,1.50
2011.09.14 17:59:07.116,1.24721,1.2477,1.50,1.50
2011.09.14 17:59:07.235,1.24721,1.2477,1.50,1.50
2011.09.14 17:59:07.474,1.24721,1.2477,1.50,1.50
2011.09.14 17:59:07.813,1.24721,1.2477,1.50,1.50
2011.09.14 17:59:09.715,1.24721,1.2477,1.50,1.50
2011.09.14 17:59:14.457,1.24722,1.2477,1.50,2.25
2011.09.14 17:59:14.816,1.24732,1.24779,1.50,1.50
2011.09.14 17:59:15.773,1.24733,1.24779,1.50,1.50
2011.09.14 17:59:16.020,1.24733,1.24779,1.50,1.50
2011.09.14 17:59:16.699,1.24733,1.24781,2.25,1.50
2011.09.14 17:59:17.665,1.24734,1.24781,1.50,1.50
2011.09.14 17:59:17.786,1.24734,1.24781,1.50,1.50
2011.09.14 17:59:18.912,1.24734,1.24781,1.50,1.50
2011.09.14 17:59:19.596,1.24734,1.24781,1.50,1.50
2011.09.14 17:59:20.325,1.24734,1.24783,2.25,1.50
2011.09.14 17:59:20.447,1.24734,1.24782,2.25,1.50
2011.09.14 17:59:20.807,1.24737,1.24784,2.63,1.50
2011.09.14 17:59:21.155,1.24734,1.24784,2.25,2.25
2011.09.14 17:59:21.603,1.24734,1.24783,2.25,2.25
2011.09.14 17:59:22.247,1.24734,1.24782,1.50,1.50
2011.09.14 17:59:22.366,1.24734,1.2478,1.50,1.50
2011.09.14 17:59:22.815,1.24734,1.2478,1.50,1.50
2011.09.14 17:59:23.455,1.24734,1.2478,1.50,1.50
2011.09.14 17:59:25.078,1.24734,1.2478,1.50,1.50
2011.09.14 17:59:26.180,1.24734,1.24783,1.50,1.50
2011.09.14 17:59:26.428,1.24732,1.24782,1.50,1.50
2011.09.14 17:59:27.405,1.24732,1.24782,1.50,1.50
2011.09.14 17:59:30.228,1.24734,1.24782,1.50,1.50
2011.09.14 17:59:30.704,1.24732,1.24782,1.50,1.50
2011.09.14 17:59:31.434,1.24732,1.24782,1.50,1.50
2011.09.14 17:59:32.628,1.24732,1.24782,1.50,1.50
2011.09.14 17:59:32.985,1.24722,1.24768,1.50,1.50
2011.09.14 17:59:33.112,1.24719,1.24768,1.50,1.50
2011.09.14 17:59:33.475,1.24719,1.24768,1.50,1.50
2011.09.14 17:59:33.877,1.24721,1.24768,1.50,1.50
2011.09.14 17:59:34.115,1.24722,1.24771,1.50,2.25
2011.09.14 17:59:36.385,1.24722,1.24771,1.50,1.50
2011.09.14 17:59:37.479,1.24754,1.24783,1.50,2.63
2011.09.14 17:59:37.617,1.24754,1.24787,2.25,1.90
2011.09.14 17:59:37.740,1.24754,1.24804,1.50,1.50
2011.09.14 17:59:38.199,1.24765,1.24806,1.50,2.25
2011.09.14 17:59:40.606,1.24766,1.24807,1.50,1.50
2011.09.14 17:59:41.218,1.24766,1.24814,1.50,1.50
2011.09.14 17:59:42.153,1.24767,1.24814,1.50,1.50
2011.09.14 17:59:42.827,1.24767,1.24814,1.50,1.50
2011.09.14 17:59:43.179,1.24775,1.24816,1.50,2.25
2011.09.14 17:59:43.658,1.24775,1.24817,1.50,2.25
2011.09.14 17:59:45.627,1.24776,1.24816,1.50,2.25
2011.09.14 17:59:45.981,1.2479,1.24816,1.50,1.50
2011.09.14 17:59:46.108,1.2479,1.24823,1.50,1.50
2011.09.14 17:59:46.230,1.2478,1.24826,1.50,1.50
2011.09.14 17:59:46.360,1.2478,1.24826,1.50,1.50
2011.09.14 17:59:47.389,1.24779,1.24826,1.50,3.00
2011.09.14 17:59:47.844,1.24778,1.24826,1.50,3.00
2011.09.14 17:59:51.842,1.2479,1.24824,1.80,1.50
2011.09.14 17:59:52.092,1.24778,1.24824,1.50,1.50
2011.09.14 17:59:52.218,1.24778,1.24818,1.50,1.50
2011.09.14 17:59:52.339,1.24777,1.24814,1.50,1.50
2011.09.14 17:59:52.566,1.24766,1.24801,3.00,1.50
2011.09.14 17:59:53.038,1.24766,1.24801,1.50,1.50
2011.09.14 17:59:53.176,1.24766,1.24801,1.50,1.50
2011.09.14 17:59:54.877,1.24766,1.24802,1.50,1.50
2011.09.14 17:59:55.113,1.24764,1.24801,1.50,1.50
2011.09.14 17:59:55.796,1.24772,1.24801,4.50,1.50
2011.09.14 17:59:56.033,1.24791,1.24816,1.80,1.50
2011.09.14 17:59:56.388,1.24791,1.24829,1.80,1.50
2011.09.14 17:59:57.116,1.24791,1.24831,1.80,2.25
2011.09.14 17:59:57.515,1.24808,1.24831,2.55,1.50
2011.09.14 17:59:57.883,1.24793,1.24833,1.50,1.50
2011.09.14 17:59:58.007,1.24789,1.24826,1.80,2.25
2011.09.14 17:59:58.127,1.24789,1.24826,1.80,2.25
2011.09.14 17:59:58.780,1.24789,1.24822,1.80,1.73
2011.09.14 17:59:58.913,1.24774,1.24811,1.50,1.50
2011.09.14 17:59:59.042,1.24763,1.24811,1.50,3.75
2011.09.14 17:59:59.290,1.24761,1.24798,1.80,1.50
2011.09.14 17:59:59.538,1.24751,1.24797,1.50,1.50
