2015.03.13 11:00:00.382,1.04435,1.04458,1.00,1.52
2015.03.13 11:00:00.483,1.04431,1.04456,1.00,1.52
2015.03.13 11:00:00.686,1.04431,1.04456,1.00,1.00
2015.03.13 11:00:03.112,1.04431,1.04456,1.17,1.00
2015.03.13 11:00:03.620,1.04433,1.04456,1.10,1.00
2015.03.13 11:00:03.901,1.04435,1.04458,1.00,1.00
2015.03.13 11:00:04.719,1.04435,1.04458,1.07,1.00
2015.03.13 11:00:05.518,1.04435,1.04458,1.22,1.00
2015.03.13 11:00:05.670,1.04437,1.04462,1.20,1.00
2015.03.13 11:00:06.010,1.04441,1.04464,1.00,1.00
2015.03.13 11:00:06.793,1.04443,1.04468,1.00,1.10
2015.03.13 11:00:07.712,1.04443,1.04468,1.27,1.00
2015.03.13 11:00:07.813,1.04443,1.04468,2.40,1.00
2015.03.13 11:00:07.864,1.04446,1.04471,1.10,1.00
2015.03.13 11:00:08.218,1.04451,1.04474,1.00,1.00
2015.03.13 11:00:08.521,1.04448,1.04471,1.00,1.00
2015.03.13 11:00:10.610,1.04451,1.04474,1.00,1.00
2015.03.13 11:00:12.704,1.04451,1.04474,1.00,1.15
2015.03.13 11:00:13.162,1.04447,1.04472,1.00,1.17
2015.03.13 11:00:14.650,1.04447,1.04472,1.00,1.00
2015.03.13 11:00:15.412,1.0445,1.04472,1.00,1.00
2015.03.13 11:00:16.034,1.04449,1.04472,1.00,1.00
2015.03.13 11:00:17.832,1.04447,1.04472,1.50,1.00
2015.03.13 11:00:18.135,1.04449,1.04472,1.00,1.00
2015.03.13 11:00:18.590,1.04447,1.04472,1.50,1.00
2015.03.13 11:00:19.361,1.0445,1.04472,1.00,1.00
2015.03.13 11:00:19.563,1.04447,1.04472,1.07,1.00
2015.03.13 11:00:19.664,1.04451,1.04474,1.00,1.00
2015.03.13 11:00:21.548,1.04453,1.04474,1.00,1.00
2015.03.13 11:00:21.774,1.04451,1.04474,1.00,1.00
2015.03.13 11:00:22.077,1.04453,1.04476,1.00,1.00
2015.03.13 11:00:35.828,1.04455,1.0448,1.00,1.00
2015.03.13 11:00:36.081,1.04455,1.0448,1.25,1.00
2015.03.13 11:00:36.486,1.04458,1.04484,1.17,1.00
2015.03.13 11:00:41.401,1.0446,1.04487,1.20,1.00
2015.03.13 11:00:41.788,1.0446,1.04487,1.12,1.00
2015.03.13 11:00:41.839,1.0446,1.04487,1.10,1.00
2015.03.13 11:00:42.648,1.04458,1.04484,1.10,1.00
2015.03.13 11:00:42.952,1.04453,1.04482,1.10,1.12
2015.03.13 11:00:45.714,1.04453,1.04482,1.65,1.00
2015.03.13 11:00:46.370,1.04457,1.04484,1.00,1.00
2015.03.13 11:00:48.416,1.04457,1.04484,1.25,1.00
2015.03.13 11:00:51.831,1.04457,1.04484,1.10,1.00
2015.03.13 11:00:55.389,1.04457,1.04484,1.17,1.00
2015.03.13 11:00:55.490,1.0446,1.04487,1.17,1.00
2015.03.13 11:00:55.591,1.04463,1.0449,1.00,1.00
2015.03.13 11:00:58.216,1.04463,1.0449,1.17,1.00
2015.03.13 11:00:58.574,1.04463,1.0449,1.17,1.37
2015.03.13 11:00:58.931,1.0446,1.04487,1.17,1.00
2015.03.13 11:00:59.444,1.0446,1.04487,1.20,1.00
2015.03.13 11:01:00.255,1.04461,1.04486,1.00,1.00
2015.03.13 11:01:00.763,1.04461,1.04486,1.00,1.37
2015.03.13 11:01:09.117,1.04461,1.04486,1.00,1.00
2015.03.13 11:01:09.370,1.04463,1.04488,1.00,1.12
2015.03.13 11:01:09.824,1.04468,1.04491,1.00,1.37
2015.03.13 11:01:09.926,1.04468,1.04491,1.00,1.00
2015.03.13 11:01:15.049,1.04468,1.04491,1.00,1.37
2015.03.13 11:01:16.626,1.04465,1.04488,1.10,1.00
2015.03.13 11:01:19.610,1.04469,1.04492,1.00,1.37
2015.03.13 11:01:20.368,1.04469,1.04492,1.15,1.37
2015.03.13 11:01:21.273,1.04469,1.04492,1.10,1.37
2015.03.13 11:01:21.324,1.04469,1.04492,1.10,1.00
2015.03.13 11:01:21.476,1.04469,1.04492,1.10,1.37
2015.03.13 11:01:21.578,1.04469,1.04492,1.10,1.37
2015.03.13 11:01:21.881,1.04469,1.04492,1.10,1.00
2015.03.13 11:01:22.139,1.04469,1.04492,1.17,1.00
2015.03.13 11:01:22.652,1.04469,1.04492,1.15,1.00
2015.03.13 11:01:23.670,1.04473,1.04496,1.00,1.00
2015.03.13 11:01:33.914,1.04471,1.04499,1.17,1.00
2015.03.13 11:01:34.217,1.04473,1.04502,1.00,1.00
2015.03.13 11:01:34.671,1.04473,1.04501,1.07,1.00
2015.03.13 11:01:34.822,1.04473,1.045,1.00,1.07
2015.03.13 11:01:34.924,1.04473,1.04502,1.00,1.17
2015.03.13 11:01:34.975,1.04473,1.04496,1.00,1.00
2015.03.13 11:01:39.974,1.04473,1.04496,1.07,1.00
2015.03.13 11:01:40.075,1.04475,1.045,1.15,1.00
2015.03.13 11:01:40.599,1.04475,1.045,1.15,1.00
2015.03.13 11:01:40.700,1.04475,1.045,1.20,1.00
2015.03.13 11:01:41.905,1.04475,1.045,1.57,1.00
2015.03.13 11:01:43.157,1.04475,1.045,1.20,1.00
2015.03.13 11:01:44.011,1.04475,1.045,1.15,1.00
2015.03.13 11:01:44.213,1.04475,1.045,1.17,1.00
2015.03.13 11:01:44.830,1.04475,1.045,1.00,1.00
2015.03.13 11:01:44.881,1.04473,1.04496,1.00,1.00
2015.03.13 11:01:45.386,1.04473,1.04496,1.37,1.00
2015.03.13 11:01:45.689,1.04475,1.045,1.52,1.00
2015.03.13 11:01:46.092,1.04475,1.045,1.52,1.00
2015.03.13 11:01:48.411,1.04475,1.045,1.37,1.00
2015.03.13 11:01:48.613,1.04475,1.045,1.00,1.00
2015.03.13 11:01:48.765,1.04472,1.04497,1.20,1.00
2015.03.13 11:01:49.290,1.04472,1.04497,1.57,1.00
2015.03.13 11:01:51.588,1.04472,1.04497,1.27,1.00
2015.03.13 11:01:51.898,1.04472,1.04497,1.15,1.00
2015.03.13 11:01:55.071,1.04472,1.04497,1.17,1.00
2015.03.13 11:01:55.122,1.04472,1.04497,1.10,1.00
2015.03.13 11:01:58.673,1.04472,1.04497,1.07,1.00
2015.03.13 11:02:01.640,1.04472,1.04497,1.10,1.00
2015.03.13 11:02:10.972,1.04472,1.04497,1.17,1.00
2015.03.13 11:02:11.274,1.04472,1.04497,1.15,1.00
2015.03.13 11:02:11.899,1.04472,1.04497,1.52,1.00
2015.03.13 11:02:12.051,1.04476,1.04501,1.00,1.00
2015.03.13 11:02:16.346,1.04476,1.04501,1.37,1.00
2015.03.13 11:02:22.960,1.04476,1.04501,1.37,1.00
2015.03.13 11:02:23.061,1.04476,1.04501,1.37,1.00
2015.03.13 11:02:23.366,1.04474,1.04497,1.12,1.00
2015.03.13 11:02:23.568,1.0447,1.04495,1.17,1.00
2015.03.13 11:02:24.645,1.0447,1.04495,1.17,1.00
2015.03.13 11:02:24.696,1.04475,1.04498,1.00,1.00
2015.03.13 11:02:24.848,1.04475,1.04498,1.07,1.00
2015.03.13 11:02:25.252,1.04478,1.04501,1.00,1.00
2015.03.13 11:02:32.097,1.04478,1.04501,1.00,1.17
2015.03.13 11:02:32.198,1.04475,1.04498,1.00,1.00
2015.03.13 11:02:32.299,1.04472,1.04495,1.00,1.00
2015.03.13 11:02:32.602,1.04474,1.04499,1.00,1.00
2015.03.13 11:02:32.855,1.04472,1.04495,1.00,1.00
2015.03.13 11:02:33.158,1.04467,1.0449,1.57,1.00
2015.03.13 11:02:33.415,1.04467,1.0449,1.20,1.00
2015.03.13 11:02:35.251,1.04471,1.04494,1.00,1.00
2015.03.13 11:03:06.797,1.04468,1.04491,1.00,1.00
2015.03.13 11:03:15.729,1.04464,1.04489,1.12,1.00
2015.03.13 11:03:15.831,1.04464,1.04489,1.37,1.10
2015.03.13 11:03:19.782,1.04464,1.04489,1.00,1.00
2015.03.13 11:03:36.262,1.04464,1.04489,1.20,1.00
2015.03.13 11:03:36.566,1.04468,1.04491,1.00,1.00
2015.03.13 11:03:45.276,1.04468,1.04491,1.37,1.00
2015.03.13 11:03:47.276,1.04468,1.04491,1.00,1.00
2015.03.13 11:03:49.615,1.04468,1.04491,1.37,1.00
2015.03.13 11:03:50.578,1.04468,1.04491,1.00,1.00
2015.03.13 11:03:59.590,1.04468,1.04491,1.37,1.00
2015.03.13 11:04:00.348,1.04468,1.04491,1.12,1.00
2015.03.13 11:04:01.147,1.04469,1.04494,1.00,1.00
2015.03.13 11:04:01.500,1.04467,1.0449,1.37,1.00
2015.03.13 11:04:02.004,1.04467,1.0449,1.00,1.00
2015.03.13 11:04:02.055,1.04463,1.04488,1.00,1.00
2015.03.13 11:04:04.241,1.04461,1.04484,1.00,1.00
2015.03.13 11:04:16.646,1.04458,1.04481,1.00,1.00
2015.03.13 11:04:43.625,1.0446,1.04485,1.00,1.00
2015.03.13 11:04:47.958,1.0446,1.04485,1.17,1.00
2015.03.13 11:04:48.573,1.04464,1.04487,1.12,1.00
2015.03.13 11:04:49.129,1.04468,1.04491,1.00,1.00
2015.03.13 11:05:11.244,1.04465,1.04488,1.10,1.00
2015.03.13 11:05:47.174,1.04458,1.04483,1.20,1.10
2015.03.13 11:05:47.225,1.04458,1.04483,1.12,1.20
2015.03.13 11:05:47.326,1.04458,1.04483,1.00,1.20
2015.03.13 11:05:47.377,1.04456,1.04479,1.00,1.00
2015.03.13 11:05:52.339,1.04456,1.04479,1.37,1.00
2015.03.13 11:05:52.793,1.04459,1.04482,1.00,1.00
2015.03.13 11:05:58.196,1.04456,1.04479,1.00,1.00
2015.03.13 11:06:03.018,1.04458,1.04483,1.00,1.00
2015.03.13 11:06:03.220,1.04462,1.04487,1.00,1.20
2015.03.13 11:06:16.003,1.04459,1.04484,1.37,1.00
2015.03.13 11:06:20.325,1.04459,1.04484,1.37,1.07
2015.03.13 11:06:20.629,1.04452,1.04475,1.37,1.00
2015.03.13 11:06:22.618,1.04452,1.04475,1.00,1.00
2015.03.13 11:06:27.128,1.04447,1.04472,1.00,1.00
2015.03.13 11:06:32.156,1.04453,1.04476,1.00,1.17
2015.03.13 11:06:33.056,1.04453,1.04476,1.00,1.10
2015.03.13 11:06:34.545,1.04454,1.04476,1.07,1.00
2015.03.13 11:06:34.697,1.04459,1.04482,1.00,1.20
2015.03.13 11:06:34.899,1.04453,1.04476,1.00,1.00
2015.03.13 11:06:35.201,1.04456,1.04481,1.00,1.17
2015.03.13 11:06:35.353,1.04459,1.04484,1.00,1.00
2015.03.13 11:06:35.656,1.04459,1.04484,1.00,1.07
2015.03.13 11:06:35.960,1.04458,1.04481,1.00,1.07
2015.03.13 11:06:36.111,1.04453,1.04476,1.00,1.10
2015.03.13 11:06:36.212,1.04453,1.04476,1.00,1.17
2015.03.13 11:06:36.364,1.04448,1.04472,1.00,1.15
2015.03.13 11:06:36.465,1.04443,1.04466,1.00,1.00
2015.03.13 11:06:36.567,1.04441,1.04464,1.00,1.00
2015.03.13 11:06:37.324,1.04437,1.0446,1.00,1.00
2015.03.13 11:06:37.677,1.04439,1.04462,1.00,1.00
2015.03.13 11:06:41.567,1.04439,1.04462,1.07,1.00
2015.03.13 11:06:50.093,1.04442,1.04467,1.00,1.00
2015.03.13 11:07:13.290,1.04438,1.04461,1.00,1.00
2015.03.13 11:07:24.989,1.04443,1.04466,1.00,1.00
2015.03.13 11:07:34.002,1.04443,1.04466,1.00,1.15
2015.03.13 11:07:34.204,1.04438,1.04461,1.00,1.17
2015.03.13 11:07:34.627,1.04433,1.04456,1.00,1.00
2015.03.13 11:07:53.543,1.04433,1.04456,1.37,1.00
2015.03.13 11:07:53.695,1.04438,1.04461,1.00,1.07
2015.03.13 11:07:53.897,1.04442,1.04467,1.00,1.00
2015.03.13 11:07:54.997,1.04442,1.04467,1.00,1.07
2015.03.13 11:07:55.098,1.04438,1.04461,1.00,1.00
2015.03.13 11:07:55.875,1.04432,1.04457,1.10,1.00
2015.03.13 11:08:09.758,1.04432,1.04457,1.00,1.50
2015.03.13 11:08:09.960,1.04432,1.04457,1.00,1.10
2015.03.13 11:08:15.941,1.04432,1.04457,1.17,1.00
2015.03.13 11:08:16.450,1.04432,1.04457,1.27,1.00
2015.03.13 11:08:17.720,1.04432,1.04457,1.27,1.00
2015.03.13 11:08:18.204,1.04438,1.04461,1.00,1.00
2015.03.13 11:08:21.411,1.04443,1.04466,1.00,1.10
2015.03.13 11:08:23.605,1.04443,1.04466,1.00,1.47
2015.03.13 11:08:23.706,1.04438,1.04461,1.00,1.00
2015.03.13 11:08:34.991,1.04438,1.04461,1.15,1.00
2015.03.13 11:08:35.142,1.04443,1.04466,1.00,1.00
2015.03.13 11:08:41.333,1.04443,1.04466,1.00,1.50
2015.03.13 11:08:41.435,1.04437,1.04462,1.10,1.00
2015.03.13 11:08:42.943,1.04442,1.04467,1.00,1.10
2015.03.13 11:08:47.001,1.04442,1.04467,1.17,1.00
2015.03.13 11:08:47.304,1.04442,1.04467,1.22,1.00
2015.03.13 11:08:47.355,1.04453,1.04476,1.00,1.50
2015.03.13 11:08:47.708,1.04448,1.04471,1.00,1.00
2015.03.13 11:08:48.364,1.04443,1.04466,1.17,1.00
2015.03.13 11:08:58.585,1.04443,1.04466,1.10,1.00
2015.03.13 11:08:58.888,1.04438,1.04461,1.15,1.00
2015.03.13 11:09:02.406,1.04438,1.04461,1.00,1.00
2015.03.13 11:09:06.801,1.04445,1.04461,1.17,1.00
2015.03.13 11:09:06.852,1.04448,1.04471,1.00,1.50
2015.03.13 11:09:07.356,1.04442,1.04467,1.00,1.00
2015.03.13 11:09:08.648,1.04442,1.04467,1.27,1.00
2015.03.13 11:09:08.699,1.04442,1.04467,1.65,1.00
2015.03.13 11:09:08.902,1.04447,1.04472,1.17,1.00
2015.03.13 11:09:09.580,1.04452,1.04477,1.00,1.00
2015.03.13 11:09:10.963,1.04452,1.04477,1.17,1.00
2015.03.13 11:09:20.064,1.04452,1.04477,1.07,1.00
2015.03.13 11:09:20.475,1.04458,1.04481,1.00,1.00
2015.03.13 11:09:22.682,1.04458,1.04481,1.07,1.00
2015.03.13 11:09:23.502,1.04458,1.04481,1.12,1.00
2015.03.13 11:09:35.094,1.04453,1.04476,1.12,1.00
2015.03.13 11:09:35.246,1.04453,1.04476,1.10,1.00
2015.03.13 11:09:35.448,1.04453,1.04476,1.50,1.00
2015.03.13 11:09:35.549,1.04453,1.04476,1.10,1.00
2015.03.13 11:10:19.033,1.04453,1.04476,1.07,1.12
2015.03.13 11:10:19.436,1.04457,1.04482,1.00,1.37
2015.03.13 11:10:20.082,1.04457,1.04482,1.00,1.37
2015.03.13 11:10:20.636,1.04453,1.04476,1.17,1.00
2015.03.13 11:10:22.181,1.04458,1.04481,1.10,1.37
2015.03.13 11:10:22.635,1.04458,1.04481,1.00,1.00
2015.03.13 11:10:22.837,1.04458,1.04481,1.00,1.37
2015.03.13 11:10:23.050,1.04463,1.04486,1.00,1.12
2015.03.13 11:10:23.151,1.04458,1.04481,1.00,1.00
2015.03.13 11:10:36.688,1.04456,1.04479,1.00,1.00
2015.03.13 11:10:37.142,1.04451,1.04476,1.17,1.00
2015.03.13 11:10:49.222,1.04447,1.04472,1.85,1.00
2015.03.13 11:10:49.273,1.04447,1.04472,1.75,1.00
2015.03.13 11:10:49.827,1.04447,1.04472,1.17,1.00
2015.03.13 11:10:54.261,1.04447,1.04472,1.22,1.00
2015.03.13 11:10:58.914,1.04452,1.04477,1.00,1.00
2015.03.13 11:11:02.548,1.04452,1.04477,1.10,1.37
2015.03.13 11:11:02.649,1.0445,1.04473,1.20,1.00
2015.03.13 11:11:03.012,1.04446,1.04471,1.10,1.00
2015.03.13 11:11:03.315,1.04446,1.04471,1.00,1.47
2015.03.13 11:11:03.416,1.04443,1.04466,1.00,1.00
2015.03.13 11:11:03.770,1.04447,1.04466,1.25,1.00
2015.03.13 11:11:04.073,1.04452,1.04476,1.15,1.00
2015.03.13 11:11:04.578,1.04452,1.04477,1.15,1.00
2015.03.13 11:11:04.780,1.04452,1.04477,2.40,1.00
2015.03.13 11:11:04.982,1.04452,1.04477,1.25,1.00
2015.03.13 11:11:05.083,1.04452,1.04477,1.15,1.37
2015.03.13 11:11:05.285,1.04452,1.04477,1.00,1.37
2015.03.13 11:11:05.336,1.04452,1.04477,1.00,1.00
2015.03.13 11:11:05.387,1.04457,1.04482,1.00,1.37
2015.03.13 11:11:05.694,1.04448,1.04472,1.25,1.00
2015.03.13 11:11:06.483,1.04447,1.04472,2.47,1.00
2015.03.13 11:11:06.862,1.04453,1.04476,1.15,1.00
2015.03.13 11:11:07.265,1.04453,1.04476,1.15,1.00
2015.03.13 11:11:07.366,1.04458,1.04483,1.15,1.00
2015.03.13 11:11:07.850,1.04462,1.04487,1.00,1.00
2015.03.13 11:11:18.190,1.04462,1.04487,1.00,1.07
2015.03.13 11:11:18.493,1.04458,1.04481,1.00,1.12
2015.03.13 11:11:19.223,1.04458,1.04481,1.07,1.00
2015.03.13 11:11:19.476,1.04462,1.04487,1.10,1.00
2015.03.13 11:11:21.568,1.04458,1.04481,1.20,1.00
2015.03.13 11:11:22.073,1.04458,1.04481,1.00,1.37
2015.03.13 11:11:22.581,1.04458,1.04481,1.00,1.37
2015.03.13 11:11:25.100,1.04458,1.04481,1.07,1.37
2015.03.13 11:11:25.450,1.04462,1.04487,1.00,1.37
2015.03.13 11:11:26.663,1.04462,1.04487,1.00,1.37
2015.03.13 11:11:26.870,1.04462,1.04487,1.00,1.12
2015.03.13 11:11:29.010,1.04462,1.04487,1.00,1.20
2015.03.13 11:11:29.060,1.04462,1.04487,1.00,1.45
2015.03.13 11:11:29.363,1.04462,1.04487,1.00,1.45
2015.03.13 11:11:29.913,1.04462,1.04487,1.00,1.45
2015.03.13 11:11:33.255,1.04458,1.04481,1.00,1.37
2015.03.13 11:11:36.100,1.04463,1.04486,1.00,1.47
2015.03.13 11:11:36.617,1.04463,1.04486,1.20,1.00
2015.03.13 11:12:03.870,1.04463,1.04486,1.07,1.00
2015.03.13 11:12:04.123,1.04468,1.04491,1.00,1.00
2015.03.13 11:12:32.179,1.04468,1.04491,1.00,1.07
2015.03.13 11:12:32.361,1.0446,1.04481,1.20,1.00
2015.03.13 11:12:32.413,1.04458,1.04481,1.00,1.00
2015.03.13 11:12:32.918,1.04458,1.04481,1.00,1.17
2015.03.13 11:12:33.441,1.04458,1.04481,1.00,1.00
2015.03.13 11:12:47.044,1.04458,1.04481,1.15,1.00
2015.03.13 11:12:47.397,1.04462,1.04487,1.00,1.00
2015.03.13 11:12:47.695,1.04468,1.04491,1.00,1.00
2015.03.13 11:12:52.687,1.04463,1.04486,1.00,1.00
2015.03.13 11:12:53.142,1.04457,1.04482,1.10,1.00
2015.03.13 11:12:53.293,1.04457,1.04482,1.15,1.00
2015.03.13 11:12:53.445,1.04462,1.04487,1.00,1.37
2015.03.13 11:12:53.950,1.04462,1.04487,1.00,1.00
2015.03.13 11:12:57.508,1.04462,1.04487,1.00,1.65
2015.03.13 11:12:57.609,1.04458,1.04481,1.00,1.00
2015.03.13 11:12:57.862,1.04453,1.04476,1.00,1.00
2015.03.13 11:13:01.928,1.04449,1.04474,1.95,1.00
2015.03.13 11:13:02.130,1.04452,1.04477,1.00,1.37
2015.03.13 11:13:02.332,1.04448,1.04471,1.15,1.00
2015.03.13 11:13:02.635,1.04445,1.04467,1.90,1.00
2015.03.13 11:13:02.887,1.04449,1.04472,1.25,1.00
2015.03.13 11:13:02.989,1.04449,1.04472,1.25,1.00
2015.03.13 11:13:03.696,1.04455,1.04476,1.07,1.00
2015.03.13 11:13:03.797,1.04453,1.04476,1.25,1.00
2015.03.13 11:13:04.008,1.04458,1.04483,1.15,1.00
2015.03.13 11:13:05.311,1.04462,1.04487,1.00,1.00
2015.03.13 11:13:25.100,1.04457,1.04482,1.17,1.00
2015.03.13 11:13:27.572,1.04457,1.04482,1.65,1.00
2015.03.13 11:13:27.724,1.04457,1.04482,1.00,1.00
2015.03.13 11:13:27.876,1.04463,1.04486,1.00,1.00
2015.03.13 11:13:46.440,1.04463,1.04486,1.00,1.37
2015.03.13 11:13:51.400,1.04457,1.04482,1.00,1.00
2015.03.13 11:13:51.652,1.04457,1.04482,1.00,1.37
2015.03.13 11:13:51.854,1.04457,1.04482,1.00,1.37
2015.03.13 11:13:52.419,1.04457,1.04482,1.00,1.00
2015.03.13 11:13:52.883,1.04457,1.04482,1.15,1.00
2015.03.13 11:13:53.186,1.04457,1.04482,1.65,1.00
2015.03.13 11:13:53.388,1.04462,1.04487,1.10,1.00
2015.03.13 11:13:56.906,1.04459,1.04482,1.15,1.00
2015.03.13 11:13:57.595,1.04463,1.04486,1.00,1.00
2015.03.13 11:13:58.320,1.04459,1.04482,1.15,1.00
2015.03.13 11:13:58.691,1.04463,1.04486,1.00,1.00
2015.03.13 11:13:59.658,1.04468,1.04491,1.00,1.37
2015.03.13 11:13:59.971,1.04463,1.04486,1.15,1.00
2015.03.13 11:14:00.278,1.04459,1.04482,1.15,1.00
2015.03.13 11:14:00.430,1.04463,1.04486,1.15,1.00
2015.03.13 11:14:04.750,1.04468,1.04491,1.00,1.37
2015.03.13 11:14:05.105,1.04468,1.04489,1.00,1.12
2015.03.13 11:14:05.410,1.04457,1.04482,1.15,1.00
2015.03.13 11:14:05.511,1.04457,1.04482,1.17,1.00
2015.03.13 11:14:05.612,1.04453,1.04476,1.15,1.37
2015.03.13 11:14:05.814,1.04453,1.04476,1.17,1.37
2015.03.13 11:14:06.370,1.04453,1.04476,1.17,1.12
2015.03.13 11:14:09.198,1.04453,1.04476,1.15,1.00
2015.03.13 11:14:09.350,1.04458,1.04481,1.15,1.00
2015.03.13 11:14:09.602,1.04458,1.04481,1.65,1.00
2015.03.13 11:14:10.049,1.04463,1.04486,1.20,1.37
2015.03.13 11:14:10.100,1.04463,1.04486,1.20,1.00
2015.03.13 11:14:14.162,1.04457,1.04482,1.15,1.00
2015.03.13 11:14:14.212,1.04457,1.04482,1.15,1.00
2015.03.13 11:14:16.826,1.0446,1.04482,1.00,1.00
2015.03.13 11:14:17.130,1.04462,1.04482,1.00,1.00
2015.03.13 11:14:17.332,1.04457,1.04482,1.15,1.00
2015.03.13 11:14:17.584,1.04462,1.04482,1.00,1.00
2015.03.13 11:14:18.139,1.04457,1.04482,1.00,1.00
2015.03.13 11:14:18.593,1.04462,1.04487,1.00,1.10
2015.03.13 11:14:18.896,1.04468,1.04491,1.00,1.37
2015.03.13 11:14:19.149,1.04462,1.04487,1.00,1.37
2015.03.13 11:14:19.359,1.04455,1.04477,1.15,1.00
2015.03.13 11:14:19.566,1.04457,1.04482,1.07,1.00
2015.03.13 11:14:19.880,1.04463,1.04486,1.00,1.37
2015.03.13 11:14:22.086,1.04458,1.04481,1.00,1.00
2015.03.13 11:14:22.431,1.04462,1.04487,1.00,1.47
2015.03.13 11:14:22.858,1.04462,1.04487,1.00,1.37
2015.03.13 11:14:23.328,1.04462,1.04487,1.15,1.47
2015.03.13 11:14:23.429,1.04462,1.04487,1.00,1.47
2015.03.13 11:14:23.883,1.04458,1.04481,1.00,1.12
2015.03.13 11:14:24.085,1.04458,1.04481,1.00,1.37
2015.03.13 11:14:24.608,1.04458,1.04481,1.00,1.37
2015.03.13 11:14:25.828,1.04458,1.04481,1.00,1.37
2015.03.13 11:14:25.929,1.04458,1.04481,1.07,1.37
2015.03.13 11:14:26.182,1.04463,1.04486,1.00,1.47
2015.03.13 11:14:26.385,1.04463,1.04486,1.00,1.10
2015.03.13 11:14:26.639,1.04463,1.04486,1.00,1.62
2015.03.13 11:14:26.842,1.04458,1.04481,1.00,1.00
2015.03.13 11:14:27.346,1.04458,1.04481,1.00,1.15
2015.03.13 11:14:28.370,1.04458,1.04481,1.00,1.00
2015.03.13 11:14:28.825,1.04458,1.04481,1.00,1.37
2015.03.13 11:14:28.976,1.04453,1.04476,1.00,1.00
2015.03.13 11:14:29.483,1.04453,1.04476,1.00,1.37
2015.03.13 11:14:29.888,1.04453,1.04476,1.07,1.00
2015.03.13 11:14:29.939,1.04457,1.04482,1.00,1.00
2015.03.13 11:14:30.343,1.04463,1.04486,1.00,1.12
2015.03.13 11:14:31.895,1.04458,1.04481,1.00,1.00
2015.03.13 11:14:32.675,1.04463,1.04486,1.00,1.37
2015.03.13 11:14:33.344,1.04463,1.04486,1.00,1.00
2015.03.13 11:14:46.086,1.04458,1.04481,1.00,1.00
2015.03.13 11:14:46.389,1.04458,1.04481,1.25,1.00
2015.03.13 11:14:46.642,1.04468,1.04491,1.00,1.12
2015.03.13 11:14:46.844,1.04458,1.04481,1.57,1.00
2015.03.13 11:14:46.945,1.04458,1.04481,1.50,1.00
2015.03.13 11:15:01.571,1.04458,1.04481,1.00,1.37
2015.03.13 11:15:02.685,1.04458,1.04481,1.17,1.37
2015.03.13 11:15:02.937,1.04462,1.04487,1.00,1.37
2015.03.13 11:15:03.139,1.04468,1.04491,1.00,1.62
2015.03.13 11:15:03.643,1.04468,1.04491,1.00,1.62
2015.03.13 11:15:05.493,1.04468,1.0449,1.00,1.62
2015.03.13 11:15:05.644,1.04458,1.04481,1.00,1.00
2015.03.13 11:15:07.999,1.04458,1.04481,1.65,1.00
2015.03.13 11:15:08.100,1.04462,1.04487,1.10,1.00
2015.03.13 11:15:10.415,1.04458,1.04481,1.00,1.00
2015.03.13 11:15:18.589,1.04463,1.04486,1.00,1.00
2015.03.13 11:15:20.361,1.04458,1.04481,1.10,1.00
2015.03.13 11:15:32.850,1.04459,1.04481,1.00,1.00
2015.03.13 11:15:33.306,1.04458,1.04478,1.00,1.00
2015.03.13 11:15:33.408,1.04455,1.04478,1.00,1.00
2015.03.13 11:15:33.458,1.04453,1.04476,1.10,1.00
2015.03.13 11:15:33.779,1.04455,1.04476,1.00,1.00
2015.03.13 11:15:33.988,1.04457,1.04482,1.00,1.00
2015.03.13 11:15:34.886,1.04462,1.04485,1.00,1.00
2015.03.13 11:15:43.320,1.04462,1.04485,1.07,1.00
2015.03.13 11:16:02.080,1.04462,1.04485,1.00,1.00
2015.03.13 11:16:07.086,1.04458,1.04481,1.15,1.00
2015.03.13 11:16:07.390,1.04458,1.04481,1.00,1.37
2015.03.13 11:16:07.728,1.04458,1.04481,1.00,1.37
2015.03.13 11:16:07.779,1.04453,1.04476,1.15,1.00
2015.03.13 11:16:08.412,1.04454,1.04476,1.00,1.00
2015.03.13 11:16:09.388,1.04456,1.04476,1.00,1.00
2015.03.13 11:16:10.925,1.04457,1.04482,1.00,1.37
2015.03.13 11:16:12.698,1.04457,1.04482,1.00,1.37
2015.03.13 11:16:20.425,1.04453,1.04477,1.15,1.00
2015.03.13 11:16:30.709,1.04452,1.04477,1.25,1.00
2015.03.13 11:16:34.285,1.04452,1.04477,1.72,1.00
2015.03.13 11:16:34.696,1.04462,1.04486,1.00,1.37
2015.03.13 11:16:36.143,1.04462,1.04487,1.10,1.37
2015.03.13 11:16:38.875,1.04462,1.04487,1.10,1.37
2015.03.13 11:16:39.127,1.04462,1.04487,1.15,1.00
2015.03.13 11:16:39.228,1.04468,1.04491,1.00,1.37
2015.03.13 11:16:39.758,1.04468,1.04491,1.00,1.00
2015.03.13 11:16:40.333,1.04468,1.04491,1.00,1.37
2015.03.13 11:16:40.636,1.04458,1.04481,1.22,1.00
2015.03.13 11:16:41.159,1.04458,1.04481,1.17,1.00
2015.03.13 11:16:51.500,1.04458,1.04481,1.10,1.00
2015.03.13 11:16:54.132,1.04459,1.04481,1.00,1.00
2015.03.13 11:16:57.352,1.04458,1.04481,1.10,1.00
2015.03.13 11:16:57.913,1.04459,1.04481,1.00,1.00
2015.03.13 11:16:57.963,1.04459,1.04481,1.15,1.00
2015.03.13 11:16:58.927,1.04462,1.04487,1.10,1.00
2015.03.13 11:16:59.179,1.04462,1.04487,1.15,1.00
2015.03.13 11:16:59.482,1.04464,1.04487,1.25,1.00
2015.03.13 11:16:59.742,1.04464,1.04487,1.27,1.00
2015.03.13 11:16:59.994,1.04464,1.04487,1.20,1.00
2015.03.13 11:17:00.347,1.04467,1.04492,1.00,1.00
2015.03.13 11:17:01.155,1.04467,1.04492,1.17,1.00
2015.03.13 11:17:01.468,1.04467,1.04492,1.15,1.00
2015.03.13 11:17:01.771,1.04467,1.04492,1.00,1.00
2015.03.13 11:17:02.400,1.04463,1.04486,1.17,1.00
2015.03.13 11:17:03.845,1.04468,1.04491,1.00,1.00
2015.03.13 11:17:20.173,1.04468,1.04491,1.07,1.00
2015.03.13 11:17:20.716,1.04468,1.04491,1.15,1.00
2015.03.13 11:17:26.505,1.04468,1.04491,1.07,1.37
2015.03.13 11:17:26.556,1.04468,1.04491,1.00,1.37
2015.03.13 11:17:26.607,1.04468,1.04491,1.00,1.37
2015.03.13 11:17:26.970,1.04462,1.04487,1.15,1.37
2015.03.13 11:17:27.075,1.04462,1.04487,1.15,1.37
2015.03.13 11:17:27.176,1.04462,1.04487,1.22,1.00
2015.03.13 11:17:27.382,1.04467,1.04487,1.00,1.37
2015.03.13 11:17:27.791,1.04465,1.04487,1.10,1.37
2015.03.13 11:17:27.842,1.04465,1.0449,1.57,1.37
2015.03.13 11:17:28.044,1.04465,1.0449,1.57,1.37
2015.03.13 11:17:28.145,1.04465,1.0449,1.10,1.00
2015.03.13 11:17:28.246,1.04465,1.0449,1.25,1.00
2015.03.13 11:17:29.371,1.04465,1.0449,1.25,1.37
2015.03.13 11:17:29.573,1.04465,1.0449,1.65,1.00
2015.03.13 11:17:30.230,1.04465,1.0449,1.65,1.00
2015.03.13 11:17:30.331,1.04465,1.0449,1.30,1.00
2015.03.13 11:17:30.591,1.04465,1.0449,1.30,1.37
2015.03.13 11:17:30.894,1.04465,1.0449,1.65,1.00
2015.03.13 11:17:31.096,1.04465,1.0449,1.30,1.00
2015.03.13 11:17:31.147,1.04465,1.0449,1.30,1.37
2015.03.13 11:17:31.449,1.04465,1.0449,1.65,1.37
2015.03.13 11:17:31.601,1.04465,1.0449,1.65,1.37
2015.03.13 11:17:31.786,1.04465,1.0449,1.20,1.37
2015.03.13 11:17:31.888,1.04463,1.04486,1.72,1.00
2015.03.13 11:17:32.191,1.04463,1.04486,1.22,1.37
2015.03.13 11:17:32.494,1.04463,1.04486,1.22,1.37
2015.03.13 11:17:33.334,1.04463,1.04486,1.22,1.37
2015.03.13 11:17:33.487,1.0446,1.04483,1.57,1.37
2015.03.13 11:17:33.538,1.0446,1.04483,1.57,1.87
2015.03.13 11:17:35.312,1.04462,1.04486,1.00,1.37
2015.03.13 11:17:35.666,1.04459,1.04482,1.00,1.37
2015.03.13 11:17:36.074,1.04459,1.04482,1.00,1.00
2015.03.13 11:17:38.335,1.04459,1.04482,1.07,1.00
2015.03.13 11:17:38.385,1.04459,1.04482,1.15,1.00
2015.03.13 11:17:38.638,1.04467,1.04492,1.10,1.50
2015.03.13 11:17:43.454,1.04467,1.04492,1.07,1.00
2015.03.13 11:17:44.481,1.04467,1.04492,1.10,1.00
2015.03.13 11:17:53.975,1.04467,1.04492,1.57,1.00
2015.03.13 11:17:54.127,1.04473,1.04496,1.10,1.00
2015.03.13 11:17:54.178,1.04473,1.04496,1.07,1.00
2015.03.13 11:17:54.582,1.04473,1.04496,1.17,1.00
2015.03.13 11:17:55.087,1.04473,1.04496,1.00,1.17
2015.03.13 11:17:55.138,1.04468,1.04491,1.00,1.00
2015.03.13 11:17:55.340,1.04468,1.04491,1.00,1.37
2015.03.13 11:17:55.794,1.04463,1.04486,1.00,1.00
2015.03.13 11:17:57.709,1.04463,1.04486,1.15,1.00
2015.03.13 11:17:57.811,1.04463,1.04486,1.00,1.00
2015.03.13 11:18:08.660,1.04463,1.04486,1.10,1.37
2015.03.13 11:18:09.317,1.04463,1.04486,1.00,1.47
2015.03.13 11:18:09.418,1.04457,1.04482,1.17,1.37
2015.03.13 11:18:10.226,1.04458,1.04477,1.07,1.00
2015.03.13 11:18:11.609,1.04458,1.04477,1.07,1.37
2015.03.13 11:18:14.902,1.04458,1.04477,1.07,1.00
2015.03.13 11:18:18.403,1.04463,1.04477,1.00,1.00
2015.03.13 11:18:20.780,1.04462,1.04487,1.10,1.00
2015.03.13 11:18:26.763,1.04462,1.04487,1.07,1.00
2015.03.13 11:18:27.279,1.04462,1.04487,1.00,1.00
2015.03.13 11:18:27.683,1.04457,1.04482,1.00,1.00
2015.03.13 11:18:30.363,1.04462,1.04487,1.00,1.20
2015.03.13 11:18:30.909,1.04462,1.04487,1.07,1.12
2015.03.13 11:18:32.705,1.04462,1.04487,1.00,1.12
2015.03.13 11:18:33.063,1.04462,1.04487,1.00,2.40
2015.03.13 11:18:33.114,1.04453,1.04476,2.40,1.00
2015.03.13 11:18:33.517,1.04454,1.04476,1.15,1.00
2015.03.13 11:18:33.669,1.04457,1.04482,1.25,1.12
2015.03.13 11:18:33.719,1.04457,1.04482,1.25,1.12
2015.03.13 11:18:34.032,1.0446,1.04482,1.22,1.00
2015.03.13 11:18:34.083,1.04463,1.04486,1.25,1.00
2015.03.13 11:18:34.240,1.04463,1.04486,1.10,1.00
2015.03.13 11:18:40.713,1.04463,1.04486,1.15,1.00
2015.03.13 11:18:41.218,1.04463,1.04486,1.00,1.00
2015.03.13 11:18:41.587,1.04463,1.04484,1.00,1.00
2015.03.13 11:18:43.337,1.04463,1.04484,1.15,1.00
2015.03.13 11:18:45.830,1.04463,1.04484,1.10,1.00
2015.03.13 11:18:55.402,1.04467,1.04485,1.00,1.00
2015.03.13 11:18:55.755,1.04464,1.04484,1.00,1.00
2015.03.13 11:18:56.285,1.04463,1.04484,1.00,1.00
2015.03.13 11:18:56.437,1.04458,1.04481,1.10,1.00
2015.03.13 11:18:56.639,1.04463,1.04484,1.00,1.00
2015.03.13 11:18:57.043,1.04463,1.04484,1.00,1.37
2015.03.13 11:18:57.145,1.04463,1.04484,1.00,1.37
2015.03.13 11:18:57.397,1.04463,1.04484,1.00,1.00
2015.03.13 11:18:57.600,1.04463,1.04484,1.00,1.55
2015.03.13 11:18:58.191,1.04458,1.04481,1.00,1.00
2015.03.13 11:18:58.594,1.04453,1.04476,1.00,1.00
2015.03.13 11:19:04.468,1.04457,1.04482,1.00,1.00
2015.03.13 11:19:04.871,1.04453,1.04476,1.00,1.00
2015.03.13 11:19:05.225,1.04458,1.04481,1.00,1.00
2015.03.13 11:19:07.294,1.04458,1.04481,1.65,1.00
2015.03.13 11:19:07.597,1.04462,1.04483,1.00,1.00
2015.03.13 11:19:10.359,1.04457,1.04482,1.75,1.00
2015.03.13 11:19:10.410,1.04457,1.04482,1.00,1.00
2015.03.13 11:19:10.914,1.04458,1.0448,1.00,1.00
2015.03.13 11:19:13.025,1.04453,1.04476,1.10,1.00
2015.03.13 11:19:29.882,1.04455,1.04476,1.00,1.00
2015.03.13 11:19:30.770,1.04453,1.04476,1.50,1.00
2015.03.13 11:19:52.706,1.04452,1.04475,1.00,1.00
2015.03.13 11:19:55.076,1.04453,1.04475,1.00,1.00
2015.03.13 11:19:55.586,1.04452,1.04475,1.57,1.00
2015.03.13 11:20:00.958,1.04453,1.04475,1.00,1.00
2015.03.13 11:20:01.111,1.04458,1.04474,1.00,1.00
2015.03.13 11:20:01.415,1.04462,1.04475,1.00,1.00
2015.03.13 11:20:04.625,1.04458,1.04474,1.00,1.00
2015.03.13 11:20:06.152,1.04453,1.04475,1.00,1.00
2015.03.13 11:20:08.617,1.04452,1.04475,1.00,1.00
2015.03.13 11:20:09.387,1.04453,1.04475,1.00,1.00
2015.03.13 11:20:09.894,1.04452,1.04475,1.50,1.00
2015.03.13 11:20:11.573,1.04455,1.04475,1.00,1.00
2015.03.13 11:20:11.927,1.04452,1.04475,1.50,1.00
2015.03.13 11:20:14.118,1.04456,1.04475,1.00,1.00
2015.03.13 11:20:15.094,1.04454,1.04475,1.00,1.00
2015.03.13 11:20:15.858,1.04453,1.04475,1.00,1.00
2015.03.13 11:20:16.371,1.04453,1.04474,1.00,1.00
2015.03.13 11:20:16.883,1.04452,1.04474,1.00,1.00
2015.03.13 11:20:18.618,1.04453,1.04474,1.00,1.00
2015.03.13 11:20:19.123,1.04452,1.04474,1.00,1.00
2015.03.13 11:20:19.637,1.04453,1.04474,1.00,1.00
2015.03.13 11:20:20.794,1.04452,1.04474,1.00,1.00
2015.03.13 11:20:22.564,1.04455,1.04474,1.00,1.00
2015.03.13 11:20:22.917,1.04453,1.04474,1.00,1.00
2015.03.13 11:20:25.315,1.04456,1.04474,1.00,1.00
2015.03.13 11:20:29.421,1.04456,1.04474,1.00,1.37
2015.03.13 11:20:29.624,1.04454,1.04474,1.00,1.37
2015.03.13 11:20:30.223,1.04454,1.04474,1.00,1.37
2015.03.13 11:20:30.596,1.04452,1.04474,1.50,1.37
2015.03.13 11:20:31.134,1.04453,1.04474,1.00,1.37
2015.03.13 11:20:31.387,1.04455,1.04474,1.00,1.37
2015.03.13 11:20:31.931,1.04454,1.04474,1.00,1.37
2015.03.13 11:20:32.482,1.04452,1.04474,1.50,1.37
2015.03.13 11:20:34.134,1.04453,1.04474,1.00,1.37
2015.03.13 11:20:34.733,1.04452,1.04474,1.50,1.37
2015.03.13 11:20:36.135,1.04452,1.04474,1.50,1.37
2015.03.13 11:20:38.961,1.04453,1.04473,1.00,1.37
2015.03.13 11:20:39.113,1.04454,1.04473,1.00,2.62
2015.03.13 11:20:39.164,1.04452,1.04473,1.00,2.62
2015.03.13 11:20:39.532,1.04448,1.04469,1.00,1.37
2015.03.13 11:20:39.634,1.04444,1.04467,1.10,1.37
2015.03.13 11:20:39.986,1.04447,1.04468,1.00,1.37
2015.03.13 11:20:42.196,1.04447,1.04468,1.00,1.37
2015.03.13 11:20:43.765,1.04447,1.04468,1.00,1.37
2015.03.13 11:20:44.176,1.04443,1.04465,1.00,1.47
2015.03.13 11:20:44.704,1.04442,1.04465,1.00,1.47
2015.03.13 11:20:46.658,1.04443,1.04465,1.00,1.37
2015.03.13 11:20:48.490,1.04443,1.04465,1.17,1.37
2015.03.13 11:20:48.592,1.04445,1.04468,1.15,1.37
2015.03.13 11:20:48.896,1.04453,1.04469,1.00,1.37
2015.03.13 11:20:49.098,1.04446,1.04469,1.00,1.37
2015.03.13 11:20:49.671,1.04446,1.04469,1.00,1.37
2015.03.13 11:20:52.091,1.0445,1.04471,1.10,1.37
2015.03.13 11:20:52.402,1.04453,1.04474,1.00,1.87
2015.03.13 11:20:54.405,1.04451,1.04471,1.00,1.37
2015.03.13 11:20:55.756,1.04451,1.04471,1.00,1.37
2015.03.13 11:20:56.599,1.04451,1.04471,1.00,1.00
2015.03.13 11:21:12.634,1.04451,1.04471,1.00,1.37
2015.03.13 11:21:14.075,1.04451,1.04471,1.00,1.00
2015.03.13 11:21:19.911,1.04458,1.04471,1.00,1.00
2015.03.13 11:21:20.113,1.04463,1.04478,1.00,1.00
2015.03.13 11:21:20.671,1.04468,1.04491,1.00,1.50
2015.03.13 11:21:21.681,1.04463,1.04486,1.30,1.00
2015.03.13 11:21:21.983,1.04473,1.04496,1.00,1.15
2015.03.13 11:21:25.497,1.0447,1.04495,1.00,1.20
2015.03.13 11:21:25.937,1.04466,1.04489,1.00,1.00
2015.03.13 11:21:41.020,1.04466,1.04489,1.00,1.17
2015.03.13 11:21:41.121,1.04457,1.04479,1.00,1.00
2015.03.13 11:21:41.587,1.04461,1.04484,1.00,1.00
2015.03.13 11:21:41.890,1.04456,1.04479,1.15,1.00
2015.03.13 11:21:42.143,1.04465,1.0449,1.00,1.57
2015.03.13 11:21:42.445,1.0446,1.04485,1.10,1.00
2015.03.13 11:21:42.773,1.04456,1.04481,1.65,1.00
2015.03.13 11:21:42.925,1.04461,1.04484,1.00,1.00
2015.03.13 11:21:44.103,1.04465,1.0449,1.00,1.17
2015.03.13 11:21:44.406,1.04465,1.0449,1.00,1.62
2015.03.13 11:21:44.709,1.04466,1.04489,1.00,1.65
2015.03.13 11:21:44.911,1.04466,1.04489,1.00,1.27
2015.03.13 11:21:45.883,1.04466,1.04489,1.00,1.00
2015.03.13 11:21:47.599,1.04466,1.04489,1.00,1.37
2015.03.13 11:21:47.801,1.04466,1.04489,1.00,1.00
2015.03.13 11:21:48.155,1.04466,1.04489,1.00,1.37
2015.03.13 11:21:48.357,1.04466,1.04489,1.00,1.00
2015.03.13 11:21:48.609,1.04466,1.04489,1.00,1.37
2015.03.13 11:21:48.962,1.04459,1.04484,1.00,1.00
2015.03.13 11:21:51.094,1.04459,1.04484,1.57,1.00
2015.03.13 11:21:51.145,1.04465,1.0449,1.00,1.17
2015.03.13 11:21:51.651,1.04465,1.0449,1.00,1.00
2015.03.13 11:21:57.604,1.04465,1.0449,1.00,1.37
2015.03.13 11:21:57.857,1.04463,1.04486,1.00,1.00
2015.03.13 11:21:57.958,1.04457,1.04479,1.10,1.00
2015.03.13 11:21:58.059,1.0446,1.04485,1.00,1.00
2015.03.13 11:22:01.173,1.04466,1.04489,1.00,1.12
2015.03.13 11:22:02.538,1.04466,1.04489,1.00,1.27
2015.03.13 11:22:02.690,1.0446,1.04485,1.10,1.00
2015.03.13 11:22:02.943,1.04465,1.04488,1.00,1.27
2015.03.13 11:22:03.146,1.04459,1.04484,1.00,1.00
2015.03.13 11:22:03.348,1.04456,1.04479,1.15,1.00
2015.03.13 11:22:03.550,1.04456,1.04479,1.10,1.00
2015.03.13 11:22:03.702,1.04465,1.0449,1.00,2.85
2015.03.13 11:22:03.907,1.04457,1.04479,1.00,1.00
2015.03.13 11:22:04.423,1.04456,1.04479,1.10,1.00
2015.03.13 11:22:07.353,1.04461,1.04484,1.00,1.00
2015.03.13 11:22:08.181,1.04466,1.04489,1.00,1.12
2015.03.13 11:22:11.442,1.04469,1.04492,1.00,1.37
2015.03.13 11:22:12.769,1.04469,1.04492,1.00,1.37
2015.03.13 11:22:13.144,1.04469,1.04492,1.00,1.55
2015.03.13 11:22:13.346,1.04469,1.04488,1.00,1.37
2015.03.13 11:22:13.548,1.04469,1.04492,1.00,1.37
2015.03.13 11:22:13.901,1.04469,1.04492,1.00,1.37
2015.03.13 11:22:14.406,1.04469,1.04492,1.00,1.12
2015.03.13 11:22:14.927,1.04468,1.04493,1.00,1.47
2015.03.13 11:22:17.288,1.04468,1.04493,1.00,1.10
2015.03.13 11:22:18.604,1.04468,1.04493,1.00,1.37
2015.03.13 11:22:35.328,1.04468,1.04493,1.00,1.00
2015.03.13 11:22:35.682,1.04468,1.04493,1.07,1.00
2015.03.13 11:22:36.237,1.04468,1.04493,1.00,1.00
2015.03.13 11:22:36.651,1.04474,1.04497,1.00,1.00
2015.03.13 11:22:38.951,1.04469,1.04492,1.00,1.00
2015.03.13 11:22:39.254,1.04474,1.04497,1.00,1.00
2015.03.13 11:22:41.601,1.04469,1.04492,1.00,1.00
2015.03.13 11:22:48.432,1.04471,1.04494,1.00,1.00
2015.03.13 11:22:48.786,1.04471,1.04494,1.00,1.15
2015.03.13 11:22:49.392,1.04463,1.04488,2.25,1.00
2015.03.13 11:22:49.645,1.04469,1.04492,1.00,1.07
2015.03.13 11:22:51.078,1.04469,1.0449,1.00,1.25
2015.03.13 11:22:51.180,1.04455,1.04478,1.20,1.00
2015.03.13 11:22:51.382,1.04463,1.04486,1.00,1.00
2015.03.13 11:22:51.687,1.04463,1.04488,1.00,1.10
2015.03.13 11:22:52.797,1.04459,1.04482,1.00,1.00
2015.03.13 11:22:53.154,1.04463,1.04488,1.00,1.00
2015.03.13 11:22:54.158,1.04468,1.04493,1.00,1.25
2015.03.13 11:22:55.442,1.04468,1.04493,1.00,1.10
2015.03.13 11:23:05.652,1.04468,1.04493,1.07,1.00
2015.03.13 11:23:06.057,1.04468,1.04493,1.00,1.00
2015.03.13 11:23:06.461,1.04473,1.04498,1.00,1.10
2015.03.13 11:23:06.922,1.04465,1.04487,1.17,1.00
2015.03.13 11:23:07.124,1.04469,1.04492,1.00,1.00
2015.03.13 11:23:15.592,1.04469,1.04492,1.00,1.37
2015.03.13 11:23:16.106,1.04469,1.04492,1.00,1.00
2015.03.13 11:23:19.132,1.04469,1.04492,1.00,1.37
2015.03.13 11:23:19.334,1.04464,1.04487,1.00,1.00
2015.03.13 11:23:20.930,1.04464,1.04487,1.00,1.07
2015.03.13 11:23:21.746,1.04463,1.04486,1.00,1.10
2015.03.13 11:23:23.090,1.04463,1.04486,1.00,1.47
2015.03.13 11:23:23.658,1.04463,1.04486,1.00,1.47
2015.03.13 11:23:24.418,1.04463,1.04485,1.00,1.12
2015.03.13 11:23:24.620,1.04463,1.04486,1.00,1.87
2015.03.13 11:23:31.900,1.04463,1.04485,1.00,1.12
2015.03.13 11:23:32.102,1.04459,1.04482,1.00,1.37
2015.03.13 11:23:33.333,1.04459,1.04482,1.00,1.37
2015.03.13 11:23:33.637,1.04459,1.04482,1.00,1.00
2015.03.13 11:23:33.838,1.04464,1.04487,1.00,1.55
2015.03.13 11:23:34.286,1.04464,1.04487,1.00,1.55
2015.03.13 11:23:34.639,1.04464,1.04487,1.00,1.47
2015.03.13 11:23:35.048,1.04464,1.04487,1.00,1.20
2015.03.13 11:23:37.368,1.04464,1.04487,1.00,1.47
2015.03.13 11:23:37.845,1.04464,1.04487,1.00,1.20
2015.03.13 11:23:38.410,1.04464,1.04487,1.00,1.27
2015.03.13 11:23:39.823,1.04464,1.04487,1.00,1.95
2015.03.13 11:23:39.924,1.04459,1.04482,1.00,1.00
2015.03.13 11:24:14.612,1.04461,1.04484,1.00,1.00
2015.03.13 11:24:15.742,1.04457,1.04482,1.00,1.10
2015.03.13 11:24:18.405,1.04457,1.04481,1.00,1.00
2015.03.13 11:24:18.506,1.04457,1.04476,1.00,1.00
2015.03.13 11:24:18.607,1.04455,1.04476,1.00,1.00
2015.03.13 11:24:18.658,1.04455,1.04478,1.00,1.00
2015.03.13 11:24:18.709,1.04451,1.04474,1.17,1.00
2015.03.13 11:24:19.234,1.04451,1.04474,1.00,1.10
2015.03.13 11:24:21.241,1.04448,1.04471,1.10,1.00
2015.03.13 11:24:22.199,1.04441,1.04466,1.00,1.00
2015.03.13 11:24:22.503,1.04441,1.04466,1.00,1.12
2015.03.13 11:24:22.604,1.04441,1.04466,1.00,1.10
2015.03.13 11:24:40.497,1.04442,1.04466,1.00,1.00
2015.03.13 11:24:40.548,1.04442,1.04466,1.07,1.00
2015.03.13 11:24:40.599,1.04446,1.04469,1.00,1.00
2015.03.13 11:24:41.038,1.0445,1.04473,1.00,1.00
2015.03.13 11:24:43.050,1.0445,1.04473,1.00,1.37
2015.03.13 11:24:43.353,1.04446,1.04471,1.00,1.00
2015.03.13 11:24:43.454,1.04444,1.04467,1.00,1.00
2015.03.13 11:24:43.656,1.04446,1.04471,1.00,1.00
2015.03.13 11:24:44.323,1.0445,1.04473,1.00,1.00
2015.03.13 11:24:54.601,1.0445,1.04473,1.17,1.00
2015.03.13 11:24:54.906,1.04452,1.04477,1.00,1.00
2015.03.13 11:24:55.618,1.04452,1.04477,1.00,1.50
2015.03.13 11:24:56.259,1.04452,1.04477,1.00,1.10
2015.03.13 11:24:58.313,1.0445,1.04473,1.00,1.00
2015.03.13 11:24:59.271,1.04446,1.04471,1.17,1.00
2015.03.13 11:24:59.817,1.04446,1.04471,1.00,1.00
2015.03.13 11:25:01.033,1.04446,1.04471,1.00,1.07
2015.03.13 11:25:11.523,1.04443,1.04468,1.00,1.00
2015.03.13 11:25:11.675,1.04443,1.04468,1.00,1.47
2015.03.13 11:25:16.101,1.04441,1.04464,1.00,1.00
2015.03.13 11:25:28.641,1.04443,1.04468,1.00,1.47
2015.03.13 11:25:28.950,1.04443,1.04468,1.00,1.00
2015.03.13 11:25:31.392,1.04447,1.0447,1.00,1.00
2015.03.13 11:25:55.956,1.04449,1.04474,1.00,1.00
2015.03.13 11:26:12.463,1.04446,1.04471,1.00,1.00
2015.03.13 11:26:40.609,1.04444,1.04467,1.00,1.00
2015.03.13 11:26:44.313,1.04441,1.04464,1.15,1.00
2015.03.13 11:26:45.709,1.04441,1.04464,1.00,1.00
2015.03.13 11:26:56.022,1.04437,1.04462,1.00,1.00
2015.03.13 11:26:56.850,1.04437,1.04462,1.07,1.00
2015.03.13 11:26:57.103,1.0444,1.04465,1.10,1.00
2015.03.13 11:27:09.196,1.0444,1.04465,1.17,1.00
2015.03.13 11:27:09.499,1.0444,1.04465,1.25,1.00
2015.03.13 11:27:09.600,1.04444,1.04467,1.17,1.00
2015.03.13 11:27:12.549,1.04446,1.04471,1.00,1.00
2015.03.13 11:27:24.753,1.04449,1.04474,1.00,1.00
2015.03.13 11:27:30.618,1.04449,1.04474,1.00,1.07
2015.03.13 11:27:30.720,1.04442,1.04467,1.10,1.00
2015.03.13 11:27:30.821,1.0444,1.04463,1.50,1.00
2015.03.13 11:27:30.871,1.0444,1.04463,1.00,1.00
2015.03.13 11:27:30.922,1.04435,1.0446,1.27,1.00
2015.03.13 11:27:36.337,1.04438,1.04463,1.00,1.00
2015.03.13 11:27:36.539,1.04442,1.04465,1.00,1.00
2015.03.13 11:27:38.355,1.04442,1.04465,1.15,1.00
2015.03.13 11:27:38.507,1.04444,1.04469,1.10,1.00
2015.03.13 11:27:49.804,1.04444,1.04469,1.00,1.17
2015.03.13 11:27:49.855,1.04438,1.04463,1.00,1.00
2015.03.13 11:27:50.360,1.04438,1.04463,1.00,1.07
2015.03.13 11:27:50.461,1.04435,1.0446,1.10,1.00
2015.03.13 11:27:51.994,1.04435,1.0446,1.07,1.00
2015.03.13 11:28:12.154,1.04435,1.0446,1.15,1.00
2015.03.13 11:28:22.719,1.04435,1.0446,1.00,1.00
2015.03.13 11:28:38.913,1.0443,1.04453,1.07,1.00
2015.03.13 11:28:38.963,1.0443,1.04453,1.00,1.00
2015.03.13 11:28:41.035,1.0443,1.04453,1.00,1.37
2015.03.13 11:28:42.032,1.0443,1.04453,1.00,1.37
2015.03.13 11:28:42.337,1.0443,1.04453,1.00,1.12
2015.03.13 11:28:42.792,1.04433,1.04456,1.00,1.37
2015.03.13 11:28:43.313,1.04433,1.04456,1.00,1.00
2015.03.13 11:28:48.322,1.04433,1.04456,1.00,1.17
2015.03.13 11:28:48.575,1.0443,1.04453,1.00,1.00
2015.03.13 11:28:52.888,1.04423,1.04448,1.20,1.00
2015.03.13 11:29:09.517,1.0442,1.04445,1.10,1.00
2015.03.13 11:29:11.284,1.0442,1.04445,1.00,1.07
2015.03.13 11:29:12.662,1.04418,1.04441,1.00,1.00
2015.03.13 11:29:17.390,1.04418,1.04441,1.00,1.17
2015.03.13 11:29:17.542,1.04414,1.04437,1.00,1.00
2015.03.13 11:29:18.019,1.04417,1.04442,1.00,1.72
2015.03.13 11:29:18.070,1.04413,1.04438,1.00,1.00
2015.03.13 11:29:18.433,1.0441,1.04435,1.00,1.00
2015.03.13 11:29:18.939,1.0441,1.04435,1.07,1.00
2015.03.13 11:29:19.090,1.04416,1.04441,1.00,1.50
2015.03.13 11:29:19.393,1.04414,1.04437,1.00,1.00
2015.03.13 11:29:21.035,1.04418,1.04441,1.00,1.00
2015.03.13 11:29:22.589,1.04415,1.04438,1.00,1.00
2015.03.13 11:29:26.561,1.04415,1.04438,1.45,1.00
2015.03.13 11:29:26.766,1.04423,1.04446,1.00,1.07
2015.03.13 11:29:27.170,1.04423,1.04446,1.17,1.00
2015.03.13 11:29:27.322,1.04425,1.0445,1.10,1.00
2015.03.13 11:29:36.234,1.04425,1.0445,1.00,1.17
2015.03.13 11:29:36.959,1.04425,1.0445,1.00,1.15
2015.03.13 11:29:37.010,1.04423,1.04446,1.00,1.00
2015.03.13 11:30:06.144,1.04426,1.04449,1.00,1.00
2015.03.13 11:30:31.704,1.04429,1.04452,1.00,1.00
2015.03.13 11:30:32.326,1.04425,1.0445,1.15,1.00
2015.03.13 11:30:36.535,1.04428,1.04453,1.00,1.00
2015.03.13 11:30:47.772,1.04432,1.04455,1.00,1.00
2015.03.13 11:30:48.389,1.04428,1.04451,1.00,1.00
2015.03.13 11:30:48.641,1.04422,1.04447,1.00,1.07
2015.03.13 11:30:49.096,1.04426,1.04449,1.00,1.10
2015.03.13 11:30:52.015,1.04421,1.04446,1.00,1.00
2015.03.13 11:30:53.005,1.04424,1.04449,1.00,1.20
2015.03.13 11:30:59.528,1.04424,1.04449,1.00,1.20
2015.03.13 11:31:04.781,1.04422,1.04445,1.00,1.00
2015.03.13 11:31:06.070,1.04422,1.04445,1.00,1.12
2015.03.13 11:31:06.121,1.04419,1.04442,1.00,1.00
2015.03.13 11:31:06.325,1.04415,1.04438,1.00,1.00
2015.03.13 11:31:06.628,1.04419,1.04442,1.17,1.10
2015.03.13 11:31:06.679,1.04421,1.04444,1.00,1.00
2015.03.13 11:31:08.193,1.04424,1.04447,1.00,1.00
2015.03.13 11:31:16.433,1.04427,1.0445,1.00,1.00
2015.03.13 11:31:21.621,1.04429,1.04454,1.00,1.00
2015.03.13 11:31:22.786,1.04429,1.04454,1.07,1.00
2015.03.13 11:31:23.253,1.04437,1.0446,1.00,1.07
2015.03.13 11:31:23.765,1.04437,1.0446,1.00,1.00
2015.03.13 11:31:24.243,1.0444,1.04465,1.00,1.27
2015.03.13 11:31:28.009,1.04438,1.04461,1.00,1.00
2015.03.13 11:31:28.803,1.04438,1.0446,1.00,1.00
2015.03.13 11:31:35.945,1.04438,1.0446,1.00,1.07
2015.03.13 11:31:36.248,1.04434,1.04457,1.00,1.07
2015.03.13 11:31:36.904,1.04429,1.04454,1.00,1.00
2015.03.13 11:31:37.415,1.04429,1.04453,1.00,1.00
2015.03.13 11:31:39.170,1.04429,1.04454,1.00,1.00
2015.03.13 11:31:46.817,1.04426,1.04451,1.00,1.00
2015.03.13 11:31:48.040,1.04424,1.04447,1.17,1.00
2015.03.13 11:31:50.924,1.04424,1.04447,1.00,1.00
2015.03.13 11:31:54.080,1.04424,1.04447,1.00,1.12
2015.03.13 11:31:54.587,1.0442,1.04445,1.00,1.07
2015.03.13 11:31:55.306,1.04418,1.04441,1.15,1.00
2015.03.13 11:31:55.810,1.04418,1.04441,1.15,1.00
2015.03.13 11:31:57.066,1.04421,1.04444,1.00,1.00
2015.03.13 11:32:07.935,1.04421,1.04444,1.07,1.00
2015.03.13 11:32:08.037,1.04427,1.04452,1.47,1.00
2015.03.13 11:32:08.138,1.04431,1.04454,1.87,1.00
2015.03.13 11:32:08.795,1.04434,1.04457,1.00,1.27
2015.03.13 11:32:11.441,1.04431,1.04454,1.00,1.00
2015.03.13 11:32:15.654,1.04431,1.04454,1.00,1.20
2015.03.13 11:32:15.957,1.04431,1.04454,1.00,1.00
2015.03.13 11:32:28.266,1.04428,1.04451,1.00,1.00
2015.03.13 11:32:31.136,1.04424,1.04449,1.00,1.00
2015.03.13 11:32:31.830,1.04424,1.04449,1.00,1.07
2015.03.13 11:32:32.343,1.04424,1.04449,1.00,1.00
2015.03.13 11:32:33.214,1.04428,1.0445,1.10,1.00
2015.03.13 11:32:33.728,1.04428,1.04451,1.10,1.00
2015.03.13 11:32:34.065,1.04431,1.04453,1.00,1.00
2015.03.13 11:32:45.352,1.04431,1.04454,1.00,1.00
2015.03.13 11:32:51.484,1.04428,1.04451,1.00,1.00
2015.03.13 11:32:51.788,1.04425,1.04448,1.00,1.00
2015.03.13 11:32:52.142,1.04422,1.04445,1.00,1.00
2015.03.13 11:32:57.360,1.04419,1.04442,1.37,1.00
2015.03.13 11:32:57.613,1.04419,1.04442,1.00,1.00
2015.03.13 11:32:58.471,1.04416,1.04439,1.00,1.00
2015.03.13 11:32:59.338,1.04412,1.04437,1.00,1.00
2015.03.13 11:32:59.742,1.0441,1.04433,1.00,1.00
2015.03.13 11:33:00.196,1.04413,1.04436,1.00,1.00
2015.03.13 11:33:09.421,1.04418,1.04441,1.00,1.00
2015.03.13 11:33:13.962,1.0442,1.04445,1.00,1.72
2015.03.13 11:33:28.714,1.0442,1.04445,1.00,1.10
2015.03.13 11:33:28.815,1.04423,1.04446,1.00,1.10
2015.03.13 11:33:29.445,1.04426,1.04449,1.00,1.20
2015.03.13 11:33:29.496,1.04426,1.04449,1.00,1.20
2015.03.13 11:33:29.899,1.0443,1.04453,1.00,1.57
2015.03.13 11:33:30.051,1.0443,1.04453,1.00,1.20
2015.03.13 11:33:31.882,1.04433,1.04456,1.00,1.10
2015.03.13 11:33:34.175,1.04436,1.04459,1.00,1.25
2015.03.13 11:33:36.300,1.04436,1.04458,1.00,1.07
2015.03.13 11:33:36.401,1.04436,1.04459,1.00,1.00
2015.03.13 11:33:38.311,1.04436,1.04459,1.00,1.20
2015.03.13 11:33:39.047,1.04436,1.04459,1.00,1.00
2015.03.13 11:33:40.304,1.04436,1.04459,1.00,1.07
2015.03.13 11:33:44.233,1.04439,1.04462,1.00,1.75
2015.03.13 11:33:44.334,1.04439,1.04462,1.00,1.07
2015.03.13 11:33:44.838,1.04439,1.04462,1.00,1.00
2015.03.13 11:33:48.187,1.04441,1.04466,1.00,1.20
2015.03.13 11:33:48.490,1.04439,1.04462,1.00,1.90
2015.03.13 11:33:48.541,1.04439,1.04462,1.00,2.02
2015.03.13 11:33:50.915,1.04439,1.04457,1.00,1.00
2015.03.13 11:33:55.631,1.04439,1.04454,1.00,1.00
2015.03.13 11:33:56.648,1.04439,1.04456,1.00,1.00
2015.03.13 11:33:57.156,1.04439,1.04453,1.00,1.00
2015.03.13 11:33:57.674,1.04439,1.04454,1.00,1.00
2015.03.13 11:33:58.702,1.04439,1.04456,1.00,1.00
2015.03.13 11:33:59.158,1.04439,1.04454,1.00,1.00
2015.03.13 11:34:01.380,1.04439,1.04456,1.00,1.00
2015.03.13 11:34:03.338,1.04439,1.04461,1.00,1.37
2015.03.13 11:34:03.490,1.04439,1.04462,1.00,2.25
2015.03.13 11:34:08.341,1.04439,1.04461,1.00,1.00
2015.03.13 11:34:08.392,1.04443,1.04459,1.00,1.00
2015.03.13 11:34:08.594,1.04443,1.04465,1.00,1.27
2015.03.13 11:34:08.645,1.04443,1.04465,1.00,1.92
2015.03.13 11:34:08.949,1.04443,1.04457,1.00,1.00
2015.03.13 11:34:09.404,1.04439,1.04458,1.00,1.10
2015.03.13 11:34:09.606,1.04436,1.04458,1.00,1.17
2015.03.13 11:34:09.960,1.04434,1.04456,1.00,1.25
2015.03.13 11:34:10.111,1.04434,1.04456,1.00,1.92
2015.03.13 11:34:11.212,1.04434,1.04455,1.00,1.20
2015.03.13 11:34:11.263,1.04431,1.04454,1.00,1.65
2015.03.13 11:34:11.818,1.04431,1.04452,1.00,2.40
2015.03.13 11:34:11.970,1.04431,1.04452,1.00,1.65
2015.03.13 11:34:12.072,1.04431,1.04452,1.00,2.32
2015.03.13 11:34:12.383,1.04431,1.04449,1.00,1.50
2015.03.13 11:34:12.946,1.04431,1.04449,1.00,1.07
2015.03.13 11:34:16.961,1.04428,1.04449,1.00,1.07
2015.03.13 11:34:17.493,1.04428,1.04449,1.00,1.22
2015.03.13 11:34:21.432,1.04426,1.04448,1.00,1.27
2015.03.13 11:34:21.963,1.04426,1.04447,1.00,1.17
2015.03.13 11:34:22.524,1.04426,1.04449,1.00,1.22
2015.03.13 11:34:37.426,1.04426,1.04449,1.00,1.22
2015.03.13 11:34:41.432,1.04426,1.04449,1.00,1.27
2015.03.13 11:34:43.581,1.04426,1.04447,1.00,1.17
2015.03.13 11:34:43.987,1.04426,1.04448,1.00,1.10
2015.03.13 11:34:44.038,1.04428,1.04448,1.00,1.10
2015.03.13 11:34:44.089,1.04428,1.04452,1.00,1.45
2015.03.13 11:34:44.292,1.04432,1.04452,1.00,1.37
2015.03.13 11:34:44.638,1.04437,1.04451,1.00,1.50
2015.03.13 11:34:44.941,1.04444,1.04458,1.00,1.00
2015.03.13 11:34:45.093,1.04444,1.0446,1.00,1.00
2015.03.13 11:34:45.497,1.04446,1.0446,1.00,1.00
2015.03.13 11:34:45.699,1.04446,1.04466,1.00,1.00
2015.03.13 11:34:46.203,1.04446,1.04468,1.00,1.50
2015.03.13 11:34:47.787,1.04446,1.04468,1.00,1.65
2015.03.13 11:34:47.938,1.04446,1.04468,1.00,2.25
2015.03.13 11:34:49.894,1.04446,1.04469,1.00,1.17
2015.03.13 11:34:50.046,1.04446,1.04468,1.00,1.55
2015.03.13 11:34:51.106,1.04446,1.04469,1.00,1.07
2015.03.13 11:34:51.612,1.04445,1.04467,1.00,1.00
2015.03.13 11:34:51.915,1.04445,1.04471,1.00,1.12
2015.03.13 11:34:52.067,1.04448,1.04471,1.00,1.12
2015.03.13 11:34:52.118,1.04448,1.04472,1.00,1.00
2015.03.13 11:34:52.321,1.04448,1.04472,1.15,1.00
2015.03.13 11:34:52.372,1.04448,1.04475,1.15,1.00
2015.03.13 11:34:52.423,1.0445,1.04478,1.00,1.20
2015.03.13 11:34:52.625,1.0445,1.04478,1.15,1.10
2015.03.13 11:34:52.941,1.04455,1.04478,1.00,1.10
2015.03.13 11:34:53.446,1.04455,1.04477,1.00,1.00
2015.03.13 11:34:53.652,1.04455,1.04481,1.00,1.07
2015.03.13 11:34:54.160,1.04452,1.0448,1.10,1.10
2015.03.13 11:34:54.565,1.04455,1.0448,1.00,1.00
2015.03.13 11:34:54.666,1.04452,1.0448,1.20,1.00
2015.03.13 11:34:54.717,1.04452,1.0448,1.15,1.00
2015.03.13 11:34:54.920,1.04452,1.0448,1.00,1.00
2015.03.13 11:34:55.072,1.04456,1.0448,1.00,1.00
2015.03.13 11:34:55.380,1.04453,1.04479,1.00,1.00
2015.03.13 11:34:55.632,1.04453,1.04481,1.17,1.00
2015.03.13 11:34:55.946,1.04453,1.04479,1.17,1.00
2015.03.13 11:34:56.251,1.04451,1.04479,1.00,1.00
2015.03.13 11:34:56.775,1.04451,1.0448,1.10,1.00
2015.03.13 11:34:57.281,1.04451,1.0448,1.00,1.07
2015.03.13 11:34:57.836,1.04451,1.04485,1.15,1.75
2015.03.13 11:34:57.937,1.04451,1.04485,1.10,1.92
2015.03.13 11:34:58.290,1.04451,1.04485,1.10,1.92
2015.03.13 11:34:58.442,1.04447,1.04476,1.20,1.00
2015.03.13 11:34:58.644,1.04447,1.04477,1.15,1.00
2015.03.13 11:34:58.947,1.04454,1.04478,1.52,1.00
2015.03.13 11:34:59.453,1.04458,1.04479,1.00,1.00
2015.03.13 11:34:59.604,1.04458,1.04482,1.00,1.00
2015.03.13 11:35:00.120,1.04455,1.04482,1.37,1.00
2015.03.13 11:35:00.741,1.04453,1.04482,1.15,1.00
2015.03.13 11:35:00.843,1.04452,1.04479,1.15,1.00
2015.03.13 11:35:01.146,1.04455,1.04482,1.65,1.00
2015.03.13 11:35:01.661,1.04457,1.04483,1.15,1.00
2015.03.13 11:35:02.270,1.04458,1.04482,1.65,1.00
2015.03.13 11:35:02.371,1.04458,1.04485,1.17,1.00
2015.03.13 11:35:02.422,1.04458,1.04485,1.15,1.00
2015.03.13 11:35:02.574,1.04458,1.04485,1.17,1.00
2015.03.13 11:35:02.915,1.04458,1.04483,2.40,1.00
2015.03.13 11:35:03.117,1.04459,1.04485,1.10,1.00
2015.03.13 11:35:03.571,1.04458,1.04482,1.00,1.00
2015.03.13 11:35:04.076,1.04459,1.04482,1.00,1.00
2015.03.13 11:35:04.589,1.04459,1.04484,1.00,1.00
2015.03.13 11:35:05.130,1.04458,1.04484,1.00,1.00
2015.03.13 11:35:05.639,1.04458,1.04484,1.07,1.00
2015.03.13 11:35:05.891,1.04458,1.04488,1.00,1.15
2015.03.13 11:35:06.043,1.04455,1.04488,1.10,1.15
2015.03.13 11:35:06.094,1.04455,1.04483,1.12,1.00
2015.03.13 11:35:06.630,1.04455,1.04482,1.10,1.10
2015.03.13 11:35:07.139,1.04456,1.04482,1.00,1.10
2015.03.13 11:35:07.643,1.04455,1.04481,1.10,1.00
2015.03.13 11:35:08.832,1.04455,1.04485,1.10,1.15
2015.03.13 11:35:09.135,1.04452,1.0448,1.00,1.25
2015.03.13 11:35:09.236,1.04446,1.0448,1.57,1.27
2015.03.13 11:35:09.752,1.04446,1.04478,1.00,1.22
2015.03.13 11:35:10.056,1.04445,1.04478,1.00,3.07
2015.03.13 11:35:10.561,1.04442,1.04474,1.00,1.27
2015.03.13 11:35:10.662,1.04442,1.04473,1.00,3.90
2015.03.13 11:35:10.965,1.04442,1.04473,1.00,3.15
2015.03.13 11:35:12.070,1.04439,1.04473,1.00,2.40
2015.03.13 11:35:19.672,1.04439,1.04471,1.00,1.65
2015.03.13 11:35:22.485,1.0443,1.04464,1.00,1.65
2015.03.13 11:35:22.536,1.04426,1.04462,1.50,1.65
2015.03.13 11:35:22.587,1.04426,1.04462,1.87,2.40
2015.03.13 11:35:22.688,1.04425,1.04459,1.52,1.00
2015.03.13 11:35:22.790,1.04427,1.04461,1.65,1.10
2015.03.13 11:35:23.318,1.04429,1.04461,1.00,1.10
2015.03.13 11:35:23.837,1.04428,1.04461,1.10,1.10
2015.03.13 11:35:24.154,1.0443,1.04461,1.00,1.10
2015.03.13 11:35:24.524,1.04428,1.04461,1.10,1.10
2015.03.13 11:35:24.632,1.0443,1.04461,1.00,1.10
2015.03.13 11:35:24.834,1.04427,1.04461,1.27,1.10
2015.03.13 11:35:25.137,1.04427,1.04459,1.17,1.00
2015.03.13 11:35:25.449,1.04423,1.04457,1.15,1.10
2015.03.13 11:35:27.025,1.04423,1.04455,1.15,1.00
2015.03.13 11:35:27.126,1.04423,1.04452,1.00,1.00
2015.03.13 11:35:27.177,1.04418,1.04452,1.07,1.07
2015.03.13 11:35:27.227,1.04418,1.04452,1.00,1.65
2015.03.13 11:35:27.379,1.04413,1.04446,1.15,1.00
2015.03.13 11:35:32.466,1.04411,1.04446,1.15,1.12
2015.03.13 11:35:34.008,1.04411,1.0444,1.00,1.00
2015.03.13 11:35:34.311,1.04405,1.04439,1.17,1.55
2015.03.13 11:35:34.614,1.04402,1.04436,1.57,1.27
2015.03.13 11:35:34.816,1.044,1.04437,1.52,2.02
2015.03.13 11:35:36.320,1.04399,1.04436,1.27,1.90
2015.03.13 11:35:36.752,1.04395,1.04426,1.15,1.00
2015.03.13 11:35:36.802,1.04395,1.04426,1.07,1.50
2015.03.13 11:35:37.005,1.04391,1.04426,1.65,1.75
2015.03.13 11:35:37.106,1.04391,1.04426,1.15,1.12
2015.03.13 11:35:38.319,1.04388,1.04421,1.45,1.27
2015.03.13 11:35:38.521,1.04386,1.04422,1.52,1.87
2015.03.13 11:35:39.649,1.04386,1.04419,1.52,1.20
2015.03.13 11:35:39.851,1.04386,1.04419,1.15,1.57
2015.03.13 11:35:40.154,1.04381,1.04416,1.65,2.25
2015.03.13 11:35:40.709,1.04381,1.04416,1.15,1.57
2015.03.13 11:35:40.861,1.04381,1.04417,1.62,1.20
2015.03.13 11:35:40.963,1.04381,1.04421,1.62,1.52
2015.03.13 11:35:41.064,1.04381,1.0442,2.10,2.02
2015.03.13 11:35:41.115,1.04379,1.04416,1.65,1.37
2015.03.13 11:35:41.216,1.04379,1.04416,1.15,1.60
2015.03.13 11:35:41.941,1.04379,1.04406,1.15,1.00
2015.03.13 11:35:42.375,1.04379,1.04414,1.15,2.40
2015.03.13 11:35:43.578,1.04379,1.04412,1.15,1.95
2015.03.13 11:35:44.110,1.04379,1.04411,1.15,1.87
2015.03.13 11:35:44.622,1.04379,1.04412,1.15,1.95
2015.03.13 11:35:45.343,1.04379,1.04411,1.15,1.87
2015.03.13 11:35:45.698,1.04379,1.04413,1.15,2.40
2015.03.13 11:35:46.010,1.04379,1.04414,1.15,1.50
2015.03.13 11:35:55.120,1.04379,1.04411,1.22,1.87
2015.03.13 11:35:55.170,1.04379,1.04411,1.22,1.87
2015.03.13 11:35:55.322,1.04379,1.04411,1.65,1.50
2015.03.13 11:35:55.373,1.04379,1.04411,1.65,1.12
2015.03.13 11:35:55.676,1.0438,1.04415,1.65,1.57
2015.03.13 11:35:55.727,1.04385,1.04418,1.17,1.95
2015.03.13 11:35:55.979,1.04388,1.04426,1.22,1.95
2015.03.13 11:35:56.096,1.04389,1.04426,1.25,1.20
2015.03.13 11:35:56.540,1.04391,1.04428,1.62,1.65
2015.03.13 11:36:00.179,1.04391,1.04426,1.52,1.07
2015.03.13 11:36:00.483,1.04388,1.04419,1.50,1.27
2015.03.13 11:36:00.787,1.04382,1.04413,1.15,1.12
2015.03.13 11:36:00.838,1.04382,1.04413,1.20,1.12
2015.03.13 11:36:01.040,1.04382,1.04411,1.20,1.00
2015.03.13 11:36:01.545,1.04379,1.04415,1.15,2.02
2015.03.13 11:36:02.518,1.04379,1.04415,1.15,1.85
2015.03.13 11:36:02.821,1.0438,1.04417,1.15,1.75
2015.03.13 11:36:04.076,1.04382,1.04417,1.15,1.07
2015.03.13 11:36:05.557,1.04382,1.04418,1.15,1.82
2015.03.13 11:36:06.118,1.04382,1.04416,1.15,1.20
2015.03.13 11:36:06.638,1.04382,1.04418,1.15,1.87
2015.03.13 11:36:06.740,1.04386,1.04419,1.20,2.02
2015.03.13 11:36:07.244,1.04386,1.04421,1.20,3.15
2015.03.13 11:36:07.446,1.04386,1.04419,1.15,1.12
2015.03.13 11:36:07.955,1.04386,1.04421,1.15,1.95
2015.03.13 11:36:09.087,1.04386,1.04422,1.15,1.45
2015.03.13 11:36:09.340,1.04389,1.04426,1.15,2.02
2015.03.13 11:36:09.643,1.04389,1.04425,1.15,1.65
2015.03.13 11:36:10.100,1.04389,1.04425,1.15,1.65
2015.03.13 11:36:10.619,1.04389,1.04426,1.15,2.40
2015.03.13 11:36:11.135,1.04389,1.04425,1.15,1.90
2015.03.13 11:36:13.267,1.04389,1.04424,1.15,1.90
2015.03.13 11:36:16.858,1.04389,1.04422,1.00,1.65
2015.03.13 11:36:17.118,1.04385,1.04423,1.17,1.90
2015.03.13 11:36:18.146,1.04385,1.04423,1.47,1.90
2015.03.13 11:36:18.298,1.0439,1.04425,1.52,1.65
2015.03.13 11:36:18.449,1.0439,1.04425,1.00,1.90
2015.03.13 11:36:18.500,1.04388,1.04425,1.00,2.02
2015.03.13 11:36:19.005,1.04384,1.04424,1.15,1.90
2015.03.13 11:36:19.257,1.04384,1.04422,1.20,2.40
2015.03.13 11:36:20.610,1.04384,1.04415,1.20,1.00
2015.03.13 11:36:20.660,1.04384,1.04415,1.20,1.12
2015.03.13 11:36:22.550,1.04382,1.04416,1.07,1.65
2015.03.13 11:36:22.601,1.04382,1.04416,1.00,1.65
2015.03.13 11:36:22.702,1.04382,1.04415,1.10,1.07
2015.03.13 11:36:22.904,1.04377,1.04413,1.00,1.07
2015.03.13 11:36:22.955,1.04377,1.04412,1.00,1.50
2015.03.13 11:36:25.847,1.04377,1.04411,2.32,1.12
2015.03.13 11:36:26.203,1.04377,1.04411,1.15,1.12
2015.03.13 11:36:26.406,1.04379,1.04406,1.00,1.00
2015.03.13 11:36:26.708,1.04377,1.04406,1.00,1.65
2015.03.13 11:36:26.860,1.04374,1.04404,1.10,1.17
2015.03.13 11:36:27.263,1.04374,1.04403,1.00,1.72
2015.03.13 11:36:28.091,1.04374,1.04405,1.10,1.25
2015.03.13 11:36:29.371,1.04374,1.04406,1.00,1.27
2015.03.13 11:36:29.523,1.0437,1.04403,1.00,1.15
2015.03.13 11:36:29.775,1.0437,1.04403,1.15,1.00
2015.03.13 11:36:29.876,1.0437,1.04403,1.00,1.15
2015.03.13 11:36:30.472,1.04365,1.04399,1.15,1.10
2015.03.13 11:36:36.345,1.04365,1.04398,1.15,1.00
2015.03.13 11:36:36.712,1.04363,1.04398,1.22,1.37
2015.03.13 11:36:37.334,1.04363,1.04399,1.15,1.20
2015.03.13 11:36:38.358,1.04363,1.04399,1.15,1.85
2015.03.13 11:36:38.711,1.04363,1.04395,1.00,1.27
2015.03.13 11:36:38.813,1.04363,1.04395,1.00,1.95
2015.03.13 11:36:38.914,1.0436,1.04395,1.10,1.90
2015.03.13 11:36:40.025,1.0436,1.04393,1.47,1.65
2015.03.13 11:36:40.585,1.0436,1.04393,1.47,1.90
2015.03.13 11:36:41.126,1.0436,1.04393,1.10,1.90
2015.03.13 11:36:42.659,1.0436,1.04392,1.47,1.90
2015.03.13 11:36:43.646,1.0436,1.04392,1.20,1.90
2015.03.13 11:36:43.747,1.0436,1.0439,1.20,1.20
2015.03.13 11:36:48.787,1.04357,1.04393,1.60,1.15
2015.03.13 11:36:49.112,1.0436,1.04396,1.52,1.35
2015.03.13 11:36:49.163,1.0436,1.04388,1.15,1.00
2015.03.13 11:36:49.214,1.04354,1.04388,1.92,1.15
2015.03.13 11:36:49.265,1.04354,1.04388,1.27,1.15
2015.03.13 11:36:49.366,1.04352,1.04386,1.15,1.20
2015.03.13 11:36:49.669,1.04356,1.04388,1.15,1.07
2015.03.13 11:36:50.293,1.04356,1.04388,1.15,1.37
2015.03.13 11:36:51.206,1.04356,1.04388,1.15,1.37
2015.03.13 11:36:51.575,1.04352,1.04388,2.77,1.37
2015.03.13 11:36:51.881,1.04352,1.04388,2.77,1.52
2015.03.13 11:36:52.134,1.04356,1.04388,1.52,1.37
2015.03.13 11:36:52.286,1.0436,1.04394,1.27,1.55
2015.03.13 11:36:52.690,1.0436,1.04394,1.52,1.10
2015.03.13 11:36:52.893,1.0436,1.04395,1.52,1.57
2015.03.13 11:36:53.587,1.0436,1.04391,1.52,1.00
2015.03.13 11:36:53.890,1.04358,1.04393,1.52,1.12
2015.03.13 11:36:54.092,1.04357,1.04391,1.52,1.75
2015.03.13 11:36:54.195,1.04357,1.04391,1.52,1.82
2015.03.13 11:36:54.448,1.04357,1.04391,1.52,1.27
2015.03.13 11:36:54.952,1.04357,1.04391,1.27,2.02
2015.03.13 11:36:55.458,1.04355,1.04388,1.52,1.10
2015.03.13 11:36:56.965,1.04354,1.04389,1.52,1.75
2015.03.13 11:36:57.520,1.04354,1.04389,1.52,1.50
2015.03.13 11:36:58.618,1.04354,1.04387,1.55,1.07
2015.03.13 11:36:58.720,1.04351,1.04387,2.02,1.72
2015.03.13 11:36:59.023,1.04356,1.04387,1.45,1.20
2015.03.13 11:36:59.175,1.04352,1.04387,1.95,1.90
2015.03.13 11:36:59.225,1.04352,1.04384,1.47,1.82
2015.03.13 11:36:59.377,1.0435,1.04383,1.45,1.65
2015.03.13 11:36:59.529,1.04347,1.04381,1.55,1.92
2015.03.13 11:36:59.580,1.04347,1.04381,1.55,1.92
2015.03.13 11:36:59.833,1.04348,1.04382,1.20,1.90
2015.03.13 11:37:00.718,1.04348,1.04382,1.20,2.32
2015.03.13 11:37:01.091,1.04349,1.04382,1.15,2.25
2015.03.13 11:37:04.116,1.04349,1.04382,1.15,1.12
2015.03.13 11:37:04.677,1.04348,1.04382,2.02,1.50
2015.03.13 11:37:05.031,1.04351,1.04382,1.15,1.07
2015.03.13 11:37:05.384,1.04351,1.04385,1.65,1.25
2015.03.13 11:37:05.586,1.04351,1.04385,1.15,1.65
2015.03.13 11:37:10.253,1.04349,1.04384,2.02,1.27
2015.03.13 11:37:10.561,1.04349,1.04385,2.77,1.75
2015.03.13 11:37:10.612,1.04349,1.04385,2.77,1.50
2015.03.13 11:37:11.698,1.04349,1.04386,1.95,1.90
2015.03.13 11:37:11.749,1.04349,1.04382,1.47,1.57
2015.03.13 11:37:12.052,1.04349,1.04382,1.47,1.85
2015.03.13 11:37:12.204,1.04349,1.04382,1.47,1.57
2015.03.13 11:37:12.608,1.04349,1.04382,1.95,1.17
2015.03.13 11:37:13.278,1.04349,1.04383,1.47,1.65
2015.03.13 11:37:13.380,1.04349,1.04383,1.10,1.92
2015.03.13 11:37:13.734,1.04346,1.04379,1.12,2.40
2015.03.13 11:37:13.835,1.04344,1.04379,2.77,2.40
2015.03.13 11:37:14.140,1.04344,1.04378,2.77,1.95
2015.03.13 11:37:14.654,1.04344,1.04376,1.00,3.52
2015.03.13 11:37:14.705,1.04343,1.04375,1.00,1.90
2015.03.13 11:37:14.815,1.04341,1.04376,1.00,3.52
2015.03.13 11:37:14.866,1.04341,1.04376,1.47,3.52
2015.03.13 11:37:14.916,1.04344,1.04376,1.37,2.40
2015.03.13 11:37:15.169,1.04345,1.04376,1.12,3.52
2015.03.13 11:37:15.673,1.04343,1.04372,1.00,1.12
2015.03.13 11:37:15.724,1.04341,1.04374,1.10,1.85
2015.03.13 11:37:16.230,1.04341,1.04373,1.10,1.75
2015.03.13 11:37:16.482,1.04341,1.04371,1.00,1.92
2015.03.13 11:37:17.289,1.04341,1.04374,1.17,2.40
2015.03.13 11:37:17.818,1.04341,1.04372,1.00,1.90
2015.03.13 11:37:18.347,1.04341,1.04372,1.10,1.57
2015.03.13 11:37:18.600,1.04341,1.04375,1.57,1.90
2015.03.13 11:37:19.060,1.04341,1.04376,1.57,1.90
2015.03.13 11:37:19.111,1.04341,1.04376,1.57,1.90
2015.03.13 11:37:19.615,1.04343,1.04376,1.52,1.75
2015.03.13 11:37:24.958,1.04341,1.04376,1.47,2.40
2015.03.13 11:37:25.109,1.04341,1.04374,1.00,3.15
2015.03.13 11:37:25.160,1.04338,1.04372,1.00,1.90
2015.03.13 11:37:25.463,1.04337,1.04368,1.50,1.90
2015.03.13 11:37:26.336,1.04337,1.04369,1.87,2.40
2015.03.13 11:37:26.647,1.04337,1.04368,1.50,1.90
2015.03.13 11:37:27.006,1.04337,1.04367,1.50,1.90
2015.03.13 11:37:27.057,1.04337,1.04367,1.87,1.90
2015.03.13 11:37:27.373,1.04337,1.04367,1.50,1.90
2015.03.13 11:37:27.576,1.04337,1.04367,1.87,1.90
2015.03.13 11:37:27.778,1.0433,1.04363,1.95,1.90
2015.03.13 11:37:27.981,1.0433,1.04364,1.95,2.32
2015.03.13 11:37:28.233,1.0433,1.04364,2.02,1.12
2015.03.13 11:37:28.335,1.0433,1.04364,2.02,1.75
2015.03.13 11:37:29.002,1.0433,1.04364,2.02,1.75
2015.03.13 11:37:29.471,1.0433,1.04362,1.27,1.75
2015.03.13 11:37:30.213,1.0433,1.04362,1.27,1.75
2015.03.13 11:37:30.415,1.0433,1.04363,1.12,1.90
2015.03.13 11:37:31.964,1.0433,1.04364,1.37,1.90
2015.03.13 11:37:33.608,1.0433,1.04364,1.00,1.90
2015.03.13 11:37:42.084,1.04327,1.04364,1.52,2.40
2015.03.13 11:37:42.235,1.04334,1.04364,1.00,2.40
2015.03.13 11:37:42.438,1.04337,1.0437,1.10,1.25
2015.03.13 11:37:42.892,1.04337,1.04367,1.47,1.10
2015.03.13 11:37:43.044,1.04337,1.04371,1.52,1.17
2015.03.13 11:37:43.401,1.04337,1.04371,1.52,1.20
2015.03.13 11:37:43.718,1.04337,1.04371,1.45,1.20
2015.03.13 11:37:43.870,1.04334,1.04367,1.27,1.17
2015.03.13 11:37:43.971,1.04334,1.04367,1.17,1.57
2015.03.13 11:37:47.396,1.04333,1.04367,1.52,1.20
2015.03.13 11:37:48.914,1.04334,1.04367,1.62,1.10
2015.03.13 11:37:50.896,1.04336,1.0437,1.17,1.65
2015.03.13 11:37:51.869,1.04336,1.0437,1.22,1.57
2015.03.13 11:37:59.172,1.04336,1.0437,1.07,1.65
2015.03.13 11:37:59.223,1.04336,1.0437,1.00,1.72
2015.03.13 11:38:01.279,1.04336,1.04364,1.00,2.25
2015.03.13 11:38:01.582,1.04329,1.04357,1.87,1.15
2015.03.13 11:38:01.684,1.04325,1.04356,1.37,2.40
2015.03.13 11:38:01.886,1.04324,1.04354,1.12,1.25
2015.03.13 11:38:02.088,1.04322,1.04354,1.00,1.72
2015.03.13 11:38:02.630,1.04322,1.04354,1.00,1.22
2015.03.13 11:38:03.150,1.04321,1.04355,1.50,2.02
2015.03.13 11:38:03.307,1.04321,1.04355,1.65,1.87
2015.03.13 11:38:03.824,1.04323,1.04355,1.17,1.07
2015.03.13 11:38:05.773,1.04323,1.04355,1.17,1.00
2015.03.13 11:38:06.285,1.04323,1.04355,1.55,1.00
2015.03.13 11:38:07.418,1.04324,1.04355,1.95,1.00
2015.03.13 11:38:08.061,1.04326,1.04356,1.37,1.00
2015.03.13 11:38:08.476,1.04326,1.04356,1.37,1.00
2015.03.13 11:38:09.795,1.04326,1.04356,1.00,1.00
2015.03.13 11:38:10.167,1.04326,1.04356,1.37,1.00
2015.03.13 11:38:13.581,1.0433,1.04356,1.37,1.00
2015.03.13 11:38:13.632,1.0433,1.0436,1.37,1.10
2015.03.13 11:38:13.733,1.04336,1.04363,1.37,1.07
2015.03.13 11:38:13.885,1.04336,1.04367,1.37,1.00
2015.03.13 11:38:14.087,1.04334,1.04367,1.52,1.50
2015.03.13 11:38:14.589,1.04334,1.04366,1.52,1.00
2015.03.13 11:38:15.636,1.04334,1.04366,1.52,1.00
2015.03.13 11:38:17.998,1.04334,1.04365,1.52,1.00
2015.03.13 11:38:18.049,1.04334,1.04365,1.52,1.10
2015.03.13 11:38:18.352,1.04334,1.04365,1.37,1.27
2015.03.13 11:38:18.404,1.04334,1.04365,1.00,1.27
2015.03.13 11:38:18.606,1.04332,1.04361,1.20,1.00
2015.03.13 11:38:21.856,1.04334,1.04361,1.00,1.00
2015.03.13 11:38:22.007,1.04335,1.04364,1.00,1.07
2015.03.13 11:38:22.209,1.04334,1.0436,1.00,1.00
2015.03.13 11:38:28.758,1.04336,1.04359,1.00,1.00
2015.03.13 11:38:29.061,1.04348,1.04365,1.00,1.00
2015.03.13 11:38:29.263,1.04344,1.04368,1.00,1.17
2015.03.13 11:38:30.034,1.04341,1.04366,1.00,1.00
2015.03.13 11:38:30.236,1.04341,1.04366,1.00,1.65
2015.03.13 11:38:30.744,1.04341,1.04366,1.00,1.00
2015.03.13 11:38:31.248,1.04341,1.04366,1.37,1.00
2015.03.13 11:38:31.770,1.04341,1.04366,1.37,1.00
2015.03.13 11:38:31.922,1.04345,1.04368,1.00,1.20
2015.03.13 11:38:32.431,1.04345,1.04368,1.00,1.17
2015.03.13 11:38:33.440,1.04342,1.04365,1.00,1.00
2015.03.13 11:38:33.541,1.04339,1.04362,1.00,1.00
2015.03.13 11:38:33.844,1.04336,1.04359,1.00,1.00
2015.03.13 11:38:35.959,1.04339,1.04362,1.00,1.00
2015.03.13 11:38:36.264,1.04342,1.04365,1.00,1.00
2015.03.13 11:38:37.489,1.04344,1.04369,1.00,1.07
2015.03.13 11:38:39.062,1.04344,1.04369,1.00,1.00
2015.03.13 11:38:45.459,1.04344,1.04369,1.00,1.17
2015.03.13 11:38:45.560,1.04341,1.04366,1.00,1.00
2015.03.13 11:38:46.986,1.04341,1.04366,1.17,1.00
2015.03.13 11:38:47.541,1.04341,1.04366,1.55,1.00
2015.03.13 11:38:47.693,1.04341,1.04366,1.60,1.00
2015.03.13 11:38:48.197,1.04344,1.04369,1.17,1.00
2015.03.13 11:38:48.500,1.04349,1.04372,1.00,1.00
2015.03.13 11:38:51.907,1.04354,1.04378,1.00,1.65
2015.03.13 11:38:51.957,1.04354,1.04378,1.00,1.50
2015.03.13 11:38:52.463,1.04354,1.04379,1.00,1.00
2015.03.13 11:38:53.037,1.04359,1.04382,1.00,1.15
2015.03.13 11:38:53.290,1.04359,1.04382,1.00,1.00
2015.03.13 11:38:58.187,1.04366,1.04386,1.00,1.27
2015.03.13 11:39:00.166,1.04365,1.04387,1.00,1.27
2015.03.13 11:39:02.316,1.04365,1.0439,1.00,1.17
2015.03.13 11:39:02.468,1.04368,1.04389,1.00,1.10
2015.03.13 11:39:03.105,1.04368,1.04388,1.00,1.00
2015.03.13 11:39:03.610,1.04368,1.04392,1.00,2.47
2015.03.13 11:39:04.820,1.04368,1.04391,1.00,1.52
2015.03.13 11:39:05.915,1.04368,1.04391,1.00,1.27
2015.03.13 11:39:07.876,1.04368,1.04389,1.00,2.32
2015.03.13 11:39:08.179,1.04365,1.04389,1.00,2.32
2015.03.13 11:39:08.432,1.04365,1.04389,1.00,1.90
2015.03.13 11:39:08.794,1.04365,1.04385,1.00,1.57
2015.03.13 11:39:09.221,1.04365,1.04382,1.00,1.12
2015.03.13 11:39:10.089,1.04365,1.04382,1.00,1.00
2015.03.13 11:39:10.446,1.04365,1.04387,1.00,1.57
2015.03.13 11:39:10.547,1.04365,1.04388,1.00,1.50
2015.03.13 11:39:11.053,1.04365,1.04392,1.00,2.25
2015.03.13 11:39:11.205,1.04365,1.04392,1.00,1.75
2015.03.13 11:39:11.508,1.04368,1.04394,1.00,1.95
2015.03.13 11:39:12.013,1.04368,1.04395,1.00,1.90
2015.03.13 11:39:12.366,1.04365,1.04392,1.00,1.90
2015.03.13 11:39:12.417,1.04365,1.04392,1.00,1.90
2015.03.13 11:39:12.719,1.04365,1.04392,1.00,1.75
2015.03.13 11:39:13.274,1.04365,1.04392,1.00,1.12
2015.03.13 11:39:13.376,1.04367,1.04396,1.00,3.52
2015.03.13 11:39:14.206,1.04367,1.04396,1.07,3.00
2015.03.13 11:39:14.358,1.04367,1.04396,1.00,1.75
2015.03.13 11:39:14.409,1.04367,1.04396,1.07,1.12
2015.03.13 11:39:14.913,1.04371,1.04394,1.00,1.10
2015.03.13 11:39:15.492,1.04371,1.04397,1.00,1.10
2015.03.13 11:39:19.238,1.04371,1.04397,1.00,1.85
2015.03.13 11:39:29.023,1.04371,1.04394,1.00,1.00
2015.03.13 11:39:32.384,1.04371,1.04396,1.00,1.10
2015.03.13 11:39:35.264,1.04371,1.04396,1.00,1.12
2015.03.13 11:39:35.574,1.04371,1.04393,1.00,1.50
2015.03.13 11:39:36.142,1.04368,1.04396,1.00,2.40
2015.03.13 11:39:38.714,1.04368,1.04396,1.00,1.65
2015.03.13 11:39:40.215,1.04368,1.04395,1.00,1.65
2015.03.13 11:39:41.024,1.04368,1.04394,1.00,1.10
2015.03.13 11:39:41.908,1.04368,1.04396,1.37,1.35
2015.03.13 11:39:42.321,1.04368,1.04396,1.00,1.27
2015.03.13 11:39:42.574,1.04368,1.04393,1.00,1.27
2015.03.13 11:39:43.736,1.04368,1.04391,1.00,1.65
2015.03.13 11:39:47.468,1.04364,1.04392,1.00,3.15
2015.03.13 11:39:48.073,1.04364,1.04392,1.00,3.15
2015.03.13 11:39:48.925,1.04361,1.04389,1.00,2.25
2015.03.13 11:39:51.080,1.04359,1.04385,1.00,1.00
2015.03.13 11:39:51.332,1.04359,1.04385,1.00,1.20
2015.03.13 11:39:51.857,1.04359,1.04385,1.00,1.57
2015.03.13 11:39:53.515,1.04359,1.04385,1.00,1.20
2015.03.13 11:39:53.650,1.04359,1.04385,1.00,1.20
2015.03.13 11:39:56.518,1.04359,1.04386,1.00,1.00
2015.03.13 11:39:56.720,1.04362,1.04388,1.00,1.57
2015.03.13 11:39:57.238,1.04364,1.04387,1.00,1.00
2015.03.13 11:39:57.493,1.04365,1.0439,1.00,1.10
2015.03.13 11:39:58.602,1.04368,1.04393,1.00,1.20
2015.03.13 11:39:58.905,1.04368,1.04393,1.37,1.20
2015.03.13 11:39:59.108,1.04372,1.04397,1.00,2.70
2015.03.13 11:39:59.613,1.04372,1.04397,1.00,1.57
2015.03.13 11:40:00.117,1.04372,1.04397,1.00,1.50
2015.03.13 11:40:00.624,1.04372,1.04397,1.00,1.75
2015.03.13 11:40:01.693,1.04372,1.04397,1.00,1.90
2015.03.13 11:40:04.403,1.0437,1.04393,1.12,1.75
2015.03.13 11:40:11.267,1.0437,1.04393,1.12,1.75
2015.03.13 11:40:13.547,1.0437,1.04393,1.00,1.75
2015.03.13 11:40:14.009,1.0437,1.04393,1.00,1.50
2015.03.13 11:40:16.552,1.0437,1.04393,1.00,1.75
2015.03.13 11:40:25.870,1.04365,1.0439,1.00,1.12
2015.03.13 11:40:26.898,1.04365,1.0439,1.15,1.12
2015.03.13 11:40:27.001,1.04368,1.04393,1.00,1.00
2015.03.13 11:40:27.102,1.04368,1.04393,1.37,1.07
2015.03.13 11:40:27.405,1.04368,1.04393,1.47,1.00
2015.03.13 11:40:27.506,1.04372,1.04395,1.37,1.00
2015.03.13 11:40:27.839,1.04369,1.04392,1.37,1.00
2015.03.13 11:40:27.890,1.04369,1.04392,1.37,1.00
2015.03.13 11:40:33.670,1.04365,1.0439,1.37,1.00
2015.03.13 11:40:39.184,1.04365,1.0439,1.37,1.00
2015.03.13 11:40:41.077,1.04365,1.0439,1.00,1.00
2015.03.13 11:40:43.777,1.04369,1.04392,1.00,1.00
2015.03.13 11:40:48.500,1.04371,1.04396,1.00,1.00
2015.03.13 11:40:49.207,1.04371,1.04396,1.00,1.12
2015.03.13 11:40:51.628,1.04371,1.04396,1.00,1.00
2015.03.13 11:40:51.932,1.04367,1.04392,1.10,1.00
2015.03.13 11:40:52.236,1.04367,1.04392,1.00,1.12
2015.03.13 11:40:52.539,1.04365,1.04388,1.00,1.10
2015.03.13 11:40:52.843,1.04362,1.04385,1.00,1.10
2015.03.13 11:40:53.279,1.04354,1.04379,1.00,1.10
2015.03.13 11:40:53.632,1.04354,1.04379,1.00,1.50
2015.03.13 11:40:53.733,1.04354,1.04379,1.00,1.10
2015.03.13 11:40:55.037,1.04354,1.04379,1.17,1.00
2015.03.13 11:40:55.138,1.04357,1.04382,1.10,1.00
2015.03.13 11:40:59.742,1.0436,1.04385,1.00,1.10
2015.03.13 11:41:03.531,1.0436,1.04385,1.17,1.00
2015.03.13 11:41:10.091,1.0436,1.04385,1.55,1.00
2015.03.13 11:41:10.657,1.0436,1.04385,1.00,1.00
2015.03.13 11:41:10.866,1.0436,1.04385,1.37,1.00
2015.03.13 11:41:17.581,1.0436,1.04385,1.00,1.00
2015.03.13 11:41:18.112,1.0436,1.04385,1.37,1.00
2015.03.13 11:41:20.482,1.0436,1.04385,1.00,1.00
2015.03.13 11:41:26.287,1.0436,1.04385,1.07,1.00
2015.03.13 11:41:26.601,1.04364,1.04387,1.15,1.00
2015.03.13 11:41:26.858,1.04364,1.04387,1.00,1.00
2015.03.13 11:41:32.021,1.04366,1.04391,1.00,1.00
2015.03.13 11:41:32.781,1.04366,1.04391,1.00,1.17
2015.03.13 11:41:32.882,1.04361,1.04386,1.52,1.00
2015.03.13 11:41:33.104,1.04366,1.04389,1.00,1.00
2015.03.13 11:41:33.687,1.04363,1.04386,1.37,1.00
2015.03.13 11:41:35.873,1.04361,1.04383,1.00,1.00
2015.03.13 11:41:35.975,1.04358,1.04383,1.50,1.10
2015.03.13 11:41:36.184,1.04358,1.04379,1.00,1.00
2015.03.13 11:41:36.235,1.04354,1.04379,1.00,1.00
2015.03.13 11:41:36.386,1.04354,1.04379,1.00,1.95
2015.03.13 11:41:36.656,1.04345,1.0437,1.15,1.00
2015.03.13 11:41:36.858,1.04349,1.04372,1.00,1.00
2015.03.13 11:41:36.960,1.04343,1.04368,1.10,1.00
2015.03.13 11:41:41.103,1.04343,1.04368,1.57,1.00
2015.03.13 11:41:42.140,1.04346,1.04374,1.00,1.10
2015.03.13 11:41:57.361,1.04346,1.04374,1.95,1.10
2015.03.13 11:41:57.412,1.04354,1.04377,1.00,1.07
2015.03.13 11:41:57.954,1.04354,1.04377,1.00,1.00
2015.03.13 11:42:01.157,1.04348,1.0437,2.10,1.00
2015.03.13 11:42:01.813,1.04354,1.04376,1.37,1.00
2015.03.13 11:42:01.914,1.0436,1.04376,1.00,1.00
2015.03.13 11:42:02.015,1.04352,1.04375,1.17,1.00
2015.03.13 11:42:02.066,1.04349,1.04372,1.62,1.00
2015.03.13 11:42:02.167,1.04353,1.04378,1.00,1.00
2015.03.13 11:42:02.269,1.04353,1.04378,1.00,1.15
2015.03.13 11:42:02.370,1.04344,1.04366,1.12,1.00
2015.03.13 11:42:03.213,1.04347,1.04366,1.00,1.00
2015.03.13 11:42:03.314,1.0435,1.04366,1.00,1.00
2015.03.13 11:42:03.365,1.0435,1.04368,1.20,1.00
2015.03.13 11:42:03.775,1.0435,1.04368,1.12,1.00
2015.03.13 11:42:03.927,1.0435,1.04372,1.87,1.00
2015.03.13 11:42:04.462,1.0435,1.04372,1.12,1.00
2015.03.13 11:42:04.564,1.04354,1.04377,1.20,1.00
2015.03.13 11:42:04.924,1.04358,1.04383,1.00,1.15
2015.03.13 11:42:05.127,1.04351,1.04373,1.12,1.00
2015.03.13 11:42:05.330,1.0435,1.04373,1.00,1.00
2015.03.13 11:42:05.482,1.04347,1.0437,1.87,1.00
2015.03.13 11:42:05.634,1.04344,1.04368,1.95,1.00
2015.03.13 11:42:06.163,1.04343,1.04368,1.87,1.00
2015.03.13 11:42:06.478,1.0434,1.04364,1.27,1.00
2015.03.13 11:42:06.580,1.04343,1.04368,1.50,1.00
2015.03.13 11:42:06.970,1.04343,1.04368,1.10,1.00
2015.03.13 11:42:10.098,1.04349,1.04372,1.00,1.15
2015.03.13 11:42:10.401,1.0434,1.04362,1.45,1.00
2015.03.13 11:42:10.955,1.04339,1.04359,1.27,1.00
2015.03.13 11:42:11.158,1.04339,1.04362,2.02,1.00
2015.03.13 11:42:12.188,1.04344,1.04367,1.00,1.00
2015.03.13 11:42:12.948,1.04349,1.04372,1.00,1.00
2015.03.13 11:42:15.467,1.04349,1.04372,1.07,1.00
2015.03.13 11:42:15.999,1.04349,1.04372,1.00,1.00
2015.03.13 11:42:22.036,1.04349,1.04372,1.75,1.00
2015.03.13 11:42:22.138,1.04349,1.04372,1.10,1.00
2015.03.13 11:42:25.149,1.04349,1.04372,1.47,1.00
2015.03.13 11:42:26.021,1.0435,1.04372,1.45,1.00
2015.03.13 11:42:26.577,1.04349,1.04372,1.65,1.00
2015.03.13 11:42:26.891,1.04349,1.04372,1.65,1.00
2015.03.13 11:42:27.315,1.04349,1.04372,1.65,1.00
2015.03.13 11:42:27.567,1.04349,1.04372,1.65,1.00
2015.03.13 11:42:28.072,1.04349,1.04372,1.47,1.00
2015.03.13 11:42:28.324,1.04349,1.04372,1.47,1.00
2015.03.13 11:42:28.627,1.04349,1.04372,1.47,1.00
2015.03.13 11:42:28.879,1.04349,1.04372,1.20,1.00
2015.03.13 11:42:29.395,1.04349,1.04372,1.37,1.00
2015.03.13 11:42:29.851,1.04349,1.04372,1.37,1.00
2015.03.13 11:42:30.071,1.04349,1.04372,1.12,1.00
2015.03.13 11:42:30.835,1.04349,1.04372,1.37,1.00
2015.03.13 11:42:31.289,1.04353,1.04378,1.00,1.10
2015.03.13 11:42:31.391,1.04353,1.04378,1.37,1.10
2015.03.13 11:42:31.593,1.04353,1.04378,1.00,1.10
2015.03.13 11:42:31.643,1.04347,1.04368,1.57,1.00
2015.03.13 11:42:31.946,1.04347,1.04368,2.02,1.00
2015.03.13 11:42:32.047,1.04347,1.04368,1.57,1.00
2015.03.13 11:42:32.300,1.04349,1.04372,1.37,1.00
2015.03.13 11:42:32.401,1.04349,1.04372,1.37,1.00
2015.03.13 11:42:32.613,1.04349,1.04372,1.12,1.00
2015.03.13 11:42:33.119,1.04349,1.04372,1.37,1.00
2015.03.13 11:42:33.628,1.04349,1.04372,1.00,1.00
2015.03.13 11:42:38.351,1.04349,1.04372,1.27,1.00
2015.03.13 11:42:38.503,1.04349,1.04372,1.10,1.00
2015.03.13 11:42:40.220,1.04349,1.04372,1.00,1.65
2015.03.13 11:42:40.321,1.04339,1.04362,1.00,1.00
2015.03.13 11:42:40.423,1.04339,1.04362,1.37,1.00
2015.03.13 11:42:40.726,1.04339,1.04362,1.60,1.00
2015.03.13 11:42:40.878,1.04349,1.04372,1.00,1.50
2015.03.13 11:42:41.887,1.04344,1.04368,1.07,1.00
2015.03.13 11:42:41.937,1.04343,1.04368,1.00,1.00
2015.03.13 11:42:42.442,1.04338,1.04363,1.37,1.00
2015.03.13 11:42:43.913,1.04338,1.04363,1.00,1.00
2015.03.13 11:42:44.064,1.04338,1.04363,1.37,1.00
2015.03.13 11:42:45.556,1.04338,1.04363,1.37,1.07
2015.03.13 11:42:46.066,1.04338,1.04363,1.37,1.17
2015.03.13 11:42:46.117,1.04338,1.04363,1.00,1.15
2015.03.13 11:42:46.219,1.04338,1.04363,1.00,3.45
2015.03.13 11:42:46.370,1.04333,1.04358,1.00,1.15
2015.03.13 11:42:46.825,1.04333,1.04358,1.00,1.15
2015.03.13 11:42:47.129,1.04323,1.04348,2.25,1.00
2015.03.13 11:42:47.887,1.04323,1.04348,1.47,1.00
2015.03.13 11:42:48.349,1.04329,1.04352,1.00,1.00
2015.03.13 11:42:52.619,1.04329,1.04352,1.37,1.00
2015.03.13 11:43:01.355,1.04322,1.04349,2.77,1.00
2015.03.13 11:43:01.657,1.04327,1.04353,1.37,1.00
2015.03.13 11:43:02.671,1.04334,1.04357,1.00,1.10
2015.03.13 11:43:06.378,1.04326,1.04349,1.00,1.00
2015.03.13 11:43:12.069,1.04326,1.04349,1.00,1.47
2015.03.13 11:43:12.120,1.04316,1.04339,1.50,1.00
2015.03.13 11:43:12.473,1.04318,1.04347,1.00,2.25
2015.03.13 11:43:12.647,1.04322,1.04347,1.00,1.75
2015.03.13 11:43:12.913,1.04317,1.04346,1.00,1.50
2015.03.13 11:43:13.014,1.04314,1.04341,3.75,1.00
2015.03.13 11:43:14.344,1.04309,1.04336,2.62,1.00
2015.03.13 11:43:14.395,1.04309,1.04336,1.95,1.00
2015.03.13 11:43:14.962,1.04309,1.04336,1.47,1.00
2015.03.13 11:43:15.490,1.04309,1.04336,1.47,1.00
2015.03.13 11:43:18.927,1.04309,1.04336,1.57,1.00
2015.03.13 11:43:19.579,1.04317,1.04344,1.00,1.72
2015.03.13 11:43:19.929,1.04313,1.04342,1.00,1.20
2015.03.13 11:43:23.060,1.04313,1.04342,1.00,1.15
2015.03.13 11:43:25.040,1.04313,1.04342,1.00,1.17
2015.03.13 11:43:25.092,1.04313,1.04342,1.00,1.20
2015.03.13 11:43:27.724,1.04309,1.04336,1.57,1.00
2015.03.13 11:43:37.952,1.04317,1.04344,1.00,1.35
2015.03.13 11:43:38.966,1.04317,1.04344,1.00,1.60
2015.03.13 11:43:39.483,1.04317,1.04343,1.00,1.25
2015.03.13 11:43:42.596,1.04317,1.04343,1.00,1.62
2015.03.13 11:43:44.689,1.04317,1.04343,1.00,1.62
2015.03.13 11:43:47.827,1.04317,1.04341,1.00,1.00
2015.03.13 11:43:51.232,1.04317,1.0434,1.00,1.20
2015.03.13 11:43:51.384,1.04313,1.04336,1.00,1.25
2015.03.13 11:43:51.435,1.04313,1.04336,1.00,1.25
2015.03.13 11:43:51.587,1.04307,1.04332,1.00,1.15
2015.03.13 11:43:53.372,1.04312,1.04334,1.00,1.22
2015.03.13 11:43:53.929,1.04303,1.04326,1.00,1.00
2015.03.13 11:43:54.030,1.04301,1.04329,1.00,1.10
2015.03.13 11:43:54.804,1.04305,1.04331,1.00,1.17
2015.03.13 11:43:59.509,1.04302,1.04328,1.12,1.00
2015.03.13 11:44:00.546,1.04304,1.0433,1.00,1.07
2015.03.13 11:44:10.952,1.04302,1.04328,1.12,1.00
2015.03.13 11:44:11.458,1.04305,1.04328,1.00,1.00
2015.03.13 11:44:11.762,1.04314,1.04337,1.00,1.00
2015.03.13 11:44:13.504,1.04314,1.04337,1.00,1.65
2015.03.13 11:44:13.807,1.04304,1.04327,1.00,1.00
2015.03.13 11:44:14.363,1.04297,1.04323,1.15,1.00
2015.03.13 11:44:14.934,1.04297,1.04323,1.00,1.00
2015.03.13 11:44:16.532,1.04297,1.04323,1.37,1.00
2015.03.13 11:44:17.034,1.04297,1.04323,1.12,1.00
2015.03.13 11:44:17.602,1.04298,1.04327,1.00,1.17
2015.03.13 11:44:21.616,1.04298,1.04327,1.20,1.00
2015.03.13 11:44:25.736,1.04298,1.04327,1.00,1.07
2015.03.13 11:44:27.761,1.04298,1.04327,1.00,1.15
2015.03.13 11:44:27.863,1.04298,1.04327,1.00,1.17
2015.03.13 11:44:34.764,1.04297,1.04323,1.00,1.00
2015.03.13 11:44:37.236,1.04297,1.04323,1.07,1.00
2015.03.13 11:44:37.388,1.04302,1.04328,1.00,1.00
2015.03.13 11:44:37.489,1.04304,1.04327,1.00,1.00
2015.03.13 11:44:41.223,1.04304,1.04327,1.17,1.00
2015.03.13 11:44:41.375,1.04309,1.04332,1.00,1.00
2015.03.13 11:44:41.679,1.04303,1.04328,1.37,1.00
2015.03.13 11:44:41.982,1.043,1.04323,1.55,1.00
2015.03.13 11:44:42.891,1.04303,1.04328,1.37,1.00
2015.03.13 11:44:43.144,1.04303,1.04328,1.47,1.00
2015.03.13 11:44:43.677,1.04303,1.04328,1.00,1.00
2015.03.13 11:44:49.050,1.04303,1.04328,1.37,1.00
2015.03.13 11:44:49.152,1.04307,1.0433,1.37,1.00
2015.03.13 11:44:49.304,1.04307,1.0433,1.37,1.00
2015.03.13 11:44:49.405,1.04304,1.04327,1.37,1.00
2015.03.13 11:44:49.506,1.04309,1.04332,1.00,1.00
2015.03.13 11:44:50.394,1.04309,1.04332,1.37,1.00
2015.03.13 11:44:50.821,1.04309,1.04332,1.37,1.00
2015.03.13 11:44:51.033,1.04309,1.04332,1.37,1.00
2015.03.13 11:44:51.396,1.04309,1.04332,1.37,1.00
2015.03.13 11:44:51.655,1.04309,1.04332,1.37,1.00
2015.03.13 11:44:51.807,1.04309,1.04332,1.37,1.00
2015.03.13 11:44:52.336,1.04309,1.04332,1.37,1.00
2015.03.13 11:44:52.790,1.04309,1.04332,1.37,1.00
2015.03.13 11:44:53.144,1.04309,1.04332,1.37,1.00
2015.03.13 11:44:53.599,1.04309,1.04332,1.37,1.00
2015.03.13 11:44:54.558,1.04309,1.04332,1.45,1.00
2015.03.13 11:44:54.911,1.04313,1.04338,1.12,1.00
2015.03.13 11:45:00.521,1.04309,1.04332,1.00,1.00
2015.03.13 11:45:01.860,1.04309,1.04332,1.37,1.00
2015.03.13 11:45:02.374,1.04314,1.04337,1.00,1.00
2015.03.13 11:45:07.844,1.04324,1.04343,1.00,1.07
2015.03.13 11:45:08.096,1.04319,1.04342,1.00,1.10
2015.03.13 11:45:20.807,1.04319,1.04342,1.00,1.15
2015.03.13 11:45:20.858,1.04313,1.04338,1.00,1.00
2015.03.13 11:45:21.009,1.04313,1.04338,1.00,1.17
2015.03.13 11:45:21.161,1.04307,1.04332,1.00,1.00
2015.03.13 11:45:21.212,1.04307,1.04332,1.07,1.00
2015.03.13 11:45:27.213,1.04307,1.04332,1.00,1.00
2015.03.13 11:45:27.365,1.04307,1.04332,1.37,1.00
2015.03.13 11:45:30.986,1.04307,1.04332,1.37,1.00
2015.03.13 11:45:37.800,1.04307,1.04332,1.37,1.00
2015.03.13 11:45:38.328,1.04307,1.04332,1.37,1.00
2015.03.13 11:45:50.569,1.04307,1.04332,1.45,1.00
2015.03.13 11:45:53.625,1.04307,1.04332,1.45,1.00
2015.03.13 11:45:53.838,1.04307,1.04332,1.45,1.00
2015.03.13 11:45:54.091,1.04307,1.04332,1.07,1.00
2015.03.13 11:45:54.294,1.04307,1.04332,1.45,1.00
2015.03.13 11:45:54.619,1.04314,1.04337,1.37,1.00
2015.03.13 11:45:56.481,1.04314,1.04337,1.37,1.00
2015.03.13 11:45:58.540,1.04314,1.04337,1.37,1.00
2015.03.13 11:46:00.133,1.04314,1.04337,1.37,1.00
2015.03.13 11:46:09.160,1.04314,1.04337,1.37,1.00
2015.03.13 11:46:19.577,1.04314,1.04337,1.37,1.00
2015.03.13 11:46:20.480,1.04308,1.04333,1.55,1.00
2015.03.13 11:46:24.528,1.04308,1.04333,1.55,1.00
2015.03.13 11:46:30.577,1.04308,1.04333,1.55,1.00
2015.03.13 11:46:31.032,1.04308,1.04333,1.55,1.00
2015.03.13 11:46:31.335,1.04303,1.04328,2.10,1.00
2015.03.13 11:46:31.386,1.04303,1.04328,1.72,1.00
2015.03.13 11:46:31.638,1.04303,1.04328,1.65,1.00
2015.03.13 11:46:31.941,1.04303,1.04328,1.52,1.00
2015.03.13 11:46:32.143,1.04314,1.04337,1.00,2.25
2015.03.13 11:46:32.598,1.04314,1.04337,1.37,1.00
2015.03.13 11:46:33.582,1.04314,1.04337,1.37,1.00
2015.03.13 11:46:33.684,1.04319,1.04342,1.00,1.00
2015.03.13 11:46:44.665,1.04319,1.04342,1.00,1.65
2015.03.13 11:46:44.816,1.04319,1.04341,1.00,1.65
2015.03.13 11:46:44.867,1.04308,1.04333,1.52,1.00
2015.03.13 11:46:45.271,1.04308,1.04333,1.15,1.00
2015.03.13 11:46:45.675,1.04308,1.04333,1.52,1.00
2015.03.13 11:46:47.221,1.04313,1.04338,1.47,1.00
2015.03.13 11:46:47.322,1.04313,1.04338,1.47,1.00
2015.03.13 11:46:48.056,1.04319,1.04342,1.37,1.20
2015.03.13 11:46:48.309,1.04319,1.04342,1.37,1.37
2015.03.13 11:46:48.814,1.04319,1.04342,1.37,1.00
2015.03.13 11:46:56.166,1.04319,1.04341,1.37,1.00
2015.03.13 11:46:56.317,1.04319,1.0434,1.00,1.15
2015.03.13 11:46:56.368,1.04319,1.04337,1.00,1.95
2015.03.13 11:46:56.419,1.04313,1.04332,1.00,1.20
2015.03.13 11:46:56.470,1.04309,1.04332,1.00,1.20
2015.03.13 11:46:56.672,1.04303,1.04328,1.37,1.00
2015.03.13 11:46:59.199,1.04308,1.04333,1.37,1.10
2015.03.13 11:47:02.099,1.04308,1.04333,1.37,1.12
2015.03.13 11:47:03.128,1.04303,1.04328,1.57,1.00
2015.03.13 11:47:07.897,1.04311,1.04334,1.00,1.50
2015.03.13 11:47:07.948,1.04311,1.04334,1.00,1.07
2015.03.13 11:47:08.100,1.04311,1.04334,1.37,1.07
2015.03.13 11:47:09.838,1.04307,1.04329,1.37,1.17
2015.03.13 11:47:09.889,1.04306,1.04329,1.50,1.65
2015.03.13 11:47:10.042,1.04306,1.04329,1.00,1.25
2015.03.13 11:47:10.143,1.04306,1.04324,1.00,1.00
2015.03.13 11:47:10.194,1.043,1.04324,1.00,1.00
2015.03.13 11:47:10.715,1.043,1.04325,1.00,1.00
2015.03.13 11:47:13.574,1.043,1.04317,1.00,1.00
2015.03.13 11:47:16.063,1.043,1.04319,1.00,1.00
2015.03.13 11:47:17.092,1.043,1.04318,1.00,1.00
2015.03.13 11:47:24.529,1.043,1.04319,1.00,1.00
2015.03.13 11:47:25.657,1.043,1.04325,1.00,1.12
2015.03.13 11:47:25.859,1.043,1.04325,1.00,1.10
2015.03.13 11:47:31.104,1.04303,1.04328,1.00,1.17
2015.03.13 11:47:31.668,1.04303,1.04328,1.37,1.17
2015.03.13 11:47:32.173,1.04309,1.04332,1.00,1.27
2015.03.13 11:47:32.955,1.04309,1.04332,1.00,1.27
2015.03.13 11:47:33.006,1.04309,1.04332,1.00,1.27
2015.03.13 11:47:37.712,1.04309,1.04332,1.00,1.92
2015.03.13 11:47:40.992,1.04304,1.04327,1.00,1.00
2015.03.13 11:47:42.898,1.04309,1.04332,1.00,2.40
2015.03.13 11:47:50.387,1.04309,1.04332,1.00,1.20
2015.03.13 11:47:50.690,1.04309,1.04331,1.00,1.12
2015.03.13 11:47:50.935,1.04303,1.04328,1.12,1.00
2015.03.13 11:47:51.137,1.04303,1.04328,1.00,1.57
2015.03.13 11:47:51.491,1.04303,1.04328,1.00,1.82
2015.03.13 11:47:51.643,1.04298,1.04323,1.00,1.00
2015.03.13 11:47:51.845,1.04304,1.04327,1.00,1.85
2015.03.13 11:47:52.167,1.04299,1.04322,1.00,1.00
2015.03.13 11:47:53.870,1.04299,1.04322,1.20,1.00
2015.03.13 11:47:54.173,1.04303,1.04328,1.37,1.10
2015.03.13 11:47:54.376,1.04309,1.04332,1.00,1.50
2015.03.13 11:47:54.977,1.04309,1.04332,1.00,1.07
2015.03.13 11:47:56.364,1.04304,1.04327,1.37,1.00
2015.03.13 11:47:58.161,1.04304,1.04327,1.00,1.10
2015.03.13 11:48:21.283,1.04304,1.04327,1.00,1.07
2015.03.13 11:48:21.636,1.043,1.04325,1.00,1.00
2015.03.13 11:48:24.199,1.04306,1.04329,1.00,1.22
2015.03.13 11:48:24.605,1.04306,1.04329,1.00,1.17
2015.03.13 11:48:25.185,1.04306,1.04328,1.00,1.17
2015.03.13 11:48:25.387,1.043,1.04325,1.00,1.17
2015.03.13 11:48:25.897,1.043,1.04325,1.00,1.65
2015.03.13 11:48:26.692,1.043,1.04325,1.00,1.92
2015.03.13 11:48:26.946,1.04292,1.04317,1.65,1.00
2015.03.13 11:48:28.113,1.04292,1.04317,1.10,1.00
2015.03.13 11:48:29.061,1.04292,1.04317,1.37,1.00
2015.03.13 11:48:29.163,1.04296,1.04319,1.12,1.00
2015.03.13 11:48:29.622,1.04296,1.04319,1.37,1.00
2015.03.13 11:48:29.774,1.04299,1.04322,1.00,1.00
2015.03.13 11:48:29.926,1.04305,1.04328,1.00,1.22
2015.03.13 11:48:30.078,1.04305,1.0433,1.00,1.22
2015.03.13 11:48:31.955,1.04305,1.04329,1.00,1.65
2015.03.13 11:48:32.006,1.04305,1.04329,1.00,1.65
2015.03.13 11:48:32.107,1.043,1.04325,1.00,1.22
2015.03.13 11:48:32.410,1.043,1.04325,1.00,1.00
2015.03.13 11:48:32.674,1.04305,1.0433,1.00,1.22
2015.03.13 11:48:38.450,1.04305,1.0433,1.00,1.17
2015.03.13 11:48:38.996,1.04305,1.0433,1.00,1.10
2015.03.13 11:48:54.884,1.04308,1.04333,1.00,1.17
2015.03.13 11:48:55.187,1.04308,1.04333,1.37,1.85
2015.03.13 11:48:55.339,1.04308,1.04333,1.37,1.75
2015.03.13 11:48:55.440,1.04308,1.04333,1.37,1.50
2015.03.13 11:48:55.944,1.04308,1.04333,1.00,1.50
2015.03.13 11:48:56.247,1.04308,1.04333,1.12,1.10
2015.03.13 11:48:56.348,1.04308,1.04333,1.47,1.10
2015.03.13 11:48:56.500,1.04313,1.04338,1.12,1.50
2015.03.13 11:48:56.701,1.04313,1.04336,1.12,1.82
2015.03.13 11:48:57.006,1.04308,1.04333,1.37,1.65
2015.03.13 11:48:57.107,1.04308,1.04333,1.37,1.15
2015.03.13 11:48:57.208,1.04318,1.04336,1.00,1.90
2015.03.13 11:48:57.410,1.04309,1.04332,1.87,1.25
2015.03.13 11:48:57.561,1.04309,1.04332,1.00,1.25
2015.03.13 11:48:58.066,1.04309,1.04332,1.00,1.00
2015.03.13 11:49:02.151,1.04313,1.04338,1.00,1.50
2015.03.13 11:49:02.202,1.04313,1.04338,1.00,1.10
2015.03.13 11:49:02.577,1.04319,1.04341,1.00,1.17
2015.03.13 11:49:03.138,1.04309,1.04332,1.65,1.00
2015.03.13 11:49:03.441,1.04309,1.04332,1.00,1.50
2015.03.13 11:49:03.694,1.04303,1.04328,1.10,1.00
2015.03.13 11:49:06.260,1.04303,1.04328,1.00,1.75
2015.03.13 11:49:06.310,1.04299,1.04322,1.00,1.00
2015.03.13 11:49:06.412,1.04299,1.04322,1.00,1.50
2015.03.13 11:49:06.513,1.04299,1.04322,1.00,1.00
2015.03.13 11:49:19.096,1.04294,1.04317,1.00,1.00
2015.03.13 11:49:25.745,1.04294,1.04317,1.20,1.00
2015.03.13 11:49:25.961,1.04304,1.04327,1.00,2.32
2015.03.13 11:49:33.976,1.04304,1.04327,1.00,1.07
2015.03.13 11:49:34.026,1.04304,1.04325,1.00,1.07
2015.03.13 11:49:34.280,1.04298,1.04323,1.00,1.00
2015.03.13 11:49:35.610,1.04298,1.04323,1.47,1.00
2015.03.13 11:49:35.713,1.04298,1.04323,1.52,1.00
2015.03.13 11:49:38.239,1.04298,1.04323,1.27,1.00
2015.03.13 11:49:38.441,1.04298,1.04323,1.27,1.00
2015.03.13 11:49:39.749,1.04298,1.04323,1.10,1.00
2015.03.13 11:49:39.900,1.04298,1.04323,1.17,1.00
2015.03.13 11:49:40.939,1.043,1.04323,1.15,1.00
2015.03.13 11:49:41.090,1.04308,1.04332,1.00,1.37
2015.03.13 11:49:41.595,1.04308,1.04333,1.00,1.00
2015.03.13 11:49:43.385,1.04308,1.04333,1.37,1.00
2015.03.13 11:49:43.541,1.04308,1.04333,1.52,1.00
2015.03.13 11:49:43.945,1.04308,1.04333,1.00,1.00
2015.03.13 11:49:49.249,1.04308,1.04333,1.15,1.00
2015.03.13 11:49:49.350,1.04313,1.04338,1.00,1.00
2015.03.13 11:49:50.075,1.04313,1.04338,1.00,1.85
2015.03.13 11:49:50.379,1.04313,1.04338,1.00,1.65
2015.03.13 11:49:50.429,1.04308,1.04333,1.00,1.00
2015.03.13 11:49:51.965,1.04308,1.04333,1.15,1.00
2015.03.13 11:49:52.066,1.04313,1.04338,1.00,1.57
2015.03.13 11:50:01.076,1.04313,1.04338,1.37,1.00
2015.03.13 11:50:01.430,1.04319,1.04342,1.00,1.20
2015.03.13 11:50:04.703,1.04319,1.04342,1.00,1.07
2015.03.13 11:50:05.410,1.04314,1.04337,1.00,1.00
2015.03.13 11:50:05.612,1.04319,1.04342,1.00,1.07
2015.03.13 11:50:06.146,1.04314,1.04337,1.00,1.00
2015.03.13 11:50:06.352,1.04318,1.04343,1.00,1.72
2015.03.13 11:50:06.861,1.04314,1.04337,1.00,1.00
2015.03.13 11:50:07.343,1.04319,1.04341,1.00,1.20
2015.03.13 11:50:07.595,1.04314,1.04337,1.00,1.00
2015.03.13 11:50:23.878,1.04311,1.04334,1.00,1.00
2015.03.13 11:50:32.536,1.04313,1.04338,2.02,1.10
2015.03.13 11:50:32.689,1.0432,1.04345,1.57,1.07
2015.03.13 11:50:32.891,1.0432,1.04345,1.30,1.00
2015.03.13 11:50:36.729,1.04318,1.04341,1.00,1.00
2015.03.13 11:50:37.032,1.04315,1.04338,1.00,1.07
2015.03.13 11:50:37.083,1.04312,1.04335,1.00,1.00
2015.03.13 11:50:50.266,1.04309,1.04332,1.00,1.00
2015.03.13 11:50:50.834,1.04309,1.04331,1.00,1.50
2015.03.13 11:50:52.369,1.04309,1.0433,1.00,1.00
2015.03.13 11:50:52.671,1.04306,1.04327,1.00,1.50
2015.03.13 11:50:56.551,1.04306,1.04326,1.00,1.00
2015.03.13 11:50:57.355,1.04306,1.04327,1.00,1.00
2015.03.13 11:50:57.877,1.04306,1.04326,1.00,1.00
2015.03.13 11:50:58.418,1.04306,1.04329,1.00,1.00
2015.03.13 11:50:58.620,1.04307,1.04332,1.00,1.00
2015.03.13 11:51:08.926,1.04307,1.04332,1.07,1.00
2015.03.13 11:51:08.976,1.04311,1.04334,1.10,1.00
2015.03.13 11:51:09.178,1.04311,1.04334,1.07,1.00
2015.03.13 11:51:09.532,1.04314,1.04339,1.20,1.00
2015.03.13 11:51:09.885,1.04314,1.04339,1.17,1.00
2015.03.13 11:51:10.070,1.04316,1.04341,1.15,1.00
2015.03.13 11:51:12.265,1.04321,1.04344,1.00,1.00
2015.03.13 11:51:21.261,1.04321,1.04344,1.00,1.17
2015.03.13 11:51:21.816,1.04321,1.04344,1.00,1.10
2015.03.13 11:51:39.298,1.04321,1.04344,1.00,1.07
2015.03.13 11:51:42.282,1.04321,1.04343,1.00,1.50
2015.03.13 11:51:49.395,1.04321,1.04343,1.00,1.75
2015.03.13 11:51:49.446,1.04316,1.04341,1.10,1.07
2015.03.13 11:52:02.867,1.04316,1.04341,1.37,1.07
2015.03.13 11:52:06.285,1.04314,1.04337,1.37,1.00
2015.03.13 11:52:09.824,1.04314,1.04337,1.00,1.00
2015.03.13 11:52:09.925,1.04311,1.04334,1.00,1.00
2015.03.13 11:52:10.229,1.04308,1.04331,1.00,1.10
2015.03.13 11:52:10.734,1.04308,1.04331,1.00,1.07
2015.03.13 11:52:21.190,1.04308,1.04331,1.07,1.07
2015.03.13 11:52:21.708,1.04308,1.04331,1.17,1.00
2015.03.13 11:52:25.949,1.04308,1.04331,1.00,1.00
2015.03.13 11:52:27.825,1.04308,1.04331,1.00,1.50
2015.03.13 11:52:30.554,1.04308,1.04331,1.00,1.10
2015.03.13 11:52:31.456,1.04308,1.04331,1.07,1.10
2015.03.13 11:52:36.328,1.04308,1.04331,1.55,1.00
2015.03.13 11:52:36.531,1.04308,1.04331,1.27,1.00
2015.03.13 11:52:37.039,1.04308,1.04331,1.12,1.00
2015.03.13 11:52:37.090,1.04308,1.04331,1.37,1.00
2015.03.13 11:52:37.191,1.04311,1.04334,1.12,1.50
2015.03.13 11:52:37.292,1.04311,1.04334,1.37,1.10
2015.03.13 11:52:37.646,1.04311,1.04334,1.12,1.10
2015.03.13 11:52:37.848,1.04311,1.04334,1.37,1.10
2015.03.13 11:52:38.157,1.04321,1.04342,1.00,1.90
2015.03.13 11:52:38.208,1.04315,1.0434,3.00,1.90
2015.03.13 11:52:38.935,1.04315,1.0434,1.00,1.90
2015.03.13 11:52:39.137,1.04315,1.0434,3.00,1.90
2015.03.13 11:52:39.187,1.0432,1.04342,1.00,2.40
2015.03.13 11:52:39.923,1.0432,1.04342,1.00,1.90
2015.03.13 11:52:40.377,1.04316,1.04339,1.00,1.27
2015.03.13 11:52:41.377,1.04318,1.0434,1.00,1.22
2015.03.13 11:52:41.680,1.04318,1.04338,1.00,1.07
2015.03.13 11:52:41.781,1.04322,1.04344,1.00,1.85
2015.03.13 11:52:41.883,1.04322,1.04345,1.00,2.32
2015.03.13 11:52:42.103,1.04319,1.04342,1.00,1.00
2015.03.13 11:52:43.257,1.04319,1.04342,1.00,1.15
2015.03.13 11:52:43.560,1.04319,1.0434,1.00,1.07
2015.03.13 11:52:49.375,1.04319,1.04342,1.00,2.02
2015.03.13 11:52:49.426,1.04316,1.04339,1.00,1.75
2015.03.13 11:52:49.477,1.04316,1.04339,1.00,1.75
2015.03.13 11:52:50.637,1.04319,1.04336,1.00,1.07
2015.03.13 11:52:50.939,1.04315,1.04338,1.00,1.75
2015.03.13 11:52:51.042,1.04315,1.04338,1.00,1.07
2015.03.13 11:52:51.596,1.04315,1.04338,1.00,1.25
2015.03.13 11:52:51.697,1.04315,1.04338,1.00,1.90
2015.03.13 11:52:51.950,1.04311,1.04334,1.00,2.25
2015.03.13 11:52:52.253,1.04311,1.04334,1.00,1.10
2015.03.13 11:52:52.506,1.04311,1.04334,1.15,1.00
2015.03.13 11:52:52.708,1.04318,1.04341,1.15,1.50
2015.03.13 11:52:53.112,1.04322,1.04345,1.15,1.37
2015.03.13 11:52:53.264,1.04326,1.04349,1.00,1.00
2015.03.13 11:52:53.314,1.04326,1.04349,1.15,1.00
2015.03.13 11:52:53.567,1.0433,1.04353,1.00,1.10
2015.03.13 11:52:56.555,1.04333,1.04356,1.00,1.00
2015.03.13 11:53:01.044,1.04333,1.04356,1.47,1.00
2015.03.13 11:53:01.397,1.04333,1.04356,1.47,1.00
2015.03.13 11:53:02.141,1.04333,1.04356,1.37,1.00
2015.03.13 11:53:02.663,1.04333,1.04356,1.00,1.00
2015.03.13 11:53:05.331,1.04329,1.04354,1.00,1.00
2015.03.13 11:53:12.071,1.04329,1.04354,1.47,1.00
2015.03.13 11:53:12.368,1.04329,1.04354,1.47,1.00
2015.03.13 11:53:12.823,1.04329,1.04354,1.47,1.00
2015.03.13 11:53:23.281,1.04327,1.0435,1.37,1.00
2015.03.13 11:53:24.594,1.04327,1.0435,1.12,1.00
2015.03.13 11:53:26.245,1.04327,1.0435,1.37,1.00
2015.03.13 11:53:34.185,1.04327,1.0435,1.37,1.00
2015.03.13 11:53:35.978,1.04324,1.04347,1.45,1.07
2015.03.13 11:53:36.130,1.04319,1.04344,1.50,1.00
2015.03.13 11:53:36.584,1.04319,1.04344,1.37,1.00
2015.03.13 11:53:37.048,1.04319,1.04344,1.00,1.00
2015.03.13 11:53:37.200,1.04317,1.0434,1.12,1.00
2015.03.13 11:53:52.343,1.04314,1.04337,1.10,1.00
2015.03.13 11:53:52.653,1.04311,1.04334,1.00,1.00
2015.03.13 11:54:03.095,1.04311,1.04334,1.17,1.00
2015.03.13 11:54:03.448,1.04314,1.04337,1.00,1.00
2015.03.13 11:54:03.600,1.04317,1.0434,1.00,1.00
2015.03.13 11:54:07.824,1.04317,1.0434,1.37,1.00
2015.03.13 11:54:07.975,1.0432,1.04343,1.37,1.00
2015.03.13 11:54:08.076,1.04322,1.04347,1.37,1.00
2015.03.13 11:54:08.585,1.04322,1.04347,1.00,1.00
2015.03.13 11:54:09.241,1.04322,1.04347,1.00,1.15
2015.03.13 11:54:10.651,1.0432,1.04343,1.00,1.00
2015.03.13 11:54:13.252,1.04316,1.04341,1.00,1.00
2015.03.13 11:54:16.468,1.04319,1.04344,1.00,1.00
2015.03.13 11:54:22.183,1.04319,1.04344,1.00,1.07
2015.03.13 11:54:22.688,1.04319,1.04344,1.00,1.00
2015.03.13 11:54:23.082,1.04323,1.04346,1.00,1.00
2015.03.13 11:54:23.386,1.04326,1.04349,1.00,1.00
2015.03.13 11:54:24.278,1.04329,1.04352,1.00,1.07
2015.03.13 11:54:24.480,1.04326,1.04349,1.00,1.00
2015.03.13 11:54:29.939,1.04326,1.04348,1.00,1.10
2015.03.13 11:54:30.090,1.04322,1.04347,1.00,1.00
2015.03.13 11:54:31.303,1.04327,1.04352,1.00,1.17
2015.03.13 11:54:34.783,1.04327,1.04352,1.00,1.65
2015.03.13 11:54:34.985,1.04327,1.04352,1.00,1.27
2015.03.13 11:54:35.237,1.04324,1.04349,1.00,1.15
2015.03.13 11:54:35.540,1.04324,1.04349,1.37,1.65
2015.03.13 11:54:35.641,1.04324,1.04349,1.00,1.65
2015.03.13 11:54:36.619,1.04324,1.04348,1.00,2.02
2015.03.13 11:54:36.772,1.04321,1.04344,1.37,1.10
2015.03.13 11:54:38.069,1.04321,1.04344,1.37,1.65
2015.03.13 11:54:38.373,1.04317,1.04342,1.37,1.50
2015.03.13 11:54:38.898,1.04317,1.04342,1.37,2.77
2015.03.13 11:54:39.413,1.04317,1.04342,1.37,2.40
2015.03.13 11:54:40.361,1.04317,1.04342,1.37,2.77
2015.03.13 11:54:40.613,1.04317,1.04342,1.37,2.77
2015.03.13 11:54:40.815,1.04317,1.04342,1.37,2.40
2015.03.13 11:54:41.067,1.04317,1.04341,1.37,1.27
2015.03.13 11:54:41.616,1.04317,1.04342,1.37,2.02
2015.03.13 11:54:43.085,1.04317,1.04342,1.12,2.02
2015.03.13 11:54:47.975,1.04317,1.04342,1.00,2.40
2015.03.13 11:54:48.182,1.04317,1.04342,1.37,1.90
2015.03.13 11:54:50.764,1.04314,1.04337,1.37,1.00
2015.03.13 11:54:50.815,1.04314,1.04337,1.37,1.07
2015.03.13 11:54:51.319,1.04314,1.04337,1.00,1.07
2015.03.13 11:54:51.908,1.04314,1.04337,1.00,1.00
2015.03.13 11:54:52.312,1.04317,1.0434,1.00,1.10
2015.03.13 11:54:52.860,1.04317,1.0434,1.37,1.10
2015.03.13 11:54:59.029,1.04317,1.0434,1.00,1.00
2015.03.13 11:54:59.585,1.04317,1.0434,1.37,1.00
2015.03.13 11:54:59.686,1.04323,1.04343,1.37,1.00
2015.03.13 11:54:59.787,1.04323,1.04346,1.47,1.00
2015.03.13 11:54:59.838,1.04323,1.04346,1.47,1.00
2015.03.13 11:55:00.142,1.04326,1.04347,1.00,1.00
2015.03.13 11:55:00.243,1.04324,1.04347,1.00,1.00
2015.03.13 11:55:00.344,1.0432,1.04343,1.00,1.00
2015.03.13 11:55:00.445,1.04316,1.04341,1.12,1.00
2015.03.13 11:55:02.469,1.0432,1.04343,1.07,1.00
2015.03.13 11:55:02.676,1.04324,1.04347,1.00,1.00
2015.03.13 11:55:03.181,1.04324,1.04347,1.00,1.37
2015.03.13 11:55:03.434,1.04321,1.04344,1.00,1.00
2015.03.13 11:55:04.559,1.04321,1.04344,1.00,1.07
2015.03.13 11:55:05.627,1.04318,1.04341,1.00,1.00
2015.03.13 11:55:11.677,1.04312,1.04337,1.00,1.00
2015.03.13 11:55:11.980,1.04312,1.04337,1.15,1.00
2015.03.13 11:55:13.397,1.04312,1.04337,1.07,1.00
2015.03.13 11:55:13.912,1.04312,1.04337,1.00,1.10
2015.03.13 11:55:14.215,1.0431,1.04333,1.00,1.00
2015.03.13 11:55:16.487,1.0431,1.04333,1.07,1.00
2015.03.13 11:55:20.546,1.0431,1.04333,1.50,1.00
2015.03.13 11:55:21.152,1.04313,1.04336,1.00,1.00
2015.03.13 11:55:22.773,1.04316,1.04339,1.00,1.00
2015.03.13 11:55:24.236,1.04316,1.04339,1.07,1.00
2015.03.13 11:55:24.690,1.0432,1.04343,1.00,1.00
2015.03.13 11:55:25.144,1.0432,1.04343,1.00,1.75
2015.03.13 11:55:25.195,1.04315,1.04338,1.00,1.00
2015.03.13 11:55:28.582,1.04315,1.04338,1.15,1.00
2015.03.13 11:55:29.518,1.04319,1.04342,1.00,1.00
2015.03.13 11:55:31.589,1.04322,1.04345,1.00,1.12
2015.03.13 11:55:31.740,1.04322,1.04345,1.00,1.00
2015.03.13 11:55:33.590,1.04322,1.04345,1.00,1.17
2015.03.13 11:55:33.692,1.04319,1.04344,1.00,1.10
2015.03.13 11:55:33.743,1.04319,1.04342,1.00,1.00
2015.03.13 11:55:33.794,1.04316,1.04341,1.00,1.00
2015.03.13 11:55:34.112,1.04313,1.04338,1.10,1.00
2015.03.13 11:55:34.984,1.04316,1.04341,1.17,1.00
2015.03.13 11:55:35.304,1.0432,1.04343,1.10,1.00
2015.03.13 11:55:38.654,1.04317,1.0434,1.00,1.00
2015.03.13 11:55:39.243,1.04318,1.04341,1.00,1.00
2015.03.13 11:55:39.446,1.04321,1.04346,1.00,1.57
2015.03.13 11:55:39.968,1.04321,1.04346,1.10,1.00
2015.03.13 11:55:40.380,1.04324,1.04349,1.00,1.00
2015.03.13 11:55:42.203,1.04324,1.04349,1.00,1.17
2015.03.13 11:55:47.255,1.04324,1.04349,1.00,1.00
2015.03.13 11:55:47.559,1.04324,1.04349,1.00,1.65
2015.03.13 11:55:51.170,1.04324,1.04349,1.00,1.65
2015.03.13 11:55:53.044,1.04324,1.04349,1.00,1.65
2015.03.13 11:55:53.560,1.04324,1.04349,1.00,1.35
2015.03.13 11:55:54.803,1.04321,1.04344,1.00,1.00
2015.03.13 11:55:59.859,1.04321,1.04344,1.00,1.37
2015.03.13 11:55:59.975,1.04321,1.04344,1.00,1.00
2015.03.13 11:56:04.244,1.04323,1.04348,1.00,1.00
2015.03.13 11:56:04.447,1.04325,1.04348,1.15,1.00
2015.03.13 11:56:04.497,1.04327,1.0435,1.20,1.00
2015.03.13 11:56:04.548,1.04327,1.0435,2.40,1.00
2015.03.13 11:56:04.599,1.04331,1.04354,1.17,1.00
2015.03.13 11:56:05.462,1.04331,1.04354,1.00,1.00
2015.03.13 11:56:11.991,1.04331,1.04354,1.00,1.15
2015.03.13 11:56:12.092,1.04329,1.04352,1.00,1.17
2015.03.13 11:56:12.193,1.04324,1.04349,1.00,1.00
2015.03.13 11:56:25.410,1.04324,1.04349,1.00,1.15
2015.03.13 11:56:25.511,1.04318,1.04343,1.00,1.00
2015.03.13 11:56:27.443,1.04318,1.04343,1.15,1.00
2015.03.13 11:56:27.797,1.04322,1.04345,1.00,1.00
2015.03.13 11:56:28.101,1.04325,1.04348,1.00,1.00
2015.03.13 11:56:28.403,1.04328,1.04351,1.00,1.00
2015.03.13 11:56:30.549,1.04325,1.04348,1.00,1.00
2015.03.13 11:56:30.853,1.04325,1.04348,1.00,1.15
2015.03.13 11:56:31.005,1.04319,1.04342,1.50,1.07
2015.03.13 11:56:31.512,1.04317,1.0434,1.15,1.00
2015.03.13 11:56:31.626,1.04319,1.04342,1.17,1.00
2015.03.13 11:56:32.141,1.04319,1.04342,1.00,1.00
2015.03.13 11:56:37.591,1.0432,1.04342,1.00,1.00
2015.03.13 11:56:38.785,1.04319,1.04342,1.00,1.00
2015.03.13 11:56:39.340,1.04317,1.04339,1.00,1.00
2015.03.13 11:56:39.643,1.04316,1.04337,1.00,1.10
2015.03.13 11:56:39.896,1.04312,1.04337,1.37,1.10
2015.03.13 11:56:40.398,1.04312,1.04337,1.00,1.10
2015.03.13 11:56:42.991,1.04309,1.04334,1.17,1.00
2015.03.13 11:56:44.901,1.04311,1.04334,1.00,1.00
2015.03.13 11:56:45.305,1.04312,1.04337,1.00,1.00
2015.03.13 11:56:46.373,1.04313,1.04337,1.20,1.00
2015.03.13 11:56:46.625,1.04315,1.04337,1.00,1.00
2015.03.13 11:56:47.183,1.04314,1.04337,1.00,1.00
2015.03.13 11:56:48.370,1.04315,1.04337,1.00,1.00
2015.03.13 11:56:48.909,1.04316,1.04337,1.00,1.00
2015.03.13 11:56:49.166,1.04314,1.04337,1.50,1.00
2015.03.13 11:56:49.267,1.04316,1.04341,1.00,1.00
2015.03.13 11:56:50.316,1.04317,1.04341,1.00,1.00
2015.03.13 11:56:50.839,1.04318,1.04341,1.00,1.00
2015.03.13 11:56:50.890,1.04321,1.04341,1.00,1.00
2015.03.13 11:56:51.395,1.04322,1.04341,1.00,1.00
2015.03.13 11:56:51.921,1.04319,1.04341,1.00,1.00
2015.03.13 11:56:52.123,1.04317,1.04341,1.00,1.00
2015.03.13 11:56:52.651,1.04314,1.04337,1.00,1.00
2015.03.13 11:56:57.509,1.04312,1.04334,1.00,1.00
2015.03.13 11:57:00.170,1.04311,1.04334,1.00,1.00
2015.03.13 11:57:01.891,1.04313,1.04338,1.10,1.00
2015.03.13 11:57:02.093,1.04314,1.04338,1.15,1.00
2015.03.13 11:57:02.295,1.04313,1.04338,1.95,1.00
2015.03.13 11:57:02.800,1.04314,1.04338,1.10,1.00
2015.03.13 11:57:02.901,1.04316,1.04338,1.00,1.00
2015.03.13 11:57:03.664,1.04317,1.0434,1.00,1.00
2015.03.13 11:57:05.236,1.0432,1.04343,1.00,1.00
2015.03.13 11:57:06.545,1.04316,1.04341,1.00,1.00
2015.03.13 11:57:07.062,1.04316,1.04341,1.00,1.17
2015.03.13 11:57:07.418,1.04314,1.04337,1.00,1.00
2015.03.13 11:57:10.004,1.04316,1.04341,1.00,1.07
2015.03.13 11:57:10.055,1.04318,1.04341,1.00,1.00
2015.03.13 11:57:10.106,1.04316,1.04341,1.00,1.00
2015.03.13 11:57:10.258,1.04316,1.04341,1.07,1.00
2015.03.13 11:57:10.511,1.04321,1.04344,1.00,1.00
2015.03.13 11:57:10.713,1.04318,1.04341,1.00,1.00
2015.03.13 11:57:19.317,1.04321,1.04344,1.00,1.00
2015.03.13 11:57:19.721,1.04327,1.0435,1.00,1.00
2015.03.13 11:57:21.524,1.04324,1.04347,1.00,1.00
2015.03.13 11:57:21.828,1.04327,1.0435,1.00,1.00
2015.03.13 11:57:22.333,1.04328,1.0435,1.00,1.00
2015.03.13 11:57:23.121,1.0433,1.04353,1.00,1.00
2015.03.13 11:57:27.309,1.04331,1.04353,1.00,1.00
2015.03.13 11:57:27.898,1.0433,1.04353,1.50,1.00
2015.03.13 11:57:34.214,1.0433,1.04352,1.00,1.00
2015.03.13 11:57:34.265,1.04326,1.04351,1.00,1.10
2015.03.13 11:57:34.880,1.04326,1.04347,1.00,1.00
2015.03.13 11:57:35.249,1.04323,1.04347,1.00,1.00
2015.03.13 11:57:35.807,1.04323,1.04345,1.00,1.00
2015.03.13 11:57:37.579,1.04324,1.04345,1.00,1.00
2015.03.13 11:57:38.200,1.04324,1.04347,1.12,1.00
2015.03.13 11:57:47.764,1.04321,1.04344,1.50,1.00
2015.03.13 11:57:48.066,1.04323,1.04344,1.00,1.00
2015.03.13 11:57:48.373,1.04321,1.04344,1.00,1.00
2015.03.13 11:57:49.351,1.04321,1.04344,1.37,1.00
2015.03.13 11:57:50.023,1.04322,1.04344,1.00,1.00
2015.03.13 11:57:52.677,1.04324,1.04344,1.00,1.00
2015.03.13 11:57:53.761,1.04322,1.04344,1.00,1.00
2015.03.13 11:57:54.399,1.04321,1.04344,1.00,1.00
2015.03.13 11:58:04.735,1.04321,1.04341,1.00,1.00
2015.03.13 11:58:06.338,1.04318,1.04341,1.00,1.00
2015.03.13 11:58:06.792,1.04322,1.04347,1.00,1.07
2015.03.13 11:58:07.045,1.04322,1.04347,1.37,1.00
2015.03.13 11:58:07.147,1.04323,1.04347,1.00,1.00
2015.03.13 11:58:07.669,1.04319,1.04344,1.50,1.00
2015.03.13 11:58:21.820,1.04322,1.04344,1.00,1.00
2015.03.13 11:58:22.074,1.0432,1.04344,1.00,1.00
2015.03.13 11:58:22.588,1.04319,1.04344,1.00,1.00
2015.03.13 11:58:23.659,1.04319,1.04344,1.17,1.00
2015.03.13 11:58:23.861,1.04323,1.04348,1.00,1.00
2015.03.13 11:58:25.272,1.04321,1.04344,1.50,1.00
2015.03.13 11:58:25.601,1.04323,1.04344,1.00,1.00
2015.03.13 11:58:25.807,1.04321,1.04344,1.00,1.00
2015.03.13 11:58:25.908,1.04324,1.04344,1.00,1.00
2015.03.13 11:58:26.363,1.04321,1.04344,1.00,1.00
2015.03.13 11:58:26.565,1.04325,1.04344,1.00,1.00
2015.03.13 11:58:26.616,1.04325,1.04348,1.00,1.00
2015.03.13 11:58:27.058,1.04327,1.0435,1.00,1.00
2015.03.13 11:58:27.616,1.04331,1.04354,1.00,1.37
2015.03.13 11:58:27.667,1.04331,1.04354,1.00,1.00
2015.03.13 11:58:28.620,1.04331,1.04354,1.37,1.00
2015.03.13 11:58:28.823,1.04334,1.04357,1.50,1.00
2015.03.13 11:58:29.379,1.04334,1.04357,1.37,1.00
2015.03.13 11:58:29.890,1.04334,1.04357,1.00,1.00
2015.03.13 11:58:35.352,1.04336,1.04357,1.00,1.10
2015.03.13 11:58:36.118,1.04334,1.04357,1.50,1.10
2015.03.13 11:58:36.623,1.0433,1.04355,1.00,1.15
2015.03.13 11:58:36.926,1.04327,1.0435,1.00,1.00
2015.03.13 11:58:37.078,1.04329,1.04354,1.00,1.00
2015.03.13 11:58:37.130,1.04337,1.04354,1.00,1.00
2015.03.13 11:58:37.483,1.04339,1.04355,1.00,1.00
2015.03.13 11:58:37.584,1.04337,1.04355,1.00,1.00
2015.03.13 11:58:37.887,1.04333,1.04355,1.00,1.00
2015.03.13 11:58:38.139,1.04335,1.04355,1.00,1.00
2015.03.13 11:58:38.819,1.04337,1.04362,1.00,1.20
2015.03.13 11:58:39.370,1.04334,1.04359,1.10,1.00
2015.03.13 11:58:40.112,1.04335,1.04359,1.00,1.00
2015.03.13 11:58:40.897,1.04334,1.04359,1.00,1.00
2015.03.13 11:58:41.421,1.04334,1.04359,1.95,1.00
2015.03.13 11:58:41.925,1.04334,1.04359,1.00,1.00
2015.03.13 11:58:42.329,1.04332,1.04355,1.00,1.00
2015.03.13 11:58:43.261,1.04332,1.04355,1.00,1.20
2015.03.13 11:58:43.311,1.04329,1.04352,1.00,1.00
2015.03.13 11:58:44.217,1.04329,1.04352,1.15,1.00
2015.03.13 11:58:45.081,1.04331,1.04352,1.00,1.00
2015.03.13 11:58:45.597,1.0433,1.04352,1.00,1.00
2015.03.13 11:58:46.630,1.04331,1.04352,1.00,1.00
2015.03.13 11:58:47.051,1.04333,1.04358,1.00,1.00
2015.03.13 11:58:47.102,1.04333,1.04358,1.37,1.00
2015.03.13 11:58:47.203,1.04339,1.04362,1.20,1.07
2015.03.13 11:58:47.305,1.04339,1.04362,1.47,1.00
2015.03.13 11:58:47.406,1.04342,1.04366,1.37,1.50
2015.03.13 11:58:47.508,1.04345,1.04366,1.00,1.00
2015.03.13 11:58:47.868,1.04345,1.04366,1.37,1.00
2015.03.13 11:58:48.070,1.04345,1.04366,1.12,1.00
2015.03.13 11:58:48.323,1.04345,1.0437,1.12,1.00
2015.03.13 11:58:49.153,1.04346,1.0437,1.00,1.00
2015.03.13 11:58:55.633,1.04348,1.0437,1.00,1.30
2015.03.13 11:58:56.858,1.04349,1.0437,1.00,1.20
2015.03.13 11:58:58.823,1.04348,1.0437,1.00,1.00
2015.03.13 11:59:01.368,1.04347,1.0437,1.12,1.00
2015.03.13 11:59:01.827,1.04348,1.0437,1.37,1.00
2015.03.13 11:59:02.130,1.04355,1.04373,1.37,1.00
2015.03.13 11:59:02.383,1.04353,1.04377,1.00,1.00
2015.03.13 11:59:02.686,1.0435,1.04373,1.00,1.00
2015.03.13 11:59:03.141,1.04352,1.04378,1.50,1.50
2015.03.13 11:59:03.293,1.04352,1.04378,1.50,1.07
2015.03.13 11:59:03.798,1.04352,1.04378,1.00,1.20
2015.03.13 11:59:03.849,1.04352,1.04378,1.00,1.20
2015.03.13 11:59:04.101,1.04346,1.04374,1.00,1.27
2015.03.13 11:59:06.890,1.04346,1.04374,1.00,1.22
2015.03.13 11:59:07.243,1.04346,1.04374,1.00,2.40
2015.03.13 11:59:08.620,1.04347,1.04374,1.00,1.90
2015.03.13 11:59:08.822,1.04347,1.04374,1.00,1.90
2015.03.13 11:59:11.176,1.04347,1.04374,1.37,1.90
2015.03.13 11:59:11.980,1.04347,1.04374,1.37,1.92
2015.03.13 11:59:12.084,1.04347,1.04374,1.37,1.25
2015.03.13 11:59:12.197,1.04347,1.04374,1.37,1.25
2015.03.13 11:59:13.477,1.04347,1.04374,1.00,1.25
2015.03.13 11:59:15.445,1.04348,1.04374,1.00,1.25
2015.03.13 11:59:15.496,1.04348,1.04374,1.00,1.92
2015.03.13 11:59:15.597,1.04346,1.04374,1.87,1.92
2015.03.13 11:59:15.799,1.04348,1.04374,1.00,1.92
2015.03.13 11:59:16.348,1.04348,1.04374,1.00,1.90
2015.03.13 11:59:18.926,1.04348,1.04374,1.00,1.90
2015.03.13 11:59:19.120,1.04346,1.04374,1.12,1.90
2015.03.13 11:59:19.625,1.04346,1.04368,1.00,1.22
2015.03.13 11:59:19.928,1.04346,1.04369,1.00,1.10
2015.03.13 11:59:20.232,1.04346,1.04374,1.00,3.15
2015.03.13 11:59:20.752,1.04346,1.04368,1.00,1.90
2015.03.13 11:59:20.853,1.04344,1.04367,1.00,1.65
2015.03.13 11:59:21.646,1.04344,1.04367,1.00,2.40
2015.03.13 11:59:22.238,1.04344,1.04367,1.00,1.92
2015.03.13 11:59:22.567,1.04344,1.04364,1.00,1.90
2015.03.13 11:59:24.406,1.04344,1.04363,1.00,2.40
2015.03.13 11:59:24.743,1.04344,1.04363,1.00,1.90
2015.03.13 11:59:25.582,1.04339,1.0436,1.00,1.90
2015.03.13 11:59:25.734,1.04339,1.04359,1.00,1.95
2015.03.13 11:59:26.270,1.04339,1.04359,1.00,1.85
2015.03.13 11:59:26.422,1.04339,1.04361,1.00,2.40
2015.03.13 11:59:27.945,1.04339,1.04356,1.00,1.90
2015.03.13 11:59:31.642,1.04344,1.04356,1.00,1.90
2015.03.13 11:59:32.007,1.04344,1.04359,1.00,1.90
2015.03.13 11:59:32.210,1.04345,1.04359,1.00,1.65
2015.03.13 11:59:32.627,1.04342,1.04358,1.00,1.27
2015.03.13 11:59:32.879,1.04346,1.0436,1.00,1.90
2015.03.13 11:59:33.082,1.04346,1.04359,1.00,1.65
2015.03.13 11:59:35.510,1.04342,1.04356,1.00,1.10
2015.03.13 11:59:35.611,1.04349,1.04362,1.00,2.40
2015.03.13 11:59:35.763,1.04349,1.04364,1.00,2.40
2015.03.13 11:59:36.217,1.04349,1.04364,1.00,1.90
2015.03.13 11:59:36.621,1.04349,1.04363,1.00,1.95
2015.03.13 11:59:37.075,1.04349,1.04367,1.00,1.65
2015.03.13 11:59:37.499,1.04354,1.04369,1.00,1.20
2015.03.13 11:59:37.848,1.04357,1.04371,1.00,2.40
2015.03.13 11:59:38.256,1.04353,1.04371,1.00,3.52
2015.03.13 11:59:38.790,1.04353,1.04371,1.00,1.27
2015.03.13 11:59:39.294,1.04353,1.04373,1.00,1.90
2015.03.13 11:59:39.496,1.04353,1.04363,1.00,1.00
2015.03.13 11:59:41.364,1.04353,1.04363,1.00,1.07
2015.03.13 11:59:41.880,1.0435,1.04365,1.00,1.65
2015.03.13 11:59:42.191,1.04352,1.04366,1.00,1.90
2015.03.13 11:59:42.342,1.04349,1.04364,1.00,1.57
2015.03.13 11:59:42.645,1.04354,1.04367,1.00,1.90
2015.03.13 11:59:42.848,1.0435,1.04367,1.00,1.90
2015.03.13 11:59:43.080,1.04352,1.04367,1.00,1.90
2015.03.13 11:59:44.420,1.04349,1.04366,1.00,1.90
2015.03.13 11:59:44.986,1.04349,1.04362,1.00,1.12
2015.03.13 11:59:45.088,1.04349,1.04362,1.00,1.75
2015.03.13 11:59:45.542,1.04349,1.04361,1.00,1.92
2015.03.13 11:59:46.167,1.04345,1.0436,1.00,1.90
2015.03.13 11:59:46.268,1.04345,1.0436,1.00,1.65
2015.03.13 11:59:46.419,1.04345,1.04358,1.00,1.92
2015.03.13 11:59:46.924,1.04345,1.04357,1.00,1.85
2015.03.13 11:59:48.085,1.04345,1.04352,1.00,1.20
2015.03.13 11:59:50.032,1.04345,1.04363,1.00,2.40
2015.03.13 11:59:50.588,1.04349,1.04364,1.00,2.40
2015.03.13 11:59:50.905,1.04349,1.04364,1.00,1.90
2015.03.13 11:59:51.488,1.04349,1.04364,1.00,1.90
2015.03.13 11:59:52.584,1.04349,1.04362,1.00,1.90
2015.03.13 11:59:53.088,1.04349,1.04362,1.00,3.15
2015.03.13 11:59:54.428,1.04349,1.04359,1.00,1.82
2015.03.13 11:59:54.631,1.04346,1.04361,1.00,1.90
2015.03.13 11:59:55.145,1.04346,1.04363,1.00,2.40
2015.03.13 11:59:55.197,1.04346,1.04364,1.00,1.90
2015.03.13 11:59:56.533,1.04346,1.04364,1.00,1.90
