2014.09.05 04:00:00.409,1.12717,1.12741,1.50,1.00
2014.09.05 04:00:00.914,1.12718,1.12741,1.00,1.00
2014.09.05 04:00:01.420,1.12717,1.12741,1.00,1.00
2014.09.05 04:00:02.190,1.12717,1.12738,1.00,1.00
2014.09.05 04:00:03.380,1.12717,1.1274,1.50,1.00
2014.09.05 04:00:07.583,1.12719,1.12744,1.00,1.00
2014.09.05 04:00:08.093,1.1272,1.12744,1.10,1.00
2014.09.05 04:00:13.522,1.12719,1.12744,1.50,1.00
2014.09.05 04:00:14.077,1.12719,1.12744,1.00,1.75
2014.09.05 04:00:14.280,1.12719,1.12744,1.00,1.57
2014.09.05 04:00:14.330,1.12719,1.12741,1.00,1.00
2014.09.05 04:00:14.634,1.12712,1.12728,1.87,1.00
2014.09.05 04:00:14.937,1.12709,1.1272,2.25,1.00
2014.09.05 04:00:20.213,1.12707,1.12716,2.62,1.00
2014.09.05 04:00:21.844,1.12707,1.12726,2.62,1.50
2014.09.05 04:00:21.996,1.12707,1.12728,2.62,1.50
2014.09.05 04:00:22.503,1.12707,1.12729,1.37,1.12
2014.09.05 04:00:26.150,1.12709,1.12729,1.00,1.00
2014.09.05 04:00:26.353,1.12706,1.12729,1.00,1.00
2014.09.05 04:00:26.959,1.12706,1.12729,1.00,1.37
2014.09.05 04:00:27.262,1.12709,1.12729,1.00,1.37
2014.09.05 04:00:27.666,1.1271,1.12729,1.12,1.00
2014.09.05 04:00:27.919,1.12712,1.12729,1.00,1.00
2014.09.05 04:00:28.121,1.1271,1.12729,1.12,1.00
2014.09.05 04:00:28.626,1.12711,1.12729,1.00,1.00
2014.09.05 04:00:29.645,1.1271,1.12729,1.12,1.00
2014.09.05 04:00:34.815,1.12709,1.12729,1.00,1.00
2014.09.05 04:00:35.319,1.12709,1.12729,1.00,1.37
2014.09.05 04:00:37.928,1.12706,1.12729,1.50,1.37
2014.09.05 04:00:42.387,1.12706,1.12728,1.00,1.37
2014.09.05 04:00:42.695,1.12706,1.12728,1.00,1.57
2014.09.05 04:00:42.746,1.12704,1.12726,1.00,1.87
2014.09.05 04:00:42.999,1.12702,1.12723,1.00,1.37
2014.09.05 04:00:43.101,1.127,1.12723,1.00,1.00
2014.09.05 04:00:43.605,1.12699,1.12723,1.00,1.07
2014.09.05 04:00:43.999,1.12696,1.12719,1.00,1.00
2014.09.05 04:00:44.304,1.12695,1.12717,1.00,1.00
2014.09.05 04:00:44.834,1.12696,1.12717,1.00,1.00
2014.09.05 04:00:46.064,1.12694,1.12717,1.00,1.00
2014.09.05 04:00:50.133,1.127,1.12717,1.00,1.00
2014.09.05 04:00:50.235,1.127,1.1272,1.00,1.00
2014.09.05 04:00:50.538,1.12702,1.1272,1.00,1.00
2014.09.05 04:00:51.044,1.12703,1.12723,1.00,1.00
2014.09.05 04:00:56.605,1.127,1.12723,1.50,1.00
2014.09.05 04:00:56.908,1.12703,1.12726,1.00,1.00
2014.09.05 04:00:57.211,1.12707,1.1273,1.00,1.00
2014.09.05 04:01:04.063,1.12709,1.1273,1.00,1.00
2014.09.05 04:01:06.413,1.1271,1.1273,1.00,1.00
2014.09.05 04:01:06.945,1.12711,1.1273,1.00,1.00
2014.09.05 04:01:07.215,1.1271,1.12733,1.50,1.00
2014.09.05 04:01:12.131,1.12705,1.1273,1.50,1.00
2014.09.05 04:01:13.124,1.12706,1.1273,1.00,1.00
2014.09.05 04:01:13.327,1.1271,1.12733,1.00,1.00
2014.09.05 04:01:21.975,1.1271,1.12732,1.00,1.00
2014.09.05 04:01:22.566,1.12705,1.1273,1.00,1.00
2014.09.05 04:01:23.335,1.12706,1.1273,1.00,1.00
2014.09.05 04:01:27.933,1.12708,1.1273,1.00,1.00
2014.09.05 04:01:30.105,1.12707,1.1273,1.00,1.00
2014.09.05 04:01:31.633,1.12705,1.1273,1.50,1.00
2014.09.05 04:01:36.167,1.12707,1.1273,1.00,1.00
2014.09.05 04:01:36.471,1.1271,1.1273,1.00,1.00
2014.09.05 04:01:36.572,1.1271,1.12732,1.00,1.00
2014.09.05 04:01:37.077,1.12709,1.12732,1.00,1.00
2014.09.05 04:01:38.349,1.1271,1.12732,1.00,1.00
2014.09.05 04:01:44.613,1.12709,1.12732,1.00,1.50
2014.09.05 04:01:44.916,1.12706,1.1273,1.00,1.00
2014.09.05 04:01:45.385,1.12709,1.12732,1.50,1.00
2014.09.05 04:01:46.022,1.12709,1.12732,2.02,1.00
2014.09.05 04:01:46.174,1.12711,1.12736,2.25,1.00
2014.09.05 04:01:46.478,1.12714,1.12739,1.00,1.00
2014.09.05 04:01:48.692,1.12715,1.12739,1.00,1.00
2014.09.05 04:01:49.405,1.12714,1.12739,1.00,1.00
2014.09.05 04:01:54.434,1.12714,1.12739,1.00,1.17
2014.09.05 04:01:54.737,1.12711,1.12734,1.00,1.00
2014.09.05 04:02:08.807,1.12711,1.12728,1.00,1.00
2014.09.05 04:02:08.908,1.12701,1.12724,2.25,1.00
2014.09.05 04:02:09.060,1.12708,1.12724,1.00,1.00
2014.09.05 04:02:09.161,1.12706,1.12724,1.00,1.00
2014.09.05 04:02:09.263,1.12706,1.12727,1.00,1.00
2014.09.05 04:02:09.364,1.12708,1.12731,1.00,1.50
2014.09.05 04:02:09.567,1.12704,1.12728,1.00,1.00
2014.09.05 04:02:10.072,1.12703,1.12728,1.50,1.00
2014.09.05 04:02:10.861,1.12703,1.12728,1.87,1.00
2014.09.05 04:02:11.013,1.12707,1.1273,1.00,1.00
2014.09.05 04:02:15.347,1.12708,1.1273,1.00,1.00
2014.09.05 04:02:15.398,1.12709,1.12734,1.00,1.00
2014.09.05 04:02:15.854,1.12713,1.12736,1.00,1.00
2014.09.05 04:02:27.968,1.12716,1.12739,1.00,1.00
2014.09.05 04:02:29.501,1.12712,1.12737,3.45,1.00
2014.09.05 04:02:34.374,1.12713,1.12737,1.00,1.00
2014.09.05 04:02:35.182,1.12712,1.12737,1.00,1.00
2014.09.05 04:02:35.233,1.1271,1.12733,1.00,1.00
2014.09.05 04:02:40.059,1.12713,1.12733,1.00,1.00
2014.09.05 04:02:40.262,1.12713,1.12737,1.00,1.50
2014.09.05 04:02:40.767,1.12712,1.12737,1.00,2.25
2014.09.05 04:02:42.013,1.12709,1.12733,1.00,1.00
2014.09.05 04:02:42.826,1.12708,1.12733,1.50,2.25
2014.09.05 04:02:44.349,1.1271,1.12733,1.00,2.25
2014.09.05 04:02:47.344,1.12708,1.12733,1.50,2.25
2014.09.05 04:02:52.389,1.12705,1.1273,1.00,1.10
2014.09.05 04:02:53.103,1.12705,1.1273,1.65,1.00
2014.09.05 04:02:53.154,1.12708,1.12733,1.00,1.00
2014.09.05 04:03:02.538,1.12708,1.12731,1.00,1.00
2014.09.05 04:03:02.742,1.12706,1.12731,1.50,1.00
2014.09.05 04:03:03.825,1.12707,1.12731,1.00,1.00
2014.09.05 04:03:04.078,1.12711,1.12731,1.00,1.00
2014.09.05 04:03:04.231,1.12711,1.12733,1.00,1.00
2014.09.05 04:03:04.773,1.1271,1.12733,1.00,1.00
2014.09.05 04:03:25.641,1.12711,1.12733,1.00,1.00
2014.09.05 04:03:26.155,1.1271,1.12733,1.50,1.00
2014.09.05 04:03:27.943,1.12715,1.12733,1.00,1.00
2014.09.05 04:03:28.560,1.12716,1.12733,1.00,1.00
2014.09.05 04:03:29.061,1.12715,1.12733,1.00,1.00
2014.09.05 04:03:29.550,1.12713,1.12733,1.00,1.00
2014.09.05 04:03:30.579,1.12714,1.12733,1.00,1.00
2014.09.05 04:03:35.641,1.12713,1.12733,1.00,1.00
2014.09.05 04:03:42.897,1.12715,1.12733,1.00,1.00
2014.09.05 04:03:43.402,1.12714,1.12733,1.00,1.00
2014.09.05 04:03:51.980,1.12714,1.12737,1.50,1.00
2014.09.05 04:04:03.870,1.12715,1.12737,1.00,1.00
2014.09.05 04:04:16.058,1.12716,1.12741,1.00,1.50
2014.09.05 04:04:16.563,1.12717,1.12741,1.00,1.00
2014.09.05 04:04:17.069,1.12716,1.12741,1.87,1.00
2014.09.05 04:04:19.166,1.12718,1.12741,1.00,1.00
2014.09.05 04:04:21.189,1.12716,1.12741,1.87,1.00
2014.09.05 04:04:21.810,1.12718,1.12741,1.00,1.00
2014.09.05 04:04:23.339,1.12716,1.12741,1.87,1.00
2014.09.05 04:04:39.111,1.12716,1.12741,1.87,1.00
2014.09.05 04:04:39.263,1.1272,1.12742,1.00,1.00
2014.09.05 04:04:39.831,1.1272,1.12743,1.00,2.25
2014.09.05 04:04:43.912,1.12722,1.12746,1.00,1.00
2014.09.05 04:04:44.435,1.12722,1.12745,1.00,1.00
2014.09.05 04:04:53.504,1.12722,1.12746,1.00,1.00
2014.09.05 04:04:54.828,1.12722,1.12747,1.00,1.50
2014.09.05 04:05:00.541,1.12718,1.12743,1.87,1.00
2014.09.05 04:05:02.859,1.12719,1.12743,1.00,1.00
2014.09.05 04:05:05.796,1.12723,1.12746,1.00,1.50
2014.09.05 04:05:28.249,1.12727,1.12749,1.00,1.00
2014.09.05 04:05:28.300,1.12727,1.12752,1.00,1.50
2014.09.05 04:05:32.561,1.12728,1.12752,1.00,1.50
2014.09.05 04:05:33.341,1.12727,1.12752,1.50,1.00
2014.09.05 04:05:33.645,1.12729,1.12752,1.00,1.00
2014.09.05 04:05:33.950,1.12735,1.12755,1.00,1.50
2014.09.05 04:05:34.102,1.12733,1.12755,1.00,1.50
2014.09.05 04:05:34.305,1.12735,1.12755,1.00,1.50
2014.09.05 04:05:34.406,1.12731,1.12755,1.00,1.00
2014.09.05 04:05:34.457,1.12734,1.12757,1.00,1.00
2014.09.05 04:05:34.865,1.12736,1.12757,1.00,1.00
2014.09.05 04:05:35.373,1.12735,1.12757,1.00,1.00
2014.09.05 04:05:35.879,1.12734,1.12757,1.00,1.00
2014.09.05 04:05:36.621,1.12735,1.12757,1.00,1.00
2014.09.05 04:05:36.824,1.12737,1.1276,1.50,1.00
2014.09.05 04:05:37.077,1.12742,1.1276,1.00,1.00
2014.09.05 04:05:37.382,1.1274,1.12758,1.00,1.17
2014.09.05 04:05:37.735,1.12741,1.12754,1.00,1.00
2014.09.05 04:05:37.837,1.12741,1.12756,1.00,1.00
2014.09.05 04:05:37.938,1.12741,1.12759,1.00,1.10
2014.09.05 04:05:37.989,1.12741,1.12756,1.00,1.00
2014.09.05 04:05:38.192,1.12731,1.12752,1.00,1.00
2014.09.05 04:05:38.445,1.12729,1.12752,1.50,1.00
2014.09.05 04:05:38.597,1.12734,1.12752,1.00,1.00
2014.09.05 04:05:39.101,1.12735,1.12752,1.00,1.00
2014.09.05 04:05:39.152,1.12733,1.12752,1.00,1.00
2014.09.05 04:05:39.355,1.12736,1.12752,1.00,1.00
2014.09.05 04:05:39.456,1.12736,1.12758,1.00,1.00
2014.09.05 04:05:39.608,1.12733,1.12756,1.00,1.00
2014.09.05 04:05:39.659,1.12731,1.12754,1.10,1.50
2014.09.05 04:05:39.963,1.12733,1.12751,1.00,1.00
2014.09.05 04:05:40.836,1.12734,1.12751,1.00,1.00
2014.09.05 04:05:41.806,1.12732,1.12751,1.00,1.00
2014.09.05 04:05:41.858,1.12732,1.12755,1.00,1.15
2014.09.05 04:05:41.959,1.12732,1.12755,1.00,1.00
2014.09.05 04:05:51.233,1.12735,1.12757,1.00,1.00
2014.09.05 04:05:52.130,1.12738,1.12757,1.00,1.00
2014.09.05 04:05:52.383,1.12738,1.1276,1.00,1.00
2014.09.05 04:05:52.641,1.12735,1.12758,1.00,1.00
2014.09.05 04:05:53.147,1.12735,1.12757,1.00,1.00
2014.09.05 04:05:53.441,1.12731,1.12756,1.00,1.00
2014.09.05 04:05:54.343,1.12731,1.12753,1.00,1.00
2014.09.05 04:05:54.545,1.12729,1.12752,1.00,1.00
2014.09.05 04:05:54.949,1.12729,1.1275,1.00,1.00
2014.09.05 04:05:55.202,1.12729,1.12752,1.00,1.50
2014.09.05 04:05:55.304,1.12726,1.12749,1.00,1.00
2014.09.05 04:05:55.658,1.12726,1.12746,1.00,1.00
2014.09.05 04:05:55.961,1.12726,1.12748,1.00,1.12
2014.09.05 04:05:56.062,1.12722,1.12747,1.00,1.00
2014.09.05 04:05:56.416,1.12722,1.12745,1.00,1.00
2014.09.05 04:06:00.340,1.12722,1.12747,1.00,2.25
2014.09.05 04:06:00.797,1.12722,1.12744,1.00,1.00
2014.09.05 04:06:03.463,1.12722,1.12747,1.00,2.25
2014.09.05 04:06:03.666,1.12722,1.12745,1.00,1.00
2014.09.05 04:06:04.007,1.12721,1.12742,1.00,1.00
2014.09.05 04:06:04.429,1.12718,1.1274,1.00,1.00
2014.09.05 04:06:04.965,1.12718,1.12739,1.00,1.00
2014.09.05 04:06:05.067,1.12714,1.12739,1.00,1.50
2014.09.05 04:06:06.077,1.12714,1.12736,1.00,1.00
2014.09.05 04:06:06.533,1.12714,1.12739,1.00,1.50
2014.09.05 04:06:06.836,1.12714,1.12736,1.00,1.00
2014.09.05 04:06:20.494,1.12714,1.12739,1.00,2.25
2014.09.05 04:06:31.892,1.12714,1.12737,1.00,1.00
2014.09.05 04:06:32.145,1.1271,1.12735,1.00,1.00
2014.09.05 04:06:33.831,1.1271,1.12734,1.00,1.07
2014.09.05 04:06:34.440,1.12708,1.12731,1.00,1.00
2014.09.05 04:06:56.240,1.12712,1.12733,1.00,1.00
2014.09.05 04:06:56.550,1.12712,1.12735,1.00,1.00
2014.09.05 04:06:58.006,1.12707,1.12732,1.65,1.00
2014.09.05 04:07:04.040,1.12712,1.12735,1.00,1.00
2014.09.05 04:07:04.598,1.12716,1.12739,1.00,1.50
2014.09.05 04:07:20.873,1.1272,1.12743,1.00,1.50
2014.09.05 04:07:22.128,1.1272,1.12741,1.00,1.00
2014.09.05 04:07:22.643,1.1272,1.12742,1.00,1.00
2014.09.05 04:07:28.706,1.12716,1.12741,1.00,1.00
2014.09.05 04:07:41.110,1.12713,1.12736,1.57,1.00
2014.09.05 04:07:42.161,1.12713,1.12736,1.07,1.00
2014.09.05 04:07:42.313,1.12716,1.12739,1.00,1.00
2014.09.05 04:07:57.197,1.12719,1.12744,1.00,3.00
2014.09.05 04:08:25.815,1.12719,1.12743,1.00,1.00
2014.09.05 04:08:42.028,1.12719,1.12742,1.00,1.00
2014.09.05 04:08:42.079,1.12717,1.1274,1.00,1.00
2014.09.05 04:09:31.341,1.1272,1.12743,1.00,1.00
2014.09.05 04:09:48.657,1.1272,1.12743,1.00,1.07
2014.09.05 04:09:49.989,1.1272,1.1274,1.00,1.00
2014.09.05 04:09:50.040,1.12713,1.12736,1.00,1.00
2014.09.05 04:10:36.336,1.12713,1.12733,1.00,1.00
2014.09.05 04:10:36.645,1.12707,1.12727,1.17,1.00
2014.09.05 04:10:48.438,1.12708,1.12733,1.07,1.00
2014.09.05 04:10:48.539,1.12711,1.12735,1.00,1.00
2014.09.05 04:10:59.851,1.12711,1.12736,1.00,1.00
2014.09.05 04:11:48.596,1.12706,1.12737,1.57,1.50
2014.09.05 04:11:53.919,1.12708,1.12737,1.00,1.50
2014.09.05 04:11:54.424,1.12708,1.12736,1.00,1.50
2014.09.05 04:11:54.946,1.12708,1.12736,1.00,1.07
2014.09.05 04:11:55.470,1.12708,1.12734,1.00,1.00
2014.09.05 04:11:55.773,1.12709,1.12732,1.00,1.00
2014.09.05 04:11:56.076,1.12706,1.12729,1.00,1.00
2014.09.05 04:12:21.523,1.12709,1.12732,1.00,1.00
2014.09.05 04:12:29.562,1.12709,1.1273,1.00,1.00
2014.09.05 04:12:31.908,1.12709,1.12728,1.00,1.00
2014.09.05 04:12:31.959,1.12706,1.12728,1.00,1.00
2014.09.05 04:12:32.466,1.12706,1.12729,1.00,1.00
2014.09.05 04:13:03.882,1.12707,1.12729,1.00,1.00
2014.09.05 04:13:04.392,1.12707,1.12729,1.17,1.00
2014.09.05 04:13:06.938,1.1271,1.12735,1.00,1.00
2014.09.05 04:13:15.889,1.12711,1.12735,1.00,1.00
2014.09.05 04:13:16.445,1.12712,1.12735,1.00,1.00
2014.09.05 04:13:16.497,1.12713,1.12738,1.00,1.00
2014.09.05 04:13:16.548,1.12716,1.12738,1.00,1.00
2014.09.05 04:13:16.599,1.12716,1.12741,1.50,1.00
2014.09.05 04:13:19.799,1.12722,1.12742,1.00,1.00
2014.09.05 04:13:26.294,1.12722,1.12745,1.00,1.87
2014.09.05 04:13:31.427,1.12722,1.12745,1.00,1.00
2014.09.05 04:13:32.655,1.12724,1.12746,1.00,1.10
2014.09.05 04:13:33.161,1.12724,1.12747,1.00,1.87
2014.09.05 04:13:35.229,1.12724,1.12747,1.00,1.87
2014.09.05 04:13:35.734,1.12724,1.12747,1.00,1.00
2014.09.05 04:13:36.037,1.12724,1.12743,1.00,1.00
2014.09.05 04:13:36.343,1.12722,1.1274,1.00,1.00
2014.09.05 04:13:36.546,1.12722,1.12742,1.00,1.57
2014.09.05 04:13:36.597,1.12722,1.1274,1.00,1.00
2014.09.05 04:13:37.586,1.12722,1.12741,1.00,1.00
2014.09.05 04:13:38.100,1.12722,1.12742,1.00,1.00
2014.09.05 04:13:38.864,1.12722,1.12741,1.00,1.00
2014.09.05 04:13:39.643,1.12722,1.1274,1.00,1.00
2014.09.05 04:13:42.602,1.12722,1.12742,1.00,1.50
2014.09.05 04:13:42.855,1.12722,1.1274,1.00,1.00
2014.09.05 04:13:42.906,1.12717,1.1274,1.00,1.50
2014.09.05 04:14:04.224,1.12717,1.1274,1.07,1.00
2014.09.05 04:14:04.326,1.12725,1.12746,1.00,1.50
2014.09.05 04:14:04.927,1.12725,1.12745,1.00,1.00
2014.09.05 04:14:05.962,1.12725,1.12747,1.00,1.00
2014.09.05 04:14:06.013,1.12728,1.12747,1.00,1.00
2014.09.05 04:14:06.340,1.12728,1.12745,1.00,1.00
2014.09.05 04:14:07.363,1.12728,1.12744,1.00,1.00
2014.09.05 04:14:07.567,1.12726,1.12743,1.00,1.00
2014.09.05 04:14:08.431,1.12726,1.12745,1.00,1.95
2014.09.05 04:14:08.633,1.12726,1.12741,1.00,1.00
2014.09.05 04:14:08.734,1.12718,1.12741,1.50,1.50
2014.09.05 04:14:08.836,1.12715,1.12738,1.00,1.00
2014.09.05 04:14:09.846,1.1271,1.12735,1.17,1.00
2014.09.05 04:14:10.352,1.1271,1.12735,1.10,1.00
2014.09.05 04:14:13.348,1.1271,1.12733,1.00,1.00
2014.09.05 04:14:15.601,1.1271,1.12732,1.00,1.00
2014.09.05 04:14:15.904,1.12708,1.12728,1.00,1.00
2014.09.05 04:14:16.433,1.12708,1.12729,1.00,1.00
2014.09.05 04:14:16.788,1.12705,1.12728,1.00,1.00
2014.09.05 04:14:16.939,1.12705,1.12726,1.00,1.00
2014.09.05 04:14:17.041,1.12705,1.12728,1.00,1.50
2014.09.05 04:14:18.110,1.12705,1.12727,1.00,1.00
2014.09.05 04:14:18.653,1.12705,1.12726,1.00,1.00
2014.09.05 04:14:23.566,1.12705,1.12727,1.00,1.50
2014.09.05 04:14:39.150,1.12705,1.12725,1.00,1.00
2014.09.05 04:14:40.852,1.12705,1.12726,1.00,1.00
2014.09.05 04:14:40.903,1.12705,1.12728,1.00,1.12
2014.09.05 04:14:43.980,1.12705,1.12727,1.00,1.00
2014.09.05 04:14:45.180,1.12705,1.12728,1.00,1.00
2014.09.05 04:14:45.382,1.12705,1.12726,1.00,1.00
2014.09.05 04:14:45.839,1.12705,1.12728,1.00,1.50
2014.09.05 04:14:48.152,1.12702,1.12725,1.00,1.00
2014.09.05 04:14:53.757,1.12699,1.12722,1.00,1.00
2014.09.05 04:15:36.937,1.12699,1.12719,1.00,1.00
2014.09.05 04:15:37.442,1.12699,1.12716,1.00,1.00
2014.09.05 04:15:37.551,1.12699,1.12719,1.00,1.00
2014.09.05 04:15:39.337,1.12699,1.12716,1.00,1.00
2014.09.05 04:15:40.652,1.12699,1.12719,1.00,1.00
2014.09.05 04:15:40.955,1.12696,1.12719,1.00,1.50
2014.09.05 04:15:46.352,1.12696,1.12716,1.00,1.00
2014.09.05 04:15:46.453,1.12692,1.12715,1.00,1.00
2014.09.05 04:16:02.267,1.12688,1.12713,1.00,1.00
2014.09.05 04:16:02.772,1.12688,1.12712,1.00,1.00
2014.09.05 04:16:03.025,1.12685,1.1271,1.57,1.00
2014.09.05 04:16:03.177,1.12689,1.12712,1.00,1.00
2014.09.05 04:16:03.480,1.12686,1.12709,2.32,1.00
2014.09.05 04:16:03.991,1.12686,1.12709,2.99,1.00
2014.09.05 04:16:05.112,1.12689,1.12712,1.00,1.00
2014.09.05 04:16:06.443,1.12686,1.12709,1.07,1.00
2014.09.05 04:16:06.494,1.12686,1.12709,1.00,1.00
2014.09.05 04:16:07.151,1.12687,1.12709,1.00,1.00
2014.09.05 04:16:07.354,1.12691,1.12714,1.00,1.00
2014.09.05 04:16:08.373,1.12691,1.12714,1.00,1.37
2014.09.05 04:16:08.883,1.12691,1.12714,1.00,1.00
2014.09.05 04:16:19.914,1.12695,1.12714,1.00,1.00
2014.09.05 04:16:20.524,1.12695,1.12717,1.00,1.00
2014.09.05 04:16:21.690,1.12694,1.12717,1.00,1.00
2014.09.05 04:16:31.589,1.12696,1.12717,1.00,1.00
2014.09.05 04:16:31.894,1.127,1.12717,1.00,1.00
2014.09.05 04:16:32.097,1.127,1.1272,1.00,1.00
2014.09.05 04:16:32.149,1.12707,1.1272,1.00,1.00
2014.09.05 04:16:32.200,1.12707,1.12723,1.00,1.00
2014.09.05 04:16:32.555,1.12702,1.12723,1.50,1.00
2014.09.05 04:16:33.164,1.12702,1.12719,1.00,1.00
2014.09.05 04:16:33.890,1.12696,1.12719,1.00,1.00
2014.09.05 04:16:41.152,1.12697,1.12719,1.00,1.00
2014.09.05 04:16:41.657,1.12696,1.12719,1.10,1.00
2014.09.05 04:16:49.934,1.12696,1.12719,1.00,1.57
2014.09.05 04:16:50.035,1.12696,1.12716,1.00,1.00
2014.09.05 04:16:50.136,1.12696,1.12719,1.00,1.07
2014.09.05 04:16:50.439,1.1269,1.12715,1.50,1.00
2014.09.05 04:17:06.117,1.1269,1.12713,1.00,1.00
2014.09.05 04:17:06.422,1.12688,1.12711,1.00,1.00
2014.09.05 04:17:07.132,1.12691,1.12711,1.00,1.00
2014.09.05 04:17:07.284,1.12691,1.12715,1.00,1.00
2014.09.05 04:17:07.788,1.1269,1.12715,1.00,1.00
2014.09.05 04:17:09.663,1.12691,1.12715,1.00,1.00
2014.09.05 04:17:10.841,1.12696,1.12715,1.00,1.00
2014.09.05 04:17:11.350,1.12697,1.12715,1.00,1.00
2014.09.05 04:17:12.556,1.12697,1.12712,1.00,1.00
2014.09.05 04:17:12.607,1.12692,1.12712,1.37,2.25
2014.09.05 04:17:12.659,1.12691,1.12712,1.00,1.50
2014.09.05 04:17:12.811,1.12691,1.1271,1.00,1.00
2014.09.05 04:17:13.015,1.12688,1.1271,1.00,1.50
2014.09.05 04:17:13.369,1.12688,1.12708,1.00,1.00
2014.09.05 04:17:13.420,1.12684,1.12708,1.00,1.00
2014.09.05 04:17:13.571,1.12681,1.12704,1.00,1.00
2014.09.05 04:17:41.053,1.12678,1.12701,1.00,1.00
2014.09.05 04:18:04.855,1.12679,1.12701,1.00,1.00
2014.09.05 04:18:06.842,1.12678,1.12701,1.00,1.00
2014.09.05 04:18:07.349,1.12679,1.12701,1.00,1.00
2014.09.05 04:18:08.361,1.12678,1.12701,1.50,1.00
2014.09.05 04:18:09.932,1.12679,1.12701,1.00,1.00
2014.09.05 04:18:10.474,1.12678,1.12701,1.00,1.00
2014.09.05 04:18:11.003,1.12679,1.12701,1.00,1.00
2014.09.05 04:18:19.358,1.1268,1.12701,1.00,1.00
2014.09.05 04:18:41.268,1.1268,1.12705,1.00,1.10
2014.09.05 04:19:04.175,1.12679,1.12705,1.00,1.00
2014.09.05 04:19:06.466,1.12679,1.12706,1.00,1.65
2014.09.05 04:19:13.822,1.12678,1.12706,1.00,2.02
2014.09.05 04:19:15.928,1.12679,1.12706,1.00,1.50
2014.09.05 04:19:16.438,1.12678,1.12706,1.00,1.50
2014.09.05 04:19:19.197,1.12677,1.12706,1.50,1.50
2014.09.05 04:19:24.173,1.12677,1.12705,1.50,1.00
2014.09.05 04:19:25.395,1.12678,1.12705,1.00,1.00
2014.09.05 04:19:26.787,1.12677,1.12705,2.25,1.00
2014.09.05 04:19:27.323,1.12678,1.12705,1.00,1.00
2014.09.05 04:19:27.475,1.12678,1.12707,1.50,1.12
2014.09.05 04:19:27.576,1.1268,1.12707,1.00,1.87
2014.09.05 04:19:27.929,1.12678,1.12707,1.00,1.50
2014.09.05 04:19:28.476,1.12678,1.12707,1.50,1.57
2014.09.05 04:19:30.636,1.12677,1.12707,1.00,1.57
2014.09.05 04:19:31.575,1.12678,1.12707,1.00,1.57
2014.09.05 04:19:32.297,1.12677,1.12707,1.00,1.57
2014.09.05 04:19:32.838,1.12678,1.12707,1.50,1.57
2014.09.05 04:19:33.386,1.12678,1.12705,1.50,1.00
2014.09.05 04:19:41.525,1.12677,1.12705,1.50,1.00
2014.09.05 04:19:42.472,1.12678,1.12705,1.00,1.00
2014.09.05 04:19:53.538,1.12678,1.12701,1.50,1.00
2014.09.05 04:19:53.841,1.12678,1.12699,1.00,1.50
2014.09.05 04:19:54.150,1.12678,1.12701,1.00,1.00
2014.09.05 04:20:02.867,1.12679,1.12701,1.00,1.00
2014.09.05 04:20:04.332,1.1268,1.12701,1.00,1.00
2014.09.05 04:20:05.640,1.12678,1.12701,1.57,1.00
2014.09.05 04:20:06.093,1.12683,1.12701,1.00,1.00
2014.09.05 04:20:06.699,1.12682,1.12701,1.00,1.00
2014.09.05 04:20:12.359,1.12678,1.12701,1.00,1.50
2014.09.05 04:20:12.561,1.12684,1.12701,1.00,1.00
2014.09.05 04:20:12.865,1.12684,1.12705,1.00,1.00
2014.09.05 04:20:12.966,1.12682,1.12705,1.10,1.00
2014.09.05 04:20:13.069,1.12684,1.12708,1.00,1.50
2014.09.05 04:20:13.423,1.12681,1.12704,1.07,1.00
2014.09.05 04:20:14.578,1.12681,1.127,1.07,1.00
2014.09.05 04:20:14.680,1.12681,1.12704,1.00,2.25
2014.09.05 04:20:14.731,1.12678,1.12701,1.50,1.00
2014.09.05 04:20:15.035,1.12684,1.12704,1.00,1.00
2014.09.05 04:20:15.288,1.12684,1.12707,1.50,1.00
2014.09.05 04:20:15.793,1.12685,1.12707,1.00,1.00
2014.09.05 04:20:19.730,1.12684,1.12707,1.50,1.00
2014.09.05 04:20:42.443,1.12687,1.12707,1.00,1.00
2014.09.05 04:20:42.493,1.12687,1.12709,1.00,1.00
2014.09.05 04:20:42.998,1.12687,1.1271,1.00,1.00
2014.09.05 04:20:47.602,1.12689,1.1271,1.00,1.00
2014.09.05 04:20:47.703,1.12692,1.12717,1.00,1.00
2014.09.05 04:20:47.906,1.12692,1.12715,1.00,1.00
2014.09.05 04:20:48.209,1.1269,1.12713,1.00,1.00
2014.09.05 04:20:48.663,1.1269,1.12711,1.00,1.00
2014.09.05 04:20:48.866,1.1269,1.12713,1.00,1.00
2014.09.05 04:20:49.169,1.12692,1.12717,1.00,1.10
2014.09.05 04:20:49.321,1.12692,1.12714,1.00,1.00
2014.09.05 04:20:49.574,1.12689,1.12714,1.00,1.50
2014.09.05 04:20:50.080,1.12689,1.12711,1.00,1.00
2014.09.05 04:20:55.342,1.12689,1.1271,1.10,1.00
2014.09.05 04:21:03.175,1.12689,1.12714,1.00,1.00
2014.09.05 04:21:04.576,1.12696,1.12714,1.00,1.00
2014.09.05 04:21:04.879,1.12698,1.12714,1.00,1.00
2014.09.05 04:21:05.373,1.12695,1.12714,1.00,1.00
2014.09.05 04:21:05.424,1.12695,1.12716,1.00,1.00
2014.09.05 04:21:05.929,1.12696,1.12717,1.00,1.00
2014.09.05 04:21:06.081,1.12697,1.1272,1.00,1.00
2014.09.05 04:21:06.586,1.12697,1.1272,1.65,1.00
2014.09.05 04:21:06.691,1.127,1.12725,1.00,1.00
2014.09.05 04:21:08.916,1.127,1.12725,1.00,1.17
2014.09.05 04:21:08.967,1.12696,1.12721,2.25,1.00
2014.09.05 04:21:10.917,1.127,1.12725,1.00,1.00
2014.09.05 04:21:16.838,1.127,1.12725,1.00,1.17
2014.09.05 04:21:17.780,1.127,1.12725,1.00,1.00
2014.09.05 04:21:20.874,1.127,1.12725,1.00,1.75
2014.09.05 04:21:25.994,1.127,1.12725,1.00,1.50
2014.09.05 04:21:26.146,1.12701,1.12725,1.50,1.37
2014.09.05 04:21:26.652,1.127,1.12725,1.00,1.37
2014.09.05 04:21:26.967,1.127,1.12725,1.00,1.12
2014.09.05 04:21:27.069,1.127,1.12725,1.00,1.37
2014.09.05 04:21:30.603,1.127,1.12725,1.00,1.37
2014.09.05 04:21:31.303,1.127,1.12725,1.00,1.50
2014.09.05 04:21:32.584,1.127,1.12725,1.00,1.37
2014.09.05 04:21:32.686,1.127,1.12725,1.00,1.12
2014.09.05 04:21:33.209,1.127,1.12725,1.00,1.37
2014.09.05 04:21:33.361,1.12697,1.1272,1.50,1.00
2014.09.05 04:21:34.265,1.127,1.12723,1.00,1.00
2014.09.05 04:21:50.215,1.12703,1.12728,1.00,1.00
2014.09.05 04:21:50.518,1.127,1.12725,1.00,1.00
2014.09.05 04:21:56.631,1.12702,1.12725,1.00,1.00
2014.09.05 04:21:56.935,1.12705,1.12728,1.00,1.00
2014.09.05 04:22:04.322,1.12709,1.12732,1.00,1.00
2014.09.05 04:22:06.914,1.12712,1.12735,1.00,1.00
2014.09.05 04:22:12.555,1.12712,1.12729,1.00,1.00
2014.09.05 04:22:12.759,1.12708,1.12729,1.00,1.00
2014.09.05 04:22:12.911,1.12708,1.12731,1.00,1.00
2014.09.05 04:22:12.962,1.12711,1.12734,1.00,1.10
2014.09.05 04:22:13.064,1.12711,1.12736,1.00,1.00
2014.09.05 04:22:13.622,1.12713,1.12736,1.00,1.00
2014.09.05 04:22:13.723,1.12716,1.12741,1.00,2.62
2014.09.05 04:22:14.915,1.12716,1.12738,1.00,1.00
2014.09.05 04:22:17.656,1.12716,1.12739,1.00,1.00
2014.09.05 04:22:18.054,1.12716,1.12737,1.00,1.00
2014.09.05 04:22:18.596,1.12716,1.12738,1.00,1.00
2014.09.05 04:22:24.659,1.12716,1.12737,1.00,1.00
2014.09.05 04:22:24.862,1.1271,1.12734,1.00,1.87
2014.09.05 04:22:25.368,1.12709,1.12733,1.00,1.00
2014.09.05 04:22:25.909,1.12709,1.12734,1.00,1.87
2014.09.05 04:23:07.294,1.12709,1.12734,1.00,1.37
2014.09.05 04:23:07.803,1.12709,1.12734,1.00,1.00
2014.09.05 04:23:15.133,1.12712,1.12735,1.00,1.12
2014.09.05 04:23:17.312,1.12712,1.12735,1.00,1.37
2014.09.05 04:23:20.815,1.12712,1.12735,1.00,1.50
2014.09.05 04:23:22.241,1.12712,1.12735,1.00,1.12
2014.09.05 04:23:22.619,1.12712,1.12735,1.00,1.37
2014.09.05 04:23:22.721,1.12712,1.12735,1.00,1.12
2014.09.05 04:23:23.233,1.12712,1.12735,1.00,1.37
2014.09.05 04:23:25.541,1.12712,1.12735,1.00,2.25
2014.09.05 04:23:25.593,1.12708,1.12733,1.10,1.37
2014.09.05 04:23:30.664,1.12708,1.12733,1.00,1.50
2014.09.05 04:23:31.069,1.12708,1.12733,1.50,1.37
2014.09.05 04:23:37.646,1.12708,1.12732,1.00,1.00
2014.09.05 04:23:37.849,1.12708,1.12732,1.00,1.37
2014.09.05 04:23:37.899,1.12706,1.12729,1.00,1.37
2014.09.05 04:23:38.001,1.12708,1.12733,1.00,2.25
2014.09.05 04:23:38.153,1.12708,1.12733,1.00,1.37
2014.09.05 04:23:51.061,1.12708,1.12733,1.00,1.37
2014.09.05 04:24:01.573,1.12708,1.12733,1.10,1.37
2014.09.05 04:24:02.826,1.12708,1.12733,1.17,1.37
2014.09.05 04:24:13.790,1.12708,1.12733,1.17,1.37
2014.09.05 04:24:17.295,1.12708,1.12733,1.17,1.00
2014.09.05 04:24:17.396,1.12713,1.12736,1.00,1.87
2014.09.05 04:24:48.612,1.12715,1.1274,1.00,1.37
2014.09.05 04:24:49.963,1.12715,1.1274,1.00,1.00
2014.09.05 04:24:58.649,1.12716,1.1274,1.00,1.00
2014.09.05 04:25:01.702,1.12715,1.1274,1.00,1.00
2014.09.05 04:25:05.984,1.12715,1.1274,1.57,1.00
2014.09.05 04:25:06.288,1.1272,1.12743,1.07,1.00
2014.09.05 04:25:06.742,1.12724,1.12749,1.00,2.25
2014.09.05 04:25:08.109,1.12725,1.12749,1.00,1.00
2014.09.05 04:25:08.412,1.12727,1.12752,1.00,1.00
2014.09.05 04:25:19.133,1.12727,1.12746,1.00,1.00
2014.09.05 04:25:19.335,1.12727,1.12748,1.00,1.00
2014.09.05 04:25:19.437,1.12725,1.12748,1.00,1.00
2014.09.05 04:26:06.940,1.12729,1.12751,1.00,1.00
2014.09.05 04:26:19.279,1.12729,1.12752,1.00,1.50
2014.09.05 04:26:21.436,1.12725,1.1275,2.40,1.00
2014.09.05 04:26:30.497,1.1273,1.12753,1.00,1.50
2014.09.05 04:26:52.080,1.1273,1.12752,1.00,1.00
2014.09.05 04:27:09.117,1.1273,1.12751,1.00,1.00
2014.09.05 04:27:12.630,1.1273,1.12752,1.00,1.00
2014.09.05 04:27:14.061,1.1273,1.12748,1.00,1.00
2014.09.05 04:27:14.642,1.1273,1.12746,1.00,1.00
2014.09.05 04:27:15.617,1.1273,1.12744,1.00,1.00
2014.09.05 04:27:18.163,1.1273,1.12745,1.00,1.00
2014.09.05 04:27:19.590,1.1273,1.12742,1.00,1.00
2014.09.05 04:27:19.641,1.12725,1.12742,1.00,1.00
2014.09.05 04:27:19.844,1.12722,1.12742,1.00,1.00
2014.09.05 04:27:26.860,1.12722,1.12745,1.00,1.00
2014.09.05 04:27:27.370,1.12722,1.12744,1.57,1.00
2014.09.05 04:27:39.461,1.12726,1.12744,1.00,1.00
2014.09.05 04:27:44.638,1.12726,1.12745,1.00,1.00
2014.09.05 04:27:45.629,1.12726,1.12749,1.00,1.00
2014.09.05 04:28:39.477,1.12722,1.12751,1.65,1.00
2014.09.05 04:28:40.958,1.12725,1.12754,1.00,1.37
2014.09.05 04:28:41.110,1.12725,1.12754,1.00,1.12
2014.09.05 04:28:41.312,1.1273,1.12754,1.00,1.00
2014.09.05 04:28:41.363,1.1273,1.12757,1.00,3.00
2014.09.05 04:28:41.464,1.1273,1.12753,1.00,1.00
2014.09.05 04:28:41.666,1.12728,1.12753,3.00,1.00
2014.09.05 04:28:41.717,1.1273,1.12753,1.00,1.00
2014.09.05 04:28:42.231,1.1273,1.12753,1.37,1.00
2014.09.05 04:28:46.087,1.1273,1.12753,1.00,1.00
2014.09.05 04:28:48.269,1.1273,1.12753,1.07,1.00
2014.09.05 04:28:48.320,1.12733,1.12756,1.00,1.00
2014.09.05 04:28:51.491,1.12731,1.12754,1.00,1.00
2014.09.05 04:28:52.048,1.12735,1.12758,1.00,1.00
2014.09.05 04:29:03.975,1.12737,1.12758,1.00,1.00
2014.09.05 04:29:04.026,1.12739,1.12762,1.00,1.00
2014.09.05 04:29:04.544,1.12739,1.12762,1.07,1.00
2014.09.05 04:29:05.153,1.12739,1.12762,1.00,1.00
2014.09.05 04:29:09.539,1.12741,1.12766,1.00,1.00
2014.09.05 04:29:11.297,1.12738,1.12762,1.00,1.00
2014.09.05 04:29:37.887,1.12737,1.12762,1.57,1.00
2014.09.05 04:29:38.447,1.12738,1.12762,1.00,1.00
2014.09.05 04:29:57.527,1.12737,1.12762,1.00,1.00
2014.09.05 04:30:04.659,1.12737,1.12762,1.07,1.00
2014.09.05 04:30:04.963,1.12741,1.12763,1.00,1.00
2014.09.05 04:30:06.560,1.12741,1.12763,1.17,1.00
2014.09.05 04:30:06.866,1.12741,1.12761,1.00,1.00
2014.09.05 04:30:09.905,1.12738,1.12761,1.00,1.50
2014.09.05 04:30:18.658,1.12738,1.1276,1.00,1.00
2014.09.05 04:30:19.181,1.12738,1.12761,1.00,1.00
2014.09.05 04:30:42.201,1.12739,1.12761,1.00,1.00
2014.09.05 04:30:42.720,1.12738,1.12761,1.00,1.00
2014.09.05 04:30:44.355,1.12741,1.12761,1.00,1.00
2014.09.05 04:30:44.456,1.12742,1.12765,1.20,1.00
2014.09.05 04:30:44.507,1.12742,1.12765,1.15,1.00
2014.09.05 04:30:44.811,1.12744,1.12758,1.00,1.00
2014.09.05 04:30:44.912,1.12737,1.12759,1.50,1.00
2014.09.05 04:30:45.643,1.12737,1.1276,1.00,1.00
2014.09.05 04:31:06.801,1.12739,1.12764,1.00,1.50
2014.09.05 04:31:08.991,1.12743,1.12766,1.00,1.50
2014.09.05 04:31:09.654,1.12743,1.12766,2.77,1.00
2014.09.05 04:31:09.907,1.12748,1.12771,1.00,1.00
2014.09.05 04:31:30.263,1.12748,1.12769,1.00,1.00
2014.09.05 04:31:38.869,1.12748,1.12771,1.00,1.00
2014.09.05 04:31:41.582,1.12748,1.1277,1.00,1.00
2014.09.05 04:31:42.093,1.12752,1.1277,1.00,1.00
2014.09.05 04:31:42.348,1.12752,1.12772,1.00,1.00
2014.09.05 04:31:47.888,1.12752,1.1277,1.00,1.00
2014.09.05 04:31:48.090,1.12752,1.12772,1.00,1.00
2014.09.05 04:31:57.748,1.12746,1.12771,1.50,1.00
2014.09.05 04:31:57.900,1.12746,1.12769,1.50,1.00
2014.09.05 04:31:58.859,1.12746,1.12771,1.00,1.00
2014.09.05 04:31:59.111,1.12746,1.12769,1.00,1.00
2014.09.05 04:32:00.929,1.1275,1.12769,1.00,1.00
2014.09.05 04:32:01.410,1.1275,1.12771,1.00,1.00
2014.09.05 04:32:03.138,1.1275,1.12773,1.00,1.50
2014.09.05 04:32:06.590,1.1275,1.12771,1.00,1.00
2014.09.05 04:32:09.078,1.1275,1.12772,1.00,1.00
2014.09.05 04:32:18.648,1.1275,1.12773,1.00,1.50
2014.09.05 04:32:33.685,1.12753,1.12774,1.00,1.00
2014.09.05 04:32:33.837,1.12753,1.12776,1.00,1.50
2014.09.05 04:32:34.241,1.12756,1.12779,1.00,1.00
2014.09.05 04:32:42.185,1.12753,1.12776,1.00,1.00
2014.09.05 04:32:54.883,1.12753,1.12774,1.00,1.00
2014.09.05 04:32:55.086,1.12753,1.12776,1.00,1.20
2014.09.05 04:32:56.825,1.12753,1.1277,1.00,1.00
2014.09.05 04:32:57.584,1.12749,1.1277,1.00,1.00
2014.09.05 04:32:59.813,1.12749,1.12774,1.00,1.00
2014.09.05 04:33:19.798,1.12749,1.12773,1.00,1.00
2014.09.05 04:33:25.284,1.12749,1.12774,1.00,3.00
2014.09.05 04:33:28.639,1.12749,1.12773,1.00,1.00
2014.09.05 04:33:30.985,1.12746,1.12771,1.00,1.00
2014.09.05 04:34:17.485,1.12746,1.12767,1.00,1.50
2014.09.05 04:34:17.537,1.12743,1.12766,1.00,1.10
2014.09.05 04:34:17.588,1.12743,1.12764,1.00,1.50
2014.09.05 04:34:17.891,1.12737,1.1275,1.00,1.00
2014.09.05 04:34:17.994,1.12728,1.1275,1.50,1.27
2014.09.05 04:34:18.145,1.12728,1.12751,1.50,1.50
2014.09.05 04:34:18.196,1.12727,1.12746,1.00,1.00
2014.09.05 04:34:18.398,1.12728,1.1275,1.00,1.00
2014.09.05 04:34:18.500,1.12725,1.1275,1.00,1.00
2014.09.05 04:34:18.752,1.12723,1.12746,1.00,1.00
2014.09.05 04:34:19.507,1.12719,1.12743,1.00,1.00
2014.09.05 04:34:22.157,1.12722,1.12747,1.00,1.00
2014.09.05 04:34:25.148,1.12722,1.12747,1.00,2.40
2014.09.05 04:34:25.249,1.12719,1.12742,1.00,1.00
2014.09.05 04:34:25.868,1.12716,1.12739,1.00,1.00
2014.09.05 04:34:36.003,1.12719,1.12744,1.00,1.00
2014.09.05 04:35:33.669,1.12717,1.1274,1.00,1.00
2014.09.05 04:36:27.309,1.12714,1.12737,1.00,1.00
2014.09.05 04:36:27.876,1.12713,1.12737,1.00,1.00
2014.09.05 04:36:28.180,1.12713,1.12732,1.00,1.00
2014.09.05 04:36:48.796,1.12711,1.12732,1.00,1.00
2014.09.05 04:36:49.307,1.1271,1.12732,2.25,1.00
2014.09.05 04:36:49.894,1.12713,1.12732,1.00,1.00
2014.09.05 04:36:58.555,1.12713,1.12737,1.00,1.00
2014.09.05 04:36:59.341,1.12713,1.12737,1.00,1.07
2014.09.05 04:36:59.544,1.12713,1.12733,1.00,1.00
2014.09.05 04:37:00.103,1.12716,1.12733,1.00,1.00
2014.09.05 04:37:00.306,1.12712,1.12733,1.00,1.00
2014.09.05 04:37:01.648,1.12716,1.12733,1.00,1.00
2014.09.05 04:37:04.618,1.12717,1.12733,1.00,1.00
2014.09.05 04:37:05.125,1.12718,1.12733,1.00,1.00
2014.09.05 04:37:05.177,1.12716,1.12733,1.87,1.00
2014.09.05 04:37:05.278,1.12716,1.12739,1.50,1.00
2014.09.05 04:37:05.381,1.12724,1.12739,1.00,1.00
2014.09.05 04:37:05.685,1.12729,1.12739,1.00,1.00
2014.09.05 04:37:05.838,1.12727,1.12742,1.00,1.00
2014.09.05 04:37:06.044,1.12727,1.12745,1.00,1.50
2014.09.05 04:37:06.606,1.12725,1.12745,1.00,1.20
2014.09.05 04:37:06.809,1.12725,1.12743,1.00,1.00
2014.09.05 04:37:08.156,1.1273,1.12743,1.00,1.00
2014.09.05 04:37:08.373,1.12728,1.12743,1.00,1.00
2014.09.05 04:37:09.140,1.12723,1.12743,1.00,1.00
2014.09.05 04:37:09.242,1.1272,1.12743,1.00,1.00
2014.09.05 04:37:09.344,1.12718,1.12743,1.50,1.00
2014.09.05 04:37:10.106,1.12718,1.1274,1.00,1.00
2014.09.05 04:37:10.309,1.12716,1.1274,2.25,1.00
2014.09.05 04:37:11.524,1.12715,1.1274,1.00,1.10
2014.09.05 04:37:11.575,1.12714,1.12736,1.50,1.00
2014.09.05 04:37:26.973,1.12715,1.12738,1.00,1.00
2014.09.05 04:37:30.953,1.12716,1.12738,1.00,1.00
2014.09.05 04:37:33.792,1.12717,1.12738,1.00,1.00
2014.09.05 04:37:36.938,1.12719,1.12742,1.00,1.00
2014.09.05 04:37:42.755,1.1272,1.12742,1.00,1.00
2014.09.05 04:37:42.857,1.12722,1.12745,1.00,1.00
2014.09.05 04:37:55.341,1.12723,1.12745,1.00,1.00
2014.09.05 04:37:55.645,1.12725,1.12745,1.00,1.00
2014.09.05 04:37:55.797,1.12725,1.12748,1.50,1.00
2014.09.05 04:37:56.658,1.1272,1.12744,1.50,1.00
2014.09.05 04:38:04.870,1.12719,1.12744,1.50,1.00
2014.09.05 04:38:17.683,1.12723,1.12748,1.00,2.25
2014.09.05 04:38:19.097,1.12723,1.12747,1.00,1.00
2014.09.05 04:38:19.611,1.12723,1.12748,1.00,1.20
2014.09.05 04:38:22.414,1.12727,1.1275,1.00,1.50
2014.09.05 04:38:40.202,1.1273,1.12753,1.00,1.50
2014.09.05 04:38:40.738,1.1273,1.12752,1.00,1.00
2014.09.05 04:38:41.248,1.1273,1.12753,1.00,1.00
2014.09.05 04:38:46.253,1.12732,1.12757,1.00,1.00
2014.09.05 04:38:53.205,1.12733,1.12757,1.00,1.00
2014.09.05 04:38:54.602,1.12732,1.12757,2.32,1.00
2014.09.05 04:38:56.144,1.12733,1.12757,1.00,1.00
2014.09.05 04:38:56.661,1.12732,1.12757,1.50,1.00
2014.09.05 04:38:59.272,1.12734,1.12757,1.00,1.00
2014.09.05 04:39:00.369,1.12732,1.12757,1.50,1.00
2014.09.05 04:39:00.878,1.12735,1.1276,1.00,1.00
2014.09.05 04:39:02.044,1.12736,1.1276,1.00,1.00
2014.09.05 04:39:02.349,1.12735,1.12758,1.00,1.00
2014.09.05 04:39:03.655,1.12735,1.1276,1.00,1.50
2014.09.05 04:39:03.958,1.12733,1.12756,1.00,1.00
2014.09.05 04:39:13.192,1.12735,1.12756,1.00,1.00
2014.09.05 04:39:13.445,1.12733,1.12756,1.00,1.00
2014.09.05 04:39:26.951,1.12729,1.12754,1.00,1.00
2014.09.05 04:39:27.818,1.12728,1.12751,1.00,1.00
2014.09.05 04:39:34.209,1.12724,1.12747,1.00,1.00
2014.09.05 04:39:37.927,1.1272,1.12743,1.50,1.00
2014.09.05 04:39:38.230,1.12723,1.12746,1.00,1.00
2014.09.05 04:39:42.919,1.12726,1.12749,1.00,1.50
2014.09.05 04:39:43.844,1.12726,1.12748,1.00,1.00
2014.09.05 04:39:44.097,1.12723,1.12746,1.00,1.00
2014.09.05 04:39:44.603,1.12723,1.12745,1.00,1.00
2014.09.05 04:39:46.735,1.12723,1.12743,1.00,1.00
2014.09.05 04:39:52.850,1.12723,1.12744,1.00,1.00
2014.09.05 04:39:53.917,1.12719,1.12742,1.00,1.00
2014.09.05 04:40:02.113,1.12719,1.1274,1.00,1.00
2014.09.05 04:40:02.316,1.12719,1.12742,1.00,1.00
2014.09.05 04:40:03.601,1.12716,1.12739,1.00,1.00
2014.09.05 04:40:39.547,1.12716,1.12731,1.00,1.00
2014.09.05 04:40:39.649,1.12712,1.12733,1.00,1.00
2014.09.05 04:40:39.750,1.1271,1.12731,1.00,1.00
2014.09.05 04:40:40.053,1.12712,1.12728,1.00,1.00
2014.09.05 04:40:40.104,1.12712,1.12732,1.00,1.00
2014.09.05 04:40:40.155,1.12709,1.12732,1.50,1.50
2014.09.05 04:40:40.256,1.12709,1.12729,1.00,1.00
2014.09.05 04:40:40.408,1.12705,1.12728,1.00,1.10
2014.09.05 04:40:40.661,1.12702,1.12724,1.00,1.00
2014.09.05 04:40:40.762,1.127,1.12724,1.00,1.00
2014.09.05 04:40:41.276,1.12699,1.12724,1.00,1.00
2014.09.05 04:40:43.259,1.12699,1.12722,1.00,1.00
2014.09.05 04:40:43.853,1.12699,1.12724,1.00,1.00
2014.09.05 04:40:44.061,1.12699,1.12722,1.00,1.00
2014.09.05 04:40:45.380,1.12699,1.12724,1.00,1.50
2014.09.05 04:40:46.014,1.12695,1.1272,1.50,1.00
2014.09.05 04:40:57.591,1.12695,1.12719,1.00,1.00
2014.09.05 04:40:57.894,1.1269,1.12713,1.50,1.00
2014.09.05 04:41:06.110,1.12691,1.12713,1.00,1.00
2014.09.05 04:41:14.414,1.12693,1.12716,1.00,1.00
2014.09.05 04:41:20.668,1.1269,1.12712,1.00,1.00
2014.09.05 04:41:21.193,1.12689,1.12712,1.00,1.00
2014.09.05 04:41:21.498,1.12696,1.12719,1.00,1.00
2014.09.05 04:41:21.801,1.1269,1.12713,1.00,1.00
2014.09.05 04:41:22.105,1.12694,1.12713,1.00,1.00
2014.09.05 04:41:22.408,1.1269,1.12713,1.00,1.00
2014.09.05 04:42:03.678,1.12694,1.12719,1.00,1.17
2014.09.05 04:42:21.555,1.12694,1.12719,1.00,1.00
2014.09.05 04:42:32.862,1.127,1.12722,1.00,1.00
2014.09.05 04:42:50.469,1.127,1.12723,1.00,1.10
2014.09.05 04:43:04.161,1.127,1.12721,1.00,1.00
2014.09.05 04:43:04.364,1.127,1.12723,1.00,1.50
2014.09.05 04:43:05.072,1.12703,1.12725,1.00,1.00
2014.09.05 04:43:05.376,1.12706,1.12727,1.00,1.00
2014.09.05 04:43:05.579,1.12706,1.12729,1.00,1.00
2014.09.05 04:43:06.084,1.12706,1.1273,1.00,1.50
2014.09.05 04:43:08.914,1.12706,1.12729,1.00,1.00
2014.09.05 04:43:12.384,1.12706,1.12727,1.00,1.00
2014.09.05 04:43:12.435,1.12703,1.12726,1.00,1.50
2014.09.05 04:44:02.186,1.12706,1.12729,1.00,1.00
2014.09.05 04:44:04.677,1.12708,1.12733,1.00,1.00
2014.09.05 04:44:23.524,1.12704,1.12729,1.00,1.00
2014.09.05 04:44:41.073,1.12707,1.12729,1.00,1.00
2014.09.05 04:44:54.610,1.12709,1.12732,1.00,1.00
2014.09.05 04:45:00.162,1.1271,1.12732,1.00,1.00
2014.09.05 04:45:00.669,1.12709,1.12732,1.00,1.00
2014.09.05 04:45:03.452,1.12712,1.12736,1.00,1.00
2014.09.05 04:45:04.532,1.12715,1.12739,1.00,1.37
2014.09.05 04:45:09.611,1.12715,1.12738,1.00,1.37
2014.09.05 04:45:12.190,1.12715,1.1274,1.00,1.00
2014.09.05 04:45:13.204,1.12713,1.12736,1.50,1.00
2014.09.05 04:45:14.411,1.12713,1.12736,1.00,1.37
2014.09.05 04:45:22.131,1.12713,1.12736,1.00,3.07
2014.09.05 04:45:22.440,1.12713,1.12736,1.00,3.07
2014.09.05 04:45:22.592,1.1271,1.12733,1.00,1.37
2014.09.05 04:45:22.845,1.1271,1.12733,1.00,1.37
2014.09.05 04:45:23.388,1.1271,1.12733,1.00,1.12
2014.09.05 04:45:34.357,1.1271,1.12733,1.00,1.37
2014.09.05 04:45:36.191,1.1271,1.12733,1.00,1.00
2014.09.05 04:45:36.256,1.1271,1.12733,1.00,1.37
2014.09.05 04:45:36.357,1.12705,1.1273,1.00,1.37
2014.09.05 04:45:37.747,1.12705,1.1273,1.00,1.37
2014.09.05 04:45:56.916,1.12705,1.1273,1.00,1.37
2014.09.05 04:46:06.712,1.12705,1.1273,1.00,1.37
2014.09.05 04:46:07.041,1.12705,1.1273,1.17,1.37
2014.09.05 04:46:08.701,1.12705,1.1273,1.00,1.37
2014.09.05 04:46:12.826,1.12705,1.1273,1.50,1.50
2014.09.05 04:46:14.769,1.12705,1.1273,1.00,1.37
2014.09.05 04:46:19.000,1.12705,1.1273,1.57,1.37
2014.09.05 04:46:19.544,1.12708,1.1273,1.00,1.37
2014.09.05 04:46:21.337,1.12706,1.1273,1.17,1.37
2014.09.05 04:46:26.818,1.12709,1.12732,1.00,1.37
2014.09.05 04:46:28.879,1.12709,1.12732,1.00,1.37
2014.09.05 04:46:30.930,1.12709,1.12732,1.50,1.00
2014.09.05 04:46:32.153,1.12709,1.12732,1.50,1.37
2014.09.05 04:46:32.712,1.12709,1.12732,1.50,1.12
2014.09.05 04:46:35.265,1.12709,1.12732,1.17,1.12
2014.09.05 04:46:35.371,1.12713,1.12736,1.00,1.37
2014.09.05 04:46:35.422,1.12713,1.12736,1.00,1.37
2014.09.05 04:46:39.138,1.12713,1.12736,1.00,1.00
2014.09.05 04:46:39.240,1.12716,1.12739,1.00,1.87
2014.09.05 04:46:45.137,1.12716,1.12739,1.00,1.37
2014.09.05 04:46:47.568,1.12716,1.12739,1.00,1.37
2014.09.05 04:46:48.079,1.12716,1.12739,1.00,1.00
2014.09.05 04:46:51.103,1.12716,1.12739,1.00,1.37
2014.09.05 04:46:52.238,1.12716,1.12739,1.00,1.37
2014.09.05 04:46:57.411,1.12712,1.12735,1.00,1.00
2014.09.05 04:46:57.926,1.12712,1.12734,1.00,1.00
2014.09.05 04:46:59.275,1.12707,1.1273,1.00,1.00
2014.09.05 04:47:02.832,1.12707,1.1273,1.00,1.37
2014.09.05 04:47:03.136,1.1271,1.12733,1.00,1.50
2014.09.05 04:47:05.467,1.1271,1.12733,1.00,1.37
2014.09.05 04:47:16.089,1.12703,1.12726,1.57,1.00
2014.09.05 04:47:17.439,1.12703,1.12726,1.65,1.00
2014.09.05 04:47:21.678,1.12704,1.12726,1.15,1.00
2014.09.05 04:47:22.588,1.12707,1.12726,1.00,1.00
2014.09.05 04:47:23.094,1.12704,1.12726,1.15,1.00
2014.09.05 04:47:23.613,1.12704,1.12726,1.07,1.00
2014.09.05 04:47:24.164,1.12704,1.12726,1.00,1.00
2014.09.05 04:47:27.661,1.12704,1.12726,1.07,1.00
2014.09.05 04:47:37.233,1.12703,1.12726,2.40,1.00
2014.09.05 04:47:37.283,1.12703,1.12726,2.40,1.00
2014.09.05 04:47:41.147,1.12704,1.12726,1.00,1.00
2014.09.05 04:47:41.300,1.12708,1.12726,1.00,1.00
2014.09.05 04:47:42.008,1.1271,1.12726,1.00,1.00
2014.09.05 04:47:45.112,1.1271,1.12731,1.00,1.00
2014.09.05 04:47:45.264,1.1271,1.12733,1.50,1.50
2014.09.05 04:47:45.799,1.12711,1.12733,1.00,1.00
2014.09.05 04:47:47.996,1.12713,1.12733,1.00,1.50
2014.09.05 04:47:48.300,1.12724,1.1274,1.00,1.00
2014.09.05 04:47:48.805,1.12724,1.1274,1.00,1.17
2014.09.05 04:47:51.820,1.12721,1.1274,1.00,1.17
2014.09.05 04:47:53.781,1.12721,1.12742,1.00,1.17
2014.09.05 04:48:04.770,1.12721,1.12744,1.00,1.65
2014.09.05 04:48:05.276,1.12721,1.12743,1.00,1.15
2014.09.05 04:48:05.681,1.12726,1.12744,1.00,1.57
2014.09.05 04:48:05.733,1.12726,1.12744,1.00,1.50
2014.09.05 04:48:06.764,1.12726,1.12746,1.00,1.17
2014.09.05 04:48:21.321,1.12726,1.12744,1.00,1.00
2014.09.05 04:48:22.073,1.12726,1.12743,1.00,1.00
2014.09.05 04:48:22.652,1.12726,1.12744,1.00,1.20
2014.09.05 04:48:28.619,1.12726,1.12745,1.00,1.57
2014.09.05 04:48:28.822,1.12726,1.12745,1.00,1.57
2014.09.05 04:48:29.327,1.12726,1.12743,1.00,1.00
2014.09.05 04:48:29.429,1.12726,1.12745,1.00,2.32
2014.09.05 04:48:30.136,1.12726,1.12745,1.00,1.65
2014.09.05 04:48:34.219,1.12726,1.12745,1.00,1.50
2014.09.05 04:48:34.732,1.12726,1.12747,1.00,1.17
2014.09.05 04:48:45.532,1.12726,1.12745,1.00,1.00
2014.09.05 04:48:45.582,1.12726,1.12745,1.00,1.15
2014.09.05 04:48:47.274,1.12726,1.12745,1.00,1.00
2014.09.05 04:48:51.975,1.12726,1.12746,1.00,1.00
2014.09.05 04:48:52.241,1.1273,1.12746,1.00,1.00
2014.09.05 04:48:53.307,1.1273,1.12748,1.00,1.50
2014.09.05 04:48:54.422,1.1273,1.1275,1.00,1.00
2014.09.05 04:48:54.776,1.12734,1.12751,1.00,1.00
2014.09.05 04:48:55.645,1.12734,1.12752,1.00,1.65
2014.09.05 04:48:59.681,1.12734,1.12755,1.00,1.57
2014.09.05 04:49:00.771,1.12734,1.12755,1.00,1.65
2014.09.05 04:49:01.280,1.12734,1.12755,1.00,1.65
2014.09.05 04:49:02.827,1.12734,1.12756,1.00,1.17
2014.09.05 04:49:02.878,1.12734,1.12756,1.00,1.15
2014.09.05 04:49:04.199,1.12734,1.12756,1.00,1.07
2014.09.05 04:49:04.861,1.12738,1.12756,1.00,1.07
2014.09.05 04:49:04.912,1.12738,1.12758,1.00,1.55
2014.09.05 04:49:05.164,1.12738,1.12754,1.00,1.00
2014.09.05 04:49:06.206,1.12738,1.12752,1.00,1.35
2014.09.05 04:49:07.726,1.12735,1.1275,1.00,1.10
2014.09.05 04:49:07.878,1.12731,1.1275,1.00,1.10
2014.09.05 04:49:07.929,1.12731,1.1275,1.00,1.15
2014.09.05 04:49:08.084,1.12729,1.1275,1.00,1.15
2014.09.05 04:49:09.019,1.12729,1.1275,1.00,1.57
2014.09.05 04:49:14.130,1.12729,1.12752,1.00,1.37
2014.09.05 04:49:14.708,1.12729,1.12752,1.00,1.12
2014.09.05 04:49:15.464,1.12729,1.12752,1.00,1.37
2014.09.05 04:49:16.022,1.12729,1.12752,1.00,1.00
2014.09.05 04:49:16.328,1.12732,1.12754,1.00,1.45
2014.09.05 04:49:18.857,1.12732,1.12752,1.00,1.00
2014.09.05 04:49:20.931,1.12732,1.12754,1.00,1.45
2014.09.05 04:49:21.640,1.12732,1.12754,1.00,1.52
2014.09.05 04:49:32.170,1.12732,1.12753,1.00,2.32
2014.09.05 04:49:39.900,1.12732,1.12752,1.00,1.00
2014.09.05 04:49:41.034,1.12732,1.12753,1.00,1.10
2014.09.05 04:49:46.580,1.12732,1.12751,1.00,1.17
2014.09.05 04:49:47.562,1.12732,1.12751,1.00,1.10
2014.09.05 04:49:52.894,1.12732,1.1275,1.00,1.00
2014.09.05 04:49:55.492,1.12732,1.1275,1.00,1.15
2014.09.05 04:49:57.495,1.12732,1.1275,1.00,1.00
2014.09.05 04:50:04.180,1.12732,1.12751,1.00,1.00
2014.09.05 04:50:04.587,1.12732,1.12754,1.00,1.00
2014.09.05 04:50:04.638,1.12736,1.12754,1.00,1.00
2014.09.05 04:50:05.249,1.12736,1.12755,1.00,1.12
2014.09.05 04:50:06.686,1.12736,1.12755,1.00,1.07
2014.09.05 04:50:06.939,1.12732,1.12752,1.00,1.15
2014.09.05 04:50:17.837,1.12732,1.12751,1.00,1.00
2014.09.05 04:50:23.046,1.12732,1.12751,1.00,1.15
2014.09.05 04:50:27.769,1.12732,1.12751,1.00,1.00
2014.09.05 04:50:28.630,1.12732,1.12753,1.00,1.65
2014.09.05 04:50:48.226,1.12732,1.12754,1.00,1.65
2014.09.05 04:50:50.029,1.12732,1.1275,1.00,1.15
2014.09.05 04:50:54.351,1.12732,1.1275,1.00,1.55
2014.09.05 04:50:56.334,1.12732,1.1275,1.00,1.15
2014.09.05 04:51:06.375,1.12732,1.12749,1.00,1.57
2014.09.05 04:51:06.987,1.12724,1.12749,1.00,1.57
2014.09.05 04:51:07.550,1.12724,1.12749,1.00,1.65
2014.09.05 04:51:08.193,1.12723,1.12749,1.00,1.65
2014.09.05 04:51:17.116,1.12724,1.12749,1.00,1.65
2014.09.05 04:51:18.394,1.12723,1.12749,1.00,1.65
2014.09.05 04:51:19.415,1.12725,1.12747,1.00,1.07
2014.09.05 04:51:19.920,1.12726,1.12751,1.00,1.27
2014.09.05 04:51:21.500,1.12726,1.12751,1.00,1.20
2014.09.05 04:51:21.853,1.12724,1.12751,1.00,1.20
2014.09.05 04:51:29.266,1.12724,1.12751,1.00,1.27
2014.09.05 04:51:35.262,1.12724,1.12751,1.00,1.27
2014.09.05 04:51:35.575,1.12724,1.1275,1.00,1.15
2014.09.05 04:51:46.915,1.12721,1.12746,2.25,1.57
2014.09.05 04:51:46.966,1.12729,1.12745,1.00,1.10
2014.09.05 04:51:47.270,1.12725,1.12741,1.00,1.07
2014.09.05 04:51:47.776,1.12725,1.12741,1.00,1.15
2014.09.05 04:51:48.284,1.12725,1.12741,1.00,1.17
2014.09.05 04:51:51.439,1.12716,1.12739,1.00,1.00
2014.09.05 04:51:51.540,1.12713,1.12737,1.00,1.00
2014.09.05 04:52:02.864,1.12715,1.12737,1.00,1.00
2014.09.05 04:52:24.558,1.12716,1.12741,1.00,2.25
2014.09.05 04:52:24.660,1.1273,1.12741,1.00,1.50
2014.09.05 04:52:24.964,1.12735,1.12742,1.00,1.00
2014.09.05 04:52:25.936,1.12735,1.12743,1.00,1.00
2014.09.05 04:52:25.987,1.12735,1.12747,1.00,1.00
2014.09.05 04:52:26.502,1.12738,1.12747,1.00,1.00
2014.09.05 04:52:26.554,1.12738,1.12751,1.00,1.57
2014.09.05 04:52:26.655,1.12738,1.12747,1.00,1.00
2014.09.05 04:52:27.916,1.12738,1.12752,1.00,1.95
2014.09.05 04:52:27.967,1.12742,1.12752,1.00,1.95
2014.09.05 04:52:28.511,1.12742,1.12753,1.00,1.47
2014.09.05 04:52:28.845,1.12742,1.1275,1.00,1.00
2014.09.05 04:52:29.557,1.12742,1.12753,1.00,1.47
2014.09.05 04:52:31.419,1.12742,1.12749,1.00,1.00
2014.09.05 04:52:31.850,1.12742,1.12753,1.00,1.47
2014.09.05 04:52:31.903,1.12742,1.1275,1.00,1.00
2014.09.05 04:52:32.407,1.12742,1.12749,1.00,1.00
2014.09.05 04:52:37.645,1.12742,1.12748,1.00,1.00
2014.09.05 04:52:40.172,1.12742,1.12753,1.00,1.47
2014.09.05 04:52:40.678,1.12742,1.12753,1.00,1.10
2014.09.05 04:52:41.404,1.12742,1.12751,1.00,1.00
2014.09.05 04:52:41.748,1.12742,1.12749,1.00,1.00
2014.09.05 04:52:45.861,1.12742,1.12753,1.00,1.10
2014.09.05 04:52:46.234,1.12742,1.1275,1.00,1.00
2014.09.05 04:52:46.537,1.12742,1.12748,1.00,1.00
2014.09.05 04:52:47.262,1.12742,1.12753,1.00,1.95
2014.09.05 04:52:48.166,1.12742,1.12749,1.00,1.00
2014.09.05 04:52:50.184,1.12742,1.12751,1.00,1.12
2014.09.05 04:52:50.285,1.12742,1.12748,1.00,1.00
2014.09.05 04:52:52.354,1.12742,1.1275,1.00,1.00
2014.09.05 04:52:52.607,1.12742,1.12753,1.00,2.70
2014.09.05 04:52:53.422,1.12742,1.12749,1.00,1.00
2014.09.05 04:52:54.195,1.12742,1.12751,1.00,1.37
2014.09.05 04:52:54.523,1.12742,1.12748,1.00,1.00
2014.09.05 04:52:55.165,1.12742,1.12747,1.00,1.00
2014.09.05 04:52:55.266,1.12742,1.12749,1.00,1.00
2014.09.05 04:52:55.367,1.12731,1.12745,1.00,1.00
2014.09.05 04:52:56.176,1.12739,1.12747,1.00,1.00
2014.09.05 04:52:56.328,1.12738,1.12746,1.00,1.00
2014.09.05 04:52:56.480,1.12738,1.12748,1.00,1.00
2014.09.05 04:52:56.531,1.12734,1.12748,1.00,1.00
2014.09.05 04:52:56.683,1.12722,1.12745,1.00,1.00
2014.09.05 04:52:58.426,1.12728,1.12747,1.00,1.50
2014.09.05 04:52:59.184,1.12728,1.1275,1.00,1.87
2014.09.05 04:52:59.285,1.12732,1.1275,1.00,1.87
2014.09.05 04:52:59.517,1.12732,1.12752,1.00,1.87
2014.09.05 04:52:59.821,1.12732,1.12754,1.00,1.00
2014.09.05 04:52:59.871,1.12734,1.12754,1.00,1.00
2014.09.05 04:53:00.376,1.12734,1.12754,1.00,1.37
2014.09.05 04:53:04.113,1.12734,1.12754,1.00,1.00
2014.09.05 04:53:05.853,1.12734,1.12752,1.00,1.00
2014.09.05 04:53:06.427,1.12734,1.12751,1.00,1.00
2014.09.05 04:53:26.552,1.12734,1.1275,1.00,1.00
2014.09.05 04:53:35.447,1.12734,1.12748,1.00,1.00
2014.09.05 04:53:55.687,1.12734,1.12753,1.00,1.27
2014.09.05 04:53:55.789,1.12734,1.12753,1.00,1.00
2014.09.05 04:53:59.873,1.12727,1.12753,1.00,1.00
2014.09.05 04:54:03.649,1.12727,1.12753,1.17,1.00
2014.09.05 04:54:03.952,1.12739,1.12756,1.00,1.00
2014.09.05 04:54:04.925,1.12739,1.1276,1.00,1.12
2014.09.05 04:54:04.976,1.12742,1.1276,1.00,1.12
2014.09.05 04:54:05.280,1.12742,1.12756,1.00,1.50
2014.09.05 04:54:07.722,1.12739,1.12756,1.00,1.87
2014.09.05 04:54:09.515,1.12739,1.12752,1.00,1.00
2014.09.05 04:54:10.526,1.12739,1.12752,1.00,1.17
2014.09.05 04:54:10.677,1.12736,1.12752,1.00,1.17
2014.09.05 04:54:11.184,1.12736,1.12749,1.00,1.00
2014.09.05 04:54:11.742,1.12736,1.12748,1.00,1.00
2014.09.05 04:54:12.454,1.12736,1.12745,1.00,1.00
2014.09.05 04:54:18.423,1.12736,1.12746,1.00,1.00
2014.09.05 04:54:26.148,1.12736,1.1275,1.00,1.65
2014.09.05 04:54:26.199,1.12733,1.1275,1.00,1.65
2014.09.05 04:54:26.820,1.12733,1.12748,1.00,1.00
2014.09.05 04:54:26.871,1.12733,1.12746,1.00,1.00
2014.09.05 04:54:31.653,1.12733,1.12747,1.00,1.50
2014.09.05 04:54:37.256,1.12733,1.12746,1.00,1.50
2014.09.05 04:54:37.866,1.12733,1.1275,1.00,1.15
2014.09.05 04:54:38.397,1.12733,1.12746,1.00,1.00
2014.09.05 04:54:39.159,1.12733,1.12744,1.00,1.00
2014.09.05 04:54:39.571,1.12733,1.12746,1.00,1.10
2014.09.05 04:54:39.723,1.1273,1.12746,1.00,1.10
2014.09.05 04:54:40.177,1.1273,1.12743,1.00,1.00
2014.09.05 04:54:40.380,1.1273,1.12745,1.00,1.00
2014.09.05 04:54:40.431,1.1273,1.12747,1.00,1.00
2014.09.05 04:54:40.874,1.1273,1.12745,1.00,1.00
2014.09.05 04:54:42.178,1.1273,1.12745,1.00,1.07
2014.09.05 04:54:43.215,1.1273,1.12741,1.00,1.00
2014.09.05 04:54:43.417,1.1273,1.12748,1.00,2.02
2014.09.05 04:54:58.593,1.1273,1.12746,1.00,1.15
2014.09.05 04:55:03.107,1.1273,1.12749,1.00,2.02
2014.09.05 04:55:03.658,1.1273,1.12749,1.00,1.52
2014.09.05 04:55:05.184,1.1273,1.12749,1.00,1.15
2014.09.05 04:55:05.946,1.1273,1.12745,1.00,1.00
2014.09.05 04:55:09.437,1.1273,1.12749,1.00,2.02
2014.09.05 04:55:09.938,1.1273,1.12745,1.00,1.00
2014.09.05 04:55:10.454,1.1273,1.12749,1.00,2.02
2014.09.05 04:55:12.171,1.1273,1.12749,1.00,1.15
2014.09.05 04:55:12.272,1.1273,1.12745,1.00,1.00
2014.09.05 04:55:12.436,1.1273,1.12747,1.00,1.00
2014.09.05 04:55:13.034,1.1273,1.12749,1.00,1.65
2014.09.05 04:55:17.427,1.1273,1.12747,1.00,1.00
2014.09.05 04:55:17.972,1.1273,1.12746,1.00,1.00
2014.09.05 04:55:25.862,1.1273,1.12744,1.00,1.00
2014.09.05 04:55:26.447,1.1273,1.12745,1.00,1.50
2014.09.05 04:55:33.150,1.1273,1.12742,1.00,1.12
2014.09.05 04:55:33.669,1.1273,1.12741,1.00,1.00
2014.09.05 04:55:38.173,1.1273,1.1274,1.00,1.00
2014.09.05 04:55:38.275,1.1273,1.12743,1.00,1.00
2014.09.05 04:55:38.679,1.1273,1.12746,1.00,1.65
2014.09.05 04:55:39.982,1.12721,1.12746,1.12,1.65
2014.09.05 04:55:41.177,1.12721,1.12739,1.12,1.00
2014.09.05 04:55:41.785,1.12721,1.12743,1.12,1.37
2014.09.05 04:55:42.179,1.12721,1.12739,1.12,1.00
2014.09.05 04:55:43.184,1.12721,1.12741,1.12,1.50
2014.09.05 04:55:43.285,1.12724,1.12741,1.00,1.00
2014.09.05 04:55:43.808,1.12724,1.12743,1.00,1.87
2014.09.05 04:55:44.197,1.12724,1.12739,1.00,1.00
2014.09.05 04:55:46.215,1.12724,1.12738,1.00,1.00
2014.09.05 04:55:46.619,1.12724,1.1274,1.00,1.00
2014.09.05 04:55:47.141,1.12724,1.12741,1.00,1.00
2014.09.05 04:55:48.203,1.12724,1.12742,1.00,1.95
2014.09.05 04:55:49.271,1.12724,1.12737,1.00,1.00
2014.09.05 04:55:49.794,1.12724,1.12741,1.00,1.00
2014.09.05 04:55:50.202,1.12724,1.12737,1.00,1.00
2014.09.05 04:55:50.606,1.12724,1.12739,1.00,1.00
2014.09.05 04:55:50.707,1.12724,1.12742,1.00,1.27
2014.09.05 04:55:51.190,1.12724,1.1274,1.00,1.00
2014.09.05 04:55:51.715,1.12724,1.12741,1.00,1.00
2014.09.05 04:55:52.223,1.12724,1.12738,1.00,1.50
2014.09.05 04:55:52.426,1.12724,1.12743,1.00,2.02
2014.09.05 04:55:55.433,1.12724,1.12738,1.00,1.00
2014.09.05 04:55:56.606,1.12719,1.12738,1.00,1.00
2014.09.05 04:56:05.171,1.12719,1.12743,1.00,1.45
2014.09.05 04:56:05.272,1.12719,1.12743,1.00,1.00
2014.09.05 04:56:05.830,1.12719,1.12739,1.00,1.00
2014.09.05 04:56:06.161,1.12723,1.12739,1.00,1.00
2014.09.05 04:56:07.441,1.12723,1.12742,1.00,1.00
2014.09.05 04:56:16.578,1.12723,1.12741,1.00,1.00
2014.09.05 04:56:17.545,1.12723,1.12743,1.00,1.00
2014.09.05 04:56:19.976,1.12723,1.12743,1.00,1.37
2014.09.05 04:56:20.482,1.12723,1.12743,1.00,1.52
2014.09.05 04:56:21.020,1.12723,1.12743,1.00,1.52
2014.09.05 04:56:21.533,1.12723,1.12743,1.00,1.15
2014.09.05 04:56:30.587,1.12723,1.12738,1.00,1.00
2014.09.05 04:56:31.259,1.12723,1.12739,1.00,1.00
2014.09.05 04:56:31.344,1.12723,1.12742,1.00,1.17
2014.09.05 04:56:33.497,1.12723,1.12739,1.00,1.00
2014.09.05 04:56:51.691,1.12723,1.12742,1.00,1.17
2014.09.05 04:56:57.710,1.12723,1.12742,1.00,1.00
2014.09.05 04:57:01.793,1.12723,1.12741,1.00,1.00
2014.09.05 04:57:04.614,1.12723,1.12743,1.00,1.57
2014.09.05 04:57:05.718,1.12723,1.12741,1.00,1.10
2014.09.05 04:57:05.870,1.12715,1.1274,1.00,1.00
2014.09.05 04:57:07.179,1.12716,1.12739,1.00,1.00
2014.09.05 04:57:07.490,1.12714,1.12736,1.00,1.00
2014.09.05 04:57:08.002,1.12713,1.12736,1.00,1.50
2014.09.05 04:57:12.016,1.12718,1.12739,1.00,1.00
2014.09.05 04:57:20.219,1.12718,1.12737,1.00,1.00
2014.09.05 04:57:20.633,1.12718,1.1274,1.00,1.00
2014.09.05 04:57:21.567,1.1272,1.1274,1.00,1.00
2014.09.05 04:57:22.160,1.1272,1.12742,1.00,2.02
2014.09.05 04:57:24.203,1.1272,1.12737,1.00,1.00
2014.09.05 04:57:24.456,1.1272,1.1274,1.00,1.00
2014.09.05 04:57:25.251,1.1272,1.12737,1.00,1.00
2014.09.05 04:57:39.634,1.1272,1.12739,1.00,1.57
2014.09.05 04:57:40.622,1.1272,1.12735,1.00,1.00
2014.09.05 04:57:40.774,1.1272,1.12739,1.00,1.10
2014.09.05 04:57:45.028,1.1272,1.12736,1.00,1.00
2014.09.05 04:57:45.432,1.1272,1.1274,1.00,2.02
2014.09.05 04:57:46.081,1.1272,1.12736,1.00,1.00
2014.09.05 04:57:46.284,1.1272,1.12739,1.00,1.47
2014.09.05 04:57:52.929,1.1272,1.12739,1.00,1.10
2014.09.05 04:57:57.995,1.1272,1.12736,1.00,1.00
2014.09.05 04:58:09.641,1.1272,1.1274,1.00,1.00
2014.09.05 04:58:17.543,1.1272,1.12738,1.00,1.00
2014.09.05 04:58:18.051,1.1272,1.12737,1.00,1.00
2014.09.05 04:58:18.725,1.1272,1.12741,1.00,1.17
2014.09.05 04:58:19.512,1.1272,1.12741,1.00,1.55
2014.09.05 04:58:19.825,1.1272,1.12742,1.00,2.40
2014.09.05 04:58:20.333,1.1272,1.1274,1.00,1.15
2014.09.05 04:58:21.560,1.12713,1.1274,1.00,1.15
2014.09.05 04:58:25.182,1.12713,1.12735,1.00,1.00
2014.09.05 04:58:25.284,1.12713,1.12737,1.00,1.10
2014.09.05 04:58:25.587,1.12713,1.12735,1.00,1.00
2014.09.05 04:58:26.935,1.12714,1.12735,1.00,1.00
2014.09.05 04:58:56.923,1.12714,1.12739,1.00,1.27
2014.09.05 04:58:58.374,1.12714,1.12736,1.00,1.00
2014.09.05 04:59:04.803,1.12714,1.12739,1.00,1.27
2014.09.05 04:59:22.531,1.12714,1.1274,1.00,1.15
2014.09.05 04:59:27.932,1.12714,1.1274,1.00,1.00
2014.09.05 04:59:28.456,1.12713,1.1274,1.00,1.00
2014.09.05 04:59:29.319,1.12714,1.1274,1.00,1.00
2014.09.05 04:59:31.257,1.12714,1.12741,1.00,1.20
2014.09.05 04:59:39.542,1.12714,1.12742,1.00,2.77
2014.09.05 04:59:50.149,1.12713,1.12742,1.00,2.02
2014.09.05 04:59:53.796,1.12714,1.12742,1.00,2.02
2014.09.05 04:59:59.004,1.12714,1.12741,1.50,1.65
