2011.07.25 01:00:00.609,1.25178,1.25244,2.25,1.65
2011.07.25 01:00:12.697,1.2519,1.25231,1.13,3.00
2011.07.25 01:00:12.817,1.25189,1.25229,2.25,3.00
2011.07.25 01:00:12.934,1.25184,1.25226,1.13,1.80
2011.07.25 01:00:13.164,1.25183,1.25231,1.50,3.00
2011.07.25 01:00:13.288,1.25178,1.2524,1.13,3.90
2011.07.25 01:00:14.461,1.25188,1.25244,1.50,3.53
2011.07.25 01:00:18.935,1.25189,1.25239,1.50,1.65
2011.07.25 01:00:19.273,1.25192,1.25244,1.50,3.53
2011.07.25 01:00:19.393,1.25189,1.25244,1.50,3.53
2011.07.25 01:00:19.842,1.25189,1.25244,1.50,3.53
2011.07.25 01:00:20.514,1.25183,1.25243,1.50,1.65
2011.07.25 01:00:37.642,1.25186,1.25237,1.88,1.65
2011.07.25 01:00:38.200,1.25181,1.25233,1.13,2.63
2011.07.25 01:00:51.052,1.25184,1.25233,1.50,2.63
2011.07.25 01:00:51.173,1.25184,1.25233,1.50,2.63
2011.07.25 01:00:51.783,1.25184,1.25236,1.50,1.65
2011.07.25 01:00:57.743,1.25177,1.25233,3.98,2.63
2011.07.25 01:00:58.083,1.25178,1.25233,2.55,2.63
2011.07.25 01:01:00.043,1.25178,1.2523,2.55,1.35
2011.07.25 01:01:03.123,1.25181,1.25233,1.50,2.63
2011.07.25 01:01:08.291,1.25189,1.25243,1.50,3.53
2011.07.25 01:01:16.094,1.25188,1.25243,1.50,2.78
2011.07.25 01:01:16.753,1.25188,1.25243,1.50,2.78
2011.07.25 01:01:20.201,1.25199,1.25246,1.80,1.14
2011.07.25 01:01:21.275,1.25193,1.25246,1.80,1.14
2011.07.25 01:01:21.612,1.25196,1.25246,1.88,1.14
2011.07.25 01:01:27.103,1.25196,1.25246,1.88,1.19
2011.07.25 01:01:27.444,1.25193,1.25246,1.80,1.19
2011.07.25 01:01:27.565,1.25187,1.25246,2.63,1.19
2011.07.25 01:01:34.933,1.25182,1.25243,2.55,3.53
2011.07.25 01:01:35.494,1.25185,1.25234,1.13,2.25
2011.07.25 01:01:36.942,1.25186,1.25234,1.13,2.25
2011.07.25 01:01:38.071,1.25185,1.25234,1.13,2.25
2011.07.25 01:01:42.733,1.25183,1.25234,1.50,2.63
2011.07.25 01:01:47.855,1.25189,1.25244,2.55,4.13
2011.07.25 01:01:48.852,1.25193,1.25246,1.80,1.19
2011.07.25 01:01:49.191,1.25197,1.25246,1.88,2.69
2011.07.25 01:01:51.019,1.25193,1.25246,1.80,1.19
2011.07.25 01:01:51.134,1.25191,1.25246,1.50,1.19
2011.07.25 01:01:51.366,1.25193,1.25244,1.80,2.78
2011.07.25 01:01:51.715,1.252,1.25244,1.80,2.78
2011.07.25 01:01:52.052,1.252,1.25246,1.80,1.19
2011.07.25 01:01:54.611,1.252,1.25246,2.55,1.19
2011.07.25 01:01:57.919,1.252,1.25246,1.80,1.23
2011.07.25 01:01:58.036,1.25192,1.25246,2.40,1.23
2011.07.25 01:01:58.263,1.25197,1.25246,1.88,1.23
2011.07.25 01:01:58.383,1.25192,1.25246,1.80,1.23
2011.07.25 01:01:59.115,1.2519,1.25243,1.50,2.78
2011.07.25 01:01:59.645,1.25187,1.25243,3.38,2.78
2011.07.25 01:02:06.713,1.25185,1.25238,2.55,1.65
2011.07.25 01:02:10.386,1.25182,1.25233,1.50,1.50
2011.07.25 01:02:10.615,1.25177,1.25223,1.35,1.50
2011.07.25 01:02:11.333,1.25177,1.25232,1.35,1.50
2011.07.25 01:02:22.962,1.25183,1.25242,2.55,1.65
2011.07.25 01:02:25.532,1.25185,1.25242,1.50,1.65
2011.07.25 01:02:33.993,1.25184,1.25244,1.50,1.65
2011.07.25 01:02:39.803,1.25181,1.25241,1.50,1.65
2011.07.25 01:02:41.094,1.25179,1.25238,3.00,1.65
2011.07.25 01:02:43.983,1.25182,1.25234,1.50,2.63
2011.07.25 01:02:44.326,1.25178,1.25235,2.25,1.65
2011.07.25 01:02:52.020,1.25187,1.25235,2.63,1.50
2011.07.25 01:02:52.753,1.25187,1.25232,1.88,1.50
2011.07.25 01:02:53.101,1.25179,1.25232,2.55,1.50
2011.07.25 01:02:53.335,1.25167,1.25223,1.50,1.35
2011.07.25 01:02:54.090,1.25164,1.25213,2.25,1.88
2011.07.25 01:02:54.350,1.25163,1.25223,2.25,3.23
2011.07.25 01:02:55.062,1.25166,1.25223,2.63,2.10
2011.07.25 01:02:55.622,1.25163,1.25214,2.25,1.88
2011.07.25 01:02:57.594,1.25164,1.25214,2.25,2.63
2011.07.25 01:02:58.933,1.25164,1.25216,2.25,1.80
2011.07.25 01:02:59.051,1.25164,1.25223,2.25,2.48
2011.07.25 01:03:00.832,1.2517,1.25224,1.50,2.63
2011.07.25 01:03:05.774,1.25173,1.25227,1.50,2.55
2011.07.25 01:03:06.261,1.25176,1.25228,2.63,1.50
2011.07.25 01:03:06.606,1.25176,1.25231,2.63,1.50
2011.07.25 01:03:07.053,1.25176,1.25227,2.63,2.55
2011.07.25 01:03:08.065,1.25176,1.25226,2.63,1.35
2011.07.25 01:03:09.584,1.25176,1.25226,2.63,3.15
2011.07.25 01:03:11.546,1.25169,1.25222,1.50,2.55
2011.07.25 01:03:12.105,1.25163,1.2522,2.55,1.35
2011.07.25 01:03:12.670,1.25169,1.25224,1.35,2.63
2011.07.25 01:03:15.017,1.25166,1.25221,2.63,1.35
2011.07.25 01:03:16.177,1.2516,1.25211,1.50,1.80
2011.07.25 01:03:18.572,1.2516,1.25211,1.50,2.55
2011.07.25 01:03:20.510,1.25162,1.25211,1.50,1.80
2011.07.25 01:03:20.628,1.25162,1.25213,1.50,1.88
2011.07.25 01:03:25.024,1.25166,1.25223,1.50,3.38
2011.07.25 01:03:29.037,1.25172,1.25218,1.50,2.55
2011.07.25 01:03:29.372,1.25166,1.25221,2.63,1.35
2011.07.25 01:03:29.712,1.25176,1.25221,1.50,1.35
2011.07.25 01:03:30.054,1.25189,1.25234,1.35,2.55
2011.07.25 01:03:30.396,1.25191,1.25247,2.55,2.25
2011.07.25 01:03:30.622,1.25191,1.25246,1.80,2.25
2011.07.25 01:03:30.844,1.25183,1.25237,4.50,2.25
2011.07.25 01:04:03.796,1.25183,1.25236,1.50,2.25
2011.07.25 01:04:03.918,1.25184,1.25241,1.50,2.25
2011.07.25 01:04:04.480,1.25188,1.25241,1.50,2.25
2011.07.25 01:04:05.156,1.25189,1.25242,1.50,2.25
2011.07.25 01:04:10.784,1.25189,1.25241,1.50,2.25
2011.07.25 01:04:10.900,1.25191,1.2525,2.55,1.35
2011.07.25 01:04:11.129,1.25183,1.25242,1.50,2.55
2011.07.25 01:04:11.574,1.25185,1.25245,2.55,1.50
2011.07.25 01:04:11.912,1.25185,1.25245,2.55,1.50
2011.07.25 01:04:14.214,1.25196,1.25242,3.60,2.25
2011.07.25 01:04:14.554,1.25191,1.25246,2.85,2.25
2011.07.25 01:04:14.673,1.25191,1.25247,1.50,2.25
2011.07.25 01:04:14.988,1.25193,1.25247,1.80,2.25
2011.07.25 01:04:15.108,1.25191,1.25247,1.50,2.25
2011.07.25 01:04:16.993,1.252,1.25246,3.00,2.25
2011.07.25 01:04:17.333,1.252,1.25247,3.75,2.25
2011.07.25 01:04:17.454,1.25191,1.25251,1.50,2.55
2011.07.25 01:04:20.843,1.25195,1.25255,1.50,4.50
2011.07.25 01:04:21.186,1.25215,1.25261,1.80,1.50
2011.07.25 01:04:21.303,1.25196,1.25256,1.50,3.75
2011.07.25 01:04:21.424,1.25195,1.25256,1.13,3.75
2011.07.25 01:04:27.641,1.25195,1.25255,1.35,1.50
2011.07.25 01:04:27.974,1.25207,1.25255,1.80,1.50
2011.07.25 01:04:30.587,1.25207,1.25255,4.43,1.50
2011.07.25 01:04:31.096,1.25207,1.25255,4.43,1.50
2011.07.25 01:05:02.533,1.25207,1.25252,2.55,2.25
2011.07.25 01:05:03.862,1.25211,1.25251,2.55,2.25
2011.07.25 01:05:23.393,1.25217,1.25257,1.80,1.50
2011.07.25 01:05:23.846,1.25209,1.25261,2.55,1.50
2011.07.25 01:05:24.404,1.25207,1.25261,1.88,1.50
2011.07.25 01:05:24.964,1.25208,1.25256,1.80,1.50
2011.07.25 01:05:25.534,1.25208,1.2526,2.55,1.50
2011.07.25 01:05:25.764,1.25214,1.2526,1.80,1.50
2011.07.25 01:05:25.884,1.25208,1.2526,1.50,1.50
2011.07.25 01:05:26.565,1.2521,1.2526,1.50,1.50
2011.07.25 01:05:38.505,1.25208,1.25256,1.50,1.50
2011.07.25 01:05:38.735,1.25207,1.25256,1.88,1.50
2011.07.25 01:05:38.964,1.25216,1.25256,1.88,1.50
2011.07.25 01:05:45.822,1.25217,1.25261,1.88,3.00
2011.07.25 01:05:45.945,1.25217,1.25261,1.88,3.00
2011.07.25 01:05:46.065,1.25217,1.25261,1.88,1.50
2011.07.25 01:05:46.623,1.25216,1.25267,1.88,1.50
2011.07.25 01:05:47.496,1.25212,1.25262,1.80,1.50
2011.07.25 01:05:47.612,1.25206,1.25262,2.63,1.50
2011.07.25 01:05:48.062,1.25216,1.25261,1.88,2.25
2011.07.25 01:05:53.984,1.25228,1.25263,1.80,1.50
2011.07.25 01:05:54.104,1.25228,1.25262,1.80,1.50
2011.07.25 01:05:54.334,1.25228,1.25271,1.80,2.25
2011.07.25 01:05:54.584,1.25215,1.25266,1.80,1.50
2011.07.25 01:05:54.712,1.25216,1.25266,1.88,1.50
2011.07.25 01:05:56.112,1.25216,1.25266,1.88,1.50
2011.07.25 01:05:58.563,1.25215,1.25261,1.80,2.25
2011.07.25 01:05:58.683,1.25208,1.25261,2.55,2.25
2011.07.25 01:06:01.503,1.25208,1.25256,1.80,1.50
2011.07.25 01:06:01.736,1.25206,1.25256,1.88,1.50
2011.07.25 01:06:01.856,1.25197,1.25252,2.63,2.25
2011.07.25 01:06:02.305,1.2519,1.25251,2.10,1.50
2011.07.25 01:06:02.977,1.2519,1.25244,1.50,2.63
2011.07.25 01:06:03.808,1.25196,1.25251,1.88,1.50
2011.07.25 01:06:05.312,1.25196,1.25251,3.38,2.25
2011.07.25 01:06:06.514,1.2519,1.25251,1.50,2.85
2011.07.25 01:06:06.634,1.25188,1.25251,1.50,2.85
2011.07.25 01:06:10.244,1.2519,1.25252,1.50,3.00
2011.07.25 01:06:10.586,1.25197,1.25252,1.88,2.25
2011.07.25 01:06:11.053,1.25199,1.25251,1.80,2.25
2011.07.25 01:06:11.392,1.25207,1.25252,1.88,2.25
2011.07.25 01:06:12.723,1.25207,1.25252,1.88,2.25
2011.07.25 01:06:13.061,1.25207,1.25257,1.88,2.25
2011.07.25 01:06:14.342,1.25207,1.25257,1.88,2.25
2011.07.25 01:06:15.272,1.25199,1.25254,1.80,2.63
2011.07.25 01:06:15.831,1.25207,1.25255,1.88,1.50
2011.07.25 01:06:17.543,1.25199,1.25247,1.80,2.25
2011.07.25 01:06:18.104,1.25187,1.2524,3.38,1.50
2011.07.25 01:06:19.432,1.25187,1.2523,3.38,1.35
2011.07.25 01:06:19.553,1.25177,1.25225,1.13,1.50
2011.07.25 01:06:19.893,1.25175,1.25223,1.35,2.63
2011.07.25 01:06:20.015,1.25175,1.25223,1.35,2.63
2011.07.25 01:06:20.353,1.25177,1.2523,2.63,2.10
2011.07.25 01:06:20.635,1.25177,1.2523,2.63,2.10
2011.07.25 01:06:24.694,1.25196,1.2523,1.50,1.35
2011.07.25 01:06:24.813,1.25196,1.25238,1.50,1.28
2011.07.25 01:06:25.372,1.25197,1.25242,2.63,1.65
2011.07.25 01:06:29.742,1.25197,1.25246,1.88,2.03
2011.07.25 01:06:33.482,1.25197,1.25246,1.88,2.78
2011.07.25 01:06:40.767,1.25197,1.25246,1.88,2.78
2011.07.25 01:06:41.213,1.25188,1.25241,1.80,1.50
2011.07.25 01:06:41.443,1.25186,1.25244,1.88,2.78
2011.07.25 01:06:44.775,1.25182,1.25238,1.50,1.65
2011.07.25 01:06:46.602,1.25186,1.25238,1.88,1.65
2011.07.25 01:06:50.386,1.25189,1.25238,2.25,1.65
2011.07.25 01:06:50.724,1.25211,1.25246,1.80,1.73
2011.07.25 01:06:50.844,1.25216,1.25245,1.88,1.47
2011.07.25 01:06:51.183,1.25218,1.25246,1.80,1.47
2011.07.25 01:06:51.521,1.25227,1.25246,1.88,1.47
2011.07.25 01:06:52.274,1.25227,1.25245,1.88,1.07
2011.07.25 01:06:56.202,1.25218,1.25245,1.80,1.23
2011.07.25 01:06:56.324,1.25218,1.25245,1.80,1.19
2011.07.25 01:06:56.443,1.2521,1.25245,2.55,1.19
2011.07.25 01:06:56.892,1.2521,1.25245,2.55,1.19
2011.07.25 01:06:57.111,1.25202,1.25245,2.55,1.19
2011.07.25 01:06:59.293,1.2521,1.25245,1.80,1.19
2011.07.25 01:07:01.615,1.2521,1.25245,2.55,1.19
2011.07.25 01:07:02.922,1.25213,1.25245,1.50,1.19
2011.07.25 01:07:03.044,1.25213,1.25246,1.50,1.29
2011.07.25 01:07:03.163,1.25216,1.25246,2.18,1.29
2011.07.25 01:07:04.293,1.25217,1.25245,1.88,1.16
2011.07.25 01:07:04.972,1.25217,1.25246,1.88,1.26
2011.07.25 01:07:06.434,1.25221,1.25246,1.80,1.26
2011.07.25 01:07:06.774,1.25226,1.25245,1.88,1.09
2011.07.25 01:07:07.004,1.25221,1.25245,1.80,1.09
2011.07.25 01:07:07.123,1.25217,1.25245,2.63,1.10
2011.07.25 01:07:08.234,1.25211,1.25255,2.25,1.16
2011.07.25 01:07:08.353,1.25211,1.25255,1.50,1.16
2011.07.25 01:07:09.612,1.25211,1.25255,1.50,1.16
2011.07.25 01:07:18.494,1.2521,1.25255,3.30,1.16
2011.07.25 01:07:18.618,1.25203,1.25245,2.10,1.12
2011.07.25 01:07:18.845,1.25206,1.25245,1.80,1.14
2011.07.25 01:07:18.966,1.25206,1.25245,1.80,1.14
2011.07.25 01:07:19.082,1.25203,1.25245,1.35,1.14
2011.07.25 01:07:19.317,1.25205,1.25266,1.50,3.00
2011.07.25 01:07:19.433,1.2521,1.25267,1.80,2.25
2011.07.25 01:07:19.772,1.2521,1.25267,2.55,2.25
2011.07.25 01:07:19.893,1.25216,1.25267,1.80,2.25
2011.07.25 01:07:21.731,1.25216,1.25266,2.55,2.25
2011.07.25 01:07:22.563,1.25216,1.25266,2.55,2.25
2011.07.25 01:07:23.472,1.25216,1.25266,1.80,2.25
2011.07.25 01:07:23.809,1.25207,1.25266,3.38,2.25
2011.07.25 01:07:24.365,1.25205,1.25267,2.55,2.25
2011.07.25 01:07:25.583,1.25205,1.25265,2.55,1.50
2011.07.25 01:07:25.868,1.25206,1.25265,1.50,1.50
2011.07.25 01:07:25.984,1.25221,1.25265,1.80,1.50
2011.07.25 01:07:26.543,1.25206,1.25271,4.50,3.00
2011.07.25 01:07:27.356,1.25206,1.25267,1.50,2.25
2011.07.25 01:07:28.651,1.25206,1.25267,4.50,2.25
2011.07.25 01:07:28.873,1.25211,1.25267,1.80,2.25
2011.07.25 01:07:29.105,1.25207,1.25267,1.88,2.25
2011.07.25 01:07:29.691,1.25208,1.25266,1.80,3.00
2011.07.25 01:07:36.795,1.25205,1.25266,1.50,1.50
2011.07.25 01:07:36.915,1.25203,1.25266,1.80,3.00
2011.07.25 01:07:37.363,1.252,1.25262,1.80,1.50
2011.07.25 01:07:37.922,1.25196,1.25257,1.50,1.50
2011.07.25 01:07:40.753,1.25194,1.25257,5.55,1.50
2011.07.25 01:07:42.753,1.25196,1.25259,2.25,1.50
2011.07.25 01:07:45.571,1.25199,1.25259,1.50,1.50
2011.07.25 01:07:48.580,1.25203,1.25262,1.80,2.25
2011.07.25 01:07:48.882,1.25203,1.25256,2.55,2.25
2011.07.25 01:07:49.115,1.25199,1.25256,1.50,2.25
2011.07.25 01:08:17.089,1.252,1.25253,1.50,2.63
2011.07.25 01:08:18.414,1.25203,1.25253,1.50,2.63
2011.07.25 01:08:18.810,1.25207,1.25262,1.88,2.25
2011.07.25 01:08:19.143,1.2521,1.25262,1.50,2.25
2011.07.25 01:08:19.935,1.2521,1.25262,1.50,2.25
2011.07.25 01:08:20.057,1.2521,1.25267,3.30,2.25
2011.07.25 01:08:20.613,1.25206,1.25261,3.75,3.00
2011.07.25 01:08:20.732,1.25201,1.25261,3.75,1.50
2011.07.25 01:08:23.013,1.25197,1.25251,1.50,2.25
2011.07.25 01:08:30.418,1.25208,1.25256,1.50,2.25
2011.07.25 01:08:33.032,1.25204,1.25256,1.50,2.25
2011.07.25 01:08:45.402,1.25218,1.25264,1.50,1.50
2011.07.25 01:08:46.402,1.25217,1.25268,1.50,1.50
2011.07.25 01:08:46.972,1.25212,1.2527,1.50,1.50
2011.07.25 01:08:47.192,1.25208,1.25267,3.30,2.25
2011.07.25 01:08:57.066,1.25213,1.25266,1.50,2.25
2011.07.25 01:08:57.622,1.25215,1.25267,1.50,2.25
2011.07.25 01:08:58.132,1.25217,1.25267,1.50,2.25
2011.07.25 01:08:58.815,1.2522,1.25267,1.50,2.25
2011.07.25 01:08:59.045,1.25225,1.25272,1.50,2.25
2011.07.25 01:09:01.593,1.25225,1.25271,1.50,2.25
2011.07.25 01:09:01.826,1.25226,1.25274,1.50,2.63
2011.07.25 01:09:02.054,1.25225,1.25272,1.50,2.25
2011.07.25 01:09:02.173,1.25221,1.25272,1.50,2.25
2011.07.25 01:09:02.733,1.25221,1.25271,1.50,2.25
2011.07.25 01:09:07.372,1.25223,1.25271,1.50,2.25
2011.07.25 01:09:08.885,1.25231,1.25282,1.50,2.25
2011.07.25 01:09:10.563,1.25227,1.25282,1.50,3.00
2011.07.25 01:09:14.152,1.25227,1.25276,1.50,2.25
2011.07.25 01:09:14.481,1.25226,1.25281,2.63,2.25
2011.07.25 01:09:16.303,1.25221,1.25281,1.50,2.25
2011.07.25 01:09:16.534,1.25218,1.25265,2.55,3.75
2011.07.25 01:09:16.767,1.252,1.25253,1.50,1.35
2011.07.25 01:09:16.883,1.252,1.25252,1.50,1.50
2011.07.25 01:09:17.223,1.25193,1.25243,2.25,1.88
2011.07.25 01:09:17.787,1.25193,1.25243,2.25,1.88
2011.07.25 01:09:25.326,1.25199,1.25252,2.25,1.50
2011.07.25 01:09:25.777,1.25199,1.25256,2.25,1.50
2011.07.25 01:09:26.005,1.25194,1.25253,2.25,2.63
2011.07.25 01:09:34.364,1.25196,1.25254,2.63,2.63
2011.07.25 01:09:34.911,1.25196,1.25254,2.63,2.63
2011.07.25 01:09:35.484,1.25196,1.25254,2.63,3.38
2011.07.25 01:09:36.563,1.25207,1.25257,1.50,1.50
2011.07.25 01:09:36.682,1.25208,1.25257,2.55,1.50
2011.07.25 01:09:37.233,1.25208,1.25257,2.55,1.50
2011.07.25 01:09:38.737,1.25208,1.25254,3.00,2.55
2011.07.25 01:09:38.859,1.25202,1.25254,1.50,2.55
2011.07.25 01:09:39.084,1.25202,1.25261,1.50,5.25
2011.07.25 01:09:39.422,1.25202,1.25262,1.50,2.25
2011.07.25 01:09:43.584,1.25198,1.2525,1.50,1.50
2011.07.25 01:09:43.703,1.25198,1.25253,1.50,2.63
2011.07.25 01:09:50.244,1.25198,1.25261,1.50,2.25
2011.07.25 01:09:51.365,1.25207,1.25266,5.55,1.50
2011.07.25 01:09:55.703,1.25216,1.25272,1.50,2.25
2011.07.25 01:10:03.483,1.25215,1.25276,1.50,2.25
2011.07.25 01:10:08.544,1.2522,1.25273,1.80,2.63
2011.07.25 01:10:09.793,1.2522,1.25277,2.55,2.25
2011.07.25 01:10:10.592,1.25221,1.25277,1.50,2.25
2011.07.25 01:10:11.975,1.2522,1.25277,2.55,2.25
2011.07.25 01:10:12.465,1.2522,1.25277,1.80,2.25
2011.07.25 01:10:13.554,1.2522,1.25275,2.55,1.50
2011.07.25 01:10:28.741,1.25221,1.25276,2.25,2.25
2011.07.25 01:10:33.093,1.25221,1.25277,1.50,2.25
2011.07.25 01:11:00.485,1.25227,1.25281,1.50,1.50
2011.07.25 01:11:00.713,1.25227,1.25283,2.25,2.63
2011.07.25 01:11:01.484,1.25229,1.25285,1.50,1.50
2011.07.25 01:11:10.544,1.25227,1.25284,3.00,3.38
2011.07.25 01:11:15.711,1.25228,1.25286,1.50,2.25
2011.07.25 01:11:21.243,1.25231,1.25281,2.10,2.25
2011.07.25 01:11:21.366,1.25233,1.25292,3.15,3.00
2011.07.25 01:11:21.647,1.25237,1.25285,1.88,1.35
2011.07.25 01:11:21.770,1.2523,1.2528,1.50,3.75
2011.07.25 01:11:21.996,1.25222,1.25275,2.10,2.55
2011.07.25 01:11:22.113,1.25226,1.25281,1.80,3.00
2011.07.25 01:11:22.674,1.25227,1.25282,1.88,2.25
2011.07.25 01:11:25.473,1.25227,1.25281,3.38,2.25
2011.07.25 01:11:26.037,1.2523,1.25281,1.80,2.25
2011.07.25 01:11:26.504,1.25237,1.25286,1.88,2.25
2011.07.25 01:11:27.066,1.25237,1.25287,1.88,2.25
2011.07.25 01:11:28.734,1.25236,1.25287,2.63,2.25
2011.07.25 01:11:29.072,1.25243,1.25286,1.80,2.25
2011.07.25 01:11:29.183,1.25243,1.25286,1.80,2.25
2011.07.25 01:11:29.413,1.2523,1.25286,1.50,2.25
2011.07.25 01:11:29.535,1.25227,1.25286,2.63,2.25
2011.07.25 01:11:29.983,1.25224,1.25282,1.80,1.50
2011.07.25 01:11:30.104,1.25218,1.25276,2.10,2.25
2011.07.25 01:11:30.225,1.25223,1.25277,1.80,2.25
2011.07.25 01:11:30.564,1.25218,1.25272,1.50,2.25
2011.07.25 01:11:30.686,1.25218,1.25271,1.50,2.25
2011.07.25 01:11:31.022,1.25223,1.25271,1.50,2.25
2011.07.25 01:11:31.672,1.25224,1.25271,1.50,2.25
2011.07.25 01:11:32.005,1.25227,1.25272,1.50,2.25
2011.07.25 01:11:32.346,1.25227,1.25276,1.50,2.25
2011.07.25 01:11:32.793,1.25227,1.25274,1.50,2.63
2011.07.25 01:11:35.152,1.25227,1.25277,1.50,2.25
2011.07.25 01:11:51.964,1.2523,1.25277,1.50,2.25
2011.07.25 01:11:52.193,1.25233,1.25277,1.50,2.25
2011.07.25 01:11:52.422,1.25227,1.25276,3.30,2.25
2011.07.25 01:11:54.553,1.25229,1.25277,1.50,2.25
2011.07.25 01:11:58.436,1.25227,1.25276,2.55,2.25
2011.07.25 01:11:58.554,1.25227,1.25276,1.80,2.25
2011.07.25 01:11:58.674,1.25222,1.25276,1.50,2.25
2011.07.25 01:11:58.795,1.25222,1.25277,1.50,2.25
2011.07.25 01:11:59.492,1.25222,1.25277,2.25,2.25
2011.07.25 01:11:59.821,1.25224,1.25277,1.50,2.25
2011.07.25 01:12:02.344,1.25224,1.25276,1.50,2.25
2011.07.25 01:12:06.723,1.25224,1.25277,1.50,2.25
2011.07.25 01:12:06.845,1.25221,1.25277,1.50,2.25
2011.07.25 01:12:16.544,1.25217,1.25272,1.80,2.25
2011.07.25 01:12:16.663,1.25213,1.25272,1.50,2.25
2011.07.25 01:12:17.001,1.25217,1.25272,1.80,2.25
2011.07.25 01:12:17.333,1.25218,1.25272,1.50,2.25
2011.07.25 01:12:19.524,1.2522,1.25271,1.50,2.25
2011.07.25 01:12:27.994,1.2522,1.25271,1.50,2.25
2011.07.25 01:12:28.113,1.25224,1.25271,1.80,2.25
2011.07.25 01:12:28.336,1.25226,1.25281,2.63,2.85
2011.07.25 01:12:29.584,1.25226,1.25281,3.38,2.85
2011.07.25 01:12:29.814,1.25222,1.25276,1.50,2.25
2011.07.25 01:12:30.043,1.25222,1.25273,1.50,2.63
2011.07.25 01:12:32.442,1.25223,1.25273,1.35,2.63
2011.07.25 01:12:32.667,1.2523,1.25277,1.50,2.25
2011.07.25 01:12:32.894,1.25226,1.25277,2.63,2.25
2011.07.25 01:12:33.482,1.25226,1.25276,2.63,2.25
2011.07.25 01:12:41.132,1.25228,1.25277,1.80,2.25
2011.07.25 01:12:42.753,1.25228,1.25277,2.55,2.25
2011.07.25 01:12:50.756,1.25228,1.25276,1.80,2.25
2011.07.25 01:12:51.342,1.25227,1.25276,2.63,2.25
2011.07.25 01:13:16.870,1.25228,1.25277,1.80,2.25
2011.07.25 01:13:18.533,1.25228,1.25276,2.55,2.25
2011.07.25 01:13:29.944,1.25228,1.25276,2.55,2.25
2011.07.25 01:13:31.082,1.25236,1.25282,2.63,2.25
2011.07.25 01:13:31.624,1.25236,1.25282,2.63,2.25
2011.07.25 01:13:32.449,1.25236,1.25282,2.63,2.25
2011.07.25 01:13:35.688,1.25236,1.25282,1.88,2.25
2011.07.25 01:13:39.866,1.25236,1.25282,2.63,1.50
2011.07.25 01:13:39.982,1.25236,1.25288,2.63,1.50
2011.07.25 01:13:40.092,1.25236,1.2529,2.63,1.50
2011.07.25 01:13:40.315,1.25239,1.25293,1.50,2.63
2011.07.25 01:13:52.246,1.25246,1.25301,1.50,2.40
2011.07.25 01:14:01.805,1.25245,1.25301,1.50,2.25
2011.07.25 01:14:09.294,1.25228,1.25291,2.25,1.50
2011.07.25 01:14:09.832,1.25228,1.25289,2.25,1.50
2011.07.25 01:14:17.283,1.25234,1.2529,2.55,1.50
2011.07.25 01:14:19.021,1.25229,1.25289,2.25,1.50
2011.07.25 01:14:20.172,1.25224,1.25288,3.00,1.50
2011.07.25 01:14:22.524,1.25223,1.25283,2.25,1.50
2011.07.25 01:14:24.614,1.25223,1.25284,2.25,3.38
2011.07.25 01:14:26.194,1.25223,1.25283,2.25,1.50
2011.07.25 01:14:26.318,1.25223,1.25283,2.25,1.50
2011.07.25 01:14:28.143,1.25224,1.25283,2.25,1.50
2011.07.25 01:14:28.574,1.25224,1.25283,2.25,1.50
2011.07.25 01:14:29.707,1.25224,1.25283,2.25,2.63
2011.07.25 01:14:29.828,1.25224,1.25282,2.25,3.75
2011.07.25 01:14:30.164,1.25218,1.25273,2.25,1.88
2011.07.25 01:14:30.976,1.25219,1.25273,2.25,1.88
2011.07.25 01:14:31.450,1.25218,1.25273,2.25,1.88
2011.07.25 01:14:32.703,1.2522,1.25282,1.50,1.35
2011.07.25 01:14:36.602,1.25219,1.25278,2.25,2.10
2011.07.25 01:14:36.712,1.25219,1.25274,2.25,1.50
2011.07.25 01:14:38.526,1.25219,1.25274,2.25,2.25
2011.07.25 01:14:39.829,1.25219,1.25268,2.25,3.00
2011.07.25 01:14:40.069,1.25217,1.25269,2.55,1.50
2011.07.25 01:14:40.189,1.25217,1.25271,2.55,2.10
2011.07.25 01:14:40.417,1.25216,1.25271,2.63,1.50
2011.07.25 01:14:40.974,1.25209,1.25268,2.25,1.50
2011.07.25 01:14:43.974,1.25209,1.25264,2.25,1.88
2011.07.25 01:14:45.545,1.25209,1.25264,2.25,2.63
2011.07.25 01:14:53.668,1.25209,1.25264,2.25,2.63
2011.07.25 01:14:56.414,1.25209,1.25263,2.25,2.25
2011.07.25 01:14:56.862,1.25207,1.25263,1.13,3.00
2011.07.25 01:14:57.525,1.25204,1.25259,2.40,1.50
2011.07.25 01:14:57.864,1.25209,1.25254,2.25,1.88
2011.07.25 01:14:57.986,1.25209,1.25263,2.25,4.50
2011.07.25 01:14:58.105,1.25209,1.25264,2.25,3.38
2011.07.25 01:14:58.557,1.25208,1.25263,2.25,2.63
2011.07.25 01:14:58.786,1.25203,1.25253,2.40,1.50
2011.07.25 01:15:00.225,1.25204,1.25253,2.40,2.63
2011.07.25 01:15:00.747,1.25196,1.25253,1.65,2.63
2011.07.25 01:15:01.196,1.25198,1.25259,2.40,1.50
2011.07.25 01:15:01.754,1.25198,1.25254,2.40,1.50
2011.07.25 01:15:01.987,1.25198,1.25253,2.40,1.88
2011.07.25 01:15:02.325,1.25198,1.25253,2.40,1.88
2011.07.25 01:15:02.444,1.25195,1.25253,1.05,3.38
2011.07.25 01:15:02.783,1.25194,1.25243,1.29,1.88
2011.07.25 01:15:03.785,1.25194,1.25254,1.29,3.38
2011.07.25 01:15:04.293,1.25194,1.25251,1.29,1.50
2011.07.25 01:15:04.424,1.25194,1.25246,1.29,3.75
2011.07.25 01:15:04.654,1.25195,1.25243,1.05,1.88
2011.07.25 01:15:04.773,1.25195,1.25243,1.05,2.63
2011.07.25 01:15:04.895,1.25195,1.25249,1.50,1.50
2011.07.25 01:15:05.013,1.25195,1.25249,1.50,1.50
2011.07.25 01:15:12.584,1.25187,1.25243,1.50,2.63
2011.07.25 01:15:15.274,1.25187,1.25243,1.50,2.63
2011.07.25 01:15:15.725,1.25191,1.25249,2.55,1.50
2011.07.25 01:15:16.066,1.25197,1.25253,2.55,3.38
2011.07.25 01:15:16.514,1.25197,1.25253,3.30,1.50
2011.07.25 01:15:17.863,1.25197,1.25259,3.38,1.50
2011.07.25 01:15:18.925,1.25197,1.25259,3.38,1.50
2011.07.25 01:15:19.704,1.25193,1.25253,1.50,2.63
2011.07.25 01:15:21.174,1.25193,1.25256,1.50,1.50
2011.07.25 01:15:21.515,1.25193,1.25243,1.50,1.88
2011.07.25 01:15:21.965,1.2519,1.25243,1.50,2.63
2011.07.25 01:15:24.514,1.25188,1.25243,1.50,3.38
2011.07.25 01:15:24.914,1.25188,1.25243,1.50,2.63
2011.07.25 01:15:25.145,1.25191,1.25249,1.50,1.50
2011.07.25 01:15:27.004,1.25195,1.25254,1.50,2.63
2011.07.25 01:15:29.100,1.25197,1.25254,3.30,3.00
2011.07.25 01:15:29.433,1.25208,1.25264,2.55,3.38
2011.07.25 01:15:31.642,1.25208,1.25264,2.55,1.50
2011.07.25 01:15:48.018,1.25207,1.25269,2.55,1.50
2011.07.25 01:15:48.245,1.25208,1.25273,3.00,2.25
2011.07.25 01:16:00.787,1.25209,1.25269,2.25,1.50
2011.07.25 01:16:01.115,1.25203,1.25264,3.00,2.63
2011.07.25 01:16:05.065,1.25204,1.25264,3.00,2.63
2011.07.25 01:16:08.546,1.25207,1.25263,1.13,2.25
2011.07.25 01:16:13.387,1.25204,1.25261,2.25,1.50
2011.07.25 01:16:13.724,1.252,1.25258,1.50,1.50
2011.07.25 01:16:14.594,1.252,1.25255,1.50,1.50
2011.07.25 01:16:15.534,1.252,1.25255,1.50,1.50
2011.07.25 01:16:18.225,1.25198,1.25252,1.35,1.80
2011.07.25 01:16:18.453,1.25197,1.25249,2.63,1.50
2011.07.25 01:16:19.493,1.25197,1.25249,2.63,1.50
2011.07.25 01:16:20.234,1.25192,1.25249,1.65,1.50
2011.07.25 01:16:22.574,1.25192,1.25243,1.65,2.63
2011.07.25 01:16:23.565,1.25191,1.25243,2.70,1.88
2011.07.25 01:16:24.468,1.25195,1.25243,1.65,1.88
2011.07.25 01:16:24.586,1.25199,1.25257,2.25,1.50
2011.07.25 01:16:30.795,1.2521,1.25259,2.55,1.50
2011.07.25 01:16:31.136,1.25205,1.25254,1.50,1.50
2011.07.25 01:16:31.261,1.25206,1.25263,1.13,1.50
2011.07.25 01:16:31.827,1.25208,1.25259,2.55,1.50
2011.07.25 01:16:34.558,1.25199,1.25256,1.35,1.50
2011.07.25 01:16:34.786,1.25199,1.25258,1.35,1.50
2011.07.25 01:17:11.566,1.25217,1.25268,2.55,1.65
2011.07.25 01:17:12.565,1.25229,1.25276,2.55,2.27
2011.07.25 01:17:12.867,1.25223,1.25276,1.50,2.27
2011.07.25 01:17:12.985,1.25223,1.25276,1.50,1.82
2011.07.25 01:17:39.565,1.25212,1.25273,1.50,1.65
2011.07.25 01:18:22.494,1.25219,1.25276,1.50,1.82
2011.07.25 01:18:22.835,1.25227,1.25276,1.88,1.82
2011.07.25 01:18:23.173,1.25219,1.25276,1.50,1.82
2011.07.25 01:18:23.393,1.25219,1.25276,1.50,1.82
2011.07.25 01:18:25.946,1.25224,1.25273,1.50,2.78
2011.07.25 01:18:26.285,1.25229,1.25275,2.25,2.04
2011.07.25 01:18:26.405,1.25224,1.25273,1.50,2.78
2011.07.25 01:18:26.967,1.25223,1.25273,1.50,2.78
2011.07.25 01:18:27.085,1.25223,1.25275,2.25,1.65
2011.07.25 01:18:27.423,1.25229,1.25275,1.50,1.65
2011.07.25 01:18:28.005,1.25228,1.25276,1.50,1.20
2011.07.25 01:18:28.363,1.25228,1.25276,1.50,1.20
2011.07.25 01:18:28.851,1.25234,1.25276,1.80,1.20
2011.07.25 01:18:28.968,1.25234,1.25276,1.80,1.20
2011.07.25 01:18:29.086,1.25237,1.25276,1.88,1.20
2011.07.25 01:18:29.642,1.25229,1.25276,1.50,1.20
2011.07.25 01:18:30.413,1.25251,1.25276,1.80,1.20
2011.07.25 01:18:30.856,1.25237,1.25276,4.43,1.20
2011.07.25 01:18:31.304,1.25233,1.25276,1.13,1.20
2011.07.25 01:18:31.864,1.25233,1.25276,1.13,1.20
2011.07.25 01:18:36.554,1.25232,1.25276,1.13,1.19
2011.07.25 01:18:37.115,1.25233,1.25275,1.65,1.13
2011.07.25 01:18:37.237,1.25234,1.25275,1.50,1.13
2011.07.25 01:18:37.578,1.25237,1.25275,1.50,1.13
2011.07.25 01:18:38.104,1.25237,1.25276,1.50,1.29
2011.07.25 01:18:38.226,1.25233,1.25275,1.58,1.28
2011.07.25 01:18:38.784,1.25234,1.25275,1.13,1.28
2011.07.25 01:18:40.778,1.25233,1.25276,1.13,1.08
2011.07.25 01:19:00.654,1.25231,1.25276,1.13,1.08
2011.07.25 01:19:13.579,1.25234,1.25276,1.50,1.28
2011.07.25 01:19:14.138,1.25233,1.25276,1.50,1.07
2011.07.25 01:19:15.584,1.25231,1.25276,2.25,1.26
2011.07.25 01:19:16.260,1.25232,1.25275,1.35,1.17
2011.07.25 01:19:22.314,1.25238,1.25275,1.80,1.17
2011.07.25 01:19:23.576,1.25233,1.25275,1.13,1.17
2011.07.25 01:19:24.874,1.25234,1.25276,1.80,1.23
2011.07.25 01:19:25.434,1.25232,1.25275,1.65,1.32
2011.07.25 01:19:34.388,1.2524,1.25275,1.80,1.32
2011.07.25 01:19:34.619,1.25238,1.25275,1.80,1.32
2011.07.25 01:19:35.644,1.25234,1.25275,1.13,1.32
2011.07.25 01:19:37.074,1.25238,1.25275,1.80,1.32
2011.07.25 01:19:37.305,1.25234,1.25275,1.13,1.32
2011.07.25 01:19:45.795,1.25235,1.25275,1.28,1.34
2011.07.25 01:19:48.493,1.25232,1.25276,1.13,1.22
2011.07.25 01:19:48.803,1.25232,1.25276,1.13,1.22
2011.07.25 01:19:49.253,1.25233,1.25276,1.20,1.13
2011.07.25 01:20:00.792,1.25233,1.25276,1.80,1.14
2011.07.25 01:20:01.362,1.25233,1.25276,2.55,1.14
2011.07.25 01:20:01.936,1.25234,1.25275,1.13,1.25
2011.07.25 01:20:05.544,1.25241,1.25281,1.50,1.25
2011.07.25 01:20:05.886,1.2525,1.25278,1.80,1.25
2011.07.25 01:20:07.598,1.25237,1.25276,1.13,1.25
2011.07.25 01:20:07.714,1.25235,1.25275,1.88,1.25
2011.07.25 01:20:17.144,1.25239,1.25275,1.13,1.25
2011.07.25 01:20:17.266,1.25242,1.25296,1.13,3.75
2011.07.25 01:20:17.494,1.25244,1.25303,1.13,4.50
2011.07.25 01:20:17.835,1.2525,1.25305,1.13,3.75
2011.07.25 01:20:30.904,1.25245,1.25292,1.50,3.75
2011.07.25 01:20:31.025,1.25244,1.2529,1.13,3.75
2011.07.25 01:20:31.257,1.25246,1.25298,1.13,3.75
2011.07.25 01:20:31.813,1.25249,1.25302,1.13,1.50
2011.07.25 01:20:41.045,1.25249,1.25307,1.13,4.50
2011.07.25 01:20:43.134,1.25249,1.25305,1.13,3.75
2011.07.25 01:20:46.286,1.25247,1.25307,1.13,1.50
2011.07.25 01:20:46.844,1.25249,1.25307,1.13,1.50
2011.07.25 01:20:47.075,1.25249,1.25307,1.13,1.50
2011.07.25 01:20:48.295,1.25249,1.25306,1.13,3.75
2011.07.25 01:20:48.854,1.25248,1.25303,1.20,3.75
2011.07.25 01:20:49.778,1.25247,1.253,1.20,4.50
2011.07.25 01:20:52.334,1.25249,1.25303,1.13,1.50
2011.07.25 01:20:55.067,1.25248,1.25299,1.20,1.50
2011.07.25 01:20:59.225,1.25245,1.25296,1.13,4.50
2011.07.25 01:21:00.497,1.25239,1.25296,1.50,2.25
2011.07.25 01:21:04.644,1.25236,1.25294,1.50,1.50
2011.07.25 01:21:14.913,1.2524,1.25301,1.50,2.25
2011.07.25 01:21:17.964,1.25238,1.25296,1.50,2.25
2011.07.25 01:21:18.744,1.25241,1.25301,1.50,2.25
2011.07.25 01:21:19.523,1.25241,1.25302,1.50,2.25
2011.07.25 01:21:20.484,1.25245,1.25302,1.50,2.25
2011.07.25 01:21:24.544,1.25244,1.25291,1.50,2.25
2011.07.25 01:21:24.885,1.25241,1.25292,1.50,2.25
2011.07.25 01:21:29.184,1.2524,1.25289,1.50,1.13
2011.07.25 01:21:31.246,1.25242,1.2529,2.55,1.13
2011.07.25 01:21:31.476,1.25242,1.2528,2.55,1.13
2011.07.25 01:21:31.814,1.25237,1.25278,2.25,1.13
2011.07.25 01:21:31.935,1.25236,1.25277,5.25,1.13
2011.07.25 01:21:33.572,1.25237,1.25277,1.50,1.13
2011.07.25 01:21:35.593,1.25237,1.25277,1.50,1.13
2011.07.25 01:22:23.084,1.25231,1.25279,1.50,1.13
2011.07.25 01:22:25.565,1.25236,1.25278,2.25,1.13
2011.07.25 01:22:31.506,1.25236,1.25287,1.50,2.25
2011.07.25 01:22:36.445,1.25236,1.25286,1.50,2.25
2011.07.25 01:23:01.964,1.25233,1.25286,1.50,2.25
2011.07.25 01:23:02.087,1.25231,1.25287,1.50,2.25
2011.07.25 01:23:02.327,1.25228,1.25287,1.50,2.25
2011.07.25 01:23:02.666,1.25227,1.25287,1.50,2.25
2011.07.25 01:23:03.479,1.2523,1.25286,1.50,2.25
2011.07.25 01:23:04.038,1.25233,1.25287,1.80,2.25
2011.07.25 01:23:05.673,1.25233,1.25287,2.55,2.25
2011.07.25 01:23:06.302,1.25233,1.25286,2.55,2.25
2011.07.25 01:23:13.767,1.25232,1.25286,1.50,2.25
2011.07.25 01:23:15.161,1.25232,1.25286,1.50,2.25
2011.07.25 01:23:16.473,1.25231,1.25286,1.50,2.25
2011.07.25 01:23:22.363,1.2523,1.25283,1.50,2.55
2011.07.25 01:23:22.486,1.25224,1.25282,1.50,2.25
2011.07.25 01:23:23.868,1.25223,1.25281,2.55,2.25
2011.07.25 01:23:23.977,1.25217,1.25276,1.50,2.55
2011.07.25 01:23:25.564,1.25217,1.25273,1.50,1.13
2011.07.25 01:23:27.885,1.25223,1.25273,2.55,1.13
2011.07.25 01:23:28.115,1.25216,1.25271,1.50,1.13
2011.07.25 01:23:28.236,1.25217,1.25272,1.50,2.18
2011.07.25 01:23:29.434,1.25222,1.25274,1.50,1.13
2011.07.25 01:23:35.375,1.25222,1.25274,1.50,1.13
2011.07.25 01:23:38.964,1.25224,1.25274,1.50,1.13
2011.07.25 01:23:48.474,1.25226,1.25274,2.55,1.13
2011.07.25 01:23:49.035,1.25224,1.25274,1.50,1.13
2011.07.25 01:23:59.365,1.25228,1.25274,1.50,1.13
2011.07.25 01:24:06.289,1.25228,1.25274,1.50,1.13
2011.07.25 01:24:08.522,1.25228,1.25281,1.50,2.63
2011.07.25 01:24:08.854,1.25218,1.25273,1.50,1.50
2011.07.25 01:24:09.414,1.25212,1.25264,1.50,1.88
2011.07.25 01:24:10.976,1.25212,1.25267,1.50,2.55
2011.07.25 01:24:11.095,1.25221,1.25272,1.50,3.75
2011.07.25 01:24:11.326,1.25221,1.25283,1.50,3.75
2011.07.25 01:24:17.337,1.25221,1.25268,1.50,3.00
2011.07.25 01:24:17.454,1.25221,1.25269,1.50,3.75
2011.07.25 01:24:17.575,1.25221,1.2527,1.50,3.00
2011.07.25 01:24:17.695,1.25221,1.25275,1.50,3.75
2011.07.25 01:24:18.475,1.25224,1.25282,3.30,1.13
2011.07.25 01:24:19.793,1.25224,1.25282,3.30,1.13
2011.07.25 01:24:23.505,1.25224,1.25281,1.50,1.50
2011.07.25 01:24:23.625,1.25222,1.25274,1.50,1.80
2011.07.25 01:24:25.595,1.25218,1.25274,1.50,4.43
2011.07.25 01:24:32.434,1.25218,1.25274,1.50,1.80
2011.07.25 01:24:32.664,1.25218,1.25277,3.30,1.13
2011.07.25 01:24:33.006,1.25218,1.25274,3.30,1.88
2011.07.25 01:24:37.366,1.25222,1.25278,1.50,1.13
2011.07.25 01:24:59.434,1.25222,1.25278,1.50,1.13
2011.07.25 01:25:14.359,1.25222,1.25278,1.50,1.13
2011.07.25 01:25:15.556,1.25227,1.25284,2.55,3.38
2011.07.25 01:25:32.799,1.25226,1.25284,2.55,3.38
2011.07.25 01:25:37.260,1.2522,1.25283,3.30,1.80
2011.07.25 01:25:37.377,1.2522,1.25283,2.55,1.80
2011.07.25 01:25:37.495,1.2522,1.25283,1.80,4.43
2011.07.25 01:25:38.055,1.25223,1.25286,1.80,2.25
2011.07.25 01:25:38.175,1.25223,1.25286,1.80,2.25
2011.07.25 01:25:38.416,1.25223,1.25284,2.55,1.50
2011.07.25 01:25:40.324,1.2522,1.25276,2.55,1.50
2011.07.25 01:25:49.474,1.25226,1.25281,1.80,2.25
2011.07.25 01:25:49.804,1.25229,1.25282,1.80,2.25
2011.07.25 01:25:50.034,1.25229,1.25282,2.55,2.25
2011.07.25 01:25:52.565,1.25229,1.25285,3.30,1.50
2011.07.25 01:25:57.355,1.25228,1.25283,1.50,2.63
2011.07.25 01:26:01.046,1.25218,1.25262,1.50,3.75
2011.07.25 01:26:01.167,1.25209,1.25247,1.50,1.50
2011.07.25 01:26:01.287,1.2521,1.25262,1.50,2.25
2011.07.25 01:26:01.408,1.25217,1.2527,1.50,4.50
2011.07.25 01:26:01.526,1.25217,1.2527,1.50,4.50
2011.07.25 01:26:39.625,1.25212,1.25271,1.50,2.25
2011.07.25 01:26:44.357,1.25217,1.25271,1.50,2.25
2011.07.25 01:26:44.698,1.25212,1.25269,1.65,2.55
2011.07.25 01:26:44.926,1.25212,1.25269,1.50,2.55
2011.07.25 01:26:45.374,1.25212,1.25269,1.50,2.55
2011.07.25 01:26:54.569,1.25221,1.25269,1.50,2.55
2011.07.25 01:26:55.015,1.25221,1.25279,1.50,2.55
2011.07.25 01:26:55.355,1.25219,1.25279,2.25,2.55
2011.07.25 01:26:56.508,1.25224,1.25279,4.50,2.55
2011.07.25 01:26:56.627,1.25227,1.25287,1.50,1.50
2011.07.25 01:26:56.855,1.25223,1.25279,2.25,2.55
2011.07.25 01:27:08.229,1.25226,1.25283,1.50,2.63
2011.07.25 01:27:28.785,1.25221,1.25277,1.50,2.55
2011.07.25 01:27:29.176,1.25221,1.25277,1.50,2.55
2011.07.25 01:27:30.067,1.25213,1.25265,2.25,2.55
2011.07.25 01:27:30.846,1.25218,1.25265,1.50,2.55
2011.07.25 01:27:31.185,1.25218,1.25281,1.50,1.50
2011.07.25 01:27:45.821,1.25219,1.25272,1.50,2.55
2011.07.25 01:27:46.605,1.25219,1.25272,1.50,2.55
2011.07.25 01:27:46.947,1.25214,1.25272,1.50,2.55
2011.07.25 01:27:51.545,1.25219,1.25272,1.50,2.55
2011.07.25 01:27:51.776,1.25223,1.25272,1.50,2.55
2011.07.25 01:27:52.125,1.25223,1.25272,1.50,2.55
2011.07.25 01:27:52.568,1.25223,1.25272,1.50,2.55
2011.07.25 01:27:59.786,1.25215,1.25262,1.50,1.80
2011.07.25 01:28:19.704,1.25211,1.25255,1.50,1.80
2011.07.25 01:28:19.816,1.25211,1.25255,1.50,1.80
2011.07.25 01:28:20.045,1.25208,1.25261,1.50,2.55
2011.07.25 01:28:25.526,1.25213,1.25261,1.50,2.55
2011.07.25 01:28:25.998,1.25211,1.25261,1.50,1.80
2011.07.25 01:28:26.557,1.25205,1.25262,1.50,2.55
2011.07.25 01:28:26.895,1.25205,1.25253,1.50,1.88
2011.07.25 01:28:27.234,1.25205,1.25249,1.50,1.80
2011.07.25 01:28:27.565,1.25205,1.25243,1.50,1.88
2011.07.25 01:28:27.686,1.25205,1.25249,1.50,1.80
2011.07.25 01:28:27.916,1.25205,1.25254,1.50,1.88
2011.07.25 01:28:28.558,1.25205,1.25253,1.50,1.88
2011.07.25 01:28:28.676,1.25205,1.25255,1.50,1.80
2011.07.25 01:28:28.908,1.25205,1.25262,1.50,2.55
2011.07.25 01:28:33.577,1.2521,1.25262,1.50,2.55
2011.07.25 01:28:36.945,1.2521,1.25253,1.50,1.88
2011.07.25 01:28:37.317,1.2521,1.25253,1.50,1.88
2011.07.25 01:28:38.277,1.2521,1.25261,1.50,2.55
2011.07.25 01:28:38.835,1.2521,1.25261,1.50,2.55
2011.07.25 01:28:39.518,1.25215,1.25264,1.50,4.43
2011.07.25 01:28:52.598,1.25216,1.25274,2.63,3.38
2011.07.25 01:28:54.635,1.25219,1.25273,1.50,1.50
2011.07.25 01:28:56.789,1.25219,1.25273,1.50,3.38
2011.07.25 01:28:57.536,1.25219,1.25263,1.50,1.88
2011.07.25 01:28:58.094,1.25211,1.25263,1.50,3.68
2011.07.25 01:29:00.175,1.25211,1.25263,1.50,2.55
2011.07.25 01:29:00.289,1.25211,1.25263,1.50,1.80
2011.07.25 01:29:00.405,1.25211,1.25269,1.50,1.50
2011.07.25 01:29:01.602,1.25219,1.25273,1.50,3.38
2011.07.25 01:29:01.826,1.25219,1.25273,1.50,3.38
2011.07.25 01:29:02.166,1.25215,1.2527,1.50,1.50
2011.07.25 01:29:02.725,1.25207,1.25263,2.63,4.43
2011.07.25 01:29:05.255,1.25207,1.25263,2.63,1.88
2011.07.25 01:29:05.589,1.25207,1.25263,2.63,2.63
2011.07.25 01:29:06.250,1.25207,1.25263,2.63,3.38
2011.07.25 01:29:07.285,1.25207,1.25263,2.63,3.38
2011.07.25 01:29:08.854,1.25206,1.25259,2.25,1.13
2011.07.25 01:29:08.970,1.25206,1.25256,2.25,2.18
2011.07.25 01:29:09.199,1.252,1.25253,1.50,2.55
2011.07.25 01:29:09.318,1.25196,1.25253,2.63,2.55
2011.07.25 01:29:09.439,1.25196,1.25258,1.88,1.50
2011.07.25 01:29:10.585,1.25193,1.25254,1.50,2.63
2011.07.25 01:29:11.145,1.25196,1.25253,1.88,1.50
2011.07.25 01:29:11.376,1.25193,1.2525,1.50,2.55
2011.07.25 01:29:11.606,1.25193,1.25243,1.50,1.88
2011.07.25 01:29:11.833,1.25193,1.25243,1.50,2.63
2011.07.25 01:29:12.060,1.2519,1.25243,2.25,1.88
2011.07.25 01:29:12.177,1.25191,1.25243,1.50,1.88
2011.07.25 01:29:12.297,1.25199,1.25259,1.50,1.50
2011.07.25 01:29:15.807,1.25197,1.25258,2.63,1.50
2011.07.25 01:29:15.926,1.25197,1.25258,2.63,1.50
2011.07.25 01:29:16.172,1.25198,1.25258,1.50,1.50
2011.07.25 01:29:16.505,1.25201,1.25258,1.50,1.50
2011.07.25 01:29:16.734,1.25201,1.25258,1.50,1.50
2011.07.25 01:29:17.206,1.25201,1.25258,1.50,1.50
2011.07.25 01:29:17.655,1.25207,1.25258,1.88,1.50
2011.07.25 01:29:19.005,1.25207,1.25259,1.88,1.50
2011.07.25 01:29:21.756,1.25206,1.25269,2.63,2.25
2011.07.25 01:29:22.094,1.25206,1.25269,3.38,2.25
2011.07.25 01:29:23.965,1.2521,1.25273,1.50,1.50
2011.07.25 01:29:24.084,1.2521,1.25273,1.50,1.50
2011.07.25 01:29:25.617,1.25206,1.25264,3.38,2.63
2011.07.25 01:29:25.735,1.25206,1.25264,3.38,2.63
2011.07.25 01:29:32.686,1.25206,1.25259,1.88,1.50
2011.07.25 01:29:32.839,1.25206,1.25264,1.88,3.38
2011.07.25 01:29:32.956,1.25197,1.25263,5.63,1.88
2011.07.25 01:29:34.556,1.25207,1.25263,2.63,1.88
2011.07.25 01:29:35.546,1.25207,1.25263,2.63,2.63
2011.07.25 01:29:43.517,1.25201,1.25264,1.50,3.38
2011.07.25 01:29:43.638,1.25196,1.25264,1.88,3.38
2011.07.25 01:29:43.757,1.25193,1.25254,3.00,1.88
2011.07.25 01:29:44.370,1.25197,1.25263,1.88,2.63
2011.07.25 01:29:52.237,1.25209,1.25263,3.00,2.63
2011.07.25 01:29:52.632,1.25216,1.25274,3.00,2.63
2011.07.25 01:29:52.755,1.25227,1.25296,3.00,1.73
2011.07.25 01:29:53.086,1.25237,1.25296,1.88,1.65
2011.07.25 01:29:53.446,1.25237,1.25296,1.88,1.65
2011.07.25 01:29:53.568,1.25241,1.25295,3.00,1.19
2011.07.25 01:29:53.797,1.25241,1.25295,3.00,1.19
2011.07.25 01:29:54.617,1.25241,1.25295,3.75,1.19
2011.07.25 01:29:55.606,1.25241,1.25305,3.75,1.15
2011.07.25 01:29:55.946,1.25248,1.25305,1.50,1.15
2011.07.25 01:29:56.508,1.25251,1.25316,3.75,1.06
2011.07.25 01:29:57.175,1.25248,1.25314,3.00,3.83
2011.07.25 01:29:57.297,1.25238,1.25314,3.00,3.91
2011.07.25 01:29:57.810,1.25237,1.25311,3.00,3.91
2011.07.25 01:30:02.805,1.25237,1.25311,3.00,3.00
2011.07.25 01:30:02.928,1.25236,1.25324,2.63,1.50
2011.07.25 01:30:03.457,1.25253,1.25374,2.25,1.88
2011.07.25 01:30:03.583,1.25267,1.25374,1.88,2.25
2011.07.25 01:30:03.962,1.25267,1.25356,1.88,1.50
2011.07.25 01:30:04.077,1.25256,1.25354,1.88,2.63
2011.07.25 01:30:04.259,1.25256,1.25354,1.88,2.63
2011.07.25 01:30:04.376,1.25266,1.25354,1.88,2.63
2011.07.25 01:30:04.617,1.25266,1.25365,1.88,2.25
2011.07.25 01:30:04.779,1.25273,1.25374,1.50,1.88
2011.07.25 01:30:04.902,1.25276,1.25384,2.63,1.88
2011.07.25 01:30:05.018,1.25286,1.25394,1.88,1.88
2011.07.25 01:30:05.246,1.25286,1.25388,1.88,2.25
2011.07.25 01:30:05.539,1.25197,1.25399,2.63,1.50
2011.07.25 01:30:05.656,1.25186,1.25374,3.38,1.88
2011.07.25 01:30:05.998,1.25216,1.25374,1.88,1.88
2011.07.25 01:30:06.335,1.25247,1.25383,1.88,1.88
2011.07.25 01:30:06.665,1.25257,1.25393,1.88,1.88
2011.07.25 01:30:06.884,1.25266,1.25404,1.88,1.88
2011.07.25 01:30:06.994,1.25244,1.25418,1.42,1.50
2011.07.25 01:30:07.325,1.25244,1.25408,1.42,1.50
2011.07.25 01:30:07.791,1.25254,1.25413,1.50,1.50
2011.07.25 01:30:08.131,1.25267,1.25403,2.63,1.88
2011.07.25 01:30:08.472,1.25257,1.25393,2.63,1.88
2011.07.25 01:30:08.587,1.25266,1.25394,2.63,1.88
2011.07.25 01:30:08.705,1.25266,1.25394,1.88,1.88
2011.07.25 01:30:08.817,1.25256,1.25384,1.88,1.50
2011.07.25 01:30:09.594,1.25237,1.25393,2.63,1.88
2011.07.25 01:30:09.818,1.25237,1.25393,1.88,1.88
2011.07.25 01:30:10.045,1.25226,1.25384,1.88,1.88
2011.07.25 01:30:10.154,1.25227,1.25363,1.88,1.88
2011.07.25 01:30:10.484,1.25217,1.25343,1.88,1.88
2011.07.25 01:30:11.606,1.25217,1.25343,2.63,1.88
2011.07.25 01:30:12.167,1.25217,1.25343,2.63,1.88
2011.07.25 01:30:12.539,1.25207,1.25313,2.63,1.88
2011.07.25 01:30:12.876,1.25227,1.25324,1.50,2.63
2011.07.25 01:30:13.216,1.25216,1.25314,1.50,1.88
2011.07.25 01:30:17.697,1.25234,1.25309,3.75,1.50
2011.07.25 01:30:17.816,1.25248,1.25323,3.75,2.63
2011.07.25 01:30:18.157,1.25242,1.25318,3.75,3.75
2011.07.25 01:30:19.484,1.25249,1.25323,3.75,3.00
2011.07.25 01:30:19.815,1.25243,1.25319,3.75,6.00
2011.07.25 01:30:20.124,1.25241,1.25317,3.75,3.00
2011.07.25 01:30:20.238,1.25241,1.25317,3.75,3.75
2011.07.25 01:30:21.205,1.25237,1.25312,2.63,3.75
2011.07.25 01:30:21.545,1.25239,1.25306,3.75,1.13
2011.07.25 01:30:22.098,1.25239,1.25303,3.75,1.13
2011.07.25 01:30:22.657,1.25229,1.25304,3.75,1.13
2011.07.25 01:30:22.888,1.25229,1.25303,3.75,3.75
2011.07.25 01:30:23.226,1.25234,1.25305,1.13,3.75
2011.07.25 01:30:23.675,1.25237,1.25313,3.75,3.75
2011.07.25 01:30:24.975,1.25236,1.25311,3.38,3.75
2011.07.25 01:30:25.318,1.25248,1.25323,3.75,3.75
2011.07.25 01:30:25.654,1.25245,1.25321,6.75,3.75
2011.07.25 01:30:26.605,1.25243,1.25316,3.00,1.50
2011.07.25 01:30:26.970,1.25243,1.25303,3.75,1.88
2011.07.25 01:30:27.093,1.25258,1.25319,1.50,3.75
2011.07.25 01:30:27.322,1.25256,1.25322,1.50,3.00
2011.07.25 01:30:27.437,1.25245,1.25319,3.75,3.00
2011.07.25 01:30:27.558,1.25237,1.25308,2.63,3.75
2011.07.25 01:30:32.634,1.25239,1.25315,3.75,3.75
2011.07.25 01:30:32.893,1.25239,1.25315,3.75,3.75
2011.07.25 01:30:33.925,1.25243,1.25317,3.00,3.75
2011.07.25 01:30:34.270,1.25237,1.2531,1.88,3.75
2011.07.25 01:30:34.844,1.25236,1.25303,3.00,2.63
2011.07.25 01:30:36.235,1.25234,1.25303,3.00,2.63
2011.07.25 01:30:36.905,1.25233,1.25309,3.00,3.75
2011.07.25 01:30:37.454,1.2523,1.25301,3.75,1.13
2011.07.25 01:30:37.569,1.25239,1.25301,3.00,1.13
2011.07.25 01:30:37.908,1.25222,1.25297,3.75,1.13
2011.07.25 01:30:38.028,1.25239,1.25297,3.00,1.13
2011.07.25 01:30:39.278,1.2524,1.25305,3.00,1.13
2011.07.25 01:30:40.375,1.25241,1.25305,3.00,1.13
2011.07.25 01:30:41.345,1.25238,1.25305,3.00,1.13
2011.07.25 01:30:41.466,1.25235,1.25301,3.00,1.13
2011.07.25 01:30:43.557,1.25233,1.25309,3.00,3.75
2011.07.25 01:30:45.907,1.25222,1.25296,3.75,3.75
2011.07.25 01:30:46.809,1.25242,1.25314,3.00,2.63
2011.07.25 01:30:47.144,1.25249,1.25323,3.00,3.38
2011.07.25 01:30:47.698,1.25248,1.25318,3.00,1.50
2011.07.25 01:30:48.042,1.25248,1.25318,3.00,1.50
2011.07.25 01:30:48.975,1.25246,1.25318,3.00,1.50
2011.07.25 01:30:49.694,1.25244,1.25312,3.00,3.75
2011.07.25 01:30:50.105,1.25238,1.25312,3.00,3.75
2011.07.25 01:30:51.807,1.25239,1.25312,3.00,3.75
2011.07.25 01:30:51.926,1.25241,1.25315,3.00,3.75
2011.07.25 01:30:53.557,1.25244,1.25318,3.00,3.75
2011.07.25 01:30:55.370,1.25241,1.25317,3.75,3.75
2011.07.25 01:30:55.924,1.25241,1.25317,3.75,3.75
2011.07.25 01:30:58.757,1.25252,1.25324,3.00,1.50
2011.07.25 01:30:58.988,1.25248,1.25322,3.75,3.75
2011.07.25 01:30:59.106,1.25247,1.25321,1.88,3.75
2011.07.25 01:30:59.335,1.25245,1.2532,3.00,3.75
2011.07.25 01:30:59.621,1.25244,1.25319,1.50,3.75
2011.07.25 01:31:00.175,1.25247,1.25319,1.50,3.75
2011.07.25 01:31:00.516,1.25248,1.25319,1.50,3.75
2011.07.25 01:31:00.855,1.25247,1.25319,1.50,3.75
2011.07.25 01:31:03.176,1.25248,1.25321,1.50,3.75
2011.07.25 01:31:03.518,1.25253,1.25329,3.00,3.75
2011.07.25 01:31:03.745,1.25248,1.25324,4.50,3.75
2011.07.25 01:31:03.865,1.25248,1.25323,3.75,2.63
2011.07.25 01:31:03.986,1.25252,1.25323,3.00,2.63
2011.07.25 01:31:04.329,1.2525,1.25314,3.00,3.75
2011.07.25 01:31:04.447,1.25245,1.25314,1.50,3.75
2011.07.25 01:31:04.677,1.25241,1.25311,1.50,3.75
2011.07.25 01:31:05.974,1.25241,1.25316,1.50,3.75
2011.07.25 01:31:07.562,1.25244,1.25314,1.50,2.63
2011.07.25 01:31:08.578,1.25246,1.25318,1.50,4.50
2011.07.25 01:31:10.018,1.25246,1.25318,2.25,3.75
2011.07.25 01:31:11.455,1.2525,1.25318,1.50,1.50
2011.07.25 01:31:14.166,1.25257,1.25319,3.00,1.50
2011.07.25 01:31:14.286,1.25258,1.25321,3.75,1.50
2011.07.25 01:31:14.836,1.25252,1.25323,6.75,2.63
2011.07.25 01:31:15.339,1.25254,1.25323,1.50,2.63
2011.07.25 01:31:16.507,1.25254,1.25323,1.50,3.38
2011.07.25 01:31:17.090,1.25255,1.25323,1.50,2.63
2011.07.25 01:31:17.539,1.2526,1.25329,1.50,1.50
2011.07.25 01:31:18.308,1.25261,1.25333,4.50,5.63
2011.07.25 01:31:18.539,1.2526,1.25333,1.50,5.63
2011.07.25 01:31:21.747,1.25258,1.25333,3.00,2.63
2011.07.25 01:31:21.866,1.25253,1.25329,4.50,3.75
2011.07.25 01:31:22.416,1.25254,1.25326,1.50,3.75
2011.07.25 01:31:22.756,1.25259,1.25329,1.50,3.75
2011.07.25 01:31:25.966,1.25256,1.2533,7.43,3.75
2011.07.25 01:31:26.528,1.25258,1.25325,1.80,2.55
2011.07.25 01:31:27.539,1.25258,1.25325,2.55,2.55
2011.07.25 01:31:28.642,1.25258,1.25323,2.55,1.50
2011.07.25 01:31:30.697,1.25258,1.25325,2.55,2.55
2011.07.25 01:31:31.038,1.2526,1.25321,2.55,2.55
2011.07.25 01:31:32.150,1.2526,1.25321,1.80,2.55
2011.07.25 01:31:32.669,1.2526,1.25321,2.55,2.55
2011.07.25 01:31:32.896,1.25265,1.25323,1.80,1.50
2011.07.25 01:31:33.018,1.25261,1.2532,1.80,2.55
2011.07.25 01:31:34.027,1.25261,1.2532,1.80,2.55
2011.07.25 01:31:34.667,1.25261,1.2532,2.55,2.55
2011.07.25 01:31:37.697,1.25261,1.25318,2.55,1.50
2011.07.25 01:31:38.236,1.25261,1.25318,1.80,1.50
2011.07.25 01:31:38.358,1.25252,1.25315,5.55,2.55
2011.07.25 01:31:39.938,1.25253,1.25314,3.00,1.50
2011.07.25 01:31:40.849,1.25254,1.25314,3.00,1.50
2011.07.25 01:31:41.080,1.25259,1.25322,3.00,2.55
2011.07.25 01:31:42.428,1.25259,1.25322,3.00,2.55
2011.07.25 01:31:43.559,1.25259,1.25322,3.75,2.55
2011.07.25 01:31:44.026,1.25259,1.25318,3.00,1.50
2011.07.25 01:31:44.146,1.25254,1.25315,3.75,2.55
2011.07.25 01:31:44.485,1.25254,1.25315,3.00,2.55
2011.07.25 01:31:45.372,1.25254,1.25315,3.75,2.55
2011.07.25 01:31:45.706,1.25258,1.25321,3.00,2.55
2011.07.25 01:31:46.528,1.25258,1.25321,3.75,2.55
2011.07.25 01:31:46.880,1.25258,1.25321,3.75,2.55
2011.07.25 01:31:47.436,1.25263,1.25327,1.80,2.55
2011.07.25 01:31:47.559,1.25264,1.25327,3.00,2.55
2011.07.25 01:31:48.135,1.25263,1.25327,1.80,2.55
2011.07.25 01:31:49.495,1.25263,1.25323,1.80,1.50
2011.07.25 01:31:49.616,1.25256,1.25323,4.43,3.30
2011.07.25 01:31:50.637,1.25256,1.25323,2.55,3.30
2011.07.25 01:31:55.218,1.25264,1.25323,1.35,3.30
2011.07.25 01:31:55.338,1.25276,1.25334,1.80,3.38
2011.07.25 01:31:55.724,1.25255,1.25313,3.75,2.55
2011.07.25 01:31:55.838,1.25255,1.25313,3.75,2.55
2011.07.25 01:31:56.706,1.25251,1.25313,6.30,2.55
2011.07.25 01:31:57.836,1.25257,1.25322,3.75,2.25
2011.07.25 01:31:58.175,1.25257,1.25315,1.50,2.55
2011.07.25 01:31:58.598,1.25257,1.25315,1.50,2.55
2011.07.25 01:32:02.586,1.25259,1.25321,1.50,2.25
2011.07.25 01:32:03.688,1.25256,1.25318,1.80,1.50
2011.07.25 01:32:04.247,1.25247,1.25314,2.63,1.50
2011.07.25 01:32:10.376,1.25254,1.25314,2.55,1.50
2011.07.25 01:32:13.027,1.25249,1.25309,2.55,2.55
2011.07.25 01:32:13.777,1.25246,1.25306,1.50,2.55
2011.07.25 01:32:14.007,1.25246,1.25306,1.50,2.55
2011.07.25 01:32:18.051,1.25254,1.25313,2.55,3.38
2011.07.25 01:32:18.498,1.25254,1.25314,2.55,1.50
2011.07.25 01:32:40.766,1.25257,1.25319,1.80,4.50
2011.07.25 01:32:43.066,1.25252,1.25313,1.50,2.55
2011.07.25 01:32:54.288,1.25257,1.25318,1.80,1.50
2011.07.25 01:32:54.846,1.25252,1.25318,3.75,1.50
2011.07.25 01:32:55.295,1.25259,1.25321,3.00,2.25
2011.07.25 01:32:55.517,1.25251,1.25322,3.75,2.25
2011.07.25 01:33:01.406,1.25257,1.25322,3.00,1.50
2011.07.25 01:33:07.205,1.25259,1.25326,3.00,1.50
2011.07.25 01:33:08.306,1.25257,1.25326,3.00,1.50
2011.07.25 01:33:09.107,1.2526,1.25326,3.00,1.50
2011.07.25 01:33:17.337,1.25262,1.25326,3.00,1.50
2011.07.25 01:33:17.678,1.25263,1.25326,3.00,2.25
2011.07.25 01:33:18.017,1.25255,1.2532,3.75,2.55
2011.07.25 01:33:18.562,1.25242,1.25302,1.50,3.75
2011.07.25 01:33:18.896,1.25232,1.25289,1.50,1.80
2011.07.25 01:33:23.220,1.2523,1.25289,2.25,2.55
2011.07.25 01:33:23.776,1.2523,1.2529,1.50,2.55
2011.07.25 01:33:24.664,1.2523,1.25289,2.25,1.50
2011.07.25 01:33:25.616,1.25231,1.25289,1.50,1.50
2011.07.25 01:33:35.367,1.25242,1.25289,1.35,1.50
2011.07.25 01:33:35.709,1.25224,1.25263,1.50,1.80
2011.07.25 01:33:35.828,1.25224,1.25279,1.35,2.55
2011.07.25 01:33:35.948,1.25224,1.25279,1.35,2.55
2011.07.25 01:33:36.068,1.25226,1.2529,2.63,1.35
2011.07.25 01:33:36.519,1.25237,1.253,3.75,2.55
2011.07.25 01:33:38.096,1.25231,1.25284,1.50,2.55
2011.07.25 01:33:38.546,1.25231,1.25271,1.50,1.80
2011.07.25 01:33:38.778,1.25214,1.25276,2.55,2.55
2011.07.25 01:33:39.225,1.2521,1.25273,3.75,1.88
2011.07.25 01:33:39.665,1.25207,1.25273,3.23,2.63
2011.07.25 01:33:40.997,1.25203,1.25271,1.50,1.35
2011.07.25 01:33:41.335,1.25203,1.25263,1.50,1.88
2011.07.25 01:33:46.087,1.25222,1.25276,1.50,1.50
2011.07.25 01:33:46.206,1.25222,1.25279,1.50,2.55
2011.07.25 01:33:46.326,1.25222,1.25279,1.50,2.55
2011.07.25 01:33:47.468,1.25228,1.25286,1.50,1.80
2011.07.25 01:33:48.337,1.25228,1.25297,1.50,3.75
2011.07.25 01:33:49.228,1.25228,1.2528,1.50,2.55
2011.07.25 01:33:49.785,1.25228,1.25287,1.50,1.80
2011.07.25 01:33:50.578,1.25228,1.25297,1.50,3.75
2011.07.25 01:33:51.472,1.25239,1.25304,1.50,2.63
2011.07.25 01:33:51.809,1.25242,1.25306,1.50,3.75
2011.07.25 01:33:52.352,1.25243,1.25317,3.00,5.25
2011.07.25 01:33:53.676,1.25242,1.25315,1.50,3.75
2011.07.25 01:34:16.678,1.25236,1.25309,3.75,1.50
2011.07.25 01:34:17.018,1.25234,1.25276,3.75,1.35
2011.07.25 01:34:17.356,1.25214,1.25267,1.87,1.31
2011.07.25 01:34:17.479,1.25222,1.25276,1.50,3.75
2011.07.25 01:34:17.708,1.25221,1.25286,1.50,3.75
2011.07.25 01:34:17.937,1.25217,1.25276,3.75,2.55
2011.07.25 01:34:18.277,1.25222,1.25296,3.75,3.90
2011.07.25 01:34:18.726,1.25224,1.25298,3.75,3.75
2011.07.25 01:34:32.581,1.25231,1.25298,3.00,3.75
2011.07.25 01:34:33.136,1.25226,1.25295,1.50,3.75
2011.07.25 01:34:52.116,1.25222,1.25287,1.50,1.80
2011.07.25 01:34:52.459,1.25222,1.25268,1.50,1.80
2011.07.25 01:34:53.129,1.25206,1.25265,1.50,1.80
2011.07.25 01:34:54.359,1.25208,1.2528,3.75,2.55
2011.07.25 01:34:54.479,1.25208,1.2528,3.75,2.55
2011.07.25 01:34:55.966,1.25208,1.25279,3.75,1.50
2011.07.25 01:34:57.569,1.2521,1.25279,3.75,3.30
2011.07.25 01:34:59.896,1.25206,1.25272,1.50,2.55
2011.07.25 01:35:00.839,1.25205,1.2528,1.50,5.55
2011.07.25 01:35:01.399,1.25208,1.25278,3.75,1.50
2011.07.25 01:35:01.520,1.2521,1.25283,3.75,2.63
2011.07.25 01:35:01.841,1.25215,1.25288,3.75,3.75
2011.07.25 01:35:02.509,1.25218,1.25294,3.75,8.18
2011.07.25 01:35:04.042,1.25224,1.25293,3.75,1.50
2011.07.25 01:35:04.785,1.25232,1.25299,1.50,3.75
2011.07.25 01:35:06.549,1.25245,1.25315,3.75,1.26
2011.07.25 01:35:06.996,1.25243,1.25315,3.75,1.26
2011.07.25 01:35:08.706,1.25246,1.25315,1.50,1.26
2011.07.25 01:35:11.179,1.25251,1.25315,2.55,1.26
2011.07.25 01:35:11.717,1.25251,1.25315,1.80,1.26
2011.07.25 01:35:12.427,1.25251,1.25315,1.80,1.26
2011.07.25 01:35:12.996,1.25251,1.25315,2.55,1.26
2011.07.25 01:35:14.593,1.25251,1.25315,2.55,1.26
2011.07.25 01:35:36.806,1.25249,1.25315,2.10,1.26
2011.07.25 01:35:38.624,1.25249,1.25314,1.35,1.65
2011.07.25 01:35:39.607,1.25249,1.25313,2.10,1.65
2011.07.25 01:35:41.537,1.25247,1.25313,1.50,3.53
2011.07.25 01:35:41.769,1.25243,1.25313,1.50,3.53
2011.07.25 01:35:42.682,1.25243,1.25309,1.50,1.65
2011.07.25 01:35:43.963,1.25246,1.25309,1.50,1.65
2011.07.25 01:35:45.606,1.25278,1.25304,1.50,2.63
2011.07.25 01:35:46.636,1.25278,1.25304,1.50,2.63
2011.07.25 01:35:47.209,1.25278,1.25304,1.50,2.63
2011.07.25 01:35:47.737,1.25278,1.25304,1.50,2.63
2011.07.25 01:35:48.468,1.25278,1.25309,1.50,1.65
2011.07.25 01:35:49.239,1.25278,1.25309,1.50,1.65
2011.07.25 01:35:49.805,1.25278,1.25309,1.50,1.65
2011.07.25 01:35:50.605,1.25278,1.25304,1.50,2.63
2011.07.25 01:36:05.756,1.25278,1.25304,1.50,2.25
2011.07.25 01:36:08.286,1.25278,1.25304,1.50,2.25
2011.07.25 01:36:08.858,1.25278,1.25304,1.50,2.25
2011.07.25 01:36:10.395,1.25278,1.25304,1.50,2.25
2011.07.25 01:36:10.985,1.25278,1.25304,1.50,2.25
2011.07.25 01:36:14.115,1.25278,1.25304,1.50,2.25
2011.07.25 01:36:14.685,1.25279,1.25303,1.50,2.25
2011.07.25 01:36:15.245,1.25278,1.25303,1.50,2.63
2011.07.25 01:36:15.796,1.25278,1.25303,1.50,2.25
2011.07.25 01:36:16.355,1.25278,1.25303,1.50,2.63
2011.07.25 01:36:23.644,1.25242,1.25304,1.50,2.25
2011.07.25 01:36:23.758,1.25278,1.25304,1.05,2.25
2011.07.25 01:36:27.878,1.25278,1.25304,1.05,2.25
2011.07.25 01:36:29.907,1.25278,1.25304,1.05,5.63
2011.07.25 01:36:34.256,1.25278,1.25293,1.05,2.63
2011.07.25 01:36:34.918,1.25279,1.25293,1.05,2.63
2011.07.25 01:36:40.945,1.25278,1.25293,1.05,1.88
2011.07.25 01:36:42.954,1.25278,1.25293,1.05,1.88
2011.07.25 01:36:44.156,1.25278,1.25293,1.05,1.88
2011.07.25 01:36:47.569,1.25222,1.25293,1.50,2.63
2011.07.25 01:36:57.956,1.25232,1.25302,1.50,3.75
2011.07.25 01:36:58.517,1.25226,1.25296,1.50,1.50
2011.07.25 01:37:01.365,1.25232,1.25296,1.50,5.10
2011.07.25 01:37:01.585,1.25232,1.25296,1.50,5.10
2011.07.25 01:37:03.160,1.25221,1.2529,1.50,3.75
2011.07.25 01:37:04.130,1.25216,1.25284,1.50,3.00
2011.07.25 01:37:04.688,1.25221,1.2529,3.75,1.50
2011.07.25 01:37:04.916,1.2522,1.25291,2.55,2.10
2011.07.25 01:37:05.978,1.25226,1.25291,1.50,2.10
2011.07.25 01:37:06.833,1.25227,1.25291,5.18,1.50
2011.07.25 01:37:08.146,1.25231,1.25288,1.50,1.80
2011.07.25 01:37:09.019,1.25232,1.25296,1.50,3.30
2011.07.25 01:37:09.142,1.25232,1.25296,1.50,3.30
2011.07.25 01:37:10.738,1.25227,1.25294,2.63,3.00
2011.07.25 01:37:11.076,1.25217,1.25289,1.50,3.00
2011.07.25 01:37:11.470,1.25221,1.25292,1.50,1.50
2011.07.25 01:37:16.500,1.25221,1.25279,3.75,3.00
2011.07.25 01:37:16.839,1.25212,1.25266,1.65,1.80
2011.07.25 01:37:18.596,1.25205,1.25265,1.31,3.60
2011.07.25 01:37:18.938,1.25205,1.25258,1.22,1.80
2011.07.25 01:37:19.276,1.25204,1.25254,1.26,1.80
2011.07.25 01:37:34.326,1.25204,1.25246,1.26,1.80
2011.07.25 01:37:34.887,1.25204,1.25247,1.26,1.80
2011.07.25 01:37:40.739,1.25204,1.25247,1.26,1.80
2011.07.25 01:37:40.859,1.25204,1.25239,1.26,1.80
2011.07.25 01:37:40.978,1.25204,1.25239,1.26,1.80
2011.07.25 01:37:43.728,1.25204,1.25239,1.26,1.80
2011.07.25 01:37:43.957,1.25204,1.25248,1.26,1.80
2011.07.25 01:37:50.596,1.25204,1.25247,1.26,2.40
2011.07.25 01:37:50.938,1.25204,1.25247,1.26,1.80
2011.07.25 01:37:51.709,1.25204,1.25253,1.26,1.88
2011.07.25 01:37:52.606,1.25204,1.25258,1.05,2.55
2011.07.25 01:37:52.837,1.25204,1.25248,1.05,1.80
2011.07.25 01:37:55.566,1.25204,1.25248,1.05,2.40
2011.07.25 01:37:56.017,1.25204,1.25248,1.22,2.40
2011.07.25 01:38:17.316,1.25204,1.25243,1.25,2.48
2011.07.25 01:38:17.550,1.25204,1.25228,1.08,1.80
2011.07.25 01:38:17.780,1.25195,1.25234,1.08,1.80
2011.07.25 01:38:18.118,1.25192,1.25232,1.46,2.55
2011.07.25 01:38:18.567,1.25193,1.25232,1.46,1.80
2011.07.25 01:38:22.186,1.25196,1.25235,1.08,1.35
2011.07.25 01:38:22.717,1.25193,1.25235,1.46,1.35
2011.07.25 01:38:23.058,1.25189,1.25235,1.46,3.15
2011.07.25 01:38:23.730,1.25183,1.25227,1.46,1.35
2011.07.25 01:38:24.054,1.25179,1.2522,1.36,2.55
2011.07.25 01:38:24.173,1.25179,1.2523,1.36,2.55
2011.07.25 01:38:24.290,1.25194,1.2523,1.20,1.80
2011.07.25 01:38:24.410,1.25194,1.25238,1.20,2.55
2011.07.25 01:38:24.750,1.25195,1.25246,1.10,1.80
2011.07.25 01:38:28.145,1.25195,1.25246,1.10,2.55
2011.07.25 01:38:28.480,1.25192,1.25231,1.07,1.80
2011.07.25 01:38:28.597,1.25192,1.25238,1.07,2.55
2011.07.25 01:38:28.826,1.25194,1.25238,1.07,1.80
2011.07.25 01:38:30.937,1.25194,1.2524,1.07,1.50
2011.07.25 01:38:31.457,1.25191,1.25238,1.07,2.55
2011.07.25 01:38:31.910,1.25189,1.25241,1.56,2.55
2011.07.25 01:38:32.359,1.25189,1.25241,1.56,1.80
2011.07.25 01:38:32.652,1.25189,1.25244,4.11,1.88
2011.07.25 01:38:33.358,1.25191,1.25243,1.69,1.50
2011.07.25 01:38:33.817,1.25207,1.25259,1.38,1.35
2011.07.25 01:38:33.937,1.25207,1.25262,1.38,2.40
2011.07.25 01:38:34.057,1.25207,1.25256,1.38,1.80
2011.07.25 01:38:34.288,1.25207,1.25254,1.38,1.88
2011.07.25 01:38:35.507,1.25207,1.25254,1.38,1.88
2011.07.25 01:38:36.829,1.25208,1.25263,2.58,2.63
2011.07.25 01:38:37.191,1.25208,1.25263,2.58,1.88
2011.07.25 01:38:37.312,1.25212,1.2527,1.38,3.30
2011.07.25 01:38:37.758,1.25212,1.25264,2.13,1.88
2011.07.25 01:38:37.987,1.25212,1.25272,2.13,2.25
2011.07.25 01:38:38.107,1.25212,1.25273,1.38,2.63
2011.07.25 01:38:38.227,1.25212,1.25271,1.38,1.50
2011.07.25 01:38:38.566,1.25212,1.25263,1.38,1.88
2011.07.25 01:38:40.528,1.25217,1.25263,1.50,1.88
2011.07.25 01:38:40.759,1.25207,1.25252,2.58,1.35
2011.07.25 01:38:40.880,1.25207,1.25247,2.58,1.20
2011.07.25 01:38:41.001,1.25189,1.2523,4.66,1.80
2011.07.25 01:38:41.122,1.25191,1.25244,1.63,1.88
2011.07.25 01:38:41.567,1.25189,1.25244,3.95,2.55
2011.07.25 01:38:41.954,1.25187,1.25236,2.82,1.80
2011.07.25 01:38:43.868,1.25186,1.25243,4.62,2.63
2011.07.25 01:38:43.989,1.25186,1.25243,4.62,1.88
2011.07.25 01:38:44.549,1.25192,1.25251,1.68,2.55
2011.07.25 01:38:44.668,1.25192,1.25251,1.68,2.55
2011.07.25 01:38:44.787,1.25196,1.25251,2.74,2.55
2011.07.25 01:38:46.208,1.25202,1.25255,1.61,2.55
2011.07.25 01:38:48.326,1.25206,1.25263,2.63,3.30
2011.07.25 01:38:49.819,1.25213,1.25269,1.35,1.50
2011.07.25 01:38:50.256,1.25216,1.25274,2.63,3.38
2011.07.25 01:38:50.589,1.25216,1.25266,3.38,2.55
2011.07.25 01:38:51.537,1.25216,1.25266,3.38,2.55
2011.07.25 01:38:53.057,1.25213,1.25273,1.35,2.63
2011.07.25 01:38:53.398,1.25207,1.25263,2.63,2.55
2011.07.25 01:38:53.519,1.25206,1.25263,4.13,2.55
2011.07.25 01:38:55.617,1.25206,1.25263,3.38,2.55
2011.07.25 01:38:58.613,1.25213,1.25264,1.50,2.63
2011.07.25 01:39:00.198,1.25216,1.25266,1.88,2.55
2011.07.25 01:39:00.322,1.25207,1.25263,3.38,4.43
2011.07.25 01:39:00.660,1.25207,1.25263,3.38,4.43
2011.07.25 01:39:06.987,1.25207,1.25263,3.38,5.18
2011.07.25 01:39:13.524,1.25217,1.25271,1.35,1.35
2011.07.25 01:39:14.079,1.25216,1.25281,2.55,2.55
2011.07.25 01:39:15.626,1.25218,1.25281,1.50,2.55
2011.07.25 01:39:16.046,1.25232,1.25288,2.55,3.75
2011.07.25 01:39:16.386,1.25237,1.25293,2.63,2.63
2011.07.25 01:39:16.728,1.25251,1.253,1.80,1.50
2011.07.25 01:39:16.957,1.25237,1.25294,2.63,2.55
2011.07.25 01:39:17.405,1.25237,1.25293,2.63,2.63
2011.07.25 01:39:18.338,1.25237,1.25293,2.63,2.63
2011.07.25 01:39:18.465,1.25237,1.25293,2.63,2.63
2011.07.25 01:39:21.876,1.25239,1.25293,2.55,2.63
2011.07.25 01:39:22.559,1.25246,1.25293,1.13,2.25
2011.07.25 01:39:24.226,1.25246,1.25298,3.23,1.50
2011.07.25 01:39:24.457,1.25248,1.25304,1.35,3.38
2011.07.25 01:39:49.846,1.25246,1.25297,1.88,1.50
2011.07.25 01:39:50.077,1.25234,1.25283,1.50,2.55
2011.07.25 01:39:51.236,1.25227,1.25292,3.30,2.55
2011.07.25 01:40:05.013,1.25236,1.25293,2.63,1.50
2011.07.25 01:40:05.127,1.25236,1.25291,2.63,2.55
2011.07.25 01:40:06.029,1.25236,1.25291,3.38,2.55
2011.07.25 01:40:06.256,1.25236,1.25293,2.63,1.50
2011.07.25 01:40:06.487,1.25238,1.25291,1.35,2.55
2011.07.25 01:40:06.826,1.25238,1.25293,1.35,2.63
2011.07.25 01:40:08.750,1.25241,1.25293,1.50,2.63
2011.07.25 01:40:17.166,1.25237,1.25293,2.63,2.63
2011.07.25 01:40:17.294,1.25228,1.25285,1.50,1.80
2011.07.25 01:40:17.627,1.25226,1.25284,3.38,2.63
2011.07.25 01:40:18.185,1.25217,1.25279,1.50,1.80
2011.07.25 01:40:22.307,1.25217,1.25288,1.50,2.10
2011.07.25 01:40:23.000,1.25218,1.25273,2.25,3.75
2011.07.25 01:40:23.509,1.25204,1.25256,2.99,1.80
2011.07.25 01:40:23.611,1.25206,1.25264,1.65,2.63
2011.07.25 01:40:40.013,1.25207,1.25271,3.53,3.75
2011.07.25 01:40:40.288,1.25204,1.25263,1.36,1.88
2011.07.25 01:41:00.317,1.25204,1.25264,1.14,2.63
2011.07.25 01:41:02.176,1.25204,1.25264,1.14,2.63
2011.07.25 01:41:07.678,1.25204,1.25264,1.14,1.88
2011.07.25 01:41:08.018,1.25207,1.25274,1.65,2.63
2011.07.25 01:41:08.246,1.25213,1.25274,1.65,2.63
2011.07.25 01:41:17.697,1.25218,1.25278,1.50,1.50
2011.07.25 01:41:24.368,1.25225,1.25279,1.35,3.30
2011.07.25 01:41:24.597,1.25227,1.25279,1.50,1.50
2011.07.25 01:41:31.227,1.25226,1.25279,1.50,1.80
2011.07.25 01:41:31.819,1.25226,1.25282,1.50,2.55
2011.07.25 01:41:42.668,1.25236,1.25294,1.50,2.63
2011.07.25 01:41:43.007,1.25237,1.25289,2.63,2.55
2011.07.25 01:42:00.596,1.25236,1.25289,1.50,1.80
2011.07.25 01:42:00.716,1.25236,1.25294,1.50,2.63
2011.07.25 01:42:00.827,1.25236,1.25294,3.38,2.63
2011.07.25 01:42:02.928,1.25241,1.25294,1.50,2.63
2011.07.25 01:42:10.827,1.25238,1.2529,1.35,2.55
2011.07.25 01:42:11.386,1.25238,1.25289,1.35,2.55
2011.07.25 01:42:19.889,1.25241,1.25293,1.50,2.63
2011.07.25 01:42:20.010,1.25241,1.25293,1.50,2.63
2011.07.25 01:42:21.218,1.25245,1.25293,1.50,1.88
2011.07.25 01:42:21.777,1.25246,1.25301,3.38,2.55
2011.07.25 01:42:50.216,1.25247,1.25296,3.38,1.35
2011.07.25 01:42:52.492,1.25238,1.25294,1.35,2.63
2011.07.25 01:43:02.916,1.25247,1.25293,2.63,2.63
2011.07.25 01:43:03.737,1.25247,1.25293,2.63,2.63
2011.07.25 01:43:04.079,1.25238,1.25289,1.35,2.55
2011.07.25 01:43:04.309,1.25238,1.25284,1.35,1.88
2011.07.25 01:43:05.068,1.25238,1.25294,1.35,2.63
2011.07.25 01:43:05.528,1.25246,1.25294,2.63,2.63
2011.07.25 01:43:05.897,1.25246,1.25294,2.63,2.63
2011.07.25 01:43:06.639,1.25246,1.25294,2.63,2.63
2011.07.25 01:43:09.256,1.25246,1.25294,2.63,2.63
2011.07.25 01:43:10.710,1.25246,1.25294,2.63,2.63
2011.07.25 01:43:11.139,1.25246,1.25294,1.88,2.63
2011.07.25 01:43:16.239,1.25246,1.25296,1.88,2.55
2011.07.25 01:43:16.468,1.25246,1.25304,1.88,2.63
2011.07.25 01:43:32.960,1.25247,1.25293,1.88,2.63
2011.07.25 01:43:33.629,1.25247,1.25293,1.88,2.63
2011.07.25 01:44:14.551,1.25246,1.25294,1.88,2.63
2011.07.25 01:44:24.006,1.25246,1.25294,1.88,2.63
2011.07.25 01:44:24.237,1.25236,1.25289,3.38,2.55
2011.07.25 01:44:24.357,1.25236,1.25289,3.38,2.55
2011.07.25 01:44:25.529,1.25237,1.25293,3.38,2.63
2011.07.25 01:44:26.088,1.25246,1.25294,1.88,2.63
2011.07.25 01:44:59.367,1.25246,1.25294,1.88,2.63
2011.07.25 01:45:05.039,1.25237,1.2529,2.63,2.55
2011.07.25 01:45:05.158,1.25237,1.2529,1.88,2.55
2011.07.25 01:45:05.385,1.25236,1.25284,2.63,2.63
2011.07.25 01:45:07.068,1.25247,1.25293,1.88,2.63
2011.07.25 01:45:07.187,1.25247,1.25293,1.88,2.63
2011.07.25 01:45:11.248,1.25247,1.25293,1.88,2.63
2011.07.25 01:45:11.732,1.25236,1.25289,2.63,2.55
2011.07.25 01:45:12.398,1.25236,1.25289,3.68,1.50
2011.07.25 01:45:12.979,1.25237,1.25283,1.88,2.63
2011.07.25 01:45:14.558,1.25227,1.25283,2.63,3.38
2011.07.25 01:45:23.968,1.25216,1.25273,3.23,2.55
2011.07.25 01:45:24.308,1.25217,1.25276,2.63,2.06
2011.07.25 01:45:24.529,1.25217,1.25279,2.63,3.75
2011.07.25 01:45:27.239,1.25216,1.25264,1.13,1.50
2011.07.25 01:45:27.577,1.25216,1.25264,1.13,1.50
2011.07.25 01:45:27.916,1.25216,1.25264,1.13,1.50
2011.07.25 01:45:28.249,1.25217,1.25281,2.63,3.90
2011.07.25 01:45:28.956,1.25217,1.25269,2.63,1.80
2011.07.25 01:45:29.397,1.25217,1.25263,1.13,1.50
2011.07.25 01:45:30.289,1.25217,1.25281,2.63,3.90
2011.07.25 01:45:41.280,1.25226,1.25283,2.55,2.63
2011.07.25 01:45:41.397,1.25226,1.25283,2.55,2.63
2011.07.25 01:45:41.736,1.25221,1.2528,1.35,1.80
2011.07.25 01:45:42.498,1.25221,1.2528,1.35,2.55
2011.07.25 01:45:43.449,1.25221,1.2528,4.35,1.80
2011.07.25 01:45:43.681,1.25227,1.25283,2.55,2.63
2011.07.25 01:45:44.856,1.25221,1.25281,2.10,1.80
2011.07.25 01:45:46.657,1.25221,1.25281,1.35,2.55
2011.07.25 01:45:47.530,1.25216,1.25279,2.63,2.10
2011.07.25 01:45:47.648,1.25216,1.25269,2.63,1.80
2011.07.25 01:45:47.986,1.25216,1.25264,1.13,1.50
2011.07.25 01:45:55.739,1.25217,1.25269,1.50,1.80
2011.07.25 01:45:55.858,1.25217,1.25273,1.50,1.88
2011.07.25 01:45:56.089,1.25217,1.25269,1.35,1.80
2011.07.25 01:45:56.426,1.25217,1.25263,1.73,1.50
2011.07.25 01:46:04.292,1.25214,1.25263,1.65,1.80
2011.07.25 01:46:04.409,1.25214,1.25269,1.65,1.80
2011.07.25 01:46:04.527,1.25216,1.25264,1.13,1.50
2011.07.25 01:46:08.238,1.25212,1.25278,3.30,1.95
2011.07.25 01:46:08.797,1.25218,1.25279,2.25,2.55
2011.07.25 01:46:09.457,1.25219,1.25279,2.25,1.80
2011.07.25 01:46:09.578,1.2522,1.25283,2.55,1.88
2011.07.25 01:46:09.809,1.25227,1.25292,3.30,2.55
2011.07.25 01:46:09.925,1.25227,1.25292,3.30,1.80
2011.07.25 01:46:12.472,1.25234,1.25292,1.50,1.80
2011.07.25 01:46:12.697,1.25245,1.25304,1.50,3.38
2011.07.25 01:46:19.438,1.25247,1.25301,2.63,1.35
2011.07.25 01:46:19.677,1.25232,1.25293,1.50,1.80
2011.07.25 01:46:48.480,1.25235,1.25297,2.55,2.55
2011.07.25 01:46:49.389,1.25232,1.25293,1.50,1.80
2011.07.25 01:46:51.616,1.25231,1.25293,1.50,2.55
2011.07.25 01:46:51.837,1.25231,1.25293,1.50,1.80
2011.07.25 01:47:10.579,1.25231,1.25293,1.50,2.55
2011.07.25 01:47:10.697,1.25231,1.25286,1.50,1.80
2011.07.25 01:47:10.926,1.25226,1.25286,1.50,1.80
2011.07.25 01:47:11.997,1.25227,1.25292,2.55,2.55
2011.07.25 01:47:12.228,1.25227,1.25292,2.55,2.55
2011.07.25 01:47:12.567,1.25218,1.25281,2.25,1.80
2011.07.25 01:47:14.410,1.25218,1.25281,2.25,1.80
2011.07.25 01:47:14.528,1.25218,1.25277,2.25,3.00
2011.07.25 01:47:14.648,1.25218,1.25281,2.25,5.55
2011.07.25 01:47:14.769,1.25214,1.2527,2.25,1.80
2011.07.25 01:47:14.888,1.25207,1.25276,2.63,1.80
2011.07.25 01:47:15.006,1.25207,1.25273,1.13,1.50
2011.07.25 01:47:16.699,1.25209,1.25256,2.25,1.80
2011.07.25 01:47:17.152,1.25214,1.2527,1.50,1.80
2011.07.25 01:47:17.376,1.25214,1.25264,1.50,1.80
2011.07.25 01:47:17.926,1.25206,1.25263,1.50,1.88
2011.07.25 01:47:19.057,1.25209,1.25268,3.15,1.80
2011.07.25 01:47:34.509,1.25209,1.25266,2.55,1.35
2011.07.25 01:47:34.627,1.25205,1.25253,1.50,1.80
2011.07.25 01:47:34.966,1.25209,1.25266,2.55,1.35
2011.07.25 01:47:35.078,1.25209,1.25268,2.55,2.40
2011.07.25 01:47:50.577,1.25207,1.25263,3.38,1.80
2011.07.25 01:47:51.939,1.25209,1.25268,2.55,3.15
2011.07.25 01:47:53.967,1.25207,1.25263,1.50,1.80
2011.07.25 01:47:57.169,1.25207,1.25273,2.63,2.48
2011.07.25 01:48:01.298,1.25209,1.25263,2.25,1.80
2011.07.25 01:48:02.069,1.25206,1.25263,1.50,3.68
2011.07.25 01:48:17.126,1.25206,1.25263,1.50,3.68
2011.07.25 01:48:23.559,1.25208,1.25269,2.55,2.55
2011.07.25 01:48:23.898,1.25208,1.25263,2.55,1.50
2011.07.25 01:48:24.569,1.25207,1.25264,1.50,3.68
2011.07.25 01:48:24.907,1.25209,1.25268,2.55,2.55
2011.07.25 01:48:25.026,1.25209,1.25263,2.55,1.88
2011.07.25 01:48:26.476,1.25209,1.25268,2.55,3.30
2011.07.25 01:48:26.697,1.25207,1.25263,3.38,1.80
2011.07.25 01:48:31.048,1.25206,1.25263,2.10,3.68
2011.07.25 01:48:36.779,1.25209,1.25263,1.50,3.68
2011.07.25 01:48:37.457,1.25206,1.25263,1.50,4.43
2011.07.25 01:48:37.811,1.25206,1.25263,1.50,3.68
2011.07.25 01:48:38.036,1.25206,1.25263,1.50,4.43
2011.07.25 01:48:38.256,1.25206,1.25263,1.50,3.68
2011.07.25 01:48:38.476,1.25206,1.25263,1.50,4.43
2011.07.25 01:48:38.696,1.25206,1.25263,1.50,3.68
2011.07.25 01:48:40.717,1.25207,1.25263,2.63,4.43
2011.07.25 01:48:40.838,1.25204,1.25257,1.50,1.80
2011.07.25 01:48:41.070,1.25204,1.25263,1.50,2.55
2011.07.25 01:48:41.298,1.25211,1.25263,1.50,3.68
2011.07.25 01:48:42.587,1.25211,1.25271,1.50,1.35
2011.07.25 01:48:42.817,1.25211,1.25263,1.50,1.80
2011.07.25 01:48:43.051,1.25212,1.25271,2.55,1.35
2011.07.25 01:48:48.582,1.25209,1.25263,2.25,1.80
2011.07.25 01:48:49.138,1.25208,1.25263,1.35,1.80
2011.07.25 01:49:02.388,1.25206,1.25263,1.50,3.68
2011.07.25 01:49:07.326,1.25203,1.25263,1.50,2.63
2011.07.25 01:49:13.478,1.25207,1.25261,1.50,1.35
2011.07.25 01:49:13.820,1.2521,1.2525,1.50,1.80
2011.07.25 01:49:13.939,1.2521,1.25263,1.50,1.88
2011.07.25 01:49:14.062,1.2521,1.25263,1.50,1.80
2011.07.25 01:49:19.393,1.2521,1.25263,1.50,1.80
2011.07.25 01:49:19.510,1.2521,1.25271,1.50,3.75
2011.07.25 01:49:19.627,1.2521,1.2527,1.50,3.75
2011.07.25 01:49:22.387,1.2521,1.25271,1.50,3.75
2011.07.25 01:49:23.279,1.2521,1.25268,1.50,1.50
2011.07.25 01:49:23.617,1.2521,1.25263,1.50,1.88
2011.07.25 01:49:25.577,1.25204,1.25256,1.50,1.80
2011.07.25 01:49:25.919,1.25204,1.25254,1.50,1.88
2011.07.25 01:49:31.008,1.25204,1.25256,1.50,1.80
2011.07.25 01:49:31.579,1.25207,1.25263,2.63,5.03
2011.07.25 01:49:43.856,1.25207,1.2526,4.13,1.35
2011.07.25 01:49:45.707,1.25211,1.25266,1.50,1.35
2011.07.25 01:49:45.827,1.25216,1.25266,2.63,1.35
2011.07.25 01:49:46.276,1.25216,1.25277,2.63,1.50
2011.07.25 01:49:49.560,1.25221,1.25277,1.50,1.50
2011.07.25 01:49:49.898,1.25219,1.25275,1.50,2.55
2011.07.25 01:50:06.909,1.25221,1.25273,2.10,2.63
2011.07.25 01:50:07.470,1.25227,1.25279,1.50,1.35
2011.07.25 01:50:07.867,1.25227,1.25284,2.10,4.43
2011.07.25 01:50:08.210,1.25232,1.25284,1.50,2.63
2011.07.25 01:50:08.548,1.25236,1.25293,3.38,2.10
2011.07.25 01:50:08.887,1.25236,1.25293,2.63,2.10
2011.07.25 01:50:10.378,1.25244,1.25294,1.50,2.63
2011.07.25 01:50:10.502,1.25246,1.25299,2.63,3.30
2011.07.25 01:50:10.838,1.25246,1.25304,3.38,2.63
2011.07.25 01:50:11.178,1.25246,1.25304,3.38,2.63
2011.07.25 01:50:11.516,1.25251,1.25304,2.25,2.63
2011.07.25 01:50:11.956,1.25247,1.25304,1.50,3.38
2011.07.25 01:50:14.057,1.25245,1.253,1.50,2.55
2011.07.25 01:50:14.511,1.25238,1.2528,1.50,1.80
2011.07.25 01:50:14.737,1.2521,1.25274,1.50,1.50
2011.07.25 01:50:18.190,1.25215,1.25278,1.50,2.25
2011.07.25 01:50:26.530,1.25243,1.25278,1.80,1.50
2011.07.25 01:50:26.760,1.25243,1.25292,1.80,1.50
2011.07.25 01:50:26.878,1.25231,1.25283,1.35,2.55
2011.07.25 01:50:26.999,1.2523,1.25276,1.50,1.50
2011.07.25 01:50:27.123,1.2523,1.25278,1.50,1.50
2011.07.25 01:50:27.347,1.25217,1.25279,3.75,1.50
2011.07.25 01:50:27.579,1.25221,1.25279,2.55,1.50
2011.07.25 01:50:27.807,1.25217,1.2528,1.50,1.50
2011.07.25 01:50:28.367,1.25217,1.25278,1.50,3.00
2011.07.25 01:50:28.920,1.25217,1.2528,1.50,1.50
2011.07.25 01:50:29.528,1.25217,1.25279,1.50,1.50
2011.07.25 01:50:41.288,1.25214,1.25277,1.50,3.00
2011.07.25 01:50:41.517,1.25214,1.25277,1.50,3.75
2011.07.25 01:50:42.246,1.25211,1.25275,1.50,1.50
2011.07.25 01:50:42.796,1.25212,1.25279,2.55,4.05
2011.07.25 01:50:50.981,1.25217,1.25278,1.50,2.25
2011.07.25 01:50:53.771,1.25216,1.25272,1.50,1.80
2011.07.25 01:50:54.110,1.25221,1.25278,1.50,2.55
2011.07.25 01:50:54.227,1.25222,1.25278,1.50,2.55
2011.07.25 01:50:56.367,1.25222,1.25278,1.50,3.30
2011.07.25 01:51:00.198,1.25222,1.25278,1.50,3.30
2011.07.25 01:51:00.948,1.25219,1.25278,1.50,3.30
2011.07.25 01:51:11.997,1.25219,1.25278,1.50,3.30
2011.07.25 01:51:12.729,1.25219,1.25278,1.50,3.30
2011.07.25 01:51:14.607,1.25219,1.25278,1.50,3.30
2011.07.25 01:51:16.900,1.25219,1.25278,1.50,3.30
2011.07.25 01:51:17.127,1.25219,1.25278,1.50,3.30
2011.07.25 01:51:24.251,1.25219,1.25278,1.50,3.30
2011.07.25 01:51:24.797,1.25223,1.25282,1.50,2.55
2011.07.25 01:51:25.359,1.25223,1.25278,1.50,2.55
2011.07.25 01:51:43.081,1.25223,1.25278,1.50,3.30
2011.07.25 01:51:53.616,1.25219,1.25278,1.50,3.30
2011.07.25 01:51:55.186,1.25219,1.25278,1.50,2.55
2011.07.25 01:52:02.038,1.25221,1.25278,1.50,3.30
2011.07.25 01:52:02.157,1.25221,1.25278,1.50,3.30
2011.07.25 01:52:11.958,1.25221,1.25273,1.50,1.88
2011.07.25 01:52:12.296,1.25218,1.25273,1.50,1.88
2011.07.25 01:52:12.738,1.25218,1.25273,1.50,2.63
2011.07.25 01:52:12.858,1.25213,1.25267,1.50,4.80
2011.07.25 01:52:13.197,1.25213,1.25263,1.50,1.88
2011.07.25 01:52:15.118,1.25206,1.25263,1.50,1.88
2011.07.25 01:52:15.240,1.25206,1.25255,1.50,1.80
2011.07.25 01:52:15.799,1.25206,1.25254,1.50,1.88
2011.07.25 01:52:18.587,1.25201,1.25254,1.50,2.63
2011.07.25 01:52:44.359,1.25205,1.25263,1.50,1.88
2011.07.25 01:52:44.702,1.25206,1.25263,1.50,1.88
2011.07.25 01:52:45.257,1.2521,1.25267,1.50,2.55
2011.07.25 01:52:45.557,1.2521,1.25267,1.50,1.80
2011.07.25 01:52:45.897,1.2521,1.25267,1.50,1.80
2011.07.25 01:52:51.558,1.2521,1.25263,1.50,1.88
2011.07.25 01:52:53.609,1.2521,1.25263,1.50,1.88
2011.07.25 01:52:55.688,1.2521,1.25269,1.50,3.75
2011.07.25 01:52:56.578,1.25221,1.25279,1.50,1.50
2011.07.25 01:53:03.329,1.25222,1.25278,2.55,1.50
2011.07.25 01:53:05.808,1.25228,1.25276,1.80,4.35
2011.07.25 01:53:05.928,1.25221,1.25276,1.50,6.15
2011.07.25 01:53:06.160,1.25215,1.25275,1.50,3.75
2011.07.25 01:53:06.389,1.25215,1.2528,1.50,3.75
2011.07.25 01:53:06.622,1.25215,1.25278,1.50,3.75
2011.07.25 01:53:07.177,1.25215,1.25278,1.50,3.75
2011.07.25 01:53:07.478,1.25215,1.25272,1.50,3.75
2011.07.25 01:53:08.148,1.25211,1.25272,2.25,3.75
2011.07.25 01:53:08.490,1.25211,1.25272,2.25,3.75
2011.07.25 01:53:11.567,1.25216,1.25273,1.50,1.50
2011.07.25 01:53:11.800,1.25213,1.25265,1.50,1.50
2011.07.25 01:53:14.808,1.25214,1.25269,1.50,3.75
2011.07.25 01:53:14.928,1.25215,1.25273,1.50,3.38
2011.07.25 01:53:16.040,1.25214,1.25268,1.50,1.50
2011.07.25 01:53:16.487,1.25214,1.25268,1.50,2.25
2011.07.25 01:53:16.718,1.25214,1.25268,1.50,1.50
2011.07.25 01:53:17.425,1.25214,1.25263,1.50,2.63
2011.07.25 01:53:19.658,1.25214,1.25263,1.50,2.63
2011.07.25 01:53:20.327,1.25209,1.25264,1.50,1.50
2011.07.25 01:53:21.527,1.25206,1.25253,1.50,1.88
2011.07.25 01:53:24.558,1.25203,1.25259,2.70,1.50
2011.07.25 01:53:31.594,1.25204,1.25258,1.65,1.50
2011.07.25 01:53:32.710,1.25209,1.25263,1.50,2.63
2011.07.25 01:53:33.487,1.25209,1.25263,1.50,1.88
2011.07.25 01:53:33.818,1.25214,1.25273,1.50,1.50
2011.07.25 01:53:36.952,1.25221,1.25278,3.30,1.65
2011.07.25 01:53:45.628,1.25221,1.25278,3.30,1.65
2011.07.25 01:53:46.067,1.25226,1.25283,1.50,1.65
2011.07.25 01:53:54.058,1.25226,1.25282,2.25,2.70
2011.07.25 01:54:05.307,1.25216,1.25267,2.63,2.55
2011.07.25 01:54:07.718,1.25216,1.25267,2.63,1.80
2011.07.25 01:54:07.948,1.2522,1.25274,2.55,1.50
2011.07.25 01:54:08.069,1.2522,1.25273,2.55,1.88
2011.07.25 01:54:16.988,1.2522,1.25279,2.55,1.65
2011.07.25 01:54:17.111,1.25211,1.25275,2.25,1.50
2011.07.25 01:54:18.395,1.25211,1.25273,2.25,1.50
2011.07.25 01:54:18.618,1.25205,1.25261,1.50,1.80
2011.07.25 01:54:18.736,1.25205,1.25253,1.50,1.88
2011.07.25 01:54:34.677,1.25217,1.25253,1.50,2.63
2011.07.25 01:54:35.518,1.25205,1.25253,2.10,2.63
2011.07.25 01:54:45.537,1.25205,1.25254,1.50,2.63
2011.07.25 01:55:12.155,1.25205,1.25253,1.50,2.63
2011.07.25 01:55:37.040,1.25209,1.25254,2.55,2.63
2011.07.25 01:55:39.677,1.25216,1.25264,2.63,2.63
2011.07.25 01:55:40.020,1.25226,1.25264,1.50,1.13
2011.07.25 01:55:49.876,1.25226,1.25266,2.25,1.13
2011.07.25 01:55:54.609,1.25226,1.2527,2.25,1.13
2011.07.25 01:55:54.839,1.25232,1.25283,2.10,2.63
2011.07.25 01:55:55.067,1.25236,1.25283,2.55,2.63
2011.07.25 01:55:55.730,1.25236,1.25284,4.43,2.63
2011.07.25 01:55:57.418,1.25239,1.25284,2.55,1.88
2011.07.25 01:55:57.539,1.25237,1.25284,1.50,2.63
2011.07.25 01:55:57.768,1.2523,1.25277,1.50,1.35
2011.07.25 01:55:57.887,1.25228,1.25277,3.75,1.35
2011.07.25 01:55:58.118,1.25229,1.25284,1.35,2.63
2011.07.25 01:55:58.456,1.2523,1.25284,1.50,1.88
2011.07.25 01:55:58.969,1.2523,1.25283,1.50,3.60
2011.07.25 01:55:59.088,1.2522,1.25283,1.65,3.00
2011.07.25 01:55:59.208,1.2522,1.25283,1.65,2.63
2011.07.25 01:55:59.329,1.2522,1.25274,1.65,1.88
2011.07.25 01:55:59.448,1.25215,1.25274,1.32,2.25
2011.07.25 01:56:00.128,1.25206,1.25264,1.50,1.88
2011.07.25 01:56:00.360,1.25204,1.25264,2.25,1.88
2011.07.25 01:56:00.478,1.25201,1.25254,1.50,1.88
2011.07.25 01:56:01.283,1.252,1.25263,1.50,1.50
2011.07.25 01:56:01.947,1.252,1.25262,1.50,1.50
2011.07.25 01:56:02.177,1.252,1.25262,1.50,1.50
2011.07.25 01:56:04.288,1.252,1.25261,1.50,1.13
2011.07.25 01:56:04.630,1.252,1.25244,1.50,1.88
2011.07.25 01:56:04.856,1.252,1.25244,1.50,1.88
2011.07.25 01:56:10.060,1.252,1.25254,1.50,2.63
2011.07.25 01:56:11.393,1.2519,1.25254,1.50,3.38
2011.07.25 01:56:11.508,1.2519,1.25243,1.50,1.88
2011.07.25 01:56:13.552,1.2519,1.25243,1.50,2.63
2011.07.25 01:56:14.249,1.2519,1.25243,1.50,2.63
2011.07.25 01:56:14.591,1.25194,1.25244,1.50,1.88
2011.07.25 01:56:14.708,1.25194,1.25243,1.50,1.50
2011.07.25 01:56:15.048,1.25191,1.25233,1.50,1.88
2011.07.25 01:56:19.404,1.25185,1.25233,1.50,1.88
2011.07.25 01:56:19.739,1.25185,1.25238,1.50,1.35
2011.07.25 01:56:23.243,1.25185,1.25235,1.50,1.50
2011.07.25 01:56:23.359,1.25184,1.25233,1.50,2.63
2011.07.25 01:56:23.698,1.25184,1.25244,3.75,1.88
2011.07.25 01:56:24.147,1.25187,1.2525,1.50,1.50
2011.07.25 01:56:24.699,1.25188,1.2525,3.00,1.50
2011.07.25 01:56:25.558,1.25188,1.2525,3.00,1.50
2011.07.25 01:56:29.080,1.25194,1.25253,3.00,2.63
2011.07.25 01:56:29.417,1.25193,1.25253,3.75,1.88
2011.07.25 01:56:31.719,1.25191,1.25253,4.50,2.63
2011.07.25 01:56:32.057,1.25187,1.25248,2.63,2.25
2011.07.25 01:56:33.647,1.25186,1.25244,3.38,3.38
2011.07.25 01:56:35.999,1.25196,1.25252,2.55,1.50
2011.07.25 01:56:36.227,1.252,1.2525,1.50,1.50
2011.07.25 01:56:37.658,1.252,1.25253,1.50,2.25
2011.07.25 01:56:41.740,1.25198,1.25253,1.50,1.50
2011.07.25 01:56:42.077,1.25192,1.25243,1.35,2.63
2011.07.25 01:56:42.958,1.25189,1.25241,3.30,2.10
2011.07.25 01:56:43.080,1.25189,1.25229,3.30,1.35
2011.07.25 01:56:43.309,1.25174,1.25223,1.57,2.48
2011.07.25 01:56:43.619,1.25174,1.25213,1.57,1.88
2011.07.25 01:56:44.220,1.25174,1.25229,1.57,5.40
2011.07.25 01:56:44.339,1.25174,1.25229,1.30,2.55
2011.07.25 01:56:44.458,1.25174,1.25234,1.30,1.50
2011.07.25 01:56:44.799,1.25175,1.25234,1.43,1.50
2011.07.25 01:56:45.191,1.25175,1.25234,1.43,1.50
2011.07.25 01:57:24.088,1.25175,1.25238,1.65,1.50
2011.07.25 01:57:24.648,1.25175,1.25239,2.07,1.50
2011.07.25 01:57:25.207,1.25182,1.25242,1.65,1.50
2011.07.25 01:57:25.730,1.25182,1.25234,1.65,1.88
2011.07.25 01:57:35.761,1.25182,1.25233,1.65,2.63
2011.07.25 01:57:42.397,1.25182,1.25244,1.65,4.13
2011.07.25 01:57:50.188,1.25185,1.25244,1.50,5.18
2011.07.25 01:58:04.389,1.25179,1.25226,1.65,1.80
2011.07.25 01:58:04.510,1.25179,1.25226,1.65,1.80
2011.07.25 01:58:04.740,1.25175,1.25224,1.19,2.63
2011.07.25 01:58:04.858,1.25174,1.25224,1.32,2.63
2011.07.25 01:58:06.258,1.25177,1.25224,1.65,3.38
2011.07.25 01:58:07.549,1.25177,1.25224,1.65,3.38
2011.07.25 01:58:35.680,1.25175,1.25224,1.29,1.88
2011.07.25 01:58:35.800,1.25175,1.25224,1.11,1.88
2011.07.25 01:58:36.031,1.25175,1.25234,1.11,4.43
2011.07.25 01:58:36.716,1.25175,1.25234,1.11,4.43
2011.07.25 01:58:36.941,1.25175,1.25234,1.11,4.43
2011.07.25 01:58:37.171,1.25177,1.25234,1.65,2.63
2011.07.25 01:58:40.230,1.25182,1.25242,1.65,1.50
2011.07.25 01:58:40.789,1.25182,1.25234,1.65,2.63
2011.07.25 01:58:42.870,1.25182,1.25234,1.65,2.63
2011.07.25 01:58:43.210,1.25175,1.25219,1.07,1.35
2011.07.25 01:58:43.330,1.25178,1.2522,1.65,1.50
2011.07.25 01:58:43.450,1.25178,1.25233,1.65,1.50
2011.07.25 01:58:43.792,1.25174,1.25226,1.13,1.13
2011.07.25 01:58:43.912,1.25174,1.25221,1.13,1.80
2011.07.25 01:58:44.249,1.25174,1.25213,1.13,1.88
2011.07.25 01:58:46.451,1.25175,1.25213,1.22,1.88
2011.07.25 01:58:46.789,1.25175,1.25211,1.22,2.55
2011.07.25 01:58:47.128,1.25175,1.25203,1.22,1.88
2011.07.25 01:58:49.708,1.25175,1.25203,1.22,2.63
2011.07.25 01:58:51.899,1.25175,1.25203,1.22,2.63
2011.07.25 01:58:52.349,1.25175,1.25203,1.22,3.23
2011.07.25 01:58:52.799,1.25173,1.25193,1.19,1.88
2011.07.25 01:58:53.138,1.25173,1.25193,1.70,1.88
2011.07.25 01:58:53.699,1.25169,1.25193,1.35,1.88
2011.07.25 01:58:54.097,1.25145,1.25193,1.50,1.88
2011.07.25 01:58:55.318,1.25145,1.25193,1.50,1.88
2011.07.25 01:58:57.237,1.25152,1.25198,1.50,2.55
2011.07.25 01:58:57.568,1.25156,1.25201,1.50,1.35
2011.07.25 01:58:58.019,1.25155,1.25201,1.50,1.35
2011.07.25 01:58:58.360,1.2515,1.25194,1.50,3.23
2011.07.25 01:59:03.608,1.2515,1.25183,1.50,1.88
2011.07.25 01:59:06.223,1.25145,1.25198,1.50,1.80
2011.07.25 01:59:06.453,1.25159,1.25212,1.50,3.75
2011.07.25 01:59:06.770,1.25159,1.25221,1.50,3.00
2011.07.25 01:59:06.892,1.25163,1.25224,1.50,3.00
2011.07.25 01:59:08.591,1.25163,1.25224,1.50,2.63
2011.07.25 01:59:09.607,1.25163,1.25224,1.50,2.63
2011.07.25 01:59:10.428,1.25163,1.25224,1.50,1.88
2011.07.25 01:59:10.771,1.25167,1.2523,1.50,1.50
2011.07.25 01:59:11.330,1.25167,1.25233,1.50,2.63
2011.07.25 01:59:11.990,1.25167,1.25233,1.50,2.63
2011.07.25 01:59:12.601,1.25167,1.25233,1.50,2.63
2011.07.25 01:59:32.937,1.25173,1.25233,1.50,2.63
2011.07.25 01:59:35.178,1.25173,1.25233,1.50,2.63
2011.07.25 01:59:38.567,1.25173,1.25233,1.50,2.63
2011.07.25 01:59:53.697,1.25178,1.25231,1.50,1.50
2011.07.25 01:59:58.778,1.2518,1.25238,1.50,1.50
2011.07.25 01:59:58.898,1.25183,1.25238,1.50,1.50
2011.07.25 01:59:59.128,1.25188,1.25244,2.55,1.50
