2010.03.16 23:00:01.959,1.2893,1.28955,1.00,1.00
2010.03.16 23:00:14.343,1.2893,1.28965,1.00,1.00
2010.03.16 23:00:15.669,1.2893,1.2897,1.00,3.20
2010.03.16 23:00:15.938,1.2893,1.2897,1.00,1.00
2010.03.16 23:01:12.682,1.2893,1.28965,1.00,1.00
2010.03.16 23:01:19.392,1.2893,1.28955,1.00,1.00
2010.03.16 23:01:53.668,1.2893,1.28965,1.00,1.00
2010.03.16 23:01:58.303,1.2893,1.2897,1.00,1.60
2010.03.16 23:01:58.452,1.2893,1.2897,1.00,1.00
2010.03.16 23:02:20.211,1.2893,1.2898,1.00,1.00
2010.03.16 23:02:20.517,1.2893,1.2898,3.00,1.00
2010.03.16 23:02:37.672,1.28935,1.2898,1.60,1.00
2010.03.16 23:03:13.908,1.2894,1.2898,1.00,1.00
2010.03.16 23:03:19.990,1.2894,1.29,1.00,1.20
2010.03.16 23:03:21.174,1.2894,1.29,1.00,1.60
2010.03.16 23:03:23.122,1.2894,1.29,1.00,1.60
2010.03.16 23:03:23.463,1.2894,1.29005,2.60,1.60
2010.03.16 23:03:23.971,1.2894,1.29005,6.60,1.60
2010.03.16 23:03:24.336,1.28945,1.2901,3.20,1.60
2010.03.16 23:03:32.118,1.2895,1.2901,1.20,1.60
2010.03.16 23:03:32.749,1.2895,1.2901,1.20,1.60
2010.03.16 23:03:34.259,1.2895,1.29005,1.20,1.60
2010.03.16 23:03:43.818,1.28945,1.29,1.20,1.60
2010.03.16 23:03:44.338,1.2894,1.29,1.00,1.60
2010.03.16 23:03:44.478,1.2894,1.28995,1.00,1.00
2010.03.16 23:03:50.664,1.28945,1.28995,1.60,1.00
2010.03.16 23:04:07.981,1.28945,1.29,2.80,1.60
2010.03.16 23:04:12.159,1.28945,1.28995,2.80,1.00
2010.03.16 23:04:12.319,1.28945,1.28995,1.60,1.00
2010.03.16 23:04:42.503,1.28945,1.28995,2.80,1.00
2010.03.16 23:05:00.820,1.2895,1.29005,1.20,1.60
2010.03.16 23:05:01.814,1.28945,1.28995,2.80,1.00
2010.03.16 23:05:28.075,1.28955,1.29,1.20,1.00
2010.03.16 23:05:34.261,1.28945,1.2899,2.80,1.00
2010.03.16 23:05:36.064,1.28945,1.28985,1.60,1.00
2010.03.16 23:05:39.080,1.2895,1.28995,1.20,1.00
2010.03.16 23:05:46.487,1.28945,1.28985,1.60,1.00
2010.03.16 23:06:05.077,1.28955,1.29005,1.20,1.60
2010.03.16 23:06:07.812,1.2895,1.29,1.20,1.60
2010.03.16 23:06:08.024,1.2895,1.2899,1.20,1.00
2010.03.16 23:06:08.332,1.28945,1.2899,1.60,1.00
2010.03.16 23:06:10.956,1.2895,1.28995,1.20,1.00
2010.03.16 23:06:29.170,1.28955,1.29,1.20,1.00
2010.03.16 23:06:34.848,1.2895,1.28995,1.20,1.00
2010.03.16 23:07:04.833,1.2894,1.28985,2.60,1.00
2010.03.16 23:07:09.446,1.2895,1.28995,1.20,1.60
2010.03.16 23:07:09.696,1.2894,1.28985,2.60,1.00
2010.03.16 23:07:33.350,1.2894,1.2898,2.60,1.00
2010.03.16 23:07:33.553,1.2894,1.2898,1.00,1.00
2010.03.16 23:07:34.054,1.2894,1.2897,1.00,1.00
2010.03.16 23:07:34.273,1.2894,1.2898,1.00,1.00
2010.03.16 23:07:34.563,1.2894,1.2899,1.00,1.00
2010.03.16 23:07:58.254,1.2894,1.28995,1.00,1.60
2010.03.16 23:07:58.605,1.2894,1.28985,1.00,1.00
2010.03.16 23:07:59.724,1.2894,1.28995,1.00,1.60
2010.03.16 23:08:04.291,1.2894,1.28985,1.00,1.00
2010.03.16 23:08:13.372,1.2894,1.28995,1.00,1.00
2010.03.16 23:08:13.912,1.2894,1.29,1.00,1.60
2010.03.16 23:08:14.253,1.2895,1.29005,1.20,1.00
2010.03.16 23:08:15.024,1.2894,1.29,6.60,1.00
2010.03.16 23:08:27.430,1.2895,1.29005,1.20,1.00
2010.03.16 23:08:32.355,1.2895,1.29,1.20,1.00
2010.03.16 23:08:32.646,1.2894,1.29,6.60,1.00
2010.03.16 23:08:41.694,1.2894,1.2901,6.60,1.60
2010.03.16 23:08:41.925,1.28955,1.2902,1.20,1.60
2010.03.16 23:08:42.614,1.2895,1.29015,2.80,1.00
2010.03.16 23:08:44.494,1.28965,1.29015,1.20,1.00
2010.03.16 23:08:44.813,1.28965,1.2902,1.20,1.60
2010.03.16 23:08:48.527,1.28955,1.29015,2.80,1.00
2010.03.16 23:08:49.073,1.28955,1.29015,1.20,1.60
2010.03.16 23:08:51.837,1.28965,1.2902,1.20,1.60
2010.03.16 23:08:59.100,1.28955,1.29015,2.80,1.00
2010.03.16 23:09:28.074,1.28965,1.2902,1.00,1.60
2010.03.16 23:09:28.178,1.28955,1.2902,1.20,1.00
2010.03.16 23:09:28.275,1.2896,1.29025,1.20,1.60
2010.03.16 23:09:28.563,1.2896,1.2902,1.20,1.00
2010.03.16 23:09:28.752,1.28955,1.2902,4.40,1.00
2010.03.16 23:09:32.425,1.28965,1.2902,1.60,1.00
2010.03.16 23:09:32.638,1.28975,1.2902,1.20,1.00
2010.03.16 23:09:32.847,1.28975,1.2904,1.20,1.60
2010.03.16 23:09:34.983,1.2897,1.29025,1.60,1.00
2010.03.16 23:09:35.113,1.2897,1.2902,1.60,1.00
2010.03.16 23:09:39.538,1.2896,1.2902,4.40,1.00
2010.03.16 23:09:40.460,1.28955,1.2902,4.40,1.00
2010.03.16 23:09:52.576,1.28965,1.29025,1.00,1.70
2010.03.16 23:09:52.719,1.2897,1.2902,1.20,1.00
2010.03.16 23:09:58.475,1.28975,1.29025,1.20,1.00
2010.03.16 23:10:02.464,1.28985,1.2903,1.20,1.60
2010.03.16 23:10:02.736,1.28985,1.29035,1.20,1.60
2010.03.16 23:10:03.524,1.28975,1.29025,1.20,1.00
2010.03.16 23:10:40.505,1.2897,1.29025,1.00,1.60
2010.03.16 23:10:40.665,1.28965,1.2902,1.30,1.00
2010.03.16 23:10:42.204,1.28965,1.2902,1.30,1.60
2010.03.16 23:11:40.602,1.28965,1.2902,1.20,1.60
2010.03.16 23:11:48.641,1.28965,1.29015,1.20,1.00
2010.03.16 23:12:07.273,1.28965,1.2902,1.30,1.60
2010.03.16 23:12:13.384,1.28965,1.29015,1.20,1.70
2010.03.16 23:12:13.502,1.28955,1.2901,1.30,1.00
2010.03.16 23:12:13.747,1.28955,1.2901,1.20,1.00
2010.03.16 23:12:13.875,1.28945,1.2901,4.50,1.00
2010.03.16 23:12:14.213,1.28945,1.29015,4.50,1.70
2010.03.16 23:12:27.068,1.2895,1.2901,1.00,1.60
2010.03.16 23:13:13.978,1.2895,1.2901,1.00,1.60
2010.03.16 23:13:26.560,1.28945,1.2901,1.20,1.60
2010.03.16 23:13:26.835,1.28945,1.2901,2.60,1.60
2010.03.16 23:13:31.314,1.28945,1.2901,1.20,1.60
2010.03.16 23:13:36.900,1.2895,1.2901,1.00,1.60
2010.03.16 23:13:40.051,1.2895,1.29,1.00,1.00
2010.03.16 23:13:42.623,1.2894,1.29,4.80,1.00
2010.03.16 23:13:43.300,1.28955,1.29,1.00,1.00
2010.03.16 23:13:53.442,1.28955,1.2901,1.00,1.60
2010.03.16 23:13:53.832,1.28955,1.2901,1.10,1.60
2010.03.16 23:13:53.960,1.28955,1.2901,2.70,1.60
2010.03.16 23:13:54.091,1.28955,1.29015,2.70,1.60
2010.03.16 23:14:53.812,1.28955,1.29015,2.60,1.60
2010.03.16 23:15:30.430,1.28955,1.29015,1.20,1.60
2010.03.16 23:15:30.693,1.2896,1.29015,1.00,1.60
2010.03.16 23:16:18.208,1.2897,1.29015,1.00,1.60
2010.03.16 23:16:18.324,1.28975,1.29015,1.20,1.60
2010.03.16 23:16:18.494,1.28975,1.29015,2.80,1.60
2010.03.16 23:16:18.666,1.28975,1.2902,2.80,1.60
2010.03.16 23:16:18.835,1.2897,1.2902,1.00,1.60
2010.03.16 23:16:27.321,1.28975,1.2902,1.00,1.60
2010.03.16 23:16:33.712,1.28975,1.2901,1.00,1.60
2010.03.16 23:16:44.989,1.2895,1.2901,1.00,1.60
2010.03.16 23:16:52.297,1.2895,1.2901,1.20,1.60
2010.03.16 23:16:52.550,1.28945,1.29,1.00,1.00
2010.03.16 23:16:52.810,1.28935,1.29,6.40,1.60
2010.03.16 23:16:53.067,1.2894,1.29,4.00,1.00
2010.03.16 23:16:53.669,1.28945,1.2901,1.60,1.60
2010.03.16 23:16:53.977,1.28945,1.29,1.60,1.00
2010.03.16 23:16:54.787,1.28945,1.29,3.20,1.00
2010.03.16 23:16:59.243,1.28945,1.2901,3.20,1.20
2010.03.16 23:16:59.524,1.28945,1.29015,4.40,1.60
2010.03.16 23:17:05.002,1.28955,1.29015,1.00,1.60
2010.03.16 23:17:05.142,1.28955,1.29015,1.30,1.60
2010.03.16 23:17:05.423,1.28955,1.2902,1.30,1.60
2010.03.16 23:17:13.741,1.2896,1.2902,1.00,1.60
2010.03.16 23:17:14.661,1.2896,1.2902,1.10,1.60
2010.03.16 23:17:14.811,1.28965,1.2902,1.20,1.60
2010.03.16 23:17:16.892,1.28965,1.2902,1.20,1.60
2010.03.16 23:17:17.192,1.2896,1.2902,1.00,1.60
2010.03.16 23:17:17.791,1.28965,1.2902,1.20,1.60
2010.03.16 23:17:18.094,1.28965,1.2904,4.40,5.60
2010.03.16 23:17:18.491,1.28965,1.2904,4.40,1.60
2010.03.16 23:17:21.630,1.2897,1.29035,1.00,1.60
2010.03.16 23:17:29.750,1.28975,1.29035,1.20,1.60
2010.03.16 23:17:29.970,1.2897,1.29025,1.00,1.00
2010.03.16 23:17:30.188,1.2897,1.2902,1.00,1.00
2010.03.16 23:17:40.485,1.2897,1.2903,1.00,1.60
2010.03.16 23:17:40.595,1.2897,1.29035,3.00,9.60
2010.03.16 23:17:40.736,1.2897,1.29035,3.00,5.60
2010.03.16 23:17:41.016,1.2897,1.29035,3.00,1.60
2010.03.16 23:18:07.727,1.2897,1.29025,3.00,1.00
2010.03.16 23:18:07.908,1.2897,1.29025,1.00,1.00
2010.03.16 23:18:10.233,1.2897,1.2903,1.00,2.90
2010.03.16 23:18:10.420,1.2897,1.2903,2.60,1.60
2010.03.16 23:18:10.611,1.2897,1.29025,2.60,1.00
2010.03.16 23:18:10.769,1.2897,1.29025,1.00,1.00
2010.03.16 23:18:16.985,1.2897,1.2902,1.00,1.20
2010.03.16 23:18:17.214,1.2897,1.2902,1.00,2.80
2010.03.16 23:18:21.243,1.2897,1.2902,1.00,1.60
2010.03.16 23:18:21.404,1.2897,1.29025,1.00,1.60
2010.03.16 23:18:33.849,1.2896,1.29025,2.80,1.60
2010.03.16 23:18:34.131,1.28965,1.29025,1.00,1.60
2010.03.16 23:19:05.912,1.28965,1.29025,5.00,1.00
2010.03.16 23:19:10.733,1.28965,1.2903,5.00,2.80
2010.03.16 23:19:40.344,1.2897,1.2903,1.60,1.20
2010.03.16 23:19:44.974,1.2897,1.2902,1.60,1.00
2010.03.16 23:19:45.173,1.2897,1.2901,1.60,1.00
2010.03.16 23:19:45.435,1.28965,1.2901,1.00,1.00
2010.03.16 23:20:04.510,1.28965,1.29015,1.00,1.20
2010.03.16 23:20:04.909,1.28965,1.2902,1.00,4.00
2010.03.16 23:20:05.103,1.28965,1.2902,5.00,1.00
2010.03.16 23:20:11.887,1.2897,1.2902,3.20,1.00
2010.03.16 23:20:20.716,1.28975,1.2902,1.00,1.00
2010.03.16 23:21:05.175,1.28975,1.2903,1.00,1.60
2010.03.16 23:21:19.560,1.28975,1.29035,1.00,2.80
2010.03.16 23:21:37.576,1.28975,1.2903,1.00,1.60
2010.03.16 23:21:37.802,1.28975,1.2902,1.00,1.00
2010.03.16 23:21:38.019,1.28975,1.29015,1.00,1.60
2010.03.16 23:21:38.457,1.28975,1.29005,1.00,1.60
2010.03.16 23:21:45.246,1.28935,1.29005,1.20,1.60
2010.03.16 23:22:17.476,1.28945,1.29,1.20,1.00
2010.03.16 23:22:17.925,1.2894,1.29,1.00,1.20
2010.03.16 23:22:18.070,1.28945,1.29005,1.20,1.60
2010.03.16 23:22:19.338,1.28945,1.29,1.20,1.00
2010.03.16 23:22:19.520,1.2894,1.29,1.60,1.20
2010.03.16 23:22:19.711,1.28945,1.29005,1.20,1.60
2010.03.16 23:22:20.498,1.28945,1.29,1.20,1.00
2010.03.16 23:22:20.751,1.2894,1.29,1.00,1.20
2010.03.16 23:22:20.899,1.28945,1.29005,1.20,1.60
2010.03.16 23:22:22.308,1.28935,1.29,7.20,1.30
2010.03.16 23:22:22.511,1.28935,1.28995,7.20,1.00
2010.03.16 23:22:22.711,1.28935,1.28995,7.20,1.30
2010.03.16 23:22:26.671,1.28935,1.28985,5.60,1.20
2010.03.16 23:22:26.780,1.28935,1.28995,5.60,1.30
2010.03.16 23:22:28.447,1.28935,1.28985,5.60,1.20
2010.03.16 23:22:30.378,1.2894,1.28985,1.00,1.20
2010.03.16 23:22:33.514,1.2894,1.28995,1.00,1.30
2010.03.16 23:22:35.044,1.2894,1.2899,1.00,1.00
2010.03.16 23:22:35.165,1.2894,1.28985,1.00,1.20
2010.03.16 23:22:40.574,1.2894,1.2898,1.00,1.20
2010.03.16 23:22:45.223,1.2894,1.2899,1.00,2.80
2010.03.16 23:22:49.341,1.2894,1.2898,1.00,1.20
2010.03.16 23:22:49.470,1.2894,1.2898,1.00,2.80
2010.03.16 23:22:58.693,1.2894,1.2897,1.00,1.00
2010.03.16 23:23:01.919,1.2894,1.2897,1.00,2.80
2010.03.16 23:23:02.257,1.2894,1.2897,1.00,1.20
2010.03.16 23:23:02.498,1.2894,1.28975,1.00,1.60
2010.03.16 23:23:05.326,1.2894,1.2897,1.00,1.60
2010.03.16 23:23:11.112,1.2894,1.2896,1.00,1.60
2010.03.16 23:23:15.903,1.2894,1.2896,1.00,2.80
2010.03.16 23:23:16.929,1.2894,1.2896,1.00,1.60
2010.03.16 23:23:17.065,1.28935,1.2896,4.00,1.60
2010.03.16 23:23:17.204,1.28935,1.2897,4.00,1.60
2010.03.16 23:23:23.227,1.28935,1.2897,4.00,1.60
2010.03.16 23:23:23.963,1.28935,1.2897,4.00,1.60
2010.03.16 23:23:29.459,1.28935,1.2897,4.00,1.60
2010.03.16 23:23:30.004,1.28935,1.2898,4.00,1.60
2010.03.16 23:23:56.854,1.28935,1.2898,4.00,1.60
2010.03.16 23:23:57.087,1.28935,1.2898,4.00,1.60
2010.03.16 23:23:57.721,1.28935,1.28975,4.00,1.60
2010.03.16 23:24:00.717,1.28935,1.2898,4.00,1.60
2010.03.16 23:24:01.975,1.28935,1.2898,4.00,1.60
2010.03.16 23:24:06.346,1.28935,1.2897,4.00,1.00
2010.03.16 23:24:20.539,1.28935,1.28975,4.00,2.80
2010.03.16 23:24:20.679,1.28935,1.28975,4.00,1.60
2010.03.16 23:24:22.509,1.28935,1.2897,4.00,1.00
2010.03.16 23:24:29.995,1.28935,1.28975,4.00,1.20
2010.03.16 23:24:30.127,1.28935,1.2898,4.00,1.60
2010.03.16 23:24:30.258,1.28935,1.2897,4.00,1.00
2010.03.16 23:24:39.852,1.2894,1.2897,1.00,1.00
2010.03.16 23:24:41.993,1.2894,1.28965,1.00,1.00
2010.03.16 23:24:49.459,1.28935,1.28965,4.00,1.00
2010.03.16 23:25:03.449,1.28935,1.28965,4.00,1.60
2010.03.16 23:25:11.578,1.28935,1.28965,4.00,1.00
2010.03.16 23:25:14.308,1.28935,1.2897,4.00,1.60
2010.03.16 23:25:15.336,1.28935,1.2897,4.00,1.00
2010.03.16 23:25:16.890,1.28935,1.28965,4.00,1.00
2010.03.16 23:25:31.772,1.2894,1.28965,1.00,1.00
2010.03.16 23:25:37.220,1.2894,1.2897,1.00,2.90
2010.03.16 23:25:37.450,1.2894,1.2897,1.00,1.60
2010.03.16 23:25:44.868,1.2894,1.2897,1.00,1.60
2010.03.16 23:25:45.000,1.2894,1.2898,1.00,1.60
2010.03.16 23:25:45.130,1.2894,1.2898,1.00,1.00
2010.03.16 23:25:46.634,1.2894,1.28975,1.00,1.00
2010.03.16 23:25:50.849,1.2894,1.2898,1.00,1.00
2010.03.16 23:25:52.859,1.2894,1.2899,1.00,1.60
2010.03.16 23:25:59.686,1.2894,1.2898,1.00,1.00
2010.03.16 23:26:00.229,1.2894,1.2899,1.00,1.60
2010.03.16 23:26:00.447,1.2895,1.2899,1.00,1.60
2010.03.16 23:26:00.668,1.2895,1.29,1.00,1.60
2010.03.16 23:26:02.027,1.2894,1.2899,2.60,1.00
2010.03.16 23:26:02.185,1.2894,1.2899,1.00,1.00
2010.03.16 23:26:06.834,1.2894,1.2899,1.00,1.60
2010.03.16 23:26:07.162,1.2894,1.28965,1.00,1.00
2010.03.16 23:26:10.105,1.2894,1.2896,1.00,2.80
2010.03.16 23:26:10.223,1.2894,1.28965,1.00,1.60
2010.03.16 23:26:14.364,1.2894,1.28985,1.00,1.60
2010.03.16 23:26:14.584,1.2894,1.2899,1.00,2.80
2010.03.16 23:26:15.222,1.2894,1.2899,1.00,1.60
2010.03.16 23:26:23.979,1.2894,1.28975,1.00,1.00
2010.03.16 23:26:24.260,1.2894,1.2898,1.00,2.90
2010.03.16 23:26:24.502,1.2894,1.2898,1.00,1.60
2010.03.16 23:26:25.384,1.2894,1.2897,1.00,1.00
2010.03.16 23:26:25.870,1.2894,1.2897,1.00,1.60
2010.03.16 23:26:28.011,1.2894,1.28955,1.00,1.00
2010.03.16 23:26:28.181,1.2894,1.28955,1.00,1.60
2010.03.16 23:26:28.813,1.2894,1.28945,1.00,1.00
2010.03.16 23:26:33.794,1.28935,1.28945,4.00,1.00
2010.03.16 23:26:43.924,1.28935,1.2895,4.00,1.60
2010.03.16 23:27:01.002,1.28935,1.28955,4.00,1.60
2010.03.16 23:27:02.452,1.28935,1.28955,4.00,2.90
2010.03.16 23:27:03.013,1.28935,1.28955,4.00,1.60
2010.03.16 23:27:06.600,1.28935,1.2896,4.00,1.60
2010.03.16 23:27:07.132,1.28935,1.28965,4.00,1.60
2010.03.16 23:27:08.159,1.28935,1.28965,4.00,1.60
2010.03.16 23:27:08.309,1.28935,1.2896,4.00,1.20
2010.03.16 23:27:10.978,1.28935,1.2897,4.00,2.90
2010.03.16 23:27:11.798,1.28935,1.28965,4.00,1.00
2010.03.16 23:27:12.009,1.28935,1.2896,4.00,1.20
2010.03.16 23:27:26.212,1.28895,1.2896,1.60,1.20
2010.03.16 23:27:39.063,1.28905,1.2896,3.20,1.20
2010.03.16 23:27:39.590,1.28905,1.2897,1.60,1.30
2010.03.16 23:27:39.889,1.28905,1.2896,1.60,1.20
2010.03.16 23:27:40.194,1.28905,1.28955,1.60,1.30
2010.03.16 23:27:40.492,1.28905,1.28955,1.60,1.00
2010.03.16 23:27:44.500,1.2891,1.28965,1.60,1.30
2010.03.16 23:27:44.705,1.2891,1.28965,3.20,1.00
2010.03.16 23:27:47.712,1.2891,1.28965,1.60,1.60
2010.03.16 23:27:47.885,1.289,1.28955,1.00,1.00
2010.03.16 23:27:50.978,1.28895,1.2894,2.80,1.00
2010.03.16 23:27:51.230,1.28875,1.2894,1.00,1.00
2010.03.16 23:27:52.219,1.2887,1.2894,4.00,1.60
2010.03.16 23:27:52.502,1.28875,1.28945,4.00,1.60
2010.03.16 23:27:55.724,1.28885,1.28945,1.20,1.60
2010.03.16 23:27:55.856,1.2889,1.28945,1.00,1.60
2010.03.16 23:28:01.547,1.28895,1.28945,1.00,1.60
2010.03.16 23:28:04.073,1.28895,1.28955,1.00,1.70
2010.03.16 23:28:19.403,1.289,1.2895,1.00,1.60
2010.03.16 23:28:19.531,1.289,1.28955,1.00,1.60
2010.03.16 23:28:26.041,1.289,1.28955,1.10,1.60
2010.03.16 23:28:32.550,1.289,1.2895,1.00,1.00
2010.03.16 23:28:36.536,1.289,1.28945,1.00,1.60
2010.03.16 23:28:36.692,1.289,1.2894,1.00,1.00
2010.03.16 23:28:39.008,1.289,1.28945,1.00,1.20
2010.03.16 23:28:39.188,1.289,1.2895,1.00,1.60
2010.03.16 23:28:42.476,1.289,1.2894,1.00,1.00
2010.03.16 23:28:45.432,1.289,1.2895,1.00,1.60
2010.03.16 23:28:45.720,1.289,1.2895,1.10,1.60
2010.03.16 23:28:45.998,1.28905,1.28955,1.60,1.60
2010.03.16 23:28:46.926,1.289,1.2895,3.10,1.00
2010.03.16 23:28:47.845,1.28905,1.28955,1.60,1.60
2010.03.16 23:28:48.367,1.289,1.2895,1.00,1.00
2010.03.16 23:28:48.630,1.289,1.2894,1.00,1.60
2010.03.16 23:28:48.888,1.289,1.2895,1.00,1.60
2010.03.16 23:28:50.255,1.289,1.2895,1.10,1.60
2010.03.16 23:28:50.366,1.28905,1.28955,1.60,1.60
2010.03.16 23:28:53.487,1.2891,1.28955,1.00,1.60
2010.03.16 23:28:53.569,1.2891,1.2896,1.00,1.60
2010.03.16 23:28:55.836,1.28905,1.28955,1.60,1.00
2010.03.16 23:28:56.514,1.2891,1.2896,1.00,1.60
2010.03.16 23:29:00.289,1.28915,1.2896,1.00,1.60
2010.03.16 23:29:00.552,1.2891,1.2896,1.00,1.60
2010.03.16 23:29:01.573,1.289,1.28955,4.70,1.00
2010.03.16 23:29:01.833,1.28905,1.28955,1.60,1.00
2010.03.16 23:29:05.818,1.289,1.28955,3.10,1.00
2010.03.16 23:29:17.175,1.28905,1.28955,1.60,1.00
2010.03.16 23:29:22.234,1.28905,1.28945,1.60,1.00
2010.03.16 23:29:22.456,1.289,1.28945,1.00,1.00
2010.03.16 23:29:22.618,1.28905,1.28945,1.60,1.00
2010.03.16 23:29:23.020,1.28905,1.2896,1.60,1.60
2010.03.16 23:29:58.435,1.289,1.28955,3.10,1.60
2010.03.16 23:29:58.578,1.2891,1.2896,1.00,1.60
2010.03.16 23:29:59.160,1.28905,1.28955,1.00,1.60
2010.03.16 23:30:11.813,1.289,1.28955,4.70,1.60
2010.03.16 23:30:12.005,1.28905,1.28955,1.60,1.60
2010.03.16 23:30:14.396,1.2891,1.28955,1.00,1.60
2010.03.16 23:30:39.377,1.289,1.28955,3.10,1.60
2010.03.16 23:30:39.588,1.28905,1.28955,1.60,1.60
2010.03.16 23:30:39.708,1.28905,1.2895,1.60,1.60
2010.03.16 23:31:15.757,1.28905,1.28955,1.60,1.60
2010.03.16 23:31:19.537,1.2891,1.28955,1.00,1.60
2010.03.16 23:31:19.850,1.2891,1.2896,1.00,1.60
2010.03.16 23:31:22.178,1.2891,1.28955,1.00,1.60
2010.03.16 23:31:22.473,1.28905,1.28955,1.60,1.60
2010.03.16 23:31:33.545,1.289,1.2895,3.10,1.60
2010.03.16 23:31:33.643,1.289,1.2895,1.10,1.60
2010.03.16 23:32:01.664,1.289,1.28955,1.10,1.90
2010.03.16 23:32:13.484,1.289,1.2895,1.00,1.00
2010.03.16 23:32:13.966,1.289,1.2895,1.00,1.60
2010.03.16 23:32:30.478,1.2889,1.2895,3.00,1.60
2010.03.16 23:32:34.429,1.2889,1.28945,1.60,1.60
2010.03.16 23:32:34.629,1.2889,1.28945,1.00,1.60
2010.03.16 23:32:35.019,1.2889,1.2894,1.00,1.60
2010.03.16 23:32:38.679,1.28895,1.2894,1.00,1.60
2010.03.16 23:32:38.988,1.28895,1.28945,1.00,1.60
2010.03.16 23:32:39.149,1.289,1.28945,1.00,1.60
2010.03.16 23:32:39.309,1.289,1.28945,1.60,1.60
2010.03.16 23:32:39.468,1.289,1.28945,1.00,1.60
2010.03.16 23:32:41.924,1.2889,1.28945,2.90,1.60
2010.03.16 23:32:42.048,1.28895,1.28945,1.00,1.60
2010.03.16 23:32:42.899,1.28885,1.2894,1.70,1.60
2010.03.16 23:32:43.068,1.2889,1.2894,1.00,1.60
2010.03.16 23:32:44.198,1.28905,1.2894,1.00,1.60
2010.03.16 23:32:44.459,1.28905,1.2896,1.00,1.00
2010.03.16 23:32:51.415,1.2891,1.28955,1.60,1.00
2010.03.16 23:32:52.147,1.289,1.28955,3.20,1.00
2010.03.16 23:32:52.347,1.2889,1.28955,3.20,1.00
2010.03.16 23:32:52.545,1.2889,1.28955,1.00,1.00
2010.03.16 23:32:52.935,1.2889,1.2895,1.00,1.60
2010.03.16 23:32:55.027,1.289,1.2895,1.00,1.60
2010.03.16 23:32:55.238,1.289,1.28955,1.00,1.00
2010.03.16 23:32:55.874,1.289,1.28955,1.60,1.00
2010.03.16 23:32:56.887,1.289,1.28955,1.00,1.00
2010.03.16 23:32:58.372,1.289,1.28955,1.00,1.80
2010.03.16 23:32:58.483,1.289,1.28955,1.00,1.90
2010.03.16 23:32:58.594,1.289,1.28955,1.00,3.20
2010.03.16 23:32:59.013,1.289,1.2895,1.00,1.60
2010.03.16 23:33:04.725,1.28875,1.2894,1.40,1.60
2010.03.16 23:33:07.162,1.28885,1.2894,1.00,1.60
2010.03.16 23:33:07.802,1.28885,1.28935,1.00,1.60
2010.03.16 23:33:08.245,1.2887,1.28935,7.70,1.60
2010.03.16 23:33:08.313,1.28875,1.28935,2.40,1.60
2010.03.16 23:33:08.995,1.28885,1.28935,1.00,1.60
2010.03.16 23:33:13.742,1.2889,1.2894,1.00,1.60
2010.03.16 23:33:19.457,1.28885,1.2894,1.00,2.90
2010.03.16 23:33:19.799,1.28885,1.28935,1.00,1.60
2010.03.16 23:33:21.650,1.2889,1.28935,1.00,1.60
2010.03.16 23:33:21.858,1.2889,1.2894,1.00,1.60
2010.03.16 23:33:23.308,1.2889,1.28945,1.00,2.90
2010.03.16 23:33:24.477,1.2888,1.28945,3.00,2.90
2010.03.16 23:33:26.109,1.2889,1.2895,1.60,1.60
2010.03.16 23:33:27.348,1.2888,1.2894,9.70,1.60
2010.03.16 23:33:30.316,1.2889,1.2894,1.00,1.60
2010.03.16 23:33:30.467,1.2889,1.28945,1.60,1.60
2010.03.16 23:33:34.113,1.28895,1.28945,1.00,1.60
2010.03.16 23:33:37.683,1.2889,1.28945,1.00,2.90
2010.03.16 23:33:40.164,1.28895,1.28945,1.00,2.80
2010.03.16 23:33:40.596,1.28895,1.28945,1.00,1.60
2010.03.16 23:33:52.670,1.28905,1.28945,1.00,1.60
2010.03.16 23:33:52.833,1.28905,1.2895,1.00,1.60
2010.03.16 23:33:57.241,1.2893,1.2895,2.10,1.60
2010.03.16 23:33:58.548,1.28945,1.2897,2.10,1.60
2010.03.16 23:34:02.370,1.28945,1.28975,2.10,1.60
2010.03.16 23:34:02.786,1.28945,1.2898,2.10,2.80
2010.03.16 23:34:02.932,1.28945,1.2897,2.10,1.00
2010.03.16 23:34:03.080,1.28945,1.2897,2.10,1.30
2010.03.16 23:34:07.356,1.28945,1.2896,2.10,1.00
2010.03.16 23:34:07.570,1.28945,1.2896,2.10,1.00
2010.03.16 23:34:07.678,1.28945,1.28965,2.10,1.20
2010.03.16 23:34:08.111,1.28945,1.2897,2.10,1.30
2010.03.16 23:34:13.656,1.28945,1.2897,2.10,1.20
2010.03.16 23:34:13.785,1.28945,1.2898,2.10,9.20
2010.03.16 23:34:14.154,1.28945,1.2898,2.10,5.20
2010.03.16 23:34:14.377,1.28945,1.2898,2.10,1.20
2010.03.16 23:34:17.005,1.28965,1.2898,2.10,1.20
2010.03.16 23:34:17.315,1.28965,1.2898,1.00,1.20
2010.03.16 23:34:17.617,1.28965,1.2899,1.00,2.80
2010.03.16 23:34:24.752,1.28975,1.2898,1.00,1.00
2010.03.16 23:34:25.435,1.28975,1.2898,1.00,1.50
2010.03.16 23:34:25.643,1.28965,1.2897,2.50,1.30
2010.03.16 23:34:26.193,1.289,1.2897,3.20,1.30
2010.03.16 23:34:26.714,1.2894,1.29005,1.00,1.60
2010.03.16 23:34:26.924,1.2894,1.29015,1.00,1.60
2010.03.16 23:34:33.301,1.2895,1.29,1.30,1.60
2010.03.16 23:34:33.442,1.2895,1.29,1.00,1.60
2010.03.16 23:34:37.182,1.28945,1.28995,1.20,1.00
2010.03.16 23:34:37.299,1.2894,1.28995,1.60,1.00
2010.03.16 23:34:37.423,1.2894,1.28995,1.60,1.60
2010.03.16 23:34:37.652,1.2893,1.28985,3.20,1.00
2010.03.16 23:34:38.641,1.2894,1.28995,1.60,1.00
2010.03.16 23:34:38.872,1.2894,1.28995,3.20,1.00
2010.03.16 23:34:39.881,1.2895,1.29005,1.00,5.60
2010.03.16 23:34:40.200,1.2895,1.29005,1.00,1.00
2010.03.16 23:34:42.702,1.28945,1.28995,1.60,1.00
2010.03.16 23:34:47.549,1.28945,1.28995,1.60,1.60
2010.03.16 23:34:47.648,1.2894,1.2899,1.60,1.00
2010.03.16 23:34:48.828,1.2894,1.28995,1.60,2.90
2010.03.16 23:34:49.350,1.2894,1.28995,1.60,1.00
2010.03.16 23:34:50.018,1.2894,1.28995,3.20,1.00
2010.03.16 23:34:56.695,1.2895,1.29005,1.00,4.00
2010.03.16 23:34:56.996,1.2895,1.29005,1.00,1.00
2010.03.16 23:35:02.194,1.2896,1.2901,1.00,1.60
2010.03.16 23:35:02.336,1.28955,1.2901,2.80,1.70
2010.03.16 23:35:02.475,1.28955,1.29005,1.20,1.00
2010.03.16 23:35:02.809,1.28945,1.29005,8.00,1.00
2010.03.16 23:35:02.955,1.28945,1.29005,1.00,1.00
2010.03.16 23:35:04.644,1.28945,1.28995,4.40,1.00
2010.03.16 23:35:04.824,1.28945,1.28995,3.20,1.00
2010.03.16 23:35:05.005,1.2895,1.29005,1.00,4.00
2010.03.16 23:35:05.184,1.2895,1.29005,1.00,1.00
2010.03.16 23:35:06.703,1.2895,1.29,1.00,1.20
2010.03.16 23:35:06.813,1.28945,1.28995,3.20,1.00
2010.03.16 23:35:07.264,1.2894,1.28995,3.20,1.00
2010.03.16 23:35:07.376,1.2894,1.28985,3.20,1.00
2010.03.16 23:35:09.224,1.2894,1.2899,3.20,1.60
2010.03.16 23:35:09.514,1.28945,1.28995,1.60,1.00
2010.03.16 23:35:12.302,1.28945,1.28995,3.20,1.00
2010.03.16 23:35:23.421,1.2895,1.29005,1.00,1.00
2010.03.16 23:35:23.500,1.28945,1.28995,3.20,1.00
2010.03.16 23:35:31.767,1.2895,1.29,1.00,1.20
2010.03.16 23:35:31.909,1.2895,1.29005,1.00,1.00
2010.03.16 23:35:32.048,1.28955,1.29005,3.20,1.00
2010.03.16 23:35:49.062,1.28955,1.2901,3.20,2.80
2010.03.16 23:35:49.184,1.2896,1.2901,1.60,1.60
2010.03.16 23:35:49.524,1.2896,1.29015,1.60,1.00
2010.03.16 23:35:58.766,1.2896,1.29015,3.20,1.00
2010.03.16 23:35:58.876,1.2896,1.2902,3.20,2.90
2010.03.16 23:35:58.982,1.2896,1.2902,3.20,1.60
2010.03.16 23:35:59.323,1.2896,1.29015,3.20,1.00
2010.03.16 23:36:02.308,1.2896,1.29005,3.20,2.40
2010.03.16 23:36:06.986,1.28965,1.29005,1.60,2.40
2010.03.16 23:36:07.339,1.2897,1.29005,1.60,2.40
2010.03.16 23:36:09.641,1.2895,1.29005,4.80,2.40
2010.03.16 23:36:14.179,1.28965,1.29005,1.60,2.40
2010.03.16 23:36:18.035,1.2896,1.29005,3.20,2.40
2010.03.16 23:36:28.722,1.2896,1.29005,3.20,2.40
2010.03.16 23:36:28.812,1.2897,1.29005,1.60,2.40
2010.03.16 23:36:46.649,1.2898,1.29005,1.60,2.40
2010.03.16 23:36:50.327,1.2898,1.29005,1.60,2.40
2010.03.16 23:36:50.511,1.2899,1.29005,1.60,2.40
2010.03.16 23:36:50.698,1.2898,1.29005,1.60,2.40
2010.03.16 23:36:51.867,1.28975,1.29005,3.20,2.40
2010.03.16 23:36:53.227,1.2897,1.29005,3.20,2.40
2010.03.16 23:36:56.655,1.28975,1.29005,1.00,2.40
2010.03.16 23:36:56.797,1.2897,1.29005,6.00,2.40
2010.03.16 23:36:56.936,1.2897,1.29005,4.80,2.40
2010.03.16 23:37:00.667,1.2898,1.29005,1.60,2.40
2010.03.16 23:37:08.953,1.2899,1.29005,1.60,2.40
2010.03.16 23:37:10.176,1.2899,1.29005,2.40,1.70
2010.03.16 23:37:10.476,1.2899,1.29005,1.60,1.70
2010.03.16 23:37:12.749,1.2897,1.29005,1.60,1.70
2010.03.16 23:37:15.375,1.28975,1.29005,1.60,1.70
2010.03.16 23:37:15.556,1.28975,1.29005,1.60,1.70
2010.03.16 23:37:16.561,1.28975,1.29005,1.60,1.70
2010.03.16 23:37:18.224,1.28975,1.29005,1.60,1.70
2010.03.16 23:37:18.461,1.28985,1.29005,1.00,1.70
2010.03.16 23:37:18.768,1.28975,1.29005,5.60,1.70
2010.03.16 23:37:19.684,1.28995,1.2905,1.60,1.30
2010.03.16 23:37:19.964,1.29,1.29075,1.60,1.30
2010.03.16 23:37:20.249,1.28995,1.2904,1.60,1.00
2010.03.16 23:37:20.542,1.2898,1.29025,1.60,1.00
2010.03.16 23:37:20.830,1.2899,1.2904,1.60,1.00
2010.03.16 23:37:21.433,1.2899,1.29025,1.60,1.00
2010.03.16 23:37:21.723,1.2899,1.2906,1.60,1.20
2010.03.16 23:37:22.066,1.2899,1.2905,1.60,1.20
2010.03.16 23:37:22.418,1.28985,1.2905,3.20,1.30
2010.03.16 23:37:23.641,1.29,1.2905,3.20,1.00
2010.03.16 23:37:24.262,1.29005,1.29055,1.60,1.20
2010.03.16 23:37:24.593,1.29005,1.29055,3.20,1.20
2010.03.16 23:37:24.877,1.2901,1.2906,3.20,1.00
2010.03.16 23:37:29.658,1.2901,1.2905,3.20,1.00
2010.03.16 23:37:30.229,1.2901,1.2905,1.60,1.00
2010.03.16 23:37:30.385,1.29005,1.2905,1.60,1.00
2010.03.16 23:37:31.830,1.29005,1.2906,1.60,4.00
2010.03.16 23:37:32.432,1.28995,1.2905,3.20,1.30
2010.03.16 23:37:34.019,1.28995,1.2905,3.20,1.20
2010.03.16 23:37:34.109,1.28995,1.29055,3.20,4.00
2010.03.16 23:37:34.360,1.28995,1.2905,3.20,1.30
2010.03.16 23:37:35.289,1.29,1.2905,3.20,1.00
2010.03.16 23:37:37.584,1.29005,1.2906,3.20,1.60
2010.03.16 23:37:38.878,1.29005,1.2906,3.20,1.00
2010.03.16 23:37:40.714,1.29005,1.2906,3.20,1.60
2010.03.16 23:37:42.566,1.2901,1.2906,1.00,1.60
2010.03.16 23:37:42.747,1.2901,1.2907,1.60,1.30
2010.03.16 23:37:43.676,1.29015,1.2907,3.20,1.30
2010.03.16 23:37:43.808,1.29015,1.2906,1.60,1.00
2010.03.16 23:37:44.125,1.29015,1.2906,1.60,1.60
2010.03.16 23:37:47.907,1.29005,1.29055,3.20,1.00
2010.03.16 23:37:48.476,1.29,1.2905,1.60,1.30
2010.03.16 23:37:49.968,1.29,1.2905,1.60,1.20
2010.03.16 23:37:50.186,1.29,1.29055,3.20,1.00
2010.03.16 23:37:50.817,1.29005,1.2905,3.20,1.00
2010.03.16 23:37:51.018,1.29,1.2905,1.60,1.30
2010.03.16 23:37:52.336,1.29,1.2905,1.60,1.00
2010.03.16 23:37:52.681,1.29,1.2905,3.20,1.00
2010.03.16 23:37:54.564,1.29005,1.2905,3.20,1.00
2010.03.16 23:37:54.764,1.29005,1.2906,3.20,1.00
2010.03.16 23:37:57.125,1.2901,1.2906,3.20,1.00
2010.03.16 23:37:57.572,1.2901,1.29065,3.20,2.80
2010.03.16 23:37:57.722,1.2901,1.2907,3.20,1.30
2010.03.16 23:37:57.875,1.2901,1.29055,3.20,1.00
2010.03.16 23:37:58.275,1.29005,1.29055,1.60,1.00
2010.03.16 23:38:00.593,1.29005,1.29055,1.60,1.20
2010.03.16 23:38:00.743,1.29005,1.2906,1.60,1.00
2010.03.16 23:38:02.398,1.29,1.2905,1.60,1.00
2010.03.16 23:38:02.802,1.29,1.2905,3.20,1.00
2010.03.16 23:38:03.002,1.29,1.2905,1.60,1.00
2010.03.16 23:38:04.155,1.29,1.29045,1.60,1.00
2010.03.16 23:38:04.290,1.2899,1.2904,3.20,1.30
2010.03.16 23:38:06.530,1.2899,1.2904,3.20,2.90
2010.03.16 23:38:06.705,1.29,1.29045,3.20,1.00
2010.03.16 23:38:07.167,1.29,1.2904,1.60,1.30
2010.03.16 23:38:07.324,1.29005,1.2905,1.00,1.20
2010.03.16 23:38:07.483,1.29015,1.2906,1.60,1.00
2010.03.16 23:38:07.641,1.2901,1.29065,3.20,1.60
2010.03.16 23:38:07.871,1.2902,1.2907,3.20,1.00
2010.03.16 23:38:09.416,1.2902,1.29065,3.20,1.00
2010.03.16 23:38:09.932,1.2902,1.29065,1.60,1.00
2010.03.16 23:38:10.162,1.2901,1.29065,3.20,1.00
2010.03.16 23:38:10.391,1.2901,1.2906,3.20,1.00
2010.03.16 23:38:10.622,1.29005,1.2906,3.20,1.00
2010.03.16 23:38:12.149,1.29005,1.2906,1.00,1.00
2010.03.16 23:38:16.276,1.29005,1.2906,1.60,1.00
2010.03.16 23:38:22.246,1.29005,1.2905,1.60,1.00
2010.03.16 23:38:22.675,1.29,1.2905,1.60,1.00
2010.03.16 23:38:26.444,1.29005,1.29055,3.20,2.80
2010.03.16 23:38:26.546,1.29005,1.2906,3.20,1.00
2010.03.16 23:38:32.273,1.29005,1.2905,3.20,1.00
2010.03.16 23:38:40.471,1.29005,1.29055,3.20,2.80
2010.03.16 23:38:40.621,1.29005,1.2906,3.20,1.00
2010.03.16 23:38:40.774,1.29015,1.29065,1.60,1.30
2010.03.16 23:38:41.223,1.29015,1.29065,4.80,1.30
2010.03.16 23:38:47.091,1.29015,1.2906,4.80,1.00
2010.03.16 23:38:47.435,1.29005,1.2906,3.20,1.30
2010.03.16 23:38:48.744,1.2901,1.29065,1.00,1.20
2010.03.16 23:38:49.270,1.29005,1.2906,1.60,1.00
2010.03.16 23:38:49.360,1.29005,1.2906,1.60,1.30
2010.03.16 23:39:04.795,1.29005,1.2905,1.60,1.00
2010.03.16 23:39:05.068,1.29005,1.2905,1.00,1.20
2010.03.16 23:39:05.337,1.29005,1.2906,1.00,1.30
2010.03.16 23:39:11.586,1.29,1.2905,3.20,1.00
2010.03.16 23:39:11.766,1.29,1.2905,1.60,1.30
2010.03.16 23:39:22.190,1.29005,1.2905,1.60,1.20
2010.03.16 23:39:22.291,1.29005,1.29055,1.60,2.80
2010.03.16 23:39:22.624,1.29005,1.29055,1.60,1.20
2010.03.16 23:39:22.724,1.29005,1.29045,1.60,1.20
2010.03.16 23:39:24.084,1.28995,1.2904,1.60,1.30
2010.03.16 23:40:11.119,1.29,1.2904,3.20,1.20
2010.03.16 23:40:11.281,1.29,1.29045,3.20,1.20
2010.03.16 23:40:22.558,1.29,1.29035,3.20,1.00
2010.03.16 23:40:31.818,1.29,1.29025,1.60,1.00
2010.03.16 23:40:32.045,1.2899,1.29025,3.20,1.00
2010.03.16 23:40:32.439,1.2899,1.29025,1.60,1.00
2010.03.16 23:40:32.667,1.2897,1.29025,3.20,1.00
2010.03.16 23:40:48.049,1.28975,1.29015,3.20,1.00
2010.03.16 23:40:48.661,1.2897,1.29015,1.60,1.00
2010.03.16 23:41:14.843,1.2897,1.29025,1.60,1.00
2010.03.16 23:41:15.686,1.28975,1.29025,4.00,1.00
2010.03.16 23:41:15.827,1.28975,1.29025,9.60,1.00
2010.03.16 23:41:24.721,1.28985,1.29025,1.60,1.00
2010.03.16 23:41:46.505,1.2899,1.2902,1.60,1.00
2010.03.16 23:41:47.128,1.2899,1.29025,1.60,1.00
2010.03.16 23:42:05.805,1.2899,1.29035,1.60,1.00
2010.03.16 23:42:06.042,1.2899,1.29035,3.20,1.00
2010.03.16 23:42:06.273,1.2899,1.29035,1.60,1.00
2010.03.16 23:42:14.908,1.28995,1.29035,1.60,1.00
2010.03.16 23:42:14.988,1.28995,1.29035,3.20,1.00
2010.03.16 23:42:25.366,1.29,1.29035,1.60,1.00
2010.03.16 23:42:25.594,1.29,1.2904,1.60,1.00
2010.03.16 23:42:28.537,1.29,1.2905,1.60,1.00
2010.03.16 23:42:28.676,1.28995,1.2905,4.00,1.00
2010.03.16 23:42:28.746,1.29,1.2905,4.40,1.00
2010.03.16 23:42:29.881,1.29,1.2904,3.20,1.00
2010.03.16 23:42:33.355,1.29,1.2904,1.60,1.00
2010.03.16 23:42:36.872,1.2899,1.2904,6.00,1.00
2010.03.16 23:42:37.124,1.2899,1.2904,4.40,1.00
2010.03.16 23:42:37.376,1.2899,1.29035,3.20,1.00
2010.03.16 23:42:38.065,1.28985,1.29035,4.40,1.00
2010.03.16 23:42:38.329,1.28985,1.29025,3.20,1.00
2010.03.16 23:42:38.586,1.28985,1.29035,4.40,1.00
2010.03.16 23:42:39.614,1.2899,1.29035,1.60,1.00
2010.03.16 23:42:39.875,1.28995,1.29035,1.60,1.00
2010.03.16 23:42:40.137,1.28995,1.2904,3.20,1.00
2010.03.16 23:42:40.395,1.28995,1.2904,4.00,1.00
2010.03.16 23:42:41.768,1.28995,1.29035,3.20,1.00
2010.03.16 23:42:42.974,1.28995,1.2904,1.60,1.00
2010.03.16 23:42:45.808,1.28995,1.2904,1.60,1.00
2010.03.16 23:42:46.372,1.28995,1.2903,1.60,1.00
2010.03.16 23:42:46.803,1.28995,1.2904,1.60,1.00
2010.03.16 23:42:49.027,1.28995,1.2904,1.60,1.00
2010.03.16 23:42:49.659,1.28995,1.2904,2.40,1.00
2010.03.16 23:42:52.192,1.29,1.2904,1.60,1.00
2010.03.16 23:43:03.941,1.29005,1.2905,3.20,1.00
2010.03.16 23:43:08.966,1.29005,1.2905,4.00,1.00
2010.03.16 23:43:08.997,1.29005,1.29055,4.00,1.00
2010.03.16 23:43:09.022,1.29005,1.29055,5.60,1.00
2010.03.16 23:43:09.037,1.2901,1.29055,1.60,1.00
2010.03.16 23:43:09.066,1.2901,1.29055,3.20,1.00
2010.03.16 23:43:10.270,1.29005,1.29055,6.80,1.00
2010.03.16 23:43:11.057,1.29,1.2905,14.00,1.00
2010.03.16 23:43:11.280,1.2899,1.2904,14.80,1.00
2010.03.16 23:43:11.496,1.28985,1.2904,18.00,1.00
2010.03.16 23:43:11.720,1.28985,1.2903,7.20,1.00
2010.03.16 23:43:12.041,1.2899,1.2903,3.20,1.00
2010.03.16 23:43:12.357,1.2899,1.2903,3.20,1.00
2010.03.16 23:43:13.749,1.2898,1.29035,5.20,1.00
2010.03.16 23:43:18.526,1.29005,1.2904,1.60,1.00
2010.03.16 23:43:20.256,1.29005,1.2904,3.20,1.00
2010.03.16 23:43:22.103,1.29005,1.2903,3.20,1.00
2010.03.16 23:43:22.391,1.29,1.2903,1.60,1.00
2010.03.16 23:43:22.514,1.28995,1.2903,1.60,1.00
2010.03.16 23:43:26.062,1.29,1.2904,1.60,1.00
2010.03.16 23:43:26.165,1.29,1.2904,3.20,1.00
2010.03.16 23:43:26.464,1.2901,1.2904,1.60,1.00
2010.03.16 23:43:26.663,1.2901,1.2905,1.60,1.00
2010.03.16 23:43:27.105,1.2901,1.2905,3.20,1.00
2010.03.16 23:43:28.993,1.29005,1.2905,3.20,1.00
2010.03.16 23:43:29.053,1.29005,1.2905,3.20,1.00
2010.03.16 23:43:30.265,1.29005,1.2903,1.60,1.00
2010.03.16 23:43:30.613,1.28995,1.2903,3.20,1.00
2010.03.16 23:43:48.449,1.28995,1.2903,3.20,1.00
2010.03.16 23:43:49.598,1.28995,1.2902,1.60,1.00
2010.03.16 23:43:56.358,1.28985,1.2901,1.60,1.00
2010.03.16 23:43:57.906,1.28985,1.2901,3.20,1.00
2010.03.16 23:43:58.136,1.2899,1.2901,1.60,1.00
2010.03.16 23:44:16.381,1.28995,1.2902,1.60,1.00
2010.03.16 23:44:16.593,1.28995,1.2902,3.20,1.00
2010.03.16 23:44:30.302,1.29,1.2903,3.20,1.00
2010.03.16 23:44:31.847,1.29,1.2902,1.60,1.00
2010.03.16 23:44:32.017,1.28995,1.2902,3.20,1.00
2010.03.16 23:44:34.549,1.28995,1.2903,3.20,1.00
2010.03.16 23:44:34.667,1.28995,1.2903,3.20,1.00
2010.03.16 23:44:34.687,1.29,1.2903,1.60,1.00
2010.03.16 23:44:34.699,1.29,1.2903,3.20,1.00
2010.03.16 23:44:35.727,1.29005,1.2903,1.60,1.00
2010.03.16 23:44:35.977,1.29005,1.2903,3.20,1.00
2010.03.16 23:44:38.117,1.28985,1.2903,1.60,1.00
2010.03.16 23:44:40.065,1.29,1.2903,1.60,1.00
2010.03.16 23:44:40.135,1.29,1.2903,3.20,1.00
2010.03.16 23:44:44.671,1.29,1.2903,1.60,1.00
2010.03.16 23:44:44.772,1.28995,1.2903,3.20,1.00
2010.03.16 23:44:54.496,1.28995,1.2902,3.20,1.00
2010.03.16 23:44:54.570,1.2899,1.2902,3.20,1.00
2010.03.16 23:44:58.280,1.2899,1.2903,3.20,1.00
2010.03.16 23:44:58.520,1.2899,1.2903,1.60,1.00
2010.03.16 23:45:00.330,1.28995,1.2903,1.60,1.00
2010.03.16 23:45:02.518,1.28995,1.2903,3.20,1.00
2010.03.16 23:45:03.250,1.29005,1.2904,1.60,1.00
2010.03.16 23:45:09.576,1.2901,1.2904,1.60,1.00
2010.03.16 23:45:09.654,1.2901,1.2905,1.60,1.00
2010.03.16 23:45:09.938,1.2901,1.2905,3.20,1.00
2010.03.16 23:45:10.439,1.29005,1.2905,3.20,1.00
2010.03.16 23:45:18.338,1.2901,1.2904,1.60,1.00
2010.03.16 23:45:18.547,1.29005,1.2904,1.60,1.00
2010.03.16 23:45:18.758,1.29005,1.2905,1.60,1.00
2010.03.16 23:45:33.311,1.29,1.2905,2.80,1.00
2010.03.16 23:45:33.981,1.28995,1.2904,8.40,1.00
2010.03.16 23:45:34.142,1.28995,1.29045,1.60,1.00
2010.03.16 23:45:34.222,1.2899,1.2904,14.00,1.00
2010.03.16 23:45:43.098,1.28995,1.2904,5.60,1.00
2010.03.16 23:45:43.228,1.28995,1.2904,9.60,1.00
2010.03.16 23:45:46.777,1.28995,1.2904,1.60,1.00
2010.03.16 23:45:50.177,1.28995,1.2903,1.60,1.00
2010.03.16 23:46:00.364,1.29,1.2903,1.60,1.00
2010.03.16 23:46:11.624,1.29,1.2904,1.60,1.00
2010.03.16 23:46:12.274,1.29,1.2904,3.20,1.00
2010.03.16 23:46:12.493,1.29005,1.2904,1.60,1.00
2010.03.16 23:47:11.559,1.29005,1.29065,1.60,1.20
2010.03.16 23:48:11.808,1.29005,1.2905,1.60,1.00
2010.03.16 23:48:12.223,1.29,1.2905,6.00,1.00
2010.03.16 23:48:13.705,1.29,1.2904,6.00,1.00
2010.03.16 23:48:13.833,1.28995,1.2904,12.40,1.00
2010.03.16 23:48:13.965,1.28995,1.2904,3.20,1.00
2010.03.16 23:48:18.182,1.29,1.2906,3.20,1.00
2010.03.16 23:48:18.302,1.29,1.2906,4.40,1.00
2010.03.16 23:48:18.425,1.2901,1.2906,1.60,1.00
2010.03.16 23:48:18.557,1.29,1.29045,10.80,1.00
2010.03.16 23:48:18.685,1.28995,1.29045,3.20,1.00
2010.03.16 23:48:19.973,1.28995,1.2905,4.00,1.00
2010.03.16 23:48:20.174,1.29005,1.2905,3.20,1.00
2010.03.16 23:48:20.313,1.29,1.2905,10.00,1.00
2010.03.16 23:48:20.693,1.29005,1.2905,5.60,1.00
2010.03.16 23:48:20.763,1.29005,1.29055,5.60,1.00
2010.03.16 23:48:21.102,1.2901,1.29055,4.40,1.00
2010.03.16 23:48:21.441,1.29005,1.29055,14.80,1.00
2010.03.16 23:48:26.071,1.29015,1.29065,3.60,1.00
2010.03.16 23:48:26.605,1.2901,1.29055,12.40,1.00
2010.03.16 23:48:26.831,1.2901,1.29055,8.40,1.00
2010.03.16 23:48:27.060,1.2901,1.29055,4.40,1.00
2010.03.16 23:48:30.651,1.2901,1.29055,4.40,1.00
2010.03.16 23:48:31.131,1.2901,1.29045,3.20,1.00
2010.03.16 23:48:31.680,1.29005,1.29045,4.80,1.00
2010.03.16 23:48:34.646,1.29005,1.29045,1.60,1.00
2010.03.16 23:48:36.247,1.29005,1.29055,1.60,1.00
2010.03.16 23:48:36.589,1.29005,1.2905,5.60,1.00
2010.03.16 23:48:36.749,1.28995,1.2905,13.20,1.00
2010.03.16 23:48:37.231,1.28995,1.2905,12.40,1.00
2010.03.16 23:48:53.872,1.29,1.2904,8.40,1.00
2010.03.16 23:48:53.984,1.29,1.2904,7.20,1.00
2010.03.16 23:48:54.125,1.29,1.2904,3.20,1.00
2010.03.16 23:48:57.874,1.29,1.2905,3.20,1.00
2010.03.16 23:48:58.124,1.28995,1.2905,12.40,1.00
2010.03.16 23:49:12.008,1.29,1.2904,8.40,1.00
2010.03.16 23:49:12.129,1.29,1.2904,3.20,1.00
2010.03.16 23:49:21.448,1.2901,1.2905,1.60,1.00
2010.03.16 23:49:21.667,1.29,1.2905,10.00,1.00
2010.03.16 23:49:44.631,1.2901,1.29045,4.00,1.00
2010.03.16 23:49:44.774,1.2901,1.29045,1.20,1.00
2010.03.16 23:49:44.915,1.29005,1.2904,4.00,1.00
2010.03.16 23:49:45.840,1.29005,1.2904,5.60,1.00
2010.03.16 23:49:46.191,1.28995,1.29035,8.80,1.00
2010.03.16 23:49:46.872,1.2899,1.29035,10.00,1.00
2010.03.16 23:49:48.464,1.28995,1.29035,5.60,1.00
2010.03.16 23:49:48.653,1.29,1.29035,3.20,1.00
2010.03.16 23:49:49.107,1.2901,1.2906,1.20,1.00
2010.03.16 23:49:49.436,1.2901,1.2906,2.80,1.00
2010.03.16 23:49:51.031,1.2901,1.29045,1.60,1.00
2010.03.16 23:49:51.368,1.29,1.29045,4.40,1.00
2010.03.16 23:50:05.946,1.29005,1.29055,1.60,1.00
2010.03.16 23:50:06.270,1.28995,1.2905,13.20,1.00
2010.03.16 23:50:06.562,1.29,1.2905,10.00,1.00
2010.03.16 23:50:14.265,1.29,1.2904,8.40,1.00
2010.03.16 23:50:14.386,1.29,1.2904,3.20,1.00
2010.03.16 23:50:14.624,1.29,1.2904,1.60,1.00
2010.03.16 23:50:16.096,1.29,1.2903,1.60,1.00
2010.03.16 23:50:29.270,1.29,1.2904,1.60,1.00
2010.03.16 23:50:51.614,1.29,1.2905,3.20,1.00
2010.03.16 23:50:52.436,1.28995,1.2904,3.20,1.00
2010.03.16 23:51:02.244,1.28995,1.2904,3.20,1.00
2010.03.16 23:51:35.229,1.2899,1.2903,4.80,1.00
2010.03.16 23:51:37.306,1.29,1.2905,1.60,1.00
2010.03.16 23:51:39.045,1.29,1.29055,5.30,1.00
2010.03.16 23:51:39.246,1.2901,1.29055,1.60,1.00
2010.03.16 23:51:39.445,1.29,1.29045,14.80,1.00
2010.03.16 23:51:39.646,1.29,1.29045,3.60,1.00
2010.03.16 23:51:41.095,1.29,1.2904,1.60,1.00
2010.03.16 23:51:41.415,1.2899,1.2904,14.00,1.00
2010.03.16 23:51:41.734,1.2899,1.2904,10.80,1.00
2010.03.16 23:51:48.231,1.28995,1.2904,4.00,1.00
2010.03.16 23:51:48.858,1.29005,1.2905,1.60,1.00
2010.03.16 23:51:49.074,1.29,1.2904,1.60,1.00
2010.03.16 23:51:49.293,1.28995,1.2905,2.80,1.00
2010.03.16 23:51:49.512,1.29,1.2905,1.60,1.00
2010.03.16 23:51:51.724,1.28985,1.2904,14.80,1.00
2010.03.16 23:51:53.522,1.28995,1.2903,3.20,1.00
2010.03.16 23:51:53.651,1.28995,1.2903,1.60,1.00
2010.03.16 23:51:54.175,1.28995,1.2904,1.60,1.00
2010.03.16 23:51:55.585,1.29,1.2906,1.00,1.00
2010.03.16 23:51:55.694,1.29,1.29045,10.40,1.00
2010.03.16 23:51:55.812,1.28995,1.29045,8.80,1.00
2010.03.16 23:51:56.031,1.28995,1.29045,7.20,1.00
2010.03.16 23:51:56.901,1.28995,1.2906,7.20,1.00
2010.03.16 23:51:57.112,1.29005,1.2906,2.40,1.00
2010.03.16 23:51:59.910,1.29,1.29045,14.00,1.00
2010.03.16 23:52:00.140,1.29,1.29045,6.00,1.00
2010.03.16 23:52:00.698,1.29,1.29055,5.20,1.00
2010.03.16 23:52:00.794,1.29005,1.29045,5.60,1.00
2010.03.16 23:52:00.869,1.29,1.29045,13.60,1.00
2010.03.16 23:52:01.210,1.29005,1.29045,3.20,1.00
2010.03.16 23:52:28.486,1.29015,1.29055,1.60,1.00
2010.03.16 23:52:28.626,1.2901,1.29055,4.00,1.00
2010.03.16 23:52:31.471,1.29015,1.29045,3.20,1.00
2010.03.16 23:52:31.803,1.29015,1.29045,1.60,1.00
2010.03.16 23:52:37.728,1.29025,1.29045,1.00,1.00
2010.03.16 23:52:37.931,1.2902,1.2907,8.40,1.00
2010.03.16 23:52:41.098,1.2902,1.29065,6.80,1.00
2010.03.16 23:52:42.297,1.29025,1.29065,2.40,1.00
2010.03.16 23:52:45.001,1.29025,1.29065,1.60,1.00
2010.03.16 23:52:45.028,1.29025,1.2906,1.60,1.00
2010.03.16 23:52:45.152,1.29015,1.2906,14.80,1.00
2010.03.16 23:52:45.425,1.29015,1.2906,6.80,1.00
2010.03.16 23:52:46.411,1.29015,1.29055,3.20,1.00
2010.03.16 23:52:51.232,1.29015,1.2906,3.20,1.00
2010.03.16 23:52:51.747,1.2901,1.29055,3.20,1.00
2010.03.16 23:52:53.479,1.2901,1.29055,7.20,1.00
2010.03.16 23:52:53.626,1.2901,1.29065,7.20,1.00
2010.03.16 23:52:53.768,1.2902,1.29065,6.00,1.00
2010.03.16 23:52:55.067,1.2904,1.29065,1.00,1.00
2010.03.16 23:52:55.509,1.2904,1.29065,1.00,1.00
2010.03.16 23:52:56.020,1.2904,1.29075,1.00,1.00
2010.03.16 23:52:57.675,1.2902,1.29075,10.00,1.00
2010.03.16 23:53:15.754,1.2903,1.2908,2.80,1.00
2010.03.16 23:53:15.919,1.29025,1.2908,14.10,1.00
2010.03.16 23:53:16.002,1.29035,1.2908,1.60,1.00
2010.03.16 23:53:16.160,1.2903,1.2908,6.80,1.00
2010.03.16 23:53:17.920,1.2903,1.29075,14.00,1.00
2010.03.16 23:53:18.050,1.29025,1.29075,15.60,1.00
2010.03.16 23:53:18.181,1.2903,1.29075,6.00,1.00
2010.03.16 23:53:23.377,1.2903,1.29075,4.80,1.00
2010.03.16 23:53:28.079,1.2904,1.2908,1.60,1.00
2010.03.16 23:53:30.028,1.2904,1.2907,1.60,1.00
2010.03.16 23:53:30.309,1.2904,1.2907,1.00,1.00
2010.03.16 23:53:31.611,1.2904,1.29065,1.00,1.00
2010.03.16 23:53:32.024,1.2903,1.29065,2.00,1.00
2010.03.16 23:53:33.746,1.2903,1.29065,3.20,1.00
2010.03.16 23:53:35.483,1.2903,1.29075,3.20,1.00
2010.03.16 23:53:35.959,1.29035,1.29075,1.60,1.00
2010.03.16 23:53:40.154,1.29035,1.2908,1.60,1.00
2010.03.16 23:53:40.284,1.29045,1.2908,1.60,1.00
2010.03.16 23:53:40.526,1.2904,1.29075,1.60,1.00
2010.03.16 23:53:40.697,1.29035,1.29075,1.60,1.00
2010.03.16 23:53:42.140,1.29035,1.2907,1.60,1.00
2010.03.16 23:53:42.540,1.2904,1.2907,1.60,1.00
2010.03.16 23:53:43.229,1.29035,1.2907,1.60,1.00
2010.03.16 23:53:44.787,1.29035,1.2907,3.20,1.00
2010.03.16 23:53:45.586,1.29035,1.2906,3.20,1.00
2010.03.16 23:53:46.545,1.2904,1.2906,1.60,1.00
2010.03.16 23:53:47.138,1.2904,1.2906,3.20,1.00
2010.03.16 23:53:47.420,1.29035,1.2906,1.60,1.00
2010.03.16 23:53:50.252,1.29035,1.2907,1.60,1.00
2010.03.16 23:53:50.372,1.29035,1.2907,3.20,1.00
2010.03.16 23:53:50.798,1.29045,1.2907,1.60,1.00
2010.03.16 23:53:50.838,1.29035,1.29065,5.60,1.00
2010.03.16 23:53:50.875,1.29035,1.29065,1.60,1.00
2010.03.16 23:53:51.261,1.2903,1.2906,1.60,1.00
2010.03.16 23:53:52.133,1.29025,1.2905,1.60,1.00
2010.03.16 23:53:52.558,1.29015,1.2905,11.20,1.00
2010.03.16 23:53:52.758,1.29015,1.2905,3.20,1.00
2010.03.16 23:53:55.813,1.29015,1.2906,3.20,1.00
2010.03.16 23:53:55.841,1.2902,1.2906,1.60,1.00
2010.03.16 23:53:56.959,1.2901,1.29055,5.60,1.00
2010.03.16 23:53:57.301,1.29005,1.29055,6.00,1.00
2010.03.16 23:53:57.982,1.2901,1.29055,1.60,1.00
2010.03.16 23:53:58.661,1.29005,1.29055,6.00,1.00
2010.03.16 23:53:59.436,1.29015,1.29055,1.60,1.00
2010.03.16 23:53:59.613,1.29015,1.29055,4.80,1.00
2010.03.16 23:53:59.986,1.29015,1.29045,1.60,1.00
2010.03.16 23:54:00.411,1.29015,1.29055,3.20,1.00
2010.03.16 23:54:00.622,1.2902,1.29055,1.60,1.00
2010.03.16 23:54:00.832,1.29025,1.29065,1.60,1.00
2010.03.16 23:54:02.130,1.2903,1.29065,1.60,1.00
2010.03.16 23:54:02.414,1.2903,1.2906,1.60,1.00
2010.03.16 23:54:02.561,1.29025,1.2906,1.60,1.00
2010.03.16 23:54:19.748,1.29025,1.29065,1.60,1.00
2010.03.16 23:54:24.208,1.29025,1.2906,1.60,1.00
2010.03.16 23:54:29.966,1.29025,1.2907,1.60,1.00
2010.03.16 23:54:30.089,1.2903,1.2907,1.60,1.00
2010.03.16 23:54:32.563,1.2903,1.2907,3.20,1.00
2010.03.16 23:54:35.990,1.2903,1.2908,3.20,1.00
2010.03.16 23:54:36.093,1.2903,1.2908,4.40,1.00
2010.03.16 23:54:36.191,1.29035,1.2908,3.20,1.00
2010.03.16 23:54:36.607,1.29035,1.2907,3.20,1.00
2010.03.16 23:54:36.627,1.29035,1.2907,1.60,1.00
2010.03.16 23:54:36.986,1.29025,1.29065,1.60,1.00
2010.03.16 23:54:38.782,1.29025,1.2907,1.60,1.00
2010.03.16 23:54:39.021,1.29035,1.2907,1.60,1.00
2010.03.16 23:54:39.263,1.29035,1.2906,1.60,1.00
2010.03.16 23:54:39.516,1.29035,1.29065,1.60,1.00
2010.03.16 23:54:40.424,1.29035,1.29065,3.20,1.00
2010.03.16 23:54:42.739,1.29035,1.29075,3.20,1.00
2010.03.16 23:54:42.962,1.29035,1.29085,3.20,1.00
2010.03.16 23:54:43.181,1.29035,1.29085,5.20,1.00
2010.03.16 23:54:43.881,1.2904,1.29075,3.20,1.00
2010.03.16 23:54:44.187,1.2903,1.29075,4.80,1.00
2010.03.16 23:54:44.395,1.2903,1.29075,3.20,1.00
2010.03.16 23:54:46.585,1.2903,1.2906,3.20,1.00
2010.03.16 23:54:46.790,1.29025,1.2906,1.60,1.00
2010.03.16 23:54:52.476,1.2903,1.2906,3.20,1.00
2010.03.16 23:54:53.337,1.29025,1.29055,3.20,1.00
2010.03.16 23:54:53.565,1.29025,1.29065,3.20,1.00
2010.03.16 23:54:56.964,1.2903,1.29065,1.60,1.00
2010.03.16 23:54:57.779,1.2902,1.29055,3.20,1.00
2010.03.16 23:55:04.373,1.2902,1.29065,3.20,1.00
2010.03.16 23:55:04.537,1.2903,1.29065,3.20,1.00
2010.03.16 23:55:06.301,1.2903,1.29065,4.40,1.00
2010.03.16 23:55:06.645,1.2903,1.29085,4.40,1.00
2010.03.16 23:55:06.918,1.2904,1.29085,5.60,1.00
2010.03.16 23:55:07.466,1.2904,1.29075,5.60,1.00
2010.03.16 23:55:07.745,1.2904,1.2907,1.60,1.00
2010.03.16 23:55:08.618,1.29035,1.2906,1.60,1.00
2010.03.16 23:55:08.916,1.2903,1.2906,3.20,1.00
2010.03.16 23:55:09.980,1.2902,1.2905,3.20,1.00
2010.03.16 23:55:10.029,1.2902,1.2906,3.20,1.00
2010.03.16 23:55:10.153,1.29025,1.2906,1.60,1.00
2010.03.16 23:55:10.233,1.29025,1.2906,3.20,1.00
2010.03.16 23:55:10.404,1.29025,1.2906,1.60,1.00
2010.03.16 23:55:10.491,1.2902,1.2906,3.20,1.00
2010.03.16 23:55:13.344,1.2902,1.29065,3.20,1.00
2010.03.16 23:55:14.876,1.2902,1.29055,3.20,1.00
2010.03.16 23:55:15.670,1.2902,1.29055,1.60,1.00
2010.03.16 23:55:15.866,1.29025,1.29055,3.20,1.00
2010.03.16 23:55:16.253,1.29025,1.2905,3.20,1.00
2010.03.16 23:55:16.785,1.2902,1.2904,1.60,1.00
2010.03.16 23:55:17.257,1.2902,1.29035,1.60,1.00
2010.03.16 23:55:17.604,1.2901,1.29035,3.20,1.00
2010.03.16 23:55:26.217,1.2901,1.29045,3.20,1.00
2010.03.16 23:55:28.521,1.2901,1.29035,3.20,1.00
2010.03.16 23:55:29.343,1.2901,1.2903,3.20,1.00
2010.03.16 23:55:29.524,1.29005,1.29035,1.60,1.00
2010.03.16 23:55:29.740,1.2901,1.29035,1.60,1.00
2010.03.16 23:55:31.983,1.29005,1.29035,1.60,1.00
2010.03.16 23:55:32.319,1.29005,1.29055,1.60,1.00
2010.03.16 23:55:32.661,1.29005,1.2905,3.20,1.00
2010.03.16 23:55:33.903,1.29005,1.29035,3.20,1.00
2010.03.16 23:55:34.138,1.29,1.29035,3.20,1.00
2010.03.16 23:55:35.708,1.29,1.29025,1.60,1.00
2010.03.16 23:55:35.781,1.28995,1.29025,3.20,1.00
2010.03.16 23:55:35.930,1.28995,1.29035,3.20,1.00
2010.03.16 23:55:36.512,1.28995,1.29025,3.20,1.00
2010.03.16 23:55:36.822,1.28995,1.2903,3.20,1.00
2010.03.16 23:55:37.132,1.28995,1.2902,3.20,1.00
2010.03.16 23:55:37.312,1.28995,1.2904,3.20,1.00
2010.03.16 23:55:37.667,1.29,1.2904,3.20,1.00
2010.03.16 23:55:37.852,1.29,1.2902,1.60,1.00
2010.03.16 23:55:38.034,1.2898,1.2903,3.20,1.00
2010.03.16 23:55:38.217,1.2899,1.2903,3.20,1.00
2010.03.16 23:55:38.845,1.2899,1.2902,3.20,1.00
2010.03.16 23:55:39.212,1.28995,1.2902,3.20,1.00
2010.03.16 23:55:39.423,1.28985,1.2901,3.20,1.00
2010.03.16 23:55:39.841,1.2898,1.29005,3.20,1.00
2010.03.16 23:55:42.212,1.2899,1.2903,1.60,1.00
2010.03.16 23:55:42.558,1.28985,1.2901,1.60,1.00
2010.03.16 23:55:43.134,1.2899,1.2903,1.60,1.00
2010.03.16 23:55:44.326,1.28995,1.29035,1.60,1.00
2010.03.16 23:55:44.567,1.29005,1.29035,1.60,1.00
2010.03.16 23:55:49.647,1.28995,1.29025,3.20,1.00
2010.03.16 23:55:50.967,1.28995,1.2903,3.20,1.00
2010.03.16 23:55:52.645,1.28995,1.2902,3.20,1.00
2010.03.16 23:55:55.342,1.28995,1.2903,3.20,1.00
2010.03.16 23:55:59.491,1.2899,1.2903,1.60,1.00
2010.03.16 23:56:01.341,1.28995,1.2903,3.20,1.00
2010.03.16 23:56:02.642,1.29,1.2903,1.60,1.00
2010.03.16 23:56:07.399,1.29005,1.2903,1.60,1.00
2010.03.16 23:56:09.455,1.29005,1.29035,1.60,1.00
2010.03.16 23:56:09.601,1.29,1.2903,3.20,1.00
2010.03.16 23:56:09.749,1.29,1.2903,1.60,1.00
2010.03.16 23:56:09.901,1.29,1.29035,1.60,1.00
2010.03.16 23:56:10.050,1.29005,1.29035,3.20,1.00
2010.03.16 23:56:10.201,1.29005,1.2904,3.20,1.00
2010.03.16 23:56:10.872,1.2901,1.2904,3.20,1.00
2010.03.16 23:56:11.431,1.2901,1.29035,3.20,1.00
2010.03.16 23:56:11.651,1.29005,1.29025,3.20,1.00
2010.03.16 23:56:11.871,1.29,1.29035,3.20,1.00
2010.03.16 23:56:12.090,1.29,1.29035,4.80,1.00
2010.03.16 23:56:13.369,1.28995,1.29025,1.60,1.00
2010.03.16 23:56:13.692,1.28985,1.29015,3.20,1.00
2010.03.16 23:56:13.988,1.28985,1.29015,1.60,1.00
2010.03.16 23:56:14.140,1.2898,1.29015,3.20,1.00
2010.03.16 23:56:15.370,1.2898,1.2902,3.20,1.00
2010.03.16 23:56:15.942,1.2899,1.2902,1.60,1.00
2010.03.16 23:56:18.318,1.28985,1.2901,1.60,1.00
2010.03.16 23:56:18.559,1.28995,1.2903,1.60,1.00
2010.03.16 23:56:19.037,1.29,1.2903,1.60,1.00
2010.03.16 23:56:19.574,1.29,1.29025,3.20,1.00
2010.03.16 23:56:20.339,1.29,1.29035,3.20,1.00
2010.03.16 23:56:20.419,1.29,1.29035,4.80,1.00
2010.03.16 23:56:20.461,1.29005,1.29035,1.60,1.00
2010.03.16 23:56:21.946,1.28995,1.29025,3.20,1.00
2010.03.16 23:56:22.847,1.28995,1.29025,3.20,1.00
2010.03.16 23:56:23.188,1.29,1.29025,1.60,1.00
2010.03.16 23:56:24.007,1.29,1.29035,4.80,1.00
2010.03.16 23:56:27.195,1.29,1.29035,3.20,1.00
2010.03.16 23:56:27.840,1.28995,1.29025,1.60,1.00
2010.03.16 23:56:28.178,1.29,1.2904,4.80,1.00
2010.03.16 23:56:28.477,1.29005,1.2904,3.20,1.00
2010.03.16 23:56:30.469,1.2901,1.2904,3.20,1.00
2010.03.16 23:56:30.677,1.2901,1.29035,3.20,1.00
2010.03.16 23:56:31.140,1.2901,1.2904,3.20,1.00
2010.03.16 23:56:31.685,1.2901,1.29035,3.20,1.20
2010.03.16 23:56:32.029,1.2899,1.29025,1.60,1.00
2010.03.16 23:56:33.914,1.29,1.2904,4.80,1.20
2010.03.16 23:56:34.095,1.29,1.29045,3.20,1.00
2010.03.16 23:56:34.745,1.29005,1.29045,1.60,1.00
2010.03.16 23:56:35.236,1.2901,1.2904,1.60,1.00
2010.03.16 23:56:38.095,1.2901,1.29035,1.60,1.00
2010.03.16 23:56:38.383,1.29005,1.29035,1.60,1.00
2010.03.16 23:56:39.225,1.29,1.29025,4.80,1.00
2010.03.16 23:56:41.232,1.29,1.29025,1.60,1.00
2010.03.16 23:56:41.674,1.29,1.29025,3.20,1.00
2010.03.16 23:56:44.191,1.29,1.29025,1.60,1.00
2010.03.16 23:56:45.612,1.28995,1.2902,1.60,1.00
2010.03.16 23:56:47.572,1.28995,1.29025,1.60,1.00
2010.03.16 23:56:48.601,1.29,1.29035,1.60,1.00
2010.03.16 23:56:51.208,1.29,1.29025,1.60,1.00
2010.03.16 23:56:51.521,1.2899,1.29025,3.20,1.00
2010.03.16 23:57:01.549,1.2899,1.29025,3.20,1.00
2010.03.16 23:57:03.470,1.28995,1.29035,3.20,1.00
2010.03.16 23:57:04.208,1.28995,1.29025,3.20,1.00
2010.03.16 23:57:06.755,1.28995,1.2902,3.20,1.00
2010.03.16 23:57:07.087,1.2899,1.2902,3.20,1.00
2010.03.16 23:57:08.116,1.28985,1.2902,3.20,1.00
2010.03.16 23:57:10.577,1.28985,1.2901,3.20,1.00
2010.03.16 23:57:18.685,1.28985,1.29035,3.20,1.20
2010.03.16 23:57:18.967,1.28995,1.2904,1.60,1.00
2010.03.16 23:57:19.563,1.29,1.29055,1.60,1.40
2010.03.16 23:57:19.758,1.29,1.29045,1.60,1.00
2010.03.16 23:57:19.948,1.29,1.29055,1.60,1.00
2010.03.16 23:57:20.134,1.29005,1.29045,1.60,1.00
2010.03.16 23:57:20.326,1.29005,1.29045,3.20,1.00
2010.03.16 23:57:21.070,1.2901,1.2905,1.60,1.00
2010.03.16 23:57:21.983,1.2901,1.2905,4.80,1.00
2010.03.16 23:57:22.665,1.29005,1.2904,3.20,1.00
2010.03.16 23:57:23.321,1.29005,1.29045,1.60,1.00
2010.03.16 23:57:35.170,1.29005,1.29035,1.60,1.00
2010.03.16 23:57:35.439,1.29005,1.29035,3.20,1.00
2010.03.16 23:57:36.172,1.29005,1.2904,1.60,1.00
2010.03.16 23:58:00.961,1.29,1.2904,4.00,1.00
2010.03.16 23:58:09.420,1.29,1.2904,1.60,1.00
2010.03.16 23:58:09.630,1.29,1.2904,3.20,1.00
2010.03.16 23:58:09.778,1.29,1.2904,1.60,1.00
2010.03.16 23:58:36.140,1.29,1.29065,1.60,1.20
2010.03.16 23:58:49.094,1.29,1.2905,3.20,1.00
2010.03.16 23:58:49.226,1.29005,1.2905,1.60,1.00
2010.03.16 23:58:50.061,1.29,1.2905,3.20,1.00
2010.03.16 23:58:50.212,1.28995,1.2904,4.80,1.00
2010.03.16 23:58:50.705,1.29,1.2905,3.20,1.00
2010.03.16 23:58:50.793,1.29005,1.2905,1.60,1.00
2010.03.16 23:58:55.833,1.29005,1.29045,1.60,1.00
2010.03.16 23:58:58.289,1.29005,1.29045,3.20,1.00
2010.03.16 23:58:58.963,1.2901,1.2904,3.20,1.00
2010.03.16 23:58:59.082,1.2901,1.2903,3.20,1.00
2010.03.16 23:58:59.199,1.29005,1.2903,1.60,1.00
2010.03.16 23:59:03.843,1.28985,1.2903,1.60,1.00
2010.03.16 23:59:07.095,1.2899,1.2903,3.20,1.00
2010.03.16 23:59:41.665,1.2899,1.2904,3.20,1.00
2010.03.16 23:59:41.758,1.2899,1.2904,7.20,1.00
2010.03.16 23:59:41.799,1.28995,1.2904,1.60,1.00
2010.03.16 23:59:42.257,1.29,1.2904,1.60,1.00
2010.03.16 23:59:58.815,1.29,1.29045,1.60,1.00
2010.03.16 23:59:58.985,1.29005,1.29045,1.60,1.00
